2.18985 -1.58844 1.24512 -0.208252 1.32489 -0.83002 0.108437 -0.755854 0.316297 0.513924 0.0601821 -0.0510013 
2.53028 -1.54736 1.02174 -0.830689 1.13712 -0.647925 0.72812 -0.347528 0.853532 0.862727 0.162002 -0.0199301 
1.96097 -1.52992 1.59117 -0.595429 0.920114 -0.537887 0.0754238 -0.112665 0.163758 0.563905 0.172848 -0.0918473 
1.92955 -1.30015 1.32162 -0.502922 1.0837 -0.0531475 0.361732 -0.433769 0.629327 0.892655 0.218216 -0.000816392 
1.83744 -1.59244 1.4842 -0.966273 0.970156 -0.666638 -0.716298 -0.477297 0.767444 0.421132 -0.0305629 0.0180116 
2.07904 -1.89597 1.25296 0.130689 1.92702 -0.855099 0.619023 -0.315306 0.322758 0.571951 0.0222247 0.0195368 
1.87182 -1.08311 0.701839 0.0401776 1.57075 -0.835216 0.548324 -0.694557 0.0899164 0.771954 0.0253657 -0.0877093 
2.2315 -1.62819 1.51815 -0.136698 1.50005 -1.10984 0.557434 -0.812786 0.452232 0.570449 0.181465 0.0285743 
2.09161 -1.60224 1.03663 -0.122278 1.55426 -0.518446 -0.173436 -0.348426 0.911075 0.686803 0.175203 -0.0127536 
1.9709 -1.62578 1.44487 -0.00172769 1.60372 -0.661603 0.316977 -0.635541 0.47517 0.799357 -0.100108 0.00673841 
1.7887 -1.16497 1.53486 0.0770338 1.79819 -0.586716 0.41884 -0.349678 0.641778 0.567838 -0.0406215 0.00670451 
1.86763 -1.36868 1.60425 0.34681 1.54834 -0.017139 0.827457 -0.567516 1.04835 0.601249 0.2006 0.00199855 
2.08764 -1.66223 1.49062 -0.27757 1.61457 -0.715008 0.834192 -0.562839 0.101258 0.789605 -0.00998214 0.00152227 
2.04534 -1.38748 1.67621 -0.188014 1.98271 -0.888493 0.469015 -0.26578 0.216496 0.625501 -0.0304766 -0.10965 
1.92125 -1.10496 1.48733 0.899017 1.57559 -0.18184 0.75205 -0.827754 0.310915 0.285947 0.137429 -0.120005 
1.68212 -0.648537 1.25839 0.742682 1.23021 -0.546391 0.274453 -0.959702 0.454335 0.783765 0.236068 -0.0841485 
2.08898 -1.24801 1.25447 -0.789095 1.98783 -1.31525 -0.222938 -0.913692 0.290245 0.904706 -0.0991436 -0.00484435 
1.89399 -1.35892 1.40323 -0.0783935 2.14332 -0.0228972 -0.202011 -0.656557 0.652274 0.278035 0.0408266 -0.00181313 
1.83566 -0.982214 0.993461 -0.184713 2.17764 -0.361155 -0.00329634 -0.439148 0.497002 0.753631 0.15813 -0.00873547 
1.76624 -1.33824 1.19137 0.376446 2.08974 -1.32332 0.516765 -0.336164 0.0908085 0.618653 0.103667 -0.0528014 
1.99559 -1.71395 1.87364 -0.177308 1.91477 -0.585734 0.148773 -0.653482 0.484952 0.654772 -0.049225 -0.00628637 
1.59696 -1.4707 1.22604 0.226567 1.09205 -0.992025 0.0665947 -0.683163 0.477629 0.573417 0.193297 -0.0917961 
1.6302 -1.43871 1.69873 0.087827 2.22922 -0.6499 -0.0356596 -0.33555 0.0146767 0.256349 0.0720993 -0.0852981 
1.79001 -1.08831 1.37057 -0.499509 1.80868 -1.10959 -0.306033 -0.529395 0.833676 0.876255 0.281442 -0.0505203 
1.63368 -1.2833 0.707119 -0.307309 2.21321 -0.0464764 0.215717 -0.567055 0.136594 0.665251 0.0245446 -0.0447386 
1.8383 -1.3312 1.13051 0.940097 1.49029 -0.225631 0.345233 -0.196976 0.822631 0.294545 0.251829 -0.0367902 
1.79433 -1.52494 0.699695 -0.637724 2.1013 0.15838 0.652634 -0.952939 0.155812 0.656208 -0.138877 -0.0578117 
1.60829 -1.17662 1.19581 0.106208 1.43928 -0.176873 -0.00230493 -0.83869 0.530892 0.885948 0.141776 -0.0994889 
1.9716 -1.46475 1.08941 -0.323818 1.39529 -0.870479 -0.142146 -1.55107 0.340604 0.620397 0.190479 0.0391102 
2.15064 -1.73677 -1.25804 1.27651 2.90108 -1.22595 0.87249 0.0154911 -0.717103 0.120588 -0.188196 -0.130276 
2.13595 -0.521704 -1.09692 1.99922 0.508242 -0.929693 3.56459 0.891179 -0.100051 -1.08551 0.0146345 -0.170659 
1.01416 -1.4293 0.264728 0.631659 1.14217 0.0961503 2.58234 1.14172 -0.18197 -1.2316 -0.11192 -0.0592341 
1.12934 -1.90522 -0.963344 -0.296008 1.1976 0.53437 2.24049 0.288272 0.446619 -1.41915 -0.0911221 0.106801 
1.49305 -1.25862 -0.0199304 0.121984 1.45367 1.8567 3.49468 -0.297729 -0.161839 -1.20757 0.435864 0.0259651 
2.43363 1.50466 0.905863 2.19548 2.65495 1.07266 3.27678 0.297304 0.421564 -0.466651 0.554582 0.11577 
3.10711 0.797806 0.304452 2.00396 2.41597 0.690173 3.60977 0.797441 0.0857043 -0.794969 0.229748 0.153565 
3.01412 1.01987 0.273344 2.07037 2.22825 1.0483 3.63412 0.908217 0.101637 -0.782299 0.214522 0.121989 
3.76856 1.32428 0.298404 1.8834 3.17456 1.52933 2.40926 1.86612 0.554553 -0.225729 0.108106 0.142833 
3.75181 -0.272661 0.648537 3.4871 2.81851 -0.425971 3.94354 1.72762 1.03105 -0.382651 -0.223648 0.137137 
4.44506 -0.104281 -0.0932356 3.50725 3.5319 0.391105 3.91503 1.89449 0.081501 -0.678153 0.074441 0.247949 
4.99308 -0.734433 -0.631678 4.67873 3.85998 -0.262973 4.60661 1.13861 0.373596 -0.95929 0.256365 0.226906 
3.19629 0.300611 0.631606 3.17609 2.64545 1.3691 2.68713 1.64551 -0.305234 -0.5422 0.123423 0.181736 
2.98776 1.05199 0.983236 2.64547 2.42337 1.6189 2.1989 1.32481 -0.149862 -0.467172 0.37029 0.132565 
4.41566 -0.266694 0.246802 5.51895 4.15874 0.266643 4.8929 1.00215 0.201625 -0.906123 0.360387 0.25266 
3.13823 1.216 1.25651 2.99554 2.72055 1.96204 2.52091 1.32732 0.0384861 -0.400316 0.258862 0.152519 
3.20916 1.38431 1.29739 2.47627 2.45157 1.92231 2.23003 1.52706 -0.125521 -0.417742 0.331211 0.137181 
3.58263 0.422586 0.968786 3.65258 3.48744 1.35499 3.18385 2.08143 -0.309608 -0.51697 0.136144 0.258939 
3.33622 0.745515 1.12895 3.18074 2.71165 2.07546 2.80518 1.576 -0.173687 -0.582168 0.334899 0.217076 
3.13931 1.34184 1.75034 3.03396 2.88304 2.38825 3.12503 1.27985 -0.437181 -0.535121 0.432077 0.193826 
3.69892 0.941369 1.26247 3.70132 3.25929 2.0723 3.17895 1.6614 -0.557668 -0.651486 0.307381 0.248464 
3.46999 1.1777 1.51379 3.657 3.51563 2.01609 2.7764 1.72405 -0.173592 -0.774718 0.248509 0.239219 
3.35359 1.73985 1.56791 2.62459 2.48834 1.50313 2.04504 1.53035 0.0169832 -0.437653 0.3151 0.114931 
2.86988 1.72644 1.68523 2.46384 2.0647 1.22459 1.3494 1.12787 0.221595 -0.160475 0.274902 0.0525889 
2.85661 1.79977 1.90252 2.45346 2.17612 1.42223 1.52866 1.21416 0.390822 0.0417262 0.261724 0.0600562 
3.18007 1.1251 1.5724 4.06091 3.42313 2.00987 3.67648 1.36356 -0.150689 -0.54429 0.404761 0.25802 
3.48596 1.09824 1.59662 3.80745 3.54384 2.0472 3.61567 1.51766 -0.609659 -0.484254 0.493358 0.269818 
3.53378 0.57935 1.50041 4.41399 4.04495 1.64071 3.79312 1.33746 -0.418435 -0.454087 0.408984 0.299828 
3.54209 0.0751902 0.759101 4.72622 3.40458 1.30801 4.21497 1.24527 -0.536202 -0.529021 0.497749 0.282386 
3.90794 -0.98947 0.562543 4.69534 3.72489 0.845229 4.03692 1.50977 -0.607428 -0.554709 0.483172 0.320284 
3.40369 -0.0617753 0.621639 5.91841 4.14363 0.754468 4.71463 1.09031 -0.412311 -0.504715 0.649861 0.33445 
3.77856 0.734587 0.0685932 4.73466 4.2563 1.16778 4.3844 0.775853 -0.332625 -0.355238 0.519287 0.294318 
3.20473 1.07054 1.49786 3.38415 2.87975 1.40492 3.77643 0.699626 -0.426944 -0.233427 0.858353 0.215018 
3.0377 1.9956 1.59928 3.00568 2.87616 2.11505 2.14006 0.282265 0.0721923 0.251048 0.776907 0.122058 
3.27606 2.40043 2.95301 3.70109 3.18848 2.34785 2.20122 0.778259 0.651585 0.61459 0.354716 0.0930305 
3.47815 1.94416 2.31297 2.86765 2.73629 2.25158 1.42829 0.31048 -0.0926352 0.843278 0.356969 0.0441035 
2.75064 0.865983 2.7651 2.94641 2.3783 0.933408 1.93699 0.650053 -0.109601 0.895016 0.832389 0.0124315 
2.64507 0.960247 2.34443 2.47773 2.36754 1.18011 1.58124 0.58992 0.660215 1.16427 0.558992 0.0162396 
2.50727 1.24182 2.61255 2.55864 1.77464 1.54501 1.42479 0.240232 0.628561 1.0607 0.608834 0.0038385 
2.56504 0.627207 2.39049 1.86978 2.61057 1.24576 0.873306 0.40787 1.11413 1.03005 0.412935 -5.1127e-005 
2.52056 -0.470197 2.17584 1.80026 2.1702 0.369581 1.21227 0.0834211 0.768033 1.04895 0.340922 -0.0544413 
1.88292 -0.997126 1.98457 1.05773 2.05539 -0.00852002 0.923842 -0.144309 0.73666 0.936383 0.526971 -0.0691811 
1.89102 -0.927275 2.16102 1.25196 2.05068 0.31145 0.538362 0.00618756 0.988991 1.03174 0.503849 -0.132665 
1.60859 -1.21074 1.101 0.455544 1.53161 0.395837 0.372355 -0.225706 1.18333 0.797675 0.0800959 -0.126222 
1.80546 -1.36515 1.64155 -0.178855 2.29805 -0.939209 0.179038 -0.935236 0.671913 1.10769 -0.145548 0.045745 
1.40033 -1.22799 1.05218 0.473398 1.4848 -0.483849 0.237456 -0.544228 0.715179 0.661875 0.152641 -0.0257931 
1.9055 -1.23257 1.161 0.15965 1.77164 -0.561872 0.0350466 -0.45061 0.539025 1.01097 0.24648 -0.040272 
1.66766 -1.30035 1.24934 -0.0311041 1.68567 -0.257521 0.230614 -0.406113 0.406545 0.70646 0.0637789 -0.105672 
1.57424 -1.05827 1.45484 0.409233 1.50921 -0.56794 0.0530916 -0.39433 0.603306 1.20369 0.348995 -0.0520381 
1.77894 -1.12299 1.26662 -0.537345 1.49819 -0.938142 0.00185098 -0.933799 0.578468 0.747079 0.387542 0.0192918 
1.66511 -1.21951 1.41307 0.383241 1.65971 -0.142559 0.522618 -0.484718 0.489075 0.83449 0.15909 -0.0859352 
1.69592 -1.63151 1.12215 0.00561688 1.93412 -0.550075 0.429279 -0.364028 0.458387 0.495373 0.0657513 -0.079036 
1.73012 -1.20853 1.00395 0.197065 1.61006 -0.422974 -0.702238 -0.65353 0.909784 0.438861 0.10567 -0.0131413 
1.46975 -1.82649 1.04012 -0.416236 1.37415 -1.03343 0.464375 -0.767135 0.327748 0.717527 0.0632742 -0.0588279 
1.5913 -1.18488 1.08682 0.328558 1.69275 -0.090938 0.22262 -0.839821 0.565137 0.315901 -0.0195229 -0.0868072 
1.52078 -1.39702 1.11608 0.281282 1.41717 -0.222374 -0.24819 -0.803264 0.612083 0.308311 -0.00565255 -0.0388411 
