1.77658 -1.43828 1.04615 0.499072 1.84742 -0.373484 0.758534 -0.427309 0.639166 0.858792 0.313028 -0.0601905 
1.71692 -1.49385 1.36886 0.429838 1.76523 -0.476681 -0.201486 -0.883369 0.483621 0.49754 0.156544 -0.00466518 
1.84444 -1.00559 0.942212 0.175026 1.64924 -0.413489 -0.152915 -0.835487 0.9513 0.864505 0.326636 -0.0166097 
1.69504 -0.937371 0.136934 0.103485 2.16872 0.085563 0.454779 0.014368 1.00484 0.826542 0.138091 -0.125048 
1.81785 -1.34861 1.54273 -0.09053 1.92563 -0.686801 0.0193435 -0.926833 0.676313 0.749921 0.125545 -0.111808 
1.85298 -1.79713 1.35593 -0.009092 2.05397 -0.397701 0.818365 -0.758183 0.339366 0.991186 0.0866072 -0.0626287 
1.72499 -1.23646 1.12711 0.283827 1.21135 -0.150799 0.225313 -1.60846 0.954303 0.923526 0.0704909 -0.0195548 
1.84742 -1.58676 1.11568 0.14386 1.52912 -0.486934 0.539909 -0.394749 0.788664 0.578705 0.149176 -0.0321719 
1.48663 -1.9182 0.580593 0.939182 2.5465 -0.420038 0.979931 -0.311811 0.757451 0.0430946 -0.0158935 -0.00179622 
0.748558 -1.77232 -1.1325 2.98717 0.999522 -1.17831 0.100777 1.61486 0.288791 -0.380729 -0.25586 0.0421019 
1.4285 -2.32126 -0.252547 3.35262 0.419444 -1.10083 -0.407959 2.3756 0.113234 -0.498847 -0.206876 0.104174 
-0.489387 0.596784 -1.95128 1.07457 3.20023 -4.40369 2.59219 -0.368564 1.08206 -0.223104 -0.079778 0.159762 
0.730397 0.109515 -0.924177 0.469742 2.28654 -2.17986 1.98117 -0.838927 0.76935 0.228061 -0.156828 -0.0533176 
1.40124 -1.2948 1.02778 0.00657478 2.41885 -1.41555 1.07263 -0.809822 0.63661 0.457006 0.0399411 -0.0374484 
0.712731 -0.63188 0.12134 1.12202 2.40856 -2.17139 0.676792 -0.589535 0.794518 0.418895 -0.152944 0.262355 
-1.78458 1.60124 1.45461 1.38213 2.69228 -1.06388 2.61067 -0.665104 3.00401 0.472544 -0.703321 0.161434 
0.563842 0.0033772 0.815555 2.82052 3.3353 -0.497493 0.934564 -0.196086 1.20297 0.326294 -0.0870767 0.116824 
1.4973 -0.862858 0.495512 1.30897 2.83628 -1.60367 0.520145 -0.773883 1.10788 0.489042 0.14556 0.0595482 
1.88091 -0.910117 0.965237 0.586073 1.88865 -0.859853 0.237377 -0.116639 0.761615 0.99162 0.251599 -0.050082 
2.29101 -1.03079 1.42365 0.353188 1.3211 0.0888723 0.162655 -0.206818 1.33887 1.22072 0.391877 -0.0791623 
2.3462 -1.08733 1.52363 0.3306 2.01466 -0.362757 -0.0165356 0.153147 0.6894 1.00429 0.311551 -0.0775185 
2.14942 -1.61579 1.57567 0.17029 1.90597 -0.126811 0.136045 -0.108073 0.863673 1.13603 0.326582 -0.00895248 
2.28008 -1.51065 1.18002 0.092471 1.9827 0.245375 0.228233 -0.556247 0.894537 1.14069 0.0363143 -0.022053 
2.15121 -0.988126 1.56038 0.616504 1.89744 0.0982242 0.189008 -0.644704 0.439735 1.2851 0.310711 -0.0785293 
2.09175 -1.33641 1.43081 0.23671 2.39308 0.143614 -0.551652 -0.784492 0.735083 0.591019 0.0538152 0.0176234 
2.12899 -1.36319 1.33241 -0.0444307 2.23611 -0.265564 0.11826 -0.638639 0.555724 1.1979 0.114396 -0.0513846 
1.67755 -1.04479 0.747199 0.297835 1.41638 -0.0191924 0.0546317 -0.276191 0.570572 0.911278 0.374346 -0.0480915 
2.01743 -1.43237 0.848907 0.310651 1.49108 -0.360394 0.710186 -0.521908 0.084528 0.767848 0.0802164 -0.0333227 
1.68148 -1.49433 0.651785 0.29842 2.1618 -0.452549 0.461075 -0.775859 0.454526 0.646487 0.127667 -0.0631232 
2.07668 -1.73971 1.26313 -0.0399853 2.01331 -0.493816 0.390108 -0.534401 0.855032 0.688115 0.195048 0.0503869 
1.74842 -1.13318 0.860848 -0.271739 1.44614 -0.161691 0.326438 -0.709828 0.83332 1.03966 -0.00932794 -0.144049 
1.80493 -1.34205 1.47343 0.500584 1.25757 0.35856 -0.280746 -0.837128 1.18934 0.483659 0.280582 -0.0365954 
1.90953 -1.48472 1.51483 0.255214 2.32445 0.474501 0.0102484 -1.00181 0.692081 0.68869 0.0269645 -0.0141253 
1.75438 -0.992692 0.581103 -0.177004 1.6156 -1.19846 0.201287 -0.656542 0.617274 0.906167 0.198811 -0.0615443 
2.14003 -1.53987 1.1713 0.0442652 1.96505 -0.208551 0.836301 -0.421571 0.626106 0.54477 -0.00838897 -0.00444468 
2.09641 -1.49447 0.586291 -0.455445 1.71857 -0.574164 0.231889 -0.880953 0.992368 0.62887 -0.024631 -0.05021 
1.96098 -1.53285 1.35523 0.427124 2.16565 -0.0419953 0.581785 -0.450128 0.641242 0.833362 0.0583034 -0.0621322 
1.80886 -1.5818 1.86612 0.144977 1.62402 -0.499868 0.240163 -1.21607 0.6384 0.813928 0.1251 -0.059584 
2.01418 -1.50621 1.12467 0.0392083 1.83332 -0.814583 0.0922961 -0.551598 0.780493 0.925042 0.121379 -0.0292437 
2.02115 -1.55993 1.59159 0.0606406 1.80792 -1.10576 -0.263511 -0.779198 0.433191 0.858 0.124177 -0.042537 
1.91823 -1.27242 1.04181 -0.390204 1.95473 -1.0277 -0.608486 -0.729224 0.420667 0.696319 0.167626 -0.0574462 
1.73061 -1.53827 1.15899 0.311008 1.57108 0.516193 0.606443 -0.777622 0.396447 0.799759 -0.213028 -0.0752157 
2.07434 -1.49247 0.935265 -0.345162 1.95951 0.0311619 0.136255 -0.590231 0.810973 0.500771 -0.0145617 -0.0324707 
1.61416 -1.2912 0.87217 0.182208 1.10875 -0.265819 0.947044 -0.932484 0.715936 0.541064 0.22302 0.0339823 
1.94057 -1.21845 0.989691 0.110292 1.27638 -1.01848 -0.0587235 -1.12929 0.395877 1.24381 0.212003 -0.0818969 
1.97861 -1.02537 1.04504 0.447715 2.126 -0.456737 0.180991 -0.154767 1.02683 0.818609 0.319123 -0.000907444 
1.79268 -1.16266 1.89542 0.587328 2.02051 -0.658471 0.179893 -0.86708 0.734665 1.02514 0.198509 -0.0423794 
1.88336 -1.40345 1.18543 0.172579 2.67698 0.4895 0.540022 -0.635273 0.922411 0.679283 0.200928 0.0215638 
2.13483 -1.24964 1.05073 0.446588 1.44354 -1.22815 0.418473 -0.568954 0.530297 0.846862 0.215619 -0.0545097 
1.83655 -1.44197 1.44565 -0.357726 1.95907 -0.220889 0.114579 -0.419124 0.495162 0.395311 0.0853452 -0.0709607 
1.87753 -1.13715 0.893387 0.481308 0.928036 0.138336 0.802488 -0.835511 1.0742 0.749316 0.197664 -0.026175 
1.86209 -1.6019 1.90488 0.316184 1.76296 -0.226824 0.0727083 -0.806185 0.857807 0.466101 -0.00463587 -0.0211828 
1.75167 -1.29125 0.877763 0.118869 1.93524 -0.105766 0.148685 -0.69992 0.619251 0.318856 0.101089 -0.106853 
1.65695 -1.30167 1.48258 0.286623 1.68702 -0.876096 0.208117 -1.10646 0.373739 0.344971 0.398034 0.0595906 
1.75596 -1.14603 1.27482 0.616614 1.54812 0.0594799 0.47282 -1.45073 0.670705 0.777215 0.0143168 -0.0953977 
1.83914 -1.64752 0.787909 -0.089496 1.95243 -0.581879 0.360499 -0.701482 0.322464 1.00471 0.159063 -0.0402918 
1.9496 -1.23028 1.2303 0.338921 1.8061 -0.623416 0.703294 -0.846811 0.566458 1.14313 0.163716 -0.0737706 
2.02334 -1.40988 1.20135 0.244499 2.10789 -0.904167 0.504282 -0.421779 -0.0617614 0.743955 0.242618 -0.0314381 
2.13337 -2.35368 1.67475 -0.264821 1.63033 -0.772828 -0.250588 -1.32284 -0.191176 0.637465 -0.16021 -0.136989 
2.38466 -2.89195 0.10819 0.60312 0.510074 -1.94712 2.67939 1.64502 0.0151925 -0.502513 -0.299672 -0.0515158 
1.34059 -1.46237 1.10536 -0.020717 1.11319 0.504022 2.38486 1.09972 0.408927 -0.946883 -0.413111 -0.124195 
2.13002 -0.84562 -0.142578 0.942286 1.81642 0.489047 2.9126 1.50034 1.14632 -1.11227 0.0109058 0.0691535 
2.8207 1.21004 1.548 1.86913 2.19144 1.07258 2.92406 2.04331 0.975624 -0.909581 0.150241 0.141933 
3.64358 1.27945 1.10672 2.62888 2.97634 1.91119 2.86885 0.935401 0.740845 -0.149163 0.0877285 0.121599 
3.26058 1.38293 1.0059 2.64171 3.29674 1.8579 1.3061 0.928528 1.3349 0.496269 0.300165 0.0756906 
2.70245 1.14871 1.7109 2.91364 2.70256 1.89449 1.80104 0.590351 1.51302 0.094866 0.396881 0.104342 
2.07805 -0.137082 1.46232 1.8443 3.41252 0.366789 2.15254 1.27177 2.20324 0.384838 -0.0438797 0.0574962 
3.84253 -0.0269493 -0.152037 3.38903 2.59586 0.489265 3.12794 2.21599 0.699972 -0.532072 -0.0184791 0.149352 
3.55199 -0.764182 -0.13782 3.74711 3.1213 0.375195 3.355 1.95897 -0.0582594 -0.657698 0.0282141 0.207994 
3.60449 -0.651954 -0.214481 4.38943 3.74385 0.336413 3.31244 1.79365 -0.314482 -0.563665 0.077068 0.250709 
4.08345 -1.30757 -0.542069 5.52419 3.70786 -0.183644 3.61015 1.94623 0.159816 -0.957707 0.125952 0.246608 
3.61841 -0.486813 -0.0418306 4.53431 3.39845 0.417232 2.76932 1.78714 -0.133271 -0.511364 0.114656 0.21771 
3.44948 0.0681579 0.683307 3.90616 2.7949 0.799176 2.43012 1.87623 -0.0045924 -0.345944 0.105583 0.174669 
4.14919 -0.502861 -0.455261 4.79719 4.17749 0.60902 3.19305 1.93345 0.00771063 -0.482672 0.130508 0.260736 
2.82584 -0.478388 0.657682 4.17297 3.41555 1.68118 2.28541 1.54302 0.0753627 -0.228129 0.240014 0.242142 
3.18989 0.0850372 0.942911 3.71708 2.67879 1.30348 2.44062 1.65746 -0.144761 -0.461792 0.146821 0.187712 
3.32876 0.230993 0.772027 3.70026 3.16342 1.26173 2.34988 1.59847 -0.364154 -0.437678 0.215475 0.203332 
3.55913 -0.336145 0.694324 5.07868 3.6936 0.564894 3.19209 1.76293 -0.485833 -0.402446 0.194341 0.242618 
2.81329 0.219429 1.27465 3.88699 2.81895 1.14266 2.17203 1.50068 -0.0461536 -0.223654 0.200393 0.167374 
3.25067 0.856455 1.19503 3.11447 2.65704 0.784128 1.7319 1.62622 0.270003 -0.407176 0.154751 0.139548 
3.14441 0.939947 1.35851 3.42502 2.56631 0.772286 2.01615 1.64662 0.180684 -0.332958 0.303896 0.15407 
3.43342 0.463375 1.00538 4.7432 3.58129 1.17237 2.47789 1.52915 0.021579 -0.336431 0.302936 0.231279 
3.11576 0.230647 1.3343 4.39996 3.40361 1.4377 2.20889 1.62106 -0.0497726 -0.273053 0.247148 0.221601 
3.01203 0.778162 1.50445 3.61449 2.49477 0.831933 1.51404 1.62503 0.156327 -0.288792 0.324548 0.138853 
2.92664 0.927413 1.57514 3.43644 2.62829 1.06101 1.52047 1.68226 0.19798 -0.319539 0.313269 0.145258 
