1.28722 0.0545435 0.375409 -0.0199865 1.32453 -0.745604 1.35611 -0.381904 0.858105 0.0352329 0.0165601 -0.0666295 
-1.78921 3.00634 -2.25599 0.0285249 2.03091 -1.79199 3.61531 -1.76123 1.44124 0.028123 0.206298 0.034227 
0.148618 1.10246 -0.682591 -0.298922 1.50649 -1.61426 2.06867 -1.30204 0.478489 -0.100551 0.424193 -0.0111013 
1.97158 -1.10677 1.38631 -0.481947 1.16307 -0.90009 0.620409 0.0246535 0.334884 0.580686 0.171463 -0.0703617 
2.40473 -1.0134 1.22987 -0.465084 1.90162 0.349701 0.158468 0.249918 0.531705 0.461293 -0.0559239 -0.0882262 
2.24604 -1.16019 1.64584 -0.810203 1.38474 -0.698023 0.9361 -0.471653 0.086462 0.672696 0.162887 0.0476193 
2.39283 -1.26369 1.39066 -0.701643 1.37108 -0.674216 1.13748 -0.271949 0.211824 0.593804 0.0631624 -0.0194785 
2.0442 -0.683676 1.47625 0.123459 0.239039 -0.225701 0.837552 0.224768 0.780347 0.00810224 0.125201 0.0312144 
2.00274 -0.734171 1.89495 -0.340279 0.936612 -0.602426 -0.65025 -0.0945068 0.391415 0.554824 0.243392 0.0241864 
2.20127 -0.976489 1.6465 0.160393 0.840511 0.417923 0.144215 0.0938818 0.334165 0.163535 -0.00237937 -0.0461676 
2.05265 -0.736948 1.22319 0.225226 0.937129 0.438696 1.03277 -0.326495 0.448512 0.317508 0.538717 0.030699 
2.15054 -1.06031 1.87805 0.086696 0.988379 -0.379759 0.156626 0.0589121 0.265805 0.116065 0.384905 0.0368192 
2.03981 -0.810856 1.59303 0.132935 2.24326 -0.632154 0.834417 0.445608 0.382338 0.348827 0.174898 0.00648408 
2.22298 -0.822507 1.32794 0.0590188 1.15367 -0.114225 0.396879 -0.596619 0.269788 0.180896 0.0823247 -0.0101438 
1.90691 -1.12888 1.34659 0.0181372 1.88598 -0.588226 0.244558 0.284238 0.510454 0.0722092 0.404579 0.0116439 
1.86067 -0.827785 1.50415 -0.069517 1.28961 -1.50168 0.212723 0.0186405 0.0283519 0.700551 0.246434 -0.0328233 
2.0595 -0.915687 1.33138 -0.43724 1.05107 -0.477982 0.24576 -0.32324 0.387215 0.182773 0.293599 -0.0140447 
1.95153 -1.13003 0.960097 0.361052 1.09847 -0.523199 0.669846 -0.398881 0.473685 0.056777 0.374561 0.0584368 
1.64837 -0.895474 1.36882 0.073284 0.8077 0.584256 1.02985 -0.766042 0.457534 0.176907 0.0518759 -0.0791671 
1.8934 -0.816946 1.51461 -0.267845 1.45047 0.00533271 0.296366 -0.153061 0.550255 0.191918 0.291793 -0.0134164 
1.55653 -1.06252 1.81046 -0.342657 1.34012 0.477992 0.249895 0.410152 0.315979 0.0186392 0.472019 0.0176376 
1.84262 -0.987897 1.13521 -0.170579 1.50528 -0.258685 0.473968 -0.342628 0.242226 0.111721 0.365272 0.012909 
1.91351 -0.354 1.07898 0.235162 0.881086 -0.0981529 1.24935 -0.638535 0.510966 0.259238 0.203396 -0.0204321 
1.95861 -0.152011 1.59478 0.966558 0.997666 0.438913 0.68235 0.0902383 0.541192 0.112545 0.139037 -0.00946218 
1.98127 -1.00747 1.21477 -0.420996 1.20501 -0.701318 0.282262 -0.184458 0.418788 0.426909 0.253109 0.0465599 
2.05625 -0.350709 1.74308 0.00314253 0.901551 -0.0892486 0.620607 -0.313016 0.637139 0.0861878 0.26283 0.0689381 
2.04705 -0.383739 1.72088 0.195643 1.30918 -0.619326 0.612896 -0.163329 0.231744 0.394975 0.187158 0.0330714 
1.97251 -0.592652 1.62926 0.530082 2.16401 0.750525 1.11586 -0.371139 0.328527 0.456629 0.608696 0.045045 
1.7522 -0.425762 0.996054 0.56631 0.655997 -0.200093 0.647043 -0.632852 0.703455 0.225285 0.309223 0.0113839 
2.35262 -0.554193 1.33836 1.02401 1.19967 -0.706625 0.115797 -0.661028 0.178337 -0.146434 0.365843 0.0479903 
1.60656 -0.662486 1.68363 0.0895695 0.383865 -0.667004 0.895524 -0.619147 0.102477 0.52895 0.265326 -0.0612687 
2.01443 -1.10669 1.59375 0.437891 0.192721 -0.577625 0.472976 -0.187333 0.225121 0.371086 0.404336 0.0581709 
1.89481 -0.813877 0.739052 0.306407 2.00377 -0.309968 0.459451 -0.655191 0.52198 0.433561 0.167227 0.0508203 
2.1292 -1.19504 0.842727 -0.227641 1.38789 -0.261377 0.411381 -0.376944 0.0477148 0.144154 0.368702 0.0751032 
2.00763 -0.354365 1.54016 1.06757 1.03913 -0.456732 0.334679 -0.260623 0.453869 0.213343 0.542398 0.0446228 
1.65694 -1.07037 1.23815 -0.0066794 1.34684 -0.325927 0.142967 -1.05607 0.216113 0.21289 0.313664 0.0644987 
1.88967 -0.498293 1.57846 -0.0806167 1.17295 -0.289969 0.232462 -0.668383 0.534121 0.619945 0.236115 -0.00192285 
1.69821 -0.83247 1.38396 0.57583 1.73118 -0.213637 0.812426 -0.35675 0.487397 0.166242 0.463907 0.0348099 
1.23334 -2.59738 -1.02922 0.518894 1.29116 -1.61542 0.961267 0.271507 -0.308427 -0.532976 0.118848 -0.0475342 
1.25868 -1.88069 0.733332 -0.134521 1.04908 0.0209565 2.86078 1.47847 -0.627006 -0.647013 -0.155513 -0.154602 
1.47933 -1.50043 -0.383818 -1.29866 0.844742 1.17562 2.24858 0.443523 -0.130609 -0.840849 -0.23056 -0.0919195 
1.24787 -1.8507 -0.203258 -0.367445 1.18939 0.793988 3.30617 0.236391 -0.55683 -0.779009 -0.187127 -0.105098 
1.52247 -1.42131 0.294441 -0.330682 1.09489 1.03345 4.02824 -0.00658913 -0.378103 -0.798112 -0.107721 -0.0835997 
2.84703 1.29018 1.3168 2.03967 2.12695 1.17151 4.55755 0.294206 0.215218 -0.403492 0.144102 0.103437 
3.35764 1.42507 0.226405 0.584158 3.98736 1.4406 3.48898 0.241001 1.13007 0.297102 -0.00464459 0.135516 
1.3161 -0.402804 1.44653 2.15653 6.157 0.743932 1.28188 0.577071 1.76189 0.672725 0.445033 0.0431145 
2.22741 -1.44232 0.697459 1.47207 2.64062 1.03792 2.52023 2.31903 1.44655 -0.374895 0.0359571 0.00398283 
3.93371 -0.130193 -1.05373 3.03377 3.97214 0.156057 3.80722 1.83305 0.0745694 -0.511186 -0.0271972 0.25306 
4.82272 -1.11667 -1.55083 2.86394 5.26274 -0.100369 4.32168 1.2622 0.0912149 -0.421675 -0.0284236 0.323768 
4.52828 -1.0052 -1.23422 2.81508 4.68021 0.238102 4.03044 1.2638 -0.0435011 -0.350509 0.0648425 0.265975 
3.45346 0.467784 0.0543966 2.27706 3.09527 2.19234 2.34072 1.45898 0.0452809 -0.360499 0.11406 0.169154 
3.7716 0.611394 -0.153361 2.52646 3.64374 1.95278 2.32173 1.41966 -0.15927 -0.220995 0.131392 0.18893 
3.90473 0.0988992 -0.639802 3.07257 4.31432 1.47845 2.63364 1.56035 0.0175417 -0.193788 -0.0122943 0.212373 
3.53076 0.403007 0.220588 3.04865 3.70293 2.19707 2.2287 1.59183 -0.0802271 -0.235791 0.123314 0.208475 
4.52645 -0.0367677 -0.567043 4.07275 4.9464 1.44428 2.19122 1.86588 -0.25199 -0.049267 0.079094 0.238453 
3.90886 0.630501 0.34823 3.39776 4.40673 1.98258 1.97357 1.44593 0.057629 -0.117895 0.150746 0.215776 
4.08299 0.45694 -0.193792 3.46021 4.64564 1.9191 2.32942 1.15207 0.0951701 -0.098186 0.142159 0.22262 
4.14081 0.249599 -0.32774 4.22894 5.15624 0.89127 3.34698 1.6577 -0.220187 -0.236787 -0.00887939 0.309201 
3.97988 0.195644 -0.198594 3.19741 4.35781 1.58367 2.44345 1.46214 -0.199343 -0.19135 0.0620145 0.217897 
3.2208 1.05387 0.677497 2.31306 2.89354 1.92078 1.77705 1.31389 0.0892646 -0.412379 0.0931331 0.119388 
3.26947 1.33759 0.930556 2.21442 2.93963 2.06849 1.78142 1.37516 0.0556336 -0.358833 0.226881 0.130027 
3.84544 0.564921 0.170948 3.77036 4.58675 1.96046 2.3056 1.43563 0.00487802 -0.201359 0.109284 0.244024 
3.7029 0.271994 0.355197 3.975 3.97648 1.60083 3.02237 1.85034 -0.280107 -0.371326 0.0757258 0.265388 
3.67432 0.166763 0.193119 3.85209 4.14047 1.40543 2.94834 1.66193 -0.408477 -0.270774 0.185156 0.272779 
4.09669 0.668503 -0.0409248 3.45749 3.86305 1.33046 2.74288 1.89288 -0.0912331 -0.490944 0.111029 0.264545 
3.52879 0.507061 0.267052 3.26825 3.687 1.69693 2.69937 1.78422 -0.305796 -0.353075 0.185181 0.25316 
3.22535 0.67085 0.604319 2.90187 3.48208 1.80817 2.07869 1.4801 -0.13301 -0.351567 0.264954 0.210906 
2.84486 1.36718 1.25291 2.16161 2.39851 1.69151 1.65694 0.971037 -0.166557 -0.250173 0.322957 0.0908545 
2.83155 1.87864 1.55507 1.79373 1.9014 1.33858 1.29905 0.958815 0.253208 0.0976675 0.227309 0.0402989 
2.77064 1.82993 1.70597 1.95344 1.76341 1.14545 1.1865 0.903428 0.216726 0.148139 0.280148 0.0313125 
2.88777 1.74402 1.67426 2.29827 2.02544 1.32457 1.37232 1.15611 0.291088 0.0680272 0.356924 0.0707393 
4.18162 0.518205 0.836927 4.56119 4.84034 2.15474 1.70281 1.45216 0.21138 0.0776689 0.470726 0.269503 
4.05612 1.44128 1.37956 4.35101 5.19091 2.31396 1.06199 0.827254 0.479817 0.276346 0.679712 0.197185 
3.60672 2.32353 2.62262 4.15929 4.31755 1.28147 1.84861 1.91806 1.10962 -0.0776518 0.301152 0.171682 
2.97351 2.54342 2.35268 1.9889 2.15415 2.00155 1.41454 1.09675 0.74363 0.562822 0.370753 0.0947745 
2.74703 2.2298 2.12535 1.75658 1.89153 1.62015 1.14922 1.01007 0.751945 0.649178 0.440473 0.0768161 
2.77372 2.13176 2.28524 2.2715 1.88819 2.0235 1.19116 0.6492 0.99706 0.774201 0.4309 0.0755332 
2.58245 1.91681 2.35341 2.19547 1.45203 1.48381 1.571 0.801618 0.692938 0.770089 0.426874 0.0504252 
2.47619 0.731397 2.80907 1.43829 2.26625 1.62474 1.62276 0.538429 1.03616 0.855819 0.748573 0.0382498 
2.36142 1.33896 2.28919 2.53283 2.09291 1.1625 1.64834 0.433221 0.96883 0.906147 0.503262 0.0268901 
2.26858 -0.09476 2.37235 0.879868 1.34862 0.770048 0.973533 -0.0480954 1.05168 0.712411 0.269697 0.0420952 
1.94628 0.00885002 1.89139 0.257101 1.04638 0.614796 0.117964 -0.742892 1.1208 0.36243 0.343104 0.023642 
1.62637 -0.152707 1.75244 -0.062496 0.947979 0.910481 0.432436 -0.56496 1.19509 0.439984 0.496756 0.00608248 
1.75605 -0.27784 1.382 -0.0870416 0.691993 0.609702 0.504641 -0.355858 0.303908 0.662048 0.454394 -0.0820551 
1.56008 -0.363069 1.55093 0.770597 1.04326 0.450167 0.353931 -1.10985 0.881921 0.680752 0.298079 -0.0491997 
