1.60417 -1.4069 1.09568 0.811814 1.4085 -0.711579 0.0520535 -0.983427 0.585148 0.732547 0.333104 -0.0289894 
1.90575 -0.773943 0.717543 0.448809 1.90782 -0.291899 0.384203 -0.731497 0.42252 0.890581 0.102603 -0.12432 
2.05819 -1.6145 1.02364 0.244424 1.16915 -0.684232 0.662747 -0.861175 0.522578 0.760232 0.251679 -0.129708 
1.9987 -1.35176 0.584437 -0.164543 2.0111 -0.850583 -0.397989 -0.769993 0.213578 0.867824 0.233014 -0.0168622 
1.64224 -1.10168 1.03388 0.762139 2.28217 -0.984414 0.561746 -1.16063 0.353143 0.850333 0.280448 -0.0561129 
1.81361 -1.26809 1.02286 0.178624 2.60748 -1.15396 0.164244 -0.905205 0.533319 0.738035 0.228451 -0.0239111 
1.95993 -1.76173 0.945979 -0.0750077 2.05071 -0.407844 0.301704 -0.67281 0.228401 1.08606 0.0905735 -0.0757901 
1.92806 -1.63627 1.13796 0.730066 1.55969 -0.564768 0.438433 -1.02128 0.689098 0.394548 0.214198 -0.0888446 
1.74669 -1.71256 1.18592 -0.0430046 1.98007 -0.150749 -0.217458 -1.02902 0.429134 0.562284 0.0952505 -0.00315478 
1.96065 -1.49259 0.720188 0.0546716 1.44772 -0.691988 0.170058 -0.906252 0.733376 0.702707 0.181249 -0.105198 
2.01503 -1.17718 1.09181 -0.00686635 1.86519 -0.886223 0.168174 -1.42674 0.170481 0.524851 0.0491347 -0.0731638 
1.98331 -1.63176 1.08347 -0.255158 2.0168 -0.491275 0.0589414 -0.72498 0.603226 0.614697 0.156802 -0.0436436 
1.5441 -1.11133 -1.6515 -0.229609 0.685578 -1.32374 2.64041 0.118805 0.549548 -0.293625 -0.218427 -0.0669599 
1.56361 -1.21708 -0.289173 2.17074 1.31135 -2.94126 2.6007 1.45789 0.343685 -0.890695 -0.447007 -0.0116195 
1.70458 -1.06029 -0.0937224 -0.579511 -0.219237 -1.27723 3.13186 1.36001 0.422912 -0.481915 -0.117369 -0.0523432 
2.08311 -1.36958 -0.288684 -0.579796 -0.00748192 -1.10638 2.67907 0.911822 0.574112 -1.10284 -0.268825 0.139356 
2.27971 -1.27415 0.0689702 1.713 1.34105 0.437645 3.39605 0.590174 0.803084 -1.31682 -0.0792086 0.0455966 
2.71699 1.17787 1.75253 2.89357 1.54387 0.93278 3.50534 1.50026 0.999399 -0.904789 0.331638 0.143765 
2.82499 1.75631 0.743577 2.01253 2.35826 1.67963 2.18635 1.34933 0.70553 -0.543867 -0.107701 0.0661261 
2.96967 1.60179 1.11456 1.37991 1.74073 1.70171 2.07037 1.48596 0.673665 -0.118507 -0.0971958 0.0357076 
2.70835 0.558662 0.848851 1.7704 2.56765 0.576157 2.27847 1.48765 1.99159 0.261272 -0.0725512 0.0137152 
2.68604 0.179117 -0.0885856 2.59839 2.68599 0.599574 2.46631 1.94359 1.94553 0.014557 0.0265643 0.00692224 
2.49971 -0.355148 -0.212091 2.33802 2.29922 1.42075 2.48878 2.01741 1.13778 -0.494396 -0.00317465 0.0325165 
2.80029 -0.710433 0.39928 3.0734 2.65587 0.742111 2.9228 2.32241 0.255579 -0.591296 -0.0311888 0.175294 
3.87857 -0.946012 -0.953781 4.6338 3.8872 -0.381552 3.70042 1.60263 0.663069 -0.759699 0.147286 0.23803 
3.98166 -1.04218 -1.20849 5.34711 4.00049 -0.350321 3.5465 1.83731 0.693678 -0.916359 0.154119 0.251006 
3.52287 -1.09299 -0.0457602 3.8752 3.72817 0.766516 2.16924 2.30809 0.0558611 -0.22849 0.0929546 0.203486 
3.70507 -0.0880092 0.048652 3.86468 3.34519 0.871704 1.76662 1.75909 0.384381 -0.19619 0.0702259 0.164032 
3.17915 0.434466 0.561291 3.33587 3.5368 1.40924 1.7096 1.44105 0.451085 -0.250796 0.140505 0.166256 
3.53685 -0.143211 0.287514 4.20445 3.7793 0.797143 2.01748 1.61779 0.263156 -0.228221 0.222398 0.213582 
3.31971 -0.470446 0.137818 4.46806 3.64068 0.604597 2.20793 1.82906 0.347106 -0.275467 0.133637 0.215879 
3.75032 -1.29302 -0.441677 5.55723 4.35869 -0.197935 2.91538 1.71414 0.247477 -0.546237 0.235908 0.275907 
4.09233 -1.8959 -0.655357 4.93943 3.55569 0.260149 2.9717 1.41691 0.337447 -0.55051 0.291989 0.20166 
3.18939 -0.185312 1.16008 4.19831 2.36283 0.476725 1.96442 1.85108 0.0548087 -0.257118 0.152507 0.14095 
2.95776 1.41517 1.47835 2.52796 2.11416 1.35874 1.64155 1.25576 -0.0718886 -0.177291 0.453396 0.102135 
3.51774 -0.015166 0.866584 4.26363 3.63317 1.84056 2.44234 1.75853 -0.407418 -0.134442 0.469211 0.279645 
3.01465 1.27322 1.53829 3.25098 2.9902 1.46748 1.61084 1.77743 0.488602 -0.213146 0.370393 0.156 
2.74404 1.94464 2.03045 2.21498 1.79594 1.67138 1.71697 1.01505 0.306056 0.429456 0.535366 0.0739378 
2.76617 2.34245 2.17821 2.07093 1.90173 1.6852 1.50994 1.17182 0.937665 0.684856 0.372805 0.0905034 
2.80047 2.27988 2.14604 2.03057 1.8737 1.75154 1.46047 1.24909 0.949605 0.692196 0.44142 0.0966215 
2.70538 2.2629 2.18622 1.85315 1.77887 1.64507 1.30467 1.15666 0.842374 0.622305 0.371098 0.0765625 
2.77434 2.29309 2.07238 1.98909 1.85487 1.67432 1.43462 1.1144 0.85807 0.676431 0.391718 0.0877768 
2.72592 2.22301 2.07026 1.91083 1.85829 1.6102 1.32578 1.17289 0.910352 0.680526 0.402488 0.0847745 
2.67138 2.18092 2.17617 1.86755 1.68391 1.60037 1.3488 1.03039 0.901095 0.712089 0.41296 0.0808887 
2.71767 2.10481 2.07888 2.02125 1.83325 1.46687 1.17446 0.978569 0.911424 0.677732 0.383662 0.0790197 
2.37782 0.754008 2.23864 3.33333 1.93755 1.30068 1.69024 0.687708 0.659349 1.18101 1.04034 -0.0113075 
2.31339 -0.206156 1.66447 2.34526 1.68392 1.40826 1.12476 0.108958 0.401665 0.850259 0.953647 -0.0361967 
2.35117 0.00649425 2.19594 1.2072 2.39287 0.553488 0.445898 0.0426256 0.593912 1.1634 0.424178 -0.0503855 
2.20053 0.200637 2.05021 0.868641 1.88673 0.654172 0.357567 -0.352852 1.13403 1.21121 0.500829 -0.0463402 
2.37341 0.576668 2.31661 1.00022 2.69656 0.981012 0.846515 -0.584496 1.14985 1.72111 0.361644 -0.020532 
2.02205 -0.0324701 2.26786 1.61401 2.55919 0.998063 1.19643 0.475302 1.20237 1.5442 0.535883 -0.10907 
2.14406 -0.36827 1.66877 1.53941 2.46458 0.887661 1.69352 -0.0268625 1.1035 1.2745 0.452585 -0.0749099 
1.91554 -0.0818119 1.22387 0.474084 2.09684 0.406818 0.209046 -0.458072 0.684581 1.32155 0.298634 -0.0762613 
1.55875 -0.654981 -0.557189 1.27829 1.03712 -1.78381 -0.0636836 -1.50077 -1.29222 0.839668 0.554158 0.123886 
0.386783 -0.383105 -0.545885 1.16128 -1.08754 -0.361885 -1.1764 -3.10692 -0.397794 0.463166 0.664152 0.047429 
1.17857 -0.998631 0.662475 0.282738 0.780602 -1.0972 -0.0469312 -2.40401 -1.81238 0.903665 0.152016 0.0772363 
2.01877 -0.893672 -0.324423 0.851593 1.94419 0.0916587 -0.720526 -1.75331 -0.929998 0.902519 0.31194 0.0923875 
1.96588 -0.493389 1.33419 0.711212 1.80089 -1.20819 -0.242971 -1.43399 -0.292786 0.46638 0.253419 0.0106244 
1.68774 0.0588847 1.25393 1.62875 1.02952 0.185381 -0.659131 -1.31441 0.0658069 0.416141 0.350613 -0.0377625 
1.84025 -0.0484034 1.52256 0.297915 1.41054 -0.810538 -0.802351 -1.33279 -0.203196 0.157497 0.0433236 0.00209494 
1.71989 -0.357564 0.910147 0.279889 1.8225 -0.557381 0.0235459 -1.06593 0.174816 0.541351 0.00850717 -0.000983194 
1.22449 0.139095 0.512137 0.188299 1.04489 -0.296092 -0.828922 -1.11693 -0.0768754 1.14386 0.188462 -0.0219807 
1.54818 -0.715958 0.854699 -0.0650919 2.1245 -0.697112 0.213593 -0.826363 0.11889 0.643336 -0.0376586 -0.112331 
1.97992 -1.0022 0.849099 0.392394 2.07415 -0.373613 0.250153 -0.253217 -0.375109 0.517562 0.128245 -0.116684 
2.01028 -1.05034 1.00028 0.3807 1.6534 0.443122 0.336057 -0.0897642 0.53597 0.698308 0.32609 -0.112982 
1.82114 -1.04729 1.01926 -0.381318 2.54048 -0.230284 0.462288 -0.627048 0.430094 0.664862 0.0620065 -0.0151361 
1.7341 -0.784935 1.05336 0.302862 1.58104 -0.397619 0.476202 -0.651316 0.233746 0.799484 0.382685 -0.0914224 
1.41596 -0.802857 0.483877 -0.554988 1.38756 0.0366804 -0.4422 -0.986355 0.551656 0.676485 0.136988 -0.111168 
1.78763 -0.819691 0.740408 0.412819 2.15018 -0.799709 -0.362627 -0.205374 0.381232 0.661897 0.250805 -0.0710885 
1.5608 -1.33694 0.643931 -0.0448053 1.807 0.076141 0.075132 -0.634121 0.649412 0.573684 0.222465 -0.0443221 
1.56955 -1.3573 1.19069 -0.0618387 1.34147 -0.493111 0.286186 -1.32673 0.516521 0.631233 0.163815 -0.0451453 
1.40139 -1.31204 0.870243 0.6767 1.31623 -0.803016 0.132116 -0.569055 0.357144 0.772851 0.335262 -0.0823112 
1.84218 -0.852173 0.376192 0.256933 1.64351 -0.143504 -0.270539 -0.833097 0.658264 0.378384 0.157341 -0.115211 
1.52816 -1.02365 1.00351 -0.472504 1.56452 -0.129651 -0.2352 -0.644525 0.760684 0.555501 0.318951 -0.0129608 
1.8009 -1.40987 1.04451 0.132351 1.73512 -0.791469 0.410528 -0.585299 0.563463 0.908418 0.437421 -0.0217491 
1.56131 -1.30283 0.832194 0.797806 2.20192 -0.332243 0.595762 -0.337803 0.426577 0.815189 0.293082 -0.0501469 
1.57403 -0.975022 1.11598 -0.0179401 0.86836 -0.701937 -0.149267 -0.977899 0.0376329 0.550252 0.43054 -0.0180046 
1.77087 -0.836752 0.646314 -0.195416 1.33332 0.335684 0.205396 -0.848463 0.571221 0.492176 0.0932915 -0.0268945 
1.85432 -1.31135 1.04521 0.359527 1.3415 0.449268 0.280058 -0.876428 0.509572 0.291836 0.124458 -0.0324341 
1.74307 -1.23441 0.909861 0.344857 1.32005 0.0381232 0.543909 -0.968817 0.298525 0.370074 0.0963962 -0.0188693 
1.77315 -1.14144 0.680635 1.24704 1.69589 -0.56568 -0.452712 -1.13158 0.129924 0.571795 0.125521 -0.0434007 
1.62009 -0.623498 0.785843 0.496568 1.09621 -0.131724 0.157395 -0.734405 0.693439 0.577282 0.241086 -0.0362154 
1.49223 -1.3271 0.955345 0.623835 2.04409 -0.140389 0.0384259 -1.27286 0.445648 0.546799 0.12759 -0.0152222 
1.4973 -0.788091 0.701304 -0.100431 1.82663 -0.397805 -0.491958 -1.186 0.287937 0.606955 0.0747537 -0.0473058 
1.46766 -1.19916 0.550494 -0.290716 0.983658 -0.538039 0.4198 -0.275945 0.321548 0.437669 -0.035142 -0.0540057 
