1.92717 -0.802516 0.681615 -0.146394 1.00782 -0.167972 1.17889 -0.952449 0.454298 0.710948 0.164464 0.0248597 
2.01975 -1.11987 1.08931 -0.185644 0.721896 -0.685333 0.301034 -0.353073 0.653315 0.555917 0.306574 -0.0193488 
1.992 -0.861193 1.63755 0.212044 1.36661 0.408693 0.361898 -0.655355 0.991246 0.764013 0.106046 -0.104629 
2.05631 -0.757351 1.43927 0.370763 1.93307 -0.320692 0.443788 -0.186655 -0.219787 0.585406 0.159808 -0.0837868 
1.69675 -1.20059 1.45412 -0.520838 0.965327 -0.613416 -0.0589745 -0.195104 0.392063 0.506835 0.274632 -0.0623551 
1.98143 -1.27985 1.19107 -0.309595 2.22598 0.341265 0.730954 -0.778503 0.451542 0.641055 -0.0356062 -0.0361611 
1.92491 -1.78252 0.831544 -0.0674918 0.783691 -1.06594 0.426231 -0.699527 0.395679 0.745058 0.26488 0.00541472 
2.19455 -1.08149 1.57234 -0.247555 1.88545 -0.257882 0.460972 -0.34526 0.864927 0.562074 0.0537716 0.0335846 
1.98445 -1.00636 1.13532 -0.249716 1.81803 -0.204101 0.3784 -0.937226 0.689379 0.639533 -0.0229069 0.00340312 
2.07521 -1.07687 0.680985 0.180571 1.17264 -0.454658 0.469488 -1.00744 0.821458 0.426935 0.274281 -0.00472449 
1.99045 -1.13967 1.58161 -0.133484 1.53791 -1.17661 0.426671 -0.601023 0.365143 1.04468 0.27641 0.0119942 
1.62744 -1.23439 1.52094 0.522433 1.51684 -0.512849 0.839327 -0.0193992 0.696013 0.504914 0.122852 -0.00888101 
1.92124 -0.881884 1.31004 -0.13613 1.76775 -0.289477 0.437949 -0.880359 0.0801096 0.969486 -0.00886091 -0.0329766 
1.8967 -1.60131 1.56918 -0.226743 1.59365 -0.584131 0.163352 -0.225455 -0.185454 0.858816 0.180078 -0.127327 
1.83279 -1.07786 1.19586 0.450159 1.59295 -1.11656 0.635235 -0.4865 0.137518 1.00784 0.126271 -0.104379 
1.79514 -1.31959 1.36112 0.546922 1.57712 -0.715745 0.690807 -0.407055 0.136915 0.551883 0.0998719 -0.000402911 
1.6402 -1.22737 1.09543 -0.492161 1.71473 -0.674444 0.151438 -0.0139175 0.50265 0.84735 0.206103 0.0209847 
1.96473 -1.35523 1.3818 -0.288071 1.46203 -0.55999 0.418537 -0.674241 0.409254 0.673056 0.0889386 0.00132884 
1.81098 -1.07977 0.776765 0.0587421 1.13896 -0.975203 0.103295 -0.660593 0.315334 0.644973 0.166842 -0.0556594 
1.91598 -1.12342 1.09096 -0.161544 1.82798 -0.905577 0.179521 -0.251349 0.358811 0.752343 0.0829422 -0.0745689 
1.72885 -0.93417 1.32266 0.390407 1.59772 -0.645703 0.550321 -0.535352 0.134904 0.482411 0.35029 0.0357813 
1.77782 -1.25002 1.44167 0.57809 1.6266 -0.599348 0.336476 -1.08235 0.458107 0.363395 0.254383 0.00512446 
1.91465 -1.1805 1.42587 -0.382939 2.2932 -0.168027 0.102214 -0.557555 0.368847 0.728077 0.225615 0.00969408 
1.47386 -1.14149 0.934582 0.293484 2.12262 -1.54147 1.20259 -0.538995 -0.140026 0.404033 0.0280372 -0.00800879 
1.45007 -1.7898 0.20781 -0.105046 1.44141 -0.521007 0.649718 -0.38208 0.183596 0.601908 0.0248426 -0.115676 
1.66512 -1.51897 0.378768 0.89198 0.160279 -0.484011 2.27779 0.784202 0.918221 -1.21721 0.0269127 -0.135691 
1.13451 -1.52465 -0.867149 -0.355337 -0.291701 0.859676 2.43048 0.389101 0.932601 -1.02657 0.180421 0.0445965 
2.64558 0.689871 0.578423 1.6533 2.11832 1.20953 2.72209 0.435395 0.769924 -0.278615 0.212637 0.0716383 
2.77549 1.04504 1.33277 3.15535 2.43018 0.770658 3.37469 0.800345 0.579684 -0.624043 0.253832 0.158552 
3.01259 1.57674 1.16641 2.8397 2.82835 1.23735 3.71417 0.97209 0.778808 -0.798115 0.142313 0.162712 
2.08438 1.16545 1.50583 2.20089 2.51381 1.04969 2.19657 0.515046 1.90973 -0.135763 0.374933 0.0845734 
1.27108 -0.496127 1.51335 2.47766 2.26965 1.60417 1.92008 1.59056 2.44748 -0.921629 0.349997 0.0909025 
3.30541 -0.0827376 0.0280695 2.44362 2.5421 1.13655 2.61432 1.7469 0.211006 -0.705389 0.155095 0.16628 
3.45863 -0.559074 -0.649262 3.64156 2.8635 0.978841 3.35364 1.49324 0.0178484 -0.573304 0.319482 0.198282 
4.33051 -1.02843 -1.3063 4.74258 4.16856 0.116281 4.2592 0.764825 0.505012 -0.805632 0.455142 0.242517 
3.54267 -0.90121 -0.672613 4.04641 3.52698 0.993172 3.27204 1.15975 0.19307 -0.425228 0.398538 0.225262 
3.41277 0.489899 0.584165 2.85217 2.72798 1.29016 1.8316 1.3499 -0.00572711 -0.147599 0.310298 0.142234 
3.18598 0.807239 0.520375 2.86855 3.25459 1.81122 1.50466 1.28011 0.223795 -0.212107 0.35013 0.155314 
3.80098 -0.1782 0.0490258 3.60419 4.04201 1.37806 2.26854 1.40391 0.0237573 -0.191174 0.33555 0.242915 
3.74385 0.189403 0.00306988 3.59832 3.41322 1.77671 2.36972 1.65038 -0.249617 -0.14822 0.391723 0.23916 
3.82944 0.155406 0.484145 4.13678 3.93366 1.5059 3.01681 1.73887 -0.378602 -0.252313 0.271749 0.26485 
4.19392 -0.00592483 -0.131975 5.14779 4.08126 1.35195 3.17997 1.62016 -0.262933 -0.48065 0.362228 0.288968 
3.73466 0.670888 0.873105 3.91779 3.65441 1.71499 2.21996 1.72958 -0.226433 -0.355971 0.328007 0.247351 
3.2669 1.59675 1.31263 2.44364 2.46137 1.73931 1.83941 1.43018 -0.0177979 -0.348609 0.38062 0.124044 
3.15079 1.54838 1.22015 2.28789 2.33889 1.78829 1.967 1.43134 -0.15142 -0.410671 0.435963 0.122418 
3.54986 0.324421 0.79714 4.4116 3.28063 1.66079 3.05174 1.3967 -0.722524 -0.283806 0.471249 0.242686 
3.21383 0.164013 1.04712 4.10506 3.49589 2.198 2.33611 1.34027 -0.545259 -0.223351 0.370842 0.248248 
3.68779 -0.671866 0.157824 4.84174 3.89727 1.59601 2.9961 1.50492 -0.842903 -0.184657 0.495736 0.289903 
4.20229 -1.06114 0.245759 5.11414 3.94005 1.53494 3.19509 1.33606 -0.818588 -0.219069 0.584671 0.256295 
3.22804 -0.462749 1.39569 4.4386 3.37486 2.10589 3.10554 0.874768 -1.16617 0.180486 0.556976 0.185317 
3.27713 0.677285 1.91253 4.43784 3.21377 2.2347 2.26951 0.711471 -0.592016 0.260669 0.712776 0.139988 
3.04308 1.07616 1.32516 2.86538 2.81427 2.01823 1.7589 0.714588 -0.30311 0.118721 0.718148 0.147961 
3.53702 1.35443 1.32216 2.87146 2.134 1.17033 1.89426 0.984152 -0.523363 0.2123 0.757957 0.152074 
2.83404 2.2082 2.19045 2.21594 1.94254 1.71534 1.5896 1.11182 0.681253 0.543389 0.406878 0.0801139 
2.75572 2.26752 2.0785 1.90233 1.83603 1.75849 1.55557 1.15547 0.925258 0.739648 0.44762 0.0885377 
2.86543 2.45837 2.29569 2.12484 1.90649 1.81771 1.48799 1.17519 0.985923 0.648236 0.370345 0.095454 
2.8081 2.32421 2.28826 2.25468 1.98716 1.46396 1.3618 1.28496 0.881189 0.591552 0.272433 0.0820498 
2.85936 2.43019 2.30122 1.98192 2.03482 1.79858 1.4835 1.13613 0.892928 0.667374 0.35439 0.0913527 
2.64189 2.08463 1.99873 1.65216 1.46202 1.39352 0.981255 0.758234 0.780652 0.506523 0.246201 0.0580243 
2.26409 1.5159 2.8535 1.62422 1.97422 2.1498 1.21706 0.0945692 1.25554 1.58906 0.167313 0.0517647 
2.24827 0.661865 2.69631 1.34268 3.28722 0.607914 1.18075 0.458137 0.549501 1.45783 0.372147 -0.0271289 
1.8809 0.148561 2.38128 0.623295 3.2128 0.158256 0.695153 -0.388669 0.954608 0.9014 0.111208 -0.012045 
2.19504 -0.151103 2.3714 1.23221 2.86094 0.444343 0.861798 0.233526 0.704683 1.15345 0.272573 -0.0631357 
1.75593 -0.00781877 2.60638 0.853315 2.8324 0.0501477 1.09338 0.112587 1.03175 1.08225 0.394715 -0.0343994 
1.97524 -0.0761529 2.0007 0.298875 1.11009 -0.471714 -5.17669e-005 -0.980854 0.478655 1.18391 0.0315298 -0.00241987 
1.7548 -0.803559 1.2342 0.0040789 1.59092 -0.770961 0.218279 -0.623348 0.77787 1.10339 -0.0140522 -0.0320293 
1.68525 -0.884466 1.59607 -0.391925 1.62105 -0.46407 0.0122571 -0.48927 0.768976 1.04103 0.27519 -0.0597818 
1.50878 -0.824978 1.4222 0.384259 1.40284 -0.318003 0.397553 -0.331294 0.779077 0.997512 0.389054 -0.0863796 
1.69437 -1.22047 1.23679 -0.318232 1.31804 -0.118924 0.369821 -0.429334 0.507432 0.757471 0.0459367 -0.0993416 
1.55774 -1.34097 1.23362 0.509929 0.947539 -0.614631 0.254028 -0.933159 0.795131 0.645454 0.216052 -0.0888981 
1.3551 -1.31044 1.13307 -0.440549 1.09681 -0.777797 -0.0539435 -1.10025 0.879715 0.816704 0.20479 0.000607048 
1.57211 -0.940469 0.8637 -0.0456463 0.961061 -0.195804 -0.137347 -1.23963 0.473537 1.01699 0.0471667 -0.0421613 
1.52841 -0.842774 0.611308 0.771379 1.33861 -0.414356 0.672214 -0.687727 0.440606 0.991032 0.30074 -0.0593887 
1.46892 -1.02839 1.17065 0.225698 1.36283 -0.245093 0.604366 -0.523651 0.45797 0.659694 0.0154772 -0.121319 
1.65703 -0.885313 1.26128 0.0197358 1.0095 -0.555254 0.664935 -0.40815 0.363839 0.812184 0.30478 0.018972 
1.94383 -1.07178 1.42821 0.469638 0.869075 -0.701809 -0.217292 -0.886925 1.22643 0.522438 0.31993 -0.00780438 
1.63715 -1.07004 0.864847 -0.492207 1.71634 -0.0919181 -0.00688528 -1.0179 0.444308 0.827034 -0.0259616 -0.103235 
1.65091 -1.01708 1.11162 -0.00144195 1.10168 -0.25472 -0.192703 -0.786487 0.380987 0.963776 0.233896 -0.0317994 
1.62853 -0.93214 1.16157 0.128028 1.50584 -0.959405 0.265244 -0.498599 0.468436 0.558857 0.351279 -0.0469375 
1.52843 -1.18789 0.866186 0.0556463 1.48203 -0.266778 -0.207394 -1.55432 0.411445 0.884808 0.0262573 -0.0168387 
1.76696 -1.46147 0.92606 0.254382 1.91059 -0.0767358 1.09097 -0.623888 0.679603 0.511101 0.0122034 -0.0181885 
1.65249 -0.840917 0.618727 0.209483 1.15588 -0.501232 0.00168811 -0.0977257 0.0280885 0.600149 0.291257 -0.0998046 
1.70484 -1.57419 1.23949 -0.0576384 1.39163 -1.07417 0.160109 -0.599102 0.454487 0.828537 0.337827 -0.0420206 
1.51153 -1.32187 0.64052 0.0893536 2.48295 -1.06567 0.729753 -0.0697716 0.0140322 0.734185 0.234158 -0.127874 
1.60768 -1.30284 0.722189 0.54901 1.26627 -0.887019 -0.389684 -0.384863 0.178167 0.46783 0.337906 -0.0269185 
