1.87008 -1.47189 0.952645 0.173025 2.07699 -0.0384637 0.723912 -0.396156 0.549452 0.578726 0.233074 -0.0839904 
2.02811 -1.18125 0.457649 0.0801652 2.07876 -0.534106 0.554596 -1.0173 0.939491 0.719327 -0.0971938 -0.0706007 
1.86774 -1.55254 1.02736 0.262123 1.91936 -0.529717 0.346956 -0.486028 0.133763 0.391385 0.0696339 -0.131667 
1.90216 -0.963274 0.575394 0.309295 1.65723 -0.266825 0.05376 -0.93805 0.647842 0.676848 -0.0236246 -0.0819844 
1.72473 -1.55527 0.958295 0.177872 2.00541 0.021207 0.373249 -0.795068 0.708239 0.347001 0.0974236 -0.0767199 
1.84525 -1.63158 1.50015 -0.467175 1.83716 -0.232862 0.690584 -0.764822 1.0343 0.766519 -0.153171 -0.134132 
0.729005 -1.81058 0.836739 0.701391 1.47155 -1.81578 0.77986 -1.195 0.589771 -0.0419582 0.286862 -0.0783864 
0.24396 -0.676393 0.222427 2.55679 1.18791 -0.875133 1.6333 -1.13489 0.26412 0.356503 0.154137 -0.0503708 
0.469418 -0.289424 -1.1317 1.59059 0.411728 -1.17922 2.87315 -1.30792 -0.260219 0.845617 0.0273841 -0.0850728 
1.36034 -0.707648 -0.567718 -0.44652 1.75653 -0.160234 2.47536 -0.680336 0.988466 0.228831 -0.264938 -0.184554 
-1.27191 2.04043 -1.84743 0.432782 1.7052 -0.0323805 0.888834 -1.30126 1.79192 0.38611 -0.146071 -0.0059055 
0.154416 0.550765 -1.06172 1.80485 0.837316 -0.146661 0.63238 -1.68464 1.05075 0.616541 0.122849 -0.118913 
1.42708 -1.07617 0.456049 0.244406 0.851839 -0.0571379 -0.0623843 -0.331368 0.382548 0.662754 -0.102407 -0.12645 
1.42423 -0.907735 0.0971447 0.537878 1.76432 -0.287763 1.49375 -0.647242 1.01766 0.366963 0.0458296 -0.155501 
2.07336 -1.50189 0.999006 -0.155124 2.07041 -0.267901 -0.0340534 -0.204847 0.422421 0.726333 0.136562 -0.0982092 
1.48644 -1.74807 0.986292 0.24844 1.7812 -1.08453 -0.119478 -0.637657 0.563874 0.21267 0.260055 -0.123127 
1.85571 -1.58463 1.19705 -0.0559848 1.72913 -0.637825 0.48724 -0.614877 0.796951 0.588162 -0.00439042 -0.0454717 
1.71571 -1.48296 1.54839 -0.100101 1.90776 -0.384735 0.268738 -0.483829 0.699155 0.708404 0.200228 -0.0424908 
1.8868 -1.30365 1.82254 -0.428325 1.51879 -0.569034 0.0431605 -0.912977 0.382687 1.08534 -0.0350685 -0.13013 
1.88578 -1.55307 1.11877 0.150664 2.17609 0.117073 0.671665 -0.790711 0.469092 0.807446 0.0216204 -0.141351 
1.94644 -1.20559 1.39758 0.47814 1.19813 -0.04859 0.267133 -0.722578 0.722377 0.766124 0.253046 -0.0763146 
1.74708 -1.43715 1.00273 0.256018 1.25136 -0.252535 0.621955 -0.754452 0.575626 0.611535 0.148615 -0.0877101 
1.74678 -1.21229 0.874785 0.483821 1.59698 -0.335628 0.0326753 -1.04675 0.525702 0.835119 -0.0277751 -0.0711114 
1.92956 -1.51469 1.016 -0.45867 2.41165 -0.821539 0.505824 -0.483027 0.349102 0.769935 -0.0169877 -0.0951105 
1.77575 -2.00001 0.987496 0.843093 1.7769 -0.211793 -0.115631 -0.299423 0.730747 0.452217 0.316682 0.0366072 
1.77427 -1.36223 1.0766 0.480352 2.00858 -0.71174 0.237512 -0.420142 0.385176 0.947135 0.240884 -0.115696 
2.39503 -1.07723 1.36492 0.0719435 1.34188 -0.803264 0.498606 -1.04299 0.273803 0.753448 0.154349 -0.0587343 
1.96451 -1.52931 1.80108 0.153774 1.17198 -0.630768 -0.0880863 -0.856334 0.535924 1.0208 0.248852 -0.0853962 
1.98638 -1.46091 1.25558 0.309658 1.51185 -0.873933 0.547121 -1.24425 0.562045 0.762225 0.0618257 -0.0474622 
1.78368 -1.04332 1.12702 -0.491667 1.95206 -0.50309 0.221535 -0.398946 0.777231 0.586029 0.259393 -0.0736265 
1.91636 -1.53064 1.10119 -0.689136 2.00483 -0.677321 -0.0274557 -0.381488 0.228726 0.81459 0.144733 -0.0923831 
1.57084 -1.45172 1.29189 0.249175 2.12576 -0.500596 0.258525 -0.374496 0.177776 0.556167 0.0563172 -0.136805 
1.81093 -1.3119 0.644312 -0.398277 1.69659 -0.460484 0.197359 -0.489184 0.648607 0.708625 0.0202569 -0.0732786 
1.98578 -2.0052 1.99573 -0.269898 1.62077 -0.27804 0.314501 -0.493214 0.449704 0.604291 0.0918276 -0.0779675 
1.68228 -1.5394 0.800223 0.0449225 1.08384 0.116582 -0.204096 -0.714984 0.489759 0.658272 0.183404 -0.00392089 
1.70011 -1.71353 0.41114 1.79245 0.8723 -1.16195 0.495844 -0.306651 0.536421 -0.215724 0.213075 -0.0550596 
2.43092 -1.85468 -1.57882 1.52258 1.19532 -1.7072 2.15252 -0.318677 0.415075 -0.273686 0.0252296 -0.156866 
2.16799 -1.71778 0.284653 0.711455 0.366343 -0.421047 3.31459 0.657504 0.377319 -0.939993 -0.18597 -0.0533676 
0.886969 -2.39254 -0.930876 -1.53034 0.0926859 0.0902715 2.59096 0.93082 0.229141 -1.24984 -0.122098 0.0350924 
1.74678 -2.09022 -0.741574 -0.288832 1.17135 0.886432 3.18827 0.110189 0.0176427 -0.690489 -0.0298761 -0.00596651 
2.64128 0.325728 0.919027 1.9482 2.56137 0.399731 3.86003 1.07236 1.26139 -0.730043 -0.0443145 0.172705 
2.84297 1.877 0.344851 2.30654 1.45297 2.32536 4.04018 0.510536 0.720838 -0.345519 0.253514 0.0441225 
3.47921 2.42438 2.17352 1.2584 2.91682 1.1768 3.37186 1.39443 1.51502 -0.433446 -0.0229191 0.110071 
2.08836 0.722115 1.93123 3.85726 1.31546 -0.100015 2.09197 1.06098 1.25251 0.107474 0.269445 0.0702622 
2.74267 0.169441 1.2474 2.55731 2.36252 0.485097 3.04732 1.78549 1.31035 -0.843642 -0.00321058 0.182651 
4.9015 -0.951656 -0.540176 4.31162 2.66828 -0.701368 4.42457 2.28738 0.783336 -1.05057 0.0197322 0.174121 
4.62462 -1.37941 -0.00370525 3.50031 3.06335 -0.212217 4.06832 1.8813 0.320848 -0.574407 0.0420061 0.208835 
3.31918 0.0363265 0.497246 3.49147 2.33723 0.688234 2.56188 1.77838 -0.027035 -0.499343 0.069739 0.163672 
3.12083 0.049437 0.610563 3.5754 2.74314 0.710166 2.43987 1.75876 -0.00962867 -0.49427 0.0578726 0.187847 
3.65873 -0.314049 -0.0291762 4.39832 3.63596 0.223938 3.40252 1.69351 0.106127 -0.498673 0.0499626 0.224764 
3.80331 -0.10876 -0.221114 4.26755 3.53598 0.521695 3.38362 1.50709 0.133432 -0.529469 0.111037 0.206527 
3.74836 0.157604 -0.118425 5.17927 4.0685 0.359251 3.31999 1.66658 0.156739 -0.63705 0.0657783 0.267582 
3.6353 0.0671848 0.593241 4.86912 3.65166 0.810554 2.97532 1.77445 -0.0164522 -0.40212 0.100284 0.236162 
3.95508 0.0391089 -0.0162002 5.10803 4.31891 0.440749 3.54235 1.64039 0.173234 -0.494122 0.140948 0.271621 
3.74754 0.0300148 0.436534 5.14282 3.91415 0.699152 3.05481 1.85438 0.126097 -0.385182 0.152128 0.255458 
4.3425 -0.483213 0.199646 5.92166 4.75834 0.900299 3.07255 2.52348 -0.144551 -0.448685 0.102121 0.306219 
2.89574 0.427469 1.50901 4.02149 3.14762 1.52103 1.87166 1.48682 0.144802 -0.220574 0.245947 0.175624 
2.99199 1.04963 1.24625 3.0665 2.79641 1.0068 1.11808 1.51076 0.415256 -0.350402 0.1502 0.105435 
3.07873 1.09794 1.28012 3.15748 2.50173 0.652641 1.30492 1.83227 0.51874 -0.364355 0.146563 0.115382 
3.19537 0.140133 1.21688 4.39765 3.4946 0.880459 2.92701 1.72283 0.224483 -0.412663 0.0580203 0.235793 
3.77246 0.0705638 0.703449 5.94147 4.35798 0.577469 3.69201 1.93186 0.1401 -0.434726 0.149842 0.285126 
4.50533 0.250748 -0.00429361 5.48174 4.99994 0.478601 4.19929 1.69739 0.363481 -0.617195 0.152881 0.296142 
4.41482 1.22731 -0.383114 4.18307 3.98173 1.06469 2.63699 1.56922 0.388667 -0.507982 0.0752365 0.221561 
3.15791 0.942954 0.972664 2.94871 2.96516 1.73922 1.85522 1.7791 0.145143 -0.68922 0.135984 0.179469 
3.21805 0.438934 0.674818 3.19447 2.91982 1.20152 1.7429 1.87405 0.218514 -0.551169 0.117804 0.180479 
3.68698 -0.416463 0.137351 4.40698 3.66907 1.28252 2.30356 2.11384 -0.162306 -0.446379 0.11849 0.267416 
4.468 -1.32366 -0.0135944 5.99978 4.47057 0.703919 2.66492 2.49859 -0.169568 -0.658313 0.141358 0.307172 
5.7742 -2.29652 0.96987 6.10898 4.41768 0.73314 3.0146 2.34996 -0.237562 -0.696632 0.299209 0.304497 
4.14041 -0.254879 1.49035 4.92539 3.51995 1.89206 2.89552 2.02876 -0.488854 -0.266418 0.302687 0.225043 
3.47788 1.25683 1.47723 3.63298 3.33335 1.55093 1.44751 1.28763 0.153968 0.0809661 0.314896 0.123289 
2.97454 1.29182 1.49682 2.75361 2.37303 1.40849 1.34514 0.935126 0.20121 0.345326 0.476336 0.0853973 
2.99221 1.9662 1.70851 2.14601 1.98042 1.69158 1.89532 1.3259 0.241913 0.159023 0.509576 0.102689 
3.32705 2.15975 2.86156 2.94022 3.72975 3.6383 2.38241 1.05063 0.405976 0.307876 0.367268 0.154609 
2.918 2.19142 2.47437 2.75962 2.74098 2.33105 1.43533 0.823222 0.687896 0.502372 0.295728 0.0830255 
3.55647 1.30069 2.78631 2.06934 3.68949 3.05152 1.77743 0.382486 0.337408 0.947809 0.157139 0.0571938 
2.85204 1.68886 1.76131 1.77451 2.44027 2.3706 1.23341 0.456163 0.708974 0.860833 0.442564 0.0720069 
3.06014 1.69316 1.83403 2.49313 2.40876 1.52269 1.59442 0.489482 0.67529 1.05082 0.474562 0.0688962 
3.17635 1.03383 2.61253 1.94381 3.06817 1.77564 0.913178 0.427903 0.716182 1.19855 0.512705 0.0357693 
2.22128 0.592806 1.90456 1.04715 1.79637 1.15571 0.571716 -0.441949 0.421595 1.19105 0.344386 -0.0640191 
1.97648 -0.0873186 1.81011 0.891879 2.13063 0.600553 0.437868 -0.671917 0.766089 1.22339 0.303014 -0.0950444 
2.03808 -0.449669 1.84315 0.109803 1.9368 -0.0189477 0.808924 -0.340042 0.808462 1.42255 0.370663 -0.0520566 
1.8583 -0.381595 1.35637 0.592737 1.94199 -0.213262 0.159002 -0.640961 0.311039 1.13252 0.435647 -0.070735 
1.64575 -0.927314 0.769861 -0.222306 1.85658 -0.055872 0.897566 -1.47319 0.871456 1.17575 0.23711 0.0204913 
1.4884 -1.12537 1.21578 -0.076326 1.60241 -0.146415 -0.474825 -1.04154 0.0422784 0.856208 0.394511 -0.11612 
1.67409 -1.03776 1.00451 -0.125416 1.92897 -0.226553 0.109613 -0.459388 0.399856 1.1756 0.418017 -0.0972244 
