1.95004 -1.73159 0.792943 -0.166399 0.741586 -0.17484 -0.646789 -0.495184 0.438775 0.311274 0.0956056 -0.0431269 
1.98353 -1.32535 1.22625 0.191616 1.78411 0.65803 0.871037 -0.601971 0.732298 0.603593 0.0155235 -0.052636 
2.09378 -1.02876 0.937808 0.00793463 1.85726 0.780404 0.465728 -0.522636 0.0356084 0.137854 0.213217 0.0189282 
1.75411 -1.25071 0.549843 0.0429349 1.06954 -0.432034 0.421684 -1.04041 -0.261056 0.342315 0.257026 -0.0303778 
2.04337 -0.830186 1.67977 -0.590426 1.42223 0.131905 1.05613 -1.02748 0.0992978 0.816812 0.445148 0.0147355 
2.30048 -0.537503 0.879658 -0.0939156 1.71705 0.522663 0.652548 -0.357047 0.441432 0.38276 0.455926 0.0421916 
1.75221 -1.21951 0.648618 -0.43686 1.2988 -0.186637 0.843169 -0.302524 0.0523637 0.327402 0.325471 0.00154609 
2.12193 -0.791278 0.829267 -0.414454 0.960739 0.792855 0.103162 -0.67896 0.586316 0.333192 0.401126 0.0330178 
2.03593 -1.3847 1.07656 -0.492107 1.90385 -0.352464 0.424401 -1.15221 0.150962 0.380069 0.272768 0.153814 
1.78204 -0.940947 1.31232 0.505008 1.23547 0.725911 0.309474 -0.724257 0.190376 0.402743 0.308287 -0.0210512 
1.55514 -1.42205 1.02032 -0.075064 1.68993 0.0867592 0.975469 -0.735421 0.593358 0.259343 0.299553 0.134165 
1.78446 -1.34483 1.23336 -0.115867 1.37871 -0.314121 0.593733 -0.516711 -0.120857 0.116358 0.362398 -0.00087263 
3.64404 -0.935105 3.62989 4.94549 -0.738491 -2.26798 3.68047 2.31871 -1.179 -0.510986 0.242476 -0.0372436 
3.92189 -2.63571 3.17328 4.76656 -0.700951 -1.89983 3.11202 1.80147 -0.737976 -0.457087 0.097702 -0.0321245 
2.64326 -2.15934 1.84279 3.20418 -0.334962 -2.60692 2.90084 2.51752 -0.209054 -0.845515 -0.283287 -0.0773049 
-0.267602 0.758126 -3.6454 3.53105 -1.30409 -1.96487 2.00904 1.59107 0.767994 -1.27835 0.147792 -0.0727307 
1.32078 -0.545066 -1.79453 0.724787 -0.456821 -0.479504 1.74015 1.41731 0.774626 -1.07326 -0.144525 -0.188986 
2.38038 -1.47177 -0.497411 -1.18296 0.684887 -0.0524926 1.56062 0.7686 0.387205 -0.321746 -0.200498 -0.105296 
2.45349 -1.35979 -0.161928 -1.69119 1.10094 0.734398 1.76941 -0.0147677 0.281436 0.0910237 -0.22429 -0.0401169 
2.16502 -0.895094 0.767089 -1.10964 1.38631 -0.227426 0.558794 -0.829102 -0.10596 0.488241 0.201533 0.0248202 
2.04548 -0.434812 0.658221 -0.761394 1.63796 0.489441 0.130995 -1.08913 0.178143 0.694381 0.242961 0.0239117 
2.16814 -1.15132 0.434851 -0.861885 0.965305 0.331208 0.802416 0.00585708 0.476502 0.620212 0.318185 -0.0151709 
1.97879 -0.676204 0.538878 -0.714416 0.946784 -0.260255 0.686969 -1.00303 0.392356 0.632015 0.347126 -0.00339393 
2.13616 -1.25121 0.0308308 -1.07745 0.527311 0.526697 0.407777 -0.364123 0.129759 0.537356 0.222445 -0.0214191 
1.85689 -0.806752 0.774181 -0.787148 1.35003 0.393227 0.683041 -0.333457 0.707371 0.663713 0.303945 -0.0583503 
1.97412 -1.06584 0.374327 -0.373684 0.993337 0.666562 0.220559 -0.803828 0.154506 0.684099 0.349877 -0.0577395 
2.02405 -0.429844 0.580089 0.0612092 1.15779 0.654038 0.0484033 -0.351927 0.852107 0.661639 0.31411 0.0293067 
2.1968 -0.785815 0.121874 0.279497 1.09367 0.485531 0.243207 -0.936312 0.742231 0.344621 0.307846 -0.00179321 
1.71502 -0.947453 0.30811 -0.253766 1.33241 0.265027 0.229483 -0.96873 0.204785 0.499118 0.376636 -0.00565026 
1.8574 -0.962322 0.945734 -0.548274 2.00955 -0.300341 0.011876 -0.625461 -0.0473369 0.0996027 0.349101 -0.0274969 
1.90712 -1.17788 1.25881 -0.158152 1.78335 0.69155 -0.301386 -0.735329 -0.0483426 0.160803 0.314456 0.015027 
1.9588 -0.896771 1.11513 -0.225577 1.52264 0.218669 0.388522 -0.362927 0.431918 0.521174 0.613356 0.0363398 
2.00136 -1.00508 1.27487 0.179459 1.7131 0.0427583 0.21077 -0.72372 0.0793758 0.703017 0.344011 0.0188923 
1.68454 -1.07943 0.458429 0.258109 1.57781 -0.0379924 -0.0268384 -0.883387 0.254029 0.059404 0.464559 0.00839033 
1.71444 -1.08791 0.769817 -0.405859 1.92827 -0.285112 0.484294 -0.67376 -0.0199681 0.182997 0.271369 0.0759981 
1.6144 -0.776896 0.879622 -0.473776 1.2176 0.573533 0.278857 -0.850872 0.407213 0.208351 0.342528 0.0239979 
1.86126 -1.22546 1.02292 -0.238338 0.907223 -0.685509 0.783126 -0.79095 0.0193521 0.451835 0.401721 -0.00681834 
1.82693 -0.692459 1.09607 0.199941 1.602 -0.355408 0.699201 -0.430594 0.131537 0.627078 0.256432 -0.0523882 
2.05633 -1.08963 1.15909 -0.294578 1.25392 0.14961 -0.196448 -0.825608 0.16548 0.498931 0.505067 0.072305 
1.87951 -1.12386 1.99369 0.4116 1.20858 -0.349198 0.30827 -0.627946 0.246428 0.370729 0.441843 0.0624532 
1.83353 -1.21459 1.08603 0.365027 1.30141 0.0520859 -0.0301764 -0.683249 0.627042 0.284144 0.275323 -0.00175641 
1.89598 -1.14261 1.07495 0.0345108 1.55757 -0.127537 0.481847 -0.898239 -0.0832101 0.498386 0.264613 0.0771452 
1.78856 -1.11536 1.19308 -0.0716534 1.08372 -0.404775 0.621191 -0.426484 0.477192 0.194788 0.464247 0.053039 
2.05705 -1.09153 1.42885 0.0526873 2.04341 0.2708 0.287928 -0.57432 0.444784 0.113394 0.178454 0.0683694 
2.00714 -1.27836 1.33034 0.356519 1.24374 -0.373658 0.62161 -0.107969 0.499911 0.114038 0.417614 0.0202644 
1.96592 -1.20596 0.77413 0.279485 1.28993 -0.266694 0.76992 -1.30151 0.301778 0.7285 0.248466 0.0585921 
1.81988 -0.691003 0.606447 0.089199 1.86568 -0.242112 0.388494 -0.0931302 0.195704 0.354848 0.442685 -0.0127107 
1.72592 -0.799417 0.429491 0.217263 0.235449 -0.593834 0.603717 -1.13666 0.0548247 0.344891 0.264628 0.0640725 
1.59352 -1.04404 0.902366 0.440273 1.26454 -0.346462 0.100235 -0.854017 -0.114216 0.194228 0.412572 0.130869 
1.90104 -0.992097 0.662183 0.299112 1.62343 0.705801 0.498378 -1.14928 0.429253 0.188849 0.309732 0.0360574 
1.95951 -0.95026 0.974462 0.117484 1.03753 0.032662 0.81903 -0.503737 0.242812 0.935075 0.284472 -0.0131445 
2.22846 -1.53809 0.512743 0.0819043 1.65775 0.108447 0.177696 -0.175045 0.204659 0.386468 0.307455 0.00170739 
1.82105 -0.802997 1.30287 -0.214184 1.85565 0.638653 0.422187 -0.42255 0.208458 0.246173 0.322323 -0.0299666 
1.90437 -0.989197 0.771467 0.553099 1.28204 -0.129158 0.106456 -0.694777 -0.100552 0.192497 0.365622 0.0373313 
1.64542 -1.17658 0.574956 -0.122983 0.828318 -0.353049 0.504023 -0.65375 0.0238579 0.371053 0.449246 0.015366 
1.83571 -1.31853 1.37778 0.0934847 0.955786 0.0454477 0.634401 -0.729818 0.0903111 0.247602 0.227913 -0.029872 
2.50671 -1.18388 -0.289238 -0.45499 0.57557 -0.586349 0.905628 0.96159 0.77683 -0.449452 0.0156742 0.106163 
2.24327 -1.21382 0.00735516 0.842807 0.930253 -1.24681 1.35608 1.05859 0.267919 0.0543789 0.0948893 0.00168109 
2.2702 -1.15698 0.112283 0.602569 0.650223 -0.566654 2.83042 1.46036 -0.0311129 -0.756117 -0.170677 -0.0770189 
0.874064 -1.35688 -0.730307 -1.52245 0.303738 0.116997 2.43162 1.35467 0.219131 -1.0264 0.0922305 0.0554011 
1.62513 -1.79533 -1.00094 -0.0286313 0.949237 1.3987 2.3233 0.233535 0.242838 -0.89814 0.0726418 0.0928165 
1.9374 -1.47777 -0.345525 -0.319766 2.1224 1.39273 3.09126 -0.0190427 -0.103953 -0.826163 -0.0134374 0.0777457 
2.63389 1.52918 0.775539 1.74818 1.73515 1.21834 1.6817 0.498541 0.00208273 -0.50914 0.283623 0.050871 
3.15101 1.71677 1.28679 1.8322 1.84326 1.95635 2.82316 0.948673 0.169777 -0.271046 0.170121 0.0804972 
3.45132 1.4242 0.0820589 1.84113 2.17342 1.20073 4.23859 1.26786 0.642566 -0.382938 0.384261 0.142346 
2.07858 2.15432 -0.272102 3.86929 2.62243 1.32636 3.28249 1.36418 0.68349 0.258704 0.192897 0.187898 
2.01235 1.39987 0.92977 2.51802 2.14653 0.514365 2.14475 1.89563 1.37031 -0.514855 0.0984308 0.0965994 
3.64904 0.128642 -0.656143 2.26281 2.6139 0.920627 3.25664 2.47413 0.364726 -0.655694 0.0424336 0.165463 
4.6906 -1.0576 -1.60869 3.73107 4.31059 0.0200114 3.93876 1.46483 0.330308 -0.808651 0.0984655 0.246951 
3.80675 -0.41432 -0.855167 3.7378 3.30815 0.548159 3.16782 1.76004 -0.063505 -0.721216 0.120315 0.235506 
3.41672 -0.222663 0.248488 3.44646 3.22893 1.081 2.5271 1.86073 -0.175222 -0.459443 0.0754275 0.216356 
3.98345 -1.06183 -1.31751 5.12519 4.54285 0.171329 3.50783 1.59119 0.344727 -0.734421 0.184809 0.28744 
4.11105 -0.818297 -1.22707 5.42228 4.64307 0.0126129 3.35311 1.50353 0.379927 -0.671677 0.144848 0.254582 
2.96478 -0.42407 0.388909 3.53612 3.27273 1.38187 2.41793 1.61352 -0.346039 -0.383523 0.0471827 0.215939 
3.24796 0.240212 0.301824 2.98631 3.16917 1.62574 2.35326 1.59761 -0.305897 -0.595571 0.0760497 0.207382 
3.96004 -0.255541 -0.528285 4.22202 3.96299 1.14057 3.01667 1.73358 -0.438624 -0.471246 0.0954217 0.255066 
4.08789 -0.248738 -0.437259 3.55581 3.87237 1.48821 2.39145 1.64625 -0.0981447 -0.35817 0.0745081 0.219557 
3.10478 0.712702 0.776057 2.65714 2.86762 1.94665 2.14507 1.33825 -0.290508 -0.527976 0.226746 0.183919 
3.04458 1.11732 1.00141 2.57414 2.8423 1.96305 2.10763 1.31972 -0.0640044 -0.474486 0.329129 0.168002 
3.61682 0.388515 0.586796 3.88717 3.72998 1.89615 2.84119 1.90462 -0.349228 -0.425916 0.243347 0.294975 
3.34805 0.623046 0.92734 3.63193 3.514 2.01135 3.01313 1.82102 -0.297812 -0.600008 0.284883 0.295141 
4.2447 0.190102 -0.696381 4.37013 3.67181 1.28572 3.07518 1.5992 -0.151722 -0.672918 0.271762 0.285304 
3.40381 0.89111 0.880734 3.07285 3.08156 1.87077 2.41552 1.71303 -0.324488 -0.592345 0.339211 0.234388 
3.48772 0.756405 0.853479 3.18337 2.92966 1.78923 2.48425 1.8531 -0.346969 -0.683721 0.325162 0.245827 
3.7297 0.0655519 0.587133 4.63739 3.86459 1.39794 3.06742 1.77918 -0.513411 -0.449474 0.333263 0.305915 
