2.32023 -1.27987 1.48781 -0.542672 1.02859 -0.212029 0.13304 -0.0313348 0.31492 0.53645 0.33543 0.000175585 
2.06947 -0.774027 1.19165 -0.293778 1.15827 -0.305036 0.0218015 -0.474806 0.427757 0.567349 0.350773 0.000364591 
2.13921 -0.947586 0.601526 -0.118088 1.22649 -0.326957 0.0467739 0.0656584 0.395517 0.316543 0.438957 0.0242137 
2.34185 -1.00758 0.805286 0.235122 0.395827 -0.474387 0.412568 -0.251703 1.19143 0.556612 0.483436 0.0625138 
2.67761 -1.0181 0.947151 -1.23567 0.165195 -0.802813 0.0344777 -0.0426593 0.240367 0.845596 0.451208 0.00518882 
2.49594 -0.9471 1.08874 0.370527 0.0558751 -0.583225 0.288506 -0.344255 1.11473 0.479541 0.431344 -0.0171666 
2.57291 -0.46854 1.11168 -1.03242 1.23429 -0.975637 0.512518 -0.638461 -0.0895671 0.797609 0.380772 -2.81128e-005 
2.29928 -0.855466 1.27808 -0.606636 0.370792 -0.20435 0.0190395 -0.334235 0.394769 0.35509 0.553614 0.0472854 
2.19576 -0.643581 1.37142 -0.617372 0.861118 -0.470654 0.457325 -0.930938 0.410109 0.792942 0.557569 0.00623317 
2.0594 -1.09893 1.37487 0.0760453 1.13965 0.440383 0.597479 -0.273621 0.512291 0.344335 0.349179 0.00346944 
2.31727 -0.845986 1.06579 0.203659 1.5287 -0.0124464 0.96062 -0.968158 0.0833196 0.388531 0.0522898 0.0149181 
1.91035 -0.792558 1.23895 0.412711 1.34498 0.00608039 0.496838 -0.465405 0.592905 0.400017 0.265883 -0.000184641 
1.99353 -1.37815 0.975313 -0.331124 1.18655 -0.550958 1.19342 -0.576234 -0.0201926 0.244134 0.18756 0.0462054 
1.88954 -0.662373 0.721267 0.350845 1.63576 -0.287809 0.81019 -0.00451504 0.40566 0.258097 0.436901 0.0321524 
2.03869 -1.10752 1.21883 -0.0130452 1.86846 -0.520162 0.632568 -0.147229 0.742712 0.352748 0.439676 0.0291173 
1.91079 -1.34941 1.45221 -0.78626 0.753095 -0.412358 0.103319 -0.589468 0.0187486 0.611433 0.21746 0.0430716 
2.33527 -0.903003 1.2962 -0.469759 1.30598 -0.474859 0.799949 -0.761068 -0.0130029 0.265859 0.191059 0.0172963 
2.00943 -0.99803 1.33561 -0.0764148 1.96835 -0.433419 0.24439 -0.469048 0.486422 0.0837987 0.154395 0.114392 
1.89619 -0.573098 1.04414 0.20229 1.31837 0.491049 0.988101 -0.916566 0.373613 0.118763 0.279791 -0.00715405 
1.84997 -1.23982 1.1833 0.195573 1.05128 -0.1936 0.267038 -0.844839 -0.311801 0.464006 0.358466 0.0459628 
2.00372 -0.644736 0.825759 0.234942 1.29345 -0.272077 0.354297 -0.778292 1.03724 0.38166 0.250657 0.109374 
1.7219 -0.787544 1.50446 0.0726881 1.57669 -0.271257 0.296079 -0.657387 0.412312 0.224922 0.220069 0.0125511 
1.87173 -1.32915 1.06173 -0.141717 0.857962 -0.487744 0.60186 -0.420484 0.319296 0.346798 0.104793 0.00159189 
2.46144 -0.916281 0.414487 -0.20381 1.56199 -0.284882 1.38947 -0.0480861 -1.1779 0.591996 0.488083 -0.00841115 
2.05333 -1.57977 0.766737 0.221877 0.666067 -1.09842 2.53783 1.99577 -0.415666 -0.358331 -0.176346 -0.142814 
1.28644 -1.97098 -0.216236 -1.51096 -0.129416 0.736623 2.3156 0.591948 0.480964 -0.756002 -0.247141 -0.0166943 
1.70446 -1.16386 -0.0142108 0.859108 1.16804 2.02497 3.51779 0.542149 0.492057 -0.743661 0.22766 0.0149044 
2.54153 1.80071 1.67498 2.51655 3.42909 1.47942 3.61205 1.05723 0.464758 -0.513912 -0.0201 0.195469 
3.7775 1.62892 -0.0307814 3.10737 3.01587 1.26618 3.48657 1.41791 0.501072 -0.771839 -0.105391 0.126681 
4.462 0.756913 -1.47516 1.48633 3.31711 0.845608 3.01322 2.09828 0.963189 -0.469425 -0.222166 0.107572 
3.01004 1.94934 1.30046 1.86268 2.20272 1.929 2.02105 1.39153 0.733413 0.119816 0.229788 0.0754856 
3.4245 -0.00189452 -0.29198 2.69634 1.84612 -0.469996 2.30648 2.76996 0.535686 -0.219051 -0.234169 0.0739158 
3.26603 0.883906 0.451104 2.07345 2.4012 1.49747 2.36785 2.40411 0.482816 -0.729018 -0.164122 0.111078 
3.56062 0.780194 0.20163 2.38104 2.83953 1.48028 2.26641 2.32925 0.554103 -0.687669 -0.440568 0.0842556 
4.93516 0.466515 -1.38937 4.61749 5.19646 -0.0044023 2.92099 2.55261 0.830126 -0.545445 -0.588634 0.196572 
3.64011 0.363894 0.378846 3.0798 4.03391 1.0569 2.30588 2.19592 0.39393 -0.265981 -0.44275 0.140743 
3.13987 0.94805 0.512749 2.6919 3.05661 1.53702 1.60754 1.63456 0.494317 -0.525746 -0.228282 0.0973663 
3.06701 1.11303 0.875721 2.30958 2.79336 1.62545 1.42629 1.57475 0.431718 -0.393896 -0.0499366 0.0764156 
4.22717 0.725776 -0.189667 3.99948 4.72837 0.417887 3.18747 2.29327 0.358584 -0.295602 -0.444187 0.209242 
3.14342 1.66836 1.5002 2.60723 2.37348 1.02 1.56359 2.04186 0.831402 -0.239732 -0.164598 0.0618591 
3.00671 1.3143 1.58982 2.81802 2.09155 0.836549 1.5092 1.93941 0.655759 -0.207486 0.0686403 0.0924896 
3.66886 0.483651 1.02177 3.49419 3.09108 1.24949 3.00648 2.41409 -0.217232 -0.257394 -0.158565 0.157671 
3.62742 0.221557 -0.00586533 2.59856 2.8262 1.63141 2.47062 1.97331 -0.0381593 -0.347203 -0.206543 0.0920675 
3.86042 -0.753065 -1.16682 3.58449 3.39906 1.03422 2.51144 2.18412 0.438364 -0.580077 -0.145318 0.165202 
3.84987 -1.08848 0.100122 3.94856 3.25046 0.0997684 2.87742 2.33392 0.193565 -0.425102 0.0379825 0.187876 
4.10663 -0.494909 1.26464 4.86498 4.71927 0.822574 2.94393 2.47822 -0.261603 0.0792516 0.148938 0.22919 
4.25829 -0.856946 0.369089 3.95245 6.13488 0.655366 2.16096 1.96901 -0.0949027 0.427521 0.19303 0.270731 
3.22722 1.162 1.05774 3.24137 3.87373 2.22095 1.23479 1.00831 0.380283 0.365327 0.820016 0.18221 
3.17673 1.93409 1.37756 1.91828 2.56542 2.43954 1.73946 0.675636 0.259653 0.666167 0.713807 0.135643 
3.095 1.97784 2.38682 2.76622 2.82763 2.97706 1.76421 0.647587 0.22014 0.929477 0.594307 0.123034 
3.2242 2.21603 2.04446 2.29285 2.72205 2.5992 1.48656 0.321427 0.623312 0.754907 0.238964 0.0807967 
3.24718 2.24294 3.68812 2.62778 1.73403 2.65867 1.862 0.561859 0.074009 0.566692 0.337526 0.043093 
2.75734 2.07619 2.10831 1.83088 1.8942 1.61902 1.0924 0.719357 0.581946 0.352185 0.182198 0.0411227 
2.63187 2.02892 2.30353 1.64893 1.52022 1.57446 1.17425 0.680622 0.69255 0.624801 0.27428 0.0422646 
2.43196 1.43482 3.04629 1.75081 1.68046 1.97089 1.69281 0.302398 1.53915 0.890707 0.0691045 0.103114 
1.89385 1.14902 3.11913 1.48739 2.08886 2.42231 1.99089 0.0204841 1.65273 1.24088 0.144466 0.0998605 
2.25012 1.15069 2.55294 1.61913 1.9788 1.82328 1.25319 0.796857 1.42267 1.07017 0.359968 0.0524035 
1.76589 0.453862 2.74658 1.24991 1.38845 0.954608 1.12794 0.223991 1.40493 0.635437 0.112433 0.0408218 
1.62208 -0.469791 1.68351 0.269244 1.32796 0.280873 0.720947 -0.610636 0.786613 0.50048 0.241488 0.0546476 
1.34133 -0.0465645 1.91164 -1.12774 1.48029 -0.117683 1.16454 -0.86202 1.21325 0.696342 0.49334 0.106626 
1.38926 -0.0431658 1.68437 -0.154298 2.34717 0.316464 1.18404 -0.497544 1.12777 0.278651 -0.0867227 0.138688 
1.31569 0.117309 1.50689 0.695361 1.76358 0.883545 1.78897 -0.859108 1.03388 0.809808 0.177124 -0.0234507 
1.3679 -0.121881 1.43297 -0.566219 1.92093 -0.116074 1.21972 -1.34667 1.09298 0.57451 0.315493 0.20082 
1.4336 0.00956863 2.40547 0.511512 2.44024 -0.378469 1.56488 -1.40742 0.145045 0.618651 0.412649 0.0920931 
1.78025 0.0878841 1.37568 0.297238 1.32015 -0.00167007 1.10427 -0.383784 0.808492 0.796226 0.339444 -0.0433604 
1.7206 -0.5585 1.30265 0.0106891 1.137 0.335984 0.228389 -0.685494 0.808732 0.784974 0.423745 0.0602175 
1.69087 -0.487929 0.74183 -0.461112 1.85007 0.476998 0.718636 0.00811123 0.691092 0.675865 0.270613 0.00332386 
1.76899 -0.8885 1.36283 0.881789 1.48029 0.905206 0.6997 -0.392883 0.325912 0.307635 0.30605 0.0171231 
1.92946 -0.683169 1.08558 -0.26423 1.16362 0.0781576 0.0810462 -0.735767 0.293642 0.824173 0.245556 -0.00185157 
1.77553 -1.00822 1.09459 0.30423 1.70388 0.104538 -0.279338 -0.813519 0.18776 0.336008 0.342887 0.029767 
1.89323 -0.554454 0.539084 -0.311833 1.82878 -0.0701902 0.779209 -0.617482 0.163649 0.512473 0.264306 -0.0282807 
1.60665 -1.31464 1.01405 0.300733 1.69179 -0.256597 -0.197059 -0.542194 0.217448 0.450037 0.161488 0.098529 
1.55951 -0.412589 0.893971 -0.0539276 1.31313 -0.164459 0.318703 -0.319226 0.0567578 0.523933 0.326473 -0.0186345 
1.76106 -0.852379 1.49423 -0.192997 1.31877 0.393623 0.423351 -0.943543 0.322813 0.147462 0.113516 0.029152 
1.59352 -1.14644 1.07513 -0.0441538 1.25969 -0.550335 -0.052505 -0.77104 0.00615948 0.493161 0.447852 0.119171 
1.54846 -0.39203 0.781702 0.161153 1.69489 -0.332804 0.647112 -0.494717 0.046982 0.221883 0.380486 0.031382 
1.80075 -0.433526 0.832375 -0.050628 1.46645 -0.526597 0.329611 0.0758237 0.202103 0.284252 0.355246 0.00783059 
1.90356 -0.741115 1.10769 0.108625 1.4205 -0.609565 -0.0948898 -0.880724 0.18883 0.50372 0.299576 0.0959562 
1.57707 -1.02978 1.25414 0.0485373 1.2657 -0.349266 0.470166 -0.331737 -0.338081 0.393806 0.439139 0.0576735 
1.74038 -0.674554 0.737667 -0.202455 1.26644 -0.223639 0.673416 -0.27425 0.139892 0.258556 0.376861 0.111885 
1.64104 -0.42643 0.626098 -0.484439 1.27636 0.262789 0.254641 -0.933723 0.34819 0.219851 0.230943 0.00274762 
1.70951 -0.679016 0.688292 -0.0154396 1.35715 -0.151958 0.081707 -0.72557 0.333957 0.248129 0.404843 0.0185572 
1.87684 -0.101948 1.19798 -0.292306 1.24076 0.444192 0.796892 -1.05224 0.36999 0.37057 0.503383 -0.0129579 
2.11839 -0.0429252 1.18541 0.402335 2.33744 0.873247 0.667003 -0.289512 0.260871 0.226725 0.254363 -0.0641197 
1.74799 -1.01857 0.388466 0.46374 1.36557 -0.353101 0.970816 -0.678878 0.0386638 0.40154 0.107667 -0.0359225 
