0.865513 0.00431573 -0.827601 -2.90684 -0.130471 -1.29538 1.77207 0.889107 2.72432 -0.461667 -0.0141724 0.0501496 
2.669 -0.670763 -0.437275 -1.53645 0.19434 -1.71692 0.919331 0.164529 1.23554 0.476111 0.174492 -0.000858472 
0.0162913 -1.45683 0.113012 -0.963511 -0.519604 -1.71515 1.1231 0.453572 2.23081 0.138979 0.0317063 0.283629 
-2.76079 -1.10529 0.0678343 -0.593307 -0.745498 -0.883808 0.558081 -0.865577 2.55635 -0.0456896 -0.511842 0.149576 
-0.309126 -1.01478 -0.0854735 0.538181 -0.144657 0.126026 0.606769 -1.43659 2.30723 -0.214524 0.0945337 0.104943 
1.87155 -0.827242 -0.322953 -0.689308 0.273976 -1.62468 0.0824696 -0.339928 1.34238 0.808959 0.399111 -0.13532 
2.35791 -1.16101 0.608529 -1.20672 0.186637 -1.32645 0.080293 -0.217766 0.636335 1.0861 0.403839 -0.0963448 
2.11956 -1.65174 0.988028 -0.984979 1.505 -0.684979 0.188389 -0.623936 0.408636 1.02864 0.360203 0.0533669 
2.45984 -1.83572 1.46765 -0.837441 1.83649 -0.94093 0.121409 -0.140011 -0.0111964 1.05461 0.108237 -0.153046 
2.07486 -1.94766 0.901449 0.356281 1.87528 -0.476579 0.286287 -0.261327 0.214965 0.943346 0.411759 -0.025675 
2.27441 -1.9767 1.46857 -0.0809126 2.04567 -0.114649 0.66333 -0.408395 0.368766 0.878462 0.0583361 -0.073231 
2.26092 -1.50752 1.07745 -0.24219 1.50546 0.283011 -0.430761 -0.400941 0.404002 0.805516 0.137851 -0.0790254 
1.91431 -1.88566 1.03044 0.181045 1.72102 -0.635581 0.580207 -0.302408 0.169769 0.847446 0.224306 -0.128282 
2.05305 -1.31508 1.39841 0.243095 1.86719 -0.422235 0.140034 -0.648963 0.380649 1.11584 0.0848305 -0.123593 
2.42853 -1.16004 1.44414 0.0864493 1.75641 -0.689746 0.450793 -0.501581 0.637314 1.12898 0.247418 -0.0826339 
1.81555 -1.09057 1.23422 -0.0270018 1.27621 0.257392 0.45463 -0.613703 0.965835 0.746996 0.146816 -0.0443405 
2.08645 -1.8044 1.7927 0.375116 1.82053 -1.14074 0.337979 -0.172357 0.263903 0.465713 0.182023 -0.0509155 
2.1037 -1.59251 0.895069 0.442539 1.94726 -0.890423 0.699903 -0.400101 0.415124 0.450791 -0.145698 -0.0868047 
2.02398 -0.964809 1.06515 -0.612025 1.74926 -0.45042 0.25923 -0.0940066 0.389848 0.299771 0.271347 0.000238443 
1.89497 -1.41434 1.37939 0.0193782 1.82762 -0.864154 0.320795 -0.602322 0.0405456 0.823094 0.0873031 -0.0859247 
2.06567 -1.34661 1.34223 -0.227321 1.91723 -0.545148 0.909856 -0.272363 0.741821 0.988552 0.0501269 -0.0577256 
1.78254 -1.01874 1.06756 -0.432738 1.28785 -0.0110571 0.181667 -1.38975 1.01756 0.914751 -0.0872074 -0.0839499 
1.96589 -1.08724 1.06408 -0.414125 1.22272 -0.51205 0.0157847 -0.789129 0.562697 0.690012 0.150391 -0.0596352 
1.92938 -1.78308 0.953113 0.803573 1.58538 -0.500152 -0.162169 -0.615411 0.655697 0.350688 0.219997 -0.0650118 
1.97117 -1.75968 0.717305 -0.266849 1.47934 -0.358575 0.108508 -0.657643 0.89174 0.637357 0.156971 -0.0876987 
2.00383 -1.5662 1.17772 -0.0447227 1.68034 -0.290972 0.580759 -0.574145 0.60042 0.750026 0.155307 -0.0305083 
1.94723 -1.40473 1.42126 -0.22556 1.56579 -0.902468 -0.56086 -0.796506 0.500895 1.00837 0.300956 -0.017874 
1.96365 -1.10549 0.922712 0.455149 2.00758 -0.53195 -0.0596422 0.0932174 0.659358 0.437244 0.372016 0.00119951 
1.84634 -1.30957 1.10712 0.566631 1.60049 -0.242987 0.341505 -0.429083 0.50393 0.777669 0.151371 -0.13011 
1.87749 -1.31717 1.01 -0.342942 2.23347 -0.603338 -0.24727 -1.1271 0.0245992 0.824087 0.0737328 -0.0739703 
1.61524 -0.935915 0.923919 -0.0505826 1.62922 0.220799 0.307755 -1.389 0.649243 0.791144 -0.000102147 -0.0757516 
1.68265 -1.39216 1.24312 -0.870659 1.35568 -1.02144 -0.790151 -0.657243 0.834366 0.9756 0.229478 0.015598 
1.92969 -1.20186 0.892461 -0.124378 1.08222 -0.122803 0.148545 -0.590322 0.374981 0.846855 0.0395524 -0.122842 
1.86601 -1.12919 1.00232 0.12846 1.98645 -0.0156334 0.332375 -0.820954 0.727358 0.764861 0.228983 -0.0540087 
1.93575 -0.751416 1.39451 0.46667 2.18074 -0.306623 0.761359 -0.405818 0.75865 0.979585 0.292567 -0.0955825 
1.31892 -1.42612 -0.584513 1.47668 -0.185356 -0.887477 0.127777 1.49758 -0.0985473 -0.846883 -0.0871705 -0.173401 
2.06588 -0.568731 1.13084 0.484484 0.845268 -0.073112 3.68154 0.947091 0.298791 -0.894144 -0.0323188 -0.0731064 
1.1538 -2.13842 -1.33905 -1.54412 -1.23052 -0.137168 2.51926 -0.0980257 1.00078 -0.438539 0.235078 0.0192434 
1.38122 -1.39628 -0.813968 -1.15895 -0.346238 -0.453814 2.92603 0.206426 1.109 -0.225326 0.0225442 -0.08965 
2.57486 0.717467 0.369376 0.899472 1.17799 0.394993 2.81415 0.957033 1.09708 -0.308099 0.218222 0.00627685 
3.55232 1.05634 1.20815 3.52835 2.36328 0.595933 2.69658 1.86955 0.189608 -0.682822 0.232937 0.183774 
4.17156 0.431339 -0.145399 2.82594 1.62941 0.762093 2.38444 2.6269 1.09832 -0.381182 0.165574 0.152071 
2.6517 1.16442 1.26495 2.95242 1.93344 1.58836 0.886589 1.91778 1.93327 -0.406131 0.523127 0.113511 
1.98305 -0.686783 0.724001 2.86851 1.63526 0.173564 3.25905 2.06952 2.31708 -0.431517 0.101608 -0.0175324 
3.33064 0.717214 0.91691 1.93387 1.54584 1.11896 2.46798 2.30922 0.644993 -0.355601 0.102099 0.0854491 
4.32215 -0.0921133 0.271594 3.95974 2.57435 0.760748 2.68578 2.15298 0.100199 -0.535744 0.127776 0.187824 
4.60935 -1.05177 -1.0014 5.02886 4.08098 -0.0804712 3.45424 1.53924 0.462987 -0.86797 0.202463 0.243352 
4.75638 -1.20231 -0.7805 4.78593 3.16299 -0.250198 3.5126 1.43928 0.568659 -0.861576 0.161674 0.167143 
2.94857 -0.579768 0.785222 3.66435 2.95312 1.41556 2.32695 1.57638 0.0302429 -0.368443 0.193777 0.20227 
3.88691 -0.925247 -0.654057 4.81076 4.03149 0.786731 3.08541 1.52756 0.163247 -0.547324 0.264342 0.271539 
4.09482 -0.837587 -0.199996 5.29271 4.3589 0.179062 3.18895 1.79518 0.0157575 -0.638275 0.0653459 0.262922 
4.23795 -0.0316218 -0.399804 4.07437 3.56328 0.533107 2.44459 1.69686 -0.0548233 -0.495774 -0.00367444 0.176657 
2.98041 1.02839 1.11247 2.69758 2.43391 1.49601 1.52606 1.19399 0.0814791 -0.238179 0.225864 0.0929584 
3.04194 1.13382 1.15182 2.87028 2.90696 1.60483 1.56162 1.41693 0.231917 -0.364097 0.35453 0.143705 
3.12454 0.737063 1.52579 3.78162 3.28404 2.12426 2.7328 1.68792 -0.1335 -0.325147 0.361822 0.242181 
3.46841 0.470215 1.42778 4.73867 3.87055 1.82291 2.64473 1.91487 -0.182263 -0.211845 0.313045 0.268248 
4.18565 -0.0925367 0.147139 5.49956 4.99311 0.834822 3.47049 1.44554 0.0634376 -0.352488 0.28429 0.297176 
3.6349 -0.019694 0.196055 4.4758 3.95788 1.38743 2.90399 1.44551 0.0404328 -0.35166 0.30813 0.275579 
3.53524 -0.31097 0.520035 4.07074 3.66406 1.63171 2.16606 1.79279 0.0430128 -0.321044 0.324806 0.270413 
3.21727 0.245238 1.04578 3.82019 3.46988 1.78543 2.03311 1.75848 0.104869 -0.36458 0.309796 0.244911 
2.72461 0.556605 1.66662 4.08234 3.7907 2.27931 2.09799 1.35546 0.0643369 -0.0994626 0.442005 0.237678 
2.83392 -1.40717 0.768374 3.13237 4.13074 1.84169 2.22611 1.04574 1.00257 -0.560855 0.48412 0.352893 
2.59266 -3.23935 1.07181 2.99694 5.43642 1.94223 1.27918 1.4943 0.985761 -0.234565 0.249126 0.312976 
3.20248 0.695161 1.46779 4.10192 3.35924 0.545781 0.683198 2.0297 1.01505 -0.0323876 0.222135 0.151179 
2.71135 2.06982 2.03397 2.04874 1.70017 1.24915 1.03724 0.929437 0.558893 0.449559 0.2366 0.0354879 
2.78311 1.15747 2.29846 4.33897 3.76053 0.373106 1.64501 -0.0376814 1.23837 0.6217 0.298712 0.0192844 
2.23746 0.490686 2.3125 2.37063 2.75839 0.254428 0.572494 0.479773 0.611734 1.2743 0.146226 -0.0539016 
2.58741 1.10131 1.74087 2.35664 2.82981 1.36334 1.05844 -0.1719 1.51373 1.34732 0.157264 -0.0174271 
2.5441 1.0165 1.85028 1.98645 2.63665 1.0522 0.568196 -0.353294 1.34285 1.1706 0.147548 -0.0230707 
2.05842 0.536974 2.0964 1.43913 2.45368 0.679126 1.67865 -0.0959861 1.73053 1.6092 0.214035 -0.0651745 
2.2342 0.555566 2.35919 1.15468 2.28917 0.552829 1.28875 -0.0361763 1.01385 1.37933 0.4621 -0.0503813 
1.87139 0.0426973 1.95755 0.444232 1.58594 0.111516 1.09037 -0.151364 1.36351 1.47005 0.410505 -0.11899 
1.76405 0.0926737 1.68069 0.855297 2.68006 0.559617 0.81816 -0.156486 1.46595 1.11896 0.390845 -0.0990001 
1.66929 -0.657523 1.1651 0.059381 1.20582 0.0645064 0.417961 -0.438998 1.16876 1.20784 0.191002 -0.0710298 
1.77584 -0.773202 1.42048 0.734218 2.04014 -0.547506 -0.064001 -1.4202 0.135796 1.15871 0.134539 -0.0839887 
1.31467 -0.796753 1.14027 0.106426 1.82795 -0.238042 0.193144 -0.897334 0.912429 0.940596 0.290304 -0.120854 
1.65076 -1.05629 1.18857 -0.000347445 1.35995 -0.729875 0.364885 -0.117202 0.331043 0.94467 0.513565 -0.180104 
1.44816 -0.788734 1.25131 0.412047 1.51887 -0.032736 0.0169761 -0.859343 0.75662 1.10832 0.327792 -0.101101 
1.51922 -1.03493 0.773648 0.0399708 1.54427 -0.377428 0.318158 -0.353133 0.640972 0.861396 0.062545 -0.0835696 
1.69491 -0.693722 1.44411 0.250294 1.76707 -0.0967439 -0.00351508 -0.937275 0.570615 0.884402 0.27233 -0.118913 
1.57754 -1.25701 0.823804 -0.0898892 1.3997 -0.57981 0.384577 -1.03301 1.02196 0.879741 0.0975801 -0.0225378 
1.57902 -1.12235 0.978943 0.00591554 1.45583 -0.408425 0.669404 -0.342182 1.08521 0.661353 0.16173 -0.135911 
1.66474 -0.921775 1.13398 0.734339 1.53032 -0.32269 0.536467 -0.882267 0.604687 0.820767 0.280327 -0.0511242 
1.68903 -1.331 1.06638 -0.393259 1.76843 -0.0989788 0.141541 -0.634918 0.571306 0.921324 0.0272091 -0.108455 
1.66233 -1.20292 0.522536 0.0747189 1.78942 0.209555 -1.02331 -0.563187 0.433394 0.875878 0.305441 -0.046487 
