2.01445 -0.869517 1.53698 0.0511295 1.46203 0.730217 1.09929 -0.52777 0.422036 0.497294 0.24388 -0.0322991 
1.95016 -0.736024 1.33281 -0.314645 1.33745 -0.0231582 0.561178 0.00187597 0.476698 0.165467 0.12463 -0.0287365 
1.38394 -0.878248 0.8606 0.18069 1.58847 -0.569556 1.74882 -1.23092 0.773338 0.442135 0.209022 0.0028503 
2.6343 -2.51541 0.952107 3.51062 0.684885 -3.23762 5.2158 2.01255 -0.149451 -1.21337 -0.337883 0.0434501 
2.54629 -2.91833 1.03843 3.83574 1.24586 -2.40029 3.75383 2.28387 0.233487 -1.14664 -0.270756 0.0855737 
1.77994 -3.01251 1.34179 2.56316 -0.913597 -1.4699 2.62471 2.94237 -0.472798 -0.80939 0.0239389 -0.024059 
2.53364 -1.00416 0.152618 -0.371416 -0.138755 0.147941 1.41865 1.7299 0.811754 -0.612958 -0.255194 0.020191 
2.49914 -0.885041 0.719933 -0.738812 0.774614 0.418686 1.23308 0.793812 0.545809 -0.104109 0.020952 0.0502897 
2.20975 -0.767868 1.00916 -0.238589 1.05638 1.10699 1.54067 -0.290821 0.719986 0.080997 0.197836 -0.00437258 
2.136 -0.801147 1.25517 -0.303617 1.08948 -0.751335 0.483631 -0.212547 0.248824 0.583077 0.33706 0.00116061 
2.13676 -0.636503 0.774936 -0.853772 0.604788 -0.76859 -0.0155646 -0.239818 1.01443 0.912727 0.524825 -0.00868302 
2.38142 -1.04972 0.755758 -0.72238 0.42424 -0.757442 0.0469035 -0.341419 0.863507 0.656559 0.391146 0.0251163 
2.16767 -0.889489 1.21213 -0.528303 1.52471 -0.831436 0.232282 -0.371878 0.64641 0.587606 0.35015 0.0213876 
1.92749 -1.19333 1.10258 -0.393806 1.43472 -0.705563 0.514917 -0.494173 0.0840738 0.387108 0.0421124 0.0209459 
2.29543 -0.998754 0.955999 -0.7179 1.44136 0.205744 0.406402 -0.250788 0.659006 0.448402 0.368719 0.0819113 
2.25283 -1.16384 1.06055 -0.700004 1.20126 -0.326595 0.599577 -0.100071 0.964602 0.639863 0.39759 0.0388157 
2.09037 -0.813183 1.16094 -0.288553 1.12732 -0.416511 0.624846 -0.313219 0.712035 0.29811 0.246672 0.0243381 
1.8528 -1.35848 0.947293 0.0268585 2.18567 0.300588 1.22956 -0.169293 -0.00577786 0.241262 0.108285 -0.0154243 
2.03646 -0.886102 0.785272 0.0202796 1.51757 -0.264176 0.846857 -0.703394 0.421869 0.260803 0.0720532 0.0560635 
1.87833 -0.812256 1.50717 0.31439 0.96635 0.0199178 -0.059113 -0.464122 0.856532 -0.0232075 0.297007 0.0314906 
1.75116 -0.929936 0.456058 -0.409518 1.308 -0.0850903 0.611752 -1.26638 0.362728 0.142791 0.0589638 0.0393715 
1.95449 -1.30777 0.982325 0.26472 1.22122 -0.0675629 -0.00553153 -0.689024 0.51935 0.203393 0.18839 0.0353787 
2.03684 -0.610733 0.970916 0.154652 2.02207 0.531839 0.80368 -0.593495 0.0882188 0.143272 0.252999 -0.0121011 
1.94475 -0.851405 1.71955 0.834248 1.43124 -0.686862 1.23016 -0.338686 0.850241 0.302821 0.169828 0.0344939 
2.03511 -1.15601 1.13009 0.625585 2.02992 -0.139312 0.0666822 -0.299261 0.446666 0.0308074 0.196816 0.00362304 
1.90781 -0.938659 1.08088 -0.106775 0.974155 0.199707 0.893746 -0.730217 0.20578 0.427335 0.344963 0.0129161 
1.99971 -0.516612 1.07961 -0.0270797 2.25511 -0.394956 0.615058 0.377411 -0.298973 0.29554 0.442291 -0.0503245 
2.01149 -0.778324 1.16099 -0.142789 1.59522 -0.420997 0.0226685 -0.809399 0.249751 0.391064 0.275595 0.0190748 
1.98917 -0.697422 0.538207 0.277408 1.87666 -0.362823 0.431154 -0.622376 0.688711 0.183027 0.249016 -0.0264803 
1.97917 -0.997782 0.888623 0.175057 1.07585 0.366017 0.480453 -0.743946 0.811616 0.476308 0.181753 -0.0560478 
2.00081 -0.746824 1.05328 -0.273622 1.39664 -0.341711 0.799376 -0.321778 0.162191 0.353731 0.118931 -0.0147571 
1.89621 -0.503916 0.894578 0.249024 1.32343 -0.449588 0.603131 -0.680824 0.25054 0.271486 0.26871 -0.0645485 
1.9542 -0.84736 1.52785 0.411671 2.04503 0.164966 0.814501 -0.784957 0.138608 0.71111 0.305337 0.0289299 
1.8987 -0.856715 1.18767 0.393061 1.3367 -0.354187 0.405982 -0.643937 0.246276 0.435436 0.454604 0.0224333 
1.81029 -0.826771 1.00148 0.748667 1.0858 0.414351 0.710135 -0.440119 -0.168921 -0.084883 0.226618 0.0371638 
1.74671 -1.30002 0.976694 -0.436653 1.03262 0.0707579 0.714574 -0.908934 0.325612 0.526681 0.233437 -0.0882012 
2.06408 -0.720399 0.792083 -0.0929187 0.18985 -0.0856894 0.421066 -0.501605 0.724687 0.350397 0.472199 -0.00804434 
1.93866 -1.01996 1.14869 0.439899 0.715723 -0.596802 0.362665 -1.0918 0.015927 0.511716 0.316752 -0.0641641 
2.16413 -0.874556 0.966006 0.26728 1.2487 -0.199069 0.114553 -0.510787 0.109194 0.401564 0.283554 0.044479 
1.93831 -0.776419 1.02872 -0.131123 1.51851 -0.0300146 0.0571324 -0.750104 0.297595 0.278238 0.338492 -0.0105101 
1.89341 -1.10593 1.26154 -0.0305444 0.912394 -0.204352 1.16103 -1.105 0.116513 0.362154 0.264023 0.0512822 
2.00302 -0.749445 1.2087 -0.185734 1.00801 0.0252657 0.463369 -0.535027 0.379753 0.225868 0.172269 -0.00901509 
1.90936 -1.23334 1.17123 0.246386 1.20227 0.0283506 0.822793 -0.740228 0.245748 0.449168 0.258836 0.0707804 
1.77977 -1.08273 0.840434 0.00467777 0.879002 0.299655 0.252121 -0.827912 0.605621 0.438627 0.501776 0.105327 
2.07768 -1.14471 0.807011 0.468513 0.848698 -0.246111 0.776675 -0.742676 0.675208 0.257295 0.536993 0.0169433 
1.82286 -1.0427 1.68083 -0.126919 1.44644 -0.248443 0.496849 -0.673057 0.233532 0.685682 0.294146 -0.057329 
1.99406 -0.904128 1.12763 0.244854 1.04616 -0.000691432 0.147572 -0.749202 0.823554 0.364985 0.194209 -0.00657479 
1.96623 -0.824941 0.665636 -0.426305 1.53989 0.464283 0.432926 -0.485696 0.635395 0.227139 0.234542 -0.00462515 
1.77753 -1.24488 0.969449 -0.105846 1.35939 -0.40956 0.472525 -0.838741 0.16778 0.663384 0.429123 0.0134923 
1.72536 -1.07519 0.954484 0.719544 0.784245 -0.00583426 0.416596 -1.01731 0.459919 0.354302 0.407606 0.00610804 
3.53343 -2.70427 -0.785395 -0.580077 0.038888 -0.0297847 -0.424977 -1.03412 -0.643262 -0.176003 0.109089 -0.0663077 
2.71355 -3.03905 -0.375979 0.144831 0.148607 -1.70481 2.20869 1.72051 -0.156957 -0.380524 -0.326529 -0.0506008 
1.67375 -0.921638 0.908141 -0.813778 0.465815 -0.121147 2.29843 1.14005 0.497731 -0.704184 -0.184093 -0.0984928 
2.02526 -0.96202 -1.09965 -0.889348 -0.242517 0.0895483 2.70017 1.70598 0.268197 -0.978654 0.213781 -0.00986801 
2.9704 0.516452 0.272268 2.02218 0.525321 2.23275 3.41823 2.70044 0.958831 -0.358976 0.233706 0.0390465 
3.08303 1.43997 1.15455 0.937517 2.0656 1.94974 2.28614 2.0135 1.09903 0.0398289 0.162115 0.0590482 
2.27834 1.0076 1.55187 1.8651 2.49777 1.61923 0.681558 0.018948 0.832593 0.303671 0.409558 0.0399265 
0.863865 -0.765152 0.244412 2.22406 2.24718 1.22786 1.32875 1.22854 1.72353 -0.725159 0.274045 -0.0594302 
1.44403 -0.629372 0.857888 1.99992 2.02894 0.636796 1.03512 1.18474 1.65558 -0.537588 0.345281 0.00630873 
4.40651 -0.45679 -0.0389432 2.47168 2.15671 1.01268 2.5874 2.44874 0.180437 -0.149511 -0.0494155 0.0168256 
5.28216 -1.15992 -1.21046 3.99132 2.4898 0.18541 3.83012 1.73061 0.650471 -0.646878 0.11338 0.0667189 
3.60098 -0.581136 -0.604403 3.19272 2.73662 1.07129 2.97759 1.83059 0.169359 -0.486655 -0.0277001 0.121167 
3.30372 -0.64469 -0.689221 3.09692 2.73929 1.15557 3.14221 2.0007 0.226605 -0.566007 -0.101055 0.119247 
3.2728 -0.465826 -0.793628 2.74373 2.54131 1.791 2.71519 1.93585 0.335274 -0.601542 -0.0753582 0.111425 
4.44939 -0.905186 -0.94012 3.28294 3.0368 0.490883 3.53616 1.72037 0.377081 -0.78232 -0.0931178 0.138431 
3.89775 -0.685788 -1.2742 3.25306 3.37699 1.09147 3.04636 2.09411 0.388143 -0.748882 -0.147985 0.171456 
4.42586 -0.354171 -1.98254 3.05139 3.90632 1.01731 2.59151 1.85057 0.351296 -0.546414 -0.1692 0.159477 
4.38795 -0.318911 -1.42999 3.48828 3.07587 1.33126 2.62879 1.76907 0.338025 -0.699875 -0.0612859 0.156698 
4.67651 -1.10406 -1.96108 4.21419 4.1946 0.41556 3.61941 1.34944 0.720524 -1.03584 0.0676145 0.224628 
3.22836 -0.910249 -0.739485 2.99433 3.57936 1.75785 2.41862 2.11565 0.348955 -0.702805 -0.070991 0.210377 
3.682 -0.236438 -0.693379 2.48276 2.93452 1.51843 2.3912 1.84263 0.201262 -0.840536 0.00925156 0.202138 
3.28003 0.0514818 -0.453846 2.58383 3.12244 1.82153 2.12573 1.76704 0.0602019 -0.841709 -0.0553939 0.200619 
4.4228 -0.789438 -1.70209 4.23745 4.65773 0.576813 2.80584 1.67596 0.268736 -0.857354 -0.136795 0.257873 
3.77065 -0.150595 -0.841853 3.04195 3.52896 1.69044 2.22699 1.72 0.109042 -0.728494 -0.073559 0.210857 
3.18377 0.808457 0.346867 2.27882 3.28328 2.07413 1.71229 1.36229 0.0887215 -0.676851 -0.00494335 0.147282 
3.27801 1.11728 0.484542 2.34106 3.04034 2.14976 2.05261 1.44726 0.11988 -0.74271 0.0837922 0.165446 
3.61054 0.626295 0.279523 3.18851 3.79289 1.79195 2.47916 1.66416 0.144541 -0.625644 0.00294806 0.235312 
3.56095 0.506359 0.223076 3.20719 3.55692 2.02208 2.31011 1.80035 0.057209 -0.573735 -0.0208615 0.224053 
4.37432 0.215475 -0.538058 4.41389 4.73455 0.977869 3.25407 1.58318 0.152742 -0.602576 -0.0155843 0.280569 
3.80902 0.9958 0.46138 3.10692 3.54028 2.07697 2.64843 1.79904 0.0937718 -0.731285 0.0721531 0.243157 
3.87152 -0.190268 -0.571214 3.57226 3.86471 1.52325 2.53735 1.93611 0.158182 -0.545674 -0.0283081 0.253687 
3.91306 0.105879 -0.505781 3.15844 3.68561 2.0256 2.52694 1.70654 0.111569 -0.57098 0.0896251 0.256059 
4.30315 0.303683 -0.366013 3.25836 4.04634 2.16055 2.18736 1.64307 0.0250345 -0.405519 0.018015 0.221438 
5.27869 -0.0153645 -0.552361 3.48469 3.95119 2.43392 2.6038 1.47437 -0.269636 -0.411434 0.14764 0.219061 
3.87794 1.64661 0.603651 1.86639 3.4264 3.27265 2.3129 0.800646 -0.313558 -0.159206 0.277977 0.176661 
