1.81878 -0.759314 1.1729 0.13922 2.19517 -0.930127 0.549095 -0.57651 0.261964 0.604958 0.197539 -0.1102 
1.852 -0.936619 1.26027 -0.0698517 1.64709 -0.685996 -0.178189 -0.503014 0.401704 0.446297 0.0774668 -0.0270434 
1.38445 -1.38385 1.10352 -0.260597 1.81106 -0.645092 0.362866 -0.843885 0.267724 0.560408 0.0721324 0.0457942 
1.72837 -1.61533 1.35582 -0.211062 1.36305 -1.07993 0.345225 -1.19936 0.0980954 0.577478 -0.108995 -0.0709184 
1.56205 -1.12123 0.98917 -0.164823 1.67116 -0.646534 0.108758 -0.188991 0.115227 0.410456 0.129361 -0.0218336 
1.88156 -1.31344 0.845691 -0.284203 1.48956 -0.152658 0.0491824 -0.227584 0.631826 0.298906 0.213937 -0.0687993 
1.67437 -1.07389 1.21999 0.0114533 1.58162 -0.976817 0.664527 -0.698603 -0.0260365 0.441684 0.269984 -0.01907 
1.93439 -0.965062 1.15325 0.0815087 1.56222 -1.1872 0.188825 -0.204628 0.25265 -0.126302 0.160903 -0.0504662 
1.78392 -0.68881 1.32294 -0.0374647 1.81772 -0.5162 0.321182 -0.449576 0.411801 0.760435 0.170405 -0.0766819 
1.61373 -1.30137 0.825431 -0.0961781 1.47752 -0.911922 0.331526 -0.882305 0.386939 0.440323 0.127697 0.0151067 
1.72117 -1.06914 1.07761 0.332164 1.33815 -0.86642 0.26655 -0.932822 0.256022 0.693811 -0.0188982 -0.0989849 
1.63278 -1.35507 1.81144 0.0350995 1.51987 -0.346161 0.872363 -0.713694 -0.228844 0.697287 0.377653 -0.0559367 
1.67798 -1.15478 1.22998 0.0088086 1.72696 -0.815093 0.209115 -0.667772 0.176677 0.444422 0.271278 -0.0341016 
1.88469 -1.38378 1.36553 -0.377969 2.23851 -0.383695 0.506955 -0.764231 0.630817 1.0334 0.00799996 0.0403272 
1.94964 -0.718729 1.39922 0.345839 1.87029 -0.106155 -0.234266 -1.09853 0.865638 0.586278 0.141376 0.0324183 
1.6547 -1.39796 0.984643 -0.280928 1.35283 -0.428967 0.381866 -0.161961 0.746883 0.4002 0.219254 0.0497124 
1.75916 -1.50459 1.30937 0.157856 1.88549 -0.739028 0.537385 -0.197988 -0.0246394 0.330663 0.0628484 -0.0867888 
1.69959 -0.868799 0.659854 -0.361297 1.50796 -0.792008 0.620281 -0.837687 0.0502725 0.542518 -0.0648933 -0.0558041 
1.90431 -1.38339 1.1153 -0.519794 1.49287 -0.988248 0.253606 -0.590259 -0.206656 -0.131361 -0.0234211 0.0611941 
2.97798 -0.566011 0.573469 1.30052 1.91556 -0.903183 2.3653 1.90285 -0.875994 -0.50254 -0.32197 -0.035569 
2.11497 -0.748868 0.0363625 0.0713423 0.588509 0.904934 2.43704 1.09896 -0.53025 -0.787569 -0.0349099 -0.113763 
2.29266 -1.15774 -0.895131 -0.106705 1.65014 0.662313 2.97609 0.829857 -0.736473 -0.931354 -0.0630765 -0.041727 
2.39961 -1.62896 0.0654962 1.07651 0.687113 0.937132 3.84546 -0.399536 -0.256201 -0.753968 0.00722243 -0.0470003 
3.18977 0.663172 0.0125325 2.26181 1.94019 1.35603 4.22278 0.309483 0.430857 -0.392146 0.647497 0.102739 
3.11343 1.8917 1.84946 2.32449 2.13892 2.33059 2.30899 1.149 0.288408 -0.270131 0.364697 0.11055 
2.85318 1.79175 1.72025 1.81457 2.2611 2.74489 1.86307 1.26572 0.855671 0.130735 0.423066 0.114636 
2.32707 -0.281174 -1.16812 0.572258 2.60335 0.0905144 2.01668 1.74624 1.54376 -0.624655 0.238691 -0.0991065 
2.84164 0.375583 0.549213 2.05095 2.10955 1.66768 2.43505 1.56372 0.0176546 -0.507372 0.227829 0.114484 
2.83417 0.845918 0.735219 2.41357 2.86817 1.50933 2.61163 1.25642 -0.0760462 -0.358776 0.226913 0.143438 
3.42639 0.214193 0.265576 2.9994 2.91471 1.24075 3.1696 1.76529 -0.391564 -0.406689 0.275079 0.213757 
4.07919 -0.327312 -0.588411 4.31091 4.46491 0.426573 3.65143 1.19586 -0.0755634 -0.43788 0.277616 0.282736 
3.60964 0.316502 0.238306 3.72142 3.8216 1.14053 3.12159 1.50909 -0.421058 -0.320609 0.163174 0.249877 
3.74513 -0.354022 0.939438 4.61507 3.7211 1.13141 3.0881 2.11119 -0.657015 -0.427508 0.136773 0.258309 
4.11386 -0.795383 0.0801205 5.03545 4.76422 0.244821 3.37254 1.61323 -0.501484 -0.449508 0.187553 0.284549 
4.4307 -0.807118 0.10425 5.44902 4.64825 0.433822 3.52335 1.6859 -0.354182 -0.600694 0.282726 0.293151 
3.6859 -0.0576836 0.277329 3.73138 3.42122 1.08661 2.54691 1.78032 -0.41793 -0.364479 0.186513 0.223211 
3.08066 0.680915 0.695353 3.06669 2.81347 1.3275 1.89075 1.42484 -0.270772 -0.585994 0.249228 0.17801 
3.26988 0.950811 0.970901 2.80211 2.59567 1.2986 2.03781 1.78918 -0.103442 -0.592426 0.270358 0.17628 
3.93925 -0.304834 0.235171 4.77689 4.21207 0.91459 3.28912 1.68653 -0.361418 -0.435204 0.274221 0.297136 
3.96578 -0.156086 0.469148 4.71081 4.04015 1.34561 3.03838 2.21946 -0.622669 -0.477216 0.189275 0.305262 
3.60003 0.212579 0.681921 3.45046 3.39222 1.44076 2.23939 1.694 -0.423803 -0.353858 0.338791 0.228081 
3.01499 1.12776 1.04454 2.79793 2.8389 1.65971 1.5631 1.30204 -0.0553533 -0.403386 0.310146 0.128938 
3.27682 1.36568 1.11171 2.69527 2.76876 1.35703 2.10141 1.54061 -0.230264 -0.462707 0.422496 0.163377 
3.68993 0.939076 1.11268 3.91236 3.75151 1.70709 2.95583 1.87341 -0.3802 -0.572523 0.324435 0.284068 
3.26838 0.408797 0.868934 3.97495 3.71147 1.59568 2.91977 1.51408 -0.431883 -0.320123 0.447415 0.280109 
3.61711 -0.295926 0.380694 4.74769 4.19821 1.21181 3.3719 1.81407 -0.73021 -0.22656 0.402971 0.327435 
4.49592 -0.714074 -0.698871 5.2794 5.34874 0.46837 3.79006 1.24118 -0.162315 -0.511319 0.388916 0.34217 
4.73048 -0.614119 -1.04455 5.20686 4.4199 1.73535 2.98431 1.51667 -0.493302 -0.349903 0.553904 0.306631 
3.62896 0.188017 -0.221796 5.84121 4.01364 1.11493 3.56698 1.67899 -0.727055 -0.436125 0.424943 0.330294 
3.07436 0.910964 1.3818 4.35915 2.82706 1.93691 2.86948 1.42904 -0.692053 -0.389358 0.556756 0.225057 
3.01395 1.17719 1.30327 2.99278 2.74388 2.29772 1.97919 0.986039 -0.357366 0.00907092 0.812765 0.169073 
2.89205 1.75064 1.56349 2.53972 2.75841 2.37804 1.5486 0.594985 0.0106904 0.306528 0.657015 0.10852 
2.81519 1.62527 2.55415 3.96354 3.30209 1.40555 1.65365 1.38335 0.533197 0.159675 0.565884 0.128478 
2.86863 0.875496 1.08193 3.52513 3.62444 0.641877 0.896657 0.974955 0.589688 0.75557 0.770506 0.0728856 
2.93842 1.23944 1.20359 2.016 2.64066 1.84727 0.38207 0.175381 0.860006 1.2 0.562128 0.0121869 
2.65675 1.90866 2.09214 1.78112 2.463 1.77953 1.10588 0.493762 0.862291 0.834991 0.426556 0.0577025 
2.71023 1.58924 2.2067 1.90932 2.35546 1.72314 1.20159 0.454034 0.785006 1.03559 0.493053 0.0477517 
2.73977 1.67995 2.14477 1.88353 2.70879 1.43547 0.758665 0.592575 0.873908 0.87472 0.340482 0.0254507 
2.63536 1.42798 2.40218 1.92035 2.53879 1.36244 0.781758 -0.11872 1.22911 1.04756 0.237314 0.00316303 
2.01583 0.258973 2.4826 0.855243 2.36648 0.547759 1.31289 0.377432 1.15348 1.24333 0.332607 -0.0797908 
1.70785 -0.173631 2.0712 0.874041 2.68637 0.536076 1.00238 -0.0639201 0.493122 1.03208 0.458075 -0.110564 
1.67596 -0.23985 2.1511 0.198132 2.39666 0.160661 0.709456 -0.847008 0.988112 1.15551 0.132654 -0.0484992 
1.72164 -0.36899 2.25669 -0.292636 1.02077 -0.991119 0.308111 -0.801573 0.432712 0.873099 0.0480324 -0.00836232 
1.72003 -0.772562 1.8672 -0.0583876 1.02914 -0.345359 0.576677 -0.968252 0.739128 0.813783 0.236899 0.0166721 
1.77289 -0.879489 1.75449 0.069078 1.63812 0.168962 0.863571 -0.554602 0.505771 0.738516 0.153309 -0.107583 
1.61814 -0.3463 1.56333 0.352178 1.82521 -0.383041 0.306764 -0.571995 0.755823 1.03284 0.0759037 -0.00828971 
2.01623 -0.912949 1.19216 0.269215 1.46077 -0.292054 0.529354 -0.595229 1.07325 1.23317 0.18134 -0.0329776 
1.6167 -0.764548 1.70399 -0.107342 1.09 -0.45056 0.0288232 -0.959207 0.881149 1.0251 0.198929 0.026911 
1.62152 -1.06532 1.03389 0.163319 1.77322 -0.555774 0.374106 -0.326868 0.559044 0.752144 0.311355 -0.00241166 
1.47525 -0.763681 1.22449 0.420894 1.60284 -0.609057 -0.119718 -1.15076 0.409917 0.741636 0.341645 -0.0739551 
1.35432 -1.3535 1.00796 -0.162883 1.08564 -0.664452 0.152003 -0.858471 -0.265323 0.731385 -0.122618 -0.0654444 
1.65211 -1.09443 1.33741 0.361904 1.32292 -0.120184 0.290076 -0.127184 0.464262 0.723413 0.232436 -0.0985171 
1.67988 -0.903463 1.21672 0.0984689 1.03524 -0.456212 0.415786 -0.409138 0.748402 1.05169 0.444418 -0.110858 
1.53866 -0.828621 0.682908 -0.360226 1.33722 -0.629056 0.553177 -0.733765 0.650063 0.661349 0.164235 -0.049719 
1.51627 -0.7536 0.952844 0.19671 2.13648 0.059802 0.649093 -0.529724 0.36496 0.976311 0.364946 -0.0252664 
1.54964 -1.31809 1.1319 0.0249419 1.9702 -0.636248 0.234786 -0.900657 0.353681 0.42019 0.114406 0.0104421 
1.59942 -1.51977 1.31495 0.0815963 1.5715 -0.637512 0.419735 -0.948136 0.241763 0.844869 0.178941 -0.00903574 
1.66518 -0.770164 0.738508 -0.78717 1.20549 -0.784563 0.403464 -0.679577 0.35406 0.387143 0.181582 -0.0346668 
1.59796 -0.970353 1.22218 0.206111 1.90913 -0.835238 0.30005 -0.664652 0.0509095 0.347765 0.0324985 -0.0146158 
1.64658 -0.819035 1.21433 0.45385 1.62983 -0.608959 0.461616 -0.717507 0.354274 0.604489 0.123172 -0.0677992 
1.73736 -1.0716 1.23516 0.0217042 1.23616 -0.353523 0.321467 -0.785696 0.491064 0.768574 0.139421 -0.0949038 
1.79384 -1.36344 1.64725 -0.199014 1.94894 -0.683913 0.383395 0.0751299 0.155358 0.638906 0.135356 -0.0844319 
1.72762 -0.978397 0.861898 -0.0062451 0.940504 -1.09108 0.56598 -1.10368 0.4909 0.453157 0.206292 0.00548684 
1.6709 -0.811992 1.05516 0.221972 1.71138 -0.275477 0.231716 -0.702404 0.490206 0.558704 0.234031 0.0164222 
1.66232 -1.46523 1.03941 0.269344 1.37164 -0.397578 0.225013 -0.726669 0.332271 0.871602 0.33064 0.0485291 
