0.441087 1.35183 1.75119 -1.03205 0.561583 -2.31314 3.13244 -0.947286 0.602931 0.907488 0.0725839 -0.00104136 
2.02006 0.534813 0.866329 -1.26481 -0.777078 -1.06503 1.93162 -1.35075 0.497568 0.595205 0.0985197 -0.169434 
2.145 0.455566 0.304002 -1.08506 0.181483 -1.03676 1.23469 -0.545978 1.09903 0.317269 0.245511 0.022173 
2.36986 0.321508 0.993238 -0.811876 -0.0533293 -0.432229 1.16701 -0.996737 0.858779 0.765773 0.394922 0.0854732 
2.65188 0.553379 0.966424 -1.6603 -0.77798 -0.680666 0.442773 -0.144162 0.401383 0.295084 0.493163 0.0880411 
2.47781 0.678347 1.76607 -0.960768 0.241984 -1.00822 -0.0418368 -0.949934 1.03072 0.737477 -0.0250204 0.065135 
2.04119 0.480543 1.45714 -0.935321 1.61817 0.19015 0.410584 0.328374 0.434247 0.350508 0.0284711 -0.00716961 
2.52768 0.192484 0.938649 -1.13759 -0.156674 -0.316177 0.175998 0.0669768 0.525068 0.0984642 0.103759 0.0458224 
2.34072 0.144064 1.1275 -0.696633 0.13672 0.64528 0.452394 -0.44868 0.698094 0.391023 0.130597 0.0472804 
2.30345 -0.101908 1.04863 -0.39026 0.541436 0.210605 0.896984 -0.467651 -0.00771724 0.0825447 0.00942722 0.0672039 
2.31887 0.0706965 1.30213 -0.294475 -0.331655 -0.374345 -0.193918 -0.161739 1.26109 0.537264 0.0506472 0.0749535 
2.12711 0.227395 1.52295 -0.446009 0.815908 0.407545 -1.18094 0.485509 0.177477 0.0940625 0.52991 -0.079697 
2.21691 -0.0699375 1.22164 -0.211997 0.808293 0.70665 0.736597 -0.353391 0.761527 -0.287925 -0.0502017 0.0747028 
2.07107 0.0899533 0.973326 -0.257613 0.666357 0.372227 0.465441 -0.193439 0.635949 -0.142528 0.0368872 -0.0109877 
2.08056 0.252545 2.08853 -0.621817 1.13601 1.26119 0.869008 0.310786 1.12158 0.307409 0.0658918 -0.0175813 
2.03419 0.155371 1.6103 -0.31778 0.70553 -0.408459 1.29115 0.0914399 0.27871 0.10261 0.0727678 -0.0328114 
1.9033 0.0555037 1.44978 0.501177 0.473609 0.242028 0.524283 -0.173881 0.840922 -0.0243005 -0.0734743 0.0305055 
2.07279 0.0183883 1.68016 -0.389527 1.16615 0.772788 0.145511 0.252279 -0.293951 0.0556383 0.160965 0.0241221 
1.82336 -0.0259601 1.30777 0.296182 0.185298 0.100174 0.755733 -0.430003 0.420815 -0.0340677 -0.0135846 0.07067 
1.72571 0.0597704 1.41467 -0.019658 0.705286 0.111464 0.757444 0.858369 0.0446062 -0.012018 0.172245 -0.0724217 
1.51219 -0.139718 1.76862 -0.225497 1.35879 0.0163316 0.551724 0.180878 -0.241557 -0.00513959 0.105291 -0.0914588 
-1.25399 2.47534 1.44451 -0.72512 3.15139 -0.50995 -0.0111103 1.24604 -0.0191213 -0.191228 0.0445288 -0.0498772 
-4.51368 3.49512 2.48541 -1.81784 2.60317 -0.871138 -0.79461 0.915968 0.477268 -0.487582 0.414205 -0.0755178 
2.03012 -1.71907 -0.337659 0.222311 2.78155 -2.02462 1.16772 1.90995 -0.605958 -0.447908 -0.461902 -0.0177522 
2.18649 -0.473337 0.574963 -0.228454 1.19144 0.320279 1.9774 1.9592 0.15817 -0.615 -0.0501043 -0.188133 
1.70674 -1.2866 -0.272994 -1.38501 0.387747 0.765482 2.10721 1.00955 -0.266572 -0.839714 -0.094116 -0.0871805 
2.20226 -0.965422 -0.143735 -0.131864 0.805384 -0.627856 3.22395 1.36337 -0.232653 -0.714158 -0.151067 -0.00722903 
2.49113 0.585823 0.54138 1.63006 1.35757 0.69523 2.61195 1.14808 0.279301 -0.782519 0.245059 0.0996112 
3.59856 1.06863 1.17584 3.00648 2.54925 1.10523 3.71288 1.72025 -0.0702678 -0.350098 -0.152561 0.108039 
4.44932 0.817562 -0.627028 2.23513 2.84238 0.712492 2.38471 2.05415 0.991902 -0.645975 -0.153422 0.1328 
3.70751 1.01612 -0.0226236 1.59691 2.08147 0.798644 1.79551 2.54839 1.33179 -0.272843 0.0574027 0.060661 
4.71462 -0.450825 -1.10487 2.94673 3.15394 -0.28807 2.88689 2.41674 0.821557 -0.661799 -0.236291 0.129411 
3.79172 -0.885621 -1.28225 3.05107 3.53078 -0.149878 3.18172 1.63771 0.57278 -0.641895 -0.128409 0.128473 
3.57192 -0.277595 -0.352572 2.89086 2.72589 0.273548 2.43629 1.6724 0.194404 -0.526315 -0.193238 0.0969073 
3.2044 0.367128 0.525739 2.344 2.1657 1.60285 2.03526 1.571 0.233933 -0.531193 -0.0951625 0.0971133 
4.77886 -0.996525 -0.595791 3.38057 3.86097 0.786801 2.57585 2.05056 0.228462 -0.434401 -0.123315 0.137593 
4.34714 -0.502407 -0.837496 3.10604 3.42991 1.43699 2.30316 2.24605 0.0627293 -0.458434 -0.0664396 0.171766 
4.4177 0.018015 -1.08832 2.6202 4.09507 1.26103 2.54975 2.01934 -0.149812 -0.221629 0.0219074 0.215439 
4.9681 0.0181395 -0.916367 3.06816 5.35751 0.78106 3.3672 1.84188 -0.308832 -0.136085 -0.0925491 0.256779 
5.06577 0.511728 -1.37886 3.35927 5.15824 1.12444 3.23903 2.14127 -0.332309 -0.167197 -0.132237 0.263287 
4.11288 0.823418 -0.132588 3.48312 3.44294 1.16433 2.85628 2.10415 0.349441 -0.593122 -0.0337999 0.218656 
4.15952 0.513457 0.762829 3.23088 3.52103 1.69577 2.32865 2.54548 -0.0134901 -0.411832 0.033338 0.21762 
3.24175 1.08049 1.00962 3.26689 3.43764 2.79396 2.35719 1.38738 0.0576357 -0.190766 0.116294 0.191649 
4.12343 0.277324 0.696835 3.83794 3.69423 1.71066 2.79406 2.10423 -0.22159 -0.410332 0.0944733 0.235739 
5.08851 -0.806437 -0.157545 5.52847 3.76604 0.843512 3.05124 2.3953 0.0640887 -0.788138 0.0732613 0.227328 
3.63885 -0.721026 -0.105146 4.81952 3.72623 0.739113 2.91321 1.92641 -0.498586 -0.371021 0.139973 0.241262 
3.04258 0.541283 1.24689 3.38467 2.24798 1.55548 2.34833 1.59194 -0.103396 0.132332 0.527512 0.146087 
3.55555 -0.769462 2.3257 4.61727 3.47505 2.16061 2.42543 0.625038 -0.651084 0.89797 0.904279 0.0731272 
3.17394 1.07232 3.06895 4.10851 1.94185 1.52992 2.17484 0.850793 -0.385862 0.819745 0.579945 0.0123308 
2.9138 2.06611 2.01504 2.28992 2.00792 1.34359 1.49012 1.0492 0.676539 0.646826 0.390616 0.0855089 
2.8802 1.76743 2.72246 2.3292 2.03416 1.9405 2.26549 1.14732 0.470697 0.553128 0.434089 0.0838843 
2.62425 2.04504 2.07883 1.73448 1.83041 1.91057 1.32126 0.808456 0.847793 0.668748 0.232652 0.0522271 
2.49601 1.84522 2.41241 1.83022 2.17517 1.54887 1.57599 0.950967 1.01594 0.55849 0.329788 0.0685349 
2.2956 1.48656 2.34542 1.55869 1.48992 1.84216 1.60175 0.769889 0.644181 0.295677 0.368272 0.0329458 
1.93132 1.11872 2.25534 0.634657 1.70291 1.6973 0.53842 0.980677 0.248453 0.150397 0.152231 0.016649 
1.8107 1.25502 2.47779 1.01522 1.79296 1.1447 1.51512 0.671583 1.34358 0.833129 0.276769 0.0215989 
1.71577 1.13015 3.08153 0.80371 1.23992 1.78511 1.33947 0.817273 1.60975 0.308884 0.25973 0.0642447 
1.40542 0.912422 3.06297 0.719166 1.84053 1.72034 0.927535 0.429058 1.1836 0.0921138 0.303273 0.0452818 
1.15561 1.047 3.07129 0.46905 1.60745 0.544793 1.027 0.411777 1.17578 -0.0262074 0.244948 0.0844195 
1.40649 0.616681 2.9514 0.351916 1.40968 1.21175 1.29509 0.379537 0.774847 0.0520731 0.148464 0.058005 
1.53983 0.759619 2.3161 0.432559 1.49408 1.59734 1.07832 1.0861 0.817453 0.616165 0.377204 -0.0564834 
1.42315 1.18111 2.50084 0.0284362 1.27975 0.625065 0.736184 0.524476 0.522862 -0.123012 0.219022 0.0623153 
1.38416 0.663401 2.67372 -0.23083 0.557201 0.431846 1.08253 -0.320721 0.776004 0.655395 -0.0853784 0.0762999 
1.41835 0.495818 2.68228 0.684394 -0.0751962 0.207553 0.96149 -0.737645 1.77364 0.390144 -0.0906155 0.096822 
1.21898 0.451789 2.35282 -0.444011 0.662631 1.10871 0.773398 -0.372342 1.26551 0.563245 0.151772 0.0118335 
1.19806 0.261307 1.98784 -0.0956823 0.569034 0.280452 0.717219 -0.0857344 0.49435 0.430847 -0.168493 -0.0419866 
1.37812 0.453245 2.12509 0.568192 0.773608 0.342026 0.4318 -0.323616 0.499452 0.0138778 0.130069 0.0184911 
1.25909 0.0784469 1.66755 0.399166 0.356294 0.268504 -0.186841 0.0733179 0.619952 0.0499103 -0.0447615 -0.0165543 
1.27491 0.826776 1.74403 0.401153 0.514758 0.0836296 1.23998 -0.543953 0.573641 0.238154 0.00453341 -0.00105529 
1.46512 0.655381 1.92859 0.0195292 1.46279 1.26927 0.687579 0.141933 0.665219 0.988389 0.090214 -0.0485075 
1.44012 0.525507 2.16862 0.160124 1.2639 -0.516472 0.651467 0.336787 0.33501 0.164105 0.341367 0.0361449 
1.06379 0.834567 1.64975 0.13025 1.3516 0.180401 0.0840667 0.618455 0.356145 -0.0284423 0.579717 -0.0565442 
1.23061 0.191395 1.89184 -0.201102 1.50836 0.182571 -0.343132 0.750785 -0.056933 -0.0606297 0.47772 -0.037898 
1.39827 0.238408 1.67974 0.362817 0.455479 0.459389 -0.121953 -0.277553 0.362367 -0.0771829 0.204129 -0.0639858 
1.17933 0.25894 1.16133 -0.331765 1.22436 0.0581936 0.89891 -0.253983 0.179822 0.0396615 -0.101475 -0.0662031 
1.44766 -0.100625 1.39455 0.660344 0.717893 0.339431 1.10175 -0.0984395 0.402954 0.294366 -0.0328736 -0.00147337 
1.46395 0.0230522 0.825159 0.0192782 0.760604 0.38404 0.464215 0.227396 0.178997 -0.0922585 0.0552757 -0.00333713 
1.68242 0.158597 1.22 0.312738 0.361013 0.0352233 0.621855 -0.748558 0.532082 -0.255982 0.217323 0.0636351 
1.58301 0.64406 0.923424 -0.351455 0.559917 -0.184365 0.481447 -0.455002 0.074005 -0.059284 0.063437 -0.00230921 
1.5534 0.436205 1.10675 -0.148821 0.631276 -0.484852 0.828771 -0.401099 0.227103 0.156407 -0.0819782 -0.00365208 
1.50025 0.0638725 1.97918 0.302973 0.692132 -0.349867 0.97197 -0.234717 -0.10187 0.14111 -0.0432445 -0.0115646 
1.32475 0.759929 0.993201 0.105165 0.907371 -0.814979 0.57805 0.360466 -0.510743 -0.363847 0.0340642 0.0736517 
1.36207 0.179486 1.57983 -0.389547 1.09025 -0.127076 0.433232 0.0685497 0.173079 -0.116334 0.0036025 0.047835 
1.61085 0.0647527 1.14026 0.00505406 0.0502563 0.526818 0.728377 -0.131803 -0.881385 -0.470192 0.0263658 0.0676235 
1.73914 0.425633 1.15694 -0.191877 0.253739 -0.407421 0.812381 -0.619514 -0.382796 -0.198898 -0.114824 0.167775 
