2.15541 -0.784029 0.954748 -0.205682 1.64002 -0.734378 1.14132 -0.411421 0.12608 0.464704 0.379549 0.0456302 
1.64111 -1.05333 0.976451 0.0933208 2.24927 -0.083453 1.27401 -0.391108 0.317924 0.163844 0.493577 0.074325 
1.94406 -0.805082 1.24086 0.36088 1.56186 0.461668 0.479375 -0.0777321 0.268274 0.145138 0.628882 0.0407123 
1.94108 -1.17026 1.022 -0.0640608 1.62055 -0.114534 0.283757 -0.479373 0.19287 0.456465 0.326653 0.0269827 
1.78892 -0.873046 0.936355 0.0874427 1.16914 0.0655413 0.539714 -0.32367 -0.129837 0.55566 0.240712 -0.0526147 
2.03938 -1.21045 0.511603 0.14239 1.58283 -0.539729 0.511124 -0.608695 0.104575 0.10214 0.236621 0.0405769 
2.13735 -0.733492 1.5825 0.12217 0.900938 0.191335 0.29272 -1.17425 0.247156 0.0792109 0.351123 0.0879361 
1.90546 -0.879592 1.12974 0.108698 1.43629 -0.374994 0.48465 -0.249643 0.0278622 0.326569 0.315461 0.0454816 
1.89667 -0.97794 0.642179 0.0224831 1.15247 -0.291807 0.156018 -1.04914 0.295339 0.581976 0.106297 -0.0285436 
1.99045 -1.27134 1.08644 0.647511 1.20486 -0.258065 0.611942 -0.186319 0.325418 0.327008 0.430316 0.00802856 
1.95809 -0.763436 0.687368 0.594209 0.837252 0.426538 0.624189 -1.08636 0.286128 0.0763201 0.258466 -0.101309 
2.13109 -0.461043 0.542818 0.453573 1.89754 -0.336112 0.572812 -0.30853 -0.0176134 0.351841 0.274345 0.0135806 
1.83137 -0.970966 0.954332 -0.495961 1.09966 -0.398261 -0.0531676 -0.508644 0.738882 0.169946 0.296827 0.0441397 
1.74616 -1.17591 1.20549 -1.06073 1.56609 0.191914 0.837058 -0.5261 0.351272 0.261636 0.0439807 0.0385657 
1.88685 -1.35485 1.42009 -0.0964237 0.973694 -0.306709 0.439293 -0.36476 0.488146 0.592237 0.30644 0.0498044 
1.99347 -1.266 1.41791 -0.0433464 0.944238 -0.0769637 -0.00552019 0.0657059 0.588023 0.140695 0.0200166 0.024957 
2.11535 -1.14616 1.51034 -0.440345 1.94813 0.080852 1.02371 -0.79376 0.547427 0.555806 -0.0374578 0.0449163 
1.98351 -1.0489 1.48382 0.381014 1.71842 0.428485 0.553015 -0.375918 0.392192 0.470232 0.149135 -0.0219662 
1.71129 -0.97737 1.14484 -0.253543 0.925692 -0.0363115 0.785972 -0.563367 0.356512 0.348377 0.186282 0.107465 
1.68096 -0.898408 1.2961 0.246977 1.17772 0.181798 0.708972 -0.305218 0.0917521 0.117864 0.237909 0.0374768 
1.95294 -0.878781 1.59213 -0.421293 1.35859 0.0396011 0.546738 -0.635798 0.121828 0.269753 0.146858 0.000898755 
1.86776 -1.22997 0.631019 0.054443 1.37135 -0.46048 0.824883 -0.778888 0.508806 0.4616 -0.000326429 0.0214857 
1.75615 -1.13431 1.15374 -0.152527 1.09935 -0.670339 -0.101354 -0.0292706 0.488829 0.426082 0.386607 0.0315152 
1.81503 -1.1394 1.12836 -0.189696 0.595225 -0.32105 0.776181 -0.828259 0.75365 0.026342 0.265564 0.104764 
1.84356 -0.478655 0.81173 0.441424 1.43107 -0.287866 0.408265 -0.266326 0.20676 0.458527 0.408981 0.0102503 
1.83321 -1.06418 1.19511 0.548725 1.70745 -0.512632 0.528615 -0.704851 0.191777 0.350102 0.332444 0.0442683 
-0.733391 0.780463 0.190936 -2.79478 2.12269 0.56445 0.666178 0.900387 -0.229341 -0.787446 0.169391 -0.0708343 
-2.46194 2.33448 -1.0795 -3.88353 1.5094 0.996577 1.40883 1.68243 0.363751 -0.729644 0.112498 -0.228294 
-0.0720009 1.20402 -1.11229 -0.645458 0.528695 0.256019 1.27782 1.04799 0.254421 0.187971 -0.0519901 -0.262747 
1.58668 -2.1611 1.40465 3.68539 -1.87666 -1.93927 1.95822 2.47025 -1.00253 -0.623676 -0.0385427 -0.0553166 
2.33387 -2.61557 1.3827 3.79603 -1.40123 -1.70763 2.54181 3.56047 -0.745117 -1.05191 -0.138852 -0.0573682 
2.37955 -2.46181 0.542151 -0.21578 1.05594 -0.735683 2.82418 1.77392 0.315483 -0.397089 -0.169507 -0.0209576 
2.23052 -2.17628 0.348266 -0.415531 0.0981945 0.292574 2.2354 0.631324 -0.204135 -0.594236 0.00611302 -0.148698 
2.35073 -1.72826 0.0466743 -1.08624 0.548435 0.771142 2.92233 1.29282 0.354951 -0.296365 -0.0342681 -0.0982467 
2.18784 -1.25159 0.391413 -0.783216 0.664839 0.671506 1.96987 -0.36876 0.74179 0.0501843 -0.269829 -0.0880243 
1.97661 -0.622403 0.776879 -0.696971 1.25408 0.110887 0.83093 -0.0760008 0.557785 0.0778999 -0.0692927 -0.0145833 
2.05455 -1.26285 1.09814 0.172352 1.11883 -0.0550783 0.373711 -0.467558 0.646485 0.296217 0.0685239 -0.0207488 
2.35802 -0.881482 0.914536 -0.473578 0.989866 -1.36666 0.559598 -0.718299 0.445913 0.444102 0.442341 0.144253 
2.22888 -0.936922 0.781368 -0.470671 0.804049 -0.543079 0.331036 -0.727605 0.377638 0.530657 0.520403 0.0948224 
2.03912 -0.822121 1.25977 -0.578838 0.533697 -0.56466 0.401545 -0.306723 -0.0317227 0.477277 0.360616 0.0391336 
2.22509 -0.568067 1.19687 0.131992 1.28194 -0.333191 0.979544 -0.58385 0.585658 0.474875 0.406259 0.0535555 
1.99495 -0.562556 1.43508 0.363464 1.66462 0.448178 0.804693 -0.551245 0.445725 0.155125 0.347342 0.0380025 
2.18767 -0.296646 0.312658 0.400958 2.10965 0.194325 0.668269 0.412159 0.288849 0.691436 0.440494 -0.0500001 
2.03978 -0.84773 0.860413 0.0831286 0.956394 0.0850458 0.609194 -0.691865 0.96749 0.594037 0.213598 -0.0459454 
1.68878 -1.00788 1.19982 -0.481446 1.46112 -0.695907 0.237198 -0.393031 0.436466 0.430149 0.349731 0.0805552 
2.05656 -0.82319 1.14617 -0.347181 0.584687 -0.56762 -0.180584 -0.512437 0.00944616 0.416557 0.545307 0.0317451 
1.82447 -0.551601 1.60731 0.140886 1.27989 0.380455 0.473375 -0.883566 0.442086 -0.0597864 0.184121 -0.00820514 
1.81489 -0.401595 1.07713 -0.302628 1.0754 0.166489 0.0835498 -0.716673 0.516386 0.472806 0.15184 -0.0548376 
2.01922 -1.10011 0.683637 -0.259052 1.94421 -0.225953 0.641578 -0.910448 0.383326 0.150785 0.116999 -0.00630126 
1.91887 -0.811147 0.590361 -0.385436 1.59881 0.14435 0.49195 -0.788454 0.255698 0.143975 0.157256 0.0528626 
1.80356 -1.07059 1.43095 -0.285453 1.71847 -0.731742 0.375305 -0.216435 0.382067 0.257133 0.0366031 -0.011151 
1.75568 -0.95457 1.17163 -0.0594154 1.54724 -0.0876092 1.04994 -0.673896 0.126025 0.401922 0.151642 0.0201954 
2.1431 -1.16678 1.17144 0.441357 0.805783 -0.0636247 0.0109762 -0.378523 0.259096 0.130525 0.282373 -0.0374224 
1.95613 -0.886608 1.39175 0.0944209 1.65317 -0.478822 0.215054 -0.682115 0.172511 -0.228533 0.345737 -0.014585 
1.929 -0.702221 1.25538 0.191815 0.971408 0.0785485 -0.12251 -0.985745 0.264655 0.463881 0.433742 0.0530848 
2.08063 -0.936283 1.17957 -0.647838 2.19949 -0.652146 0.418626 -0.28695 -0.599287 0.464523 0.111454 0.0363373 
2.14396 -0.90529 1.17021 0.00722187 1.25736 -0.58565 0.923334 0.0101648 0.114625 0.505435 0.450292 0.0257819 
1.80627 -0.937873 1.14253 -0.0344358 1.29146 -0.19714 0.758303 -0.705454 0.214668 0.671163 0.00225787 -0.0425608 
2.08729 -0.739537 1.20367 -0.470424 1.06685 -0.837242 -0.0326015 0.192639 -0.188695 0.461692 0.293613 -0.0719095 
2.22841 -0.647854 0.917414 0.381486 1.30577 -0.787237 1.0764 -0.463495 0.306164 0.178408 0.113227 0.018389 
1.78643 -1.05436 1.03811 0.391883 1.46705 0.178192 0.280125 -0.098462 0.335548 -0.208043 0.254506 0.0754512 
1.86204 -0.931856 0.817581 -0.0671888 1.34963 0.140029 0.754946 -0.692235 0.168714 0.285207 0.416762 -0.0617604 
1.74157 -1.3186 1.52905 -1.15202 1.28862 -0.841322 -0.0529101 -0.452692 0.0484703 0.665802 0.178891 -0.000515414 
2.00913 -0.963233 1.00348 -0.30019 1.33861 -0.331809 0.0893498 -0.435939 0.103391 0.548563 0.333333 -0.0350134 
1.91443 -0.827434 1.33401 -0.699222 1.17683 0.146156 0.95236 -0.606109 -0.00587489 0.762483 0.401874 -0.111106 
1.80706 -1.25161 1.30578 0.706329 1.35688 0.391241 0.539807 -0.437475 0.267526 0.299186 0.261811 0.000984994 
2.06972 -0.849221 0.887167 0.160012 0.945409 0.51301 1.19392 -0.311313 0.13959 0.0937445 0.364319 -0.0285801 
1.87376 -1.09334 0.343812 -0.726476 1.15299 -0.815685 -0.0534224 -0.565282 0.0459265 0.218575 0.322215 -0.00977385 
2.15106 -0.970539 1.32969 -0.12448 1.34014 -0.256133 0.467163 -0.556455 0.117786 0.117028 0.525785 0.0562838 
2.25483 -1.39674 1.71389 0.198551 2.08145 -0.159508 0.283805 -0.125714 0.606347 -0.012725 0.601345 0.154241 
1.52136 -1.12025 0.423148 0.393972 1.87862 -0.312975 2.62566 1.39976 -0.0493283 -0.415717 -0.214894 -0.11543 
1.53094 -1.544 0.114294 -0.125207 0.967527 0.645665 2.54022 1.66592 -0.779001 -0.840096 0.0523718 -0.0666223 
1.33355 -1.37602 -0.281483 -0.0208844 1.2579 0.0825645 2.34654 0.917586 -0.407836 -0.591875 0.0149593 -0.0799757 
1.77513 -0.823105 -0.835488 0.446391 2.37681 1.24961 2.9119 0.740627 0.156098 -0.819158 0.317287 0.0145676 
2.61443 1.73427 0.991435 3.30892 4.22685 1.27676 3.81217 0.789108 0.644481 -1.07458 0.407269 0.270689 
2.80312 2.22845 1.23964 1.92485 2.64564 1.25299 3.72154 2.05435 0.832006 -0.601446 0.128408 0.132036 
2.81453 1.91744 1.25252 1.77218 1.91445 1.65131 1.65638 0.824637 1.04211 0.146096 0.231449 0.0605121 
2.20882 0.325148 1.14399 1.26604 3.15712 1.64228 2.00187 2.40674 0.719589 -0.546013 0.248691 0.135042 
3.15817 0.293335 1.22929 1.16234 1.89825 2.2486 2.73885 2.29257 0.393961 -0.731906 0.138486 0.117744 
4.6557 -0.690103 -0.564305 3.07806 2.79547 1.1283 3.53819 2.3589 -0.306172 -0.883157 0.13238 0.238313 
3.49455 0.132325 0.333903 2.7858 2.72755 1.03397 2.92564 2.19248 -0.520742 -0.826726 0.0667208 0.224097 
3.33698 0.428019 0.174308 3.28476 2.6403 1.01284 2.82117 2.05514 -0.394929 -0.710553 0.116434 0.223873 
3.7758 -1.11227 -0.106693 4.32118 4.30294 0.0964688 3.47626 2.36628 -0.396184 -0.533628 0.0500554 0.309855 
3.62317 -0.904529 0.0918299 4.0739 3.57205 1.12728 2.95269 2.38058 -0.441993 -0.438861 0.14757 0.275418 
4.36912 -0.320699 0.025787 4.46741 3.80456 1.09343 3.00437 2.24771 -0.429549 -0.589241 0.0655389 0.253142 
