1.78754 0.0426804 -0.497573 -0.339224 0.292027 -0.10154 1.99548 0.0915399 1.0573 -0.280004 -0.0396632 -0.172606 
2.34705 -0.69476 0.509407 -1.18371 1.53527 1.0576 1.34952 0.538817 0.54158 -0.0342036 -0.0543626 -0.143357 
2.40458 -1.17175 0.395433 -1.67342 0.747929 0.377215 1.12234 0.273444 0.741593 0.348195 -0.533677 -0.187119 
2.44689 -1.1119 0.784454 -1.52899 0.898953 0.239997 1.6696 0.234284 0.483027 0.32351 0.14073 -0.0250786 
1.94633 -0.669135 0.894087 -0.550098 0.791054 -0.310177 0.775824 -0.978452 0.0249413 0.490778 0.459223 -0.0230287 
2.01259 -0.947854 1.19997 -1.52841 0.919828 -0.764445 0.595984 -0.713969 0.146294 0.722691 0.597875 0.0502233 
2.15083 -0.996868 0.952186 -0.234684 1.80042 0.778986 0.936746 0.173755 0.522803 0.306036 0.197522 -0.0227265 
2.18164 -1.35977 0.852249 -1.18981 1.02045 -0.191151 0.71564 -0.156042 0.396975 0.709599 0.00424185 -0.0102958 
1.89816 -1.16342 0.914749 -0.336625 1.49398 0.163551 0.762725 -0.603224 0.493465 0.428984 0.121689 0.00664739 
1.9135 -1.20298 0.758369 -0.097567 1.27314 0.116149 0.512224 -0.229339 0.382412 0.635763 0.600894 0.0113882 
2.14575 -1.24856 1.11584 -0.309741 1.28572 -0.464756 1.00456 -0.488636 -0.17079 0.620912 0.331923 -0.0292905 
2.01752 -1.36635 0.407948 -0.418712 1.57655 -0.468074 0.709531 -0.386458 -0.276806 0.354342 0.364003 0.074155 
2.11237 -1.41362 0.665425 -0.23942 1.47634 -0.110125 0.126554 -0.71738 0.490167 0.33035 0.272576 0.0780161 
1.91317 -0.938339 0.853145 0.471729 1.19491 -0.220311 1.09045 -0.465261 0.520568 0.107257 0.33032 0.029133 
1.92098 -1.39847 1.63132 -0.585853 1.51219 0.215542 0.222946 -0.780473 -0.138123 0.175523 0.11726 -0.0333708 
1.99502 -0.752192 0.651443 0.178606 1.33003 -0.290602 0.630541 -0.498926 0.123584 0.513157 0.302926 -0.0100761 
1.99913 -1.21049 1.20365 -0.0181279 1.89501 -0.292556 0.428125 0.379676 0.687543 0.157978 0.155338 -0.0134535 
1.77596 -1.36273 0.972469 0.298784 1.24806 -0.17285 -0.0198776 -0.455469 0.801998 0.43072 0.291128 0.0287515 
1.96648 -1.11493 0.998501 0.381345 2.14105 -0.42527 -0.261347 -0.299185 0.369458 0.404196 -0.0400238 0.017777 
2.07093 -1.43185 0.532783 0.358566 1.19353 -1.00618 0.0187411 -1.08298 0.935863 0.435542 0.0539734 0.0761746 
1.93013 -1.26753 0.692111 0.532221 2.1128 -0.327985 -0.170579 -0.23702 0.662718 0.139359 0.0975824 -0.0224218 
2.1537 -0.985469 1.18886 0.060176 1.7357 -0.247948 1.23564 -0.366059 -0.182984 0.670727 0.120059 0.0258695 
2.24791 -1.11432 0.514289 0.256613 1.80481 -0.779995 -0.150866 0.029341 0.674237 -0.0188055 -0.0932919 -0.0121232 
1.81849 -1.07029 1.10017 0.76484 1.46424 -0.230695 0.276849 -0.558293 0.308083 0.290504 0.240543 0.00526763 
2.06132 -1.28861 1.01945 0.336507 1.02618 -0.214104 0.617731 -0.791323 0.38312 0.685838 0.364042 0.0491854 
1.78686 -1.02338 1.10132 -0.569348 1.31893 -0.711641 0.768255 -0.454389 -0.0978575 0.443967 0.132236 0.00974013 
2.06177 -1.53836 0.592655 -0.13911 0.388538 0.327886 0.533468 -0.016015 0.281044 0.282051 0.19817 0.0549878 
2.15261 -1.49257 0.620191 -0.196602 1.33096 -0.180098 0.587361 -1.1598 0.712746 0.101534 -0.00890326 0.110037 
1.78819 -0.684983 1.08556 -0.20431 1.79355 0.154891 0.320602 -1.00087 0.519592 0.423816 0.335305 0.0345304 
1.59681 -0.66993 0.884253 -0.573445 1.07525 0.184569 -0.120456 0.222205 0.678735 0.0262606 0.365936 0.00135408 
2.17536 -0.979477 1.63227 0.112827 1.74152 0.308643 0.346228 -0.00493832 0.701366 0.620824 0.389385 0.00761777 
2.44695 -1.02679 1.72948 0.614717 1.59062 -0.0512649 0.533181 0.225152 0.839619 0.609187 0.351036 0.0366304 
1.76443 -0.885558 0.876479 0.245784 0.927863 -0.267275 1.52132 -0.508219 0.0875134 0.239903 0.343792 -0.0529815 
1.75911 -1.49659 1.45448 0.246215 1.03356 -1.20764 0.584101 -0.628993 0.00620049 0.163817 0.508747 0.0240577 
1.75183 -0.948499 0.616658 0.357869 0.868518 -0.536614 1.13985 -0.750866 0.815242 0.235652 0.224685 0.0989739 
1.90467 -1.02997 0.883799 -0.165762 1.38951 -1.12308 0.424708 -0.353626 0.0915217 0.429712 0.406362 0.0877494 
1.59571 -1.25278 0.649463 0.333081 1.19742 -1.00893 0.513468 -0.146481 0.243862 0.436419 0.465689 -0.00190494 
1.69641 -1.19207 1.18742 -0.468504 1.08652 -0.64444 0.0940408 -0.43345 0.330186 0.236187 0.100845 0.0130783 
1.95838 -1.10761 0.468903 -0.450515 1.31803 -0.479175 -0.00606641 -0.511769 0.483302 0.433709 0.241416 0.0123193 
1.86605 -1.13941 0.964719 0.140702 1.71157 -0.816035 0.693684 -0.0595136 0.337044 0.127758 0.31801 -0.028515 
1.83358 -0.297318 1.00224 -0.655381 1.28009 -0.202958 0.0115245 -0.565673 0.00155117 0.0778734 0.158165 0.0105359 
1.5896 -1.18557 1.74725 -0.272851 0.702091 -0.535287 -0.389938 -0.40555 0.0386402 0.675862 0.107519 -0.0612797 
1.93461 -0.529983 0.992381 -0.0899435 1.13805 -0.122609 0.155808 -1.00732 0.110992 0.409654 0.264226 -0.0357603 
1.7963 -0.49217 1.09376 0.230047 1.50179 -0.964752 1.00378 -0.565528 0.589037 0.371587 0.270898 -0.00361266 
1.9033 -1.05235 1.54377 -0.102165 1.99852 -0.192173 0.278846 -0.142886 0.214319 0.283384 0.356329 0.00838502 
1.83135 -1.19842 1.11697 0.454104 2.3452 -0.117021 0.545745 -0.238104 -0.132912 -0.0355284 0.0892429 -0.00898955 
1.84659 -1.19567 1.35215 -0.310027 1.173 -0.215926 0.577347 -0.489833 -0.406441 0.488066 0.225957 -0.0228395 
1.94007 -1.24356 1.16419 -0.0677417 0.209218 -0.436156 0.171607 -0.236716 0.12527 -0.00391114 0.3375 0.0139263 
1.78696 -1.07667 0.927211 -0.347728 1.87476 -0.342749 0.794151 -0.394171 0.272413 0.533367 -0.0939081 -0.093855 
0.86853 -2.76344 1.82958 1.64497 -0.253676 -0.572353 -0.246136 0.812503 0.598621 -0.956223 0.195935 0.157844 
0.687203 -2.75984 1.23283 0.730019 -0.486648 0.520939 1.03115 0.654278 0.423855 -1.08184 -0.0335485 0.110165 
0.735707 -1.69529 0.378647 0.482925 1.38502 -0.571629 2.67187 1.31059 0.301712 -1.26048 0.0321562 -0.0192393 
0.176606 -1.95607 0.0174504 -1.17149 -0.162263 0.0482246 2.02798 0.0253418 -0.391541 -1.44465 0.0482491 -0.0214845 
0.97605 -1.73453 -0.944039 -0.116365 1.28492 1.0198 2.03749 -0.168689 -0.0570357 -1.17152 -0.0944032 0.0926333 
1.48886 -0.819074 -0.450605 0.770835 2.62772 0.949773 2.63026 1.29144 0.392307 -0.982469 0.0368568 0.0563053 
2.79249 0.639811 0.943469 1.49898 2.89361 1.34573 4.06798 1.0172 0.254881 -0.124171 0.296558 0.177431 
2.81678 0.311507 0.359599 1.59833 3.36438 1.30845 3.32559 1.58508 1.01956 0.114349 0.105203 0.124103 
2.4748 -0.322344 0.276433 2.13308 2.97652 0.633627 3.73632 1.7381 1.73829 -0.381106 -0.150424 0.11238 
3.8271 1.12634 0.343077 2.0012 2.5895 1.33984 3.8544 1.48074 0.627577 -0.330667 0.108941 0.138683 
3.86638 0.915021 0.153397 3.37009 3.80328 1.46752 3.42443 1.60094 0.235532 -0.349518 0.0321288 0.222275 
3.95538 1.54061 -0.661216 3.32847 4.05538 1.48326 3.56018 0.744869 0.655682 -0.550709 0.18665 0.203247 
3.64016 1.35103 -0.137858 3.11947 4.42486 1.2873 3.79141 0.60238 0.49228 -0.385298 0.0804468 0.235376 
3.82884 0.259349 -0.610667 3.82305 4.48156 0.869575 3.5892 1.32099 0.0362463 -0.315948 0.150156 0.294535 
4.38415 0.0520651 -1.30814 4.8551 5.55836 0.369382 3.82201 0.987755 0.30474 -0.421473 0.155841 0.310402 
3.88779 -0.662027 -0.806756 4.41147 5.08973 -0.0705498 3.48623 1.27818 -0.0586786 -0.364644 0.0684009 0.310473 
3.40551 0.154944 0.157318 3.68125 4.08051 0.679301 2.94685 1.28263 -0.043445 -0.29596 0.162971 0.257465 
3.3525 0.307741 0.228136 3.60858 3.50886 1.13944 2.49405 1.4227 -0.00227639 -0.0848243 0.32106 0.209242 
3.56715 -0.0222609 -0.0389613 4.00945 4.12391 1.42599 2.35292 1.58431 -0.0917109 0.0362533 0.307797 0.246539 
3.46864 0.544896 0.356187 3.75231 3.89904 1.57758 2.74454 1.66118 -0.02574 -0.145552 0.178421 0.247348 
3.96416 -0.130129 0.115281 4.29598 5.73153 0.721505 2.78511 1.31797 -0.263877 0.351036 0.149995 0.268318 
3.46373 0.708807 0.929707 3.60223 3.47292 1.68538 2.24121 1.4774 -0.173043 -0.158843 0.302699 0.199817 
3.41198 0.82059 0.983446 3.25381 2.86679 1.51949 2.38272 1.75276 -0.180003 -0.317112 0.271836 0.185509 
3.36979 0.625313 0.711791 3.63314 3.6962 1.59286 2.07948 1.73391 0.0452787 -0.234567 0.205233 0.218194 
3.55787 0.379412 0.778477 4.11274 3.59628 1.59656 2.06463 1.73184 -0.120959 -0.127681 0.276933 0.215697 
3.61756 0.313685 0.812742 4.26404 4.01488 1.56266 1.71325 1.56794 -0.0510275 -0.0579149 0.212797 0.195559 
3.35276 0.758492 1.17167 3.43176 3.06201 1.60525 1.99182 1.40737 -0.169327 -0.167035 0.408631 0.175085 
3.45785 0.377618 0.741251 3.72704 3.31054 1.49546 2.18158 1.71307 -0.211759 -0.242522 0.267665 0.212467 
3.6273 0.0748121 0.505712 4.57964 3.91787 1.31267 2.61568 1.62309 -0.3472 -0.131696 0.328837 0.253465 
3.44779 -0.000924159 0.636776 4.45789 3.80681 1.39179 1.8633 1.58547 -0.176253 0.0758403 0.314335 0.202735 
3.17896 0.667319 0.936579 3.20907 2.81638 1.2817 1.63855 1.35515 -0.0839147 -0.214097 0.316225 0.145796 
3.24569 0.643547 0.77109 3.21504 2.70887 0.999884 1.66548 1.59458 -0.0534339 -0.249769 0.381235 0.16731 
3.6988 -0.756293 0.0598668 4.82277 4.42712 0.9595 2.63017 2.00432 -0.621453 -0.137338 0.26407 0.292478 
4.14352 -0.932732 -0.184341 4.76923 5.16128 0.88608 2.50602 2.039 -0.556877 -0.020413 0.254919 0.283343 
3.93768 -0.845445 0.0373755 4.84503 4.55784 0.702015 2.96839 2.03172 -0.535908 -0.291353 0.209713 0.299484 
3.91214 -0.12847 0.769548 4.41277 3.6472 1.60614 2.84538 2.15528 -0.674994 -0.38719 0.28948 0.284966 
