1.83108 -2.10113 2.20986 3.58635 1.1313 -1.58712 1.75037 2.56596 0.312579 -0.839026 -0.0291251 0.0608127 
1.74321 -2.71449 1.68637 2.8815 0.709095 -1.885 2.38449 1.11724 -0.666299 -0.307306 0.125502 0.0617434 
1.92313 -0.653527 1.34573 -0.157998 0.87698 -0.178703 0.771338 -0.535974 0.331683 0.118417 0.2481 -0.00789855 
1.69068 -0.81846 1.10674 0.520089 1.40315 0.777951 0.440848 -0.246022 0.150258 -0.164989 0.0887611 -0.0364294 
2.34319 -0.892239 1.7657 -0.127596 2.38529 0.565496 0.924726 -0.106505 0.687414 0.429017 -0.0102886 -0.062032 
2.10704 -0.510922 0.780228 0.218211 1.69946 0.511948 0.730611 -0.355455 0.464394 0.146185 0.229784 -0.105889 
2.00195 -0.600604 0.865061 -0.241275 1.61768 -0.148493 0.401008 -0.580312 0.455369 0.396283 0.236804 0.0217763 
1.90756 -0.530902 1.26646 -0.0343389 1.98016 0.433744 0.120009 -0.985641 0.794834 0.407779 0.232519 -0.0311889 
1.91454 -0.937334 1.10921 0.590474 1.63137 -0.948695 0.0920133 -0.771344 0.772879 0.509856 0.217683 -0.0463564 
1.96133 -0.86827 0.802107 -0.286411 1.07229 0.261989 0.561081 -0.399095 0.449739 0.224647 0.0883628 -0.0813508 
1.85384 -0.685595 1.31514 0.47078 1.65156 -0.686285 0.439352 0.14781 0.0442073 0.311904 0.384158 0.0749952 
1.75458 -0.897957 0.995812 -0.208732 0.849613 -0.199483 1.01576 -0.650562 0.367347 -0.0176549 0.0672701 -0.046962 
1.86511 -0.983777 0.643914 -0.955311 1.0252 -0.696899 0.920816 -0.117647 -0.195736 -0.269089 0.0124311 0.0182352 
1.7803 -1.25975 0.84454 0.323411 1.23139 -0.308358 0.464195 -1.20539 0.842168 0.224126 0.0037297 -0.0037431 
2.09425 -0.979714 1.0163 0.518619 1.18372 0.391966 0.259361 -0.284881 0.174745 0.180367 0.239679 -0.018876 
2.00096 -0.290725 1.14827 -0.0767187 1.27895 -0.262105 1.13904 -0.160158 0.143973 0.553258 0.379073 -0.0443073 
2.06092 -0.844164 0.994141 0.0724944 1.69424 0.236938 -0.129831 -0.708822 0.459772 0.331485 0.125737 0.021054 
1.73793 -0.933013 0.916834 -0.336961 0.755757 -0.941134 -0.164815 -0.535221 0.840927 0.0248219 0.215897 0.0694509 
1.73102 -0.763846 0.853692 0.432597 1.75434 -0.574984 1.01303 -0.199982 -0.00339705 0.016245 0.0841346 -0.0149468 
1.79477 -0.849375 0.898808 -0.537108 0.819362 -0.43594 0.0226386 -0.82124 0.471459 0.146991 0.20593 0.00188701 
2.01588 -0.932385 0.587096 -0.172331 1.66728 -0.146532 0.0855963 -0.516477 0.361766 0.316612 0.164076 0.0394732 
1.97817 -0.893823 0.83014 -0.114373 1.00234 -0.942112 -0.0407743 -0.204115 0.105826 0.575869 0.273663 0.00599478 
1.68288 -1.30414 0.604295 -0.225784 0.600185 0.0750218 0.479247 -0.499473 0.682621 0.45984 0.371287 0.0629763 
1.68856 -1.05741 0.835066 0.115725 1.48581 0.900375 0.816423 -0.733703 0.68787 0.497562 0.267741 0.0199255 
2.27596 -0.823588 0.733386 0.319015 0.985707 0.485554 0.237912 -0.539923 0.613506 0.029916 0.304002 0.122714 
2.11302 -0.799166 1.12639 0.504549 1.87135 -0.440784 0.93185 -0.111268 0.643904 0.332733 0.248323 0.0418192 
2.15838 -0.586181 1.38399 0.725654 1.45322 0.505806 0.88254 -1.23503 0.21451 -0.324347 -0.152555 -0.0044967 
2.26476 -0.465572 0.911543 -0.242913 1.89486 -0.323034 0.377747 -0.421935 -0.460532 -0.152523 0.0463458 -0.089562 
1.67234 -0.713443 0.620875 0.102756 1.01368 0.120858 0.534269 -0.862727 -0.0166262 0.35081 0.485792 -0.0751292 
2.15351 -1.25932 1.30886 -0.146063 1.4543 0.286518 -0.246555 -0.572549 -0.392352 -0.0381067 -0.0112758 -0.0382771 
2.16251 -0.976279 0.968096 -0.163257 1.58967 0.418679 0.60993 -0.0423228 0.175942 0.287516 0.160124 -0.00521821 
2.10569 -0.781418 0.517217 -0.183445 1.92284 -0.360454 0.0881162 -1.02285 0.692532 0.543538 0.184374 0.101135 
1.89739 -1.18086 0.912215 0.507484 1.44145 -0.410598 0.764388 -0.227238 0.411591 0.378244 0.27978 -0.0167865 
2.14751 -0.688399 0.677358 0.442914 1.17231 -0.60272 0.284356 -0.359474 -0.108972 0.583798 0.326929 -0.00196183 
2.2137 -1.01208 0.548869 -0.200468 1.45617 -0.422793 0.588793 -0.661714 0.006467 0.45404 0.135032 -0.002009 
0.642111 0.530605 -1.04329 0.7002 0.34838 0.0740124 0.0228416 0.440446 -0.137028 0.404832 0.182992 -0.00520674 
1.45297 -0.168804 0.723843 -0.633923 1.51016 1.37816 2.28616 0.896099 0.0902056 -0.916896 -0.232458 -0.116678 
1.24598 -1.38876 -0.652224 -1.42331 1.70061 1.49283 1.81979 1.66368 -0.808997 -1.02292 0.146618 -0.0586557 
1.25282 -1.62414 -0.138361 -1.43037 2.7029 2.56956 1.93761 0.408526 -0.898742 -0.558225 0.200405 -0.0988079 
1.81066 -1.76537 0.641408 -0.784453 2.83401 1.84153 2.45374 1.34765 -0.682086 -0.55456 0.172326 -0.0162821 
3.07555 0.96341 1.86376 -0.0621665 2.38116 1.75298 3.64054 2.02185 0.128006 -0.227133 0.252004 0.0994984 
3.22215 2.27 2.01116 2.21884 1.96104 1.53657 3.85611 1.62874 0.551814 -0.691697 0.242301 0.0898781 
3.70675 1.27195 1.07248 1.14381 0.780765 1.53006 3.90473 2.69922 0.265257 -0.269318 0.272857 0.05955 
4.59264 0.252606 -0.000832462 1.83991 0.178749 1.98551 4.38115 1.82295 0.0376149 -0.0347513 0.294359 0.0114272 
4.16719 0.461249 0.829289 2.53092 0.994292 1.4801 3.94986 2.68141 -0.200981 -0.482972 0.174061 0.106377 
4.30003 -0.350374 0.169165 2.64083 1.09041 1.49077 4.24569 2.63128 -0.230908 -0.552025 0.164456 0.0910529 
4.43871 -0.352656 -0.0117937 3.40987 1.20851 0.993411 4.23661 2.73296 0.0837754 -0.766884 0.143227 0.130147 
3.31223 -0.230336 0.956183 2.50943 1.4145 1.4943 3.87272 2.20212 0.0869678 -0.551787 0.0756368 0.124672 
3.82913 0.0847127 0.386283 3.48209 2.11601 0.287226 4.25019 1.57724 0.354943 -0.792658 0.195078 0.169585 
3.6865 -0.106554 0.054194 3.88156 2.61832 0.508293 3.95586 1.67306 -0.00305817 -0.524732 0.246067 0.176431 
4.20056 -0.489694 -0.182356 4.26703 3.1513 0.408018 4.03335 1.59013 0.0466146 -0.570875 0.278639 0.195577 
3.28897 -0.288561 0.525539 3.52777 2.4795 1.27696 2.67219 1.81887 -0.0797692 -0.216234 0.302928 0.166426 
2.74036 0.966652 1.49269 2.66872 2.03522 1.31635 2.06359 1.36288 -0.148813 -0.425558 0.368064 0.111269 
3.10661 0.871888 1.15635 2.77581 2.207 1.0371 1.98692 1.76522 -0.059772 -0.24355 0.410458 0.140467 
3.80148 -0.117106 0.333284 4.07326 3.20121 0.946351 3.09238 2.01265 -0.279365 -0.246769 0.344834 0.232924 
3.73282 0.10856 0.844177 4.33619 3.07781 1.01604 3.44205 2.07064 -0.350973 -0.330934 0.267996 0.226198 
3.37381 0.250536 1.43226 3.57119 2.13262 1.4995 2.98573 1.9878 -0.241035 -0.328633 0.312157 0.175475 
3.17917 0.762145 1.3193 3.33309 2.30659 0.974818 1.81587 1.62395 -0.0305562 -0.179277 0.44604 0.136224 
3.3654 0.967846 1.12291 3.17746 2.6953 1.44593 2.14621 1.79589 -0.147386 -0.396668 0.34404 0.181936 
3.94717 0.0183471 0.805234 4.34982 3.38225 1.5271 2.79257 2.07844 -0.577803 -0.273816 0.326095 0.240388 
3.95047 -0.0248525 0.51466 4.13656 3.11203 1.32666 2.87888 2.21952 -0.449213 -0.351674 0.292818 0.239964 
4.19685 0.05904 0.564181 4.38489 3.54113 1.54667 2.73285 2.01415 -0.563173 -0.236907 0.348127 0.24054 
3.77685 0.613154 0.664376 3.45301 2.9346 1.3226 2.26555 1.87169 -0.304184 -0.32529 0.31361 0.208313 
3.30564 1.49689 1.21236 2.46594 2.23488 1.36881 1.86133 1.68735 0.0518423 -0.418419 0.288719 0.116353 
3.19088 1.3409 1.02357 2.31169 2.42404 1.71966 1.89318 1.56389 0.0609657 -0.395303 0.286209 0.120017 
3.67746 0.599962 0.394275 3.0806 3.45481 2.1311 2.2242 1.69038 -0.0661423 -0.343159 0.159141 0.210271 
3.86756 0.340806 0.866316 3.99499 3.36432 1.93504 2.83792 1.96805 -0.362494 -0.406394 0.196703 0.245231 
3.66579 0.842116 1.16827 3.89885 3.67042 1.76296 1.89265 1.73936 0.0255561 -0.350007 0.231016 0.21725 
3.41568 1.60415 1.73776 3.25503 2.89435 1.75104 2.10598 1.86525 0.222332 -0.454762 0.179327 0.154853 
3.37028 1.06717 1.87324 3.68379 2.80571 2.08859 2.68289 1.30472 -0.398031 0.105894 0.509589 0.161119 
3.04489 1.15338 1.53006 3.11276 2.56028 1.52253 2.03756 1.73321 0.0664701 -0.315617 0.430981 0.162996 
2.76069 1.49125 1.57148 2.3406 1.91945 1.28837 1.59219 1.06372 -0.144337 -0.08159 0.478067 0.0701318 
2.95949 1.91557 1.77352 2.31777 2.20045 1.68349 1.59863 1.12063 0.318943 0.333651 0.537005 0.0903079 
3.16476 2.52521 2.81289 3.06736 2.36734 1.87391 1.78234 1.00973 0.49676 0.612335 0.327336 0.0798619 
2.85026 2.04282 2.29826 2.44968 2.10481 1.69687 1.40242 1.2621 0.800013 0.456902 0.382003 0.0897553 
2.74528 1.81416 3.29358 2.62026 2.44426 1.92583 1.63493 1.4636 0.355486 0.438182 0.83365 0.100228 
2.84912 2.00614 2.70041 2.16013 2.12397 1.91991 1.48548 1.53904 0.836586 0.679179 0.416413 0.102467 
2.42878 -0.244051 2.37695 3.34402 1.22448 0.863596 2.83833 2.52967 1.1191 0.251027 0.361547 0.135807 
3.71324 -4.03728 1.76351 4.3166 -0.0692577 -0.0886363 3.56273 3.8277 0.258537 -0.781266 0.0761974 0.140345 
1.82514 -0.798989 1.95096 2.4644 0.543156 0.974741 2.79742 2.91991 0.964584 0.13338 0.074022 0.0253892 
2.31606 0.134182 1.73882 2.5658 1.70117 -0.596238 2.00241 1.64678 1.16293 0.565735 0.595946 0.0479218 
1.87575 0.00288005 1.62425 1.2298 1.71877 0.878776 0.953454 -0.223198 0.366672 0.315252 0.611002 0.0449584 
1.88192 -0.499581 1.54114 -0.211755 1.4649 -0.155338 0.809261 -0.87383 0.801716 0.599393 0.176501 0.0515463 
1.6476 -0.0813137 1.4296 0.696628 1.74972 0.321961 0.77441 -0.958443 0.64057 0.418798 0.686883 0.0535275 
1.78373 -0.462917 1.64344 0.360659 2.02137 0.667926 0.456073 -0.223214 1.00472 0.617597 0.482014 -0.00562978 
