2.29462 -0.832266 1.18442 0.374753 1.53939 0.912359 0.958501 -0.684196 0.431393 0.824481 0.414753 0.041618 
1.99173 -1.21674 1.22661 0.104169 1.73445 0.672329 1.62104 0.311797 0.0504384 0.295718 0.0938055 0.00600875 
1.98218 -1.0216 0.930399 -0.12295 1.5546 0.301053 1.25225 -0.407959 0.449665 0.448909 0.432843 0.0651155 
1.89243 -0.734788 1.02073 -0.776451 1.51622 0.0254266 0.309766 -0.489231 -0.0882932 0.455728 0.0914091 0.0435239 
2.05987 -0.873588 0.807509 -0.413443 1.11898 -0.565425 0.525323 -0.866774 -0.0650129 0.42477 0.125003 0.00226606 
1.79578 -1.14727 0.841107 0.272797 1.55592 0.212292 0.392819 -0.505184 0.364328 0.331373 0.11499 0.037035 
2.15928 -1.10245 0.959441 -0.447289 1.38176 -0.286527 -0.0769007 -0.291577 0.317682 0.347779 0.371418 0.0325332 
1.9958 -1.20775 1.31709 0.234296 1.77361 -0.567807 0.000287014 -0.166944 0.604831 0.445316 0.258447 0.0716318 
1.95662 -1.08701 0.869363 0.571697 1.21114 0.313263 0.394377 -0.872039 0.232465 0.259859 0.279866 0.0553301 
1.88912 -0.986365 0.664059 -0.148533 1.39808 0.581667 0.764722 -0.541415 0.431661 0.237976 0.392569 0.047251 
1.75978 -0.878505 0.962616 -0.379711 2.03206 0.446302 0.68347 -0.804788 0.288641 0.164124 0.197602 0.000450948 
2.2568 -0.68883 1.40893 0.395253 2.16839 0.112105 0.298671 -1.18478 -0.227105 0.403943 0.239699 -0.0110996 
2.09168 -1.05815 0.57388 0.166157 1.50921 -0.687655 0.990977 -0.476449 0.387278 0.346894 0.262166 0.0197982 
1.74818 -1.26262 0.973967 -0.246657 1.57983 0.0191746 0.818279 -0.0206876 0.334506 0.394843 0.23306 0.032084 
1.79267 -0.882281 0.935563 0.271521 1.32915 -0.224643 0.625326 -0.752828 0.00247412 0.154601 0.425228 0.0233683 
1.78937 -0.676563 1.4374 -0.0884029 1.75025 -0.182419 0.826562 -1.03199 0.0870867 0.497984 0.125292 0.0534384 
1.71791 -0.977675 0.824353 0.504626 1.61215 -0.0847553 0.679027 -0.587366 0.0178032 0.322959 0.318883 0.0106168 
1.86255 -1.07488 1.63592 -0.0530939 1.57435 -0.32127 0.092336 -0.217561 0.277548 0.201549 0.247201 -0.0288729 
1.81071 -0.730194 1.16252 0.306167 1.89092 -0.0102995 0.217817 -0.0839388 0.388442 -0.264847 0.321656 0.06414 
1.85438 -0.686345 1.425 0.409562 2.19999 0.159061 0.91429 -0.457995 0.223648 0.123583 0.376759 0.0120194 
1.62444 -0.805379 1.46757 0.157026 1.4433 0.0449212 0.348105 -0.493033 0.304374 0.601064 0.248234 -0.0379066 
1.85543 -0.396864 1.20672 0.205811 0.976211 0.190249 0.511891 -0.410908 0.512848 0.110139 0.521148 0.0460635 
1.6451 -1.10565 1.09388 -0.0671709 1.85648 -0.927308 0.691629 -0.146813 -0.0132936 0.357719 0.304764 0.0420399 
1.80472 -0.462348 0.392812 0.41494 1.7007 -0.530789 -0.419772 -0.0444278 0.549848 0.0595685 0.399949 0.061974 
1.94301 -0.472768 0.908047 0.388325 1.31824 -0.189969 0.669885 -0.768986 0.0785886 0.2752 0.25459 -0.0803017 
1.89255 -1.16534 0.756953 0.132921 1.75875 -0.111612 0.129719 -0.508387 0.369396 0.403203 0.236534 -0.00220703 
2.23802 -0.863995 1.20245 -0.0204041 1.23724 0.0683151 0.603311 -0.552502 0.166535 0.37517 0.470673 -0.025212 
1.97542 -0.623357 1.57822 0.327271 2.45336 0.523641 1.30086 -0.519823 0.526854 0.34513 0.186451 0.0454709 
1.95379 -0.939023 0.851953 0.61215 2.30238 0.523448 0.48077 -0.211102 0.543937 0.284925 0.309977 0.0290459 
1.95942 -0.480632 0.967909 0.214149 1.85575 -0.0665558 0.799159 -0.36787 0.545199 0.429931 0.145272 0.0429837 
2.42446 -0.988889 1.3028 0.255598 1.57984 0.581615 0.952931 -0.289326 0.602159 0.632427 0.274944 0.019674 
2.03371 -0.411998 0.89591 0.539417 1.49429 0.116595 0.338788 -0.500693 0.64091 0.488469 0.24245 0.0526581 
2.16631 -0.935052 0.90787 -0.508764 1.53318 -0.00915831 0.796624 -0.210274 0.0736573 0.45978 0.215773 -0.011491 
1.28464 -1.41113 -0.0093112 -0.296454 -0.930561 -0.731122 2.37276 -0.441908 0.60346 -0.217065 0.145287 -0.0920217 
2.18805 -1.04775 -0.214278 0.685924 1.53376 -0.839456 2.44992 1.68055 -0.135205 -0.572377 0.0127076 -0.0783634 
1.88712 -0.496896 -0.115248 -0.135106 0.991685 0.632602 2.59868 1.45019 0.0893803 -1.05945 -0.0384058 -0.119076 
1.63192 -1.09315 -0.928165 -0.580145 1.18242 0.333433 2.21798 1.1961 0.0280927 -1.51306 0.183884 0.0395743 
1.9901 -0.870666 -0.525436 1.08404 2.26623 0.828109 3.16693 0.54256 0.585601 -0.752917 0.196861 0.0427551 
2.8263 1.36689 0.783247 2.98455 2.41137 1.51053 3.4807 0.562527 0.848469 -0.573731 0.327497 0.11869 
3.1887 1.82082 1.2008 3.1025 2.8591 0.984085 3.4659 0.612745 0.904343 -0.849452 0.540352 0.158619 
3.19995 1.71347 -0.00138534 1.86366 1.87739 0.846148 3.77604 1.5192 1.69113 -0.214195 0.450346 0.0612275 
2.63451 0.584188 0.539424 1.53227 1.92974 1.25552 2.60607 1.30507 1.18009 -0.421036 0.265209 0.0553674 
4.39798 -0.0998887 -1.14624 2.46745 2.20427 0.77806 3.90641 2.5171 0.556428 -0.641128 0.161689 0.16016 
4.45863 -0.361463 -1.29603 3.40018 3.19523 -0.0362984 4.26635 1.99592 0.56158 -0.757515 0.132435 0.189494 
4.4665 -0.943409 -1.20222 3.32954 3.18137 0.217231 4.21605 1.30365 0.391358 -0.776389 0.233798 0.189495 
3.04523 -0.0620046 -0.00956261 3.54027 2.71698 1.37188 3.08953 1.45487 0.0136507 -0.644303 0.280772 0.204899 
3.84833 -0.397839 -0.702039 3.83504 3.65797 0.938176 3.27054 1.62514 -0.202635 -0.502746 0.246041 0.248308 
4.83602 -1.04632 -0.936279 3.59105 3.85799 0.311156 4.18631 0.931404 0.32177 -0.618241 0.336764 0.277956 
2.84763 0.044518 0.669758 3.08121 2.5219 1.65693 2.32753 1.57996 -0.374757 -0.578203 0.241996 0.200144 
3.05529 0.517451 0.652963 2.92415 2.92134 1.56103 1.99011 1.51467 -0.338495 -0.606431 0.252293 0.187486 
4.27648 -0.360745 -0.613092 4.69924 4.20723 1.20586 2.69808 1.90118 -0.410667 -0.452238 0.136969 0.267331 
3.97512 -0.332693 -0.237858 4.65532 4.07447 1.15506 3.12224 1.77057 -0.293125 -0.382434 0.230193 0.280134 
3.53588 0.243043 0.481136 3.11851 3.0993 2.08174 2.21045 1.39373 -0.0849191 -0.263196 0.304294 0.201807 
3.18392 1.33733 1.00158 2.31375 2.53135 1.67932 1.53761 1.26924 0.171785 -0.323154 0.229897 0.102985 
3.06319 1.3824 1.05412 2.26502 2.50821 1.78715 1.50202 1.04963 0.1063 -0.0863417 0.338401 0.0873372 
3.59175 0.88206 0.687698 3.25865 3.53261 2.00031 2.32489 1.49747 -0.126416 -0.550362 0.295498 0.236712 
4.1989 0.234469 0.291194 5.23464 4.57226 1.51431 3.48648 1.70528 -0.163444 -0.454687 0.224467 0.29812 
5.99292 0.111585 -1.75814 6.77954 4.53896 2.4223 3.10729 1.5106 0.16928 -0.661808 0.596538 0.216022 
4.694 0.576183 0.00519611 4.88346 4.59593 2.25449 2.2408 1.74748 -0.346409 -0.208323 0.259173 0.275629 
3.29121 1.67331 1.36132 2.88813 3.30755 2.55798 1.98045 1.18083 -0.135284 -0.318815 0.363719 0.154233 
3.24779 1.28142 1.04924 2.85561 3.45876 2.3243 1.69133 1.2653 0.0763884 -0.313594 0.315261 0.15675 
3.54628 0.787313 1.03547 3.77184 3.53787 2.36768 2.68421 1.71553 -0.459781 -0.434251 0.31031 0.262321 
4.10034 0.269067 0.226951 4.39895 3.88573 1.90512 2.6529 1.98208 -0.469436 -0.433692 0.196328 0.284805 
3.34289 0.10314 0.898512 3.94576 3.47394 1.95181 2.57419 1.77285 -0.427909 -0.471417 0.243111 0.270036 
2.96867 0.18436 1.03092 3.40683 2.94127 2.06987 2.56444 1.5368 -0.573668 -0.511816 0.353892 0.237386 
4.29978 -0.738802 -0.180981 4.46126 3.63512 1.39012 2.48212 1.85761 -0.546696 -0.515483 0.277589 0.264539 
5.29494 -1.76455 -1.18236 6.262 3.47612 1.59745 2.10025 2.08018 -0.415448 -0.643835 0.282693 0.27755 
4.42519 -1.35695 -0.521793 5.65222 3.86097 1.4152 2.4338 2.03156 -0.608445 -0.549405 0.34227 0.293532 
4.85692 -1.8575 -0.341639 5.08113 2.43323 1.90776 2.47203 1.98103 -0.547891 -0.487393 0.340374 0.257219 
2.64911 0.14888 1.74327 3.5285 2.60588 2.40597 2.84802 1.30172 -0.620323 -0.35103 0.427362 0.2427 
3.39991 0.544041 1.78936 4.72537 3.9417 2.45118 3.00694 2.00997 -0.386037 -0.246524 0.517018 0.33471 
3.37948 1.47549 1.71365 3.68873 4.14904 2.98071 2.18324 1.15357 -0.121333 0.00428019 0.624221 0.224852 
2.63941 2.0072 2.15171 2.31582 2.0602 1.62187 1.05839 0.711827 0.730099 0.777283 0.462824 0.0617255 
2.74674 2.19873 2.08064 2.07101 1.86494 1.63546 1.35753 1.07274 0.859535 0.648519 0.395549 0.0808145 
2.67034 2.13843 1.86401 1.7478 1.74536 1.43803 1.07643 0.806608 0.695097 0.553527 0.324639 0.056077 
2.77228 2.14826 2.11145 2.00513 2.32111 1.76468 1.0659 1.19331 1.02095 0.665251 0.382177 0.0810209 
2.81532 2.27774 2.20211 2.08452 2.1455 1.78769 1.28385 1.23024 1.1491 0.76955 0.539982 0.106562 
2.7589 2.20058 2.08059 2.06137 2.41893 1.77126 1.62541 1.07892 0.962564 0.767624 0.5487 0.10612 
2.81871 1.58806 2.6006 1.8594 2.09282 1.7637 1.84411 0.420086 0.860491 1.01428 0.651729 0.0934583 
2.22672 0.445201 1.71075 0.772742 2.07232 1.23233 1.30324 -0.00874945 0.938296 0.750657 0.591901 0.0297947 
1.63748 -0.149236 1.37712 0.189544 1.75289 0.605878 0.216092 -0.350783 0.634073 0.279299 0.512131 0.047854 
1.97804 -0.0449119 1.40703 0.223142 0.65096 0.34719 -0.00705385 -1.17479 0.579374 0.920374 0.412892 0.022253 
-0.666054 1.44583 1.27504 -1.8013 2.54189 -1.07992 0.968072 -1.81092 0.205988 1.02812 -0.00782288 0.0627165 
-3.60882 3.36689 0.971487 -1.60091 1.56623 0.54156 1.10277 -1.76368 0.45471 1.04831 0.0639426 0.167173 
-0.832288 1.94903 1.50713 0.261389 0.727257 0.373135 1.05587 -1.59557 0.562342 1.22624 0.169324 0.00970686 
