-1.33804 0.938215 -0.465392 0.510384 0.848455 -1.05687 1.27978 -0.279753 0.445174 -0.105457 0.456579 -0.0102846 
-1.4918 1.59951 -0.67405 0.296036 0.999362 -0.314235 1.17839 -0.840891 0.934686 -0.110242 0.511748 -0.080204 
1.35147 -0.43181 0.0969427 0.337311 0.419944 -0.0139603 0.0917763 -0.785284 0.0689463 -0.145573 0.413723 0.0234345 
2.02907 -1.38315 0.793942 -0.516963 1.07154 -0.540324 0.471828 -0.269339 0.242115 0.499683 0.0205086 -0.0198256 
2.13101 -0.861255 0.697036 0.067219 0.980139 -0.175169 0.471088 -0.0346295 -0.102118 0.0548662 0.026225 -0.017482 
2.12234 -1.10382 1.1344 0.114615 1.22706 -0.287646 0.727866 -0.53492 0.0616304 -0.0914818 0.0968601 -0.0158345 
2.08206 -0.957076 0.904265 0.548092 1.43968 -0.149327 0.804179 -0.841883 0.0912226 -0.210563 -0.0337622 -0.0527576 
2.02866 -0.907487 1.2164 0.0970882 1.03923 0.325266 0.723073 -0.819394 0.260979 0.0502758 0.412017 0.0212815 
2.18757 -1.24184 1.1739 -0.822472 0.89578 -0.623182 0.341696 -0.405975 0.787112 0.48646 0.158642 0.100057 
2.1505 -0.714564 0.802857 -0.0548084 1.21584 -0.33003 0.368812 -0.671119 0.473578 0.364999 0.42377 0.0818055 
1.87132 -1.27516 1.06527 -0.295185 1.29479 -0.150488 0.929486 -0.10549 0.390307 0.206741 0.0957482 -0.0642139 
1.75275 -0.976217 0.885543 -0.238096 1.76589 -0.599905 -0.0340245 -0.33809 0.545819 0.557723 0.0760482 0.0787424 
1.92574 -1.21923 0.610076 -0.217705 1.04258 -0.94144 0.475991 0.283471 0.437874 0.446204 0.149586 0.0172558 
1.80114 -1.27907 0.908501 -0.167088 1.23193 -0.169873 0.490868 -0.649861 0.568269 0.431471 0.282307 0.0464991 
1.88959 -0.969947 0.947545 -0.346122 1.20905 -0.0157119 0.413374 -0.273928 0.477128 0.270287 0.365976 0.0425106 
2.06855 -1.42138 0.659089 -0.254486 1.28864 0.146782 1.34432 -1.32077 -0.21474 0.233456 0.338207 0.0776588 
2.25965 -1.22954 1.09673 0.00271317 1.7063 0.187458 0.533454 -1.0382 -0.148871 0.104128 0.269831 -0.00235759 
2.08129 -0.912657 1.07339 -0.186496 1.50739 0.240158 0.514779 -1.29145 0.184976 0.119839 0.233484 0.0166354 
1.97377 -0.780958 1.22286 0.0330751 0.972946 0.128208 0.128449 -0.471513 0.267188 0.398733 0.167712 -0.110357 
2.30024 -0.77514 1.58483 0.174359 1.47911 -0.222389 1.01728 -0.558402 0.35415 0.0882669 0.0398716 -0.0302924 
1.92782 -0.840147 0.851814 0.0584455 0.464904 0.119632 0.625806 -0.80106 0.448656 0.0348375 0.0198992 -0.0373527 
2.17712 -1.25244 1.40238 0.511008 0.858855 -0.507121 0.870056 0.0339464 0.264468 -0.458717 -0.0748401 0.0245058 
2.20252 -1.00378 0.948037 0.659839 1.04488 -0.771728 0.346982 -0.957677 0.0324349 0.156436 0.238315 -0.0129447 
1.93666 -1.16419 1.17461 -0.10847 1.38001 0.409696 0.7617 -0.934086 0.625918 0.145083 0.275443 0.0547206 
1.95615 -1.29938 1.31597 -0.496782 1.15811 -0.410876 0.347245 -0.442272 0.155519 0.280396 0.194817 0.0486914 
2.02019 -1.08586 0.878266 0.215749 1.70464 -0.38532 0.749861 -0.547854 0.391973 0.163342 0.229499 0.00170403 
1.96221 -1.24366 1.42395 0.324271 1.80231 -0.00708116 0.927342 -0.135694 0.356713 0.208534 0.219462 -0.0208482 
2.10907 -1.05754 1.4989 -0.622094 1.45057 0.465315 0.413673 -0.305749 -0.315015 0.219157 0.214001 -0.0167823 
1.80022 -0.929337 0.920727 0.0677789 1.39424 0.116316 0.906844 -1.09674 0.296928 0.459927 0.02839 -0.0481227 
1.97315 -1.00208 0.884878 -0.358016 0.947132 0.284068 1.05899 -0.671598 1.29633 0.556857 0.0719883 0.0602507 
1.48419 -1.34323 0.919929 0.371299 0.403186 -0.640347 -0.154093 -1.06125 0.195239 -0.347668 0.322378 -0.0918617 
2.27799 -0.806113 1.6824 0.65448 2.17458 0.182801 0.624703 0.178936 0.234766 0.31894 0.325545 0.0327545 
2.30442 -0.634999 1.4176 0.731933 2.58383 0.411013 1.39848 0.00917502 0.675268 0.540102 0.484845 0.0646584 
2.01407 -0.753644 1.35703 -0.175004 2.15397 0.246746 0.898033 -0.123274 0.127679 0.329182 0.311918 0.016575 
1.8891 -0.974981 0.0903707 -0.0813351 1.56767 0.037124 0.731703 -0.731956 -0.0662964 0.636877 0.189561 0.0852832 
1.97332 -0.982668 1.03965 -0.558637 0.83274 0.242861 0.812057 -0.67124 0.497387 0.46961 0.0456802 0.0426191 
1.79478 -0.888084 0.652502 0.681007 1.08344 -0.305991 1.05312 -0.817153 0.519919 0.0929675 0.565805 0.0389908 
1.55242 -0.853055 0.400144 0.187721 1.53173 -0.722199 0.337471 -0.755109 0.526712 0.54202 0.136076 0.016994 
1.72483 -0.907768 1.11396 -0.443723 1.31868 0.23084 0.99155 0.00496192 0.456125 0.467295 0.284522 0.0408314 
1.9338 -1.04357 1.23145 -0.80615 1.49712 -0.608031 0.327021 -0.509152 0.18309 0.139167 0.184615 0.0216818 
1.86302 -0.255365 0.373095 0.109393 0.635169 0.883151 1.84905 1.27918 0.945984 -1.34365 0.0545706 -0.16339 
2.06784 -0.392241 0.0468637 -0.797468 1.24068 1.28135 2.49759 1.39769 -0.520454 -0.889561 0.0234333 -0.163947 
1.34501 -1.62409 -0.67589 -1.3042 1.05379 1.09703 2.58057 1.47964 -0.838714 -0.906965 0.173978 -0.0983443 
1.40818 -1.44639 0.89404 0.18172 2.00251 1.45144 1.96986 1.51951 -0.236742 -1.03606 0.0723229 -0.0949347 
2.60486 0.692442 1.02962 0.88154 1.67963 1.73032 2.99061 2.22052 0.123687 -0.43422 0.250186 0.0657044 
2.75644 1.82117 1.46801 1.53721 2.08902 1.6554 3.2747 1.57336 0.796651 -0.530098 0.2896 0.105072 
2.3116 -0.107073 1.83244 0.935878 2.18577 2.15037 3.44484 1.56662 0.904456 0.161649 0.628426 0.0811081 
2.11247 0.708915 1.10653 1.09101 1.39685 1.91212 1.99808 2.1348 0.701354 -0.223427 0.350439 0.0247793 
3.12936 1.2055 1.70751 0.254549 0.989561 2.97674 2.49694 2.37493 0.94152 -0.412274 -0.0656509 0.0186338 
4.67872 1.63243 -0.198173 0.375828 1.24414 3.1865 3.86827 1.24632 -0.387946 0.184474 -0.0537018 0.033567 
4.94089 1.31864 -0.444475 1.9046 1.85746 1.91134 4.3801 1.07627 -0.165833 -0.417841 0.156919 0.0872866 
4.60751 0.5344 -0.627911 2.51351 3.04244 1.7328 4.22532 0.955427 -0.0246091 -0.4753 0.167276 0.15462 
3.42228 0.438643 -0.278506 2.52392 3.05841 2.2799 2.64406 1.81452 -0.0517718 -0.217118 0.049384 0.16664 
3.40609 1.21301 0.648324 1.92524 2.33811 2.20388 2.43954 1.43667 -0.107516 -0.561386 0.112589 0.13583 
3.49382 0.874833 0.643737 2.32851 2.24455 1.87997 2.7009 1.60186 -0.369589 -0.594035 0.176846 0.161985 
3.78438 -0.0290644 0.127416 3.53112 3.3505 1.57705 3.26234 1.55969 -0.471778 -0.405904 0.116459 0.209083 
4.06049 -0.288681 -0.0580666 3.34858 3.19013 1.42428 2.76955 2.01608 -0.599005 -0.375678 0.145432 0.198218 
3.07026 0.671411 1.05801 2.63411 2.32605 1.54583 2.51695 1.60464 -0.38173 -0.515114 0.116011 0.149628 
3.41579 0.920877 0.60654 2.79178 2.60854 1.3292 2.33769 1.71416 -0.145763 -0.401604 0.234562 0.174097 
3.86439 0.0334565 0.355893 3.8011 3.45156 1.50234 3.30781 1.93314 -0.317936 -0.180782 0.159504 0.213792 
3.66413 -0.0971368 0.628126 4.14663 3.44163 1.43633 2.86124 2.1652 -0.355847 -0.15353 0.17473 0.226705 
4.62814 -0.983574 0.958706 4.31818 4.30668 0.778494 3.42338 2.27887 -0.460119 -0.37189 0.185994 0.243245 
2.99122 -0.134423 1.42797 4.23295 2.8633 1.75493 2.9719 1.8426 -0.428296 -0.349643 0.185526 0.24341 
3.36152 0.650723 1.10712 3.49243 2.97511 1.43477 2.08636 1.91597 -0.0904941 -0.542532 0.242546 0.210361 
3.2539 0.452884 0.886547 3.57551 2.82025 1.14611 2.09738 1.99974 -0.0689501 -0.523829 0.261812 0.209351 
3.59831 -0.0816598 0.641906 4.32551 3.11825 1.18928 2.79799 2.31883 -0.355489 -0.583674 0.139622 0.263696 
4.91393 -1.6595 0.0385819 5.95549 3.60712 0.836722 2.86819 2.60693 -0.268734 -0.871071 0.198549 0.293703 
3.51687 -0.807371 0.717772 4.32041 2.80833 1.06062 2.63541 2.28353 -0.2978 -0.500459 0.180927 0.230985 
2.99877 0.518524 1.61852 3.73858 2.00885 0.32943 1.79985 2.0529 0.210843 -0.386607 0.110051 0.137085 
3.01312 1.40379 1.73226 3.07392 2.20774 0.715842 1.4191 1.77862 0.310938 -0.333649 0.269495 0.10656 
3.36945 1.40809 1.88579 3.72876 3.15426 2.22595 2.3108 1.07715 -0.313995 0.0688945 0.502696 0.143394 
3.55253 0.109329 2.0784 5.62009 3.60976 1.62297 3.10542 2.32698 -0.268199 -0.0573984 0.33203 0.255749 
3.59442 0.325363 1.64192 4.44268 2.72577 1.75434 3.31918 1.89068 -0.411655 -0.252128 0.367083 0.216272 
3.20591 1.51673 1.66925 2.95782 2.26915 1.24674 1.99136 1.87924 0.12471 -0.41087 0.365267 0.144403 
3.13059 1.20258 1.63654 3.0115 2.07551 1.45401 2.53174 1.73036 -0.402998 -0.460367 0.545157 0.169212 
2.97317 1.43939 1.83788 2.70577 1.86222 1.60025 2.32056 1.4645 -0.0496897 0.0550959 0.449657 0.105765 
2.66468 1.95861 2.02315 2.09635 1.83411 1.87045 1.73292 0.790654 0.0260143 0.24712 0.483947 0.0465505 
3.07141 2.2828 2.10018 2.27948 2.2782 2.20502 2.0773 1.03324 0.191381 0.164042 0.414693 0.0839343 
2.79169 2.32563 2.11812 1.99619 1.83202 1.54829 1.2921 1.02692 0.790473 0.533495 0.300443 0.0630573 
2.71885 2.18484 1.97793 1.76586 1.62648 1.39144 1.05201 0.745568 0.562089 0.366288 0.235574 0.0345124 
2.71558 2.16384 2.09181 1.84302 1.52676 1.45257 1.29493 0.885096 0.722285 0.50459 0.29931 0.0563487 
2.69873 2.19337 2.1319 2.01427 1.57335 1.64279 1.39269 0.843769 0.806113 0.63267 0.326554 0.0659284 
2.75543 2.09118 2.13859 2.0659 1.76155 1.49875 1.44659 1.33147 1.00166 0.43839 0.511861 0.0846852 
2.16882 1.22311 2.41098 1.49102 2.05335 2.14394 1.73445 0.649937 1.12199 0.912935 0.55344 0.044968 
2.11025 0.541029 2.32201 0.538667 2.45893 1.70034 1.43762 -0.0630876 0.933653 1.21746 0.268034 0.00601264 
