2.10346 -3.20842 0.252269 2.85349 -1.52813 -0.048349 2.39599 4.12369 -0.441421 -0.459154 -0.0972984 -0.00147428 
3.21625 -1.28504 -0.516816 -1.22302 0.542291 1.11175 2.11472 2.11892 0.211803 -0.694168 -0.269613 -0.0745782 
3.45696 -0.528555 -0.0300002 -1.20441 1.05316 1.24539 2.60322 1.69426 0.911023 -0.178965 -0.380318 -0.0413893 
2.5935 -0.648184 -0.0905179 -0.792478 1.099 1.02373 2.52877 0.897637 0.894127 0.134579 -0.305994 -0.0520782 
2.68982 -0.154739 1.24772 -0.569031 1.6797 1.74143 3.11432 0.995084 1.39812 0.129255 -0.280159 0.040831 
2.84538 -0.126148 0.517627 -0.274803 2.37903 1.46149 2.55739 1.44043 1.14256 0.0848148 0.0807624 0.0320002 
2.63895 0.0490349 1.07825 0.546565 1.82543 1.76311 2.10663 0.548074 0.89749 0.826071 0.150123 -0.0142648 
2.2562 -0.663253 0.782327 0.000479522 0.855351 0.38269 1.31536 -0.0116998 0.548822 0.475298 0.241796 -0.0217604 
2.39523 -0.670047 0.730682 -0.340914 1.037 0.856373 2.12137 0.265035 0.909492 0.409867 0.207169 -0.0099552 
2.77502 -0.818442 0.623379 -0.514385 1.30012 0.631911 1.95159 0.564835 0.993032 0.400305 -0.175693 -0.00758167 
2.66859 -0.689412 1.84353 -0.0627266 1.68309 0.309777 1.3606 -0.371052 0.409774 0.721971 0.385787 0.109969 
2.05327 -1.49378 1.0214 0.483305 1.25228 -0.0695316 0.750605 -0.291184 0.409133 0.632851 0.359249 0.0228785 
2.27006 -0.799736 1.20804 -0.0666478 1.36744 0.07663 0.74572 -0.47594 0.282457 0.369641 0.269293 0.00561005 
1.83416 -0.874743 0.617035 -0.518216 0.813476 0.0188465 0.793921 -0.750958 0.332274 0.635927 0.0728272 -0.0903687 
1.91078 -0.44937 0.659291 -0.412151 0.785775 0.273941 0.652097 -0.873677 0.47515 0.275536 0.253888 -0.0196334 
2.31895 -0.143286 1.24014 0.160127 0.856597 -0.196126 0.30586 -0.433792 0.02853 0.538629 0.559369 0.0292144 
2.25148 -0.931584 1.43279 -0.277362 1.01399 -1.06459 0.371566 -0.611589 0.069202 0.272479 -0.0371328 0.0153476 
2.00473 -1.31583 0.521215 -0.551696 0.729132 -0.525213 0.451044 -0.991142 0.263985 0.0985099 0.174833 0.0470675 
2.03932 -0.722637 0.600322 -0.506441 1.3546 -0.136362 0.82097 -0.487203 0.0996549 0.314524 0.184434 -0.0421101 
1.77279 -1.21123 0.602237 0.0920417 1.03145 -0.162117 -0.239595 -1.1229 0.681604 0.176201 0.263922 -0.074341 
1.98363 -0.600629 0.646644 0.198848 1.4317 0.304345 0.923798 -0.303124 0.306235 0.433174 0.341183 -0.0352534 
1.93235 -1.15179 0.845665 -0.277635 1.98834 -0.149844 1.09599 -0.537329 0.179169 0.293873 0.182097 0.0757551 
2.02838 -0.304649 0.983826 0.189551 2.02138 -0.0256857 0.84722 -0.20812 0.452815 0.109157 0.198963 -0.00229976 
2.3399 -0.918498 1.27868 -0.313506 1.30689 -0.020501 0.274172 -0.0172181 0.0550036 0.0199694 0.0686574 -0.0732498 
1.69407 -0.844047 0.892627 0.423291 1.07652 -0.0692084 0.361633 -0.725675 0.865197 0.0706891 0.171789 -0.0330863 
1.97325 -1.11879 1.08977 0.233683 1.64845 -0.521824 0.471224 -0.3162 0.174455 0.391214 0.278281 0.0663876 
2.02556 -0.9967 1.21739 0.00823047 1.40987 -0.124494 0.76666 -0.968942 0.517328 0.377808 0.266474 0.0951289 
1.76609 -0.752547 1.3332 0.560865 2.04093 -0.22973 0.473331 -0.791819 -0.210133 0.219164 0.356014 0.0697685 
1.94118 -0.359228 1.26449 -0.304297 1.23954 -0.513658 0.481725 -0.763614 0.234852 0.629591 0.391337 0.0319133 
1.91556 -1.21777 1.05588 0.180358 1.33351 -0.142817 1.42387 -0.463702 0.731144 0.331695 0.0225092 0.0466707 
1.95058 -1.38704 1.14611 0.286077 1.43585 0.0189687 0.380857 -0.338276 0.0242659 0.216269 0.364935 0.0537427 
2.17581 -0.991949 1.31848 0.702055 0.888526 0.688792 0.237974 -0.221631 0.311708 0.285301 0.353423 -0.093182 
1.80903 -0.660202 0.647057 -0.279319 1.3866 -0.319994 0.537813 -0.148883 0.382316 0.122301 0.331543 0.00244291 
2.05262 -1.29867 0.667434 -0.256217 0.903408 0.0150225 -0.11187 -1.06625 0.49863 0.418277 -0.168648 0.0511628 
2.11341 -0.892075 0.93287 0.0374134 1.42415 0.114555 0.717141 0.195411 0.346189 0.0662764 0.245948 -0.0325892 
1.93109 -0.953243 1.03341 0.0932685 1.01997 -0.360019 1.20491 -0.626272 0.417291 0.262035 0.159871 0.00617135 
1.91764 -1.0953 0.784842 -0.0482796 1.70164 -0.393289 0.256047 -0.512101 0.2797 0.0981821 0.143735 0.000273339 
1.10367 -2.73349 1.51488 1.69348 0.684355 -0.146729 1.13393 1.44408 0.0474287 -0.442376 0.280059 0.0207691 
0.675817 -1.34202 2.59657 0.0153599 1.22098 -0.774193 1.14094 1.54626 0.571121 -1.17226 0.0536967 0.0162599 
1.35825 -1.23663 0.680669 0.671618 1.10749 -0.277489 2.42762 1.33038 0.665733 -0.888859 0.00247493 -0.103139 
1.26655 -1.58843 -0.424946 -0.794744 -0.931184 -0.277375 1.60191 1.45438 1.55332 -0.889622 -0.186245 0.0647424 
2.09452 -0.770461 -0.544342 1.47514 1.93632 0.81259 3.18263 1.17036 0.747555 -0.916865 0.18425 0.0520906 
2.68771 1.22702 -0.246658 2.67658 2.61556 1.34227 4.23408 0.750249 0.913495 -0.396177 0.379344 0.12685 
3.7869 2.79405 -0.0195039 2.98473 2.78156 1.22739 4.22461 0.816688 1.23877 -0.182118 -0.0351598 0.03617 
3.62932 1.42075 0.125211 2.32958 2.41893 1.65348 2.0402 1.59381 1.8425 -0.323962 0.188684 0.0784703 
1.49676 0.0728701 1.80528 3.25391 2.59592 -0.222603 0.707197 1.95881 1.61581 -0.242088 0.622313 0.0127321 
3.14618 0.92014 0.595057 1.68371 1.98753 1.24909 1.90992 2.21702 0.473716 -0.760073 -0.082154 0.09557 
3.63983 0.687421 -0.228029 2.27511 2.93043 1.21156 2.70803 1.62522 0.329613 -0.724212 0.0639359 0.175284 
4.43993 0.208951 -1.70838 3.40747 3.44288 0.995897 3.1359 0.913456 0.584913 -0.709006 0.159854 0.145272 
4.06897 0.00083746 -0.0994941 2.63057 3.64519 1.62332 2.56507 1.28882 0.137228 -0.371665 0.00877235 0.169578 
3.76323 -0.293937 -0.710609 3.8214 4.29035 1.07982 2.63982 1.4755 0.0777525 -0.365693 0.0661668 0.23545 
4.08966 -0.238473 -1.353 3.38949 4.39749 0.732935 3.1595 1.01493 0.491655 -0.452699 0.135176 0.22846 
3.4216 0.42831 -0.135664 2.98799 3.39709 1.14065 2.23868 1.26576 0.349368 -0.531386 0.132157 0.186068 
3.18772 0.342567 -0.020678 3.17455 3.4033 1.3693 2.14627 1.26408 0.204781 -0.585238 0.189346 0.201084 
3.76225 -0.260614 -0.266922 4.38672 4.04957 0.843915 2.87811 1.43404 -0.086714 -0.586209 0.0471039 0.248411 
3.20158 0.0663831 0.485734 3.38382 3.41473 1.22073 2.379 1.2038 0.193532 -0.481497 0.0441373 0.186167 
2.97002 0.285326 0.691323 3.14642 3.29317 1.51311 1.74791 1.1856 -0.0623126 -0.436849 0.136774 0.175676 
3.11123 0.401553 0.696644 3.40978 3.27022 1.38109 2.02886 1.53502 0.0527954 -0.407025 0.170427 0.200922 
3.92438 -0.687877 -0.431762 5.03895 4.67043 0.615494 3.0548 1.6 -0.063016 -0.396577 0.202123 0.299502 
4.0925 -0.869544 -0.624174 5.43055 4.73766 0.621443 2.92073 1.40053 0.0785582 -0.424771 0.293695 0.28339 
4.70183 -0.889804 -0.909479 5.13147 4.24855 0.170829 2.97246 1.13568 0.5058 -0.604033 0.269675 0.208482 
2.95546 0.329957 0.885927 3.2559 2.78507 1.24373 1.802 1.33521 0.112635 -0.407903 0.145526 0.150138 
2.84553 0.35467 0.746687 3.41589 3.28293 1.48756 1.54526 1.26344 0.00997611 -0.473087 0.281959 0.184557 
3.7459 -0.67973 0.0194186 4.47217 4.25531 0.868109 2.65912 1.35014 -0.173935 -0.348066 0.268573 0.267368 
3.73584 -0.88147 -0.758805 5.65971 4.99223 0.156137 3.31197 1.17422 -0.00769933 -0.565075 0.281756 0.32005 
4.0384 -0.491217 -0.73302 4.44727 4.10679 0.245843 2.92565 0.955892 0.304945 -0.570607 0.210399 0.215695 
2.78779 -0.0323454 0.797448 3.29215 3.01418 1.43394 2.00497 1.2577 -0.16868 -0.575821 0.190917 0.196765 
3.48656 -0.7728 -0.626343 3.97598 3.99969 0.680342 2.51217 1.33522 -0.260445 -0.597126 0.12444 0.269068 
4.00908 -0.690567 -0.861077 4.24779 4.54395 0.979772 2.48022 1.43534 -0.129826 -0.525701 0.102531 0.28246 
3.48237 0.529145 0.830374 3.5681 3.53716 1.98857 1.98659 1.15259 -0.229836 -0.329774 0.290888 0.20156 
3.91207 0.663617 0.722988 3.51979 3.90928 2.38719 2.11018 1.37106 -0.0946827 -0.324986 0.25704 0.235143 
3.8225 -0.0143839 0.38296 4.07586 3.9914 2.0532 2.25927 1.50914 -0.314176 -0.146267 0.397313 0.269822 
3.35959 1.48344 1.381 3.03814 3.05618 1.89729 1.98523 1.78861 0.213971 -0.438826 0.370309 0.17835 
3.00468 2.08801 1.78759 2.23264 2.37657 1.76734 1.27012 1.05633 0.547596 0.182045 0.300176 0.0568022 
2.89044 2.19832 1.8441 1.84974 2.01232 1.98583 1.6128 1.00552 0.483764 0.310783 0.288627 0.0582843 
2.6834 2.03668 1.75048 1.60291 1.70483 1.54207 1.01649 0.56685 0.411971 0.40846 0.271729 0.0501644 
2.80258 1.46518 2.09354 1.8789 2.20738 1.33333 1.45218 1.32039 0.378528 0.803541 0.616117 0.0536798 
3.03823 0.259833 2.22431 3.56948 1.13475 0.489875 2.33534 1.98535 0.747843 0.227558 0.702092 0.14415 
3.97619 -3.83389 2.85661 1.61736 -2.72263 0.294169 2.18963 2.5044 0.786445 -0.377681 0.1325 0.14009 
2.59616 0.505532 2.61685 1.78181 0.46093 1.9636 2.26955 2.34455 1.60055 -0.146045 0.283568 0.13293 
2.30088 2.8011 1.5237 2.06028 2.26435 1.14742 1.88253 0.756184 1.40148 0.332451 0.541052 0.0659639 
2.55387 1.72301 1.89577 1.64518 2.61504 1.09996 1.93334 0.427865 0.516543 0.493925 0.661513 0.0908475 
2.40712 1.48528 1.85781 1.01077 1.75479 0.541611 1.38089 -0.266222 1.7201 0.468065 0.700139 0.0721006 
2.0419 0.744334 1.49366 0.321653 2.00045 0.426771 1.3043 -0.476151 0.688501 0.699356 0.542445 0.0563751 
1.83843 0.447396 1.83961 0.178942 1.16345 0.246302 1.51398 -0.344293 0.816841 0.929097 0.772826 -0.0175058 
