1.87456 -1.29128 0.731902 -0.293449 2.24675 0.0101123 0.750861 -0.324152 0.6177 0.0217032 0.285621 0.0384744 
1.74121 -1.04661 1.54665 -0.194978 1.8628 0.263388 0.196668 -0.439235 0.149355 0.457645 0.333226 0.0220587 
1.48036 -0.813142 1.69166 -0.582411 2.27253 0.702311 1.13072 -0.456355 0.0595796 0.312591 0.397165 -0.0738785 
1.67663 -2.95576 0.382497 2.52919 -0.544683 -3.25811 1.0955 0.755377 -0.250324 -0.703305 0.0742435 0.0140003 
3.46946 -3.95322 0.126266 3.72131 -0.884856 -3.23741 3.87998 2.55224 -0.440243 -1.19438 -0.0534434 0.0158538 
2.63613 -3.31868 1.05955 4.12498 -0.642433 -1.95833 3.19477 2.48328 0.526543 -0.720071 -0.153109 -0.0231639 
1.83555 -3.03436 0.528224 2.13435 -0.428002 -2.387 0.721327 1.75162 -0.0256055 -0.309368 0.0455463 0.0243696 
2.10085 -1.88256 0.53811 0.308394 0.505425 -0.541047 0.972739 -0.359785 0.293372 -0.268872 0.289394 0.100393 
1.62145 -1.11902 0.920194 0.492985 0.910158 -0.343375 0.226496 -0.529813 0.334198 -0.0413948 0.690857 -0.0870217 
1.75195 -1.25373 0.868113 -0.939516 1.1226 0.0451075 0.629686 -0.733287 0.474358 0.14348 0.352345 0.099924 
1.98176 -0.94138 0.844681 -0.447422 0.76057 0.774572 0.260001 -1.04825 0.941161 -0.0146485 0.0942108 0.018899 
1.93048 -0.75023 0.877263 -0.564253 1.00116 -0.296697 0.681353 -0.730583 0.11569 0.104405 0.0810919 0.0376716 
2.61002 -0.155697 2.60025 -0.0177954 2.07036 1.19732 1.24243 -0.448893 1.09044 0.78252 0.3249 0.0675611 
2.30865 -0.525896 1.73791 0.167581 1.49965 1.21849 1.42364 -0.344292 0.899899 0.37702 0.408839 0.0387258 
2.44876 -0.218017 1.79161 0.261507 2.47688 0.780334 0.885414 0.595269 1.1979 0.353082 0.429562 0.0146104 
2.92806 0.852792 1.8066 0.640978 1.83443 0.698739 0.70695 -0.349414 0.52876 0.79081 0.498491 0.0319739 
2.73531 1.25307 2.46146 2.2249 1.9311 1.0228 1.07438 0.276489 0.843009 0.609694 0.481481 0.0371522 
2.63865 0.847073 2.05577 1.88062 1.77621 0.758441 1.40069 1.08687 0.97183 0.649032 0.585413 0.0148844 
2.90331 0.229661 2.41116 0.411336 2.15985 0.817285 1.11112 -0.444156 0.781459 0.7084 0.344367 0.0859515 
2.84874 -0.287627 1.42476 0.516787 1.88166 0.171887 1.23237 -0.0607062 -0.124086 0.186747 0.302076 0.0649094 
2.57481 0.321389 1.40844 0.706188 1.7816 0.735012 1.44354 -0.49189 0.395826 0.526089 0.580452 0.0351432 
2.60353 -0.312321 1.68602 0.321441 2.4457 1.22989 1.35199 0.154798 0.691521 0.488729 0.530532 0.0199175 
2.66119 0.230506 1.65287 0.226114 2.53075 1.38221 1.49931 0.456611 0.525648 0.752994 0.621525 0.00209751 
2.63361 0.0555571 1.56377 0.301537 2.04007 1.06569 1.10994 -0.46695 0.554039 0.338276 0.444532 0.0625941 
2.72241 -0.27887 1.06597 -0.529982 1.26976 -0.0738216 0.718827 -0.747025 -0.0284176 0.468701 0.471926 0.0120722 
1.85581 -0.647907 0.973166 0.22235 1.15498 -0.226951 0.352179 -0.432035 -0.0565821 0.069207 0.11544 -0.0596698 
1.90446 -0.644161 0.829905 -0.00446874 1.4309 -0.388867 0.35534 -0.977284 0.0915415 0.166732 0.430408 0.0120299 
2.35827 -1.11527 1.38658 -0.774009 1.09392 0.424757 1.26432 -0.113776 0.20533 0.45138 -0.175792 -0.0945911 
2.0987 -0.701776 1.19738 0.0772648 1.29226 -0.185545 1.19211 -0.286969 -0.155019 0.32804 0.394475 0.00977994 
2.53961 -0.580405 1.31794 0.367497 2.25036 0.0622449 0.69157 0.0983583 0.382321 -0.044388 0.531622 0.137119 
2.31091 -0.623085 1.08068 0.209125 1.6335 -0.0327511 0.415623 -0.669018 0.294588 0.0572582 0.279245 0.118335 
2.18161 -0.726089 0.651996 -0.419426 0.681135 -0.291129 0.115865 -0.274933 -0.469658 -0.0169493 0.497165 0.000881105 
2.06688 -1.17368 1.02451 -0.458861 1.67986 -0.301014 0.71436 -0.551031 0.108967 0.181568 0.438136 0.0565391 
2.23354 -1.14397 1.01575 -0.624078 1.07811 -0.126848 0.362703 -0.108745 0.22123 0.276592 0.241724 0.0188987 
1.92806 -0.841322 1.04622 -0.320036 1.41147 0.85032 0.15139 -0.059334 0.288379 -0.0639717 0.244588 -0.0329899 
1.83453 -0.645085 0.625631 -0.520869 1.248 -0.260174 0.227351 0.0695175 0.426841 -0.111387 0.284416 -0.0653961 
2.15294 -0.93455 1.07533 0.513576 1.6237 0.207119 0.666939 -0.239031 0.0734804 0.123623 0.247053 -0.0273014 
1.95394 -0.808243 1.28863 0.520692 1.26548 -0.0527891 0.63643 -0.655166 -0.232117 0.0903749 0.374966 0.000609508 
2.05082 -0.748136 1.06057 0.218372 1.61118 0.363617 0.538353 -0.866182 0.564122 0.0503024 0.147452 0.0612664 
1.89703 -0.879277 0.901088 0.172804 1.23797 -0.252871 0.487087 -0.584333 -0.131854 0.167231 0.210926 0.00268832 
1.94116 -0.241944 0.848363 -0.0928854 1.27931 -0.719171 0.472408 -0.166413 0.182619 0.154087 0.478911 0.038333 
2.21253 -1.1506 1.19491 -0.314584 1.47829 -0.723481 0.896466 -0.547048 0.0633598 0.238331 0.32703 0.0972107 
2.0311 -0.661263 1.32435 0.621227 2.12845 0.2509 0.734914 -0.901509 0.403758 0.208867 0.277506 0.0147997 
2.37058 -0.594289 0.978194 -0.227085 1.98853 0.0711397 1.0175 -0.464827 0.306875 0.187787 0.19289 0.0637248 
1.80353 -0.696128 0.850356 -0.70103 0.643667 -0.246165 0.105755 -1.02909 0.339834 0.0215484 0.0610699 0.0152186 
1.93025 -1.18225 0.763037 -0.198259 1.6634 0.0308127 0.154168 -0.592768 0.0180878 0.0693701 0.104665 -0.0366912 
2.09613 -1.18131 0.350573 0.175708 1.03247 -1.09814 -0.0132179 -0.400718 0.246173 0.166571 0.300329 0.0664746 
1.90391 -0.993155 0.871237 -0.486143 1.21462 -0.749995 0.0924499 -0.523019 0.14894 0.237917 0.287507 0.094668 
2.18655 -0.781184 0.704543 0.91161 1.68896 -0.097781 0.721892 -0.288209 0.706244 0.0788552 0.346133 0.0423194 
1.61421 -2.3338 -0.919561 0.207132 0.900719 -2.9205 2.294 2.03727 -0.451893 -0.0210366 -0.454595 0.0493664 
2.36394 -2.55002 0.0873357 1.15288 1.17304 -1.47743 2.56568 1.45645 -0.285438 -0.668014 -0.305015 -0.00389409 
1.76349 -1.4862 0.126014 0.956624 1.06598 0.14769 2.99399 1.02511 0.0289154 -1.02206 -0.200793 -0.121222 
1.20571 -1.52901 -0.479588 -0.830493 0.0637487 -0.240303 1.72995 1.02095 0.24868 -0.903522 -0.00682015 0.169292 
1.75028 -1.63109 -0.174601 -0.282488 -0.188601 1.1365 2.25113 -0.462893 0.872499 -0.478032 0.0722172 -0.00388923 
2.46608 0.189166 0.95095 2.78668 1.56569 1.5965 3.26788 1.42457 0.802095 -0.331041 0.240539 0.105628 
3.23838 1.73382 1.19031 2.95171 2.09403 1.3381 3.92478 1.31105 0.262681 -0.864876 0.314486 0.138116 
3.21099 1.90067 1.1532 1.52959 1.97929 1.43445 1.46599 1.50748 1.35694 0.36149 0.174127 0.0428515 
0.969277 1.85858 1.82526 3.56878 0.713289 0.301095 2.41204 0.725707 1.51671 -0.621571 0.321401 0.0791528 
2.25213 -0.717518 1.09006 2.7531 2.42741 -0.314623 2.44205 2.90496 1.82329 -0.444351 -0.128163 0.10515 
3.28046 -0.158607 0.105509 2.8152 2.49448 0.311409 2.66267 2.08953 0.0911726 -0.700559 0.0845423 0.18267 
3.44108 0.0215396 -0.196309 3.61151 2.66997 0.603728 2.57159 1.7956 0.0315756 -0.574954 0.16311 0.191134 
4.29101 -1.2713 -0.841843 4.79289 4.24895 -0.245766 3.80793 1.35185 0.426475 -0.865595 0.206078 0.283551 
3.78807 -0.714697 -0.393719 4.3354 3.35057 0.905563 3.00285 1.8469 -0.0197145 -0.425709 0.291486 0.232174 
3.63881 0.00416388 0.541361 4.43973 3.33654 1.40946 2.83632 1.59531 -0.303772 -0.361703 0.338978 0.250495 
4.49258 -0.735972 -0.200138 5.33993 4.26767 0.287888 3.48845 1.62418 0.0321209 -0.793918 0.215075 0.280386 
4.35956 -0.458252 0.286829 5.6711 4.29036 0.784893 3.58196 2.03334 -0.241059 -0.698438 0.209372 0.295576 
3.40393 0.118799 1.06874 4.15299 3.38059 1.56357 2.71033 1.6492 -0.352173 -0.451244 0.233104 0.251076 
2.94524 1.22047 1.4703 2.8561 2.58985 1.89198 2.12771 1.41562 -0.0642647 -0.391923 0.316035 0.145011 
3.07137 0.932154 1.40897 3.044 2.44314 1.65207 2.12145 1.72018 -0.0386659 -0.320734 0.323497 0.156304 
3.576 0.125925 0.951841 4.44646 3.33987 1.51171 2.9159 2.03086 -0.272954 -0.354816 0.259983 0.264634 
4.17013 -0.337774 0.661034 5.28311 3.80525 1.539 3.16815 2.28436 -0.300674 -0.465274 0.216632 0.290499 
3.8504 0.799761 0.728059 3.88769 3.24545 1.68618 2.24947 1.71412 -0.0739241 -0.490488 0.28788 0.236632 
3.08535 1.67426 1.3421 2.24632 2.3415 1.88608 1.84633 1.25831 0.0514525 -0.302228 0.319124 0.0946417 
3.09427 1.11608 1.25092 2.8038 2.3986 1.34107 1.86398 1.62214 0.0260111 -0.42261 0.324471 0.132581 
3.12709 0.173694 1.26749 4.11491 3.20078 1.9132 2.69038 1.71675 -0.347573 -0.421562 0.297558 0.25977 
4.27826 -0.555842 0.549694 6.59019 4.2848 1.13755 3.97424 1.8731 -0.163045 -0.631458 0.471927 0.318309 
3.5615 -0.524792 0.866265 5.60195 3.72865 1.48756 3.38104 2.19467 -0.762961 -0.41464 0.340796 0.337827 
3.9848 -0.528233 0.69748 5.11354 3.00789 1.22449 3.11235 1.8945 -0.443569 -0.476806 0.31902 0.23267 
2.91498 0.635896 1.40252 3.20621 2.51322 1.76561 2.42756 1.58434 -0.353595 -0.682017 0.303332 0.198781 
3.35934 0.711105 0.802434 2.93366 2.42035 1.3376 2.23974 1.76865 -0.343215 -0.676923 0.366095 0.201152 
3.29868 -0.214524 0.956218 4.42519 3.16517 1.52818 3.07636 1.90202 -0.711508 -0.475919 0.327181 0.282017 
5.21918 -1.49889 0.217139 6.79469 3.65121 0.820213 3.73146 2.05901 -0.35565 -0.921956 0.49696 0.31085 
4.3683 -1.82242 0.0824297 5.44504 3.0728 0.66853 3.47717 1.7605 -0.480413 -0.801356 0.406472 0.275694 
2.87033 -0.103928 1.10205 3.65838 2.62771 1.57138 2.45851 1.6051 -0.634454 -0.617153 0.287614 0.231476 
2.9059 0.62123 1.00855 3.22228 2.99954 1.62343 1.85641 1.4461 -0.292622 -0.646752 0.372738 0.206324 
