1.17075 -0.318164 0.762576 0.197536 2.12328 0.262701 1.22665 -0.207854 0.245509 0.356615 0.0978323 -0.05237 
1.9565 -0.680755 1.50746 0.10983 1.02342 0.521133 1.10318 -0.303278 0.692591 0.173538 0.255244 -0.0432116 
1.57331 -0.579687 0.0144234 0.952494 0.860943 0.453824 -0.506592 0.123409 0.194164 0.793892 0.0150374 -0.0314064 
4.48797 -3.25124 1.2583 4.2639 -0.826309 -1.76171 3.27989 2.36981 -1.72575 -1.79291 -0.221782 -0.0149505 
2.74492 -2.50716 1.95793 2.02239 -1.14222 -0.303227 1.3198 3.81349 -1.90992 -1.39784 -0.0503775 -0.121934 
2.75085 -2.07149 -0.300131 0.253783 0.805702 -0.67801 2.52552 2.05318 0.11391 -0.43446 -0.155384 -0.0668551 
2.02666 -1.18631 -0.238934 -0.489899 1.13936 0.987896 1.26089 0.783634 1.02244 -0.023331 -0.0512831 -0.137072 
1.96052 -1.17176 0.409503 -0.118241 0.968391 0.448767 1.496 0.267178 0.977797 0.00793527 0.0250286 0.01489 
2.15784 -0.511373 0.542204 -0.835057 1.06548 -0.393094 0.261037 -0.563672 1.27312 0.526016 -0.0621003 0.078411 
1.96477 -0.546999 0.91235 -0.0232747 0.728864 0.605839 0.750622 -1.14054 0.854444 0.590226 0.308373 0.0721249 
2.01594 -0.938265 1.10111 -0.168779 0.988244 -0.552247 0.74873 -0.867297 0.410292 0.680101 0.00521643 0.0174761 
2.14189 -0.640532 0.483592 0.672484 1.06506 -0.335591 0.690219 -0.495569 0.98145 0.32628 0.0795053 -0.0390769 
1.78415 -0.460658 1.01439 0.157729 1.4088 0.24403 0.282443 -0.669438 0.952358 0.240518 0.387401 -0.00701396 
2.09353 -0.919741 1.17561 -0.214009 0.714616 0.135096 -0.351123 -0.268657 0.149982 0.161588 0.0830336 -0.0578617 
1.87831 -0.735156 1.05236 -0.337983 1.21455 -0.656575 -0.190157 -1.00449 0.242798 0.188469 0.229115 0.0119446 
1.28014 -0.342095 0.183893 0.584583 1.16974 -0.261168 0.495727 -0.874191 0.428876 0.251736 0.224529 -0.0703229 
-1.72984 0.484516 1.41772 -1.93904 0.937959 -0.260566 0.741265 0.691554 3.05176 -0.820298 -0.192899 0.059605 
0.747787 -0.567525 1.73806 -1.81634 0.198195 1.48898 -0.756926 -1.34604 1.60048 0.0077173 0.112077 0.0805049 
2.01029 -0.995912 0.993861 -0.413523 0.428986 -0.607268 0.379781 0.111431 -0.167106 0.50452 0.473215 -0.00506152 
1.83875 -1.23104 1.12437 0.435395 0.70092 -1.14122 -0.0718917 -0.111655 0.283939 0.396811 0.172052 0.0500449 
1.87802 -0.994785 0.945901 -0.305408 0.934773 -0.129018 -0.062541 -0.0203554 0.463765 0.614403 0.201534 -0.0786131 
1.72708 -0.272014 0.84267 0.0509625 1.48578 -0.492659 0.353221 -0.78044 0.175799 0.52984 0.237762 -0.0919827 
1.82396 -0.995864 0.754211 -0.291335 0.986967 -0.474526 0.940748 -0.37488 0.156856 0.297794 0.193871 -0.0941753 
2.14988 -1.10864 1.33532 0.274377 1.45536 -0.170809 0.847314 -0.728187 0.697448 0.324443 -0.13151 0.0348779 
1.61433 -1.04495 1.24544 0.188141 0.90231 -0.69823 0.576943 0.103279 0.454997 0.625837 0.462801 -0.0175995 
1.78931 -1.22251 1.38931 -0.313426 1.59332 0.213249 1.12109 -0.206221 0.126411 0.0955125 -0.114193 0.00538834 
1.75137 -1.10635 1.22123 0.205502 1.73703 -0.453483 0.423653 -0.0819885 0.486729 0.0972237 0.170843 0.0328412 
2.07894 -0.723467 0.651003 0.283061 0.651215 -0.275751 0.552904 -0.473092 0.650597 0.347207 0.167537 -0.0552076 
1.74421 -1.03611 1.42811 0.343548 1.23432 -0.541148 0.205285 -0.249329 0.317544 0.223636 0.223781 -0.0243501 
1.85675 -0.867483 1.36948 0.0704196 0.771936 -0.16141 0.17469 -1.10743 0.231478 0.129184 0.177858 0.0544482 
1.87919 -0.743712 0.336607 0.272361 1.77375 -0.418129 -0.0731636 -1.15612 0.824136 0.482977 0.0582178 0.0269945 
1.87317 -0.82642 0.620384 0.0926004 1.76492 -0.0720028 0.365753 -0.690366 0.153256 0.0548316 0.16415 -0.0386783 
1.80713 -1.0905 1.20214 -0.140526 1.32016 -0.387221 1.56297 -0.0673952 0.240174 0.288855 0.0339036 -0.0202589 
1.7319 -1.06039 1.31222 -0.0564296 1.54378 -0.726277 0.0950792 -0.699466 0.155568 0.25025 0.237989 0.11445 
1.70882 -1.40666 0.807093 0.384392 1.67527 0.115589 0.483557 -0.54243 0.145656 0.3692 0.172812 -0.0666666 
1.36297 0.335653 1.32536 0.566918 1.58436 -0.938049 1.52351 -0.422183 0.371885 0.330541 0.303512 0.0480581 
1.52736 -0.123584 -0.129013 -0.644819 2.18586 0.919172 1.6068 0.806335 0.576178 -0.667976 -0.300518 -0.174753 
1.46513 -1.40308 -0.158913 0.553206 0.789102 0.82559 1.26569 1.55353 1.13396 -1.53337 -0.310003 -0.0163574 
2.01814 -1.25844 -0.43256 0.854335 1.41392 0.832986 3.33948 1.18454 0.0936779 -0.996718 0.0191895 0.00218812 
2.81394 1.31687 0.787595 2.696 1.98033 1.17941 3.08404 1.14779 0.6076 -0.697383 0.341567 0.110018 
2.72794 2.13047 1.84102 2.96692 2.49957 1.21943 2.54372 0.944474 0.640907 -0.639216 0.366212 0.0893902 
3.40992 2.14689 0.56057 1.4281 2.07123 1.79258 3.20016 1.35686 1.25424 -0.18349 -0.0852452 0.0246633 
3.82169 2.05433 0.335175 1.7754 2.16674 0.795412 3.29346 1.17203 1.72517 0.578783 0.180373 0.0355981 
3.25051 0.995981 0.431888 1.95207 1.43165 1.13182 2.42217 2.57917 1.4968 0.136348 -0.0365865 0.0167766 
3.12503 1.09051 0.949497 1.14693 1.8003 1.50051 2.59404 2.43541 0.831512 -0.130583 -0.0640509 0.0216245 
4.8267 -0.406643 -1.10885 3.2078 3.09373 0.587241 4.23171 1.75533 0.160976 -0.691458 0.169551 0.169503 
4.56065 -1.14087 -1.0049 3.88473 3.33234 0.370265 4.48178 1.20544 0.410613 -0.702516 0.363095 0.219815 
4.52967 -0.987789 0.348503 3.90271 3.7029 1.7316 2.79685 2.04532 -0.366754 -0.316393 0.231649 0.223241 
5.77222 -1.34936 -0.910901 5.17142 4.37991 -0.189907 3.86171 1.46985 0.439399 -0.87723 0.227952 0.270172 
5.12511 -0.864063 -1.00837 5.04911 4.82586 0.497582 3.4619 1.36767 0.31015 -0.611896 0.217226 0.233517 
3.26831 -0.332863 0.0207898 2.96465 2.95648 2.21929 2.62989 1.4128 -0.200102 -0.213016 0.15977 0.17203 
3.58228 0.683558 0.242869 2.56915 2.68896 1.58489 1.81232 1.28143 -0.0711197 -0.365663 0.17421 0.140535 
3.26277 0.348549 0.460984 2.98265 3.06541 1.78703 2.03338 1.53765 -0.132314 -0.469733 0.167288 0.199889 
3.74756 -0.257652 0.00102871 4.02547 3.86088 1.7002 2.51725 1.78632 -0.268751 -0.238095 0.201598 0.257041 
3.8651 -0.200782 -0.0527162 3.72805 3.71416 1.89268 2.47299 1.85694 -0.390548 -0.363384 0.189165 0.263002 
3.02848 -0.187064 0.467161 3.1618 3.09497 2.05905 2.36148 1.47417 -0.262126 -0.380787 0.198185 0.20997 
3.04669 0.623284 0.660923 2.72112 2.86125 1.91346 1.86805 1.2077 -0.227034 -0.452318 0.206795 0.155905 
3.16165 0.420686 0.52711 2.91959 2.98671 1.80535 1.95936 1.44 -0.209905 -0.464324 0.220135 0.183636 
3.79017 -0.338313 0.0199123 4.13899 3.65684 1.61518 2.69271 1.84564 -0.547229 -0.39541 0.198101 0.262726 
3.87217 -0.220071 0.161748 4.05454 3.71133 1.73489 2.50793 1.83638 -0.486038 -0.453315 0.1669 0.262692 
3.51342 -0.404155 0.338219 3.40526 2.91212 1.73507 2.42692 1.73443 -0.3246 -0.566227 0.129258 0.214648 
3.64311 0.0680617 0.178897 3.36234 3.19949 1.62238 2.20444 1.79399 -0.352274 -0.652034 0.141827 0.243038 
4.02466 -0.466638 -0.269347 3.75656 3.48932 1.49345 2.5189 1.9865 -0.484079 -0.548876 0.1533 0.255658 
3.99149 0.192177 0.68783 4.16259 3.5984 1.77607 2.67143 2.16717 -0.361959 -0.635273 0.0774866 0.272276 
3.39719 1.03411 0.92357 3.41911 3.55562 1.76395 1.59062 1.59457 0.140309 -0.499858 0.15812 0.181162 
2.96255 1.13989 1.72667 3.24108 2.57643 1.44726 1.74949 1.50574 0.125876 -0.410396 0.194637 0.122477 
3.1401 0.736459 1.37631 3.41391 2.6828 1.63888 2.26496 1.41562 -0.314244 -0.383225 0.282966 0.164428 
3.76585 0.336726 1.38116 5.07619 3.61765 1.48169 2.8908 2.1047 -0.236019 -0.427339 0.16517 0.251967 
3.55588 0.449516 2.0136 4.72933 2.94289 1.63547 3.05964 2.22731 -0.241168 -0.50385 0.145293 0.229901 
3.55274 1.24312 1.67863 3.67765 2.93905 1.72585 2.37854 1.95129 0.0902008 -0.508272 0.118798 0.173496 
3.40907 0.753286 1.93971 4.45616 2.70299 1.10438 2.48052 2.2063 0.204565 -0.282168 0.0547439 0.174378 
3.73998 0.542869 1.33654 4.30146 3.35911 1.88403 2.80173 2.10373 0.0345411 -0.382493 0.119574 0.238003 
3.53163 0.795738 1.6719 3.99955 2.94336 2.27965 3.4759 2.05336 -0.361861 -0.349376 0.195768 0.227305 
3.50805 0.786786 1.64966 4.10992 3.34724 2.23938 3.08241 2.21751 -0.189891 -0.555844 0.225591 0.278246 
5.19676 -0.61695 0.912714 4.68333 4.32217 2.48723 2.75644 2.41048 -0.389026 -0.484563 0.223299 0.26561 
5.05472 0.629278 0.836939 4.83509 4.7246 2.66733 3.23591 2.07981 -0.457624 -0.110489 0.46132 0.301397 
5.15225 1.66644 1.80726 3.56222 4.87661 2.65654 1.72169 1.09254 0.168774 0.196484 0.423409 0.185151 
2.8206 2.27339 2.14084 1.9997 1.74875 1.64258 1.31886 1.02264 0.887077 0.469564 0.249986 0.054226 
2.58966 1.66389 2.43573 1.87474 1.44297 1.92668 1.5435 1.40335 0.762884 0.0655138 0.37211 0.0844101 
2.39611 -0.757468 3.13076 1.38353 0.0903317 2.58434 2.09112 3.29053 1.20885 -1.12928 0.132286 0.240606 
2.35816 1.14675 2.84507 2.08218 1.26717 2.09826 2.47999 1.83599 0.730898 0.094891 0.604839 0.105262 
2.48623 0.705193 3.5613 1.94124 3.6363 1.59921 1.36029 0.44078 1.17043 0.845669 0.682045 0.104252 
1.76658 -0.116201 2.47687 0.798531 1.93798 1.12008 0.754715 -0.877058 0.787669 0.5411 0.636453 -0.0277828 
1.84239 -0.132151 1.44198 0.241253 1.55555 0.0562587 0.156093 -1.18062 0.669935 0.951724 0.210755 0.00248064 
2.03601 0.204573 1.56448 1.00787 1.82296 0.606086 0.820435 0.0678478 0.618952 0.865125 0.607822 -0.0346076 
