1.98347 -1.26761 0.630313 0.13034 2.12053 0.236525 0.965894 -0.462962 0.433506 0.27211 0.218968 0.0663192 
1.49636 -0.396291 0.339099 0.894824 0.969503 0.417935 0.192876 -0.208699 -0.15984 0.298251 0.381001 0.0601179 
1.82021 -0.646148 0.208184 0.0464518 0.265322 0.756046 -0.366155 -0.275356 -0.171706 0.296598 0.240805 0.0580501 
1.82638 -0.970273 1.06077 -0.24236 0.898338 -0.129398 0.930968 -0.522372 0.545573 0.247499 0.302759 -0.00845367 
1.83073 -1.75701 1.15369 0.802832 0.412986 -0.246672 2.64708 0.88335 -0.466954 0.0103681 0.140086 -0.0610477 
3.16999 -4.76579 0.298008 4.29172 -0.136682 -2.92325 3.80378 3.20825 -0.00458071 -1.18447 -0.134617 0.079326 
2.06246 -2.09181 0.421188 1.91007 -0.656746 -1.12538 2.14979 1.67944 0.704995 -0.471892 0.19189 -0.0216855 
1.95 -0.898125 0.616636 -0.48874 0.637555 -0.381727 0.895617 0.0530605 0.593744 -0.0896146 0.215567 -0.048458 
2.04832 -1.13646 1.38217 -0.646165 1.00846 -0.318263 0.564925 -0.39274 0.586635 0.497342 0.0350688 0.0599371 
1.87321 -1.04515 1.07331 -0.115354 0.301266 -0.19084 0.644257 -1.19421 0.57558 0.164105 0.424974 0.0696976 
1.75613 -0.8596 0.877141 0.148242 2.15824 -0.0365156 0.489733 -0.645809 0.393405 0.354126 0.103136 0.0486963 
2.08537 -0.862928 1.24336 0.125225 1.09275 -0.0763714 0.0757995 -1.40165 0.854698 0.329205 0.147659 0.0291318 
1.78807 -0.932789 1.20049 -0.142081 1.09263 0.141828 0.894099 -0.875914 0.318916 0.683191 0.337198 0.0396424 
1.92664 -1.024 1.15363 -0.0600632 1.51399 -0.150595 0.441075 -1.39969 -0.0962902 0.438726 0.259276 0.0801738 
2.02669 -0.936229 0.976439 0.308493 1.133 -0.162344 0.0143668 -0.228649 0.600791 0.251254 0.30972 0.0326105 
2.14588 -1.09153 1.17852 -0.322323 1.39024 0.271619 0.230234 -0.43747 0.539014 0.680486 0.18302 0.0817372 
2.04707 -0.722675 1.65 0.0217137 1.8238 0.484455 0.547493 -0.337927 0.465803 0.702593 0.35229 0.0110551 
1.80579 -1.20801 0.801734 -0.10481 1.15965 -0.0304965 0.600603 -0.0536143 0.703349 0.319782 0.174632 0.0124669 
1.79643 -0.2704 1.10833 0.727206 1.57363 0.31758 0.0260111 -0.335583 0.265448 0.544523 0.463162 -0.0131424 
1.833 -0.714741 1.47969 -0.0072415 2.14431 0.504983 0.277578 -0.310659 0.713308 0.463989 0.304552 0.0366631 
2.22214 -1.13518 1.93571 0.179326 1.06933 -0.18448 0.44674 -0.538907 0.228493 0.593263 0.147285 -0.0137135 
1.5579 -1.17294 1.28618 0.278223 1.6716 -0.620487 -0.437917 -0.0708478 0.086862 0.248797 0.389568 0.0344691 
1.65109 -0.748973 0.988818 0.107757 0.820376 -0.00641049 0.379097 -0.892627 0.104192 0.242716 0.342571 -0.0278168 
1.81364 -1.23076 1.42449 0.467907 1.08227 -1.16851 -0.0130434 -0.755635 0.430823 0.444417 0.254552 -0.00843666 
1.91882 -0.786957 0.954662 0.260555 1.00974 0.0433434 -0.0688802 -0.77002 0.816503 0.546093 0.211539 -0.0227678 
1.85872 -0.770829 0.506626 -0.0182838 0.760836 -1.06445 0.334962 -0.596248 0.504074 0.656054 -0.0371813 -0.00540004 
1.7451 -0.987717 1.65309 0.187114 0.865642 -0.197908 0.599503 -1.00094 0.210705 0.231734 0.410165 0.0757808 
1.9641 -0.94231 1.44579 -0.150846 1.11582 0.412106 0.51631 -1.06109 0.0266014 0.207105 0.271053 0.0162273 
1.71566 -0.601289 1.42363 0.0820094 1.42048 -0.656801 0.217924 -0.386384 0.588925 0.47101 0.207798 -0.0461952 
1.74252 -1.22245 0.80355 -0.0191038 2.15604 -0.416332 0.374928 -0.554372 0.177725 0.164849 0.112417 0.123215 
1.83713 -0.922795 0.976788 -0.308476 1.20955 -0.142487 0.389544 -0.586147 0.583247 0.130329 0.149341 -0.0136357 
2.23497 -0.811168 0.835887 0.621217 1.56686 -0.52009 0.826076 -0.622766 -0.133841 0.177039 0.167657 0.0212883 
2.21061 -0.502254 1.0681 -0.155417 1.48288 -0.145646 0.36459 -0.206376 0.347928 0.138153 0.126106 -0.0251617 
2.03341 -1.31469 0.903277 0.263745 2.62436 0.119242 1.10972 -0.103678 0.293364 0.642924 0.125273 -0.0359192 
1.80784 -0.921636 1.19242 -0.0127474 2.01927 -0.405297 0.389801 -0.502842 0.0107433 0.289402 0.369601 0.0550934 
1.76047 -0.849842 1.14913 -0.0988432 1.57781 -0.239742 0.619613 -0.445269 0.0354358 0.48073 0.361428 0.0239329 
1.65151 -0.918466 1.24414 -0.0455448 0.869365 -0.812413 -0.387973 -0.809046 -0.114199 0.316291 0.168213 -0.0166523 
1.66733 -0.865292 0.143128 0.190062 0.900332 0.184453 0.21056 -0.799502 0.465531 0.14231 0.478985 -0.00181128 
1.71682 -1.16929 1.31223 -0.321402 2.18161 0.0996641 0.402379 -0.102769 0.188731 0.445905 -0.0373621 -0.00867545 
1.77489 -0.997181 0.618105 -0.135177 1.79103 -0.0513732 0.59571 -0.507103 0.486253 0.294178 0.182375 -0.0310039 
1.90059 -1.14353 1.17557 0.00277461 1.56367 0.506644 0.498901 -0.880375 0.05837 0.301505 0.213606 -0.0220353 
2.01964 -1.1712 0.648051 -0.141366 1.15973 -0.195954 0.546615 -0.509213 0.405896 0.466021 0.500417 0.0868342 
2.18733 -0.611601 1.7319 -0.543102 0.929143 -0.872189 -0.04432 -0.64435 0.299086 0.689131 0.542312 0.112732 
2.02093 -1.49045 0.946886 -0.0443086 1.48134 0.0530549 0.584284 -0.0932193 -0.0580822 0.26215 0.123392 0.0353558 
1.79405 -1.31874 1.159 0.218242 0.966192 -0.492084 0.486341 -0.603334 0.272147 0.450166 0.132682 0.0188969 
1.85307 -0.903727 0.769233 -0.128434 1.06911 -0.0563597 0.525922 -0.868938 0.075289 0.445883 0.195848 -0.0461522 
1.90946 -1.50858 1.10569 -0.0388309 1.54273 -0.0753863 -0.275427 -0.837651 -0.052775 0.523333 0.362222 -0.0334964 
1.82632 -0.818645 1.18357 -0.311299 1.46231 -0.256681 0.0706061 -0.23533 0.145719 0.70984 0.188813 -0.0145935 
1.64768 -0.823987 0.966178 -0.534551 1.20321 -0.494447 0.651615 -0.317415 0.596721 0.326533 0.194592 0.0447081 
2.12133 -1.16304 0.992501 -0.744625 0.464867 -0.724071 0.889859 -0.600421 0.537893 0.639442 0.473382 0.132645 
2.07786 -0.552923 1.18929 1.39655 2.32001 0.342905 1.23867 0.456796 0.180015 0.361305 0.537135 0.0563998 
2.23628 -0.256436 1.91249 0.48251 1.94332 0.804634 1.17835 0.218519 0.551827 0.61515 0.322063 0.02047 
2.23081 -0.249633 1.81955 0.273916 2.44524 0.78498 1.19256 0.265486 0.721542 0.402422 0.495339 0.0371527 
1.88448 -0.631315 1.15294 0.843877 1.64082 -0.295008 0.388947 -0.339221 1.04986 -0.0527772 0.360618 0.1072 
1.83167 -1.16751 1.29566 0.370394 1.38764 0.00619199 0.929548 -0.682344 0.799468 0.688136 0.0434616 0.0355899 
2.00784 -0.461541 1.24939 0.635586 1.92458 -1.1523 0.0502137 -0.0340748 0.750114 -0.141751 0.0542459 -0.0376978 
0.723277 -0.957186 -0.396883 -0.175062 0.385073 -0.691372 0.215662 0.966826 -0.324341 -0.716149 -0.0512305 -0.191635 
1.30195 -0.886437 -0.0294324 0.151938 1.05003 0.276892 2.4855 1.49815 -0.499814 -0.782947 -0.0882094 -0.0921917 
1.16483 -1.43853 -1.06573 -1.84136 0.108784 0.538755 2.1592 1.62728 0.507174 -0.825003 -0.0288214 -0.017463 
1.66321 -0.569505 -0.873576 -1.32498 1.30731 0.534872 3.38229 0.86875 0.224798 -0.262764 0.016012 -0.0761287 
2.65389 0.943865 0.720821 0.892952 1.95365 1.0397 4.52901 1.329 1.08672 -0.457382 0.334972 0.0720831 
2.66118 1.05639 0.00889934 1.76144 2.61776 0.658803 3.76395 1.97318 1.44978 -0.174954 0.271358 0.0870316 
2.50048 0.769085 0.539061 2.15428 2.21436 0.382523 1.99293 2.33291 1.2483 0.246115 0.0643625 0.0439292 
3.21857 0.992725 0.104301 1.76163 1.15914 1.37367 3.25936 2.27883 1.21136 -0.380989 0.17528 0.023449 
4.74901 0.338728 -1.00446 2.2106 3.07033 0.405152 3.67812 2.31657 0.717382 -0.47018 -0.0417825 0.174865 
3.17939 0.234266 -0.0997075 2.15695 2.62165 1.39361 2.83036 1.8687 0.120342 -0.710994 0.146943 0.171068 
3.35061 0.310356 -0.208168 2.77698 3.26955 0.795277 3.02446 1.7424 -0.151221 -0.608477 0.13121 0.236717 
3.63041 -0.547564 -1.47766 4.07904 4.57888 0.277706 3.73398 1.59219 0.0717783 -0.600925 0.0972788 0.33017 
3.84999 -0.424377 -1.21401 3.60529 4.23759 0.564768 3.60077 1.47316 0.0755409 -0.669759 0.127083 0.303038 
3.06866 -0.138216 0.178614 2.91805 2.82676 1.68603 2.75339 1.49673 -0.322871 -0.678829 0.20712 0.220424 
3.26952 0.378913 0.203741 2.86131 3.07308 1.90248 2.30692 1.69932 -0.290501 -0.71662 0.168661 0.23697 
4.15244 -0.850071 -1.2538 3.98114 5.08674 0.176998 3.62328 1.39282 0.0203124 -0.58318 0.0564797 0.333804 
4.009 -0.428027 -1.15318 4.56718 5.07182 0.460163 3.26707 1.81283 -0.216033 -0.474711 0.0132686 0.349383 
4.10122 -0.686903 -1.23974 3.43854 4.27286 0.980405 3.1545 1.44559 0.0240366 -0.482068 0.182533 0.268592 
3.11949 0.107289 0.0875968 2.90668 3.05357 1.97936 2.27104 1.49004 -0.246101 -0.517827 0.208269 0.216291 
3.1858 0.439411 0.299394 2.9013 3.24504 1.86737 2.25451 1.54788 -0.131165 -0.659182 0.206522 0.226902 
4.41964 -0.440366 -1.49495 4.49477 5.40207 0.701973 3.14251 1.58347 -0.258692 -0.448253 0.0680703 0.329799 
4.34304 -0.41063 -0.815476 4.41197 4.9326 0.837364 3.20996 1.80068 -0.377667 -0.510938 0.111943 0.326833 
3.99168 -0.207288 -0.580653 4.10983 4.5107 0.973058 3.10211 1.72633 -0.407836 -0.501935 0.128205 0.317656 
4.29534 0.321696 -1.01903 2.96107 4.10609 1.17069 2.32753 1.8361 -0.388795 -0.329742 0.137084 0.277837 
3.90138 0.128849 -0.0160431 3.17227 3.23745 1.13846 2.65866 1.78369 -0.259923 -0.630444 0.124737 0.232473 
3.67347 0.343223 0.200657 3.25704 3.612 1.45859 2.43924 1.82385 -0.213584 -0.599035 0.115248 0.256438 
3.77176 -0.222555 -0.226141 3.61453 3.8331 1.57542 2.49253 2.10645 -0.480358 -0.493532 0.122988 0.285125 
4.10777 -0.157514 -0.478654 3.61908 4.24542 1.44048 2.43064 2.09968 -0.303207 -0.475763 0.0463323 0.283426 
4.15742 -0.350739 -0.614571 3.76609 4.36186 1.40863 2.6002 1.88145 -0.431917 -0.411426 0.103628 0.276168 
