1.93922 -0.975765 0.774844 -0.452005 1.49032 0.377635 0.628547 -0.568001 0.125108 0.652155 0.370515 -0.0239504 
1.69809 -0.868116 0.704137 -0.842931 1.10302 -0.235552 0.746771 -0.970712 -0.0643598 0.739446 0.279063 -0.0523919 
2.02687 -1.10935 1.37212 0.226222 1.64895 0.443924 0.265707 -0.176081 -0.0403728 0.644829 0.474371 0.00126072 
1.92612 -0.741792 1.06936 0.00731796 0.922908 0.462498 0.301351 -1.25132 0.572601 0.466938 0.44172 0.0735784 
1.68581 -0.691673 0.947106 -0.436185 1.66535 0.358494 0.308694 -0.816307 0.299648 0.490716 0.415039 0.0185862 
1.85139 -1.41404 0.675563 -0.176811 1.92259 0.848273 0.94374 -0.774168 0.135648 0.470558 0.20084 -0.0337865 
1.95595 -1.24335 0.846366 -0.311042 1.25553 -0.192654 0.66018 -0.592099 -0.106875 0.311738 0.305657 0.0107959 
1.84823 -0.719875 1.11176 -0.108624 1.45665 -0.0316423 0.5753 -0.830096 0.105166 0.596319 0.459762 0.0260261 
2.27345 -0.326634 1.37024 -0.251295 1.76465 0.7696 0.736727 -0.374446 0.923402 0.739347 0.359275 0.0704561 
2.199 -0.498738 1.15748 0.0981852 1.4123 0.260271 1.11325 -0.227385 0.432479 0.768472 0.573486 0.0383951 
2.00359 -0.701996 1.19254 -0.122078 1.87189 0.156105 0.836578 -0.989058 -0.092244 0.427558 0.318377 0.0413844 
1.97502 -0.959736 0.863254 -0.272479 1.54332 0.464246 0.110585 -0.51208 0.295563 0.43777 0.531875 -0.000744582 
2.00024 -0.696876 1.22465 0.148228 1.74805 0.437965 0.521523 -0.837095 -0.0976586 0.45389 0.323219 0.0145132 
1.95056 -1.236 1.42351 0.0106741 1.93062 0.0821722 0.932401 -0.385395 0.564738 0.545809 0.443471 0.0497539 
1.96889 -1.18022 1.23461 -0.158641 1.08772 -0.504391 0.783624 -0.350533 -0.197702 0.428743 0.301293 -0.0131158 
1.6033 0.0679305 0.486805 0.050836 0.528159 1.24601 -1.3001 0.712579 0.097231 0.04176 0.525527 0.00521924 
2.57844 -0.834966 -0.969776 -0.499694 -1.93893 -0.183085 1.49825 2.27132 0.0614915 -0.139374 0.447311 0.0195504 
2.38817 -1.12029 -0.306597 -0.64907 0.324673 -0.618512 1.39567 1.7803 0.490218 0.673745 0.589618 -0.0334222 
1.88231 -0.720727 1.02793 -0.0760162 1.79252 0.610017 0.58884 -1.03354 0.232112 0.120837 0.498889 0.0909822 
2.12248 -0.768089 0.61143 -0.966065 0.881873 -0.480239 0.544868 -0.977186 0.596003 0.606811 0.41987 -0.0208144 
1.95052 -0.881433 0.593743 -0.499033 1.90615 0.31841 0.83494 -0.503466 -0.0777384 0.497522 0.35327 0.0204821 
2.23717 -1.10388 1.14398 0.726799 2.04347 -0.0725399 0.618822 -0.548497 0.152685 0.328397 0.182592 0.0899034 
2.00458 -1.2883 1.1806 -0.0717551 2.11506 0.0769892 0.704003 -0.341382 0.0427181 0.0607787 -0.00461852 0.0309249 
2.01542 -1.50088 1.3396 0.288402 1.58134 0.118066 0.537735 -0.270824 -0.247877 0.154373 0.43262 0.0081976 
2.18009 -0.551078 1.63237 -0.0856089 1.62279 -0.0330989 -0.181243 -1.20548 0.0359158 0.0707139 0.421992 0.0370607 
1.99438 -1.1452 1.35821 -0.0989637 1.21087 0.362393 0.184001 -1.43776 0.0211384 0.466281 0.0516272 0.0399936 
2.2918 -1.26187 1.22968 0.116958 1.58941 0.195341 0.059222 -0.420437 -0.0513652 0.606948 0.269592 -0.0364951 
1.78306 -1.25193 0.794126 0.376857 0.835246 -0.499643 0.781079 -0.0425573 0.354472 0.159583 0.399375 0.12953 
2.03044 -0.780144 0.857009 -0.282159 1.33943 0.0622884 0.454369 -0.461295 -0.162448 0.646922 0.482349 0.00872715 
2.01201 -0.855435 0.866338 0.0148962 1.45543 0.103433 0.852779 -1.23897 0.235822 0.335858 0.314011 0.0772481 
1.76769 -0.798633 0.537574 -0.11199 1.35384 0.557636 0.514125 -1.29033 0.196728 0.418294 0.379253 0.0252861 
1.88563 -0.875035 0.903414 0.116977 1.68477 0.2502 0.0975448 -0.52815 0.42367 0.304956 0.345126 0.0196671 
2.06009 -1.02666 0.744697 -0.0692057 1.312 -0.324927 0.681847 -0.294343 -0.0640266 0.578875 0.605476 0.022431 
1.97088 -1.11069 0.632046 0.281717 1.76136 -0.399927 0.852643 0.0191928 0.059158 0.527151 0.656157 0.0399227 
2.20942 -0.845644 0.839578 0.127256 1.23513 0.462976 0.649317 -1.10217 0.499297 0.151549 0.39868 0.0922071 
1.98124 -1.11949 0.606872 -0.10426 1.43254 -0.178479 0.931115 -0.779125 0.119407 0.50551 0.613046 0.0473031 
1.75031 -1.60488 0.515832 0.277231 0.981171 0.404468 0.424766 -0.91324 0.575984 0.471008 0.372816 0.0417465 
2.09329 -0.997008 0.630028 0.607343 1.60097 0.0644857 1.15194 -0.121307 0.447811 -0.137877 0.372346 0.0963151 
1.97819 -0.974325 0.974371 0.0786809 1.40895 0.151113 0.255393 -0.102344 0.0306098 0.708174 0.491057 -0.000160402 
2.02176 -1.01829 0.915475 -0.479222 1.51251 0.34636 0.568667 -1.19518 0.157953 0.0243436 0.314117 0.0616876 
2.27629 -1.16409 0.630393 0.0669588 1.44219 0.0825788 0.567224 -0.129831 -0.126129 0.0565615 0.498459 -0.00177191 
1.87454 -2.17939 -0.395485 -1.40047 2.20222 -1.85838 1.31944 2.48977 -0.661854 -0.522874 -0.441583 0.0406043 
2.2108 -0.909736 1.20906 -0.204055 2.98252 -1.24848 1.23468 2.78103 -0.292192 -0.636123 -0.31477 0.0242005 
1.90763 -0.881562 1.06585 -0.692309 1.275 -0.654796 2.92513 2.141 -0.00868315 -0.492719 -0.249134 -0.0844044 
2.0389 -1.67281 -0.572761 -2.07345 -0.472199 -0.375911 3.04184 1.26403 -0.341906 -0.587438 -0.109827 -0.0189287 
1.92373 -1.14213 -0.166642 -0.514698 2.21956 0.21915 2.83439 1.50641 -0.731726 -0.740594 0.0881496 0.00333586 
2.34135 0.283914 0.808166 -0.370415 1.99905 0.750162 3.42222 2.45374 0.0783268 -0.502624 0.124031 -0.00212443 
3.64542 1.47362 0.126778 2.16331 2.48815 0.119416 4.09053 1.93328 0.959437 -0.615604 0.115073 0.166864 
3.70518 0.200196 1.66739 1.53537 2.7117 0.929968 3.16973 2.27521 0.336514 0.0567574 0.189932 0.148938 
3.70858 0.0674373 0.734734 1.70876 2.21116 0.62515 3.01358 3.12026 0.420525 -0.131727 0.0509348 0.0816901 
4.11462 1.3441 0.0833153 2.44658 2.33697 1.3165 3.16408 2.66257 0.191254 -0.350489 -0.174422 0.108254 
4.6566 0.333571 -1.17956 3.64821 2.78558 0.813369 3.76577 2.17658 0.354318 -0.698234 0.0492898 0.146788 
3.90443 0.0854642 -0.844964 2.87649 3.59455 0.423384 3.75478 1.74688 0.0285909 -0.33864 0.137671 0.227333 
3.01956 0.822611 0.723917 2.52212 2.61945 1.10106 2.48758 1.48898 -0.197769 -0.410069 0.295534 0.155273 
3.05474 0.83847 0.603454 2.81281 2.68364 0.78153 2.44838 1.49199 0.0142745 -0.452558 0.311706 0.162614 
3.42135 -0.162141 -0.222469 4.05873 4.0723 0.498064 3.19941 1.82699 -0.406031 -0.0399127 0.199923 0.261929 
3.47644 -0.5977 -0.526643 4.03733 4.34916 0.640032 2.98376 1.60282 -0.270637 0.0945017 0.316813 0.238684 
3.48786 -0.499464 0.132144 4.20299 4.09799 0.666697 2.90797 1.86451 -0.37528 0.0293494 0.247861 0.233513 
3.81119 -0.0831083 -0.180249 3.95051 3.60109 0.677319 3.23314 1.59524 -0.232185 -0.110131 0.311214 0.206601 
4.28065 -0.237579 -0.408953 4.21844 4.25766 0.486631 3.48809 1.58181 -0.233706 -0.302646 0.226071 0.243942 
3.09544 0.988707 0.919977 3.14972 3.28769 1.45239 2.19687 1.38724 -0.227604 -0.196369 0.351413 0.179421 
3.0117 0.914923 1.18102 2.88529 2.741 1.63724 1.90378 1.5364 -0.152649 -0.295235 0.430127 0.15395 
3.17183 0.746901 1.09354 3.29734 3.20229 1.75762 2.58158 1.74693 -0.424168 -0.184188 0.357828 0.20825 
3.67897 -0.0598872 1.04442 4.67202 4.91224 1.28229 3.33658 2.20581 -1.15107 0.083526 0.326728 0.321112 
2.67439 -0.0483086 1.67367 4.32681 3.9913 1.63484 2.52541 1.51059 -0.469279 0.0287343 0.304879 0.252056 
3.5148 0.665037 1.03078 3.42151 2.88042 1.19256 1.86332 1.6475 -0.200565 -0.334798 0.344886 0.176875 
3.60202 1.06117 0.974904 3.23058 3.00274 1.24163 2.00629 1.60914 -0.240935 -0.374629 0.372044 0.190184 
3.63493 -0.127832 1.12705 4.75287 4.99254 1.29714 2.66925 2.32533 -1.06423 0.0583589 0.265708 0.298196 
4.43503 -0.581369 0.644223 5.23127 6.26132 1.3187 2.40675 3.07388 -0.973234 0.184249 0.233667 0.305494 
3.52843 0.200668 0.92302 4.27176 4.15895 1.42034 2.49826 1.82109 -0.44759 -0.103947 0.224394 0.248501 
3.11997 1.14935 1.15117 2.95377 2.75079 1.34481 1.42289 1.35691 0.0714794 -0.277324 0.346012 0.122715 
3.05703 1.41527 1.48349 2.75109 2.30254 1.32358 1.51786 1.50621 0.294595 -0.247941 0.313076 0.100055 
3.52321 0.53021 1.20286 4.07343 3.43387 1.67327 2.21321 1.87673 -0.139764 -0.318436 0.230692 0.223628 
3.795 0.667477 1.05262 4.21952 3.94197 1.95464 2.538 1.82324 -0.348869 -0.238726 0.25089 0.247235 
3.28784 0.999468 1.59508 3.48211 3.02682 1.98857 2.32635 1.78046 0.0892381 -0.486261 0.248083 0.199751 
3.13925 1.31189 1.41914 3.08135 3.0585 1.70679 1.53833 1.49491 0.304664 -0.334838 0.242025 0.131775 
3.07924 1.60704 1.7845 3.17241 2.91014 1.50452 1.42764 1.58985 0.487891 -0.216003 0.230386 0.109384 
3.73659 1.05207 1.4193 4.22337 4.13511 2.15428 2.17878 2.19181 0.31106 -0.505509 0.0867057 0.253326 
3.55816 1.26672 1.30932 3.57146 3.75011 2.21309 2.24217 1.98615 0.0498643 -0.682157 0.227935 0.244687 
3.6171 0.530896 0.91818 3.86774 3.86364 2.18812 2.34725 1.96102 -0.0595231 -0.647587 0.0910101 0.282518 
2.95248 1.37859 1.26292 2.4897 2.82614 2.1777 1.80078 1.22913 0.0570306 -0.365071 0.248619 0.132725 
2.9846 1.49446 1.35154 2.48837 2.54354 1.68709 1.71305 1.50603 0.155224 -0.403705 0.255405 0.120076 
3.27935 1.59986 1.4932 2.80659 3.19152 2.60634 2.28601 1.53755 0.0363195 -0.500558 0.274343 0.178605 
3.08733 1.93734 1.41669 1.99702 2.58692 2.42008 1.82927 1.1807 0.378875 0.0185755 0.291326 0.100171 
2.8746 2.23998 1.95915 2.0406 2.16744 1.89608 1.3777 0.928284 0.56393 0.39151 0.296592 0.0607527 
