0.366994 -2.00247 -0.0283693 -0.653666 -0.24909 1.61158 2.40988 0.565562 0.282913 -0.0480875 0.19949 -0.318424 
2.45096 -0.950643 -0.759521 -2.09109 -1.16345 0.418498 2.61764 0.67293 0.180646 -0.273534 -0.207308 -0.171363 
2.09938 0.23034 0.0996962 -1.75511 1.68212 0.860925 1.1538 0.147918 1.10977 0.240965 -0.101038 -0.0682454 
2.15828 0.190514 0.814861 -0.82859 0.05975 0.163494 1.76898 0.229983 0.965963 0.104175 -0.238016 -0.103249 
2.07877 0.27662 1.5715 -1.31379 1.47903 -0.115753 0.514535 -0.154564 0.861342 0.495988 -0.109569 0.0560466 
2.14398 0.758396 1.43279 -0.462849 0.591129 0.169302 1.56196 -0.377483 1.42987 0.613642 -0.196129 -0.0468422 
2.26618 0.782575 0.581022 -1.45009 0.880308 0.356298 0.681243 0.231552 0.827437 0.258398 -0.306842 -0.0734978 
2.14265 0.283252 0.719371 -1.12733 0.0522725 1.42116 1.03473 0.298661 0.748416 0.178534 -0.189891 -0.030037 
2.44404 0.630213 1.07705 -1.10933 -0.209563 1.31762 0.784416 0.212155 0.984999 0.0412296 -0.381825 -0.0423272 
1.86946 0.296332 1.51041 -0.592169 0.677596 1.17754 1.42071 -0.382143 0.799608 0.301452 0.22969 0.00534073 
1.74369 0.294469 0.848615 -0.537698 0.418395 -0.0701043 0.594217 -0.699775 0.994178 0.245002 0.120737 0.0525646 
1.80829 0.0223916 1.6708 -0.357438 0.657439 0.0184312 0.476517 -0.481851 0.111734 0.115244 0.0459129 -0.0342446 
1.93983 0.412115 0.985504 -0.951354 0.767073 0.238838 0.849362 -0.788902 0.407887 0.683201 0.186001 0.000989408 
1.733 0.18656 1.39487 -0.0449806 1.33789 -0.135539 0.775122 0.178108 0.60386 0.256936 -0.143251 -0.0518546 
1.81772 0.342026 1.06716 -0.153171 1.36738 0.306496 1.15423 -0.463673 0.651045 0.183925 -0.0741975 0.0422213 
1.99164 0.175605 1.02957 -0.523402 1.29486 -0.200958 1.333 0.0464406 0.0428397 0.122072 -0.00284657 0.0503481 
1.22834 0.0948167 1.36188 0.372428 1.17464 0.387743 1.30228 0.253317 0.229048 -0.297901 0.19024 -0.0404528 
1.55513 0.458229 1.29543 0.244986 1.2907 -0.324751 0.972161 -0.0118353 0.902106 0.332374 -0.015848 -0.0345006 
1.83299 0.246705 1.64093 -0.41156 0.402479 -0.547145 0.965473 -0.170227 0.898719 0.326934 0.213488 0.00158771 
1.74929 0.361071 1.41762 -0.429849 0.756162 -0.326343 0.82195 0.248401 -0.0063462 -0.418022 0.0798596 0.0181324 
1.62023 0.317818 1.18632 0.434727 2.04211 -0.03068 1.12262 0.136747 0.303127 0.0190454 0.141344 0.00505009 
1.8172 -0.0413912 1.43712 0.356412 0.713207 -0.653477 1.51659 0.316437 0.0382031 -0.0952831 0.0142724 0.00397323 
1.94974 0.132204 1.42975 -0.233769 0.96078 -0.634164 0.732426 0.317895 0.555513 0.151723 -0.209921 -0.00195959 
1.75733 -0.150522 1.51971 0.0958891 0.82996 0.228394 1.18661 -0.401617 -0.166925 0.0787451 0.0203807 -0.0165618 
1.7033 -0.0230861 1.29635 0.783974 0.518752 0.138696 0.571411 -1.17176 0.348045 -0.152488 -0.156058 0.0390655 
1.51829 -0.0630275 1.77261 -0.340651 1.53533 0.487313 0.773131 -0.609756 0.324947 -0.105747 0.143161 0.0395789 
1.74319 0.278142 1.72154 0.288137 0.537054 -0.39747 0.489333 -0.394603 0.277498 0.24674 0.453217 0.00751928 
1.86972 0.477241 1.63087 0.356622 0.901374 0.120135 1.31725 -1.09409 0.0447625 -0.16031 -0.0987612 0.0273099 
1.60644 0.297027 2.13429 0.149206 0.761788 -0.181694 1.03988 -0.242081 0.0264011 0.00395148 -0.111997 -0.0419589 
1.94921 0.491876 1.30515 0.0392763 -0.124063 -0.455764 0.946779 -0.219765 0.830914 0.198038 0.411515 0.0291059 
1.64383 0.327987 1.47197 -0.0439979 0.912728 -0.125717 0.994964 0.195196 0.690743 0.274806 0.338269 -0.037896 
1.75939 0.0650179 1.23424 0.0269066 0.472064 0.300655 0.979643 -0.498291 0.636411 -0.0139721 0.251665 -0.00419383 
1.55718 0.421102 1.1638 -0.625338 1.58103 -0.305563 0.596385 0.0461566 -0.306177 -0.0826809 0.379466 8.18783e-005 
1.37172 -1.05098 0.556294 0.674172 1.79849 -0.954525 1.95581 2.31357 -0.096988 -0.863056 -0.147056 -0.170456 
1.36034 -1.87952 0.0870222 0.701257 0.191586 -0.34397 2.69314 1.85764 -0.0757791 -0.921208 -0.280208 -0.0514402 
2.25541 -1.32397 -0.199512 1.06533 1.64218 0.887677 4.01157 1.6032 -0.196291 -0.476013 0.152994 0.0088697 
2.90876 1.43572 1.30179 3.01559 1.92018 1.19729 4.65265 1.3462 0.309445 -0.249617 -0.0793903 0.108131 
3.29567 1.43751 1.03551 3.04827 1.14454 1.32282 4.69645 0.982601 -0.266094 -0.1171 0.0659266 0.00833831 
3.84975 0.328748 0.655595 2.65273 2.01248 0.931931 4.08188 1.4175 0.269855 -0.415275 -0.121921 0.0652894 
4.01407 0.953553 -0.0899203 1.93103 2.40764 1.70557 3.88023 0.723788 0.535081 0.202373 -0.0938891 -0.000857317 
3.1029 2.00575 1.39028 1.37988 1.8122 1.8179 1.94623 1.3095 0.737186 0.505387 0.183674 0.0561447 
2.13072 -0.878299 0.812899 1.54168 3.05004 1.07168 1.62441 2.15431 0.824215 -0.307572 -0.0210606 0.0196398 
3.61317 -0.581785 0.0940981 3.11753 2.37503 0.54885 3.34856 2.42341 0.158716 -0.801069 -0.126509 0.147274 
2.5672 -0.935741 -0.236732 2.41235 2.29766 2.00152 2.91086 2.02649 0.267837 -0.762157 0.105615 0.118085 
3.29739 0.270067 -0.113329 2.32972 2.05516 1.43824 2.45973 2.01564 0.12574 -0.791502 -0.0637966 0.127905 
3.5306 0.266645 0.0735728 2.36421 2.32504 1.41426 2.54192 2.05288 -0.0431085 -0.508343 0.00111427 0.133213 
3.96994 -0.439411 -0.683983 3.44213 3.67454 1.04405 3.00325 2.15987 0.000993142 -0.375343 -0.0230507 0.196887 
3.97389 0.146456 0.00302483 3.06025 3.51308 1.79367 2.60396 2.0086 0.0272804 -0.239174 -0.0816492 0.158491 
3.24035 0.376849 0.882397 2.9306 3.02193 1.87716 2.9201 1.955 0.0239129 -0.424718 -0.0588363 0.188131 
3.10085 0.951297 0.911942 2.61394 2.59613 1.70928 1.98108 1.7032 0.103786 -0.527892 0.0598962 0.13352 
3.36746 0.776088 0.551541 2.77844 2.96479 1.53922 2.04034 1.72002 0.0693593 -0.475919 0.0444638 0.157042 
4.55783 -0.570061 -0.489882 4.37452 4.65202 0.752042 2.97867 2.11556 -0.127344 -0.474379 -0.0313569 0.24481 
4.13964 -0.272699 -0.485094 4.02139 3.70695 1.45749 2.81445 2.01525 -0.141366 -0.452675 0.048199 0.229606 
4.25547 -0.167812 -0.73792 3.72552 4.27635 1.29006 2.82026 1.91153 -0.165473 -0.430383 0.0634095 0.268326 
4.01267 -0.725281 -0.970859 4.62718 4.78584 0.600154 3.12017 2.02962 -0.153114 -0.395592 0.0437708 0.304933 
4.4095 -0.316263 -1.37389 4.89311 5.10002 0.61525 3.18911 1.94925 0.0168718 -0.513624 0.00940924 0.313042 
3.95943 -0.64723 -1.06812 5.15119 3.67702 1.0567 3.41434 1.89607 -0.0608011 -0.662461 0.250148 0.268355 
4.20861 -1.01342 -1.34214 5.2556 4.24372 0.589527 3.27978 1.87144 0.18589 -0.82934 0.216147 0.300685 
4.06326 -1.45075 0.215002 5.41677 4.20641 -0.0171943 4.05576 1.81204 -0.302234 -0.734827 0.274884 0.329297 
3.54653 -1.00676 1.12961 5.55462 4.01267 1.15722 3.60431 1.58033 -0.84015 -0.117614 0.525731 0.291862 
2.81082 -1.89012 2.2424 4.98444 2.5441 1.2732 3.02585 1.87671 -0.89511 0.384366 0.517318 0.11278 
2.72106 -1.55673 1.2103 4.10158 2.14794 1.28598 3.21993 1.16987 -1.19304 -0.0661319 0.441537 0.141301 
2.32269 -1.19704 1.11414 4.0987 1.78006 0.747121 2.14727 0.91863 -0.86529 -0.217794 0.201156 0.111645 
2.90113 -1.45914 1.07312 4.84222 1.7053 1.00721 2.61323 0.765595 -1.15572 -0.57005 0.10562 0.127436 
2.66138 0.954098 1.68408 2.95821 2.30425 2.48156 3.07266 0.635672 -0.762133 -0.199884 0.57036 0.145887 
2.58014 1.45452 1.83808 2.30013 2.12817 2.08045 1.58161 0.946855 0.50973 0.22733 0.499607 0.0678318 
1.97108 1.3456 1.87029 1.44575 2.88561 2.00987 1.67731 1.16473 0.998608 0.195262 0.176562 0.0872135 
1.98653 1.10887 2.53644 0.493314 2.08287 2.11404 2.04707 0.673344 1.19137 0.64346 0.262646 0.0426481 
2.0173 1.16829 2.16189 0.520674 1.5894 1.48955 1.31345 0.723718 0.283271 -0.113758 0.208753 0.0399896 
1.63963 0.830398 1.70427 -0.00406234 1.62104 1.30228 0.670762 0.422034 1.01703 -0.0683704 0.2275 0.0355048 
1.68266 1.11441 1.78031 0.284095 1.18221 0.822321 1.63109 -0.00560715 0.185934 0.431165 0.0501097 0.0442137 
1.66461 0.576252 2.00778 0.0796426 1.73635 0.899947 1.63492 0.165225 0.155607 0.210117 0.0694219 0.0581618 
1.53555 0.975843 1.73291 0.329277 0.679623 0.042515 0.111836 -0.0146742 0.565712 0.192465 0.0380628 0.0619545 
1.51166 0.622625 1.25009 -0.253063 1.36316 -0.0756361 0.948837 0.0250001 1.01942 0.0174768 0.130622 0.0742469 
1.39602 0.872962 1.85044 -0.83684 1.00523 0.81943 0.614023 -0.199252 0.562252 -0.202179 0.116665 0.107471 
1.37711 0.555143 1.6212 -0.580271 1.29871 0.199137 0.529993 0.0396883 0.372803 0.248889 0.0106775 0.0754344 
1.30862 0.546369 1.49875 -0.458658 0.426762 -0.126725 0.381631 -0.14214 0.712138 0.156629 -0.257929 0.0633045 
1.40782 0.0225157 1.32311 -0.0703024 0.365827 -0.330824 0.541288 0.112081 0.699657 0.154873 0.168465 0.0106315 
1.28354 0.555584 1.55069 -0.43101 1.16792 0.320181 0.485286 -0.145922 0.307861 -0.0455033 0.032016 0.0315284 
1.51768 0.405162 1.4309 0.10617 0.247985 -0.188254 0.567841 -0.00425818 0.542331 0.292548 0.12856 0.057462 
1.65481 0.049984 1.30907 0.377738 1.04978 0.780034 0.60855 -0.267255 0.651361 0.24068 0.0311479 0.0412668 
1.45058 0.227981 1.41326 -0.138709 0.918365 0.516018 1.24641 -0.287343 0.44456 -0.251457 -0.0713937 -0.032562 
1.25393 0.398262 1.21849 -0.114407 0.289687 -0.0151282 -0.184043 -0.5328 0.760107 -0.0781894 -0.026046 -0.0374039 
1.37416 -0.0968646 1.44204 0.343218 -0.0479826 0.358733 0.527852 -0.22033 0.855591 -0.000344115 -0.257738 0.0218968 
1.26835 0.759093 1.38998 0.0216492 0.243034 0.156934 1.11445 -0.38204 0.0774177 0.13208 0.113771 -0.0530896 
