2.09618 0.538065 1.59401 -0.884933 0.133405 -0.0388881 0.647137 -0.195945 1.17462 0.351189 0.245058 0.089219 
2.30507 0.52974 1.33668 -1.2949 0.699714 -1.08802 0.330662 -0.246622 0.962329 0.447951 -0.00807524 0.0818389 
2.50045 0.155847 1.04584 -0.576958 -0.263789 -0.819113 0.493619 -0.440681 0.615972 0.597736 0.477849 0.10022 
1.88897 0.426076 1.07559 -0.77965 0.465788 -0.0492031 1.33899 0.134358 0.500618 0.247674 0.197406 0.0973089 
1.74652 0.345415 0.941965 -0.325675 1.26507 0.736224 0.827506 -0.355428 0.450509 -0.178296 0.0266881 0.0173427 
1.85139 0.303749 1.41143 0.060161 1.53729 0.226255 0.887408 -0.869116 0.274647 -0.00118279 -0.13097 0.0834447 
1.81667 0.505954 1.08748 -0.713567 1.51731 0.281924 0.514739 0.631808 0.597305 0.216119 0.0912365 0.0538826 
1.67967 0.11169 1.2682 -0.342035 1.29664 0.971572 1.22244 -0.916341 0.575917 -0.0159917 -0.029773 0.12333 
1.82041 0.199771 1.38273 0.0348517 1.16229 -0.423861 0.439059 -0.0646473 0.0393605 0.21265 -0.0160307 0.0195767 
1.99162 0.518228 1.69821 0.141579 1.44206 0.35802 1.37208 -0.168705 0.321129 -0.0741057 0.0354587 0.0621031 
1.76459 0.415461 1.36618 0.0921828 1.36026 0.214631 0.803133 -0.441408 0.463914 0.113488 0.274119 0.0616418 
1.56166 -0.00931143 1.01169 -0.567286 0.724363 0.609042 0.357337 -0.65196 0.216606 0.0974018 0.000494701 0.058132 
1.68575 0.0517425 1.42302 -0.207817 1.11684 -0.0599211 0.693852 -0.110042 -0.224636 -0.191937 0.0850572 0.0314432 
1.66788 0.417778 1.15774 0.462496 0.608228 0.390607 1.22097 -0.238233 0.437288 0.174062 0.276103 0.0203914 
1.71549 -0.0388292 1.604 -0.0678671 0.704673 0.0134481 0.573243 -0.595646 0.222186 0.192959 -0.0305105 0.070259 
2.1269 -0.14726 1.22634 0.36628 0.730387 -0.20622 1.23647 -0.81135 0.601573 0.0980733 0.0431609 -0.0366897 
1.58947 -0.11152 1.45164 -0.377402 1.55959 0.244747 0.696899 -0.230084 0.578494 -0.0797475 0.134729 0.0887466 
1.48059 -0.0150805 1.15836 -0.0804239 0.416597 0.231898 0.855294 -0.398065 0.239761 0.00044865 0.119374 -0.0181195 
1.73459 -0.372935 0.835259 -0.558645 0.325459 0.706945 1.96413 -0.619513 -0.00581189 -0.382172 0.0472607 0.100907 
1.94578 0.129138 1.41388 -0.132277 1.03228 0.138518 1.08123 -0.103427 0.547328 -0.0168152 0.169339 0.0173135 
1.8551 0.0781587 1.4664 0.392667 1.18898 0.490322 1.13525 0.138637 0.637939 -0.048356 0.306887 0.0230966 
1.8025 0.214764 1.72951 0.098337 0.593139 -0.490125 1.11963 -0.337995 -0.574115 -0.203703 -0.0335062 0.0495302 
1.92139 -0.0142676 1.32841 0.0511196 1.05667 -0.607349 1.58997 -0.337416 0.447628 -0.0971992 -0.0481849 0.118334 
1.72718 -0.329113 1.76421 -0.578618 1.3185 -0.18642 0.955108 0.10757 -0.375709 0.05977 0.0455249 0.0374108 
1.48217 0.117039 0.935424 0.777543 1.38462 -0.0674134 1.3531 0.0774647 -0.0814696 0.112716 0.310837 0.00351267 
1.93896 -0.0882454 0.973497 0.0977213 0.76605 -0.0261416 1.03144 -0.415735 0.0258174 0.217343 0.12218 0.0324867 
1.84621 0.26114 1.49105 -0.011771 1.31177 0.0837055 0.747887 -0.727184 0.123058 -0.275362 -0.0327996 0.0181019 
1.73616 0.0410195 1.19453 -0.26099 1.28477 0.049901 1.09946 -0.170866 0.355951 0.178527 0.151002 0.0530435 
1.66329 0.203033 0.965142 -0.151042 1.34823 0.430263 1.32436 0.0436177 -0.290327 0.239846 -0.00176336 0.0753151 
1.66684 -0.10941 0.989985 0.335571 1.71531 -0.21819 0.639642 -0.0028373 0.207324 -0.195345 -0.0644664 -0.015818 
2.00005 -0.00189245 1.05286 -0.0809914 0.876117 -0.291166 0.320864 0.0795597 0.287646 -0.143063 0.186629 0.109655 
1.8445 0.0720774 1.38153 -0.315039 1.18203 -0.229293 0.909227 -0.559678 0.355318 0.0161047 0.165138 0.0569867 
1.82785 -0.129082 1.80075 -0.168137 1.64682 0.526922 0.713087 -0.316589 0.230597 -0.188196 0.133861 0.0491146 
1.82687 0.552047 1.44262 -0.20091 0.794511 0.372653 1.07161 -0.296171 0.880416 0.174195 0.224606 -0.0367879 
1.55371 0.256395 1.11303 0.67286 1.02137 0.742447 1.35411 -0.752516 0.154047 -0.152991 0.214664 -0.0180674 
1.84303 -1.1502 0.585624 0.826886 2.43193 -1.15688 0.580546 0.215113 -0.125472 -0.091361 -0.0618184 0.0786769 
1.8057 -1.59624 -0.356667 0.379544 2.58758 -0.580354 0.888707 0.234934 -0.79634 -0.647551 -0.253817 0.0146751 
1.76338 -2.19475 0.172187 0.813697 0.384572 -0.752203 3.25333 1.23389 -0.1786 -0.513386 -0.324114 -0.115058 
1.90591 -1.40667 0.322334 -0.321542 0.557235 1.17758 2.84417 0.964034 0.0248049 -1.12315 -0.151035 -0.104777 
2.13524 -0.984867 0.315614 1.49604 0.999389 2.05968 3.97568 1.7238 0.386503 -0.686977 0.240043 0.0217112 
2.91128 0.775724 1.38732 4.39512 0.79935 1.34358 4.90762 1.56672 0.522484 -0.74004 0.28498 0.0998164 
3.7221 0.76973 0.563852 5.1697 1.64383 0.811185 5.05544 1.28623 0.5084 -1.07896 0.367572 0.062315 
3.39905 1.0147 0.538013 1.75539 1.50287 1.5244 3.24658 2.10693 -0.0967574 -0.561298 0.144079 0.101293 
2.55422 1.68712 1.48344 1.68507 1.8903 1.94501 1.33574 0.481471 0.180861 0.253083 0.133805 0.0515172 
2.48538 -0.354434 -0.540746 2.29004 3.71772 0.661166 3.20027 1.51034 1.05461 0.129037 0.211341 0.0820617 
4.3767 -1.04906 -0.114963 3.69099 2.95561 -0.246222 4.27665 1.59239 0.139351 -0.793323 0.0272644 0.198647 
3.91524 -0.721159 -0.553135 4.51991 3.54433 -0.525632 4.36267 1.43463 0.119199 -0.99043 0.0876413 0.231809 
4.12988 -1.37555 -0.488191 4.96239 3.55909 -0.65095 4.72844 1.28934 0.175815 -1.12739 0.234156 0.259318 
3.20596 -0.232916 0.144988 3.39443 2.83265 1.14057 2.86915 1.63595 -0.558459 -0.582805 0.157353 0.209923 
3.19663 0.390037 0.506857 2.93635 2.68861 1.34134 2.22672 1.83489 -0.278488 -0.630487 0.137564 0.189489 
3.96344 -0.521744 -0.599108 3.84975 4.02635 0.873295 3.30485 1.80579 -0.321134 -0.423339 0.160694 0.265338 
3.8587 -0.278288 -0.0644709 4.27428 3.82419 0.861923 3.15277 1.86067 -0.423133 -0.604318 0.0392669 0.259111 
3.80205 0.43412 -0.123204 2.93078 2.92045 1.10715 2.48296 1.8401 -0.369333 -0.752747 0.0789603 0.20892 
3.35727 0.194465 0.413481 3.31453 3.12295 1.29685 2.62292 1.67136 -0.308882 -0.516057 0.10545 0.214327 
4.1867 -0.67761 0.14787 4.17787 4.47343 0.354589 3.60354 1.99715 -0.336453 -0.453716 0.0555936 0.285894 
4.02555 -0.286572 0.0709666 4.49511 3.91931 1.21375 3.11938 2.1983 -0.456368 -0.401443 0.110386 0.266913 
4.07606 -0.677632 0.0671393 4.6234 4.49704 0.525118 3.54474 1.82277 -0.542931 -0.367184 0.15063 0.271016 
3.80966 -0.740156 -0.0804412 4.86854 4.30568 0.394395 3.7042 1.72036 -0.543057 -0.442446 0.202576 0.288277 
4.8717 -1.07563 -0.578735 3.76554 4.1284 0.1255 4.27121 0.726148 -0.0165889 -0.415725 0.325637 0.246703 
3.39237 -0.456521 0.466962 3.78268 2.887 1.46142 3.07778 1.33603 -0.466538 -0.401085 0.268481 0.21168 
4.38045 -1.05934 0.585645 4.67934 3.96914 -0.170361 4.08765 1.2183 -0.231752 -0.533732 0.2269 0.258926 
3.34472 -0.381451 0.435056 4.79024 3.10037 0.860015 3.75152 1.26769 -0.385233 -0.536993 0.418689 0.258047 
3.32458 -0.255829 0.723051 4.53731 3.40904 1.22828 3.2219 1.46338 -0.898458 -0.159175 0.334223 0.231779 
4.05728 -0.507486 1.18319 3.95116 3.0592 1.09844 4.04518 0.773894 -0.435803 -0.208755 0.418144 0.193161 
3.51325 0.075036 0.335703 1.42746 2.27117 1.73654 3.0317 2.23165 0.069297 -0.146624 0.306309 0.12342 
2.68619 0.961881 1.71396 3.13156 2.46514 1.689 2.49053 1.09288 -0.170818 -0.13112 0.72146 0.141602 
3.51685 1.24129 0.604236 3.12783 3.22252 0.956548 2.10322 1.53861 0.506529 -0.134154 0.53704 0.221909 
2.886 1.1139 1.57194 3.20053 2.36903 1.25062 1.17756 0.328111 -0.194961 0.705495 0.725513 0.0403747 
3.11089 0.734237 1.67439 3.62832 3.36605 2.16825 1.02614 0.302405 0.307086 1.04003 0.734053 0.0481384 
3.04993 2.17621 1.90567 1.86706 2.13444 2.08154 1.213 1.21433 1.02156 0.531989 0.420121 0.0841994 
2.74882 2.0784 1.98718 1.85755 2.19474 1.3875 1.39636 1.04623 1.12193 0.502135 0.18057 0.0580888 
1.98656 2.34252 1.37404 0.157328 3.32907 0.0456764 2.3011 1.05039 2.1693 0.984017 -0.201588 0.0885672 
2.3803 2.22567 2.51985 1.22653 2.91636 1.42299 1.27591 0.765326 1.59906 0.637853 0.281757 0.0879688 
1.95644 1.67946 2.7333 0.90606 2.07242 1.00808 1.12185 0.410976 1.21978 0.550115 -0.0889555 0.0837831 
1.99703 0.965126 2.07859 0.498761 2.26618 1.03523 0.808646 0.364703 1.7265 0.437078 0.180211 0.0172405 
1.91497 1.30614 3.07016 0.295354 2.51672 1.19624 1.86354 0.668579 1.43079 0.481899 -0.0300666 0.117493 
1.62976 0.970863 2.65657 -0.317258 2.04863 0.595637 1.05801 0.0983562 1.26035 0.516142 -0.164521 0.10467 
1.80066 0.896363 2.41441 -0.45157 1.75555 0.761732 1.01794 0.0952918 0.620934 -0.10568 0.278958 0.0953698 
1.33175 0.669655 2.17454 -0.283601 2.28277 0.441372 1.65047 -0.469273 0.337184 0.464091 -0.404999 0.176637 
1.42697 0.716046 2.22634 -0.306774 2.121 -0.527657 1.32714 0.0354686 0.731768 0.563797 -0.120489 0.122044 
1.21087 0.680974 2.45699 -0.757393 1.29933 -0.533801 1.08665 -0.576895 0.710582 0.55871 -0.0405292 0.173898 
1.12111 0.744914 0.732046 -0.127466 1.12929 0.600484 1.00778 -0.649541 1.1694 0.167839 -0.0371776 0.128739 
1.42994 0.186334 1.71929 -0.334792 1.87229 -0.0851671 0.399331 -0.0895299 0.584093 0.30038 -0.142196 0.094342 
1.01102 0.396751 0.847758 -0.823112 1.59331 -0.892428 0.957094 -0.813991 -0.344827 0.281659 -0.372306 0.0909503 
1.35046 0.475059 1.36137 -0.0853342 0.290547 -0.266825 0.268358 -0.420171 0.56157 0.644012 0.168952 0.0988958 
