1.91309 0.649836 0.693317 0.0802418 1.6768 0.823475 1.4298 -0.200268 0.995158 -0.317217 0.279217 -0.0299657 
1.60055 0.332924 1.45714 -0.360028 1.44161 -0.210612 0.485774 -0.926419 0.594037 0.345316 -0.0606846 0.0434487 
1.72763 -0.138231 1.46673 -0.466744 0.837089 0.246256 0.628251 -0.421693 0.749163 -0.141565 0.113385 -0.00104355 
1.78308 0.123468 1.55137 -0.791566 1.76436 0.0191103 0.444938 -0.226181 0.590242 0.12539 -0.0452801 0.0295613 
1.72285 0.637905 0.938253 0.0773093 1.00445 0.0929599 0.486922 -0.527911 0.951924 0.328947 0.234639 -0.00339399 
1.76276 0.754627 1.39808 -0.628123 1.07433 0.580733 0.33781 -0.123853 0.955189 0.563756 0.0869905 -0.0677814 
1.84307 -0.0937979 1.03836 -0.865191 1.33871 -0.0649117 0.277622 -0.331532 1.18189 0.33334 0.00943203 0.110989 
2.00127 0.493662 1.48601 -0.662155 1.33581 0.389214 0.32439 0.117505 0.559621 0.147545 0.0852436 0.0319149 
1.77448 0.640088 1.31288 0.240171 0.794562 0.400999 0.845132 0.240134 0.733619 -0.0553775 -0.0592788 -0.0023536 
1.87934 0.427246 0.935947 0.0183133 1.24791 -0.135259 0.36634 -0.472527 1.21943 0.241466 0.078622 0.0408966 
1.83784 0.426691 1.46853 -0.0964937 1.70149 0.861868 1.22271 -0.945134 0.14038 0.473768 0.0829815 -0.00227713 
1.93303 0.0420637 1.499 -0.591514 0.983766 0.122401 0.563336 0.0564136 0.542493 0.618306 0.29073 0.0147597 
1.76066 0.695258 1.15818 -0.970714 0.697366 0.865925 1.11429 0.0363049 0.484749 -0.00438779 0.108081 0.0199818 
1.85575 0.28389 1.5547 -0.0181405 1.66567 0.800119 1.79373 -0.377162 0.521153 -0.140598 0.0929127 0.00991437 
1.3898 0.241066 1.07712 -0.0448764 1.69166 1.01729 1.8648 -0.250398 -0.0992952 0.177502 0.146471 -0.0080084 
1.64529 0.298887 1.58756 0.239767 1.70229 -0.173132 0.440723 -0.537754 0.624118 -0.000440734 0.217252 0.075283 
2.16494 0.445271 1.50386 0.0126655 0.224342 -0.234594 0.547684 -0.860443 0.364574 -0.188694 0.240744 0.126598 
1.90995 0.796977 1.5394 -0.105987 0.451897 -0.857624 0.718449 -0.666602 0.00784574 -0.219041 -0.0182811 0.0999509 
1.99941 0.306471 1.41463 -0.158872 0.925928 -0.435159 0.686709 -0.43097 0.233487 0.255746 0.205379 0.101417 
1.72798 0.22842 1.71428 -0.0962995 0.843362 -0.491389 0.822445 -0.136884 0.501641 0.217548 0.0453621 0.0524737 
1.7737 0.110396 1.25588 0.0836545 0.816809 -0.00808836 0.782681 -0.93438 0.582975 -0.23723 0.152262 0.0303725 
1.78651 0.430663 1.50603 -0.297417 1.16265 0.727798 1.22983 -0.299315 0.319251 -0.043403 0.116677 0.0824415 
1.5972 -0.0271314 1.49762 -0.346515 1.22258 0.737711 0.981952 -0.357437 0.110494 -0.0219588 0.121932 0.0505821 
1.59008 0.088353 1.58775 0.192563 0.854088 -0.403948 0.647328 0.568659 0.340635 -0.130183 0.0629675 0.0376112 
1.80905 0.10157 1.31837 0.0939866 0.668355 -0.52825 0.954703 -0.481037 0.732024 0.015797 0.11178 0.068016 
1.70425 0.399266 1.92744 0.110026 0.862145 0.161152 1.07317 0.0998769 0.179049 0.0818743 0.100189 0.0267383 
1.59279 0.69051 1.209 0.468 1.42707 0.629047 1.07847 -0.0465007 0.185071 -0.450524 -0.0141392 0.0719657 
1.72636 0.512462 0.936465 0.157229 0.716797 -0.036945 0.883589 -0.52838 0.180711 0.112134 0.197873 -0.00348501 
1.56556 -0.0657921 1.41875 0.205476 1.45627 0.587653 0.499233 -0.462005 0.219557 -0.0444002 0.072753 0.0984965 
1.53615 -0.0647272 1.0616 0.411432 0.834765 0.380935 1.05329 0.0586502 0.549971 -0.203636 0.0769183 0.066662 
1.75691 0.161076 1.7135 0.0674857 1.41101 0.0712067 1.03123 -0.195194 0.0100484 0.342122 -0.00178493 0.0507477 
1.63906 0.370316 1.25011 -0.723395 1.02489 -0.803585 0.208428 -0.212278 0.55642 0.12685 0.355896 0.0723473 
1.91399 -0.266158 1.07868 0.304363 1.0995 -0.00130283 0.660684 0.0886145 0.344421 0.0239203 0.0912513 0.0998126 
1.73504 -0.165044 1.39024 0.0982638 1.68421 0.426601 1.23538 -0.0160707 0.548921 -0.121746 0.032566 0.10736 
1.79494 0.410669 1.28149 -0.167379 0.977672 -0.187154 1.03088 -0.407056 0.329721 -0.0375989 0.307808 0.0877563 
1.7945 -0.0223546 1.25873 -0.460736 1.26233 -0.316232 0.50916 0.025998 0.297964 0.18866 -0.00570112 0.157579 
1.66284 0.0866222 0.908302 0.429917 0.541885 0.12569 0.897299 -0.483574 0.148575 -0.110148 0.0756923 -0.0622569 
1.98627 -2.97322 -0.126381 -1.78694 2.53547 -0.0287814 0.102506 1.92219 -0.13284 -0.0575469 0.0223451 -0.157592 
1.87168 -2.3051 0.200531 -0.941775 1.85118 -1.23565 1.37018 1.68138 -0.40871 -0.8055 -0.0363892 -0.115779 
1.25771 -0.687876 -0.154142 -0.455354 1.45257 -0.0436489 2.87999 0.909903 -0.273864 -1.03575 -0.0728428 -0.113958 
1.05975 -1.49817 -1.00293 0.40407 0.553936 0.542529 3.28473 1.10918 -0.202048 -0.680425 -0.0324915 -0.0106411 
1.44949 -1.57353 -0.456622 0.338653 1.35412 1.24467 3.95158 -0.205779 -0.198608 -0.718058 0.173545 -0.053555 
2.88626 0.703798 0.494059 1.79294 2.08049 1.6266 4.1272 0.717353 0.293925 -0.44898 0.178076 0.122187 
3.23021 1.18928 -0.982076 3.08263 2.72397 0.681733 4.65202 0.31062 0.229295 -0.3671 0.210523 0.116565 
3.46294 -0.197303 -0.115412 3.36672 2.72259 -0.123452 5.15699 0.971111 0.461357 -0.620922 -0.0284443 0.122374 
4.40729 -0.562706 -0.863666 2.38397 2.80038 0.156418 5.47466 0.959242 0.578266 -0.67305 0.105306 0.145181 
3.92803 0.923509 -1.20298 1.20552 3.10245 1.11357 5.18412 0.942509 0.302596 0.12966 0.121879 0.142874 
2.74944 0.300986 1.15385 2.20562 3.59128 0.909006 2.91328 1.40928 1.15325 -0.175609 0.0499389 0.188798 
2.63604 0.0539674 1.38068 2.77776 2.64143 0.187035 2.40666 1.7781 0.946746 0.332642 0.0472894 0.0812284 
3.07705 0.316718 0.600878 2.24623 2.05186 1.41234 3.41006 1.87867 0.327798 -0.659452 -0.009709 0.121071 
4.68874 0.622642 -0.777122 2.87744 3.12129 1.33982 3.64158 2.16057 -0.334439 -0.45029 0.0183171 0.181243 
4.27232 -5.49772e-007 -0.171525 3.51362 4.15337 0.530399 4.1041 1.65616 -0.225615 -0.36748 0.00500074 0.234432 
4.12829 0.0838151 0.950787 4.26584 3.78568 0.937261 4.00334 2.07082 -0.332494 -0.2997 0.0301756 0.205616 
4.25174 0.263788 -0.686549 4.76912 4.51852 0.504349 3.77003 2.02769 0.0285958 -0.458058 -0.023562 0.273759 
4.01807 -0.256661 -0.0892349 5.05846 4.68777 0.313611 3.8665 2.0179 -0.17651 -0.412983 0.0246184 0.300365 
3.04251 0.503544 0.694734 3.03581 2.79998 1.63679 2.48404 1.5543 -0.153533 -0.597395 0.0769995 0.186253 
3.09211 0.60885 0.82844 3.18957 2.82005 1.19325 2.21164 1.61157 -0.0661894 -0.559594 0.0626025 0.16464 
3.83196 0.244604 0.206403 3.80534 3.75122 0.952066 3.15611 1.64718 -0.400973 -0.314697 0.0843183 0.218 
3.61692 0.33759 0.619093 3.99567 3.63256 1.42411 2.87356 1.7752 -0.300211 -0.345051 0.160413 0.247634 
3.13994 0.407291 1.09926 3.42641 3.62293 1.68841 2.54838 1.71096 -0.29047 -0.149853 0.180372 0.221273 
2.9818 1.32642 1.36638 2.31035 2.22827 1.6535 2.1306 1.5464 0.0461303 -0.361228 0.129505 0.103695 
3.21373 1.19348 0.853294 2.32807 2.53142 1.86432 2.14261 1.65733 -0.111027 -0.684343 0.211469 0.154086 
3.38476 0.45678 0.889722 3.30268 3.7665 1.46994 3.29114 1.69251 -0.328795 -0.438156 0.0529077 0.250725 
3.56242 0.253652 0.420735 3.56204 3.89814 1.26071 3.17124 1.87732 -0.420521 -0.358701 0.113976 0.270769 
3.44328 0.299072 0.490608 3.52781 3.31802 1.87539 3.11218 1.70925 -0.647596 -0.321533 0.264286 0.251519 
4.20954 -0.570148 -0.0112683 4.64941 5.28246 0.42409 3.67386 2.04961 -0.674194 -0.123393 0.131449 0.314219 
4.10729 0.178018 -0.232995 4.99501 5.386 0.602023 4.36258 1.36387 -0.238275 -0.231888 0.167543 0.346796 
4.03063 0.393652 -0.637178 5.19297 5.00375 0.66028 3.95007 1.62891 -0.234085 -0.274218 0.177722 0.341612 
3.99497 -0.170138 0.0229125 5.35864 5.40995 0.259973 4.44341 1.39775 -0.515365 -0.25781 0.17901 0.346586 
2.92659 0.125587 1.06206 3.5287 3.40072 1.38351 2.87081 1.34462 -0.367865 0.0889833 0.4413 0.222476 
3.02939 1.12808 1.02914 2.27163 2.63755 2.56407 1.94242 1.39743 0.0885018 -0.180921 0.449257 0.158638 
3.06394 1.97234 1.10966 1.47383 2.23818 2.13896 1.30859 0.707561 0.427611 0.284656 0.302424 0.0606435 
3.03964 1.4122 1.05234 1.48624 1.8159 1.87565 1.66891 1.02489 0.272246 0.200335 0.141072 0.0295641 
4.89293 -5.41138 2.10843 -2.55642 -3.27936 1.04082 2.50522 3.54635 1.1384 -0.264031 0.28607 -0.0945766 
3.68823 0.822837 1.01544 -0.491513 -0.852556 2.44036 3.15769 2.67611 1.43253 -0.255332 0.275378 -0.0253718 
2.94482 1.31723 1.68799 -0.355781 0.0665552 2.15158 2.60887 2.29358 1.45263 0.521045 0.341157 -0.0768996 
2.75281 1.82858 3.02237 -1.99968 0.719162 1.76241 1.56684 2.15722 1.98388 0.509121 0.258402 -0.0275005 
2.26013 1.61853 2.6921 -0.376523 0.730353 1.80412 0.915059 1.84642 2.31352 0.32962 0.320178 0.0246408 
2.38386 1.81351 2.01187 0.817754 1.15291 1.26848 1.43364 0.929662 0.862743 0.234288 0.276912 0.0308615 
1.64141 0.962939 1.28662 -0.41452 0.76043 0.410732 1.73469 0.439701 0.529285 0.0921677 0.255617 -0.0450871 
1.44882 0.816487 1.50963 0.37447 2.01314 0.630519 1.4109 -0.105594 0.578085 0.0862699 0.154969 0.0642834 
1.64659 0.79724 1.50228 0.105555 0.997435 0.635071 0.754431 -0.122627 0.906493 0.169447 -0.0169202 0.02029 
1.48279 0.641939 1.31213 0.375941 1.09058 0.000740705 0.264379 0.0100379 1.00108 0.34277 -0.238754 0.0113281 
-1.51312 2.58147 1.51826 -1.49941 3.73984 0.0498244 1.52112 0.379174 -0.044879 0.372186 0.00435102 0.0506226 
-3.22008 4.01728 1.30099 -2.48549 3.80232 -0.665151 0.398069 0.908058 -0.56321 0.520487 0.0577264 -0.0184672 
