-0.114967 2.1276 -0.857368 0.476894 0.963522 -0.537459 2.30069 -1.39771 1.31057 -0.254831 0.182291 -0.138175 
-0.390929 3.02866 -1.74192 0.85259 0.0194418 0.00287775 2.23932 -1.57738 0.985938 -0.492434 0.322794 -0.0746049 
1.96325 0.174677 1.5779 -0.74011 1.56445 0.267652 0.193308 -0.0834303 0.363403 -0.110408 -0.205698 0.0463788 
1.99353 -0.00168946 1.1354 -0.907914 0.836529 0.30823 1.0212 -0.268887 0.423607 0.145692 -0.058183 0.0487556 
1.79633 -0.250344 1.7173 -0.91885 1.17027 0.589621 0.271437 -0.0812302 -0.107061 -0.161678 -0.0707477 0.0637939 
1.90372 0.112408 1.37307 -1.02286 0.872057 0.883511 0.482313 -0.0418296 0.0705749 -0.314641 -0.0836306 0.0313657 
1.7692 0.25931 1.02937 -1.19965 1.25273 0.769182 0.490876 -0.464349 0.200275 -0.279035 0.00614753 -0.0113101 
1.86389 0.379826 1.47879 -0.634631 0.706735 0.800892 1.22826 -0.626583 -0.0109297 0.0831813 -0.139237 0.0476134 
1.95422 0.437341 1.10548 -0.115212 1.08371 0.546504 0.509131 -0.525311 0.0708317 0.0499421 -0.0124219 0.0639865 
1.7622 -0.209156 1.02186 -0.322942 1.09646 -0.725642 0.981893 -0.510216 1.03051 -0.0923548 -0.0279142 0.134362 
1.7214 -0.0188924 0.808406 0.030765 1.32625 0.255618 0.753345 -0.341764 0.366686 -0.0312319 -0.138399 0.0519127 
1.81144 -0.27412 0.990701 -0.24911 0.796156 0.260561 0.873767 -0.814389 0.579052 0.0304841 -0.110693 0.0313341 
1.87049 0.0085966 1.03302 0.329547 1.37678 -0.457938 0.637748 -0.50836 0.218726 -0.104441 0.065845 0.141456 
1.55649 0.358918 1.38267 -0.492333 0.798431 0.231742 0.562031 -0.626399 0.768052 0.0958368 0.158964 0.0363473 
1.75799 -0.142193 1.09467 -0.171414 1.04043 -0.192994 0.865378 -0.378459 0.0181441 -0.0420611 0.101022 0.048963 
1.64539 -0.10922 1.53261 -0.0667348 0.902294 -0.378217 0.672153 -0.0173556 -0.217347 -0.128305 0.174633 0.00488777 
1.58659 -0.161054 0.759618 -0.207003 0.873583 0.193331 0.597544 0.115625 0.0513628 -0.0751953 0.209863 -0.0141554 
1.87816 0.438451 1.27002 -0.408719 1.4016 -0.227291 0.69927 -0.308121 0.589131 -0.0936189 0.0226906 -0.00913753 
1.8659 0.0876081 1.39947 -0.265799 0.536829 0.697197 0.495971 -0.141113 -0.122388 0.212344 0.00787012 0.025216 
1.61421 -0.0953287 1.19312 0.0763058 1.2447 -0.201777 1.3525 -0.108239 0.390072 -0.353429 0.257069 -0.00341799 
1.72968 0.0889837 1.54699 -0.438746 0.565804 -0.134296 0.108314 -0.781831 0.125201 0.259731 0.0328927 0.0906479 
1.53361 0.211366 0.903284 0.293251 1.24515 0.23127 1.18357 -0.30623 0.172642 -0.326932 0.191194 0.0284772 
1.89769 0.002215 1.02414 -0.162809 0.373037 -0.495268 0.360852 -0.460925 0.441556 0.24296 0.0826358 -0.0478157 
1.72523 -0.274417 1.48268 -0.0301856 0.351477 -0.131154 0.947928 -0.452725 0.280622 -0.110566 0.168803 0.0236837 
1.58882 0.24602 1.03633 -0.787624 1.32422 -0.00704304 0.976805 -1.06172 0.350576 -0.0311365 0.0406563 0.0578407 
1.64557 -0.371107 1.04279 -0.320015 2.14573 0.162113 0.64996 -0.263247 -0.0230007 -0.207013 -0.0374485 0.044272 
1.79047 0.222126 2.13034 -0.397035 0.975051 -0.249225 0.948027 -0.209779 0.150395 -0.0436266 0.127593 0.106715 
1.61714 0.467171 1.72074 0.0654999 1.19336 0.290802 0.783426 -0.202181 0.610175 0.30922 0.000614297 0.0273841 
1.73643 0.119782 0.997762 0.144767 0.635945 0.764398 1.26324 -0.154167 0.330713 0.255128 0.257057 0.0189845 
1.6976 0.0640388 1.30136 -0.0933674 1.10958 -0.210397 0.703204 -0.0788536 0.381746 0.0868953 -0.0811202 0.0691603 
1.6889 -0.0544731 0.518915 -0.0801985 1.212 0.604348 0.927581 -0.362903 0.422833 -0.146707 0.122121 0.0152078 
2.05605 0.0250807 1.52388 0.173538 1.0427 0.0052795 1.69071 -0.112181 0.287221 0.282855 0.181704 0.0559314 
1.67313 -0.0696633 1.40997 -0.188418 1.05656 0.0714393 1.44996 -0.313349 -0.204285 -0.182284 0.117219 0.0317924 
1.71992 0.172346 1.56815 0.0798815 1.29081 -0.247042 1.08796 0.422256 0.159039 0.06371 -0.0365772 -0.000752192 
1.60546 -0.197687 1.3348 -0.0970837 1.21886 0.836156 1.54946 -0.431701 0.529513 0.177947 0.250573 -0.00343888 
1.47101 0.659725 1.21325 0.123319 0.443572 0.357416 0.678949 -0.715712 -0.140904 -1.12765 -0.127736 0.0855047 
1.17306 -2.0405 -0.981594 -0.229661 -0.539357 -1.52741 0.333239 -0.0105485 0.289431 -1.03507 -0.058195 -0.0941403 
1.38093 -0.947827 1.6591 -0.00279455 1.1999 -0.588781 2.77272 1.0685 -0.31414 -0.276711 -0.232866 -0.152466 
1.44842 -1.37746 -0.437963 -1.70419 0.901108 0.238495 3.60726 -0.0834021 -0.647257 -0.420747 -0.249671 -0.106213 
1.74911 -1.39408 -0.00468132 0.137681 0.536876 1.50969 4.40394 -0.455566 0.0923349 -0.326291 -0.171065 -0.134229 
3.28553 0.012863 1.27585 2.37943 0.621358 1.74738 5.09128 0.749054 0.662883 -0.0692133 0.0100258 -0.00859073 
3.69365 0.819414 0.306321 2.78469 1.20787 1.13299 5.02202 0.782733 0.752995 -0.742175 0.325562 0.0375736 
4.15147 0.12758 0.170902 2.25831 0.666657 1.28853 5.61279 0.501756 0.956364 -0.156061 0.242794 -0.0620036 
3.49185 1.3692 0.749615 3.06485 2.28901 2.16788 3.07355 1.39058 0.0836663 0.0297356 0.484989 0.174181 
2.59484 -0.53503 0.888313 1.8183 1.8339 1.58414 3.43675 2.03291 1.41087 -0.187123 0.0627559 0.0366792 
4.39518 -1.00729 -1.07248 2.87793 3.55406 0.470565 4.32622 1.52557 0.241349 -0.589068 0.103311 0.200705 
3.43618 -0.589482 -0.0427478 2.93569 3.65609 0.76225 4.10969 1.4068 -0.169978 -0.451506 0.116429 0.253587 
4.04979 -0.553881 -1.3529 4.18579 5.02919 0.0211741 4.23061 1.06944 0.0815204 -0.516813 0.133817 0.312955 
3.3836 -0.592536 -0.936248 3.15167 4.34183 1.03363 3.56503 1.31448 -0.211397 -0.199858 0.139488 0.24745 
3.0596 0.457366 0.990357 3.22767 3.24864 1.72178 2.43463 1.32462 0.0463846 -0.343166 0.133667 0.194073 
3.50565 -0.0968438 -0.0241248 3.60331 3.69789 1.2567 2.89811 1.51129 -0.176057 -0.409831 0.172379 0.247936 
4.44713 -0.330059 -1.33893 4.75626 5.2745 0.182723 3.50165 1.381 0.245951 -0.589386 0.0659345 0.301967 
3.58511 0.10077 -0.320661 3.37554 3.49164 1.34319 2.15201 1.6569 -0.0595052 -0.510459 0.149796 0.234338 
3.2985 0.516282 0.501927 3.13291 3.28873 1.6876 2.18948 1.56883 -0.00721434 -0.548372 0.129426 0.209168 
3.88276 0.0308349 -0.241688 4.0097 4.43291 0.969534 3.00742 1.48189 -0.129164 -0.415973 0.102325 0.282752 
4.40565 -0.301753 -0.665582 3.5136 4.30758 0.955021 2.76857 1.65985 -0.117542 -0.310879 0.0694088 0.227613 
3.37724 0.570062 0.499376 2.90104 2.67806 1.50276 2.26608 1.6636 -0.0214837 -0.68579 0.0608637 0.178944 
3.19475 0.312247 0.434192 2.91781 3.20906 1.55682 2.23253 1.40856 -0.111276 -0.597719 0.164514 0.210905 
3.61186 0.122928 0.0883926 3.69599 3.7148 1.24796 2.76379 1.66335 -0.295562 -0.535497 0.0979256 0.26266 
3.61044 0.0293549 0.0115162 3.59645 3.68054 1.51264 2.66259 1.80725 -0.262329 -0.443215 0.100701 0.259395 
4.59218 -0.277859 -0.294533 4.09774 5.57498 0.90476 2.99651 2.05406 -0.531669 -0.166221 0.0336544 0.305571 
3.15835 0.844566 0.831867 2.81297 2.80559 1.74347 2.01383 1.43527 -0.114561 -0.470235 0.24969 0.176593 
3.27771 1.22949 0.864909 2.3756 2.46246 1.47885 1.69652 1.68191 0.12009 -0.586529 0.203491 0.136392 
3.9031 0.397601 0.17449 3.55636 3.66816 1.6344 2.96331 1.46497 -0.594928 -0.26907 0.29325 0.252154 
3.52774 1.05208 1.08489 3.19286 3.12077 1.90536 2.27578 1.14229 -0.275158 0.0692225 0.403789 0.161739 
3.3062 1.25796 1.6452 3.47502 3.05428 1.96693 1.97747 1.2667 -0.0990179 -0.126114 0.588007 0.183316 
3.29179 1.53419 1.28054 2.94532 3.55012 2.50982 1.65929 0.916185 0.139593 0.0112837 0.505235 0.161512 
4.50498 -0.0101046 0.127771 5.1519 5.11065 2.36909 2.38592 1.60337 0.0972465 0.161226 0.483839 0.31394 
3.90899 0.403268 -0.519775 2.66547 4.9854 3.1927 1.4685 0.95539 0.360616 0.424774 0.355453 0.186962 
3.54503 1.93333 1.40487 2.52271 3.93627 2.80602 1.03393 0.542271 0.391831 0.585582 0.516488 0.100637 
2.91362 2.59699 2.04928 1.75921 2.49321 1.82898 1.98406 0.905774 0.649539 0.667747 0.226655 0.0988297 
2.95802 2.38743 2.15471 1.98541 1.28682 1.13222 1.13144 1.15241 0.97579 0.53736 0.234498 0.0671062 
3.21326 2.61512 2.05771 1.0295 0.902374 0.634379 1.66342 1.59324 1.49155 1.10476 0.389534 0.0818957 
3.1268 2.98086 2.27825 0.72096 0.781362 1.03056 1.48398 1.45405 1.36611 1.2755 0.579555 0.121833 
2.00686 2.19848 2.18997 1.10741 3.01993 0.987655 2.03767 0.521564 1.33367 0.894487 8.78772e-005 0.122344 
2.08705 2.01726 2.74281 1.19796 2.14761 1.3226 1.31498 0.497825 1.21478 0.68356 0.393097 0.0607775 
0.0466336 2.5074 2.41753 -0.922707 1.75364 1.05737 1.86718 -0.0647319 1.29716 0.429386 0.0397701 0.0530057 
-3.83258 4.68544 2.23318 -1.34641 1.03294 0.874579 2.66431 -0.488203 0.3691 0.64777 -0.255412 0.00329129 
-1.79438 3.1998 2.91139 -1.20986 1.09322 0.77354 1.34931 -0.510744 0.14534 0.62601 -0.127578 -0.0243652 
-0.418697 1.85886 1.50202 -1.04166 1.85356 -1.56447 1.97618 -0.173635 0.912446 0.841463 -0.0905228 0.0291041 
0.671953 1.19024 1.42235 0.68636 -0.365093 0.354925 1.58365 -0.855385 1.44621 0.62449 -0.335894 0.113439 
0.784241 1.30737 1.24658 0.526103 0.29109 -0.36144 1.69721 -1.41549 1.00881 0.102467 -0.21811 0.0867281 
1.62592 0.658392 1.27295 0.249237 0.13465 1.42943 0.287736 0.48235 0.508785 0.174616 0.130679 0.0268929 
1.58453 1.30848 1.09478 0.746021 0.454904 -0.119766 1.22564 -0.503786 1.11441 0.550455 0.0540509 -0.00447655 
-1.42231 3.03046 0.443283 -0.736216 2.97766 -1.17981 0.783606 0.569292 0.205549 0.456595 0.18097 0.0222756 
