-1.91472 2.09168 -0.49353 0.277201 0.652485 -0.969932 4.76692 -1.40569 0.47169 -0.568599 -0.13445 -0.100093 
-0.923351 2.1022 -0.273548 -0.321549 -0.0121444 -0.805381 4.3422 -0.859191 0.576962 -0.00321667 0.118012 -0.0923117 
0.451716 1.84848 -1.43866 -1.27812 0.0843357 0.130899 2.43098 0.169722 1.80297 -0.28259 0.0271266 -0.14165 
-0.134417 1.9728 -3.77352 -4.70049 -0.40562 0.0367092 2.90777 2.16778 2.16317 -0.897701 -0.186678 -0.203019 
1.97029 0.4569 0.0508866 -2.43402 -0.727968 0.192024 1.72713 0.698154 1.28281 -0.0196461 -0.213345 -0.0944132 
1.88714 -0.305322 1.09141 -1.11579 0.229297 0.097768 1.133 0.298914 0.706101 0.0846796 -0.328383 -0.145848 
2.07298 0.0458481 0.954303 -0.402975 0.479071 -0.484189 1.73597 -0.0810324 0.0203983 -0.0935737 -0.0737902 0.0117467 
1.59622 -0.182066 1.40063 -0.28 0.0877349 0.469839 1.0757 -0.0752635 0.40313 -0.202457 0.0111502 0.0517823 
1.75625 0.0964451 1.23577 0.45207 1.25556 0.504853 0.754333 0.26266 0.373113 0.131574 0.0800845 0.035174 
1.80413 -0.0421936 1.46331 0.285413 0.993983 -0.118292 0.0501949 -0.123218 0.805595 0.410421 -0.0200555 0.0625855 
2.34983 0.328847 2.32862 0.209355 1.41703 1.2485 1.32395 -0.3784 0.73034 0.303654 0.178902 0.0880003 
1.93719 0.147526 1.60127 0.382439 0.259698 -0.69441 1.07951 0.381691 0.785762 0.312549 -0.0686463 0.0445735 
1.33785 0.169947 1.27057 -0.384973 0.371491 -0.109843 0.926645 0.0393433 0.453954 -0.143987 0.21214 0.114827 
1.90102 0.231609 1.94524 0.363944 1.3011 -0.257978 0.974292 0.439021 0.588142 0.227816 0.199403 0.0302699 
1.69371 -0.0113218 1.09662 -0.17463 1.02884 0.102157 0.573739 -0.485834 0.544643 -0.0653396 0.0615556 0.0350269 
1.84681 0.124649 1.57777 0.913916 1.13965 0.547293 1.15835 -0.0730161 0.155252 0.0179958 0.16864 -0.00998594 
1.64965 0.109641 1.38358 -0.167193 0.622383 0.049094 0.457291 -0.369851 -0.0497881 0.00321051 0.0203881 0.0671022 
2.20178 -0.224071 1.63932 -0.589216 1.07253 -0.808808 0.563991 0.378318 -0.482637 0.378906 0.0441106 0.031769 
1.87018 0.01669 1.31528 -0.242145 0.854703 -0.257447 0.405871 -0.465647 0.249188 -0.138525 0.00861485 -0.00444602 
1.8524 0.0578753 1.32328 -0.174214 0.996572 -0.269795 0.6867 -0.00951935 0.286458 0.0835763 0.143182 0.04614 
1.7692 0.149195 1.29644 0.197555 0.983295 0.554915 1.96885 -0.463375 0.135498 -0.0513689 -0.113943 0.0398408 
1.80334 -0.14525 1.16316 -0.541743 0.559924 -0.0835709 0.504598 -0.0185569 0.00596873 0.4119 0.0922267 -0.0439303 
1.71654 0.37466 1.20713 0.115807 0.528279 -0.626847 0.280492 -0.315399 0.360067 0.0716601 0.261088 -0.0581975 
1.7278 -0.0100922 1.94299 -0.0310927 1.18159 0.0140638 1.16206 -0.410891 0.121911 -0.286086 -0.288915 -0.0182813 
1.70091 0.546173 1.34517 -0.564404 1.76039 0.120261 0.406734 -0.0751179 0.275242 -0.0013186 0.157222 0.0291486 
1.63845 0.345199 1.44658 -0.0175445 0.940847 0.216657 0.0999838 -0.532531 0.3001 -0.163512 -0.235314 -0.0889271 
1.36997 -0.191866 1.78534 -0.235087 0.9614 0.297423 1.03976 -0.27517 0.245298 -0.361063 -0.0417601 0.0203866 
1.7341 0.0528653 1.53356 0.10045 0.927086 0.178994 1.27312 -0.30861 0.412851 -0.0667562 0.299657 0.0439843 
1.985 0.216875 1.98164 -0.253854 2.00336 0.0202125 1.69995 0.131921 0.7823 0.77722 0.149025 0.0827483 
1.98808 0.500116 1.93723 -0.844088 0.665948 -0.743405 0.864774 0.0499229 0.434702 0.227261 0.184127 0.0400449 
1.95794 -0.0554254 1.06902 0.0894005 0.648892 -0.00795733 0.894257 -0.410163 0.555199 0.243198 0.258006 0.131431 
1.46748 -0.99515 2.82817 -1.27346 0.371041 -0.645709 1.33984 2.14862 -1.41045 -0.0589368 0.603048 -0.0387131 
1.61847 -1.36907 0.862613 -0.249971 1.31328 0.465193 1.59688 1.20375 -1.0653 -0.12433 0.144646 -0.294049 
1.40343 -1.21949 0.459413 -0.243089 1.60288 0.394068 2.57303 0.992574 -0.262112 -0.280666 0.0768433 -0.237713 
1.46776 -1.49606 0.733535 0.414483 1.42653 1.43284 3.27043 1.0946 -0.0135773 -0.54606 0.0216087 -0.146309 
2.9136 0.589512 1.09244 2.50136 1.94534 1.35132 4.66462 0.791616 0.197677 0.0398941 0.0522597 0.0819784 
3.36632 0.313984 1.42655 3.23981 1.9652 0.897511 4.41272 1.57267 0.129067 -0.372864 -0.0562164 0.116717 
3.89795 0.82446 0.052031 2.24197 2.22075 0.862043 4.12227 1.82427 0.268913 -0.265869 0.0109497 0.096758 
3.36483 1.97452 2.56001 0.477006 2.00453 2.27205 1.84434 1.57765 0.587664 0.0862053 0.29462 0.0734846 
3.20604 1.18902 0.535066 1.5605 2.87984 2.72347 1.79437 0.429952 0.848404 0.394359 0.329133 0.0880437 
3.01737 0.450834 0.813608 1.06684 2.3873 1.33354 3.21032 2.24905 0.867795 -0.426734 -0.0605392 0.0699565 
4.14539 -0.110247 -1.11734 3.03875 3.5532 0.752276 3.1174 1.99061 -0.213497 -0.474975 -0.0448068 0.185342 
4.17433 -0.449364 -1.31628 2.90419 3.89544 1.03792 2.96543 1.84928 -0.374623 -0.417848 0.0163902 0.198825 
3.82245 -0.0984508 -0.530387 2.64343 2.87989 1.4576 2.50573 1.70277 -0.025636 -0.437813 0.103068 0.150415 
3.52265 0.688438 0.259679 2.32771 2.9268 2.14791 2.19145 1.53397 -0.0579644 -0.289939 0.0312415 0.123434 
5.14016 -0.521347 -0.985207 4.31174 4.81512 1.64951 2.65592 2.04862 -0.433606 -0.291196 0.114438 0.206448 
3.2339 0.930466 0.777145 2.15688 2.73187 2.21669 2.14724 1.45651 0.010151 -0.194942 0.0858392 0.111358 
3.2665 1.02821 0.475795 2.49193 3.3316 2.24192 2.07624 1.28919 0.0680491 -0.373536 0.146267 0.157528 
5.46207 -0.577402 -1.09039 4.43939 6.06715 1.12256 2.9841 1.59406 -0.0951917 -0.262554 0.141753 0.277239 
3.48701 0.0151983 -0.105269 3.05995 3.62239 1.91127 2.37133 1.90879 -0.147647 -0.281944 0.133891 0.220481 
3.0866 0.894527 0.613084 2.36452 2.84139 2.00751 1.84334 1.45013 0.0175272 -0.446123 0.196333 0.1454 
3.02233 1.08122 0.962492 2.48865 2.70587 1.75558 1.82956 1.45334 0.156819 -0.408092 0.172167 0.124134 
3.99793 0.282935 -0.318828 3.60137 4.35524 1.40662 2.7923 1.64973 -0.423075 -0.273655 0.0767212 0.258098 
3.53223 0.392036 0.0985631 2.9614 3.10578 1.72562 2.47405 1.49579 -0.225291 -0.515252 0.187934 0.204005 
3.51152 0.852169 0.522369 2.58147 3.04925 1.48916 1.73473 1.52059 -0.119777 -0.496315 0.200218 0.162341 
3.09499 0.582822 0.801798 3.17664 3.34094 1.68343 2.08302 1.61631 -0.259333 -0.565734 0.223512 0.223398 
3.68524 0.258887 0.139569 3.48673 3.74767 1.56578 2.39638 1.8359 -0.251515 -0.382868 0.178767 0.258669 
3.58117 0.385167 0.331675 3.54215 3.52525 1.61036 2.52311 1.9705 -0.248699 -0.473603 0.153476 0.260638 
4.65219 -0.0588727 -0.593001 4.78606 5.12416 1.28766 3.23088 1.96682 -0.519014 -0.246587 0.205798 0.304963 
3.28575 0.0104638 0.461797 3.86005 3.91328 1.81162 2.68257 1.70944 -0.45524 -0.12439 0.170127 0.259196 
3.61532 0.668545 0.29855 3.01161 3.64219 1.70029 3.0015 1.48738 -0.272455 -0.14913 0.174767 0.216727 
3.68838 0.720365 1.30207 3.17962 2.79308 2.22224 2.46267 1.3341 -0.000899791 -0.530586 0.351935 0.218125 
3.42924 0.867852 1.10524 3.39685 3.17199 2.46085 2.39932 1.556 0.219835 -0.250893 0.397496 0.238497 
3.02742 1.66798 1.11733 1.89414 2.51397 2.37905 1.89119 1.19379 0.319171 -0.00900687 0.385902 0.127589 
2.75751 1.63446 1.30839 1.88598 2.43469 2.20244 1.42515 0.720083 0.448242 0.411389 0.356016 0.0754088 
3.54899 2.14276 0.940956 1.53921 3.18521 3.17257 1.47574 0.209093 0.422322 0.745681 0.338233 0.105181 
2.81804 2.2642 1.81784 1.73926 1.5241 1.48715 1.21735 0.780912 0.480919 0.251638 0.16301 0.0251462 
3.64865 1.09281 1.41075 -2.17787 -2.00811 2.85434 3.68811 4.04814 0.562664 -0.255352 0.472929 -0.204449 
3.10978 0.997984 0.0567739 -1.84744 -1.43948 2.97145 3.22328 2.30724 0.459298 -0.0558593 0.0723725 -0.107291 
3.60185 2.01529 1.53845 -0.900059 -0.637972 1.6457 3.33914 1.54897 1.61022 0.217283 0.157876 -0.0534173 
2.47755 2.0672 2.37879 0.824654 0.631614 1.31684 1.98408 1.51457 1.23269 0.711427 0.303314 0.020259 
1.18658 -0.62673 3.98358 4.96758 0.367012 -1.13449 2.14078 2.30362 0.235924 -0.082816 0.530455 0.113467 
1.93692 -1.69037 2.59429 4.08119 0.693459 -0.975178 1.89172 1.83291 0.545965 -0.0125714 0.315425 0.0649137 
1.4213 0.853033 2.50871 0.685064 0.203463 0.593646 0.969564 -0.382042 0.0637305 -0.0803391 0.217243 0.0432185 
1.48365 1.17575 2.55422 0.196145 0.947348 0.464736 1.21279 0.298931 0.446263 0.0363636 0.16239 0.0493729 
1.06435 0.311079 1.55654 0.176266 0.522882 -0.338577 0.798739 -0.156056 0.787035 0.159203 0.102353 -0.0027399 
1.23327 0.191816 1.65877 1.05858 0.914909 -0.269279 0.435869 0.0243246 0.821352 0.0848858 0.107332 0.0846988 
1.57447 0.667845 2.1475 0.644313 0.837058 0.114481 1.21646 -0.276786 0.447798 0.0186792 0.161097 0.0472673 
1.40864 0.558343 1.86934 0.16385 0.465075 0.385185 1.16576 -0.493507 0.0788254 -0.107642 0.0956784 0.0558574 
1.45376 0.850184 1.81064 0.249649 0.404752 0.875897 1.30982 0.276153 0.706939 0.142843 0.235185 -0.00127601 
1.56009 0.660973 1.59622 0.473795 0.141689 0.276388 1.44079 0.196156 1.09038 0.319705 0.470583 -0.0522312 
1.20125 0.701917 1.71095 0.699043 0.315913 0.275532 1.19465 -0.321862 0.0824694 0.25282 0.368572 0.0235394 
1.29976 0.771721 1.18764 -0.103453 0.628447 -0.45826 0.833663 -0.0932578 0.708879 0.675092 0.147039 0.0408151 
1.14047 0.54417 1.07544 -0.12342 0.874807 -0.814037 1.51957 -0.133754 -0.0179908 0.0820372 -0.104851 0.0559027 
1.45633 0.663261 1.23373 0.147613 1.00452 0.324782 0.818308 -0.440475 0.517938 0.348915 0.00357271 -0.0269211 
