1.70024 -0.153593 1.49479 -0.472901 -1.0698 0.628245 3.12075 -0.150431 -0.638889 -0.602268 -0.397057 -0.295428 
2.18705 0.349522 0.641753 -1.02942 1.25795 0.488844 2.1122 -0.123916 -0.213132 0.0243511 -0.475767 -0.0741406 
1.9053 1.10836 1.71078 -0.652222 1.47603 0.392388 0.925112 -0.615662 0.514234 -0.192647 -0.219387 -0.034853 
-0.201851 2.81091 0.193988 0.0168645 1.61516 -0.53822 1.6339 -0.526286 0.816731 -0.0659327 -0.112887 -0.0513914 
-1.40633 3.1423 -1.69694 -0.436392 0.375929 -0.813712 2.79363 -0.197978 1.8811 0.0604087 -0.125094 -0.053299 
1.7985 0.898555 0.287741 -0.815551 0.777462 -0.491467 0.935677 -0.0591668 1.10313 0.0343819 -0.139101 -0.139874 
2.24066 0.0371825 0.450644 -0.871698 1.24746 0.140537 0.851404 0.0713039 1.16722 0.106732 0.160618 -0.00128359 
1.86849 0.195946 1.8432 -1.01553 0.987737 0.165034 0.391778 0.115064 0.717312 0.199003 0.118623 0.033027 
1.88229 -0.00198523 1.21197 -0.425841 1.71658 0.739985 1.22114 -0.20386 0.350492 0.130574 -0.0137573 -0.025481 
2.05533 0.130554 1.84785 -0.482863 0.50329 -0.378711 0.267426 0.359148 0.722655 0.701969 -0.0928423 -0.067379 
2.0283 0.476942 0.924417 -0.00326867 0.950983 0.341676 0.54674 -0.859876 0.502082 -0.0701114 -0.0260783 -0.0952256 
1.64608 0.559304 1.38452 -0.233149 0.940466 -0.845357 0.36417 -0.274787 0.399481 0.0569258 0.136446 -0.00762507 
2.08276 -0.0545807 1.38844 -0.36007 0.256521 -0.0997778 0.491054 -0.227434 0.146813 0.735046 0.117257 -0.0781192 
1.69294 0.744757 1.36495 -1.0099 1.09623 -0.127558 1.07816 0.300241 0.758079 0.134933 0.387888 0.0337726 
1.95997 0.0267348 1.39308 -0.687883 1.58158 0.376359 0.445714 0.154393 0.554405 0.247529 -0.0337054 -0.0171355 
2.13715 0.019984 1.1992 -0.767857 1.03255 -0.273387 0.713238 -0.33932 0.0403747 0.0228119 0.178185 0.0292653 
1.80627 0.181364 1.06414 0.259021 0.74181 -0.0975803 1.07339 -0.31339 0.558474 -0.0884303 -0.0930075 -0.0447578 
1.561 0.130425 1.43623 -0.531185 0.485238 -0.274865 1.20815 -0.223112 0.0984014 0.0534008 0.246062 0.0730664 
1.82069 0.229708 1.07434 -0.509327 1.1152 -0.677204 0.901419 -0.116643 -0.185586 0.0284967 -0.0981707 0.0342417 
1.56592 -0.147215 0.919383 -0.629032 1.2002 -0.0748022 0.288116 -0.594427 0.552129 -0.132654 -0.141125 0.105856 
1.53277 0.783593 1.41124 0.115442 1.60576 -0.092374 1.12431 -0.204067 0.145067 0.168275 0.0278158 0.00147063 
1.57563 0.50671 1.35718 -0.262091 0.878782 -0.406911 0.340515 -0.383462 0.43724 0.11254 0.213121 0.0669797 
1.80645 0.139761 1.33923 -0.391279 0.689779 -0.235614 0.328744 -0.51797 -0.310508 0.6453 0.541336 0.0247379 
1.61242 0.729745 1.75585 -0.451011 1.09727 -0.0977314 1.40615 -0.307734 0.42664 -0.282182 0.0670784 0.0257736 
1.83981 0.0629333 1.49793 0.362579 1.21751 0.388939 0.271605 -0.232868 0.520348 0.0441932 0.146948 0.0077559 
1.52877 -0.0829525 1.72198 0.34707 1.7612 0.0114438 1.07769 -0.168296 0.288878 0.142329 -0.0708529 0.0450372 
1.78866 -0.00508175 0.785673 0.334549 1.94044 0.508575 1.16561 -0.304288 0.313616 0.179975 -0.0190093 0.0618976 
1.59289 -0.302858 1.15139 0.319843 1.01684 0.37132 0.945006 -0.352209 0.772717 0.0917705 -0.0527697 0.0323412 
1.48826 0.128106 1.5056 0.360448 1.15524 0.28563 1.25428 -0.172464 0.461282 -0.252488 -0.0256964 0.00842151 
1.74174 -0.00598157 1.1581 0.179845 1.21486 0.728659 1.17426 -0.245679 -0.260598 -0.0515569 0.188521 0.0743657 
1.59739 0.290358 1.61855 0.433933 1.52991 0.136811 0.869843 0.0901211 0.653646 -0.148984 0.168788 0.0263464 
2.05591 -0.0981187 1.53837 0.339953 0.610069 0.290079 1.22996 -0.391062 0.220226 -0.0762454 -0.00575961 0.0827846 
1.81306 0.10083 0.994475 -0.0136215 1.20566 0.433476 1.56892 -0.739394 0.868537 0.0798619 0.196031 0.033742 
1.7153 0.0735297 0.865956 -0.291605 1.66982 0.763356 1.44983 0.0164859 0.00736117 0.0984605 -0.0730398 0.0829433 
2.05626 -1.96425 0.388887 3.28439 1.54327 -0.608151 3.01094 1.07456 -0.135205 -0.490502 -0.108206 -0.11753 
1.83744 -0.709309 1.31886 0.578885 0.667519 0.828661 3.45443 1.34669 -0.594955 -0.370515 -0.295827 -0.117914 
2.21699 -2.09258 0.0558724 0.836889 -0.00786205 1.62124 3.54924 0.629561 -0.480354 -0.313638 -0.0556675 -0.0767026 
2.94667 0.220492 1.43782 2.77276 1.3781 1.75016 4.16412 0.407323 0.00515239 -0.442806 0.135721 0.0670598 
3.09126 0.831435 1.85097 3.31031 1.58672 1.53171 4.37486 0.781129 -0.0266222 -0.221458 0.0563485 0.0720873 
3.1787 0.865338 0.74799 2.08344 1.4519 0.926522 3.91198 0.875242 0.0890965 -0.126875 -0.179675 0.0123268 
3.27412 1.53164 0.512927 1.18109 1.71872 1.73456 2.85863 1.29337 0.528641 -0.31864 -0.16788 0.0198881 
4.16799 1.31007 0.0944703 1.48623 2.85086 1.46766 3.00772 1.92893 0.443531 -0.182739 -0.0658361 0.104037 
3.88623 0.577533 -0.0066584 1.86553 2.26144 1.54103 2.6074 2.19623 0.554653 -0.261738 -0.234403 0.0346857 
4.84386 -0.0965938 -0.368725 2.58736 2.54035 1.21463 2.77361 2.3784 0.573289 -0.550276 -0.246272 0.0858644 
4.60854 -0.0851688 -0.880913 2.53031 3.06067 1.12228 2.669 2.75883 0.287342 -0.633804 -0.29157 0.129085 
4.05509 0.544856 -0.228875 2.1105 2.87353 1.57517 1.92414 2.23717 0.340831 -0.581232 -0.237575 0.101231 
5.26214 1.25893 -1.34673 2.62705 3.43131 1.08828 2.12671 2.20677 0.487741 -0.588004 -0.455173 0.0926383 
4.50404 0.299938 -1.28364 3.15566 4.30954 1.06819 2.64971 1.84587 0.258509 -0.381493 -0.383931 0.121096 
3.33012 1.36277 0.443914 1.45323 2.88683 2.76533 2.25277 1.25065 0.13938 -0.386555 -0.194147 0.0700293 
3.31463 1.60616 0.685902 1.55438 2.56939 2.49652 2.27526 1.38146 0.174638 -0.417922 -0.14616 0.0652642 
3.19693 1.79131 1.03174 1.65311 2.72135 2.69439 2.20405 1.15848 0.136077 -0.295849 -0.07236 0.0778526 
3.14866 1.71937 1.09857 1.97145 3.14665 3.00192 2.31024 1.17674 0.246785 -0.211567 -0.151081 0.107043 
4.41606 1.50865 0.599018 2.72499 4.22754 2.8056 3.60326 1.52221 -0.216553 0.118848 -0.136538 0.130295 
3.9311 1.8925 0.751201 1.91837 3.33386 2.72705 2.55229 1.52467 0.235846 -0.360242 -0.123205 0.0956944 
3.76801 2.06464 1.0782 1.90397 3.02491 2.78619 2.40093 1.47043 0.269543 -0.354144 -0.0207897 0.0942838 
5.76206 0.17629 0.0584994 3.78248 5.71987 1.34253 4.00917 1.69027 0.267836 -0.159586 -0.108767 0.20646 
3.41283 0.938328 0.498365 2.5455 3.46254 2.6155 2.15037 1.63325 0.265246 -0.403793 -0.049827 0.163813 
3.22026 1.49801 1.0785 2.16731 2.82177 2.50667 2.10311 1.29071 0.135187 -0.258445 0.113374 0.117107 
3.68843 0.561621 -0.0710796 2.50041 3.32746 2.29592 2.22691 1.7774 0.0713822 -0.561597 -0.0289703 0.187107 
4.34157 -0.243671 -0.697276 3.45172 4.14152 1.19224 2.61846 2.2849 -0.375796 -0.482668 -0.149145 0.21317 
4.2633 0.133026 -0.393617 3.39167 3.54407 1.01308 3.26728 1.66749 -0.269363 -0.635907 -0.0244508 0.19585 
3.10784 1.23312 0.985099 2.16198 2.33236 1.78516 2.15974 1.51788 -0.131544 -0.498116 0.176398 0.128975 
2.9234 1.47779 1.27915 2.08497 2.35421 2.03443 2.01532 1.18885 -0.0497853 -0.193455 0.307182 0.109311 
3.37116 0.975491 1.16852 3.06547 2.65394 1.91314 2.52896 1.65293 -0.282148 -0.274868 0.42943 0.204346 
3.09425 1.19671 1.38743 3.07495 2.90443 2.32091 2.3544 1.30098 -0.0218473 -0.0382275 0.399938 0.168558 
3.42844 1.03058 1.06005 3.29127 3.4832 2.55025 2.34102 1.4332 0.0448692 0.0910884 0.52527 0.2371 
3.08382 1.48878 1.502 2.60021 2.41211 1.97241 1.95905 1.22564 0.110771 0.251235 0.629782 0.138277 
2.91129 1.7603 1.77411 2.36854 2.27068 1.50322 0.93898 0.670049 0.57238 0.904825 0.446085 0.0481253 
2.81414 2.21017 2.28681 2.21258 1.85872 1.5697 1.55282 1.32633 0.795893 0.488223 0.373467 0.0877801 
2.94236 2.54754 2.43749 2.45718 2.28944 1.65636 1.34007 1.21093 1.13156 0.540423 0.23653 0.0951275 
2.81248 2.40567 2.38159 2.04331 1.98754 1.86317 1.48325 1.19131 0.96481 0.540616 0.313391 0.0917414 
2.66179 2.16887 2.04693 1.81822 1.7231 1.51014 1.37679 1.03095 0.875285 0.539736 0.310456 0.0739153 
2.80453 2.36325 2.3543 1.83131 1.99205 1.81848 1.67536 1.23913 0.833502 0.722956 0.484454 0.103255 
2.71601 2.13284 3.06657 1.52299 1.85367 2.10967 2.14968 1.4266 1.40779 0.45788 0.449852 0.132092 
2.06797 1.99351 2.85427 0.808132 1.80242 1.83208 1.16379 0.328115 0.69335 0.68831 0.434544 0.0612625 
1.68819 1.02443 2.12893 -0.168043 1.12604 1.3955 1.98888 -0.229087 0.841689 0.260974 0.195765 0.0681298 
1.65745 1.27959 1.9844 -0.160767 1.2927 0.585272 1.98498 0.718077 0.548951 0.588696 0.0337768 0.0463103 
1.71402 0.465828 1.83007 0.00897557 0.85122 0.556606 0.909358 -0.135357 0.331707 0.27584 -0.00159691 0.0963832 
1.36833 0.379971 2.18397 -0.386148 0.534971 0.999768 0.736102 -0.243248 0.238852 0.659931 0.204316 -0.0110369 
1.41252 1.03107 1.59561 0.5643 1.25261 1.1042 1.49087 -0.172558 0.644794 0.355485 0.173279 0.0509359 
1.70828 0.610747 1.83512 0.567347 0.904029 0.563845 1.2082 -0.290797 0.493865 0.429423 0.0778274 0.0941539 
1.21478 0.951793 1.58455 0.384989 0.919222 1.20723 1.28657 -0.633128 0.373899 0.239595 -0.0631151 0.0937442 
1.48221 1.03477 2.03941 -0.721777 0.658074 0.758573 0.874323 0.163246 0.0360896 0.312052 0.248536 0.0209906 
1.46856 0.650496 1.4657 0.507393 0.958365 -0.0885218 0.724201 -0.519962 0.74181 -0.00543694 -0.11607 0.0850272 
1.48776 0.253732 1.37123 -0.05555 1.19503 0.506577 1.27434 -0.324 0.150554 -0.0748163 -0.12135 0.034102 
