-2.20483 3.10264 -1.7104 1.92457 -0.953273 -2.66524 3.11169 0.66033 -0.195357 -0.0799593 0.125154 0.100115 
0.405439 1.07606 -0.0846748 2.07918 -0.0384372 0.815053 0.303686 0.632646 -0.251913 -0.475778 0.175937 -0.069314 
1.9672 -0.890664 2.24772 -0.0136542 0.972031 0.532394 0.41304 0.598891 0.28598 -0.00890707 -0.0112044 0.000561509 
2.10317 -0.518345 1.75864 0.201358 0.706896 -0.499543 1.09642 0.369621 0.493065 -0.389326 -0.0161206 0.114643 
1.53455 -0.189921 2.2697 0.306671 1.14341 -0.625128 0.850168 0.0175733 0.374861 0.0789645 -0.0235855 0.0931186 
1.53274 -1.20005 2.74833 0.489226 2.23499 -1.49374 1.51716 0.0927668 -0.981193 0.578591 0.47376 -0.0358569 
3.55839 -4.89938 3.075 0.610475 2.47584 1.68802 1.26633 3.01135 -0.151977 -0.320219 0.446813 -0.211478 
-0.717862 -2.33637 -1.39286 1.42858 1.73851 -0.467554 3.17909 0.0217537 0.844875 0.242944 0.389865 -0.117018 
-0.950144 -2.6174 -1.99548 -0.444405 1.58049 0.324339 3.84939 0.472988 0.132928 -0.0191708 0.205462 -0.0411557 
0.585008 -0.352243 -1.27073 0.377059 1.85953 -0.324215 3.35907 0.0931038 1.04582 -0.0319915 0.00129375 -0.106665 
2.49104 -0.634254 1.09357 -0.843932 2.83317 1.02506 2.47388 -0.0979313 1.45295 0.518323 -0.285233 0.096837 
1.77654 0.895807 1.51959 -0.312412 1.49104 0.714391 1.53 -0.538979 0.546928 0.00500378 -0.0723946 0.0599186 
-2.41835 2.13723 0.926184 -0.23236 0.23399 -2.53245 4.67564 -2.24285 0.990886 0.500892 -0.472248 -0.0539064 
-1.93027 1.53626 0.242411 -1.34199 0.571629 -1.65875 3.40613 -1.64668 0.674151 0.986136 -0.335526 -0.00606159 
1.08325 0.845171 1.20581 -2.14609 1.83665 -1.44923 1.974 -0.417839 0.909293 0.608214 -0.292378 0.0277293 
1.67295 0.626267 1.55561 -1.10637 1.12935 -1.05803 1.1457 0.237902 0.366668 0.358826 -0.245981 0.0770191 
2.12005 0.438354 0.942672 -0.444623 1.00907 -0.0819091 0.682403 -0.0287461 0.0344301 -0.00456429 0.104735 0.0124763 
2.08003 0.525016 1.33738 -0.465712 1.30725 0.77929 -0.517834 -0.601851 0.303838 0.295063 -0.010637 -0.0497968 
2.44298 -0.0606976 1.30867 -0.651925 1.07682 0.0415407 0.732122 -0.529945 0.563732 0.129177 -0.128026 0.0837169 
2.26643 0.031585 1.69751 -0.563831 0.914066 0.88214 1.27935 0.123059 0.903141 0.133508 0.14386 -0.0104049 
2.31842 -0.108148 1.75574 -0.572886 0.773003 0.777348 0.351931 -0.0855476 0.649428 -0.100749 -0.190065 0.0393795 
1.97155 0.158677 0.843971 0.0748249 0.173834 -0.12632 0.0777947 -0.179969 0.490699 0.451013 0.187047 -0.0379803 
2.44135 0.566488 1.87561 -0.672986 0.097163 0.0190466 -0.0179457 -0.00891107 -0.0113749 0.340012 0.192478 -0.0179812 
1.92159 0.00421578 0.91852 -0.489285 0.502983 -0.588282 0.423538 -0.10961 0.446388 0.325302 -0.060635 -0.00335848 
2.00102 -0.13626 2.09325 -0.0566349 1.30191 0.0927164 0.454765 -0.150813 0.219636 0.20454 -0.134512 -0.00370115 
1.937 -0.0448267 1.29833 0.673866 1.05088 -0.114819 0.37217 -0.316071 0.670977 0.152666 0.188383 -0.0145736 
1.66797 -0.129344 1.45793 0.277085 0.264068 0.37155 0.070929 -0.520312 0.219016 -0.0488525 0.108287 0.0269742 
1.89994 0.0522399 1.28625 0.261731 0.633239 -0.184694 0.780205 0.113987 0.0576704 -0.413348 -0.0956427 -0.000170838 
2.09187 0.321398 1.0744 0.396021 1.24078 0.118386 1.19327 -0.422022 0.115905 0.261986 0.120224 -0.00973972 
1.88379 -0.160675 0.957224 0.19717 0.416046 0.535881 0.921455 -0.115208 0.421282 0.0561534 0.293932 0.00459701 
1.94075 0.271618 1.23896 -0.42626 1.04932 0.166581 0.33054 -0.391065 0.069965 0.0473733 0.0247283 -0.0556057 
1.99786 -0.0819753 1.56838 0.19982 1.47037 -0.223033 0.617482 -0.579122 0.450962 0.132745 -0.0214728 -0.041862 
1.95944 -0.0664642 0.818505 -0.143183 0.503272 0.0521709 0.201472 -0.776307 0.35876 0.0372529 0.232986 -0.0213074 
1.82332 0.207557 0.738841 -0.312193 1.40268 0.598539 0.21783 -0.705301 0.020456 -0.35205 0.290066 -0.0387479 
1.94783 0.203709 1.21895 -0.0482657 0.829049 -0.213757 0.203947 -0.674644 0.0117476 0.0319011 0.183829 -0.0719365 
1.91561 -0.101146 0.553353 -0.397253 0.263226 -0.53363 0.368671 -1.23481 -0.0654597 0.0236412 -0.117843 0.0980674 
1.86972 -0.131277 1.51234 -0.199294 1.19729 -0.0720716 1.28746 -0.627611 0.131826 -0.0609004 0.0477338 0.043314 
1.61319 -0.0327022 1.46706 -0.111212 1.17867 -0.0810496 0.252043 -0.435683 0.319663 0.2906 0.203986 -0.0899844 
1.93996 -0.0869733 1.45137 -0.382519 0.737443 0.0298015 0.425077 -0.483656 0.174548 -0.12683 0.124865 -0.0375201 
2.03963 -0.0367396 1.04406 -0.28399 1.24288 0.474763 1.50779 -0.523554 -0.283602 -0.173205 0.201552 0.0632781 
2.25935 0.216856 0.848471 -0.606224 1.10723 0.874589 1.3437 -0.705278 0.113801 -0.369884 -0.119481 0.0241168 
1.99784 0.213249 1.52476 0.238094 2.37435 1.56891 2.08685 -0.105097 0.149408 -0.290237 0.160269 0.189407 
2.02913 -0.00980906 1.74148 -0.310275 1.31194 1.39069 1.14986 -0.411254 0.265252 -0.269829 0.195831 0.0782647 
2.21381 0.260651 1.42637 -0.521261 0.648516 0.368102 0.710386 -1.28884 0.38409 -0.345615 -0.141894 0.0415641 
1.31253 -1.47024 0.516785 -1.2321 2.51222 -1.44173 0.590213 1.34783 -0.00252291 0.377376 -0.265452 -0.0535187 
1.71243 -0.837555 0.963516 -0.705996 0.902845 -0.469139 0.579655 -0.0808504 0.00984935 0.111606 -0.0196787 0.0285267 
1.76882 -1.24561 0.645435 0.314181 0.682326 -0.0205479 3.41258 0.901297 -0.589106 -0.134509 -0.148652 -0.209341 
1.1047 -1.53768 -0.930581 -0.0864574 1.2905 -0.17976 3.72518 0.873535 -0.762683 -0.423704 0.0175177 -0.0530194 
2.09042 -1.85698 -0.216647 -0.215397 1.53149 0.791309 4.10466 0.290147 -0.917588 -0.404608 0.124695 -0.000872271 
3.45936 0.549391 0.150882 2.36019 2.01764 0.522144 4.64512 0.0289704 0.0976407 -0.179623 0.421483 0.0825966 
3.23052 1.29286 0.837022 2.29015 1.91246 1.06046 4.5804 0.142592 0.0437014 0.0572336 0.155076 0.0557137 
2.60755 1.63046 1.61982 1.99324 2.19002 1.02408 1.86442 1.23727 0.758955 -0.0261212 0.116968 0.0887869 
1.70211 -0.027532 2.78027 2.94771 2.39834 -0.0457712 3.93409 0.389778 0.783611 0.832594 0.17983 0.095313 
3.07425 -0.381892 0.526284 1.37359 2.4596 0.867481 3.78739 1.7132 -0.166094 -0.0862115 0.0917649 0.0405525 
4.80981 -0.0321731 -1.51446 2.65722 4.39972 0.208897 4.13754 1.20473 0.069614 -0.457775 0.0245175 0.243078 
4.11098 0.398709 -0.0670355 2.47202 4.11045 0.824656 3.35956 1.22167 -0.111312 -0.15024 0.0976244 0.228216 
3.70304 0.976766 -0.0762201 2.77004 3.92855 1.46396 3.08338 0.9113 0.214402 -0.143813 0.182774 0.196388 
4.19677 0.689302 0.0619993 2.69922 3.86234 1.30171 3.51321 1.09053 0.190465 -0.07023 0.0910858 0.179311 
3.34372 1.58055 0.81579 1.5744 2.50764 2.11811 2.0513 0.999158 0.160643 0.0050987 0.0598804 0.067902 
3.27354 1.51966 0.601393 1.77254 2.98014 2.30052 1.59788 0.688317 0.16852 -0.0148267 0.166331 0.0752785 
4.06917 0.820732 -0.060365 2.57834 4.16884 2.23124 1.97937 1.35383 0.0342095 -0.105244 -0.0357564 0.138867 
3.6748 0.824794 -0.250998 2.28404 3.65181 2.29393 2.04352 1.06328 0.143195 -0.207449 0.122646 0.149374 
3.83024 1.40736 0.325605 2.29558 3.73067 2.348 1.74015 0.844085 0.177453 0.0825698 0.186869 0.115488 
3.89449 0.865666 0.302845 2.85805 4.05491 2.41836 2.27661 1.17666 -0.084345 0.0774642 0.0808783 0.15517 
3.98338 0.692018 -0.0148849 3.22081 4.25918 2.56058 2.17607 1.03135 0.315551 0.0841675 0.0300012 0.143131 
3.44532 0.766792 0.484118 2.83727 3.50209 2.58397 2.35474 1.32598 -0.00696532 -0.126916 0.0581511 0.174947 
3.52914 1.10449 0.879452 2.91582 3.5257 2.42906 2.04096 1.2122 0.123337 -0.114548 0.118028 0.15061 
4.22763 0.525372 -0.0689136 3.88844 5.48189 1.01013 3.15533 1.31346 -0.257706 0.154281 -0.0469361 0.245124 
4.61082 0.643978 0.077666 4.23889 5.25121 1.72685 3.15805 1.92384 -0.215211 0.0309277 -0.0379952 0.224488 
3.97687 1.41301 0.63024 2.47247 3.29895 1.89846 2.49502 1.59254 0.019494 -0.233321 0.0764378 0.152522 
2.98069 1.75301 1.37807 1.88443 2.24572 2.08368 1.57296 0.882032 0.187816 0.0622004 0.245536 0.0671166 
2.97174 1.8265 1.4311 2.00624 2.16934 1.97493 1.90057 1.07054 0.26039 0.0506978 0.241867 0.0727778 
3.45477 1.3831 1.33559 2.86571 3.51826 2.40064 2.20237 1.27381 -0.0718795 0.0408667 0.239017 0.147493 
3.5215 1.0842 0.54971 3.08903 4.10397 2.25613 2.6598 1.05694 -0.459975 0.362117 0.225984 0.182835 
3.92757 0.377842 0.521454 3.72969 3.97401 2.34276 2.82674 1.41464 -0.389513 0.157258 0.232615 0.193499 
4.02767 0.21042 0.168074 4.39024 4.93739 2.01399 2.43912 1.41887 -0.298922 0.197457 0.357155 0.265777 
3.95276 0.0587432 0.992352 4.48132 4.76845 1.87896 3.44875 1.3868 -0.671198 0.193166 0.437493 0.267911 
3.77608 -0.49169 0.993037 5.55582 3.76125 2.4806 2.95158 0.74759 -0.37726 0.548792 0.536497 0.13523 
2.37434 -1.47798 1.71911 3.75793 3.1246 2.35965 2.38585 0.0885013 -0.213979 0.535388 0.481755 0.134612 
2.51138 0.170682 1.85149 3.23957 3.48786 2.48319 1.76198 0.403619 0.652126 0.356434 0.340986 0.138265 
3.05839 0.41715 1.10446 4.223 5.37474 0.825941 2.82132 -0.158564 0.47644 0.755511 0.578394 0.19447 
3.03963 0.814379 1.92029 4.95677 4.29866 -0.0747357 0.870241 1.09043 0.970348 0.563681 0.347628 0.0667095 
2.67158 0.461163 0.558509 2.93302 2.86823 -0.441504 2.57202 0.262277 1.08582 0.719758 0.665034 0.0153682 
2.71162 0.166214 2.21615 2.71379 1.48327 0.157988 3.04787 0.527811 0.585912 0.55223 0.812039 0.055764 
2.82807 0.891096 2.2269 2.80291 1.13779 0.9211 1.79847 1.09278 0.252426 0.487623 0.817927 0.0552005 
