0.888889 0.111111 0 0 0 
0 0.829163 0.170837 0 0 
0 0 0.860071 0.139929 0 
0 0 0 0.848296 0.151704 
0 0 0 0 1 
0.8 0.2 0 0 0 
0 0.875002 0.124998 0 0 
0 0 0.85714 0.14286 0 
0 0 0 0.857143 0.142857 
0 0 0 0 1 
0.75 0.25 0 0 0 
0 0.5 0.5 0 0 
0 0 0.832608 0.167392 0 
0 0 0 0.833051 0.166949 
0 0 0 0 1 
0.465978 0.534022 0 0 0 
0 0.876829 0.123171 0 0 
0 0 0.768369 0.231631 0 
0 0 0 0.869985 0.130015 
0 0 0 0 1 
0.729805 0.270195 0 0 0 
0 0.84124 0.15876 0 0 
0 0 0.872571 0.127429 0 
0 0 0 0.865774 0.134226 
0 0 0 0 1 
0 1 0 0 0 
0 0 1 0 0 
0 0 0.9 0.1 0 
0 0 0 0.905954 0.0940457 
0 0 0 0 1 
0.923581 0.0764188 0 0 0 
0 0.840815 0.159185 0 0 
0 0 0.82245 0.17755 0 
0 0 0 0.888889 0.111111 
0 0 0 0 1 
0.847099 0.152901 0 0 0 
0 0.939753 0.0602474 0 0 
0 0 0.826385 0.173615 0 
0 0 0 0.923795 0.076205 
0 0 0 0 1 
0.966325 0.0336754 0 0 0 
0 0.770375 0.229625 0 0 
0 0 0.831929 0.168071 0 
0 0 0 0.916667 0.0833334 
0 0 0 0 1 
0.95238 0.0476197 0 0 0 
0 0.847598 0.152402 0 0 
0 0 0.709192 0.290808 0 
0 0 0 0.933333 0.0666667 
0 0 0 0 1 
0.873107 0.126893 0 0 0 
0 0.947697 0.0523031 0 0 
0 0 0 1 0 
0 0 0 0.909096 0.0909037 
0 0 0 0 1 
0.943369 0.0566313 0 0 0 
0 0.769688 0.230312 0 0 
0 0 0.833333 0.166667 0 
0 0 0 0.906984 0.0930159 
0 0 0 0 1 
0.953934 0.046066 0 0 0 
0 0.930031 0.0699691 0 0 
0 0 0.937913 0.0620873 0 
0 0 0 0.654573 0.345427 
0 0 0 0 1 
0.666665 0.333335 0 0 0 
0 0.857144 0.142856 0 0 
0 0 0.727562 0.272438 0 
0 0 0 0.857276 0.142724 
0 0 0 0 1 
0.666667 0.333333 0 0 0 
0 0.335322 0.664678 0 0 
0 0 0.894687 0.105313 0 
0 0 0 0.875 0.125 
0 0 0 0 1 
0.924041 0.0759588 0 0 0 
0 0.910984 0.0890162 0 0 
0 0 0.935957 0.0640431 0 
0 0 0 0.933292 0.066708 
0 0 0 0 1 
0.831268 0.168732 0 0 0 
0 0.940057 0.0599426 0 0 
0 0 0.910217 0.0897832 0 
0 0 0 0.905959 0.0940412 
0 0 0 0 1 
0.933333 0.0666667 0 0 0 
0 0 1 0 0 
0 0 0.911175 0.0888249 0 
0 0 0 0.925725 0.0742749 
0 0 0 0 1 
0.948749 0.0512507 0 0 0 
0 0.961426 0.038574 0 0 
0 0 0.780887 0.219113 0 
0 0 0 0.916667 0.0833333 
0 0 0 0 1 
0.925882 0.0741177 0 0 0 
0 0.949783 0.0502168 0 0 
0 0 0.948482 0.0515181 0 
0 0 0 0.874153 0.125847 
0 0 0 0 1 
0.942217 0.0577826 0 0 0 
0 0.967743 0.0322567 0 0 
0 0 0.932199 0.0678006 0 
0 0 0 0.899429 0.100571 
0 0 0 0 1 
0.905905 0.094095 0 0 0 
0 0.918134 0.081866 0 0 
0 0 0.826816 0.173184 0 
0 0 0 0.962097 0.0379029 
0 0 0 0 1 
0.951504 0.0484962 0 0 0 
0 0.974172 0.025828 0 0 
0 0 0.858624 0.141376 0 
0 0 0 0.91371 0.0862905 
0 0 0 0 1 
0.956522 0.0434783 0 0 0 
0 0.5 0.5 0 0 
0 0 0.961538 0.0384615 0 
0 0 0 0.875014 0.124986 
0 0 0 0 1 
0.883225 0.116775 0 0 0 
0 0.945754 0.0542459 0 0 
0 0 0.94862 0.0513795 0 
0 0 0 0.913452 0.0865483 
0 0 0 0 1 
0.941565 0.0584353 0 0 0 
0 0.895776 0.104224 0 0 
0 0 0.963879 0.0361209 0 
0 0 0 0.917975 0.0820247 
0 0 0 0 1 
0.96349 0.0365098 0 0 0 
0 0.932196 0.0678035 0 0 
0 0 0.739454 0.260546 0 
0 0 0 0.834 0.166 
0 0 0 0 1 
0.94365 0.0563497 0 0 0 
0 0.90045 0.0995498 0 0 
0 0 0.941888 0.0581116 0 
0 0 0 0.916668 0.0833321 
0 0 0 0 1 
0.81662 0.18338 0 0 0 
0 0.953305 0.0466954 0 0 
0 0 0.47818 0.52182 0 
0 0 0 0.929654 0.0703462 
0 0 0 0 1 
0.894529 0.105471 0 0 0 
0 0.945042 0.0549582 0 0 
0 0 0.90313 0.0968699 0 
0 0 0 0.888889 0.111111 
0 0 0 0 1 
