32 32 32 24 31 31 31 32 31 28 32 32 28 28 28 32 28 24 32 28 24 28 18 21 17 18 18 18 24 31 31 19 14 14 8 8 14 14 14 14 14 2 31 31 31 31 8 31 31 8 8 8 2 2 2 31 31 31 31 31 31 31 31 31 21 18 18 18 17 25 25 17 17 25 19 32 28 30 28 28 28 24 32 24 32 
32 31 32 32 31 24 30 32 32 32 24 24 24 28 32 32 32 32 28 32 18 23 18 24 24 24 24 31 32 30 14 14 14 14 8 15 14 14 14 14 30 31 2 2 2 2 8 31 31 8 8 8 2 2 2 31 31 31 31 31 31 31 31 31 31 31 31 31 18 8 8 15 18 17 17 18 31 32 31 30 32 28 28 32 28 
31 31 31 31 28 28 32 32 32 32 32 19 24 24 21 23 21 24 32 31 31 31 17 17 17 14 14 8 15 14 14 17 14 31 31 8 8 8 14 8 31 8 32 31 2 8 31 31 31 31 31 31 31 31 31 31 31 31 31 31 31 8 31 18 18 15 14 8 4 15 31 25 31 31 32 31 32 32 32 32 32 32 32 32 24 
24 24 32 28 28 32 32 32 32 24 28 28 21 21 24 24 25 21 18 18 24 30 31 15 15 6 6 6 6 5 6 14 14 14 31 8 2 2 2 8 8 8 4 8 4 3 31 25 31 31 31 31 31 25 31 31 31 31 18 18 18 18 18 18 18 18 17 17 18 31 18 32 32 24 32 24 31 32 32 28 24 24 32 28 28 
32 32 32 32 28 28 28 28 28 32 31 24 24 28 24 30 31 24 22 22 28 28 15 21 25 24 32 31 31 17 15 15 8 4 8 15 14 14 31 8 2 4 15 31 15 15 15 25 2 2 2 2 31 31 31 31 31 31 31 31 25 25 18 18 2 15 2 25 15 5 4 31 32 24 31 28 32 32 31 24 28 32 28 32 32 
32 21 24 24 24 24 18 21 24 24 24 24 31 28 31 31 31 31 17 19 14 12 31 8 4 15 15 15 31 2 31 22 18 31 31 31 31 31 31 31 31 31 31 31 31 8 25 25 29 8 8 15 31 18 18 18 18 21 18 2 2 25 31 31 28 24 28 24 32 32 28 28 28 28 28 28 28 32 32 24 24 32 32 24 24 
32 28 32 24 32 32 32 32 32 32 28 24 32 28 24 31 28 24 28 31 32 31 32 31 32 21 29 21 21 23 19 24 24 24 31 32 31 31 31 17 8 15 19 17 19 14 10 2 2 2 2 4 15 8 8 15 28 2 2 2 2 31 31 31 31 31 31 31 31 31 31 25 25 25 4 2 2 2 25 25 18 18 17 17 17 
31 32 32 32 32 32 28 32 32 24 32 24 32 24 24 32 28 24 32 24 32 24 32 32 32 32 32 32 32 24 21 24 24 24 24 24 24 32 24 28 21 17 14 15 16 15 14 16 14 15 31 2 2 2 2 8 8 8 31 28 31 15 2 2 31 32 24 32 32 32 32 32 32 31 15 25 8 15 8 15 15 8 2 2 4 
32 32 32 32 32 32 32 32 32 32 32 32 32 32 32 32 32 32 32 31 32 32 32 32 24 32 32 32 31 32 28 28 31 28 32 32 32 32 32 32 23 21 24 23 24 24 24 24 24 22 21 21 17 15 17 17 14 14 14 19 31 2 2 2 8 8 15 4 8 28 2 2 2 2 31 31 31 31 31 31 31 31 31 31 4 
32 32 32 24 24 24 24 32 32 32 24 32 32 32 32 32 32 32 28 32 24 31 31 31 31 32 31 32 32 32 30 24 18 21 24 24 24 21 24 24 24 24 24 24 18 17 14 14 10 10 19 14 14 14 32 15 2 2 8 31 15 8 8 28 28 15 2 2 31 32 24 24 24 32 32 32 32 31 25 25 2 15 25 25 8 
32 32 24 24 24 24 31 32 32 31 32 32 32 32 32 32 32 32 32 32 28 32 32 32 32 32 32 31 29 24 24 24 24 24 24 24 31 32 21 17 16 14 17 17 17 8 15 31 31 4 4 4 18 4 15 15 6 2 2 2 2 31 31 31 31 31 31 31 31 31 31 31 8 2 2 2 2 2 31 18 2 31 15 18 18 
24 32 32 24 32 32 32 24 28 32 32 32 32 32 24 32 32 24 24 24 24 28 32 32 32 32 32 14 24 24 18 21 24 24 24 24 31 24 31 18 17 14 14 6 15 14 14 17 31 31 15 15 15 31 8 31 31 31 25 2 6 4 31 31 31 31 31 31 31 31 31 31 31 31 2 2 4 2 2 15 8 18 21 31 18 
32 32 32 32 24 32 32 32 32 32 24 32 24 32 32 28 32 24 32 24 32 32 32 32 31 32 32 32 32 32 32 32 32 32 32 31 24 24 24 24 32 28 32 18 32 24 24 24 24 24 24 24 28 28 28 32 27 17 17 16 16 19 16 31 2 2 8 15 15 15 31 8 31 30 2 2 2 2 31 32 32 32 32 32 32 
24 32 32 31 31 24 31 31 31 31 32 21 30 21 24 24 24 21 24 24 24 31 31 18 17 15 8 8 14 14 32 6 8 2 2 8 8 8 14 15 28 25 2 15 2 31 31 31 31 31 31 2 25 2 2 4 25 15 25 18 17 17 17 17 17 31 28 32 28 24 28 24 24 32 24 32 24 24 24 24 32 30 24 24 24 
24 24 22 21 21 24 24 23 21 21 21 24 24 24 31 28 21 21 19 14 10 10 16 14 2 6 2 8 8 8 8 31 4 2 2 25 24 32 32 24 31 32 32 31 31 25 2 2 25 25 2 2 2 2 4 17 23 18 31 15 31 17 30 31 32 24 32 24 24 24 32 24 32 28 24 28 28 32 32 32 28 24 24 24 24 
32 28 32 19 28 32 32 32 32 32 32 32 32 32 32 24 32 32 24 24 32 28 32 24 32 28 24 24 24 24 28 31 28 28 24 24 24 32 32 31 18 25 24 24 24 24 24 28 28 21 17 17 17 17 28 16 16 14 14 6 31 2 2 8 15 8 8 8 31 25 2 2 2 31 31 31 31 31 31 31 31 31 31 31 18 
32 32 31 28 32 32 32 24 24 32 24 24 32 32 32 24 28 24 24 24 32 24 24 24 24 24 31 31 24 24 24 28 28 24 21 21 25 25 31 32 24 24 25 30 17 15 14 14 14 6 16 14 14 25 2 6 4 4 18 31 17 8 8 32 2 2 2 2 31 31 31 31 31 31 31 31 15 8 15 18 8 25 18 18 15 
24 32 32 24 32 32 32 32 32 32 24 32 24 32 24 31 28 24 28 24 28 24 24 24 24 24 24 28 32 26 21 23 24 21 24 24 24 31 28 18 18 14 14 14 17 19 19 19 6 6 2 4 8 4 2 15 8 30 2 2 2 31 31 31 31 31 31 31 31 31 31 2 8 2 2 2 8 15 25 31 2 31 2 15 18 
32 32 24 32 24 24 24 24 24 24 32 24 32 32 24 32 32 24 32 32 32 32 32 32 24 32 28 31 24 32 28 32 31 32 24 32 24 32 24 32 32 24 24 32 24 31 31 28 28 30 15 18 18 21 21 18 24 24 24 31 21 19 14 14 14 6 14 10 14 14 31 2 2 8 8 31 8 4 4 25 31 4 31 31 32 
32 28 32 31 24 32 32 32 32 32 32 28 32 32 24 32 24 24 24 32 32 32 32 32 32 32 32 24 24 32 24 24 24 24 32 32 24 32 24 32 24 24 32 24 24 24 31 24 24 24 32 32 24 18 24 31 31 25 31 31 31 19 14 14 14 14 10 14 14 16 10 6 2 2 8 8 17 7 6 24 31 2 2 2 31 
31 32 32 28 28 32 24 32 24 28 32 24 32 28 31 31 32 32 32 32 24 24 24 24 32 32 31 32 32 28 32 32 32 24 32 32 32 24 24 28 28 32 32 24 32 32 32 32 32 24 24 24 24 24 32 32 32 31 32 24 32 32 24 24 17 23 18 18 23 21 24 24 24 31 31 31 14 14 17 6 10 19 17 10 6 
32 24 24 32 32 32 32 32 32 32 24 32 32 28 32 32 28 32 32 28 32 32 32 24 31 31 32 30 31 17 28 17 21 17 16 18 17 32 32 32 28 31 31 31 31 31 24 31 18 21 24 23 24 32 28 19 19 14 14 14 14 14 14 15 32 6 3 4 31 18 8 31 15 24 31 4 4 4 31 31 31 31 31 31 31 
32 32 32 24 24 32 32 32 32 32 32 24 24 32 32 31 24 24 24 32 32 32 32 32 32 32 28 32 32 32 32 28 32 24 32 32 24 32 32 31 24 28 24 32 32 31 32 32 32 32 28 32 28 24 24 32 31 28 32 24 24 24 32 24 24 24 24 31 28 28 30 21 23 31 24 31 24 24 32 32 28 19 14 14 14 
24 24 32 32 24 32 32 24 24 32 24 24 24 24 24 24 24 32 31 24 24 24 24 28 28 32 24 24 24 32 32 32 32 24 24 32 32 32 24 32 32 32 24 24 24 24 32 24 31 32 32 19 8 24 24 24 24 24 24 31 18 17 14 14 18 18 14 14 14 25 15 8 8 14 14 14 14 18 30 31 2 2 2 2 31 
31 31 31 24 24 24 24 28 31 32 32 32 32 28 31 32 32 32 32 32 32 32 32 32 32 32 28 24 32 24 24 32 24 24 24 32 32 32 24 24 24 24 31 32 31 31 24 21 24 24 24 24 24 24 24 21 21 19 14 6 10 27 16 14 6 2 2 2 8 8 8 8 8 28 2 2 2 31 32 32 32 32 32 32 32 
32 32 24 24 28 32 32 32 28 24 32 32 28 31 32 32 32 24 32 24 30 32 28 24 32 32 24 32 24 32 24 32 24 32 32 24 32 32 24 24 31 24 32 32 24 31 32 24 32 32 24 24 32 24 24 31 23 17 25 24 24 25 25 31 24 24 31 28 19 19 14 15 14 10 14 14 16 10 2 2 31 17 31 8 4 
32 24 32 32 32 32 28 32 24 24 32 32 32 24 32 28 32 32 31 24 24 32 32 32 32 32 32 24 32 24 32 24 32 24 28 28 24 32 32 24 32 32 32 32 32 21 24 24 24 24 24 24 31 31 17 17 14 14 14 17 14 14 17 31 31 8 8 14 14 21 21 31 28 6 6 6 2 31 31 31 32 32 31 31 31 
32 24 24 32 28 31 32 24 24 24 24 24 32 28 32 24 32 24 32 32 32 32 32 24 32 32 31 24 24 24 24 32 32 24 24 24 24 24 24 32 24 24 24 24 32 18 18 18 18 24 24 24 24 24 24 28 19 14 14 10 10 14 14 14 6 2 2 2 15 31 15 8 8 28 31 4 2 31 31 31 31 31 31 31 31 
31 32 32 32 28 32 32 24 24 31 24 28 24 32 24 24 32 28 24 32 32 28 31 28 24 24 32 32 19 24 25 31 31 25 18 26 24 24 24 24 30 28 19 14 16 14 14 16 16 28 32 32 31 2 4 17 18 18 17 28 25 6 2 31 31 31 31 31 31 31 31 31 31 31 2 2 2 2 2 2 4 8 15 25 4 
32 32 32 28 28 32 28 32 32 32 32 24 24 32 31 24 32 32 24 24 24 24 32 24 32 32 32 32 28 31 31 24 32 31 31 31 24 31 26 24 24 24 22 20 19 19 14 10 10 10 19 19 6 2 2 3 8 15 8 6 31 6 2 2 2 2 32 32 32 32 32 32 32 32 31 31 31 25 2 25 31 31 31 4 2 
