0.479384 0.520616 0 0 0 
0 0.729407 0.270593 0 0 
0 0 0.942467 0.0575333 0 
0 0 0 0.822962 0.177038 
0 0 0 0 1 
0.652723 0.347277 0 0 0 
0 0.831373 0.168627 0 0 
0 0 0.908698 0.0913024 0 
0 0 0 0.941558 0.0584417 
0 0 0 0 1 
0.7299 0.2701 0 0 0 
0 0.900498 0.0995017 0 0 
0 0 0.863749 0.136251 0 
0 0 0 0.904068 0.0959319 
0 0 0 0 1 
0.726158 0.273842 0 0 0 
0 0.674638 0.325362 0 0 
0 0 0.883441 0.116559 0 
0 0 0 0.94983 0.05017 
0 0 0 0 1 
2.56141e-007 1 0 0 0 
0 0.915658 0.0843415 0 0 
0 0 0.790571 0.209429 0 
0 0 0 0.948112 0.051888 
0 0 0 0 1 
0.77032 0.22968 0 0 0 
0 0.477424 0.522576 0 0 
0 0 0.502265 0.497735 0 
0 0 0 0.965587 0.0344131 
0 0 0 0 1 
0.880982 0.119018 0 0 0 
0 0.935089 0.0649112 0 0 
0 0 0.761465 0.238535 0 
0 0 0 0.647511 0.352489 
0 0 0 0 1 
0.799998 0.200002 0 0 0 
0 0.785 0.215 0 0 
0 0 0.830691 0.169309 0 
0 0 0 0.9441 0.0559001 
0 0 0 0 1 
0.737889 0.262111 0 0 0 
0 0.823502 0.176498 0 0 
0 0 0.966124 0.0338764 0 
0 0 0 0.906711 0.093289 
0 0 0 0 1 
0.666667 0.333333 0 0 0 
0 0.794011 0.205989 0 0 
0 0 0.966827 0.0331726 0 
0 0 0 0.817804 0.182196 
0 0 0 0 1 
0.695908 0.304092 0 0 0 
0 0.91462 0.0853798 0 0 
0 0 0.928566 0.0714336 0 
0 0 0 0.927561 0.0724389 
0 0 0 0 1 
0.723035 0.276965 0 0 0 
0 0.846339 0.153661 0 0 
0 0 0.887408 0.112592 0 
0 0 0 0.921102 0.0788984 
0 0 0 0 1 
0 1 0 0 0 
0 0.95518 0.0448198 0 0 
0 0 0.407727 0.592273 0 
0 0 0 0.933333 0.0666667 
0 0 0 0 1 
0.490321 0.509679 0 0 0 
0 0.677148 0.322852 0 0 
0 0 0.856052 0.143948 0 
0 0 0 0.840919 0.159081 
0 0 0 0 1 
0.595573 0.404427 0 0 0 
0 0.779335 0.220665 0 0 
0 0 0.964246 0.0357543 0 
0 0 0 0.800655 0.199345 
0 0 0 0 1 
0.947368 0.0526316 0 0 0 
0 0.747542 0.252458 0 0 
0 0 0.972252 0.0277478 0 
0 0 0 0.777501 0.222499 
0 0 0 0 1 
0.360577 0.639423 0 0 0 
0 0.937238 0.0627618 0 0 
0 0 0.945982 0.0540182 0 
0 0 0 0.799738 0.200262 
0 0 0 0 1 
0.887368 0.112632 0 0 0 
0 0.939584 0.060416 0 0 
0 0 0.960891 0.0391089 0 
0 0 0 0.653673 0.346327 
0 0 0 0 1 
0.91039 0.0896103 0 0 0 
0 0.928971 0.0710292 0 0 
0 0 0.967492 0.0325078 0 
0 0 0 0.797638 0.202362 
0 0 0 0 1 
0.618631 0.381369 0 0 0 
0 0.901361 0.0986392 0 0 
0 0 0.950921 0.0490788 0 
0 0 0 0.939066 0.0609337 
0 0 0 0 1 
0.880919 0.119081 0 0 0 
0 0.864787 0.135213 0 0 
0 0 0.969998 0.0300017 0 
0 0 0 0.839085 0.160915 
0 0 0 0 1 
0.736939 0.263061 0 0 0 
0 0.777909 0.222091 0 0 
0 0 0.979034 0.0209661 0 
0 0 0 0.704951 0.295049 
0 0 0 0 1 
0.499999 0.500001 0 0 0 
0 0.883667 0.116333 0 0 
0 0 0.983193 0.0168072 0 
0 0 0 0.76036 0.23964 
0 0 0 0 1 
0.706726 0.293274 0 0 0 
0 0.944072 0.0559285 0 0 
0 0 0.949443 0.0505566 0 
0 0 0 0.779399 0.220601 
0 0 0 0 1 
0.500003 0.499997 0 0 0 
0 0.850491 0.149509 0 0 
0 0 0.975794 0.0242064 0 
0 0 0 0.75 0.25 
0 0 0 0 1 
0.749995 0.250005 0 0 0 
0 0.839472 0.160528 0 0 
0 0 0.962846 0.0371543 0 
0 0 0 0.854651 0.145349 
0 0 0 0 1 
0.818728 0.181272 0 0 0 
0 0.659535 0.340465 0 0 
0 0 0.963634 0.0363663 0 
0 0 0 0.846654 0.153346 
0 0 0 0 1 
0.36079 0.63921 0 0 0 
0 0.862726 0.137274 0 0 
0 0 0.96819 0.0318098 0 
0 0 0 0.630266 0.369734 
0 0 0 0 1 
0.617885 0.382115 0 0 0 
0 0.888524 0.111476 0 0 
0 0 0.958911 0.0410892 0 
0 0 0 0.328468 0.671532 
0 0 0 0 1 
0.396628 0.603372 0 0 0 
0 0.841993 0.158007 0 0 
0 0 0.938697 0.0613028 0 
0 0 0 0.75071 0.24929 
0 0 0 0 1 
