24 24 24 22 24 24 24 24 24 24 24 24 28 24 28 24 24 24 24 24 24 24 24 31 31 32 15 31 31 14 17 31 31 31 14 31 31 31 31 31 31 8 31 31 31 8 8 15 15 15 18 25 18 21 21 16 19 21 24 28 28 28 28 24 28 24 28 24 24 24 28 24 24 24 24 24 24 24 24 24 24 24 24 30 24 
28 28 28 28 28 24 28 28 28 32 24 24 32 32 28 32 24 24 24 32 31 31 32 31 31 31 31 32 31 31 14 31 31 31 31 31 31 8 2 2 31 8 8 8 31 31 15 8 18 18 15 18 18 18 29 19 21 18 32 32 17 32 28 28 28 28 24 24 28 28 24 24 24 24 32 28 32 24 24 28 24 32 32 31 32 
32 32 30 32 28 28 28 32 32 28 28 24 28 28 32 31 32 28 28 32 32 32 28 32 24 32 24 32 32 24 28 32 31 31 31 15 8 8 31 8 17 31 31 8 31 31 8 8 8 31 31 8 8 2 2 2 2 31 31 2 8 2 31 31 2 17 17 17 31 32 31 31 24 32 32 28 28 28 32 24 28 32 24 32 32 
28 28 24 28 32 32 28 32 24 32 24 24 32 28 24 32 32 32 32 32 32 32 32 31 32 24 32 32 31 32 24 32 32 28 32 31 31 31 31 4 8 8 15 31 14 31 31 31 31 31 2 31 31 31 8 2 2 2 31 31 31 31 2 8 8 15 31 24 18 17 21 10 19 28 21 30 28 32 31 28 28 28 28 31 24 
32 28 32 28 24 28 28 28 32 28 28 28 32 32 31 24 24 32 24 28 32 32 32 32 28 32 32 24 32 32 28 24 32 32 32 28 32 31 31 31 31 31 15 31 31 8 8 14 14 31 2 8 8 8 8 31 31 31 8 8 31 31 2 2 2 2 2 2 2 8 15 18 31 14 5 14 14 16 30 32 32 28 28 31 31 
32 32 32 32 31 32 32 32 32 32 32 32 32 28 32 32 32 32 24 32 24 32 24 32 32 31 32 28 28 32 32 30 32 31 32 32 32 31 31 31 8 15 6 8 14 8 8 2 2 31 31 31 31 31 31 31 31 31 31 31 2 31 31 2 15 15 15 2 8 15 17 21 16 16 21 21 28 31 28 28 28 32 24 28 28 
32 32 32 32 32 32 32 32 32 24 28 28 32 28 32 32 24 28 24 28 32 28 24 32 32 24 32 32 28 28 28 31 31 31 31 8 31 8 15 15 14 31 2 31 31 2 31 31 2 8 31 31 2 31 31 31 31 31 2 2 8 31 8 15 18 15 29 5 5 12 16 23 23 24 32 28 24 32 32 28 28 24 28 32 28 
32 31 32 32 32 28 28 28 31 28 32 24 24 28 28 32 32 32 32 32 32 24 24 32 24 32 31 32 32 31 32 32 32 31 31 31 31 31 31 31 31 8 31 31 31 31 31 31 8 31 31 8 2 8 8 2 8 15 8 2 31 31 31 15 15 8 15 21 17 21 17 18 17 14 18 32 28 28 28 28 28 32 28 32 32 
32 32 31 32 28 24 15 32 15 32 10 32 10 10 28 28 32 24 28 28 32 24 24 28 24 24 24 32 32 32 24 24 24 32 24 24 32 24 24 31 32 31 32 32 31 28 31 31 31 31 15 31 10 8 8 31 8 8 31 31 8 15 15 8 8 8 15 2 2 8 31 31 8 2 2 2 2 2 15 18 15 21 19 19 19 
32 10 32 28 28 28 28 28 24 24 24 24 28 24 24 24 24 24 28 24 24 24 28 24 24 24 24 24 24 24 24 24 24 24 24 24 24 24 32 31 31 31 31 31 6 14 14 31 8 8 8 8 8 8 2 8 8 2 8 31 31 8 2 2 31 2 31 31 31 31 31 8 18 14 17 18 18 21 16 19 22 24 22 24 24 
24 28 24 28 24 28 24 24 24 24 28 28 28 28 24 24 24 24 24 24 24 24 24 24 24 24 28 24 24 31 32 31 32 32 31 31 31 15 31 31 31 31 31 3 31 31 8 8 2 2 2 31 31 31 2 2 2 2 2 2 2 3 15 17 25 18 19 20 20 22 22 22 22 24 24 24 24 22 24 24 24 24 24 24 24 
24 24 24 24 24 24 24 24 24 24 24 24 24 28 24 28 24 24 24 31 31 31 32 15 15 15 32 31 31 8 31 31 2 31 2 31 31 31 2 2 31 31 31 2 2 2 2 2 2 2 15 25 18 19 20 18 20 21 22 20 22 28 24 24 28 24 22 24 24 24 24 24 22 28 24 24 24 24 24 24 24 24 24 24 24 
28 24 24 24 24 28 24 28 24 24 24 28 24 24 24 24 28 24 24 24 24 24 24 28 28 32 32 32 32 31 32 14 31 31 31 8 31 31 31 8 2 2 31 31 31 2 2 2 2 2 15 25 31 17 17 17 21 17 21 20 20 28 22 22 24 24 24 22 28 24 24 24 24 24 24 24 24 24 24 24 28 24 24 28 24 
24 24 24 24 24 24 24 24 24 24 24 24 32 32 32 32 32 32 31 31 14 14 14 31 31 31 31 31 31 31 31 31 31 31 31 2 31 18 17 17 18 17 19 19 21 16 20 22 22 20 20 20 22 24 24 24 24 24 24 24 24 24 24 24 24 28 24 24 24 24 24 24 24 24 24 24 24 24 24 24 24 24 24 24 28 
32 28 28 28 28 22 22 24 24 24 28 24 24 24 24 28 24 28 28 24 28 24 24 24 24 28 24 24 24 24 24 24 24 24 28 32 32 32 32 32 31 14 14 14 31 31 31 32 31 31 31 31 31 31 8 8 8 8 31 31 8 15 14 21 21 21 22 20 22 10 20 20 20 22 24 24 24 24 24 24 24 28 24 24 24 
24 24 24 28 24 28 24 28 32 32 24 32 32 28 24 10 24 24 24 22 22 22 22 24 24 24 24 24 24 28 28 24 24 24 28 28 28 24 24 24 24 28 28 24 24 22 24 28 24 24 24 24 24 24 24 24 24 24 24 32 31 32 31 15 17 17 14 31 31 31 31 31 31 31 31 31 31 31 31 31 31 31 31 31 31 
28 28 24 24 24 28 24 24 28 32 28 24 24 28 24 24 28 24 24 28 24 24 24 28 24 24 24 24 24 28 24 24 28 24 24 24 32 32 32 31 32 8 14 21 32 32 31 31 31 31 31 31 31 31 31 2 31 31 31 31 8 8 31 31 31 31 31 2 2 31 18 17 8 18 6 17 19 20 22 22 22 24 28 24 24 
28 28 28 32 32 32 32 32 32 24 22 24 24 24 28 28 28 31 28 24 24 24 32 28 24 24 24 24 24 24 28 24 24 24 24 24 24 24 24 24 24 24 24 24 24 24 24 28 24 24 24 32 32 32 8 14 26 32 32 31 31 31 31 8 31 31 31 31 31 8 31 31 31 31 31 31 31 31 8 8 8 8 2 2 2 
24 28 24 24 28 28 28 24 24 24 28 24 31 32 32 32 32 32 31 28 24 28 24 28 28 24 24 24 24 24 24 24 24 24 24 24 24 24 24 24 24 24 24 24 24 24 24 24 24 24 24 24 24 24 24 24 32 32 32 32 32 31 31 31 8 8 32 8 31 31 31 31 31 31 31 2 31 31 31 2 2 2 31 31 2 
24 31 28 24 24 24 24 24 24 28 28 24 28 28 24 24 24 24 32 24 24 24 24 24 24 24 24 30 24 28 28 24 28 32 31 31 32 32 32 32 14 32 8 8 31 31 8 31 31 31 2 2 15 31 31 31 2 2 2 15 31 2 2 2 2 2 2 2 2 2 2 2 21 18 21 19 16 16 17 20 24 24 28 28 24 
32 24 30 32 32 32 24 32 24 28 24 24 28 28 28 24 22 19 28 31 28 28 17 28 24 24 24 28 24 32 24 24 24 24 24 32 24 24 24 24 24 24 24 30 24 24 24 24 24 31 31 32 32 32 15 31 17 32 14 31 31 31 31 31 31 2 31 31 31 8 2 31 31 31 2 2 2 31 31 31 2 2 31 31 31 
28 24 24 28 31 32 32 32 28 24 24 24 24 24 24 24 24 28 24 24 24 24 24 24 24 24 24 24 24 24 24 24 24 28 24 24 24 24 28 28 24 24 24 24 24 24 24 24 28 28 30 28 28 24 28 24 32 31 32 31 8 14 14 14 14 31 31 8 31 31 31 31 2 8 31 31 2 2 2 31 31 31 2 2 2 
28 30 24 24 24 24 24 24 24 24 24 24 24 28 24 24 28 24 28 24 24 28 24 24 24 24 31 31 32 32 32 31 32 31 32 32 24 24 24 24 24 24 28 24 24 24 24 24 24 24 28 28 24 24 24 24 24 24 24 28 24 24 24 24 28 24 32 24 24 24 31 31 31 31 31 8 18 15 8 2 31 31 31 2 2 
24 24 24 24 24 28 24 24 28 28 24 24 24 28 24 24 32 28 24 24 28 24 31 24 24 24 24 24 24 24 24 24 24 24 24 24 24 32 24 24 24 31 31 31 31 31 15 14 8 14 8 8 8 31 31 8 8 8 8 8 31 31 8 2 8 31 31 2 2 8 31 31 31 2 31 31 31 8 8 2 31 31 8 15 18 
32 31 28 30 24 28 28 28 28 24 24 24 24 24 24 24 28 24 24 24 24 28 24 24 24 28 24 24 24 24 24 22 28 24 28 24 24 24 24 24 24 24 24 28 24 31 24 24 28 24 32 32 32 32 31 8 8 14 8 8 8 8 8 8 31 31 31 8 8 8 31 31 31 31 31 31 31 8 31 31 31 2 2 2 2 
31 31 31 31 15 15 17 28 30 30 28 24 24 28 24 24 24 24 28 24 28 30 32 24 24 24 24 24 24 28 24 24 28 24 32 28 24 32 32 32 32 32 8 8 14 19 31 31 31 31 31 31 31 31 31 31 31 31 31 31 31 31 31 31 31 31 31 31 31 31 2 2 31 18 18 26 17 19 32 14 19 18 20 28 22 
30 28 24 31 31 31 32 32 28 24 24 24 24 24 24 24 32 24 24 24 24 24 28 28 24 31 24 24 24 24 24 24 30 24 24 28 31 32 31 32 32 15 14 14 14 8 8 2 31 31 8 31 31 2 2 31 31 31 2 2 31 31 2 2 31 31 31 8 8 31 31 8 2 2 2 2 8 18 17 14 15 19 24 24 22 
32 32 24 28 24 32 32 24 28 24 28 24 28 24 24 24 24 24 24 32 24 32 24 24 24 24 28 24 24 28 24 24 28 28 24 28 24 24 28 24 32 31 31 31 15 15 8 15 8 4 3 3 8 31 31 2 2 31 31 8 8 2 8 31 31 31 2 31 31 31 15 8 8 31 31 31 25 15 18 26 21 18 19 16 20 
32 31 24 32 28 28 24 24 24 28 24 32 32 24 24 28 24 24 32 24 24 24 24 28 24 28 32 31 24 24 28 24 24 24 24 24 31 31 2 31 8 15 8 8 8 8 8 8 31 31 31 31 31 31 8 8 15 31 31 2 8 2 31 31 31 8 2 31 31 8 31 31 17 18 18 17 17 14 14 14 19 24 28 24 22 
24 24 28 28 24 28 28 28 24 32 24 32 24 24 28 24 24 24 24 31 32 24 24 28 31 32 15 31 31 8 14 8 8 8 2 8 2 31 31 8 8 8 31 31 31 31 8 2 31 31 31 31 2 2 31 31 15 17 18 19 19 19 20 19 30 32 28 24 24 28 24 24 28 28 28 28 28 28 24 24 18 30 19 14 19 
