1.43546 0.23363 1.23588 -0.229147 0.574396 0.0276598 0.334263 -0.460832 0.387981 0.273678 0.329777 0.0298316 
1.86445 0.059272 1.43571 -0.365278 0.820289 -1.01016 0.567627 -0.26355 0.575172 0.330831 0.327294 0.0873295 
1.87225 0.0795179 1.37537 -0.18377 0.906484 -0.415489 1.26466 -0.248268 0.559707 0.365509 0.124938 0.0528555 
1.71907 0.388018 1.73633 -0.239421 0.875687 0.104102 1.12124 -0.558365 0.201862 0.337552 0.350534 0.0194727 
1.65208 0.988737 1.13699 -0.323972 1.42177 -0.101811 0.605114 0.203745 0.416822 0.0873651 0.206869 0.00452326 
1.38634 -0.0823169 1.40416 0.267683 0.802843 0.261603 1.34956 -0.258011 0.372649 -0.459185 0.0933421 0.0680401 
1.65168 0.301288 1.13202 -0.278771 0.645203 -0.510255 0.0203228 -0.280618 0.693824 -0.0635524 -0.117544 0.0497737 
2.06804 0.472771 1.41068 0.019031 0.301199 -0.806189 -0.00868391 -0.528194 0.119148 0.148646 -0.0744624 0.0574606 
1.84492 0.534875 1.80768 -0.917792 1.09353 -0.102086 0.699595 -0.512375 -0.0647314 -0.156695 -0.0426394 -0.00153725 
1.76423 0.387073 1.32672 -1.15464 0.415582 -0.376398 0.517802 -0.609743 -0.25742 -0.13012 0.210749 0.00412941 
1.81755 0.194706 0.768974 -0.683855 0.754855 -0.0537577 -0.445325 0.443165 0.352099 0.574487 -0.205293 -0.0509562 
0.270124 -0.665808 -1.2239 -2.52946 -2.03338 -2.09057 -1.28008 0.0707154 -0.399919 1.87938 0.153964 -0.292198 
0.0588685 -1.60414 -1.60876 -2.4675 -1.18346 -0.914194 -0.751645 -0.674722 -0.0385876 1.40174 -0.0614411 -0.0669605 
-0.86127 -1.22432 -1.23815 -2.46708 -0.700419 -1.61978 -0.717397 -0.702279 -0.0740358 1.2896 -0.24815 -0.107038 
-0.7065 -0.675863 -0.526431 -2.52569 -0.433205 -1.63545 -0.0907347 -1.11675 0.319114 1.11447 -0.228303 0.00431828 
-0.135377 -0.329903 -0.391618 -1.4755 -0.625764 -1.11952 0.0462284 -0.563091 0.225077 1.44275 -0.400138 -0.118672 
-0.323055 -0.687575 0.330908 -2.15246 0.0499795 -1.8 -1.00916 -0.729693 -0.128701 0.909335 -0.313517 -0.0249125 
0.0991747 1.15256 0.022594 -2.25563 0.822454 -0.691123 -0.571541 0.114715 -0.394677 1.11691 0.0513954 -0.0898848 
-1.05026 0.355978 -0.231383 -1.70218 0.205533 -0.871706 -0.0504661 0.269571 0.15789 0.82589 0.00262554 -0.109875 
-0.760214 -0.093306 -0.0845537 -1.8817 -0.104082 -0.947344 0.325277 -0.637228 0.266658 1.30006 -0.238969 -0.115073 
-1.04817 -0.53683 -0.974379 -2.00823 -0.040027 -0.684155 -0.584288 -0.596265 0.0849138 1.13756 -0.219216 -0.112346 
-0.847466 -0.926296 -0.386908 -2.73683 -0.203289 -0.604238 -0.934129 -0.0135095 -0.0437714 0.960085 -0.160151 -0.0894934 
-0.835546 -0.696465 -0.153152 -1.55913 0.325567 -0.570337 -0.223126 -0.0720676 0.517199 1.14765 -0.392378 -0.0711848 
0.500625 -0.0601385 0.48405 -2.07964 0.179262 -0.642364 -0.113067 0.235196 0.225385 0.801804 -0.42642 -0.126418 
2.55324 1.28643 2.3571 0.647609 2.39083 0.0675043 0.864247 0.820474 0.800425 0.732037 0.128069 0.0313552 
3.91154 2.59902 2.33704 2.88444 2.2677 -0.0971746 -0.733695 0.192462 0.347098 -0.151086 -0.0845357 -0.0208987 
4.33751 2.26167 2.31452 3.65375 2.08643 -1.19761 -1.40101 0.0377871 0.115148 -0.417591 -0.140879 0.0339838 
6.7194 0.977982 1.66199 4.44038 2.65083 -1.70872 -2.26563 0.0469162 -0.0270619 -0.397621 -0.193979 0.0626605 
4.32119 2.04318 1.85791 2.84605 1.45575 -1.1014 -1.47995 -0.00456506 0.0744413 -0.230923 0.00192653 0.0668205 
3.90904 1.9523 1.64506 2.48801 1.24226 -1.46553 -1.50187 0.0583987 0.225551 -0.319422 0.118909 0.121575 
4.29155 1.9709 1.31832 2.29943 1.73961 -1.46584 -1.73167 0.250053 0.15108 -0.388464 0.0340532 0.10178 
5.02435 1.94918 1.38779 2.52461 1.84426 -1.31552 -1.27244 0.210867 0.0968258 -0.454104 0.064417 0.152731 
5.00759 2.25323 1.6074 2.55592 2.23334 -2.17711 -1.1289 0.200756 0.169858 -0.311078 0.0121814 0.173729 
5.84419 1.89443 0.726013 2.32482 2.87734 -2.44591 -0.456009 -0.166419 0.281286 0.137074 0.00853674 0.185888 
5.07147 2.3847 1.54794 1.6697 2.11596 -1.91772 -0.451912 0.714981 0.355082 0.217925 0.0833906 0.146688 
4.67986 2.75678 1.53183 1.9484 1.58895 -1.87931 -0.443638 0.184632 0.642965 0.00132363 0.0354008 0.100228 
4.88234 2.80625 0.954001 1.34378 2.05558 -2.31537 -0.256781 0.322607 0.636545 0.474541 0.0382668 0.129638 
4.61842 2.56222 0.644796 0.566898 2.23038 -1.73674 -0.250513 1.12136 1.10813 0.460363 0.135159 0.0991834 
5.20289 2.4993 0.596882 0.109571 2.49002 -2.55571 0.356114 1.70256 1.56638 0.865234 -0.06762 0.115166 
6.0236 2.3077 0.482206 0.0435473 2.09209 -1.21809 -0.21688 3.29641 1.23485 0.69189 -0.178186 -0.079137 
5.48564 1.73107 0.0713003 0.537472 1.89485 -0.137016 0.747472 3.05439 1.3457 0.471476 -0.19283 -0.0666747 
5.60411 0.904136 -1.36782 1.61397 2.68885 0.516506 1.51861 2.59087 1.24524 0.0878101 -0.389324 -0.0360932 
3.49761 0.753165 0.0622682 1.70751 2.17715 1.60954 1.56217 1.78196 0.858532 -0.0294247 -0.216283 -0.0101807 
3.5331 0.881674 0.177008 2.16717 3.05972 2.07307 1.2596 1.1079 0.356076 -0.0480555 -0.0308589 0.0611601 
3.54879 1.33131 0.732186 2.42506 3.37739 2.34624 0.967843 0.313983 0.277585 0.438358 0.204194 0.0416036 
3.24657 1.42945 0.727935 2.07976 3.01864 2.03601 0.629184 0.232964 0.369183 0.343201 0.183525 0.0135656 
3.14139 1.40386 0.883935 2.12136 2.86075 1.93635 0.817296 0.494383 0.424451 0.252576 0.133869 0.017956 
3.51539 1.14121 0.382101 2.41197 3.68787 2.45795 0.952635 0.492311 0.365197 0.278378 0.218734 0.0556144 
4.61081 0.400067 -0.412889 3.70299 5.17183 2.56908 0.915765 0.570591 0.059555 0.380819 0.280849 0.130551 
5.79803 -0.0804664 -0.715348 4.5289 5.41417 2.66651 1.61143 0.820095 -0.129157 0.285685 0.390768 0.142914 
4.72312 0.28926 -0.0701421 4.02138 5.13165 2.86972 1.38569 0.619886 -0.0174237 0.406555 0.214577 0.101324 
4.58375 0.00619664 -0.386025 4.12584 5.08779 2.66714 1.09592 0.4014 -0.0315332 0.500826 0.337707 0.1095 
5.25205 -0.108972 -0.590327 4.43211 5.17707 2.76938 1.46299 0.600119 -0.0831463 0.325812 0.326445 0.127618 
3.78482 0.79665 -0.0969153 2.5625 4.30647 2.93759 0.906488 0.0701956 0.0565567 0.304656 0.33718 0.0912619 
3.11275 1.04791 0.409031 1.96956 3.07441 2.35702 1.00645 0.140654 -0.0611546 0.144986 0.339876 0.0644516 
3.28632 0.97148 0.489587 2.44698 3.25098 2.0304 0.866778 0.415684 0.265008 0.238381 0.276786 0.0584021 
3.23604 1.2834 0.851371 2.41177 3.18734 2.4236 1.58114 0.769551 -0.0694733 -0.155516 0.254421 0.120278 
3.58808 1.7307 0.940854 1.98152 2.71696 2.20752 1.38503 0.880085 0.422905 0.0371679 0.0316745 0.0408709 
4.39605 1.86738 0.720108 2.05911 2.42497 1.72198 1.96673 1.97187 0.923076 -0.0860402 -0.251511 -0.00863759 
4.27991 1.79863 0.995339 2.32404 2.19966 1.13051 1.74616 2.46822 1.35838 0.0296102 -0.300476 -0.0132616 
3.62231 2.65459 1.79868 1.61619 1.78457 1.75432 1.66656 1.60442 1.19071 0.485404 0.0151663 0.0240352 
2.86477 2.41954 2.34478 2.22595 2.09121 1.88425 1.52056 1.08731 0.787189 0.533746 0.336512 0.0782353 
2.70957 2.2311 1.99875 1.86877 1.63512 1.43216 1.21787 0.89451 0.669955 0.477754 0.264318 0.0477706 
2.81523 2.42891 2.2505 2.09152 2.04648 1.79577 1.6329 1.04213 0.953468 0.519927 0.356825 0.086282 
2.75169 2.53929 3.20229 1.60439 2.50083 2.49257 1.90564 1.14462 0.826685 0.445414 0.264595 0.104676 
2.35435 2.51217 3.407 1.55794 2.44974 1.88666 2.75031 1.11867 0.753702 0.104467 0.569856 0.0835523 
2.13271 1.47705 2.99204 0.552041 2.52287 1.33732 2.51856 1.09392 0.58159 0.568415 0.323642 0.0797948 
2.24269 1.5517 2.49685 1.45252 1.17015 2.23661 1.49576 1.16825 0.892628 0.151554 0.505521 0.049107 
2.02924 2.10811 2.47404 0.750527 2.11074 1.00528 0.995815 0.283537 0.516114 0.642219 0.331875 0.029907 
1.95874 1.40606 1.91852 0.178208 0.428513 0.655265 1.17527 -0.0622189 0.329551 0.303019 0.303107 0.0429443 
1.68068 1.01752 1.80701 -0.491394 0.886615 -0.224255 0.164179 -0.029951 -0.175393 -0.000388401 0.265873 0.107747 
1.31407 0.869021 2.32048 -0.167539 0.343743 -0.559402 0.777241 -1.16812 -0.0886654 0.284181 0.0145203 0.0599322 
-2.44484 3.34106 1.80315 -2.26852 3.61201 -1.88105 1.06004 0.282111 -0.708342 0.514538 -0.0867138 0.013403 
-1.45229 2.18422 2.04133 -1.65261 3.44633 -0.874973 1.03987 0.266569 -0.13949 0.435128 0.10872 0.00444059 
0.846482 1.38792 1.45646 0.712466 1.24506 -0.000681558 1.74991 -0.593531 0.731612 -0.197502 0.397478 0.018352 
-0.201891 1.93292 1.55045 -1.39947 3.32816 -2.2806 2.01216 -0.360239 -0.264518 0.719937 -0.107932 0.0860719 
-1.64602 2.50444 2.66881 -2.6726 4.08273 -2.58791 1.2255 1.03105 -0.981634 0.768485 -0.287392 0.0130825 
0.449985 1.13612 1.7629 -1.62941 3.46454 -1.67032 0.889627 0.729847 -0.246204 0.883508 -0.119399 0.00734347 
1.19803 0.164915 1.80871 -0.299068 1.12005 -0.617275 1.20884 0.226561 0.223921 0.399329 0.0454743 -0.0236545 
1.63271 0.279282 1.12167 -0.367435 0.0781819 -0.23434 0.896862 0.434074 0.234866 -0.331796 0.219987 0.0486915 
1.58827 -0.102931 1.45723 0.0886157 0.356196 0.571741 0.532781 -0.573573 0.0196708 0.0501639 0.190999 0.0523818 
1.52667 -0.0260276 1.06907 0.252231 1.19345 0.0549818 1.15896 -0.0799309 -0.222235 0.00688745 -0.0917718 0.106059 
1.69519 0.365846 2.11121 -0.250083 0.303614 -0.164041 0.662519 0.174084 0.730764 0.183933 0.346808 0.0451168 
1.3417 0.675967 1.47952 0.13861 0.153193 0.243628 0.905818 0.711116 0.545912 0.184253 0.48928 -0.000291586 
1.73752 0.126148 1.1504 0.230466 0.669259 0.290115 0.751024 -0.578558 0.598535 0.254732 0.12498 0.00546187 
