1.7841 -0.0827319 1.10939 -0.122782 -0.0396952 -0.688611 -0.134977 -0.953144 0.396142 -0.0989512 0.175501 0.0337785 
2.03443 -0.0990286 1.03902 -0.190187 0.775479 -0.614897 0.347766 -0.593982 0.45771 0.420046 0.0457917 0.0368622 
1.89041 -0.409215 1.35239 0.187019 1.03427 -0.657772 0.708956 -0.694087 0.419774 0.369165 -0.0217017 0.0384775 
1.93487 0.29559 1.41462 -0.330337 0.070948 -0.568862 0.971209 -0.149374 0.75597 0.544713 0.183195 0.0280138 
-1.22794 3.46596 -0.374172 -1.00595 3.59475 -3.36559 2.5286 -1.10188 0.693457 0.342862 -0.224272 0.109489 
1.18188 0.707533 0.596894 -1.38198 1.55885 -1.77195 1.84733 -0.683039 0.672065 0.370541 -0.0429422 0.100239 
1.81111 0.378307 1.70304 -1.01728 0.929603 -1.87602 1.15643 -0.865601 0.60572 0.534986 0.0710421 0.0464657 
2.28169 0.429672 1.364 -0.0370898 0.289913 -0.0520068 0.73455 -0.557106 0.146209 0.0670411 0.193055 -0.011852 
2.18544 0.0850968 1.22639 -0.183554 0.289106 -0.00852445 0.530162 -0.188198 0.529728 0.203874 0.142693 0.00984842 
1.92466 0.0358954 1.58325 -0.720654 0.0382576 -0.58552 0.701393 -0.445999 -0.0626826 -0.236843 0.0973606 0.00121854 
2.38333 0.0414024 0.782301 -0.249742 0.190208 -0.249229 1.4977 -0.55262 0.0159826 0.0576029 -0.0458193 0.0158333 
2.15489 0.455247 1.16683 -0.690605 0.45262 -0.159476 0.972605 0.285922 0.385802 0.337706 0.153299 -0.00686448 
2.03977 0.228354 1.56368 -0.966763 0.720961 -0.283698 -0.145946 -0.193475 0.217217 0.682183 0.425442 0.00784178 
2.10864 0.485636 0.863973 -0.704073 0.870055 -0.441018 0.527737 -0.216343 0.434292 -0.23241 0.206786 0.0287841 
1.69899 0.449131 0.947739 -0.00850774 0.714954 -0.393102 1.30836 -0.480889 0.254654 0.317857 0.088824 -0.0080167 
1.63 -0.129283 1.19398 -0.0861569 0.862372 0.0551182 1.0879 -0.268501 -0.30434 -0.342454 0.103165 -0.0334413 
1.68351 -0.210856 1.32016 -0.522433 1.66377 0.149071 0.759397 -0.472652 0.0857048 -0.143567 -0.0511043 0.0371568 
1.62996 0.336476 1.19066 -0.356931 0.775128 -0.370268 0.606582 -0.294022 0.156151 -0.183815 0.169272 -0.0471012 
1.47435 0.0810489 1.48222 -0.845138 0.768005 0.211174 0.726016 -0.403757 -0.327743 -0.122815 0.0414288 -0.0466985 
1.55195 0.549922 0.724096 0.0712974 0.353874 0.0862082 1.02195 -0.629701 -0.154006 0.107935 0.0909051 -0.00218971 
2.90939 -0.209743 -0.832726 -2.31836 -0.720971 -1.50909 -0.30726 -0.123024 0.857389 1.31293 -0.11529 -0.0642649 
2.34601 -0.903797 -1.29034 -3.86743 -1.19285 -1.10412 -0.711727 -0.408748 -0.390439 2.08042 0.0957863 -0.0854643 
1.46527 -1.07797 -0.863502 -2.73434 -1.31516 -1.16984 -0.580542 -0.286014 -0.0287123 1.45594 -0.335273 -0.0983426 
0.357493 -0.243836 -0.565448 -1.82601 -1.69114 -1.8802 -0.202635 -0.845464 -0.529599 1.11526 -0.077837 -0.0982214 
-0.140852 -0.721702 -1.03078 -2.73709 -1.68902 -1.19968 -1.09911 -0.474472 -0.121624 1.1674 0.102339 -0.155577 
-0.790171 -1.20694 -1.32086 -2.49105 0.11772 -1.20808 -0.754047 0.0664129 -0.493305 1.39108 0.154427 -0.100213 
-1.4056 -1.20091 -0.73622 -2.59885 -1.79493 -1.15268 -0.372385 -0.326567 0.266907 1.13725 -0.299491 -0.0840947 
0.00367495 0.627775 0.996994 -0.64526 0.221671 -0.252688 0.347234 -0.00120269 -0.297421 1.50885 0.0849564 -0.071083 
-1.90352 -1.85936 1.55315 -1.89125 -0.503381 -0.502426 0.621706 0.0445374 0.057614 1.65563 -0.132756 -0.0827636 
-1.16157 -1.61095 -0.370251 -2.39939 0.390037 -1.31317e-005 0.666717 -0.453054 -0.39683 1.3805 -0.120167 -0.140673 
-0.28316 -0.146227 0.65689 -1.94835 0.421319 0.423826 0.438392 0.456666 -0.0232918 1.39368 -0.115575 -0.185657 
1.33316 0.490369 2.2698 -0.718878 2.58146 1.07531 1.7205 0.870116 0.510794 1.76572 0.0496013 -0.141614 
4.57924 2.49011 2.15687 2.86137 2.87193 0.0362321 -1.00236 -0.645301 0.16282 0.0382075 -0.0912962 -0.0592379 
4.54474 2.49455 2.02954 3.33349 2.84024 -0.904426 -1.53969 -0.603677 0.103388 -0.0580747 -0.238279 -0.060712 
6.40506 1.54248 1.40207 3.17665 3.77672 -2.27993 -0.43504 -1.52148 -0.0437966 0.100873 -0.193063 0.0593188 
3.78609 2.02835 1.01729 1.325 1.34197 -0.272728 -1.00599 -0.613796 -0.223171 -0.12325 -0.101375 0.00458935 
3.69171 2.10914 0.852101 1.31922 1.33141 -0.32324 -1.4019 -0.695833 0.274256 0.129155 -0.0177016 0.015081 
4.22864 1.94747 0.987842 2.08543 1.5963 -0.818011 -1.8378 -0.647844 0.220349 -0.0467068 0.0302448 0.0418746 
6.81757 0.868729 0.570084 3.68453 2.25259 -1.58228 -1.97045 -1.08097 0.411567 0.071628 -0.130428 0.0119956 
5.80791 1.41285 0.664291 2.77466 2.28939 -0.768802 -2.28932 -0.830448 0.308497 -0.00432994 -0.0949635 0.0252219 
4.66518 1.93092 1.29242 2.58724 1.84396 -1.09728 -2.29793 -0.569282 0.641471 0.00418299 -0.0247878 0.0466585 
6.04889 1.75597 0.64415 2.37815 2.5801 -0.852179 -2.52156 -0.258862 0.528041 0.0252063 -0.116366 0.0519546 
6.17455 1.53542 0.6599 1.48472 4.06196 -1.80075 -1.68856 -0.0397318 0.411475 0.390262 -0.105479 0.134659 
6.07859 1.38762 0.896571 0.594069 4.03721 -2.4727 -1.10561 0.06777 0.46341 0.685922 -0.201964 0.179334 
5.72035 1.7437 1.50958 0.436618 2.85822 -2.53527 -1.44725 1.09792 0.911931 0.44682 -0.0694039 0.143286 
5.50725 1.79489 0.620784 0.162551 2.8582 -2.56428 -0.596522 1.62483 1.17902 0.879479 -0.0652956 0.118572 
5.32094 1.90929 0.330677 0.191948 2.67992 -1.60632 -0.000286097 2.01268 1.31679 0.908681 -0.0641476 0.0203171 
5.55567 1.71246 0.0134647 0.720215 2.7719 -0.949256 0.444924 2.12307 0.819496 0.882542 -0.238181 -0.0838461 
4.85719 1.43552 -0.351 0.365651 3.47362 0.35368 0.782881 2.41133 0.532632 0.686856 -0.244031 -0.0785043 
4.52181 0.905979 -0.440827 1.90196 3.81978 1.36625 0.917952 0.871035 0.184903 0.361413 0.0747597 0.037648 
5.00876 0.367343 -0.407746 2.8017 4.97425 1.2974 1.40122 -0.290891 0.578632 0.474433 0.230231 0.0747735 
4.32238 0.450803 -0.499345 3.7416 5.01745 1.49235 0.610322 0.0316543 0.638082 0.449244 0.269293 0.0584396 
5.131 -0.0438594 -1.03738 4.1328 6.89437 0.435288 1.28134 0.232846 0.566124 0.598054 0.0324969 0.129759 
4.12866 -0.207052 -0.520265 4.03777 6.3091 0.981315 1.72671 0.285281 0.00697935 0.555615 0.136893 0.161663 
4.06174 0.435333 0.0113289 3.06452 5.78846 1.68803 1.68653 0.7649 -0.263954 0.379861 0.0236524 0.150766 
5.60576 0.833952 -1.82556 2.60829 6.88749 1.14968 2.22217 1.29978 -0.0424551 0.295007 -0.42032 0.212453 
5.67237 1.2298 -0.707174 2.37803 4.66043 0.7048 2.09075 2.34955 0.550919 0.299906 -0.460351 -0.00791534 
3.52687 2.55777 1.85897 1.82017 1.83817 1.53034 1.40205 1.37695 0.942422 0.238098 -0.0896777 -0.0049901 
2.83776 2.02375 1.71115 1.81401 1.89061 1.72628 1.3457 0.886193 0.390638 0.202292 0.242089 0.0424865 
2.93793 2.32703 1.80536 1.59657 1.83079 1.95491 1.58591 0.998597 0.563814 0.311344 0.225193 0.0559577 
2.74493 2.26683 2.05229 1.896 1.68751 1.41204 1.12685 0.859946 0.640478 0.431554 0.247113 0.0470984 
2.75783 2.29798 2.09521 1.89229 1.69773 1.44947 1.20241 0.926081 0.673755 0.426398 0.246177 0.0506609 
3.25598 2.69426 2.07088 1.74729 2.27044 2.53136 2.15542 1.77037 0.872834 0.239257 0.119748 0.0850829 
2.70422 2.1719 2.01246 1.37622 1.86704 1.52243 1.43701 1.05955 0.800761 0.36014 0.261579 0.0498714 
0.236837 3.93938 1.97611 0.681807 2.9458 1.01739 1.34322 1.48256 0.00846967 1.11654 0.122782 0.0253217 
-1.39728 1.91956 2.53045 2.84794 4.0687 2.29538 1.39967 0.339899 -0.455611 2.08032 0.218373 -0.0806258 
0.938515 3.31143 1.36587 2.47414 1.35468 1.39087 1.78906 1.43306 0.254772 0.765375 0.460055 -0.00558819 
1.84281 1.98201 2.8658 1.09053 1.89305 0.319519 2.3469 0.881201 0.394394 1.18487 -0.11704 0.0750794 
1.76746 2.31996 1.79471 1.38883 0.881036 0.639832 1.59799 0.540322 1.39175 0.634344 0.363507 0.0137205 
1.22148 1.18431 1.98401 0.454925 0.417685 1.35729 1.15777 -0.00235338 1.46254 0.483819 0.318458 -0.0435661 
1.27249 0.563985 2.41268 0.326325 1.22828 0.303705 1.5198 0.103589 0.568071 -0.0661213 0.184086 0.0991337 
1.16097 0.75227 1.97195 0.621986 0.478079 -0.211331 0.883243 -0.806548 0.423491 -0.0950067 0.169469 0.0838599 
1.11662 0.503115 1.77473 0.793192 0.215011 0.770615 1.05958 -0.14272 0.427017 0.199107 0.261529 -0.0223215 
1.18667 0.50507 2.34328 1.0253 -0.187326 -0.231186 0.893803 0.61915 0.905561 0.374734 0.511359 -0.0571362 
1.30985 0.64884 1.81539 0.181783 0.289209 -0.846979 0.361367 -0.48166 0.263459 0.136078 0.234591 -0.0206614 
1.45567 0.609633 1.475 -0.406813 0.194216 0.209744 1.18852 -0.189403 0.288405 -0.41024 0.0993121 0.0845159 
1.28468 0.843274 1.82888 -0.236179 0.784926 -0.460979 1.00733 -0.0161135 0.461475 -0.0413635 0.264598 0.0231611 
1.53372 0.0384172 2.07963 -0.0217336 0.849837 0.378036 0.953338 0.240564 -0.201247 0.226341 0.334735 0.0136977 
1.16028 0.123487 1.71931 0.338293 -0.0820155 -0.0505978 1.36026 0.265777 -0.30047 0.317845 0.362196 -0.084194 
1.37802 -0.21845 1.17131 0.0406344 -0.444513 -0.44368 1.73974 0.414336 -0.175525 0.140626 0.582911 0.00626369 
1.78416 -0.00410682 1.82342 0.296769 -0.0806703 -0.963834 1.68759 0.0440572 -0.20093 0.0241189 0.45642 -0.0362903 
1.15911 -0.267288 1.09617 0.60761 -0.721616 -0.759279 1.28662 -0.192596 -0.533764 0.0756004 0.373671 -0.104215 
1.58266 -0.433381 1.32144 0.394241 -0.699784 -0.230393 2.43026 0.500253 -0.245781 0.000508318 0.482849 -0.0872769 
1.62869 0.103215 1.52821 0.853624 0.660218 -0.0562259 2.16393 0.0969723 0.538473 0.361271 -0.0573348 -0.17933 
1.02977 0.271132 1.06326 0.203605 0.168479 0.0650234 1.83713 0.0603555 0.260881 -0.0519824 0.315406 -0.102342 
