3.43971 1.62452 1.51404 1.12183 0.872017 -1.82451 0.196431 1.17613 2.12604 0.62536 -0.0369268 0.0154696 
-0.0503292 2.94561 0.426664 1.92416 0.0361128 -1.0862 1.7703 -0.421407 1.43246 0.606016 -0.029271 0.158946 
1.66151 0.538711 2.04097 -0.151898 0.165461 -1.21541 0.913949 -0.601157 0.821733 0.420499 0.274075 0.04329 
1.93991 0.451737 2.06696 -0.256293 0.504147 -0.00109162 0.795574 -0.709261 0.510739 0.204647 0.116442 0.0883692 
1.4949 0.541526 1.22194 -0.229279 0.95849 0.110421 0.05761 -0.23841 0.119847 0.099347 0.271209 0.0380731 
-0.729422 2.97576 -0.547696 1.13846 -0.502365 0.051777 0.706596 0.654285 -0.227313 0.300903 0.270982 -0.135735 
1.93187 0.612713 1.76578 -0.23686 1.01566 -0.496092 0.876683 -0.298734 0.252055 0.0805417 0.206738 0.0293772 
2.06706 0.493713 2.06712 -0.627488 0.54059 0.0394798 0.42847 -0.694001 0.19514 0.085527 -0.110385 -0.050088 
-2.72504 1.68805 1.06777 0.825314 1.08966 -3.05762 2.55578 -2.00464 0.24933 1.26648 0.0945806 -0.0245248 
-1.07322 2.07677 0.135161 0.254043 -0.24622 -1.59317 2.21347 -1.3409 -0.178897 1.12333 0.329033 -0.0637011 
1.50542 1.11792 1.47572 -1.29036 -0.161989 -0.970063 0.104883 -0.580439 0.302671 1.38318 0.163727 0.0449052 
1.32956 0.826681 1.1204 0.0276669 -0.3722 0.704447 -0.0151817 -0.362764 0.133181 0.764412 0.130501 0.0248286 
1.67358 0.650676 1.1062 0.524791 0.0888893 -0.265767 -0.0849251 -0.18824 0.0354745 0.0745103 0.122152 0.0112118 
1.92558 0.345314 1.01778 0.022514 0.681184 0.445842 0.278731 0.101415 -0.140461 -0.00350492 0.175436 -0.00333637 
2.06586 0.30513 1.67829 -0.161459 0.965373 -0.11748 0.507865 -0.2615 0.132541 0.362425 0.259284 -0.00533855 
1.81042 0.0731609 1.37876 0.0311938 0.634262 -0.572074 0.63161 -0.527467 0.609833 -0.175763 0.124807 0.0338419 
1.80041 -0.034586 1.18505 -0.663515 0.56044 0.185784 0.728138 0.0446491 0.15501 0.156435 0.539957 0.0677414 
1.82769 0.682325 1.71831 0.174638 0.582396 -0.414368 0.752191 -0.299942 0.356825 -0.0513427 0.181429 0.0573313 
0.231555 2.43553 -0.168141 1.86577 0.175505 0.391365 1.231 -0.74733 0.519734 -0.100829 0.364684 -0.0709541 
-2.0872 4.6444 -1.97234 2.92775 -0.465709 -0.257175 0.994765 -0.543626 1.55346 0.0919534 0.442054 -0.0422775 
-0.271644 -0.957413 0.179112 -1.47671 -0.929672 -0.211201 -0.344758 -1.16696 0.485194 1.42783 -0.215992 -0.114759 
-0.24011 -1.00569 -0.947591 -2.83733 -0.150234 -0.870086 0.0621621 -0.410833 0.261602 1.47785 -0.156527 -0.162858 
-0.361276 -0.758036 -0.91785 -3.01989 -0.994561 -1.77699 -0.847636 -1.37543 0.331329 1.34103 -0.0609963 -0.101636 
-0.00457747 -1.11642 -1.38737 -2.51669 -0.67999 -2.20396 -0.281602 -0.829116 0.567961 0.976517 -0.232497 -0.00991243 
-0.847344 -1.1259 -0.66762 -1.99629 -0.661662 -1.56396 -0.343348 -0.936219 0.520541 1.12209 -0.400882 -0.0267256 
-1.10449 -1.84509 -1.26383 -3.97987 -0.678694 -1.30186 -0.413201 -0.430303 0.490654 1.41858 -0.373798 -0.043099 
-0.6002 -1.28191 -1.79509 -3.38304 -1.01425 -0.533714 0.290532 -0.808934 0.624086 1.27033 -0.167135 -0.0488662 
-0.620399 -1.7409 -1.01337 -3.78395 -1.31049 -1.36887 -0.443789 -0.561089 0.683265 1.08238 -0.224884 -0.0425192 
0.825987 0.0719995 0.293549 -1.89828 -0.339612 -1.60169 -0.805846 -0.622639 0.147706 1.02153 -0.0231023 -0.0345008 
2.68195 1.24437 1.18941 0.00356284 1.20311 -0.316158 0.828232 0.0202366 0.358452 0.824525 -0.321021 0.0109985 
3.29773 2.72365 2.33164 1.78979 0.94848 0.563613 0.298866 -0.250247 -0.413949 -0.134991 0.102333 -0.0122057 
3.78601 2.66719 2.43816 2.56133 1.23409 -0.19148 -0.335353 0.00575461 0.00352899 -0.253231 -0.0976452 -0.0127581 
5.44497 2.25407 2.07721 3.54677 1.81397 -1.43149 -0.789206 -0.308855 0.181972 -0.404907 -0.161063 0.0355698 
4.92954 2.03344 2.0385 2.48995 1.45247 -1.15565 -1.16508 -0.523386 -0.234159 -0.163275 -0.0219614 0.0338556 
5.2387 1.57667 2.06147 2.98801 1.72075 -2.55038 -0.565712 -0.743168 0.245371 -0.350651 -0.131637 0.11845 
5.67079 1.403 2.44042 2.33534 2.04025 -3.20789 -0.252856 -0.712763 0.118463 -0.134229 -0.228841 0.19623 
5.19893 1.4141 1.72387 2.79308 1.94842 -2.42428 -1.36985 -0.414618 0.305296 -0.269148 -0.072234 0.144834 
4.20811 1.59347 1.35464 3.12324 2.32619 -2.94686 -1.46197 -0.407399 0.350837 -0.234102 -0.103286 0.109329 
4.14576 1.63001 1.42508 2.20176 2.06525 -2.20201 -1.63051 -0.102207 0.459688 -0.102251 0.0510231 0.124532 
5.65001 1.0435 1.38554 1.45564 3.73215 -3.25417 -0.540248 -0.229501 0.0823463 0.318364 -0.257622 0.267383 
4.66443 1.94476 0.91193 1.82679 3.02903 -3.02867 -0.447306 -0.349094 0.646601 0.205466 -0.0613334 0.203273 
4.29861 1.97015 0.958857 1.49594 1.97482 -2.88918 -0.627119 -0.073385 0.936973 0.340967 0.0228105 0.145906 
4.14089 2.19466 1.13815 0.93687 0.659214 -1.36895 -0.480819 0.67945 0.663763 0.429285 0.212212 0.0842203 
4.17924 2.26589 0.694462 0.668907 1.05741 -1.55463 -0.121684 0.46198 1.33153 0.635156 -0.0213985 0.00491229 
4.6163 2.07331 0.406014 0.284097 1.50716 -1.74306 0.474665 1.21822 1.57113 0.711083 0.0130051 0.0240058 
4.05082 2.13677 0.227824 0.719311 0.997866 -0.257992 0.672627 2.02475 1.7853 0.331827 -0.11867 -0.0716603 
3.42462 1.45822 0.542535 0.617924 0.98508 0.57657 1.37216 2.00273 1.45941 0.111313 -0.222039 -0.0738535 
4.27662 1.56835 -0.0495182 1.20928 1.95062 0.755513 1.44002 1.7903 1.24478 -0.0759531 -0.504805 -0.122424 
4.36601 1.20991 -0.270509 1.46878 2.60694 1.13691 1.83422 1.76103 1.1354 -0.11573 -0.391907 -0.0630688 
4.73793 0.818115 -0.935919 1.68222 4.0607 1.05877 1.79993 1.37871 0.607963 0.10439 -0.192862 0.0475954 
3.99061 1.45977 0.432534 1.88934 3.07273 2.28862 1.15564 0.776083 0.171733 0.00172502 0.081109 0.0511128 
3.75735 1.3314 0.428593 2.10385 3.29626 2.2033 1.28119 0.759259 0.249731 -0.051816 0.114487 0.0711247 
4.12076 0.724964 -0.109796 3.1685 4.37302 2.63929 1.09946 0.667322 0.232972 0.0425244 0.112773 0.112702 
5.01058 0.0356533 -0.936127 3.85166 5.02141 1.67092 1.15298 0.644084 0.345391 0.201209 0.144649 0.106095 
4.67398 -0.113745 -0.557391 4.44378 5.82193 1.63517 1.40513 0.453723 0.401999 0.239929 0.134714 0.132895 
5.05934 -0.931187 -0.570326 4.29522 5.65624 1.37734 1.39729 0.73151 0.343552 0.117386 0.11654 0.147009 
5.32597 -0.767154 -0.643223 4.63984 6.91382 0.451167 1.64573 0.848466 0.415946 0.039913 -0.161768 0.178559 
4.72074 -0.657735 -0.706347 4.09328 5.37027 0.756984 1.43406 0.800292 0.47808 -0.09866 -0.0988419 0.127678 
3.83112 -0.0434359 -0.39423 3.21837 4.38956 1.66001 1.45323 0.822323 0.278865 -0.0526837 -0.0475085 0.105166 
3.84532 -0.00151882 -0.770622 2.22355 4.83525 1.16276 1.34893 1.43962 0.288773 0.0435823 -0.100561 0.118728 
4.37585 -0.323605 -0.932412 2.11723 5.24617 0.833441 2.50423 0.969302 0.220411 0.204289 -0.0858016 0.161147 
4.67812 -0.136838 -1.33207 1.9317 5.6831 0.325969 2.66109 1.23579 0.249673 0.157807 -0.301751 0.19722 
5.18668 -0.291693 -0.424716 1.39713 4.68074 0.358915 2.93963 1.46556 0.509028 0.123191 -0.469658 0.0707965 
3.67296 1.79316 0.441636 1.06372 1.98944 1.51677 1.94624 1.64386 0.77698 0.0415436 -0.254345 -0.0517568 
3.30898 2.21018 1.2369 0.821273 1.19687 1.56642 1.58931 1.153 0.421551 0.148849 0.0895953 -0.00248694 
3.1157 2.50393 1.88436 1.4236 1.2293 1.29661 1.31846 1.06131 0.60933 0.233013 0.0485631 0.00909993 
3.13497 2.71647 2.56356 2.53398 2.45414 2.14823 1.52358 0.909911 0.465843 0.241963 0.114046 0.0494329 
3.52773 3.13518 2.70098 2.51399 2.95048 3.18607 2.49614 1.46949 0.463551 0.112302 0.280494 0.105374 
2.88067 2.31583 2.18425 1.88331 1.94136 2.21705 1.84893 1.17373 0.659978 0.409429 0.337689 0.0778696 
2.69135 2.08776 2.19898 2.04227 1.51655 1.48963 1.65233 0.853709 0.730763 0.520654 0.341768 0.0533809 
2.56843 2.08969 1.87085 1.77159 1.1792 1.56708 1.24983 0.399361 0.641079 0.430882 0.238815 0.0445839 
0.770307 0.897276 4.17792 -0.720062 2.4396 1.71031 2.23527 1.66231 -0.510066 0.836194 0.438081 -0.149428 
0.873993 0.44283 2.83903 0.381747 2.77873 1.50419 0.623478 1.41855 -0.352664 0.610913 0.193867 -0.102567 
1.58332 0.785898 2.55358 0.439114 0.380113 1.91395 1.22896 0.736963 0.373694 -0.0386207 0.179617 -0.00468832 
1.50469 0.830032 2.26065 1.05034 0.913691 0.573659 1.493 0.0169942 0.756556 -0.0200073 0.240562 0.0146204 
1.53146 1.07044 1.88314 0.313181 0.61193 0.7054 0.875304 0.0173832 0.227127 0.00967632 0.29144 0.0213676 
1.50153 0.833641 1.75822 0.399557 0.365526 0.604804 0.960537 -0.51059 -0.636909 0.0670065 0.102186 0.128892 
1.45384 0.881077 1.2986 0.0267892 0.784697 0.273208 0.930873 -0.445044 0.0932608 -0.00672455 0.040995 0.0517368 
1.52728 0.670912 1.64948 0.28198 0.187099 0.542437 0.611747 -0.156824 0.0225163 -0.148056 0.191876 0.0157762 
1.57229 0.973001 1.66053 0.161861 0.228774 0.500324 0.815394 -0.189071 0.0806807 -0.0453167 0.0641497 0.0316342 
1.49536 0.787635 1.9045 0.108536 0.502558 0.233634 1.42089 -0.119802 0.0367622 0.167806 0.194885 0.0428783 
1.29649 0.717268 1.56716 0.507329 0.70314 0.609199 0.596325 -0.62004 0.125637 0.0230374 0.351858 0.0288782 
1.46814 0.577057 1.93709 0.196619 1.06638 0.33351 0.849319 -0.151004 -0.116981 0.0816054 0.317314 0.039355 
1.77136 0.398462 1.12855 0.588395 0.495862 0.598901 0.241404 -0.0730319 0.219465 0.45854 0.28471 0.0171774 
1.44325 0.349802 1.11022 0.356793 0.377487 -0.148143 0.756503 -0.777522 0.167585 -0.00952575 0.255232 0.0424317 
