-0.520703 1.96384 0.941113 -0.354698 0.81607 1.04518 2.06173 -1.45806 1.29909 0.583578 -0.28024 0.0721991 
-0.956513 -0.435984 0.355035 0.584449 0.241895 -1.49988 0.852178 -0.758635 1.48996 1.1636 -0.537313 -0.105381 
-3.16047 -2.38767 -0.316497 -0.951714 0.667412 -2.45982 0.695748 -1.38738 1.3007 1.41442 -0.686201 -0.116106 
-1.11107 -0.83058 0.292667 -1.07836 0.448756 -0.797321 -0.239059 -0.162651 1.7651 0.853681 -0.535407 -0.124314 
1.66706 -1.07702 0.544526 -0.4713 0.906876 -0.376279 0.218925 -1.14557 1.15138 0.309991 0.136842 0.022898 
2.64835 -0.905637 0.832237 -0.76541 1.36333 -0.155081 0.0459248 -0.309806 1.01005 0.538307 -0.0892822 -0.0602016 
2.61611 -0.997858 0.684242 -0.618162 1.06208 0.0315406 0.893924 0.284149 0.350228 0.0299634 0.227252 -0.0229897 
2.65588 -1.31555 1.0828 -1.41381 0.878688 -0.283205 0.762223 -0.346016 0.120742 0.474509 0.401793 0.147919 
0.921301 0.566261 -0.20473 -0.35216 0.350342 -0.142372 0.324224 0.112806 -0.505137 0.455561 0.100828 -0.0957212 
0.172289 1.02544 0.442589 -1.03261 2.09666 -1.2129 0.561225 0.034298 -0.730985 0.270235 0.140593 -0.0398854 
1.84977 -0.499261 0.888552 -0.267342 0.209981 -0.618868 0.515392 -0.612724 -0.123381 -0.26844 0.581395 0.0187453 
1.96732 -0.302407 0.571704 -0.0494403 1.2514 -0.0978871 0.533171 -0.0298187 0.112732 0.0293367 0.423666 0.00773394 
1.59571 -0.541631 0.0248584 -0.0258856 0.271184 0.343887 0.495974 0.0551093 -0.175381 -0.0336484 0.35198 -0.00796353 
0.888974 1.33696 -1.353 2.18503 -0.454429 1.04946 -0.456305 0.830707 -0.601689 0.200465 0.205194 0.0331203 
1.8483 -0.481321 0.724542 0.740699 0.361885 0.701158 0.147886 -0.215515 0.131703 0.379572 0.426616 -0.0361033 
1.91232 -0.857072 0.992269 0.174666 1.14997 0.419143 0.701258 -0.943878 0.38124 0.0163072 0.359375 0.00898581 
2.01459 -0.255053 0.407361 -0.708742 0.629157 -0.974206 1.07944 -1.52314 0.487121 0.565644 0.122358 0.0574029 
0.731574 1.62932 -1.36136 -2.28427 -0.0762112 -1.75683 0.486074 -0.495838 0.993847 0.534717 0.196717 -0.127923 
-0.220559 2.65756 -3.24467 -3.4037 0.470265 -2.46657 -0.163676 -0.161437 1.24204 0.656323 0.0768105 -0.0797622 
-1.19175 3.37536 -2.16322 -2.88181 0.932548 -4.52541 -1.40634 -0.695452 1.564 0.535876 0.197903 -0.0702526 
-1.47854 2.26786 -1.84574 -2.6853 -2.6142 -2.73731 -0.363248 -1.50898 1.49461 0.832333 -0.119324 0.0650688 
-1.31401 0.702168 -1.12558 -0.993533 -0.402245 -2.08231 -0.0904538 -1.33683 1.31982 0.997201 -0.118384 0.0244499 
-1.47205 -1.12868 -1.35656 -2.42674 -0.454968 -1.86267 0.013548 -1.7784 1.56636 0.744665 0.0982282 0.0514951 
-0.556861 -0.437796 -0.958292 -2.55639 -0.119719 -1.03229 0.133433 -1.25485 1.53119 0.731758 -0.189137 -0.0199653 
0.914472 1.08859 -0.0986103 -2.08357 0.127334 -1.02861 0.678676 -1.27733 0.987715 0.199594 -0.0740097 -0.115185 
2.23703 1.40905 1.27218 -0.138076 1.58758 -0.248116 -0.240816 -0.452498 0.757206 0.188208 -0.0681347 0.0151234 
4.17193 3.67306 2.38427 3.28992 3.18628 -0.964902 0.632615 -0.300537 0.841229 -0.728568 -0.0990339 -0.0134913 
4.75755 2.97519 1.83956 3.74757 2.67687 -1.03769 -0.562363 -0.781626 0.169866 -0.455001 -0.121066 -0.0170016 
4.80479 2.56997 1.89382 3.33337 2.25308 -0.74172 -1.07968 -0.423788 0.0910602 -0.305279 -0.0872042 0.00700092 
4.78833 2.68654 1.76149 3.22592 2.36281 -0.393752 -1.09108 -0.435145 0.0620452 -0.222101 -0.0785753 -0.00734678 
5.80269 1.92662 1.27217 3.40179 2.2668 -1.40512 -0.730349 -0.780091 -0.0799735 -0.0700987 0.131909 0.0945314 
5.57264 1.7418 1.45733 3.78875 1.72577 -1.34862 -0.961944 -0.215739 -0.0695595 0.0999355 0.0701782 0.0402154 
5.64968 1.94509 1.43561 3.33113 1.72048 -1.03934 -0.913231 -0.435584 0.120538 0.173427 0.0593776 0.0250128 
6.4831 1.56357 0.847511 3.40538 1.94669 -1.50532 -0.0449488 -0.835438 -0.0840366 -0.14434 0.183566 0.0836439 
5.4588 2.03362 1.65778 3.75329 1.27797 -1.84239 -0.341306 -0.690358 0.0693599 0.17944 0.0961643 -0.00163428 
4.64763 2.49457 2.06031 2.89029 1.48841 -2.03983 -0.0190679 -0.396507 0.70755 0.0530789 -0.133548 0.0273535 
5.92066 2.41356 1.02829 3.61965 1.56525 -2.93561 0.796073 -0.925022 0.88936 -0.165918 0.106841 0.00171787 
4.99588 2.93549 1.09216 2.39645 0.980463 -1.68793 0.060703 -0.037287 1.11499 -0.629951 -0.0808219 0.000793813 
4.85457 2.69257 0.82172 1.71805 1.09643 -1.79881 0.318849 -0.173383 1.42287 -0.462594 0.0169701 0.0237652 
6.11905 2.74943 -0.725155 2.33048 0.938098 -2.10929 0.959063 0.138544 1.6612 -0.518263 0.0230906 -0.0297681 
5.99846 2.88084 0.317023 1.93656 0.287912 -2.51616 0.616675 1.02832 1.60952 -0.33562 -0.191683 -0.0437411 
4.65963 2.52225 1.14639 1.68318 0.362368 -1.20638 0.319975 1.99021 1.25985 -0.304685 -0.382314 -0.0815081 
3.70929 1.7757 0.917758 1.17282 0.697539 0.162735 1.23937 1.78108 0.75475 -0.521624 -0.505042 -0.0954371 
4.09955 1.49902 0.170369 1.4762 1.48838 0.617372 1.72905 1.58779 0.600766 -0.569145 -0.315973 -0.0304516 
3.94692 1.21514 0.10056 1.91624 2.56385 1.59425 1.44361 1.32205 0.224266 -0.427003 -0.270811 0.0126367 
3.83742 0.657648 0.00229783 2.48349 3.25449 1.825 1.33241 1.07255 0.103289 -0.315063 -0.252374 0.0306932 
5.25535 0.216536 -0.670706 3.80477 4.18307 1.34008 2.02631 1.86703 -0.343471 -0.454378 -0.274543 0.0726558 
4.42329 -0.201568 -0.393418 3.6365 3.78023 1.23137 1.28158 1.40072 -0.268015 -0.245318 -0.146171 0.0702822 
4.5302 0.0703333 -0.15684 3.48281 3.57009 1.52104 1.91119 1.70361 0.0689145 -0.415045 -0.297097 0.077791 
3.94575 1.0419 0.413793 2.6869 2.97305 1.59572 1.86303 1.71562 0.255039 -0.626435 -0.401404 0.0515891 
4.47937 1.48398 0.211621 2.33986 2.95605 1.3107 1.64372 2.19566 0.657249 -0.716515 -0.594821 -0.0138821 
3.91355 1.98682 1.07729 2.14084 2.62862 1.78378 1.57447 1.7497 0.688755 -0.536522 -0.436532 -0.0339918 
3.22549 2.49756 2.02591 2.18279 2.34453 1.9503 1.43341 1.02933 0.476369 -0.0979918 -0.147823 0.00678688 
3.10644 1.97798 1.68671 2.42619 2.83966 2.59926 2.57965 1.76929 0.442474 -0.333311 0.165454 0.140329 
3.25413 1.9083 1.05418 1.4976 2.35553 2.6517 2.46387 1.44461 0.127281 -0.197109 0.233797 0.1246 
3.01168 2.29593 1.58528 1.29162 1.61943 2.08501 2.16738 1.44037 0.482796 0.0699864 0.195382 0.0506689 
3.04925 2.46793 1.93896 1.58598 1.68891 2.03224 1.93183 1.23853 0.506162 0.159225 0.14688 0.0507795 
2.67873 2.96933 1.86755 2.91563 2.10009 2.45824 1.76225 0.595659 0.713798 -0.21702 0.496355 0.0345327 
2.92447 2.32324 1.56768 1.77797 2.27156 2.63605 2.30674 0.910988 0.473809 0.0775143 0.422125 0.100876 
2.78936 1.97436 1.57792 1.6638 2.27318 2.47187 1.84838 0.652288 0.0887616 0.187049 0.324957 0.0934844 
2.58467 1.57938 1.76445 1.27384 2.36487 2.21855 1.74649 0.592198 0.0618261 0.242505 0.365588 0.0824474 
2.34995 1.3627 2.31555 1.55218 3.20346 3.28179 2.49942 0.805346 0.0230511 0.00218375 0.352539 0.189273 
2.14622 1.28379 2.56662 1.77112 2.79888 1.50639 2.73083 0.327826 0.234981 0.462851 0.305528 0.109507 
1.75478 0.88102 2.22551 0.808367 2.73846 1.2074 2.01034 0.0897268 0.273694 0.588594 0.428633 0.0125793 
1.6077 0.592073 2.26167 0.264133 1.91222 1.12698 1.61992 -0.179318 0.329094 0.637001 0.414788 -0.0271238 
1.93775 0.903397 1.44836 0.888044 1.82024 0.775902 0.908968 0.380514 0.398912 0.589117 0.580813 0.0102402 
1.833 0.446561 1.6004 0.414117 1.61757 -0.164138 1.07035 -0.367885 -0.127976 0.503049 0.73262 0.0674748 
1.34094 -0.130355 1.47978 0.264071 1.87492 0.619576 1.14417 -0.792123 0.262345 0.600624 0.3703 0.0833257 
1.29808 -0.187196 1.32798 0.0220443 1.19648 0.483743 -0.000620514 -0.872208 0.32272 0.102815 0.563298 -0.00164821 
1.40633 -0.366048 0.80967 0.34394 1.79705 0.28065 0.60284 -0.672451 -0.316839 0.423401 0.366195 0.0326256 
1.8006 0.147941 1.60372 -0.246429 1.4203 0.629921 0.641892 -0.875399 0.201098 1.05338 0.68713 0.0373313 
1.5473 -0.168691 1.17249 0.191694 1.67757 0.140807 0.854674 -0.62954 0.472029 0.612907 0.681014 0.0511859 
1.44306 -0.229991 1.16845 0.115339 1.16655 0.0804258 1.18847 -0.354622 0.181659 0.386816 0.528152 0.0871473 
1.42139 -0.580433 1.14045 -0.255626 0.729463 0.426152 0.243795 -0.997998 0.150467 0.106634 0.558468 0.0922792 
1.59016 -0.654373 0.88092 -0.340356 1.42388 -0.261933 0.0205366 -1.27694 -0.596516 0.471801 0.263895 0.00559222 
1.49311 -0.641957 0.723196 -0.663331 0.399223 0.0405177 -0.282805 -0.513291 0.262073 0.292699 0.0111466 0.101045 
1.39774 -0.500374 1.01368 -0.410769 0.9792 -0.409955 0.2268 -1.05037 0.336844 0.185824 0.204398 0.00429863 
1.56628 -0.594014 0.816386 -0.381896 0.618976 -0.622554 0.999678 -0.812956 -0.0597423 0.197294 0.14328 0.116038 
1.47379 -0.122469 1.01662 0.236475 0.568581 -0.247576 -0.327513 -0.772726 0.421816 0.621082 0.34236 -0.0110783 
0.988326 0.303584 0.0847536 -0.277792 -0.0147385 0.31773 1.12427 -1.3709 0.859626 -0.351746 0.511406 -0.00555552 
1.59196 -0.764035 1.0016 -0.248328 0.232942 0.0270417 0.426586 -0.725936 0.589673 0.421767 0.410533 0.0246755 
1.54331 -0.678067 0.543012 0.01757 1.15865 -0.298892 0.549257 -0.813354 -0.0858574 0.234238 0.19065 0.0575724 
1.56793 -0.537325 0.521683 -0.301722 0.915818 0.0678007 0.505029 -0.688267 0.155638 0.281822 0.305913 0.0788845 
1.63654 -0.632343 0.587596 -0.121613 1.19429 -0.466665 -0.301071 -0.26634 0.742668 -0.0319388 0.134656 0.0500001 
1.50276 -0.438009 1.36387 -0.0170312 1.08847 0.30172 1.0384 0.0927801 -0.265872 0.447322 0.339082 -0.0213658 
