2.07321 -1.56182 0.727016 0.465414 2.48362 -1.64501 -0.484904 0.21146 0.826021 0.413266 -0.178864 0.0784317 
1.7011 -1.3658 1.37808 0.00426687 1.163 -0.977865 0.270046 -0.109239 -0.0836607 0.684276 0.157779 -0.0249197 
2.02387 -0.759716 1.09905 -0.583651 0.686365 -0.240088 0.806249 -1.03322 0.196161 0.437969 0.396173 -0.00983227 
1.01234 -3.43738 2.39558 -0.3824 -2.00398 0.453714 2.58785 -1.62696 0.393779 1.88899 0.268334 -0.027403 
-0.499228 -1.25666 -1.34412 -3.66195 -2.0954 -5.02293 0.430915 -0.866065 1.82112 2.34274 -0.32914 -0.0651537 
1.94475 -0.0239242 0.252325 -2.42627 -2.37114 -3.50318 1.49165 -0.193393 0.860161 1.40555 -0.393555 0.117501 
2.8097 -0.337519 -0.305584 -2.18158 -2.32153 -2.6658 0.623643 0.156185 1.47627 1.06459 -0.112283 0.0822261 
2.85505 0.119801 -0.451637 -1.26854 -2.29801 -1.02217 -0.142402 0.350916 1.07693 1.06403 0.199185 0.103279 
2.48839 -0.826609 0.792985 -1.79964 -1.73842 -1.11932 0.00146692 0.276429 0.681033 0.594389 0.497858 0.100931 
2.37921 -0.799955 0.992407 -0.205504 -0.126774 -0.29748 -0.206657 -0.456207 0.495438 0.408062 0.69687 0.0835031 
2.07082 -0.735341 1.47813 -0.820671 0.0960723 -0.877065 -0.0591879 0.255495 0.0984645 0.68995 0.713194 0.0250435 
2.08246 -0.884752 0.424551 -1.04934 0.0417406 -0.00962789 -0.355028 -0.542268 0.453209 0.388432 0.623508 0.131682 
2.0007 -1.06263 0.950219 -0.745475 0.637041 -0.214666 0.422404 -0.223525 -0.00211313 0.212626 0.327814 -0.0252951 
2.00644 -0.973269 0.627807 -0.409642 0.26102 0.480635 1.0925 0.00204975 0.841734 0.0587875 0.208216 0.0055143 
2.025 -1.12573 0.714842 -0.666926 0.306 -0.74781 -0.392241 -0.989123 0.0896054 0.391991 0.360029 0.0924042 
2.30407 -0.370604 0.705427 -0.385393 0.354471 -0.943589 0.0353302 -0.926929 0.0423107 0.527539 0.507083 0.034919 
2.16992 -0.734325 0.386234 -0.571837 0.807971 -0.627444 0.108074 -0.615748 0.240979 0.692864 0.432533 0.00912318 
1.92472 -0.338397 1.04926 -0.535579 1.32565 -0.528429 0.391163 0.0466937 -0.513713 0.495657 0.251741 0.00928158 
2.27935 -0.781238 0.658915 -0.512635 0.6442 -0.53822 0.359741 -0.668573 0.583378 0.412088 0.445202 0.0393524 
1.9995 -0.492151 1.04365 -0.652477 0.10715 -0.524489 0.105666 -0.31162 0.176819 0.105242 0.632078 0.00948766 
3.04202 -0.0799262 0.837998 -1.83087 -0.533078 -1.74387 -0.126935 -0.0950962 0.182383 0.933434 0.433888 0.0586058 
2.23785 0.0331288 0.618766 -1.86474 -0.781925 -1.57745 -1.08178 0.0401618 0.0958452 0.424642 0.74058 0.105212 
2.44945 -0.311926 0.772501 -0.734306 0.240401 -0.533172 -0.660002 -0.654605 0.50303 0.647107 0.449755 0.18637 
2.13281 -0.29867 0.734561 0.00499065 1.16977 -0.320925 1.02371 -0.448301 -0.00350464 0.462949 0.386201 0.0574236 
2.07648 -0.715549 1.08159 -0.372975 0.565675 -0.361151 0.195505 -0.571134 -0.0906832 0.642235 0.467956 0.0134643 
1.76364 -0.695189 0.787766 0.0769442 0.626505 -0.299443 0.338563 -0.920218 0.571624 0.418009 0.385383 0.0148506 
1.91621 -0.393663 1.07946 0.0925045 1.1434 -0.877698 0.283172 -0.713008 -0.383167 -0.149604 0.0886161 0.0754832 
1.32875 0.309175 0.0942624 -0.396078 -0.329651 0.440188 0.0191371 -0.184188 -0.11894 0.785853 0.161381 -0.0220495 
-0.647935 1.6645 -0.747104 -1.20815 1.4771 0.690513 0.284483 0.615263 0.469338 1.06417 0.0186003 -0.329027 
-0.793304 0.734243 -0.512625 -1.8099 -0.244678 -0.907201 -0.172082 -0.693975 0.11861 1.58358 -0.0253624 -0.219159 
-0.718947 0.348771 -1.25556 -2.0374 -1.06648 -0.78537 -0.514591 -0.387636 -0.0861283 1.6199 -0.0651969 -0.234032 
-1.14348 -1.51019 -2.17076 -2.92535 -0.752698 -1.11282 -0.146531 -0.452637 0.0933109 1.58033 0.10835 -0.136589 
-1.25021 -0.797317 -1.73879 -2.22145 -0.274788 -0.720021 0.0652507 -1.05051 -0.662757 1.39092 0.0300878 -0.192704 
-0.906539 -0.491332 -1.54741 -0.850549 -0.122165 -0.55226 0.36788 -0.146246 0.393467 0.924653 -0.0523396 -0.175266 
-0.154726 0.973226 0.692148 -0.039023 0.780119 0.119903 0.505909 0.65346 0.948355 1.07065 -0.00527277 -0.166471 
0.454345 0.041698 1.22823 -1.80316 0.976632 -0.745939 0.62296 0.425069 0.101678 1.46244 -0.116684 -0.168968 
0.927033 0.0602435 0.194736 -1.61558 0.2703 -0.481111 0.238027 -0.782044 -0.274259 1.23069 -0.164201 -0.0460202 
2.44747 2.01237 2.79456 0.668604 2.05381 0.922194 0.518288 -0.431016 -0.292536 1.2504 -0.269274 0.0114851 
4.46485 3.42051 2.75773 3.00452 3.00544 -0.239831 -0.668269 -0.31373 0.554069 -0.306163 -0.19242 -0.0611669 
4.99758 2.74053 2.09351 3.26033 2.75682 -0.502047 -0.83647 -0.913509 0.212564 -0.391125 -0.189313 -0.0530179 
6.64101 1.51829 2.0583 3.76302 2.42911 -2.68616 0.373964 -1.85865 0.387112 -0.139872 -0.389831 -0.0230243 
4.74035 2.41972 1.70591 2.68868 1.78671 -0.90436 -2.08544 -0.926734 0.405345 -0.285618 -0.0971528 0.00376022 
4.6493 2.23995 1.54263 2.61002 2.07414 -0.998525 -2.30481 -0.784811 0.389836 -0.252766 -0.0546086 0.0184915 
4.42148 2.43913 1.15681 2.26554 1.73577 -1.05959 -2.03789 -0.768032 0.488357 -0.0501811 -0.00328157 0.00991144 
3.78371 2.13307 1.70288 2.13755 1.39181 -1.32247 -1.93767 -0.476137 0.351985 0.0662799 0.0489427 0.0596421 
5.13073 1.75183 1.379 1.76305 3.49543 -2.26592 -1.34898 -0.917115 0.484221 -0.0433674 -0.137899 0.151881 
4.13036 1.96581 1.45417 2.29683 1.73949 -1.4283 -2.12899 -0.267365 0.582071 -0.0543358 0.00356591 0.0598724 
4.32153 2.11522 1.15521 2.18697 2.46206 -1.61988 -1.9815 -0.238489 0.767913 -0.0175995 0.0301193 0.0660087 
5.48855 1.48807 1.1194 1.66917 3.72072 -2.42406 -0.986577 -0.91655 0.85241 0.142203 -0.241585 0.178027 
4.28891 2.0824 1.15662 1.69974 2.29203 -1.91951 -1.51751 -0.166604 0.416641 -0.0110727 0.0434889 0.0841344 
3.82071 2.28972 1.46176 1.88777 1.48124 -1.77589 -1.42846 -0.21229 0.661599 0.225113 -0.0432272 0.0511969 
4.50331 1.82482 0.404668 1.60951 2.87906 -2.25984 -1.28213 0.120713 0.769869 0.207397 0.000522132 0.117267 
3.5048 1.52997 1.24881 1.40905 1.0167 -1.69438 -1.42278 -0.0538221 0.888249 0.0935522 0.212296 0.091904 
3.57241 2.07354 0.895246 1.46779 0.713558 -1.43065 -0.684289 0.523189 0.999783 0.24287 0.107113 0.0468328 
5.35819 2.32468 0.276093 0.958385 1.9222 -2.00454 -0.486398 1.2532 1.04825 0.509482 -0.0467905 0.0772032 
4.68363 1.84962 0.16726 1.1606 1.78607 -1.35041 0.0567628 2.20263 1.33263 0.790793 -0.0805894 0.00342699 
4.49692 1.75335 0.430344 0.805264 1.47248 -0.0824914 0.787874 2.05944 0.916641 0.408745 -0.146143 -0.0560634 
5.42836 1.28855 -1.14917 1.86687 2.9772 -0.401966 1.28118 2.5611 0.784901 0.162812 -0.490476 -0.0166002 
4.7452 0.648157 -0.8043 2.24109 3.66887 1.70551 1.25477 0.533969 0.315371 0.116444 0.059042 0.0398553 
4.57694 -0.142755 -1.06707 3.52082 4.01834 1.3758 1.09872 0.219857 0.495682 0.0428767 0.223937 0.0796374 
5.31932 -0.359678 -0.789169 3.14516 4.52985 1.43284 1.34305 0.110551 0.100345 0.250189 0.225004 0.059134 
4.20984 0.699997 -0.460801 3.12069 4.41588 0.872703 1.04726 0.542834 0.148718 0.174337 0.103749 0.0932694 
3.65817 0.909483 0.397244 2.75961 3.64335 1.34589 0.622745 0.571176 0.178521 0.201765 0.112176 0.0271579 
3.57084 0.95601 0.391831 2.07542 3.70913 1.88996 0.996152 0.597867 -0.119583 0.282144 0.0804003 0.030177 
3.50421 0.340344 -0.232834 2.82182 3.60312 1.73175 1.59958 0.674768 0.0827012 0.0695016 0.102235 0.0800721 
5.08618 -0.434526 0.0481255 1.7025 4.51586 0.276663 2.24821 1.86754 -0.0965471 0.0409269 -0.239125 0.0789362 
5.7944 1.57593 -0.916201 0.586405 3.14192 0.0421983 1.72445 2.41227 0.833054 0.431647 -0.22982 0.0139332 
3.69347 1.47657 0.878925 2.02512 2.21112 1.44187 1.82244 2.20834 0.956118 -0.260526 -0.029002 0.063246 
3.6671 2.56855 1.60876 1.78816 2.81834 3.32312 2.83942 1.29092 0.0650711 -0.145404 0.162309 0.132909 
3.41232 2.57592 1.68044 1.62319 2.41887 3.18203 2.87216 1.43567 0.0900052 -0.202396 0.168925 0.114245 
3.06226 2.35152 1.89431 1.84808 2.27548 2.5271 2.2427 1.41139 0.598524 0.10912 0.148841 0.0812585 
3.19002 2.44558 1.76591 1.47641 2.43443 3.37902 2.69082 1.26966 0.179619 -0.0584227 0.296085 0.135863 
3.27003 2.26341 3.4226 2.22117 2.43983 4.46986 3.77406 0.999629 0.158844 -0.129915 0.396672 0.182623 
3.00671 2.24067 2.00554 2.05397 2.5996 3.10458 2.25538 1.0798 0.5947 0.3407 0.466449 0.144872 
2.73545 2.27415 2.13713 2.02436 1.87914 1.62225 1.37099 1.1422 0.933291 0.658986 0.380825 0.0894977 
2.82 2.41924 2.28921 2.12013 2.05561 1.76715 1.47005 1.20574 0.957919 0.684483 0.408262 0.102204 
3.05244 2.60979 2.77473 2.46714 2.54282 2.23024 1.88399 1.30858 1.03878 0.77428 0.263012 0.126805 
2.83624 2.5903 2.25982 2.38028 2.36418 1.81264 1.71129 1.1524 1.36489 0.743298 0.376108 0.121453 
2.84923 2.30617 2.17881 1.96204 2.67367 1.67687 1.6833 1.06377 1.05476 0.907133 0.481103 0.118742 
2.6578 1.82822 1.64069 1.58186 2.25066 1.58463 0.901926 0.472885 0.614104 0.683256 0.525444 0.0636398 
1.91644 0.0805333 2.02117 0.200918 0.876672 0.775512 1.53829 -0.596088 0.97546 1.10189 0.388727 0.00195907 
1.72067 0.0746793 1.44592 0.427652 1.23195 0.506181 0.923504 -0.613801 -0.0173895 0.484148 0.659886 0.0706673 
1.67581 -0.265521 1.82364 0.461064 0.892839 0.791439 0.0146008 0.17678 0.310493 0.531695 0.495386 -0.0168262 
1.76154 -0.00479174 1.10284 -0.0485978 1.32871 -0.0934159 0.200484 0.167811 0.16663 0.334481 0.548569 0.0582308 
1.45253 0.122774 1.3363 0.286863 0.870797 0.0663322 0.64092 -0.25528 0.258874 0.186662 0.590454 0.10707 
