1.09532 -0.957678 3.3864 -0.841843 0.670685 0.17736 0.36311 -0.0291039 -0.0253307 1.38483 -0.048399 -0.219287 
2.40688 0.784203 1.48107 -2.13103 -1.4406 -2.00075 -0.60334 -1.10039 0.381437 0.823707 0.144044 0.1367 
3.49965 1.72563 0.302323 -3.39936 -4.2211 -4.42923 -2.21764 -0.439418 0.599441 1.25271 0.579987 0.216701 
2.39435 0.371086 0.690747 -1.73829 -1.11633 -1.68573 -0.225319 -0.217192 1.05719 0.75187 0.21817 0.0882473 
1.79816 0.480075 1.60149 -0.885529 -0.306826 -0.523772 0.0724148 -0.190289 0.730857 0.227216 0.56776 -0.0417118 
2.42742 0.468851 1.4055 -0.467989 -1.17987 -1.86303 -0.506445 -0.806843 0.552172 0.140817 0.324581 0.0919785 
2.35771 0.0212553 1.7076 -0.195188 0.0759674 -1.74515 0.349371 -0.387031 0.194918 0.38712 0.189511 0.120802 
2.01895 0.387029 1.31562 -0.854828 0.398847 -0.514291 0.283615 -0.805981 0.360845 0.371939 0.395878 0.0300824 
2.23652 0.51211 1.09634 -1.16361 -0.557293 -1.06417 -0.373454 -0.407199 0.598105 0.442599 0.498879 0.0909062 
2.07392 0.794979 1.23794 -0.496103 -0.269907 -1.39133 0.268896 -0.37108 1.00365 0.794338 0.396029 0.10897 
2.23717 0.0554995 1.24509 -0.873011 0.050258 -1.67079 0.435567 -0.746111 1.04321 0.892659 0.270366 0.132648 
1.96356 0.145097 0.869478 -0.927056 -0.106651 -0.831985 0.834778 -0.184903 0.71054 0.397048 0.603611 0.085617 
1.69644 0.39208 1.44001 0.412514 0.717885 -0.542746 0.815761 -0.0364081 0.207767 0.120448 0.342139 0.0217584 
1.70394 0.0972265 1.24502 -0.537951 0.632893 -0.21983 0.949434 -0.306413 0.1588 0.20883 -0.23752 -0.0582954 
1.74636 0.275363 1.88498 -0.100039 0.492485 -0.636381 0.353418 -0.0964586 0.598668 -0.0757574 0.0993057 0.0680853 
1.92987 0.296917 1.21006 -0.386437 0.0558654 -0.173813 0.895089 -0.595969 0.644194 0.195403 -0.094706 0.0730009 
1.79829 0.12517 1.74187 -0.538429 0.48467 -0.222177 0.190097 0.0209872 1.01477 0.236893 -0.0208636 0.0424366 
1.48277 0.140985 0.966176 -0.695501 0.922863 -0.122213 0.413445 -0.304958 0.227295 -0.260226 0.141229 0.0394291 
1.60871 0.204504 1.5256 0.384918 1.01132 -0.122472 0.00679769 -0.754227 0.237471 -0.189285 0.0101428 0.0979175 
1.81842 0.020791 1.51855 0.0988773 1.14658 -0.111401 0.876655 -0.458456 0.275032 0.258785 0.227406 0.0689369 
1.84793 0.187755 1.10191 -0.254367 0.341346 -0.792294 0.406375 -0.239023 0.314772 -0.00290604 -0.0259915 0.0545022 
1.42768 1.25398 2.54711 -2.01211 1.05925 0.587633 0.298917 0.0162552 -0.18602 1.43767 -0.00429782 -0.148156 
0.345715 2.15841 0.98316 -3.16718 0.222137 0.708655 -0.834002 -1.36994 0.185726 1.14331 -0.0852307 0.00314474 
-0.177471 0.893681 -0.334913 -2.20428 0.0706682 -0.85195 -0.13763 -1.04514 0.249511 1.18431 0.0519067 -0.0555639 
0.298531 0.477019 0.787733 -2.4404 -0.613238 -0.986266 -0.406392 0.330047 0.382281 0.62513 -0.393104 -0.0566832 
-0.00500683 -0.153271 -0.391399 -2.18528 0.263878 -0.662747 -0.803928 -0.73992 0.277452 0.929477 -0.0573719 -0.0582107 
0.14073 -0.107336 -0.305306 -2.32907 -0.582398 -2.00307 -0.101391 -0.514784 0.106516 1.13554 -0.378074 -0.0162746 
0.0977845 -0.223823 -0.298676 -2.54308 0.636633 -1.21856 0.0896218 -0.373588 0.126895 1.51838 -0.196904 -0.118249 
-0.0399612 -0.621818 -0.792422 -2.99089 -1.26062 -1.35528 -0.113503 -0.4792 0.342482 1.14585 -0.331301 -0.0563264 
0.435168 0.375348 -0.141147 -2.05443 0.823813 -0.962622 0.439786 -0.34347 0.183182 1.22491 -0.281724 -0.0340558 
1.79813 -0.0276454 0.732114 -2.00989 0.559574 -0.956007 0.106142 -0.581583 -0.189312 1.15743 -0.525661 -0.120634 
3.22619 2.4074 2.26097 2.1085 1.47216 0.309896 -0.151576 0.258813 0.386454 0.0856462 -0.122701 -0.0267814 
4.01441 2.75058 2.15487 2.55123 1.48786 -0.414782 -0.843685 -0.304787 0.0200633 -0.270543 -0.0876859 -0.0236979 
5.70042 2.19054 1.82932 3.56377 3.00892 -2.26942 -1.15122 0.278898 -0.125005 -0.0999273 -0.279651 0.0387696 
6.10966 1.92874 1.22326 3.28237 3.50011 -3.06625 -1.63492 0.516937 -0.367544 0.0195627 -0.280181 0.111803 
6.68058 1.62868 1.39804 2.98346 4.38275 -4.37541 -1.593 -0.171196 -0.237269 0.291718 -0.476739 0.177609 
6.06853 1.71111 1.24806 2.9691 3.40108 -3.67826 -1.37032 0.0457039 -0.02426 0.145304 -0.261885 0.169401 
4.06214 1.69572 2.19109 2.60914 1.58541 -2.38336 -1.46423 0.195861 -0.0336462 0.106092 -0.0685625 0.0947355 
3.92286 1.93279 1.76426 2.49747 1.3795 -2.26935 -1.51441 -0.179582 0.169571 -0.0888883 -0.00195634 0.107729 
4.53388 2.16665 1.37811 2.10712 1.71049 -1.92418 -0.916037 0.385471 0.0448436 -0.408131 -0.0114998 0.122597 
5.02824 2.04335 1.17204 2.38804 2.744 -2.37362 -0.819623 0.0436413 0.145306 0.055101 -0.135549 0.115528 
5.01657 2.48384 1.34875 2.3262 2.4336 -2.54574 -0.642411 0.417471 0.290168 -0.0461345 -0.139764 0.148549 
4.27733 2.38343 1.92381 2.1481 1.18439 -1.53322 -0.856232 0.590379 0.608097 0.0852594 -0.00318735 0.0868087 
4.20749 2.64778 2.17065 2.34208 1.22227 -1.18414 -0.426747 0.569645 0.556288 0.0665698 0.0143489 0.0723298 
4.7385 2.73561 1.60101 2.10458 1.76895 -1.33487 -0.865127 0.449445 0.623611 -0.207812 -0.0666385 0.05341 
4.89213 3.05522 1.58043 1.78594 1.79779 -1.26071 -0.97437 0.216598 0.90134 -0.127873 -0.0295916 0.0341632 
5.46293 3.12236 1.5243 1.13638 3.00071 -2.16682 0.163488 0.486559 1.00839 0.0582962 -0.322086 0.0697765 
5.42294 3.01501 0.855833 0.926852 2.76759 -2.17074 0.692263 0.934444 0.841493 0.447413 -0.255005 0.0867167 
6.0993 2.54251 1.27908 0.142918 2.8796 -1.66344 -0.0443872 1.2124 1.23056 0.362813 -0.320303 0.0146704 
3.96414 2.7468 1.11478 0.896559 0.920362 -0.565508 0.71325 1.42132 1.31093 0.414761 -0.0477864 -0.0288725 
3.29369 1.6494 0.87403 0.846109 0.826468 0.442275 1.00848 1.95622 1.53667 0.262497 -0.200833 -0.0657416 
3.72234 1.96031 0.700632 1.33059 1.92587 1.14265 1.41276 1.76014 1.36669 0.0632763 -0.433226 -0.0850801 
4.56192 1.73689 0.377296 1.9059 2.91501 1.14713 1.78297 1.77209 1.00996 0.0198117 -0.359603 -0.0449114 
3.98418 0.959163 1.26515 2.8278 2.60959 2.95876 1.94013 -0.163474 0.288166 0.548474 -0.00461579 -0.0164442 
3.60763 1.24456 0.777909 2.82385 3.75311 2.22397 0.852165 0.663729 0.587929 0.28983 0.0304954 0.0244863 
5.0696 0.717209 -1.00057 3.80071 5.83211 1.26854 1.6102 1.14136 0.183269 0.532278 0.0554566 0.151971 
5.03842 0.0705458 -0.460232 4.0773 6.03609 1.85875 0.787102 1.77045 0.186849 0.5007 0.0265307 0.121116 
6.25055 0.950657 -1.50393 2.51647 6.54567 1.36136 0.916521 2.24447 0.188127 0.796558 -0.221774 0.100172 
3.29288 1.55465 1.10987 2.28772 2.65595 1.85189 1.61897 1.5995 0.839445 -0.133313 -0.153461 0.0480165 
3.09557 2.19333 1.83033 1.74108 1.76513 2.06922 2.23479 1.72637 0.721212 -0.00618292 -0.181898 0.029099 
4.10688 2.82059 1.716 2.34547 3.30535 2.87726 1.8749 1.37902 0.981169 0.262888 0.0280051 0.0467069 
3.26133 2.08375 1.33348 1.6414 2.42322 2.80673 2.32929 1.38276 0.536719 0.117429 0.12943 0.0982992 
2.94888 2.2901 1.89121 1.76737 1.92557 2.04149 1.7666 1.1744 0.622281 0.375836 0.264969 0.06421 
2.814 2.26896 2.02005 1.96049 1.93225 1.82097 1.55812 1.14399 0.774908 0.466333 0.305543 0.0630523 
2.78187 2.34643 2.1056 1.88157 1.80741 1.647 1.46771 1.20258 0.765754 0.562786 0.34723 0.0669692 
2.05957 2.06459 3.51373 0.959628 2.50395 2.79977 0.473589 2.03204 -0.0430154 0.908052 0.677068 -0.000703083 
3.14035 2.36356 2.37944 1.86323 2.25147 1.96082 1.12113 1.26118 1.27038 0.99418 0.231762 0.0982048 
2.94636 2.61052 2.73038 2.21623 2.33884 2.01025 1.39149 1.48157 0.949315 0.612825 0.404659 0.111606 
2.92013 2.48645 2.74353 2.531 2.25769 2.0889 1.75703 1.60307 0.821206 0.566728 0.497082 0.124819 
2.92951 2.47915 2.47472 2.46546 2.08653 1.72438 1.7521 1.40201 1.00998 0.56633 0.423162 0.113391 
2.89767 2.54271 2.50341 2.28341 2.09404 1.95407 1.70156 1.29265 0.994663 0.719887 0.358299 0.111042 
2.6505 2.13632 2.00854 1.85225 1.51646 1.39437 1.26615 0.936924 0.701796 0.567407 0.316378 0.0665463 
2.65893 2.1837 2.15719 1.89264 1.63939 1.54783 1.47594 1.09585 0.920588 0.538595 0.421909 0.0773384 
2.62515 2.0115 2.26364 1.94999 1.51725 1.59471 1.646 1.13208 0.665463 0.739647 0.471961 0.0750886 
2.42427 2.10009 2.19227 1.60075 1.56992 1.41679 1.51246 1.06373 0.621632 0.634095 0.417599 0.0555011 
1.12849 0.73235 2.30748 0.476458 1.01432 -0.162604 1.07963 -0.579902 -0.293783 -0.0367217 0.0416754 0.0800366 
1.55813 0.88523 2.30498 0.394521 0.869949 0.931783 1.44579 -0.0558856 0.348988 0.278911 0.229078 0.0531821 
1.5097 0.78932 2.45984 0.994018 0.703192 0.568743 1.75311 0.458634 0.704297 0.821397 0.300939 -0.0103339 
1.592 0.444104 1.9049 0.847267 0.141151 0.668537 1.55198 -0.0265424 -0.153378 0.473761 0.16128 0.0284842 
1.36636 0.73287 1.48834 0.208017 0.691177 -0.135497 1.45724 0.389276 -0.137153 0.503315 0.398491 -0.00154335 
1.72472 0.645838 1.97229 0.26714 0.729965 0.357728 1.03146 0.323854 -0.0307404 0.162616 0.277822 0.0662021 
1.56034 0.758122 1.78468 0.470513 0.799281 -0.0213737 1.85968 -0.55998 -0.266777 -0.213827 0.463689 0.0723637 
1.52047 0.419364 1.19731 0.102771 0.977719 0.181592 0.380989 -0.535611 0.169364 0.0615786 0.315043 0.0762447 
1.4377 0.469833 0.817294 0.0340977 1.16689 -0.0588346 0.488226 -0.306359 0.416086 0.170288 0.285636 0.0444787 
1.70238 0.515996 0.94301 0.397272 0.278452 0.700777 0.780087 -0.168057 0.541618 0.390207 0.153027 0.0952372 
