2.03438 0.782586 1.61848 -0.848587 0.525198 -1.82459 0.0807769 -0.715817 0.364476 0.391053 0.313896 0.0621085 
2.069 0.418921 0.95759 -0.550774 0.524415 -0.609211 0.818047 -0.705595 0.386819 0.415626 0.30885 0.0585413 
1.82226 0.0781207 0.833588 -0.383598 0.434174 -0.597605 0.309556 -0.728523 0.71701 0.0539474 0.22592 0.0179577 
1.95952 0.0229102 1.13362 -0.924789 -0.192135 -1.03201 0.182992 -0.644211 0.560268 0.758365 0.309354 0.0948068 
2.17995 0.395496 0.655542 -0.76993 0.0821448 -1.28812 0.216456 -0.885624 0.140002 0.421861 0.563337 0.116196 
2.24391 0.271715 1.31922 -0.929491 -0.00910809 -1.38611 -0.123427 -0.18614 0.187453 0.724041 0.330183 0.0654461 
2.27626 0.469576 0.833336 -0.379189 -0.307322 -0.84963 -0.0698473 -0.758119 0.229754 0.705082 0.779583 0.066376 
1.8106 0.181511 1.199 -0.62309 0.37641 -0.282372 0.411317 -0.398307 0.695836 0.415062 0.300183 0.0620698 
2.04512 0.75113 1.07653 -1.4952 1.08583 -0.369414 0.360915 -0.400456 0.471517 0.347362 0.32445 0.0661544 
1.90458 0.393181 1.68425 0.1206 0.174522 0.371203 1.20637 -0.980199 0.344855 -0.00255273 -0.0278457 0.00697265 
1.52408 0.157932 1.4967 -0.497548 0.798348 -0.0937338 0.969317 -0.182603 0.128902 -0.0757393 0.0256556 0.0222741 
1.95163 0.143344 1.41865 0.171767 1.16743 -0.174901 0.772545 -0.192978 -0.069841 -0.553294 0.311981 0.0498473 
1.64672 0.254457 1.06197 0.165914 1.06386 0.265967 0.582745 -0.521503 -0.0191101 -0.127194 0.276531 0.0837929 
1.85801 0.300703 1.11383 -0.406125 1.37202 -0.822754 1.00234 -0.415951 -0.117985 -0.120326 0.0126888 0.0315032 
1.79901 0.203956 1.19845 -0.490547 0.903499 -1.00514 0.738712 -0.306425 0.387955 0.245608 0.0668589 0.000346003 
1.8295 -0.0146482 1.24942 -0.513528 0.85712 -0.442751 0.790413 -0.447262 0.570543 0.141575 -0.0499856 -0.000987419 
1.59242 0.157073 1.59565 -0.669544 1.06783 -0.931816 0.769416 0.306761 -0.240812 -0.289144 -0.0589499 0.0407408 
2.30169 0.384226 0.537052 -1.57964 0.0348692 -0.333612 0.802959 0.357079 0.286967 0.607673 0.441542 -0.00211689 
2.47449 0.281244 -2.17315 -1.09008 0.51109 0.0383777 -0.0588051 -0.933203 1.44224 0.518577 0.639249 -0.112537 
0.322396 -0.634448 -2.59614 -1.01703 -1.38593 -0.153286 -0.809856 -1.41332 0.858585 0.939395 0.120776 -0.105935 
-1.26416 -1.15891 -1.01398 -2.26461 -0.823955 -1.72903 -0.361516 -1.61735 -0.339906 1.42573 0.155906 0.00297845 
-1.00881 -0.652367 -1.16689 -1.87856 -0.986826 -1.2385 0.252382 -0.945321 0.281604 1.14757 -0.155492 -0.172707 
-0.995294 -0.0208942 -0.162662 -0.667967 0.228267 -1.08362 0.266059 -1.25033 -0.370531 0.910643 -0.111094 -0.21234 
-0.493874 0.29932 -0.686355 -2.511 -0.0544376 -0.726713 -0.710346 -0.560131 -0.301211 1.05583 -0.215012 -0.0412801 
-0.337367 -0.489926 -0.116596 -1.55529 -0.446187 -0.179547 -0.0842224 -1.16101 0.518331 0.997325 -0.296469 -0.0321557 
0.141581 -0.454205 0.183471 -2.08312 -0.556477 -0.921288 0.102139 -0.340103 -0.364906 1.04449 -0.375771 -0.133328 
0.582802 -0.413938 -0.0343174 -2.32699 -0.911063 -1.53213 -0.327954 -0.919349 0.305271 1.03493 -0.110602 -0.0061849 
2.01118 -0.350234 0.896441 -0.995766 -0.470232 -1.08988 0.111854 -0.740519 1.19477 0.514028 -0.362412 -0.0128653 
4.0158 2.17507 2.95518 2.78156 2.6152 0.827669 1.24143 -0.538469 1.14335 -0.439981 -0.0165749 0.0498514 
3.66599 2.40343 1.41352 1.73138 1.91585 0.837863 -0.117994 -0.0725981 0.121098 -0.0329966 -0.0521274 -0.0229637 
3.77056 2.29297 1.58646 2.20974 1.81222 -0.353378 -1.468 -0.526009 0.299318 0.027679 -0.126615 -0.0312351 
6.39122 1.17647 1.50774 3.62085 2.57743 -0.976849 -2.14673 -0.818557 0.36964 -0.0341378 -0.206946 -0.0028271 
4.25321 2.21796 1.58907 2.99162 2.48419 -1.33578 -2.42639 -0.675624 0.36486 -0.00746694 -0.0950356 -0.0105685 
3.41335 2.18704 1.79899 1.77159 0.829861 -0.99896 -1.48081 -0.578092 -0.028924 0.0609027 0.0751933 0.0591935 
3.59487 2.15242 1.6112 1.69249 1.14187 -0.634606 -1.38994 -0.54727 0.11126 0.103619 0.100167 0.0487818 
5.83604 2.12505 0.409587 1.9482 3.53857 -0.936903 -2.19448 -0.474167 0.149038 0.0554322 -0.0706686 0.0603021 
5.39357 1.73995 0.759729 1.96727 2.40402 -1.16164 -1.79843 -0.934099 0.494658 0.0482824 0.0159123 0.0563793 
5.51947 1.95646 1.18618 1.01095 3.0405 -1.42646 -2.12411 -0.625284 0.410242 0.131932 -0.0354629 0.0465153 
5.75338 1.36377 1.31999 0.581963 3.8583 -2.04533 -0.680624 -0.406611 0.453081 0.232241 -0.312973 0.193449 
5.53659 1.83388 0.740554 1.47981 2.17359 -2.23855 -0.792515 -0.191783 1.25583 0.164819 -0.0376203 0.139601 
4.97767 1.695 1.26174 1.03666 1.27331 -1.18809 0.544324 -0.270189 1.33681 0.381775 0.18104 0.122427 
4.32525 1.80347 0.143691 0.535778 2.01687 -1.19565 0.633123 1.68212 0.817479 0.311287 0.20446 0.11536 
4.14036 1.31985 0.0735599 0.966357 1.11042 -0.366211 1.4786 2.18539 1.49126 0.0415964 0.0370597 0.00594825 
4.40173 1.08832 -0.485796 1.03283 2.80885 0.625304 1.47457 1.74908 0.433012 0.198698 -0.107855 0.00809237 
3.93666 0.607154 -0.58119 1.87652 3.77465 1.24737 0.734132 1.09627 0.341413 0.0494175 0.0337244 0.0520117 
3.52724 0.359154 0.0110362 2.76371 4.66673 2.14752 0.611052 0.415606 0.0485615 0.110006 0.174386 0.0857343 
5.61563 -0.600563 -0.524667 3.68751 5.65216 1.04353 2.24816 -0.072397 0.00770262 0.0594627 0.176275 0.166991 
5.78474 -0.856135 -0.930703 4.65639 5.38415 1.33482 1.70198 0.0312925 0.167269 0.00264861 0.302704 0.129076 
5.22537 -0.748212 -0.354647 4.78243 4.55142 1.84096 1.60044 0.103113 0.282426 0.0411249 0.235385 0.100052 
4.58383 -0.00436627 -0.327171 4.06239 4.45148 2.54873 1.8204 0.262811 0.147538 -0.0419921 0.205517 0.141316 
3.59725 0.646904 0.164832 2.7859 4.58152 2.1693 1.68897 0.562565 0.00114982 0.00701717 0.110288 0.141551 
3.12942 0.920646 1.13542 3.06935 3.38054 2.12784 1.42177 1.03229 0.10671 -0.327147 0.0727987 0.120348 
2.96168 1.45193 1.39122 2.62475 2.92778 1.99019 1.18618 0.776393 0.328311 0.00289216 0.0160244 0.0437942 
3.36474 1.87601 1.28134 2.48019 2.90242 1.53151 0.774327 1.17685 0.896112 -0.0517273 -0.137375 -9.4715e-005 
3.61927 2.00718 1.26672 2.23323 2.29336 0.877032 0.6298 1.57057 1.2101 0.0637003 -0.0313804 0.00872837 
3.89899 1.51075 0.826435 3.06524 3.72253 1.98749 1.68586 2.10527 0.818434 -0.448402 -0.141142 0.131685 
3.44448 2.50277 1.80254 2.04745 2.74241 3.00235 2.43225 1.3072 0.264032 -0.0827754 0.143396 0.102583 
2.99317 2.54783 2.38219 2.28991 2.17064 2.06359 1.7428 1.27227 0.768596 0.415751 0.23108 0.0807544 
2.79212 2.31255 2.09837 2.00948 1.88428 1.68888 1.43432 1.04069 0.686422 0.481314 0.278693 0.0721694 
2.65307 2.17166 1.90033 1.67441 1.43059 1.20608 1.07615 0.851305 0.655095 0.389796 0.187619 0.0562116 
2.94705 2.39591 2.34745 1.39219 2.26262 2.88104 2.0632 1.35342 0.834112 0.0648427 0.207221 0.103957 
2.40257 2.13218 2.41845 0.837916 2.81233 1.67354 1.7944 1.73524 -0.401206 0.865732 0.367104 0.0334398 
1.79885 1.31434 1.94858 0.651428 1.31376 1.25901 1.22172 -0.0102935 0.961103 -0.278638 -0.0111753 0.0536762 
1.69055 1.17957 2.25647 0.644779 1.04072 1.04509 1.62123 0.874532 0.450908 0.502421 0.155327 -0.00658185 
1.84256 0.72923 2.32434 -0.239423 1.12108 2.01668 1.68889 0.334336 0.380224 -0.241799 0.324909 0.0516233 
1.73888 1.20862 1.84974 0.108106 0.857046 -0.101454 1.37383 -0.112155 0.780032 -0.0331853 0.190499 0.0720291 
1.33114 1.09532 2.25609 1.00872 1.55909 1.00946 1.49033 -0.0389552 0.112797 -0.246587 0.198538 0.0807656 
1.30753 0.600017 2.03293 0.295184 1.1921 0.830621 1.71058 -0.0764765 0.17426 -0.338478 0.311825 0.0820908 
1.4669 0.665703 2.16407 -0.0329879 0.97125 0.563768 1.55207 -0.47644 0.0388555 -0.426123 0.303667 0.0580447 
1.23645 1.04312 1.31852 0.464484 1.30147 0.275789 0.880215 -0.275316 0.191924 -0.21096 0.301258 0.0115806 
1.53424 0.598247 1.84778 -0.220095 0.567285 0.97048 1.43348 -0.384372 0.090442 0.100823 0.250546 0.0835849 
1.51196 0.85474 1.63229 0.394714 0.629231 0.94946 1.3704 -0.195276 0.11297 -0.0894122 0.220088 0.0311625 
1.34044 0.756834 1.50076 -0.388259 0.354972 0.995376 1.14467 -0.0190564 0.371011 -0.17575 0.165245 0.0262325 
1.45465 0.477454 1.32203 0.114109 0.506745 0.592941 0.847456 -0.0296137 0.658061 0.0974214 0.552848 -0.0260101 
1.3977 0.557051 1.37871 -0.20754 0.462411 0.16652 0.714948 -0.621865 -0.160773 0.102529 0.250752 -0.00847742 
1.23892 0.490652 1.79029 -0.170399 0.850763 0.0941309 0.770037 0.159358 0.410529 0.441794 0.362209 -0.0527607 
1.32524 0.407054 1.47223 0.282325 0.41957 0.0345824 0.901902 0.0591286 0.310826 0.139383 0.132199 0.089172 
1.64736 0.515754 1.37209 -0.187555 1.0536 -0.652487 1.30063 0.217099 0.0639578 -0.196337 -0.099057 0.0676471 
1.34156 0.837937 0.864672 -0.099291 0.722578 0.618554 1.40858 -0.0787145 0.283789 -0.169957 0.20308 0.0259495 
1.45609 0.585158 1.87354 0.567225 0.678715 0.573925 1.1501 -0.522913 0.485441 0.0448085 0.227996 -0.0476572 
1.39736 0.100032 1.495 0.256259 1.06292 -0.492543 0.562243 -0.715549 0.110328 -0.105019 0.0621844 0.0401596 
1.25091 0.471693 0.859213 -0.0404437 0.216478 0.561668 0.93105 -0.473609 0.175587 -0.20817 0.16207 -0.0247212 
1.41047 0.00636504 1.30601 0.377413 0.392209 0.119911 0.323963 -0.310267 0.227019 -0.0742384 0.170669 -0.00932125 
1.47963 -0.0583453 1.15382 0.896119 0.896494 0.128926 0.0733505 -0.00291939 0.321625 0.29288 0.151859 -0.038238 
1.24399 0.568296 1.23015 -0.0194786 0.38065 0.521272 0.610787 -0.0819897 0.436227 0.144733 0.0648154 -0.00338896 
