1.48174 0.21153 1.98409 -0.525027 1.17613 -0.547983 1.453 0.485488 0.601148 0.0916953 0.149301 0.0125769 
1.28073 -0.191291 1.39079 0.228479 1.07175 0.337275 0.929685 0.362105 0.648094 -0.233474 0.181206 0.0166576 
0.988657 0.248235 1.56062 -0.0671368 1.59351 -0.657898 1.21533 0.494945 0.509003 0.152474 0.197437 -0.0210709 
1.26071 0.400391 1.38804 -0.216035 0.972111 -0.39597 0.798533 0.0782075 0.261769 -0.264779 0.0192728 0.0438744 
1.24615 0.697424 1.52294 -0.273694 1.03204 -0.834641 0.82298 -0.0102114 0.371267 0.112057 -0.100142 -0.0656857 
1.10792 0.275188 1.9203 0.0378861 1.62283 0.00618286 1.17719 0.128089 1.01873 -0.0736674 0.0045783 0.0370263 
1.24467 0.409304 1.69912 0.727562 1.83941 -0.434131 1.15745 0.462194 0.488266 0.133496 0.0743787 0.0409049 
1.77545 1.19582 2.15488 0.574444 1.58066 0.669284 1.10218 0.0360816 0.405684 -0.092752 0.192427 0.067739 
1.393 0.961438 2.15365 0.740968 2.17319 0.714304 1.40331 0.822508 0.777241 0.495661 0.36484 -0.00275728 
1.70098 1.08257 1.8144 0.7655 2.1281 0.268909 1.22501 1.30966 0.848714 0.527861 0.284094 0.0208888 
1.9982 1.38685 2.6035 1.09614 2.27006 1.25633 2.47372 1.05026 0.979654 0.574828 0.347356 0.0804617 
2.09343 1.7116 2.21956 1.31416 2.0004 1.3048 1.93288 0.814862 1.33386 0.23931 0.380759 0.0713792 
1.7754 0.7271 1.97032 1.14639 2.46949 0.679031 0.591221 0.0849772 0.996315 0.12467 0.426422 0.0470241 
1.5591 0.805569 1.827 0.300563 2.19114 0.0607534 1.86086 0.862672 1.16338 0.468632 0.0302308 0.0650594 
2.39183 1.55836 1.82797 -0.0156457 1.18736 0.0653428 1.38383 0.571354 0.875089 0.557714 0.247557 -0.00413435 
3.79379 1.15455 -0.265543 -1.33366 -1.16462 0.334593 2.11517 3.29804 -0.870183 -0.933813 -0.200319 -0.204822 
2.06792 0.659067 0.402128 -1.13499 0.0566079 -1.00166 1.5574 1.1933 -0.288434 -0.653834 -0.0627216 -0.20485 
0.962978 0.944984 -0.61991 -0.649088 0.560414 -0.893662 1.20614 1.06912 -0.546128 -0.832588 0.0210096 -0.211602 
0.461366 1.51471 0.381586 -0.0480422 -0.0370067 -1.4389 1.13481 0.368059 -0.459343 -0.864867 -0.138525 -0.127941 
0.024051 1.34549 -0.267423 -0.332904 0.155834 -1.6771 0.645249 0.232407 -0.555779 -0.867346 0.0461681 -0.113735 
0.408274 1.03246 0.381351 0.495812 0.329832 -2.47788 1.14171 -0.0136514 0.356757 -0.686092 -0.0799136 0.0220076 
-0.474765 0.356446 -0.231193 -0.992349 -0.28664 -1.30581 1.30951 0.403905 0.207123 -0.767497 -0.0138347 0.050451 
-0.837333 0.628117 -0.252936 -0.911675 -0.303942 -0.919327 1.40009 0.901478 -0.146172 -0.46924 0.106546 -0.0908025 
-0.138775 1.10574 0.463158 0.740099 1.16617 0.0308615 1.54828 1.42105 -0.281703 -0.528416 -0.138958 -0.042732 
-0.606156 1.11745 -0.0675671 1.15976 1.55592 -0.10954 1.99419 0.873059 0.136531 -0.376677 -0.0828442 -0.125193 
-0.753434 0.542275 0.215299 0.057376 0.000994207 -0.0277865 0.82809 1.2432 0.813036 -0.789469 -0.0543154 -0.107813 
0.511304 0.0615448 0.286838 -1.32652 -0.0274993 -0.777666 1.26445 1.31376 -0.235236 -0.347858 -0.0733992 -0.142947 
1.31118 -0.439568 0.0495567 -1.22167 -0.0433213 -0.511728 1.7354 0.106023 -0.284855 0.10763 -0.029471 -0.195228 
3.33674 0.983827 2.28919 1.59168 2.13171 -0.529223 1.42287 0.678915 0.045513 0.30923 -0.0159678 0.0674235 
3.85819 1.76807 2.90271 3.45267 1.66436 -0.428788 1.66654 0.867059 -0.0286292 -0.349221 0.0837075 0.0589906 
4.64364 2.50072 2.63286 3.19988 0.766014 -1.21088 0.784702 -0.0312576 -0.359093 -0.453083 0.146724 0.0533813 
6.13205 2.04457 2.48898 3.85544 0.13753 -2.81385 1.24416 -1.6666 -0.541263 -0.483039 0.105626 -0.0517632 
5.44889 -0.178485 0.909673 3.75825 -0.784645 -2.67079 1.51251 -0.373505 -0.76479 -0.819811 0.157371 -0.00628079 
4.75021 -0.603031 0.885435 3.59232 -0.783424 -2.29761 1.38395 0.148711 -0.822004 -0.672437 0.0858142 -0.0112522 
4.88455 -0.638154 0.394294 3.325 -0.812485 -2.39794 1.81759 0.0930004 -0.682626 -0.720071 0.164232 0.00849134 
5.09916 -0.12716 0.978118 2.98508 -0.793975 -2.38369 1.64801 0.205795 -0.416844 -0.541695 0.202543 0.0326316 
5.23902 -0.170198 1.09777 3.11573 0.110792 -2.42477 1.67653 0.841637 -0.244475 -0.638884 -0.121147 -0.0214781 
4.65176 0.69527 1.31518 2.97244 -0.0907794 -2.53358 1.28612 1.91693 -0.276306 -0.472024 -0.226729 -0.0569838 
4.17213 0.821146 1.20463 2.31902 0.00068821 -1.31527 1.58949 1.97055 -0.184432 -0.67594 -0.415631 -0.0822649 
4.4903 -0.31697 1.16365 2.65368 -0.108497 -0.901998 2.98837 1.47802 -0.137692 -0.947188 -0.381171 -0.0934944 
4.29262 -0.611798 0.534477 2.70812 0.761835 0.0345643 2.51602 2.13047 -0.396393 -0.860851 -0.403649 -0.0561784 
3.74686 -0.202429 0.383436 3.14501 1.44411 0.513023 3.07788 1.94902 -0.695082 -0.673682 -0.214621 0.00726637 
4.23576 -1.15456 0.22148 4.05791 1.78994 0.750767 3.17946 1.7471 -0.731669 -0.613521 0.027003 0.0344854 
3.96351 -1.79485 0.266247 4.4498 2.14498 0.839638 3.20742 1.59381 -0.599713 -0.465386 0.107554 0.0652433 
3.52335 -1.50278 0.36 4.13051 2.40021 1.42353 3.07821 1.54892 -0.706823 -0.205135 0.185939 0.0960664 
3.58552 -1.81166 0.67023 4.75131 1.83588 1.35766 3.71938 1.57451 -0.676655 -0.399149 0.185552 0.117124 
3.71812 -1.29099 0.725524 4.45588 2.00639 1.04072 3.94562 1.63039 -0.5791 -0.541355 0.0614732 0.11364 
3.74627 -0.111512 0.339562 2.80076 1.72101 1.68804 3.6094 1.72161 -0.5325 -0.344255 0.0318476 0.0644988 
5.18675 -0.301147 0.910622 3.84304 1.06868 0.954759 3.81179 1.85595 -0.293641 -0.194891 0.157264 -0.0395434 
3.85824 0.806844 1.55732 3.38974 2.22199 2.52865 4.05725 1.44258 -1.0979 0.157291 0.406852 0.120012 
3.66501 2.13615 1.75691 2.75944 3.7248 3.95667 2.81961 0.707582 -0.150221 0.399715 0.432591 0.202262 
3.69632 2.6749 1.72769 1.92006 3.05379 3.80897 2.84652 0.855868 -0.115937 0.162739 0.380725 0.187423 
3.27081 2.41327 1.96592 2.30842 3.02125 2.99157 1.94554 0.760523 0.274316 0.394215 0.462916 0.127825 
2.97341 2.3973 2.07472 2.00622 2.14752 2.14232 1.74694 1.08017 0.575036 0.401077 0.34558 0.0894441 
2.76872 2.3315 2.15059 1.91157 1.64839 1.4552 1.24137 1.02631 0.689703 0.411556 0.221266 0.0611434 
2.80391 2.32002 2.32756 1.90683 2.02707 1.87761 1.09576 0.94181 0.727671 0.27381 0.271091 0.0523502 
3.30085 3.38515 3.113 2.32232 3.34514 2.13595 2.65822 0.583841 1.36914 -0.0304593 0.450127 0.119677 
2.63731 2.42351 2.35364 1.93913 2.29673 1.59689 2.14597 0.776188 1.1199 0.262315 0.456668 0.0952369 
2.31757 2.10181 1.84622 1.41619 2.08678 1.44198 1.40467 0.737798 0.567452 0.374108 0.396653 0.056213 
1.47018 1.60408 2.53187 1.18329 1.79853 1.73861 2.13583 0.543929 1.17733 0.181699 0.385184 0.0604393 
1.62635 1.99275 1.95169 1.67253 1.54367 1.66189 1.7877 0.603842 1.09529 0.643678 0.239544 0.0518758 
2.00919 1.91739 2.73657 0.510682 2.03466 1.54897 1.68644 1.01873 0.8841 0.647265 0.0958886 0.0849612 
1.1698 1.18389 1.98411 0.73094 3.00348 1.47923 2.06564 0.847065 0.595433 0.193782 0.348597 0.0458407 
0.797052 1.16743 2.28242 0.51316 2.55328 0.0570454 1.8656 0.129772 1.18877 0.308623 -0.0629173 0.0848736 
0.752796 1.41202 2.43648 0.153021 1.90471 0.398737 1.52642 0.306687 1.12614 -0.276317 0.202234 0.0898284 
0.963759 1.13085 1.68426 0.818933 1.80334 0.878994 0.599684 0.100072 0.673257 -0.0110314 0.116014 0.0966719 
0.965173 1.31797 2.44836 -0.129341 2.29574 1.26179 0.0523912 0.461874 0.849127 0.589588 0.0715912 0.0521114 
1.35743 1.34077 1.97851 0.724193 2.2063 0.870213 0.315982 0.171486 0.782923 -0.282825 -0.0305778 0.107086 
1.02162 1.22004 2.8811 0.788455 2.02739 0.406946 1.44356 1.08674 1.13834 0.655741 0.444797 -0.0168938 
0.918339 1.38516 2.08161 0.20062 1.97347 0.768541 1.40152 0.978253 0.500855 0.635422 0.0808586 0.0212853 
0.65671 1.23348 1.92209 0.55816 1.66473 0.813402 0.662471 0.628238 0.232723 0.339802 0.0267747 0.00216887 
0.585508 0.491656 1.57457 0.485287 1.43557 1.30662 1.28579 0.518698 0.879776 0.228307 0.135586 0.0127737 
1.04663 0.875341 1.28003 1.09122 2.41182 0.94337 0.00220389 -1.03223 0.663106 1.11278 0.449282 -0.127656 
0.778308 0.77081 1.841 0.065816 1.72052 0.591915 0.314784 0.242159 0.696244 0.3305 0.039745 0.00421836 
0.929286 1.10086 1.45291 0.216697 1.77615 0.600238 0.393137 -0.926903 0.653099 0.129054 0.326625 -0.0483508 
1.00967 0.539684 1.5202 0.877292 0.514934 0.644034 0.926897 0.057923 0.516098 0.13607 -0.104236 0.0445663 
1.07679 1.29767 1.93462 0.257693 2.16659 0.308231 0.816058 -0.0229188 0.442435 0.448226 0.169141 0.0750003 
1.0694 0.62012 1.83875 -0.443378 0.753812 0.416913 0.351098 -0.418132 0.397186 0.372874 0.0858338 0.082442 
0.941916 1.12821 1.25176 -0.480319 1.62067 0.449284 0.107242 0.210292 0.571177 0.0185606 0.212491 0.0616014 
0.827011 0.844357 1.1905 0.0505445 1.59687 -0.299513 0.490809 -0.0800186 0.289697 0.438832 0.152945 0.0864872 
0.996794 1.0204 1.30524 0.0700723 1.72297 0.621984 1.04898 0.476504 0.61562 0.717508 0.0574883 0.0181617 
0.758056 1.15432 0.966753 0.336788 1.31639 -0.327325 0.514459 -0.0172477 0.719121 0.606791 0.155638 -0.0697942 
0.891699 1.07101 2.05468 0.827306 1.25664 0.323723 0.462316 -0.259272 0.817416 0.323397 0.0498921 -0.0615555 
1.01345 0.401652 1.68289 -0.0590725 1.07359 0.661946 0.470752 0.142221 0.0501312 0.146282 0.157645 0.056712 
0.905721 0.70238 1.5248 0.333741 0.755687 0.0777794 1.00963 0.160102 0.685924 0.119229 -0.0736036 0.0200869 
