2.0171 0.00804142 -3.98407 -1.57994 3.40974 -1.762 0.281142 -0.0698594 1.46945 0.900486 -0.119846 -0.113504 
2.50474 -0.666538 -0.199059 0.784791 2.153 0.335564 0.0703616 0.610765 1.52355 0.144491 0.249893 -0.141219 
2.03796 -0.630988 0.159559 -0.386597 0.407948 -0.626579 0.104639 -0.852284 0.773642 0.677342 0.375603 -0.0675607 
2.7418 0.170962 1.17859 -0.165923 0.465867 -0.140929 0.527872 -0.144386 0.82808 1.08533 0.640087 -0.00515 
2.08687 -0.972227 1.63281 -0.497577 0.585195 -0.182147 0.312935 -1.01683 0.285745 0.683303 0.259879 0.0542382 
2.13054 -0.926749 1.35644 -0.974696 -0.0497501 -0.277736 0.24224 -0.0382992 -0.00650548 0.64908 0.531109 -0.018618 
2.46377 -0.627211 0.95927 -0.29985 0.621517 -0.00324496 0.0227113 -0.474897 0.744472 0.443322 0.542657 0.0746557 
2.00556 -0.649037 0.784984 -0.947919 0.524511 -0.783579 0.0999061 -0.0293087 0.275833 0.57947 0.294472 -0.00250562 
2.23322 -0.961908 1.3925 -0.0351871 0.83425 -0.133257 0.165159 -0.246414 0.428407 0.446155 0.377248 -0.0185396 
2.07227 -0.612479 0.931729 -0.522617 1.3981 -0.349056 -0.174817 -0.0846654 0.540335 0.705525 0.0376622 0.019834 
2.28426 -0.49535 1.11172 -0.683743 0.117358 -0.592808 1.03783 -0.469707 0.344352 0.633129 0.394215 0.0641938 
2.08626 -0.576113 1.17437 -0.451888 1.11895 0.1717 0.883954 -0.954595 0.0187995 0.602001 0.354844 0.00460249 
2.14148 -0.784974 1.10702 -0.807645 0.583197 -1.70907 -0.0704966 -0.343144 0.0920443 0.621049 0.637029 0.0498345 
2.12721 -0.660914 1.16279 -0.153629 0.379793 -0.507491 0.61084 -1.06712 0.410905 0.46974 0.265565 0.0119751 
2.24733 -0.416041 0.614832 -0.0172899 1.08049 -0.261038 0.392344 -0.198925 -0.0315919 0.524705 0.227926 0.00655945 
1.94413 -0.705929 0.657244 0.101827 0.481605 -0.107097 0.833906 -1.42569 0.408985 0.216657 0.382506 0.0551207 
2.05835 -0.715541 1.1111 -0.101998 1.20774 0.115974 0.492551 -0.735129 0.371553 0.568291 0.366006 -0.000320492 
1.89916 -0.378027 1.05926 -0.375436 1.2277 -0.0544107 0.453807 -0.910755 0.473795 0.258836 0.461109 0.119279 
2.19164 -0.660474 0.74164 -0.615004 1.25499 0.167085 0.421228 -0.713291 0.141741 0.514216 0.318215 0.0517849 
2.20564 -1.13505 1.10853 -0.383566 1.03614 -0.87446 0.443874 -0.557618 -0.0975523 0.429687 0.375911 0.0558643 
2.3299 -0.621556 1.10368 -0.563803 1.30666 -0.499227 0.061836 -1.08916 -0.0401038 0.198829 0.315765 0.0911455 
2.05378 -0.522466 0.987583 0.642706 1.50805 0.00442423 0.586202 -0.502512 0.525212 0.201592 0.30445 0.00283799 
2.22383 -0.640805 0.571513 -0.707779 0.381042 -0.248926 0.978761 -0.382703 -0.00513884 0.161601 0.303359 0.0305305 
-0.261605 -0.0949982 -0.813416 -3.77384 -0.745541 -1.0999 -1.56401 -0.298846 -0.197689 1.23327 0.100779 -0.231915 
-0.371206 -1.34325 -2.03843 -3.51964 -0.292251 -1.16368 0.268681 -0.758341 -1.39058 1.16162 0.35645 -0.0526393 
-0.919598 -1.4056 -2.24793 -3.73954 -0.664753 -0.688299 -0.249724 -1.48441 -0.353291 1.19767 0.290371 -0.0220173 
-0.9421 -0.645146 -2.45252 -3.14208 -1.63472 -1.2216 -0.753423 -0.433033 -0.0976322 1.39557 0.171041 -0.108178 
-1.02478 -1.05666 -2.58527 -2.94867 -1.25208 -0.956176 -0.650376 0.0954224 0.135389 0.994717 0.20543 -0.144757 
-1.2488 -1.05687 -2.04135 -2.93201 -1.28339 -1.44225 -0.391609 0.216513 0.237902 1.36581 -0.159879 -0.141569 
-0.229129 0.466227 0.0889631 -1.99062 0.0813145 -0.16187 -0.599777 0.159782 -0.155098 0.937281 -0.0229733 -0.180522 
0.704123 0.150599 0.79486 -1.54001 0.610814 -0.264014 0.444058 -0.513871 -0.136861 1.08527 0.213908 -0.175067 
1.15676 0.182604 0.893985 -2.50588 0.4321 -1.51705 -0.881862 -0.0577639 -0.418305 0.774449 0.194673 -0.181612 
2.23977 1.15049 1.79045 0.23029 1.58799 -0.168346 1.28154 0.0775754 0.0243014 1.61743 0.29153 0.00110212 
4.17559 2.85055 2.4736 2.80175 2.45251 0.241274 -0.944186 0.0229244 0.46696 -0.00406397 -0.0889444 -0.0335782 
4.67324 2.93539 2.37609 3.39734 2.88902 -0.354146 -1.34035 -0.27096 0.31784 -0.184031 -0.148891 -0.0291587 
5.87154 2.65412 1.39059 3.39347 3.11941 -0.621012 -1.58696 -0.63564 -0.091532 -0.189978 -0.169892 -0.00199277 
6.26043 1.99224 1.05555 3.55807 2.55631 -0.753542 -1.77856 -0.897661 0.131614 -0.209487 -0.201466 -0.00831688 
6.43731 1.42883 0.906606 3.79809 2.37509 -1.43351 -1.98126 -0.609804 0.318315 0.0232304 -0.0976656 0.0422853 
5.47299 2.09706 0.966514 2.75966 2.44038 -0.777511 -1.86763 -0.553135 0.283049 -0.207861 -0.0102681 0.086453 
5.15374 2.2456 1.18503 2.51917 2.56028 -0.729605 -1.79944 -0.551458 0.28783 -0.0359179 0.0637801 0.0640616 
4.33711 2.38121 1.59998 2.33194 1.53326 -0.987693 -1.59284 -0.390505 0.26547 -0.000843193 0.10177 0.0590768 
4.36683 2.19215 1.28963 2.26582 1.90042 -1.24849 -2.04943 -0.164161 0.720077 0.117967 0.0830058 0.0743435 
5.32538 2.22161 0.734372 2.2583 2.57233 -1.04726 -1.94245 -0.148512 0.614607 0.0164545 0.0286734 0.0943429 
5.3283 2.62735 0.615111 1.78596 3.53616 -1.64077 -1.35575 -0.0899688 0.485613 0.281774 -0.071593 0.0969363 
6.61103 2.09872 -0.0864996 1.56381 4.34513 -2.80606 -0.79415 -0.171441 0.4715 0.526701 -0.325218 0.201999 
6.25638 2.53741 0.992446 1.47668 3.52384 -2.7974 -0.677772 0.322314 0.821831 0.573972 -0.216691 0.178747 
4.67053 2.68733 1.29717 1.70427 1.73956 -1.46751 -1.24579 0.394268 1.1214 0.407327 0.11969 0.0846972 
4.70657 2.46139 1.00344 1.26629 1.23345 -0.698682 -0.706891 0.656626 1.27824 0.556048 0.284481 0.0857954 
4.53756 2.41144 0.849016 1.22138 0.67469 -0.830659 -0.558548 0.795658 1.32576 0.633663 0.187275 0.0489351 
4.12992 2.6492 1.39685 0.841719 0.518711 -0.541535 -0.0555836 1.18557 1.31479 0.690276 0.0979276 0.0205181 
4.93899 2.32896 0.24127 0.506854 1.17373 0.0321829 0.470659 1.88736 1.45116 0.616495 0.147889 0.00230979 
5.14565 1.97572 0.0528901 0.676614 1.87834 0.339809 0.821937 2.41869 1.21342 0.380136 -0.0616383 -0.0138567 
5.1498 1.69825 -0.746978 0.480263 2.56468 1.18613 1.33816 2.27998 0.817775 0.507069 -0.14519 -0.0517276 
5.1919 1.48653 -0.968197 1.3375 3.11995 1.93216 1.42605 1.28679 0.505147 0.260688 -0.150706 -0.0387448 
3.82773 0.849936 -0.248574 2.07986 3.92345 2.76623 0.955512 0.423666 0.231546 0.0722101 0.0943125 0.0575596 
3.3109 1.09736 0.53015 2.68535 3.78825 2.40253 0.598143 0.0647156 0.121017 0.115798 0.262708 0.0508533 
3.29721 1.02113 0.578887 2.64258 3.71395 2.07817 0.675427 0.432843 0.201555 -0.0268809 0.242426 0.0648369 
4.20401 0.395032 -0.122971 4.05397 5.30014 2.2487 0.551315 0.74842 0.276329 0.123585 0.149171 0.141872 
6.47991 0.0318197 -2.17005 3.59168 5.899 2.47303 0.876038 1.70669 0.250861 0.0712041 -0.105705 0.140855 
5.45247 -0.647015 -1.41616 3.49852 4.73242 2.00157 1.27693 1.30721 0.345416 -0.0732843 -0.0114344 0.126374 
4.77772 0.469149 -1.10694 2.07208 3.90237 1.53744 1.51602 1.99325 0.694564 -0.0352417 -0.226836 0.0597014 
4.26315 1.43598 -0.192806 1.28131 2.5416 0.576659 1.64638 2.407 1.50477 0.150769 -0.209567 -0.0319311 
3.81789 2.13419 1.14639 1.46204 1.64543 0.768272 0.965889 1.70908 1.42462 0.526516 0.0460287 -0.0133492 
3.10134 1.88281 1.18977 1.58489 2.10526 1.93798 1.65242 1.28807 0.510357 -0.0932684 0.0729266 0.0468646 
2.9446 2.25497 1.97562 2.01183 2.09661 1.99233 1.58306 0.992292 0.464392 0.246597 0.194149 0.0537708 
2.76852 2.22384 1.98088 1.85387 1.74164 1.59274 1.35783 1.02993 0.661124 0.395859 0.241114 0.0526019 
2.77687 2.32605 2.19511 2.01834 1.80802 1.52796 1.27134 1.02317 0.798878 0.527853 0.316766 0.0663734 
1.04016 2.64036 4.83597 -0.654537 3.02465 1.91449 1.57301 0.40599 0.992828 0.808428 0.0966757 0.145931 
2.34896 2.33479 3.88446 1.13646 2.56942 2.5225 1.38467 1.19337 1.40963 0.375641 0.234025 0.14426 
2.78774 2.24021 2.89065 2.2847 1.66482 2.41434 1.57789 0.803963 1.43922 0.678336 0.236968 0.118973 
3.13295 2.58652 2.75085 2.93859 2.48642 2.10104 2.00947 1.17241 0.829025 0.501428 0.338353 0.105894 
2.5266 1.12048 2.82403 1.94949 2.31914 2.33062 2.54509 0.191229 0.999185 1.05093 0.328026 0.099575 
1.95903 -0.0929867 2.21264 1.49967 0.933166 1.29562 1.29733 -0.756297 0.603086 0.492092 -0.0366296 -0.00541269 
1.9819 0.0356767 1.38429 1.36438 1.11448 1.03741 0.676757 -0.0369477 0.147513 0.290671 0.469552 0.0216963 
1.82059 -0.165682 1.5977 0.241953 0.889205 0.916195 1.10203 -0.61221 0.00327685 0.516633 0.56425 0.0163051 
1.72145 -0.296176 1.39462 1.20296 1.46602 -0.452469 1.29453 -0.172039 -0.193663 0.113577 0.454624 0.0657463 
1.45872 -0.610018 1.37288 0.671143 0.174659 0.536234 0.611196 -0.812844 0.469349 0.328159 0.360907 0.118381 
1.51563 -0.210661 1.19725 0.784643 0.331401 -0.64282 -0.00715911 -0.947021 0.429483 0.332563 0.204038 0.0757457 
1.46182 0.0217008 1.2611 0.566446 0.737364 0.487174 0.136134 -0.136501 0.334257 0.074975 0.49036 -0.0356791 
1.50417 -0.778333 1.34891 0.346403 0.593589 0.498849 0.81907 -0.477743 0.0565922 0.494985 0.444056 0.010673 
1.52518 -0.136174 0.974218 -0.0617592 1.21843 -0.415471 -0.172608 -0.470197 -0.128989 0.282947 0.390612 0.0306668 
1.35763 -0.377521 1.04053 0.669191 0.521642 -0.365427 0.117784 -0.501493 -0.0675507 0.418743 0.566322 0.000453371 
1.2752 -0.228961 1.02162 -0.266146 0.772855 -0.305915 0.562414 -0.518774 -0.222957 0.151266 0.471064 -0.076426 
1.33891 0.0785231 1.35152 0.17806 1.19942 -0.283352 0.109716 0.0508958 0.327974 0.234308 0.34913 -0.0122874 
1.33783 -0.318632 1.07055 -0.219407 0.636154 -0.492927 0.453526 -1.12604 -0.102418 0.772821 0.300276 -0.0196998 
