2.86894 0.686798 0.682383 -2.53131 -1.29111 -1.94302 0.285094 0.195674 1.7371 0.917102 -0.362053 0.0776096 
2.71324 0.63749 0.989291 -1.78134 -1.52301 -1.57588 0.00558933 -0.319557 0.674762 1.0926 0.239729 0.105061 
1.67757 0.401646 1.2015 -0.769646 0.167697 -1.61599 -0.328745 -0.494206 1.0826 0.707766 0.15645 0.142461 
2.52586 -0.645449 1.52056 -2.3346 -1.49494 -1.27395 -0.342642 -0.609692 0.84469 0.789389 0.358444 0.191328 
2.28776 0.435101 0.930973 -0.572538 0.37126 -1.29701 -0.687641 -0.53369 1.14286 0.786446 0.609621 0.111074 
2.38979 0.527182 1.3978 -1.12716 -1.88755 -1.07397 -0.164968 -0.972022 0.931583 1.02852 0.361568 0.140566 
2.06804 0.172577 0.148074 -0.741764 0.819482 -0.997247 0.404726 -0.272088 1.23993 0.584161 -0.102851 -0.144461 
1.803 0.0652369 1.23234 -0.654619 1.42604 -1.12908 0.252805 -0.301329 0.498401 0.867588 -0.0574013 0.00366594 
1.63467 0.0957483 1.27893 -0.287454 0.841003 -0.119912 0.56571 -0.137988 0.745786 0.43784 0.0844206 0.0650639 
1.87547 0.112626 1.15004 0.116449 0.930404 -0.392935 1.09487 0.324501 1.0195 0.214621 0.00386899 -0.0138258 
2.00812 0.752515 1.36575 -0.00670639 1.49363 -0.133058 1.13757 0.231331 0.804331 0.0430796 0.0114669 0.00422068 
1.74239 0.201812 1.78342 -0.976003 0.644303 -0.545017 0.648864 -0.357933 0.280728 0.403571 0.147513 -0.033841 
1.87795 0.749427 1.37545 -0.760905 0.851615 -0.889541 0.104367 -0.961171 0.49862 0.349019 0.167486 0.0859101 
1.9341 0.453036 1.63396 -0.561935 0.832308 -0.81137 0.510182 0.2897 0.433361 0.38672 0.046074 -0.00133139 
1.67164 0.715045 1.09155 -0.230455 0.276076 -0.161389 0.76424 -0.389544 0.612402 -0.366753 0.392608 0.0518903 
1.42975 0.19728 1.05103 -0.413085 0.619138 -0.32602 1.07021 -0.215702 0.895621 -0.0259904 0.0332373 0.088153 
1.40196 0.214758 1.26947 -0.401764 0.0653498 -0.353426 0.818781 -0.699603 0.428483 -0.160605 0.177411 -0.00323683 
1.35828 0.157011 0.528873 -0.694357 0.619755 -0.545048 1.35397 -0.543495 0.0662579 0.288111 -0.0436126 0.031633 
1.69443 0.166488 1.73927 -0.498263 1.08756 -0.541475 1.18712 -0.420677 0.0494078 -0.473572 0.277824 0.10146 
1.18944 1.06144 1.17608 0.925222 -0.542321 0.533496 0.145586 0.56982 0.101085 0.152783 0.19793 0.0347859 
1.11769 0.903003 -2.56744 0.947737 -2.2076 2.94699 -0.374003 1.12961 -0.439155 0.809871 -0.0856326 -0.0704625 
2.82858 -0.217839 -0.229146 -2.70758 -0.25003 -0.648869 -0.181768 -0.550558 -0.680991 1.81215 -0.0586119 -0.0997099 
1.66183 0.62051 0.0508724 -1.01993 -0.336815 -0.369163 -0.0409652 -1.31013 0.481879 1.37811 -0.2604 -0.115986 
0.917508 -0.261278 -0.250498 -2.46492 -0.533613 -1.11841 0.359387 -0.723249 0.974601 0.666018 -0.646811 -0.0821061 
0.543139 -0.114417 -0.428968 -1.20945 -0.487386 -1.05623 0.291715 -0.875612 0.575953 1.04672 -0.3478 -0.143611 
0.222898 -1.11118 -0.865422 -1.51387 -0.0734609 -1.00402 0.459186 -0.869923 0.496453 0.737585 -0.601865 -0.0847627 
0.532102 0.500774 0.556611 -1.38514 0.990878 0.436266 0.250812 0.0388542 0.476719 1.03194 -0.479946 -0.124464 
-0.833861 -0.552125 -0.217313 -2.42013 0.128499 -0.764654 -0.00624038 -1.02414 0.815996 0.99662 -0.30262 -0.0970347 
-0.807914 -0.554084 -0.681023 -2.38461 0.0318723 -1.52351 1.25741 -0.853149 0.566077 0.743025 -0.341724 -0.0878526 
-0.435351 -0.568389 -0.355603 -2.05171 0.366552 -0.801629 0.263598 0.0269279 0.691974 1.11506 -0.287654 -0.0705589 
0.494389 -0.624902 -0.0971869 -1.91419 -0.0296792 -0.860851 0.722229 -0.780807 0.273066 1.05981 -0.223878 -0.0622481 
2.72121 1.15387 2.82737 1.13419 3.05454 -0.165376 0.552661 0.245814 0.584349 0.890707 -0.348654 -0.00718996 
4.17118 2.64523 2.23144 3.38577 2.6802 -0.71899 -0.648767 -0.0384514 0.789697 -0.196584 -0.23909 -0.0303483 
4.66342 2.52661 1.89943 3.19479 2.73801 -0.806701 -1.05702 -0.471603 0.623715 -0.218287 -0.224505 -0.0352916 
5.41532 2.31738 0.854941 3.51897 2.76469 -1.21128 -1.40483 -0.794769 0.311093 -0.367024 -0.180193 0.00674546 
5.20864 2.06956 1.46639 3.48958 2.39098 -1.50427 -1.58294 -0.419211 0.320059 -0.189009 -0.181707 0.0325175 
7.3799 1.08906 0.706915 4.64903 3.07031 -3.10532 -0.424691 -0.744729 0.608248 -0.323786 -0.0972302 0.111967 
5.3693 1.91652 1.53483 3.06974 2.19864 -0.783629 -1.82504 -0.240403 0.436082 -0.218918 -0.0683356 0.0769056 
5.08526 1.87507 1.66024 3.52645 2.15149 -1.06826 -1.79168 -0.029646 0.540745 -0.138845 -0.0995993 0.0710799 
4.98327 1.76784 1.53407 3.23464 1.90678 -1.08972 -1.80153 -0.0585976 0.667953 -0.00380364 -0.0697417 0.0640747 
3.78941 1.90588 1.49892 2.37854 1.2895 -1.11866 -1.39783 0.20092 0.846178 0.196157 -0.0142826 0.0571182 
4.10665 2.2232 1.09983 1.87536 1.64364 -0.867675 -1.76661 -0.176063 0.538339 -0.0501777 0.0574473 0.0354217 
5.72101 1.87009 1.01828 2.39499 2.97268 -2.21268 -1.11344 -0.111593 0.939679 -0.0165747 -0.347003 0.0469146 
5.05174 2.27297 1.02916 2.04442 1.87812 -1.85499 -1.07512 0.252436 1.17297 -0.0472891 -0.13376 0.0583868 
4.91092 2.6791 0.526833 1.2591 2.23187 -3.03362 0.564001 0.222287 1.76015 -0.0914462 -0.190259 0.131425 
4.60495 2.28968 0.367808 1.2034 1.50312 -2.23718 0.689611 1.15905 1.98814 0.179243 0.0147676 0.0838785 
4.45958 2.47644 0.653375 0.887876 1.24605 -1.44506 0.590798 1.75434 1.94495 0.222993 -0.127865 -0.0280396 
5.73328 1.82084 0.00916969 0.970915 2.50923 -1.63779 1.47796 2.23118 1.40888 0.24596 -0.497382 -0.0290136 
4.66531 1.88344 -0.429475 1.93881 2.84181 0.0960866 2.18129 1.48682 1.65406 -0.240025 -0.471709 -0.0715623 
4.34182 1.2 -0.119812 2.18303 3.44853 1.47508 1.33204 1.20653 0.798236 -0.224673 -0.139497 0.0453511 
4.40278 0.441842 -1.20352 2.86481 4.96117 0.498619 1.85679 0.159345 0.913171 0.0263806 -0.0512847 0.0897715 
5.13924 1.00916 -1.90052 3.96069 6.36351 -0.0251078 2.25951 0.153616 1.04771 0.0268636 -0.203242 0.169054 
4.14188 0.288053 -0.0683727 3.88301 5.44649 0.868141 1.34961 0.737498 0.542094 0.217947 -0.0787583 0.106344 
3.70174 0.949684 0.221607 3.70006 5.18357 1.82621 1.46168 0.332351 0.483129 0.232271 -0.0529068 0.0726726 
3.98847 0.956321 0.506792 3.61837 4.99835 1.67834 0.956734 0.902993 0.337402 0.0997475 0.0107484 0.0912995 
4.12643 0.760796 0.0705432 2.84304 5.16921 1.40558 1.63839 1.35351 0.142554 0.130673 -0.24062 0.103692 
3.90093 1.54992 0.429861 2.16721 3.94688 1.43745 2.27917 1.72971 0.421986 0.0556279 -0.384563 0.0477489 
4.27866 2.07724 1.10561 1.47223 2.12292 1.20138 1.55682 2.41051 1.06654 0.103328 -0.268502 -0.056117 
7.58995 2.30484 0.736561 2.21799 4.1437 0.181134 3.24317 2.24327 0.314819 0.184589 0.118771 0.211496 
3.23509 2.56456 2.26025 2.49309 2.89065 2.86396 2.20054 1.13542 0.384947 0.233486 0.29795 0.110013 
2.90385 2.4542 2.35509 2.308 2.21323 1.9266 1.43361 1.00147 0.565088 0.25485 0.112555 0.0451721 
3.07034 2.70986 2.54885 2.4174 2.32602 2.08229 1.61222 1.11182 0.673085 0.399002 0.173185 0.0706985 
2.83339 2.39557 2.21236 2.06126 1.89486 1.65485 1.37108 1.0698 0.780514 0.540339 0.311404 0.0708499 
2.43426 2.82579 1.58466 2.56143 1.07886 2.31631 0.925579 1.3445 0.501569 0.644025 0.350642 0.0843397 
2.04046 2.98274 1.7082 2.64339 1.19086 2.61431 1.44914 1.40867 0.455057 0.593682 0.473936 0.0672019 
2.59876 2.23961 2.39419 1.64246 1.57596 1.73584 1.25585 1.06181 0.917771 0.461258 0.476867 0.0583319 
2.56327 2.23238 2.19443 1.6215 1.61932 1.53597 1.18917 1.0212 0.807785 0.599174 0.274442 0.0508844 
2.27668 2.49254 3.43221 1.16876 0.694195 0.424766 0.0714821 -0.641116 0.425326 0.427791 0.526183 0.0605048 
1.98186 1.8886 1.95596 0.925168 0.231189 0.0812604 0.989455 -0.184776 0.0378131 0.537767 0.394876 0.0378796 
1.88016 1.63189 2.27429 0.658911 1.06893 -0.703166 0.313108 -0.435601 0.038408 0.548918 0.165418 0.0864686 
1.59388 1.09264 2.24494 0.545428 0.565042 -0.354934 0.649562 -0.540661 -0.0419168 0.185903 -0.00857413 0.0828466 
1.20431 0.594276 2.12465 0.580877 0.0173622 0.460329 1.16714 0.345917 0.419542 -0.0407851 0.254983 -0.00311199 
1.35807 1.35187 1.84399 0.643016 0.893837 -0.163885 1.03483 -0.0636254 0.55342 0.411461 0.171081 0.00182323 
1.04339 1.00804 2.26001 0.373443 0.484249 -0.38781 1.24433 0.303027 0.426549 0.284114 0.34484 0.00612058 
1.30814 1.45197 2.33901 0.438354 0.339439 -0.187808 1.04741 -0.639623 0.100274 0.213366 0.144107 0.0436314 
1.17238 0.966601 1.53945 -0.139898 0.161331 0.156662 1.12416 -0.606007 -0.00246188 -0.209575 0.321267 0.00418681 
1.10103 0.768971 2.52033 0.142203 0.643209 0.190313 1.206 -0.264395 0.0922569 0.289033 0.308388 0.00461153 
1.07813 0.247031 1.82547 0.159506 0.182568 -0.573408 1.13625 0.365928 0.113148 0.327668 0.0392913 0.0684713 
1.20237 1.12077 2.09027 0.244071 0.116483 0.616471 1.17126 0.347425 0.231253 -0.270534 0.221493 0.0142178 
1.14765 0.744298 2.05495 -0.260228 0.701448 -0.130574 0.749086 -0.279168 0.218338 -0.0689053 0.292604 -0.0642526 
1.27198 0.52922 1.84936 -0.203912 -0.14149 0.213493 1.23678 0.652682 0.358127 0.100862 0.464322 -0.0516814 
1.46829 0.515285 1.65272 -0.0722939 0.598429 -0.402799 0.960455 0.205883 0.495919 -0.00302346 0.177621 -0.00376355 
1.29834 0.569543 1.23213 0.489613 -0.0599728 -0.567834 1.32356 0.300172 0.82046 -0.135336 0.224563 -0.0363604 
1.38705 0.322405 1.2785 0.544745 0.84252 -0.0978684 1.19835 -0.147503 0.0854618 0.329586 -0.0699516 -0.052219 
1.08516 0.417164 0.997956 0.776138 0.464418 0.0252679 1.3599 0.0969507 0.129617 0.0245027 0.168262 -0.0506983 
