0.614765 -2.46385 -0.956983 0.153441 -0.282351 1.08857 0.992186 -0.805562 0.952285 1.26782 -0.259372 -0.302895 
2.25944 -0.348434 -0.378719 -0.426111 1.04952 1.84753 -0.135433 0.110098 1.72736 0.543953 -0.171144 -0.139839 
2.19398 0.362191 1.12049 0.150759 0.83735 0.568714 0.50146 -0.558426 0.831657 0.42485 0.307644 -0.0952768 
2.39801 0.433976 1.25493 -1.66987 0.0674845 -0.739746 0.0697874 -0.169075 0.581096 0.228375 0.704429 0.0677336 
2.45219 0.288853 1.12103 -1.08317 -0.616946 -0.706015 0.196711 0.398252 0.628869 0.269269 0.478654 0.0702439 
2.86641 0.776187 1.62327 -1.08408 -1.4124 -1.32538 0.252418 0.127282 0.403087 0.58297 0.700822 0.0801239 
2.57855 0.915285 0.55081 -1.24696 -0.537907 -1.09532 -0.209349 0.198451 0.502341 0.473122 0.85178 0.117821 
2.4309 0.732008 1.13402 -1.39173 -0.140933 -1.77727 -0.0249307 0.769315 -0.0278473 0.871788 0.797685 0.0737485 
2.39984 0.606233 0.87577 -1.78714 -1.17448 -1.17242 0.0957585 -0.0926974 0.231737 0.596698 0.7041 0.132111 
2.36354 0.71942 1.48655 -1.52244 -0.0134099 -0.660092 -0.0792267 0.243951 0.0647689 0.611273 0.551004 0.0821594 
2.21763 0.664081 1.58742 -0.663379 0.819112 -0.103138 0.997099 -0.541992 0.156721 0.189993 0.565647 0.0317417 
1.67811 0.333841 1.62787 -0.419048 0.643822 0.201147 0.435713 -0.102932 -0.289882 0.0358178 0.132697 0.0315648 
1.79767 0.0844427 2.0149 0.0547282 0.17879 0.614704 1.05105 -0.027353 0.660991 -0.392971 0.0705771 0.0540583 
1.94282 0.221902 1.44105 0.191907 0.734951 0.493267 0.976427 -0.14786 0.60688 -0.0510969 0.123502 0.0844506 
3.41159 1.32188 1.0505 -1.90147 -1.55783 -2.13442 -0.58749 -0.955041 0.47085 0.382467 0.0641378 0.0756689 
2.083 0.639632 -1.96043 -1.29355 -1.2041 -3.41591 -0.270765 -0.0345392 1.11061 0.565606 -0.450279 0.00906468 
0.998286 0.433642 -0.152797 -1.71282 -0.277468 -1.57173 0.131366 -0.30736 0.111568 1.32589 -0.0692124 -0.0604965 
0.0876599 0.0150738 -0.193466 -1.49031 -0.674168 -1.73524 -0.116963 -0.629601 0.384458 0.89322 -0.521914 -0.0540484 
0.223112 0.312839 -0.0442041 -1.93297 0.244803 -0.93441 -0.0957976 -0.704889 0.197024 1.21482 -0.241045 0.0166383 
0.0953956 0.647659 0.150761 -1.15341 -0.0940512 -1.24544 -0.0140226 -0.705006 0.0600784 1.01201 -0.0980905 0.0262913 
-0.238426 0.109159 -0.303622 -1.85793 0.13243 -1.08715 -0.449723 -0.811291 0.69799 1.13231 -0.406983 -0.00353724 
-0.612752 0.0344102 -0.478673 -2.27358 -0.546472 -1.21365 -0.204444 -0.820657 0.233578 1.08987 -0.262565 -0.0277015 
-0.696514 -0.591533 -1.20148 -1.6344 -0.4896 -0.751904 0.160863 -0.39469 0.347314 1.39133 -0.291886 0.0334122 
0.151561 -0.1125 0.170836 -0.750664 0.0558427 -1.09495 0.00975125 -0.10466 0.672666 1.32945 -0.417526 0.00164606 
0.926109 0.136297 1.13654 -0.437425 1.02433 -1.0277 0.703015 -0.939134 0.485714 0.94932 -0.465943 -0.128441 
2.18281 -0.0866869 0.456117 0.016086 1.5055 -1.7089 0.26599 -0.508424 0.575966 0.903299 -0.448659 0.0626734 
4.19988 2.8241 2.34916 2.73409 2.74224 -1.13865 0.0691321 0.335166 0.0410987 0.511903 -0.177309 0.028865 
5.10075 2.43758 2.37367 2.676 3.18887 -2.24769 -0.572532 0.62954 -0.50251 0.307512 -0.160299 0.0812174 
5.57601 2.12004 1.82561 2.63761 3.64522 -3.16504 -0.959076 0.265094 -0.771467 0.342993 -0.262358 0.113474 
4.76696 2.15676 1.75124 3.52311 3.21392 -2.77851 -1.49345 0.208097 -0.181132 0.162266 -0.266471 0.0975062 
4.4297 1.97379 1.73324 2.94529 2.43107 -1.73518 -1.58904 0.0523447 -0.0862255 -0.057909 -0.0926571 0.0593191 
4.4599 2.4393 1.8553 2.70665 2.21444 -1.75027 -1.01544 0.174289 -0.407586 -0.0539997 -0.140731 0.0499188 
6.49653 1.10091 1.25528 2.79856 4.04997 -3.77475 -1.18028 -0.0511868 0.074065 0.318383 -0.448292 0.0940409 
4.7742 2.17559 1.76591 2.80397 2.29196 -1.72841 -1.60297 0.0692305 0.174873 0.251166 -0.0652087 0.0615608 
4.45042 2.52954 1.50034 2.56935 2.6212 -1.31308 -0.894503 0.225593 0.733263 0.427974 -0.200164 0.0057443 
4.25169 2.76438 1.89232 2.07007 1.8725 -1.52469 -1.18265 -0.0735338 0.539149 0.396754 -0.0357457 0.0591736 
4.37124 2.86712 2.19788 2.19341 1.96394 -1.81409 -1.38991 0.151865 0.587705 0.371327 -0.118053 0.0541702 
5.39863 3.36109 1.27923 1.89941 3.40667 -3.16562 -0.560223 -0.00445934 0.324573 0.737998 -0.253247 0.183879 
5.2666 2.95813 1.63364 2.12534 2.83653 -2.63916 -1.02264 0.0496403 0.760264 0.636975 -0.0866868 0.123824 
4.9536 3.22383 1.19116 1.77392 2.58705 -2.01838 -0.322574 -0.304077 1.0725 0.101881 -0.118619 0.0489449 
4.50492 3.0014 1.42829 1.5949 2.26828 -1.87911 -0.491321 0.240018 1.19983 0.195412 -0.137723 0.0307232 
4.32631 2.64768 1.59198 1.78029 1.37842 -1.01848 -0.827878 1.12305 1.33875 0.375361 0.0588894 0.0527528 
4.95565 2.91249 1.15113 1.56165 1.55818 -1.49697 -0.264808 1.17607 1.82369 0.239386 0.0747213 0.062123 
5.16306 3.05259 0.890846 1.22825 1.7488 -1.64186 0.291378 1.41138 2.26223 0.447029 -0.00744074 0.0140308 
5.53022 2.91416 0.324861 1.00658 1.49526 -1.28889 0.72533 1.99538 2.2682 0.467081 -0.0611219 -0.0153983 
6.66832 2.6305 -0.927458 1.35211 3.07013 -2.31958 2.37227 1.47485 2.36354 0.339689 -0.411899 0.0459629 
3.9833 2.1414 0.716664 1.20431 1.61038 0.917319 1.00242 2.17548 1.78838 0.304439 -0.41024 -0.121975 
3.4771 1.69297 0.626834 1.21043 1.86579 1.69663 1.61622 1.78947 1.22967 0.10442 -0.514224 -0.0819487 
3.70156 1.62715 0.716101 1.88121 2.61178 1.85081 1.44435 1.47451 0.919379 -0.0375355 -0.29444 -0.0165429 
3.96518 1.1446 0.454469 3.0254 3.97317 2.03635 1.00194 1.33351 0.798353 -0.0286712 -0.150048 0.0511735 
5.26611 0.587359 -0.545332 3.67195 4.99318 1.82223 0.901905 1.49177 0.38209 0.338916 -0.0551833 0.0670504 
3.9086 1.06125 0.341975 2.98059 3.99033 1.99503 0.812635 1.10112 0.695814 0.197059 0.0905832 0.069818 
3.5952 1.19448 0.564849 2.79063 3.72405 2.10498 0.899135 0.947203 0.653651 0.175156 0.184421 0.0729048 
4.19205 1.10069 0.193303 2.87406 4.14842 2.32297 1.08547 1.19423 0.518981 0.0387066 0.0328078 0.0916506 
5.35029 1.43228 0.0767987 2.97551 3.67197 1.39883 1.77286 2.73731 1.17074 0.0663312 -0.519939 -0.0416476 
5.91921 2.13001 0.430319 2.50252 2.87472 0.898666 1.40239 2.98222 1.69317 0.211977 -0.44465 -0.0766457 
3.97987 3.19062 2.29113 1.64142 1.47492 1.78861 2.22325 2.03231 1.26693 0.448515 -0.0935877 -0.0141711 
2.89598 2.42377 2.1819 2.00415 1.8928 1.77855 1.50073 1.15497 0.756731 0.442922 0.253942 0.0625032 
2.74334 2.27593 2.08798 1.8894 1.68011 1.4423 1.1903 0.946345 0.704671 0.476498 0.263796 0.0494129 
2.83546 2.45785 2.28954 2.13058 1.87397 1.55385 1.33622 1.11613 0.785432 0.489848 0.260941 0.0739173 
1.98817 3.51455 1.30613 3.44456 1.01531 2.59906 1.20219 1.52009 0.73005 0.490684 0.462768 0.0647072 
1.40208 3.70169 0.93056 2.69676 1.23181 2.14901 0.796371 1.23715 0.436341 0.559736 0.693969 -0.0405815 
2.50354 2.4364 2.21593 2.04767 1.45115 1.88487 1.30102 1.57933 0.669561 0.728178 0.368851 0.0678744 
2.3564 2.04943 2.633 1.48615 1.93887 1.66166 1.25257 0.866552 0.840307 0.49974 0.478044 0.049087 
2.4481 1.46602 2.83495 1.46037 1.73729 1.54965 2.55455 0.324701 1.39299 0.61875 0.261151 0.0873879 
1.89487 1.8622 2.88128 0.970661 1.78315 1.68986 1.68371 -0.115021 1.25857 0.680255 0.484186 0.0499488 
1.52108 1.13165 2.16542 0.706099 1.09695 0.627907 1.45332 0.389346 0.707877 0.0831149 0.341066 0.0293845 
1.67785 1.25414 2.60539 0.58136 1.46209 0.978438 1.83864 0.262527 0.360303 0.29855 0.298199 0.0162407 
1.76188 1.1124 2.36352 0.748774 1.48853 1.32061 1.14908 0.297177 0.439654 0.0477775 0.469489 0.0143815 
1.49707 0.882666 2.22609 0.824959 0.945637 0.592342 0.74607 -0.50913 0.214044 0.333194 0.290905 0.0171885 
1.44944 0.632901 2.13317 0.855687 1.43842 1.23537 0.61319 -0.12414 0.201589 0.0335099 0.464792 0.038356 
1.4164 0.802636 1.98009 -0.466059 1.00281 -0.0164848 1.27835 0.483201 -0.105795 0.399772 0.29275 -0.0114182 
1.44578 0.845186 2.45452 0.254263 0.930818 0.250878 1.26744 0.301992 0.495196 0.108298 0.402749 -0.0234911 
1.23913 1.13552 2.27499 -0.325904 0.52965 0.561923 1.14787 -0.0831913 -0.00435205 0.331085 0.364096 -0.000252166 
1.54856 0.550306 1.91213 0.214274 -0.460664 0.0563247 1.3227 -0.479386 0.259975 0.450002 0.282927 0.0554059 
1.32447 0.506008 1.55223 -0.00403084 0.707679 0.578088 1.0006 -0.485935 0.068793 0.428047 0.17974 -0.0620826 
1.3152 0.264922 1.89203 0.510596 0.082329 0.406178 1.20287 0.222184 0.141219 0.106907 0.373173 0.0197731 
1.29633 0.26205 1.62964 0.311336 0.321245 -0.312921 0.92262 -0.575867 0.258225 0.577958 0.332312 -0.0431553 
1.57529 0.814704 1.50459 -0.0606822 0.248644 -0.211537 1.26365 -0.158191 -0.163681 0.080938 0.148899 0.0323634 
1.85018 0.678553 1.55285 0.500631 0.409387 -0.327617 0.648506 0.0213937 0.141338 0.224031 0.0491365 0.0168683 
1.71799 0.926039 0.992191 -0.276795 0.243561 -0.423763 0.682811 -0.291284 0.342613 0.298382 0.135412 0.0474434 
1.45238 0.424191 1.19091 0.226371 0.0992275 0.494409 -0.294824 -0.360072 0.520605 0.156545 0.138703 -0.0308663 
1.65841 0.373516 1.54411 -0.631986 0.889681 0.377505 0.249721 -0.975467 0.520881 0.219831 0.037276 0.0439373 
1.62174 -0.0747904 1.10932 -0.289052 0.315914 -0.172772 0.52527 -0.271783 0.230064 0.480239 0.108366 0.0188459 
1.50188 0.287213 1.22227 0.623525 0.600866 0.193106 0.482859 -0.767284 -0.183786 0.15242 0.214898 0.007094 
