2.11898 -0.227153 0.747043 -0.789787 0.47409 -0.853116 0.354248 -0.681871 0.737389 0.806734 0.462579 0.0483863 
2.22839 -0.459507 0.516318 -0.735806 0.706178 -0.922312 -0.23305 -0.555773 0.258999 0.409685 0.544832 -0.0130882 
2.21274 -0.556467 1.09519 -0.666866 0.465667 -0.385499 0.410578 -0.53503 0.427395 0.750889 0.532779 0.0519711 
2.1676 -0.232473 0.87744 0.071374 0.94907 -0.5607 0.501004 -0.41677 0.528216 0.507198 0.438405 0.0695875 
1.769 -0.327447 1.14395 -0.00689336 1.63524 -0.637542 0.202051 -0.543367 0.394374 0.369423 0.626904 0.0405403 
1.61753 -0.66893 0.689152 0.0166949 1.06027 0.0971916 1.18614 -0.577759 0.168794 0.574047 0.660643 0.0882568 
2.2115 -0.968163 0.913772 -0.026475 1.6687 -0.152258 1.19519 -0.755335 -0.0422691 0.493348 0.329306 0.0442468 
2.04701 -0.351941 1.12416 0.456361 1.35081 -0.0142445 0.423609 -0.483397 0.580278 0.377775 0.534137 0.101597 
2.12146 -0.346124 0.849147 0.258759 1.36569 0.55288 0.622556 -0.445106 0.2716 0.358333 0.548761 0.0671963 
1.39383 0.96211 -0.560719 -0.0959403 -1.24798 0.358379 -0.584837 -0.181845 0.362761 0.103208 0.813943 -0.130741 
-1.32246 1.87699 -0.594648 -1.42838 -1.08118 0.496708 -2.00531 0.547989 0.4411 -0.385593 1.01948 -0.0984968 
-2.83061 1.74098 -1.26054 -1.26579 0.0547411 0.64532 -0.263937 0.753099 1.62191 -0.704 0.599641 -0.120196 
-2.65542 1.21877 -2.02712 -2.65317 0.921114 0.507964 0.125979 -0.0176921 1.40998 0.0701058 0.973174 -0.117851 
-2.54043 0.440608 -4.53949 -3.766 0.951813 1.49568 -0.0565439 -0.0329275 0.997423 -0.669601 0.53665 -0.210778 
-1.69675 1.91052 -2.05402 -2.56689 0.850184 0.728162 -1.23548 -2.0859 0.135908 -0.702901 0.711045 0.0372803 
-0.623975 2.23171 -0.126767 -1.28204 0.963033 1.05524 -0.0964472 -0.66094 -0.218912 -0.2156 0.717861 -0.112143 
-1.90281 0.130262 -0.675444 -1.9973 -0.84764 -0.248243 -0.376019 0.479537 0.734879 -0.346875 0.666894 -0.152222 
-1.07568 0.00611306 -0.801836 -1.53344 -0.841968 0.0395469 -0.606223 -0.562778 0.699873 -0.29092 0.876933 -0.079887 
0.811562 0.366023 -0.0639551 -0.758015 0.294411 -1.12546 0.658985 -0.0290634 0.0270361 0.0808017 1.13219 -0.202945 
2.40877 1.69883 0.66969 -0.37505 1.08419 0.136061 0.197192 -0.0650045 0.176772 -0.258259 0.760101 0.095837 
4.27969 3.97566 2.25044 3.46298 2.76036 0.0500311 1.5056 -0.930383 0.215016 -1.02906 0.41256 0.0204987 
4.62405 3.4298 2.36938 4.04603 2.08525 -0.759098 1.92627 -1.40818 -0.491172 -0.625442 0.410091 0.0400993 
4.87761 2.79635 2.02303 4.40432 1.37206 -0.973256 1.36001 -1.1564 -1.14868 -0.47773 0.494287 0.0350687 
3.85455 2.44468 2.07653 2.24315 1.20658 -0.693699 -0.46061 -0.404699 -0.803315 -0.22948 0.33907 0.0892084 
3.54113 2.44035 2.6601 2.42867 0.178699 -0.549863 0.169528 -0.5459 -1.14397 -0.109929 0.498011 0.0666994 
4.04502 2.20697 2.27918 2.66235 0.914049 -0.431876 0.263659 -0.852922 -1.3692 -0.181223 0.652584 0.121507 
4.92973 1.8205 2.14324 3.66533 1.6257 -0.350144 0.565172 -1.16402 -1.29266 0.160115 0.676979 0.105854 
4.85544 1.6933 2.19603 3.03779 0.816375 0.238795 0.928921 -1.00382 -1.65785 0.0308922 0.816586 0.158184 
4.99139 1.53952 1.6624 2.98617 1.20527 -0.261246 0.175007 -0.47457 -1.12062 -0.186868 0.507426 0.151289 
5.09366 1.77717 1.48744 2.13916 1.32901 0.0442817 -0.0428432 -0.551099 -1.20544 0.235944 0.622799 0.1701 
4.28764 2.38947 1.60866 1.39103 1.374 0.783884 0.222206 -0.39611 -0.962503 0.0652636 0.493505 0.136842 
4.23364 2.74892 1.10298 0.951386 1.52587 -0.115474 0.0540979 -0.334859 0.434262 0.0469973 0.502246 0.129812 
4.63752 2.34646 0.723948 -0.0357732 1.2729 -0.349386 -0.067777 0.776562 0.698021 0.425426 0.541766 0.143647 
4.4864 1.84447 -0.198099 0.511577 1.47282 -0.662135 1.37312 1.08513 0.970221 0.227107 0.525562 0.174506 
4.7913 1.23908 -0.925236 1.03021 2.22789 0.201144 1.78128 1.09276 0.597587 0.516856 0.347995 0.100143 
4.31035 1.24743 -0.505467 2.30945 3.04193 0.768734 1.73523 0.606507 0.448062 -0.19528 0.262385 0.13649 
4.03525 1.19603 -0.0927741 2.33739 3.06034 1.30243 1.80426 0.0345745 0.171995 -0.223808 0.414588 0.133174 
4.00411 0.291566 -0.109368 2.9717 3.30494 1.21177 2.84787 -0.513343 -0.0583974 -0.107784 0.402263 0.0989721 
4.3349 -0.362363 -1.64652 3.44665 4.90718 1.38239 2.27122 -0.525281 0.0137234 0.0374629 0.315927 0.100051 
3.28053 -0.11252 -0.414036 2.77176 3.7991 1.76983 1.08714 0.247476 -0.00108559 0.190414 0.349504 0.0833899 
3.92659 -0.193689 -0.924855 2.82523 3.94935 1.85919 1.3734 0.367612 -0.261695 0.186952 0.339775 0.122568 
4.60688 -0.690379 -2.15823 3.96623 4.99133 1.10324 3.41095 -0.310543 0.0996287 -0.402791 0.561907 0.213021 
4.25778 -0.134648 -1.35029 2.44492 4.03334 1.86458 2.88859 0.09835 0.222564 -0.245877 0.350254 0.188872 
3.383 1.23442 0.102897 0.954737 2.16853 2.43518 2.14935 0.993711 0.0812615 -0.175811 0.24802 0.0846847 
3.03881 1.84532 1.22391 1.57449 2.13734 1.82303 1.39375 0.863739 0.453761 0.109152 0.150457 0.0447609 
3.16542 1.96415 1.36438 1.93476 2.31241 2.13841 1.75157 1.43754 0.525507 -0.054932 0.147839 0.080348 
2.96126 2.17111 1.76063 1.57325 1.92921 2.22916 2.07418 1.33416 0.508322 0.270101 0.277981 0.0739098 
3.85095 1.93418 0.877885 1.97414 3.13788 3.08727 2.57977 1.87891 0.632421 -0.345435 0.126654 0.153952 
3.72091 2.48076 1.08972 1.41961 2.98905 3.48167 2.90343 1.75383 0.426377 -0.0246436 0.0945877 0.137513 
3.02821 2.61737 2.42618 2.30532 2.13163 1.90223 1.67403 1.20726 0.771749 0.481316 0.283825 0.0807031 
2.8051 2.40833 2.22196 2.04192 1.7975 1.51451 1.30449 1.07947 0.777781 0.506249 0.292083 0.0608211 
2.71226 2.26992 2.1492 1.86144 1.73476 1.66433 1.42656 1.07847 0.789748 0.488825 0.342453 0.0734225 
2.45296 3.16116 2.56804 2.0892 3.04105 1.83179 2.05638 0.848886 1.45842 -0.124009 0.764294 0.0763102 
2.73998 2.31313 2.27039 2.03602 1.83338 1.8863 1.54278 1.13034 0.985177 0.737842 0.427922 0.0869336 
2.8923 2.41802 2.34376 2.06855 2.05261 1.95172 1.3686 1.12994 0.961828 0.638597 0.365863 0.0856597 
2.93448 2.34536 2.34431 2.22056 1.89796 1.74474 1.52451 0.998367 0.778985 0.650065 0.378333 0.0784564 
2.83645 2.38926 2.18663 2.03884 1.89529 1.74497 1.47267 1.03658 0.888351 0.578018 0.427678 0.077112 
2.76852 1.92754 2.20397 2.47051 2.1893 1.59488 1.22105 0.650196 0.818058 1.02428 0.43077 0.0578618 
2.75001 1.56119 2.62912 2.72576 2.39664 1.31146 1.15872 0.862351 0.406448 0.916239 0.66504 0.0435658 
2.49765 1.33142 2.46532 1.79002 2.08539 1.95133 1.2337 0.870665 0.709795 0.926746 0.426332 0.0365814 
2.4462 1.16122 2.4987 1.5219 2.1254 1.09613 1.36047 0.560153 0.99185 0.85385 0.650464 0.0311641 
2.00395 0.388239 2.04848 0.564534 1.59858 0.382226 1.17862 -0.150092 0.267868 0.852473 0.581003 -0.0190662 
2.07746 0.435209 2.2 0.53679 1.77806 1.14675 1.18678 -0.39597 0.426832 0.646889 0.615871 0.00754131 
1.95427 0.186202 1.83212 1.1466 1.76437 0.40156 0.678932 0.152393 0.843847 0.382578 0.397401 0.0313532 
1.96516 -0.21856 1.55699 1.04537 1.01417 -0.134028 0.210026 -0.727408 -0.133622 0.455468 0.627911 0.0514284 
1.65444 -0.76521 1.25554 0.40089 1.33557 -0.352615 0.191224 -0.588318 -0.376339 0.529146 0.426776 0.0903061 
1.63756 -0.215177 1.25442 -0.00125624 1.43542 -0.841288 -0.141068 -0.0214942 0.375811 0.648966 0.587522 0.053609 
1.60423 -0.518515 1.18212 0.413146 1.07255 1.01855 0.447003 -0.509032 -0.0954592 0.213179 0.679501 0.0616437 
1.77136 0.0648272 1.21692 0.245269 1.58992 0.296398 0.043059 -0.494798 0.637281 0.285212 0.468702 0.0574131 
1.73216 -0.347228 0.968863 -0.473395 0.87321 -0.0765366 0.432397 -0.646633 0.427367 0.587194 0.501758 0.0741909 
1.68507 -0.196264 0.783638 0.125216 0.759302 -0.0110509 0.630876 -0.27548 0.246904 0.285827 0.47149 0.0715118 
2.09931 0.0361022 0.916579 -0.0278475 1.36774 -0.244212 -0.0249319 -0.04233 0.218391 0.197968 0.428042 0.0430466 
2.18335 0.181385 1.48507 0.095824 0.63261 0.880451 -0.279994 -0.685929 0.120624 0.630298 0.327215 0.015419 
1.63066 -0.648823 0.940436 0.167716 0.735126 -0.0589753 1.40357 -0.371023 0.229777 0.588295 0.33654 0.0563719 
1.63002 -0.505993 1.02934 0.0539815 0.861983 -0.456663 0.223133 -0.365576 -0.332026 0.535885 0.250413 -0.027095 
1.84219 -0.575816 0.87202 0.153651 1.07265 -0.0305538 0.0273312 -0.784265 -0.108489 0.310685 0.452314 0.0634372 
1.83346 -0.540469 1.01752 -0.303112 1.07073 0.364402 0.860966 -0.406107 0.173219 0.658833 0.489636 -0.0113459 
1.56501 -0.385702 1.32649 0.272968 1.29784 0.178198 0.539779 -0.658949 -0.0993799 0.377657 0.410735 0.0953014 
1.76409 -0.458573 0.368673 0.155659 1.3442 -0.383675 -0.244446 -0.597898 0.237504 0.329207 0.283841 0.0878619 
1.77648 -0.532057 0.98235 -0.0313476 0.835391 0.172546 0.236315 -0.491094 0.201783 0.318839 0.473973 0.0248584 
1.7311 -0.147789 1.0127 -0.0611149 1.66441 0.0487899 -0.196998 -0.882753 -0.0937718 0.166078 0.442121 0.026754 
2.08006 -0.513696 0.767938 0.0267534 0.482387 1.2523 0.0994508 -0.399929 0.458261 0.655191 0.422197 0.0583233 
1.91666 -0.583279 0.408593 -0.998312 0.45355 -0.0856447 0.59111 -0.0339219 0.339855 0.686263 0.362704 -0.0988958 
1.88539 -0.58614 0.532859 0.351517 0.431538 -0.072729 0.24397 -0.39019 0.123963 0.158292 0.401193 0.053451 
1.78163 0.0221023 0.907857 -0.0484027 1.5495 0.499677 0.85519 -1.06299 0.022802 0.34545 0.607416 0.0136412 
