3.29243 0.649283 0.0411181 -2.30878 -1.98956 -1.86619 -0.0799552 0.243582 0.343085 0.999515 0.382361 0.0962397 
3.05103 0.624503 -0.0846499 -1.62479 -0.894878 -1.53272 0.342041 -0.00467827 0.770857 0.790369 0.502504 0.161224 
2.85327 0.276563 0.543805 -1.36889 -0.411054 -1.57251 0.156266 -0.0611511 0.292598 0.730202 0.754292 0.196734 
2.5117 0.295746 0.304283 -1.29556 -0.679391 -2.07823 -1.05664 -0.609877 0.626986 0.589376 0.61391 0.143994 
2.74415 -0.0120379 0.865659 -1.20625 -0.24988 -1.21722 -0.530108 -0.46543 0.526151 0.745244 0.673727 0.170806 
2.37684 -0.61746 0.776044 -1.39801 -0.282005 -1.45837 -0.21711 -1.02349 0.506097 0.48707 0.655754 0.171472 
2.10319 -0.598992 0.360475 -0.423736 0.405556 -0.129884 -0.0136376 -0.25258 0.206486 0.359842 0.276391 0.0670852 
1.78929 -0.98289 0.422908 -0.943741 1.10205 -0.324962 0.460155 -0.377005 0.00335412 0.331906 0.151025 0.0167559 
2.08051 -0.341661 1.15966 -0.138255 0.976725 -0.866016 0.229411 -0.00708682 0.198293 0.795685 0.745647 0.0733701 
1.85041 -0.130729 0.355942 0.340055 0.500041 0.886131 0.546334 -0.198907 0.823477 0.258116 0.531775 0.0247923 
-0.774623 1.08209 -1.49133 -2.43592 2.09193 1.03264 -0.240585 -0.452119 0.344036 -0.481537 1.2722 0.000909962 
-2.10218 0.383586 -1.80515 -2.69651 1.81552 0.217074 1.16485 0.0161196 0.515638 0.383303 1.02155 -0.190899 
-2.26622 0.783093 -2.08198 -1.6007 1.82203 -0.15152 1.34833 0.843625 -0.0279485 0.164695 1.01114 0.000992495 
-1.24846 2.7357 -2.21128 -1.06979 1.975 0.240796 -0.0953283 0.0126568 0.847143 0.120081 1.13182 0.027112 
-0.83273 0.960474 -1.33058 -1.23253 0.15686 -1.55919 0.412868 0.0697989 0.381722 -0.213143 0.773167 0.001239 
-0.620362 0.479168 -0.554351 -1.79508 0.268559 -1.30045 -0.0251452 -1.15242 0.448958 -0.220682 0.701047 -0.0993745 
0.0809802 0.046652 -0.109152 -1.8891 0.0130667 0.00136112 0.684469 -0.663151 0.336093 -0.192973 0.863033 -0.107844 
0.0563487 0.22343 -0.843106 -2.45892 -0.513466 -0.786167 0.268478 -0.417639 0.258531 -0.0273092 0.833735 -0.21778 
1.09529 1.3053 0.166247 -2.27091 -0.470099 -1.17444 0.683035 -0.437416 -0.61299 -0.382004 0.706017 -0.125495 
3.39456 2.52852 2.86411 2.14553 1.66808 0.33297 1.66053 0.913576 -0.41211 -0.429174 0.655582 0.0727464 
3.84116 2.59784 2.61135 2.64681 0.908872 -0.139702 1.33531 -0.541039 -1.09795 -0.500944 0.561543 0.0499799 
4.53317 2.1536 2.35572 3.03826 0.634321 -0.549364 1.08431 -0.839616 -1.54986 -0.242741 0.514884 0.0670379 
5.45112 1.41472 1.94277 2.88418 0.0760098 -0.363518 0.72386 -1.05446 -1.72927 -0.393405 0.514071 0.115113 
4.6435 1.96565 1.84606 2.24632 0.246787 -0.244956 0.695705 -0.743591 -1.71983 -0.280719 0.593673 0.148591 
4.65479 1.36081 2.07744 2.67028 -0.24754 -0.470558 0.799631 -1.04216 -1.63983 -0.108789 0.657217 0.101316 
5.20378 0.928489 1.92153 3.35189 -0.195348 -0.505277 0.849896 -1.43123 -1.59907 -0.0793602 0.704634 0.103482 
5.19072 0.713368 2.00058 3.33103 -0.0646408 -0.561686 0.956627 -1.23677 -1.28646 -0.0875227 0.782581 0.174892 
3.96048 1.43682 2.00864 2.40171 0.500813 -0.328235 -0.182719 -0.814361 -1.22388 -0.135591 0.78093 0.14087 
4.08532 1.65476 1.45314 1.84076 0.792032 -0.474268 0.186844 -0.451041 -1.07436 -0.146215 0.740739 0.194713 
4.15543 1.51446 1.37244 1.70046 1.02664 -0.505905 0.519448 -0.819192 -0.88575 -0.0912253 0.868431 0.225233 
4.31011 1.67619 1.19873 1.21631 1.12617 -0.982206 1.5191 -0.363226 -0.61775 -0.0122997 0.941994 0.291508 
3.93189 2.22642 0.555686 0.108826 1.76551 -0.771152 1.27474 -0.166614 0.21614 -0.0431081 0.888348 0.254361 
3.48956 1.81824 0.77185 0.614054 1.07219 0.0886235 0.866642 0.626711 0.303488 0.283589 0.551482 0.0764378 
3.52899 1.77168 0.432652 0.695281 1.14394 0.76809 0.63669 0.748258 0.55505 0.448397 0.167263 -0.0188616 
3.53397 0.895159 0.374385 1.67051 2.33958 1.1143 1.28372 0.655224 -0.00120328 0.178912 0.313258 0.0498292 
4.20681 0.0161241 -0.508701 2.70576 2.72164 0.842934 2.60136 0.174764 0.325793 0.139864 0.484994 0.0762288 
4.13862 0.185818 -0.42296 4.35651 3.39795 1.02688 2.50699 -0.776141 0.368926 -0.312568 0.539497 0.0551258 
3.76354 0.163149 -0.4841 4.42697 3.08205 0.979089 2.70637 -0.462417 0.235129 -0.335326 0.633248 0.0632971 
3.46531 0.143574 0.310509 3.66843 3.42216 1.08294 2.39231 -0.319943 0.0881831 -0.117455 0.528803 0.113779 
3.29396 0.119585 0.0405657 3.32007 3.30751 1.56328 2.72212 -0.689028 0.033858 0.0295799 0.549923 0.0826571 
2.97293 0.68047 0.562874 3.29225 3.36497 1.80306 2.328 -0.535453 -0.035236 -0.0218599 0.623906 0.100023 
3.44764 0.62161 0.0687798 2.53751 3.05948 2.21712 2.31809 0.0199652 -0.462346 0.187101 0.465222 0.11461 
3.40232 0.504078 0.207524 2.61215 2.93397 1.82606 2.96864 -0.154752 -0.465857 -0.0101906 0.504313 0.123758 
4.41194 0.718485 -1.11467 2.3528 2.88499 1.25372 4.31989 -0.299572 -0.181007 -0.229115 0.506924 0.107636 
4.55337 1.264 -0.759587 1.74007 2.18687 1.06753 3.55191 0.00312145 0.43882 -0.0136736 0.538217 0.104055 
3.5573 2.31197 1.43559 1.50371 1.87507 1.7926 1.57703 0.985198 0.275194 0.0170608 0.209304 0.0446506 
2.99322 2.28863 1.83287 1.83357 2.04609 1.92185 1.47634 0.97 0.488159 0.264949 0.230668 0.0572121 
3.06398 2.70026 2.54126 2.28363 2.09429 1.84403 1.51098 1.15027 0.774772 0.416492 0.215259 0.0708887 
3.83933 2.92012 3.6921 2.91676 4.02748 3.72754 2.68202 1.24996 0.774928 0.563537 0.454392 0.16387 
3.03088 2.16925 3.61779 2.2427 4.02685 3.83981 2.19056 1.17495 0.215176 0.485213 0.331362 0.133213 
2.75584 1.22988 3.18 2.26114 3.87764 3.78212 2.06334 0.5301 0.827982 0.287313 0.208244 0.202363 
2.69386 1.20402 2.57693 1.95697 2.87558 2.79344 1.26737 0.480107 0.926476 0.444803 0.500952 0.0986651 
2.3313 1.15279 2.30238 0.957126 2.65553 1.85231 1.51593 0.82259 1.34854 0.288531 0.336823 0.0545603 
2.64675 0.919819 2.32571 1.05927 2.98427 1.87346 1.93081 0.774791 0.434174 0.789135 0.354467 0.0511472 
2.40005 0.65152 2.07242 1.02207 2.62918 2.16941 1.76484 0.475212 0.685499 0.763005 0.472517 0.0152255 
2.48229 0.319401 2.09933 0.534516 1.84934 0.622558 0.823439 0.710117 0.978762 0.768761 0.299071 -0.0732858 
2.38911 0.79641 1.38647 0.438945 1.0602 0.188365 0.361331 0.54535 1.22532 1.06508 0.750148 -0.0956693 
1.99454 -0.0398677 1.24153 0.317164 2.00333 -0.0553507 0.459432 -0.430105 0.29275 0.503093 0.299524 0.0203307 
1.97307 -0.115664 1.41074 0.451033 1.31967 0.385996 0.663713 -0.381151 0.212339 0.856395 0.348937 -0.0623313 
1.77717 0.142567 1.39476 -0.0640311 1.07509 1.42562 0.594642 -0.698108 0.400499 0.588788 0.275301 0.000792611 
1.74282 -0.405808 0.692933 -0.193635 0.77668 0.462493 0.211637 -0.361198 0.587169 0.173585 0.43293 0.047741 
1.83261 -0.399102 0.876908 1.111 1.52836 -0.149943 0.0830622 -0.123564 -0.176164 0.386996 0.266724 0.0105214 
1.70823 -0.238255 1.42672 0.108635 0.826621 0.514279 0.507397 -1.21633 0.525433 0.570248 0.440882 0.0325326 
1.65006 -0.183088 1.03497 -0.0284834 1.19304 -0.00477125 0.83618 -0.516979 0.149249 0.741029 0.420584 0.0803571 
1.77179 -0.447202 1.30305 -0.156428 1.44476 0.342759 0.358653 -0.248693 0.255611 0.273786 0.316354 0.0619274 
1.73223 -0.263617 1.01125 0.328476 0.58014 0.34893 0.30467 -0.391966 0.519853 0.641292 0.598305 0.0206866 
1.6398 -0.486712 0.728909 -0.105006 0.726716 -0.258509 0.191936 -0.730661 0.575953 0.418967 0.290534 0.00328676 
1.62624 -0.641402 0.724135 0.151233 1.70431 -0.170539 0.86005 0.384652 -0.133453 0.190777 0.338692 -0.0141929 
2.04899 -0.0854165 0.703866 0.0812423 0.745613 0.102343 0.549443 -1.00673 0.315508 0.231835 0.285564 0.0335766 
1.9375 -0.418244 0.78892 0.00536029 1.47233 -0.224268 0.611337 -0.274065 0.48543 0.225849 0.285405 0.0166529 
1.61627 -0.926098 0.67477 0.377154 1.51649 0.0668639 0.804796 0.443744 -0.273993 0.477354 0.563603 0.067531 
1.70904 -0.714342 0.476919 0.153137 1.1223 -0.822865 0.203171 -0.170505 0.258783 0.614473 0.150734 0.0400858 
1.81303 -0.282641 0.901635 -0.252269 0.709258 0.221929 1.00364 -0.853178 0.040199 0.593708 0.554256 0.0269735 
1.74507 -0.237746 0.746145 -0.0649994 1.10675 0.156425 0.722531 -0.380756 -0.244864 0.273397 0.443744 0.0554678 
1.76281 -0.315027 0.305034 -0.919221 1.41266 0.510118 -0.0837995 -0.236184 0.0799813 0.330604 0.527969 0.0844529 
1.69713 -0.628784 0.862782 0.428041 1.29931 -0.0691458 0.44914 -0.736385 0.263326 0.680575 0.383448 0.0823677 
1.78682 -0.552362 0.749709 0.518036 0.928672 0.304994 0.757625 -0.20174 0.679761 0.272448 0.355824 0.0662565 
1.825 -0.353693 1.16056 0.209164 1.53295 -0.351731 0.150241 -0.40311 -0.250592 0.395082 0.677206 0.120597 
1.96095 -0.50377 0.390703 0.491316 0.727862 -0.37242 0.488453 -0.739145 0.217625 0.74201 0.311718 0.0401642 
1.78701 -0.775525 0.305026 -0.0388937 1.85892 0.0427161 0.440019 -0.414985 0.343857 0.426321 0.356692 0.0517188 
2.019 -0.358435 1.0021 0.462387 1.63921 0.897984 0.400862 -0.0576397 0.541417 0.221724 0.258118 0.0407326 
1.62505 -0.175021 1.03568 -0.0839829 1.3697 0.754051 0.762606 -0.271381 0.128891 0.227944 0.541484 0.0947511 
1.76391 -0.0958073 0.54616 -0.141651 0.619998 -0.234111 0.374135 -0.266627 -0.132624 0.178046 0.509239 0.0943212 
1.7735 0.00980225 0.573947 -0.0661629 1.63998 0.15485 -0.0236011 -0.109657 -0.267206 0.641872 0.336809 0.0590125 
1.7694 -0.26531 0.522301 0.172948 1.59934 0.307117 0.0768644 -0.84344 0.638501 0.573717 0.310637 0.0348138 
