2.05867 -0.106255 1.27119 -0.403632 1.52635 -0.320548 0.307722 -0.191144 0.495155 0.869836 0.235344 0.0237352 
2.01779 -0.154871 0.703655 -0.00819205 1.44033 -0.450157 0.675381 -0.493672 0.396629 0.569388 0.370107 0.130693 
2.42171 -0.633906 0.887335 0.269385 1.62953 0.789367 0.371766 -0.95992 0.155598 0.73734 0.346222 0.097339 
2.07176 -0.420622 0.655869 0.716164 1.91153 -0.885218 1.28545 -1.14607 0.534818 0.266782 0.131726 0.0928456 
2.04145 -0.241888 0.670706 -0.0473434 1.86147 0.0245883 0.974047 -0.731516 0.226523 0.226506 0.510487 0.0795602 
2.29447 -0.413153 0.93854 -0.678971 0.977908 0.505393 1.05548 -0.460918 0.682409 0.485195 0.379791 0.0132945 
2.1693 -0.562659 0.59263 0.761277 0.932055 0.269403 0.790352 -0.751612 0.814236 0.347938 0.497121 0.0563033 
2.07966 -0.374136 0.768192 0.00331526 1.2003 -0.555766 0.693651 -0.66937 0.222022 0.498583 0.581301 0.0924082 
0.69522 1.9179 -1.95262 -1.25763 -1.73752 0.187942 -0.70189 0.652533 1.00374 0.169755 0.583767 -0.171813 
-0.439185 3.3902 -2.95513 -4.35264 -0.537273 -0.284704 -1.10094 -0.101896 1.10174 -0.373858 0.696516 -0.145571 
-0.371321 0.382472 -2.47014 -3.10738 -1.18191 -1.64088 -0.632225 -1.66681 -0.208836 0.987115 0.87132 -0.181877 
-0.569954 -0.694978 -2.07674 -3.85615 -0.919964 -1.26842 -0.202719 -1.59218 0.14298 0.632211 1.02431 -0.229349 
-1.16327 0.911646 -1.36199 -2.63609 -2.95788 -2.21119 0.0541511 0.707034 -0.0825953 0.192849 0.654313 -0.152426 
-1.41988 0.143013 -2.12067 -2.55385 -0.734824 -1.81501 0.207305 -0.17979 -0.115367 0.0693105 0.781448 -0.0746519 
-1.23415 0.139034 -1.87182 -1.73402 -0.0177903 -1.20188 0.380814 -0.157999 -0.0576901 0.585627 0.857607 -0.162169 
-0.636646 0.778056 -0.686186 -0.944214 0.107904 -0.259626 0.951594 0.117303 0.451708 0.242294 0.924015 -0.177215 
-0.545387 0.159519 -1.46725 -2.47876 0.387915 -1.70073 0.203167 -0.537309 0.277747 0.0113914 0.934714 -0.112334 
0.985358 0.229514 -0.879999 -1.7481 -1.08491 -1.24449 0.443107 -0.287874 -0.207676 -0.201356 0.8037 -0.187123 
1.07821 0.698063 -0.884538 -1.89825 -0.454653 -1.61148 0.594253 -0.813362 -0.925217 0.242104 0.675137 -0.0817355 
2.94546 2.28282 1.93711 1.57306 1.40501 0.406655 0.824714 0.249618 -0.103977 0.212907 0.347711 0.0476794 
3.79083 2.74571 2.61609 2.17523 1.02184 0.145112 0.629329 -0.176442 -0.809024 -0.301604 0.213973 0.00677742 
4.39244 2.49303 2.29686 2.63818 0.82179 -0.127579 0.333074 -0.536532 -1.46615 -0.367887 0.317497 0.0540654 
4.80923 2.34765 2.49226 2.76316 0.231386 -0.599711 0.468097 -0.766981 -1.70329 -0.195465 0.331565 0.0309309 
4.86221 2.02167 2.22661 2.4422 0.288079 -0.263657 0.466581 -0.761511 -1.36984 -0.00907628 0.429969 0.0782482 
3.90301 2.12098 2.49092 2.13979 -0.342459 -0.463928 0.584342 -0.562702 -1.25772 -0.0271802 0.501648 0.0696622 
4.64245 1.62869 2.19004 2.92314 -0.00823152 -0.936019 0.502494 -0.863071 -1.39787 -0.0424827 0.487705 0.0627574 
4.45746 1.82535 2.32937 3.23603 0.464834 -0.903787 0.3624 -0.689754 -1.23009 -0.120833 0.485336 0.0859005 
4.11259 2.09811 2.4765 2.76844 0.697616 -0.118343 0.307367 -0.831436 -1.27361 0.0683002 0.588322 0.0909959 
3.86135 1.70688 1.3896 2.17706 0.920442 -0.365336 0.124589 -0.204743 -0.777431 0.0603819 0.345134 0.0988074 
3.8502 2.10759 1.97219 1.88616 -0.0334288 -0.64612 0.249542 -0.378 -0.964533 0.0643496 0.468073 0.103065 
4.22003 2.37229 1.99361 1.59946 0.442575 -0.248572 -0.412725 -0.6161 -0.841105 0.0203323 0.435909 0.122448 
4.07928 2.19814 2.55737 1.5254 0.0347463 -0.251494 0.259939 0.104395 -1.11047 0.102498 0.491014 0.083614 
5.25224 1.61867 2.36072 2.18416 0.58365 -0.281877 -0.320809 0.0901002 -1.16393 0.423569 0.615106 0.102615 
4.97202 1.86775 1.66044 1.30576 1.97151 -0.863196 0.0650646 0.115963 -0.717113 0.335557 0.40769 0.144936 
4.55789 1.93429 1.26847 0.741526 1.49682 -1.34835 0.700785 0.00327843 0.21039 0.324025 0.481287 0.200185 
4.21269 2.32476 0.508705 0.699956 2.33813 0.335406 0.343515 -0.144748 0.431537 0.369443 0.425253 0.0893677 
4.54829 1.62246 1.06756 1.00387 1.22381 1.26794 1.61643 0.921799 0.189847 0.524095 0.0351089 -0.0353805 
4.75514 1.36898 0.297292 1.19985 1.32382 1.41931 2.75759 0.636471 0.170113 0.385175 0.049385 -0.0427047 
5.29183 0.564074 -1.57311 2.04978 2.94848 2.02823 3.25054 -0.957403 0.43968 0.000352938 0.4486 0.0158421 
3.92642 0.331845 -0.155471 2.76784 4.04321 2.71109 1.04273 -0.204069 -0.135354 0.419241 0.275458 0.0527997 
4.01782 -0.492508 -0.452175 3.52008 4.11933 2.37309 1.33229 0.14548 -0.325232 0.638995 0.387525 0.0442589 
5.624 -2.40421 -1.00248 4.515 4.15281 1.70717 2.56285 -0.644609 0.100695 0.787168 0.596841 0.0130203 
5.21602 -2.15017 -1.00669 3.42604 4.3294 1.58524 3.60501 -0.914858 0.305486 0.702774 0.451763 0.0859678 
4.96119 -2.0065 -1.38404 3.7248 4.31493 1.5941 3.46047 -0.606237 -0.0261401 0.248893 0.594568 0.126136 
5.98759 -1.15027 -1.40694 3.39142 4.32437 1.79037 3.22759 0.125962 -0.385573 -0.0626045 0.515191 0.17113 
6.62975 -0.941734 -1.45727 2.58858 2.94512 0.393898 3.73216 0.491395 0.292851 -0.0668876 0.331094 0.126707 
7.29616 -0.625127 -0.914372 3.18329 1.56518 -0.0561205 2.30047 1.30304 0.830185 0.293867 0.300349 0.034918 
4.69664 1.15953 -0.418005 2.09878 3.57419 2.22971 1.89868 1.9377 0.613662 -0.47048 0.0443706 0.20499 
3.97907 1.6436 1.23441 3.22321 4.45879 3.37929 2.50386 2.00793 0.473332 -0.381088 0.129483 0.238596 
3.15499 2.42337 1.95125 1.90295 2.42098 2.83704 2.2464 1.10028 0.312854 0.143323 0.338703 0.111104 
2.94393 2.46082 2.22473 2.10297 2.06391 1.83082 1.40028 0.942154 0.638634 0.434862 0.269686 0.0700446 
3.09887 2.66321 2.61507 2.41992 2.30694 2.02688 1.63398 1.17869 0.884323 0.452101 0.168819 0.0857118 
2.80761 2.36446 2.29435 2.05072 1.98498 1.76911 1.43432 1.09948 0.883203 0.667208 0.387494 0.0907289 
2.58156 2.03588 2.06768 1.62974 1.51659 1.58186 1.06802 0.80102 0.878045 0.376354 0.270773 0.0506459 
2.22252 0.838245 2.62933 1.46354 1.40562 2.5992 0.361516 -0.568213 1.74134 0.454421 0.00298192 0.0743792 
2.42566 1.12484 2.51802 0.930169 1.88718 1.37344 1.22965 -0.171508 1.18673 0.63426 0.310719 0.0361574 
2.44902 1.13536 2.34941 1.45869 2.14636 2.01099 1.2854 -0.065987 1.28683 0.402361 0.676745 0.0547255 
1.91383 0.352837 1.69679 1.23817 2.03183 1.39326 1.00454 -0.954589 0.224525 0.589865 0.59288 0.0213797 
2.11211 -0.0470834 1.68046 -0.0708554 1.06594 0.0910732 0.752603 -0.24723 0.58122 0.507753 0.436789 0.0271512 
1.8698 0.137638 1.38019 0.43148 1.8294 0.655906 1.20301 0.172359 0.393575 0.387444 0.449307 0.0176121 
1.77002 0.172833 0.870091 0.0724333 0.811688 0.28061 0.0258927 -0.603119 0.596647 0.439377 0.643894 0.0829475 
1.92584 -0.035068 0.829617 -0.577696 0.942822 0.434785 0.923496 -0.634417 0.672466 0.678228 0.524695 0.086698 
1.93099 -0.0279113 0.553075 0.0142589 0.756577 -0.910947 0.953918 -0.248096 0.0963282 1.05168 0.580611 0.0707846 
2.31113 -0.380656 0.339216 -1.15782 -0.357188 0.0116519 1.05411 0.741533 1.10364 0.88369 0.385703 -0.0107884 
2.26092 -0.274052 -0.618599 -1.49048 -0.834596 -0.414315 1.53796 0.675917 1.15031 0.652019 0.315959 -0.0167176 
2.42499 0.221489 0.505341 -0.607388 0.217971 -0.0209779 1.74355 0.535848 1.19655 0.464315 0.435049 0.00926924 
1.76185 -0.281315 1.12493 -0.0575751 0.967731 0.184751 0.649392 -0.18964 -0.0458371 0.521626 0.5958 0.00131894 
1.7593 -0.0723819 0.616635 0.00893282 1.52148 0.0264695 0.133511 0.0561858 0.687979 0.574142 0.568072 0.0660492 
1.67736 -0.231063 0.384095 0.562787 1.26462 0.384236 0.712218 0.117 0.0323825 0.376642 0.50172 0.0331416 
1.80739 0.0569884 1.12522 0.197516 0.714897 0.511982 0.767643 -0.399343 0.334277 0.383539 0.494676 0.0754081 
1.84104 -0.713821 0.97698 0.0999813 1.63442 -0.192991 0.213016 -0.671318 -0.322193 0.316027 0.447332 0.105226 
1.82069 0.133733 1.14395 0.509596 0.799353 0.384931 0.517326 -0.358383 0.233374 0.529449 0.64598 -0.00518624 
1.63245 0.042153 0.550327 -0.285851 0.764222 0.0952376 0.131292 -0.80658 0.658192 0.325599 0.567713 0.0489125 
1.63661 -0.129535 0.801053 0.0853303 0.333828 0.320904 0.290595 -1.11226 0.547012 0.54886 0.74495 -0.0362111 
1.97653 -0.251567 0.835231 -0.269362 1.04038 0.34424 0.704758 -0.17218 0.0357819 0.310842 0.446881 -0.0553728 
1.6672 -0.420226 0.960073 -0.237384 1.31293 -0.225413 0.600645 -0.674606 -0.0190384 0.382432 0.513219 0.0576896 
1.82448 -0.475349 0.28023 -0.280854 1.29569 0.307436 0.606977 -0.549853 -0.153114 0.592599 0.496843 0.0560209 
1.79793 -0.497577 0.397362 0.518317 0.548196 -0.000158237 0.704892 -1.0187 0.446183 0.443226 0.509815 0.0443138 
1.98258 -0.47624 0.864346 -0.171314 1.31216 0.130995 0.548524 -0.364092 0.0543507 0.394125 0.37704 0.115027 
1.77211 -0.493788 0.895329 0.576398 0.995771 -0.444586 0.619397 -1.13895 0.17278 0.631158 0.433988 0.0274531 
1.79253 -0.212097 0.590634 0.00444467 1.48576 -0.0422404 0.938351 -0.587475 0.364864 0.215246 0.255311 0.0855064 
1.68771 -0.711815 0.190661 0.143343 0.504342 0.332396 -0.114964 -1.00586 -0.186228 0.171969 0.296112 -0.0761079 
1.99373 -0.568135 0.976308 0.301959 0.9492 0.555225 0.602821 -1.05591 0.181813 0.405382 0.595387 0.0883551 
1.84016 -0.638915 1.29492 0.194115 0.599327 0.316445 0.187246 -0.773349 0.325051 0.750534 0.431731 0.0842624 
1.9637 -0.805091 0.577953 0.460597 0.97542 -0.0410998 0.663623 -0.269842 0.525961 0.518371 0.440282 0.129358 
