1.76762 0.326347 1.05949 -0.588355 0.772788 -1.17151 0.0600658 0.263097 0.597025 0.0461458 0.123439 -0.0474568 
1.95444 0.176881 1.8628 -0.88011 0.140766 0.273677 0.815458 -0.105729 0.777202 0.357097 -0.0756675 -0.0577907 
1.96088 0.410346 0.831538 -0.519137 0.104135 -0.523113 0.713885 -0.226647 1.20004 0.294217 0.00824141 -0.00811568 
1.08833 0.190896 2.28313 -2.17588 0.291812 0.370355 -0.195967 -0.136372 0.985202 0.136645 -0.156474 0.132826 
2.03361 0.052092 0.37097 1.08735 0.315465 -1.18789 0.911422 0.193111 1.05789 0.286236 0.119867 0.00503284 
1.62439 0.528411 0.485568 -0.382369 0.73037 -0.505891 0.950044 -0.325667 0.514017 -0.141744 0.412524 -0.119279 
1.86513 0.792646 0.811661 -0.280429 1.21147 -1.25346 1.11284 0.034769 0.99413 0.205686 0.178747 -0.0080707 
1.6985 0.134828 0.5655 -0.913057 0.0649467 -0.846441 1.17712 -0.0716877 0.332253 -0.11602 0.272321 -0.0326542 
1.74621 0.554204 1.16776 -0.445089 1.36847 -0.945747 0.865461 0.403642 0.535665 -0.0694238 0.49726 -0.0278033 
1.76181 0.290549 1.02446 -0.3876 0.641352 -1.04788 1.23798 -0.303864 0.264739 0.660301 0.235164 0.0590955 
1.67157 0.69134 0.766877 -0.0830518 1.31212 -1.15326 1.44544 0.0041418 0.578438 0.119149 0.31288 -0.0236714 
1.45747 0.435039 1.25243 -0.216793 1.20066 -0.106064 0.795305 0.167459 0.256986 0.177841 0.438415 -0.0141824 
1.70841 0.575124 1.06176 0.333173 0.608369 -0.448492 0.950011 0.101738 0.399478 -0.121368 0.279097 0.0156081 
1.49726 0.45911 0.95208 -0.50531 1.82931 -0.544735 0.875102 0.0494723 0.536486 -0.219195 0.0945924 -0.0244629 
1.50706 0.289835 1.09984 -0.23692 0.930915 -0.281037 0.789121 -0.274682 0.386751 0.329586 0.308255 0.0482096 
1.623 0.581568 1.43101 -0.29522 0.646029 -0.702048 0.77557 0.525643 0.561163 0.451288 0.199325 0.0196981 
1.76797 0.606561 1.23089 -0.423332 0.807467 0.0400569 0.409051 0.132402 0.24098 0.104151 0.0805182 -0.0247621 
1.8153 0.582691 1.74658 -0.708277 1.17929 -0.261459 0.792682 -0.125984 0.22845 0.190483 0.319776 0.0317371 
1.24987 0.862712 1.71198 -0.12531 0.56301 -0.56276 0.996446 -0.769742 0.462117 0.0865804 0.362711 0.105219 
0.975427 1.67834 1.14959 0.111578 0.669554 -0.759193 0.812192 0.481076 0.646526 0.105295 0.343975 -0.0223579 
0.748118 1.41049 1.03737 0.436848 0.570514 -0.131411 1.92785 -0.495769 0.778455 -0.0819684 0.211081 0.0248408 
0.724458 1.77641 0.799949 -0.0409951 0.757782 -0.998215 1.07788 -0.42608 1.11699 -0.196363 0.132864 -0.0434669 
0.407698 1.32101 1.15764 -0.392347 1.0492 -0.0477516 1.15917 -0.654222 1.31342 0.118397 -0.177252 0.0608689 
0.361092 0.730143 1.06978 -0.412926 -0.22745 -1.10281 0.603909 -0.192749 1.37433 -0.0846478 -0.3295 0.0929338 
0.805594 0.833203 1.14168 -0.803636 0.834789 0.225562 1.28986 -0.326709 1.28851 0.159028 -0.383186 0.0304424 
1.31095 0.718487 0.694856 -0.287626 0.0645118 -1.06234 1.38194 -1.00642 1.11904 -0.255672 -0.129686 -0.0110767 
1.71683 0.96436 1.91365 1.0244 0.618758 -0.153529 1.11887 -0.1367 1.18217 0.279878 -0.183773 0.0781871 
3.01958 2.66785 2.89956 2.7603 2.4693 0.930405 0.793587 -0.537984 1.1274 -0.428238 -0.118977 -0.0171329 
3.06101 1.93421 2.15896 2.27226 0.620768 -1.75138 -1.13457 -0.458488 0.00880274 -0.466344 -0.262241 -0.0687326 
6.02931 2.67625 1.59556 2.76976 1.56408 -2.12621 -0.200664 -1.79776 0.0991862 -0.864993 -0.227074 0.0140963 
5.64362 2.71789 1.43217 3.46333 1.43927 -2.52753 0.709253 -0.730937 -0.138034 -0.909812 0.187254 0.170742 
4.92576 3.19263 1.79397 1.97962 1.82063 -1.02944 0.039885 -0.589924 -0.0647249 -0.666249 0.164605 0.12553 
4.6588 3.10867 2.11144 2.31231 1.05727 -1.01062 -0.293749 -0.0138748 -0.171012 -0.460025 0.13467 0.09211 
4.67763 2.86654 1.8016 2.09877 1.3472 -1.00573 -0.323201 -0.0564223 -0.00486274 -0.22284 0.154797 0.102585 
5.7879 2.27024 1.81389 1.66179 1.8455 -2.55618 0.984285 -0.176172 0.546296 0.0250229 -0.0559882 0.182018 
4.3282 3.10056 1.66168 0.92015 0.55264 -1.24075 0.633576 -0.0102662 0.624793 0.179338 0.137031 0.0680497 
4.41396 3.43813 1.13075 1.07078 1.07474 -2.30718 1.11678 0.432428 1.3586 -0.0471938 0.108202 0.0822391 
4.34634 2.70007 1.12788 1.00698 1.10407 -1.48733 1.31169 1.79411 1.81823 -0.47185 0.0853169 0.0503297 
3.96112 2.69946 0.735885 0.82314 0.973026 0.633353 0.954659 1.13167 1.36968 0.01991 -0.0804097 -0.0651915 
3.88958 2.37213 1.07136 1.28304 1.43606 0.950374 1.2616 1.16989 0.695681 -0.165197 -0.304527 -0.0658532 
3.64137 1.68817 0.878963 1.55506 2.43586 1.29577 2.14683 1.55265 0.460616 -0.282221 -0.334973 0.00672775 
4.35977 1.20687 0.103459 3.19271 3.69605 1.51245 2.25887 0.534608 0.762722 -0.397484 -0.175956 0.038436 
4.06026 1.33225 0.544653 3.15718 4.48642 1.62282 2.4786 0.264222 0.401319 0.289297 -0.185685 0.0298339 
3.90263 0.931993 0.755338 3.95842 5.00643 1.1856 2.04902 0.630493 0.278554 0.285067 -0.00624682 0.105817 
4.79514 0.596496 -0.715061 4.52675 6.93467 0.172096 2.82149 0.994972 0.370749 0.357254 -0.16133 0.27614 
3.58544 1.11252 1.0382 3.43643 5.19967 1.62407 1.82704 1.42495 0.346074 0.382503 -0.105372 0.137378 
3.87181 1.20249 0.702588 3.7251 5.04751 1.49493 2.29283 1.40622 0.116705 0.154375 0.060833 0.203027 
4.12492 1.14676 0.442878 4.68537 6.51787 0.618373 2.76568 0.791119 0.584248 0.19058 0.0427906 0.283003 
3.61907 0.944558 0.933544 3.26322 3.83873 2.02078 2.01331 1.73073 0.314343 -0.18289 -0.140815 0.140011 
3.24515 2.27153 1.76713 1.77439 2.14418 2.23572 2.1853 1.58063 0.567035 0.0356655 -0.0865398 0.0398941 
3.42979 2.99864 2.54038 1.91108 1.60234 1.87192 1.93105 1.38134 0.611488 0.263245 0.126594 0.0394769 
3.08416 2.55178 2.35113 2.38007 2.4317 2.19746 1.7339 1.19157 0.662373 0.355797 0.202575 0.0766196 
2.79781 2.35901 2.22772 2.08229 1.87822 1.63053 1.38685 1.14267 0.874836 0.598186 0.329728 0.0714076 
2.85566 2.42121 2.23864 2.05848 1.84157 1.59617 1.28573 0.977922 0.68773 0.456251 0.257631 0.0642933 
2.84221 2.40423 2.2479 2.08779 1.89522 1.65427 1.37392 1.0656 0.80602 0.539757 0.294211 0.0671288 
2.63783 2.11608 2.14311 1.69985 1.4778 1.56755 1.05818 0.780961 0.829543 0.441577 0.203032 0.0544253 
2.36882 0.912574 3.26753 1.9644 0.761457 2.43301 0.43943 0.0736328 2.10054 0.691645 -0.103298 0.103747 
2.76409 0.592925 2.91457 0.782287 0.678884 2.75793 0.102474 0.314901 2.16166 0.892976 0.0135961 0.0869743 
2.77313 2.37212 2.26586 1.94259 1.75869 1.5583 1.18446 1.00315 0.836754 0.524203 0.365119 0.0735065 
2.77916 2.3784 2.1819 2.04638 1.84677 1.63181 1.38608 1.08785 0.846852 0.539158 0.31447 0.0766999 
2.8351 2.4222 2.37895 2.08115 1.80394 1.54273 1.36205 0.896295 0.985896 0.588168 0.352136 0.082606 
2.07717 2.34541 3.42928 0.928174 1.36511 0.835375 1.19364 0.66354 0.668022 0.625142 0.642145 0.0223593 
2.07551 2.25689 3.00719 0.933982 0.573717 -0.145707 0.715496 -0.528475 0.34552 0.811537 0.246532 0.0585722 
1.80129 1.56156 3.25862 0.92706 1.78932 1.1161 0.809774 0.18505 1.52229 0.663237 -0.165576 0.119578 
1.34401 1.38743 2.65139 0.585191 1.60716 0.443685 1.44734 0.873791 1.25071 0.487948 0.157746 0.0515271 
1.85077 1.28045 2.55116 1.14997 1.3073 0.834699 1.75318 0.35019 0.743462 0.595501 0.397267 -0.00049116 
1.21007 0.815348 1.2314 0.229918 0.0637122 0.603384 1.62176 0.925842 0.169623 0.503099 0.0299394 -0.0348148 
1.59638 0.709481 2.36883 0.268673 0.776013 0.270397 1.51954 1.11081 0.23499 0.446982 0.25802 -0.0277855 
1.23387 0.0902957 1.4597 0.177505 0.581471 0.374607 1.79538 1.08564 1.02973 0.642892 -0.290668 -0.0639483 
1.33556 0.902146 1.84738 -0.241215 0.864924 0.210317 1.63681 0.831866 0.680643 0.374408 -0.0209093 0.0333892 
1.21202 0.0308761 1.38351 0.432654 0.693991 -0.33126 1.60618 0.186802 1.00857 0.473602 0.120621 -0.0481011 
1.261 0.306999 1.058 0.32034 0.693531 0.706973 1.91532 0.845127 1.15121 0.11261 -0.0193598 -0.0205884 
1.14124 0.290025 1.824 -0.449664 -0.135285 0.873685 2.4532 0.672127 0.691989 0.259814 -0.185699 -0.0549015 
1.49376 0.21754 1.20299 0.17337 0.210736 0.0392028 2.10524 0.354652 0.600608 0.525716 0.0620778 -0.0539994 
1.31172 -0.0347522 1.62857 -0.26301 0.710941 0.55242 1.35707 0.360942 0.511212 0.363268 -0.100513 -0.0587649 
1.74707 1.29896 1.47122 1.04123 1.96375 0.33014 1.68409 -0.101188 0.172994 0.714024 -0.338443 -0.0817113 
1.3186 0.50257 1.78334 0.28765 0.718009 0.700169 1.95877 0.763342 0.516675 0.0257028 -0.146801 -0.0430762 
1.21988 0.479652 1.74429 0.0270119 0.0925123 -0.5916 1.3265 0.311812 0.51069 0.313858 0.0705565 -0.0706048 
1.22198 0.509572 1.34349 -0.556744 0.146901 0.100573 1.24853 -0.212967 0.245518 0.286688 -0.126831 -0.0268789 
1.22126 0.0066617 1.41902 0.178951 1.29238 0.0709438 1.6177 0.949871 0.449146 0.26802 0.123753 -0.0520191 
1.31556 0.329274 0.84392 -0.0276087 0.533696 0.293024 0.712033 0.50757 0.829651 0.0633315 -0.323055 -0.0683378 
1.2376 0.35995 1.30178 0.021607 0.191404 0.231701 0.994914 -0.0340314 0.0462503 0.416865 0.208318 -0.0722552 
1.31795 0.584682 1.21388 -0.12173 0.641116 -0.17658 0.584333 0.297399 0.424048 0.33188 0.0274661 -0.00564062 
1.33163 0.0803262 1.1609 -0.151055 0.105478 -0.0365635 0.427543 -0.0981908 0.0632424 0.154559 0.12203 -0.0645047 
1.16401 -0.0788518 1.26984 -0.367391 0.919706 0.470143 1.61267 0.0996933 0.348089 0.0422199 0.0947824 -0.0659586 
