2.10626 -0.525727 1.42312 -0.452694 1.04455 -0.493486 0.830575 0.0484617 0.422914 0.421999 0.280913 0.0464857 
1.97598 -1.13258 0.952402 -1.55025 0.919825 -1.35731 0.0564228 -0.515072 0.0691531 0.772426 0.377494 0.0794347 
2.08258 -0.457061 1.51837 -0.463554 1.32986 -0.0666602 0.350877 -0.21511 -0.249541 0.252754 0.271806 0.0139946 
1.95549 -0.654209 0.880253 -0.963222 0.769954 -0.383524 0.759908 -0.32619 -0.0903357 0.261893 0.254539 -0.0193755 
1.9224 -0.330546 0.700654 -0.831394 1.16819 -0.822246 0.79349 0.0712348 0.165497 0.315994 0.270424 0.0926857 
2.33904 -0.62003 1.07742 -0.905921 1.06767 -0.44258 0.498238 -0.442628 0.325431 0.582299 0.329592 0.045194 
1.96717 -0.732628 1.20501 0.194224 1.93483 0.183266 0.703873 -0.875052 -0.0898637 0.15156 0.184804 0.0858638 
2.06714 -1.03456 0.625637 -0.456364 0.892886 -0.964757 0.726811 -0.221853 0.450256 0.38735 0.204871 0.066315 
1.89901 -0.72434 0.314454 0.121383 1.35284 -0.0925497 1.33676 -0.281687 0.225221 0.309073 0.322192 0.0892635 
2.34482 -0.924286 0.871581 -0.327964 1.12035 -0.366997 0.727226 -0.855937 0.271154 0.521828 0.219249 0.0581597 
2.04867 -0.616848 0.859769 -0.54347 0.762841 0.161277 0.322024 -0.574594 -0.0991741 0.434452 0.238539 0.00278332 
1.91187 -0.768929 0.731448 -0.326303 1.24701 -0.659174 0.414899 -0.49288 -0.153793 0.281808 0.349607 0.0642936 
1.79495 -1.04582 1.05655 -0.530928 1.47241 -0.185265 0.622737 -0.283232 -0.0623329 0.496922 0.491914 0.0842355 
1.87685 -1.09987 0.918727 0.230112 0.437657 0.460904 0.485 -1.18892 0.460625 0.23013 0.210881 0.0638475 
1.88871 -0.9792 1.67812 0.0900458 0.987721 0.502783 0.238699 -0.981819 -0.0783722 0.213473 0.227883 0.0533711 
0.947225 -0.689251 0.959564 -0.510339 0.0653956 -0.802759 1.16116 -0.442988 -0.602308 0.53678 0.51943 -0.194432 
-0.498695 -1.98034 -2.58521 -2.96692 -1.00102 -0.667212 -0.509476 -0.484837 0.381677 0.495168 1.12344 -0.21893 
0.183686 -0.404886 -0.534263 -1.7821 -0.737946 -0.687544 -0.221061 -0.899705 0.0733091 -0.0874492 0.882042 -0.22759 
0.607108 -0.203259 -0.632729 -1.17155 0.010071 -0.981918 0.0556113 -0.826804 0.051242 0.374687 0.922296 -0.160314 
0.663157 0.716586 -0.0727354 -1.77886 -0.079402 -0.103575 0.198947 -1.05805 0.390859 0.153719 0.752486 -0.173596 
0.495736 -0.380562 -0.30205 -1.5592 0.0911243 -1.26382 -0.191683 -0.797294 -0.365094 0.0811221 0.79413 -0.118096 
-0.110854 -0.859257 -1.0059 -2.34257 -0.312083 -1.39532 0.205505 -1.14954 -0.174049 0.188164 0.800506 -0.158243 
0.278351 -0.551217 -0.91496 -2.03646 -0.531916 -1.57574 -0.110684 -0.75503 -0.0478918 0.353762 0.933846 -0.156705 
0.461548 0.0240104 -0.857161 -2.06075 -0.677041 -1.61255 0.454087 -1.05897 -0.0899792 0.47085 0.911301 -0.152183 
0.906319 0.19081 -0.266212 -1.02021 0.498683 -1.05329 0.572752 -0.684815 0.212989 0.211611 0.776339 -0.104864 
2.94468 2.08905 1.81097 1.14228 1.77037 0.596168 1.59059 -0.912516 0.0879057 0.0350834 0.400285 0.0685267 
3.85783 2.9015 3.0952 2.46523 1.001 -0.236606 0.316282 0.174525 -0.703743 -0.0793495 0.223999 0.0273181 
4.31843 3.13749 2.871 2.31812 0.581755 0.0651903 0.345801 -0.057272 -0.829912 -0.226446 0.270905 0.0557427 
5.06222 2.30322 3.1455 2.5615 1.03048 -1.05723 -1.0184 0.790027 -0.924836 -0.149373 0.232326 0.0718706 
4.84544 1.70389 2.70568 2.9042 1.18327 -1.21732 -0.491895 0.0988437 -0.997769 0.227184 0.378065 0.0753105 
5.54433 1.07817 3.20931 2.14629 2.26524 -1.9763 0.0176324 0.0364456 -1.52096 0.552584 0.538793 0.0896208 
4.89136 1.34762 2.51042 1.31218 1.98933 -1.07225 -1.17437 0.295436 -0.989521 -0.0688275 0.487794 0.134811 
5.13615 1.01256 2.94198 0.927913 1.22778 -0.597792 -0.346508 -0.0409881 -1.30202 -0.162911 0.661476 0.19111 
5.04224 0.591672 3.7236 0.222231 1.43038 -0.379899 -0.573966 -0.0253651 -1.1891 -0.317825 0.693274 0.215929 
4.67541 1.37943 2.26047 1.03676 1.39863 -0.282758 -1.08815 -0.126279 -0.506307 -0.387199 0.59422 0.214453 
3.71689 1.96725 1.85929 1.16653 0.92546 -0.564546 -0.868482 -0.303968 -0.542615 -0.055167 0.724671 0.154602 
4.201 2.08545 2.10478 0.521036 2.12255 -0.831474 -0.681936 -0.283921 -0.326018 -0.171425 0.681921 0.205883 
4.45745 1.29433 2.33932 -0.213938 2.68719 -1.2687 -0.854933 -0.0724412 -0.240653 -0.163386 0.546099 0.269536 
4.57512 1.84467 1.37678 -0.559586 2.8281 -0.459342 -0.452255 0.00012803 0.289816 -0.121782 0.525354 0.220387 
4.10026 2.59371 0.815276 0.0974403 1.38857 -0.602944 0.371152 -0.098519 0.699851 -0.232662 0.684743 0.177749 
4.06787 2.7098 0.0862966 -0.406676 1.44624 -0.545811 1.25635 0.782297 1.2069 -0.229134 0.721149 0.146027 
4.33854 2.26174 -0.250177 -0.482046 1.42988 -0.289524 1.74974 0.986624 1.16093 0.397061 0.4626 0.111994 
4.12798 2.10591 -0.753247 -1.15316 2.3081 0.458342 2.02752 1.71341 1.09475 0.446453 0.365046 0.0463729 
4.53978 1.12633 -1.12943 0.291302 2.19768 0.843121 3.14913 0.463512 0.857476 0.266882 0.219346 0.0392881 
4.34365 1.01144 -1.34012 1.09054 2.85136 1.66816 3.29066 -0.118505 0.884341 0.137955 0.331648 0.0481613 
3.87576 0.337507 -0.996432 2.11594 4.23652 1.8983 2.76654 -0.77132 0.361766 0.184753 0.396493 0.111524 
3.17821 0.451884 0.256273 1.63567 3.77384 2.41554 1.86207 -0.637156 0.161464 0.331642 0.298451 0.0679987 
3.27161 0.541937 -0.0457826 2.697 3.98978 1.94073 2.09135 -0.658306 -0.0275551 0.36744 0.407004 0.0800538 
4.40257 -0.332899 -0.463743 3.77715 4.70615 2.05536 3.76928 -1.37982 -0.249516 0.41139 0.581737 0.0885711 
4.56377 -0.358713 -0.81389 4.30737 4.98456 1.88203 4.10942 -1.82472 -0.0954066 0.337231 0.813997 0.0752026 
4.91609 0.00279874 -0.856892 4.08487 5.0709 2.60777 4.83384 -1.99989 -0.375195 0.373586 0.884563 0.0753839 
5.46209 -0.273216 -1.08493 4.61628 5.38747 1.94523 4.65757 -1.51132 -0.249328 0.0112013 0.886813 0.113762 
5.30012 -0.261114 -0.499866 4.88061 5.48721 2.0614 4.42662 -1.17075 -0.297511 0.200116 0.781376 0.110013 
5.36836 1.14711 -0.846836 2.98734 4.21646 1.64548 5.24446 -0.503245 -0.188522 -0.103621 0.479795 0.116017 
5.14574 1.22681 -0.439401 1.42433 2.01009 0.870579 2.55684 1.54921 1.1164 0.533067 0.260418 0.0411711 
3.21474 2.33951 1.73696 1.74549 2.17083 2.3229 2.00983 1.12567 0.286964 0.0203988 0.14216 0.0664834 
2.95051 2.33669 2.0634 2.02083 2.17245 2.15087 1.6429 0.961149 0.476238 0.229946 0.196853 0.0642823 
2.85972 2.32365 2.09038 1.9815 1.82282 1.66607 1.42309 0.95077 0.706361 0.414055 0.23746 0.073524 
2.90904 2.6362 2.55806 2.2818 2.08507 1.78687 1.47253 1.19573 0.987398 0.652648 0.336681 0.102414 
3.30851 2.26346 3.13058 2.577 3.95748 2.75602 1.93103 1.03008 0.65912 0.569004 0.412381 0.128898 
2.11744 1.80888 3.28599 0.303325 2.75533 2.27023 1.08414 1.61844 0.0762073 0.823732 0.553462 -0.00538534 
2.40414 1.25199 1.89807 1.21349 1.86147 1.93714 1.88321 0.434517 0.459753 0.58886 0.482686 0.0528845 
1.88191 0.323427 1.34961 1.14061 1.59394 1.66634 1.07512 -0.506737 0.662167 0.499664 0.57945 -0.00664129 
1.74812 0.230106 2.10813 0.968415 2.51425 1.84627 0.343895 -0.686146 0.291317 0.618093 0.102765 0.0481644 
1.80178 -0.469598 1.38088 0.264885 1.49698 0.840458 -0.398092 -0.422507 0.434262 0.269717 0.30346 0.118621 
2.41998 0.312589 0.165684 -2.29979 -0.677094 -0.672198 0.410137 1.0317 1.01671 0.949095 0.413586 0.057827 
2.70821 0.65566 -0.860317 -2.34361 -2.46045 -1.56091 0.292679 1.61068 1.57068 0.81212 0.182289 0.0317804 
3.21584 0.769643 0.0197385 -3.16382 -2.56882 -1.40381 0.626253 1.64845 2.10134 1.46957 0.0606416 0.0276131 
2.63906 0.183867 0.522147 -1.22045 -0.665023 -0.174417 0.782315 0.607199 1.2271 1.0872 0.293289 -0.00915644 
2.34485 0.0584933 1.36913 -0.292578 0.201412 0.424081 0.632477 0.574573 0.987936 0.704499 0.476898 -0.0443086 
1.6626 -0.198994 0.920987 -0.530845 0.66757 -0.89346 0.405203 0.38141 0.674516 0.487365 0.417001 0.0578064 
1.81542 -0.0894851 0.88527 -0.814185 0.973983 -0.129068 0.561414 0.323815 0.465883 0.821831 0.510854 0.0399676 
1.70004 -0.17217 1.27674 0.610586 0.778062 -0.0796119 0.00983548 -0.495799 1.13048 0.245643 0.444606 0.0759717 
1.43488 -0.493072 1.01005 0.0850599 0.904561 -0.0437856 0.752912 -0.330052 0.211696 0.257689 0.518739 0.0466968 
1.74761 -0.229208 0.597078 0.358691 1.06156 -0.131781 0.30827 0.206124 0.140774 0.509044 0.560354 -0.0122262 
1.5501 -0.0820076 1.12696 0.612798 1.19174 -0.432361 -0.0207618 -0.717525 0.493753 -0.0251669 0.124851 0.0695004 
1.79163 -0.0235659 0.482542 0.0860453 0.97545 -0.707612 0.652579 -0.265772 0.147638 0.0647513 0.0960508 0.0265192 
1.42945 -0.308419 1.2603 0.212317 0.86681 -0.481533 0.951496 -0.59511 -0.145923 0.191326 0.394175 -0.00619764 
1.56416 -0.511208 0.390269 -0.336228 0.315077 0.0111993 0.650688 -0.890094 -0.429084 0.528637 0.475825 0.0470872 
1.64209 0.0676276 0.70359 -0.0177493 0.582184 0.0847808 0.29083 -0.726181 0.166137 -0.105655 0.418933 -0.0212603 
1.52318 -0.400401 1.13564 -0.205749 1.0194 -0.078696 0.8329 -0.450018 0.065109 0.27306 0.361867 -0.0138433 
1.59164 -0.14001 0.415268 0.345085 0.599673 -0.154751 0.898636 -0.613687 0.146571 0.165884 0.454633 0.050807 
1.60387 -0.378111 0.802552 0.499411 0.717046 0.269908 0.26099 -1.12599 0.503452 0.0019403 0.323258 0.0637569 
1.27003 -0.65769 0.848761 0.140393 0.736225 -0.320061 0.172111 -0.572428 -0.338815 0.135589 0.315336 0.0112653 
1.48712 -0.669506 0.982321 -0.0957921 1.55041 -0.222154 0.165211 -0.453149 -0.0462841 -0.189737 0.191867 0.129744 
