1.58032 -0.96715 0.595877 -0.901431 0.956432 -0.304453 -0.694772 -1.21193 0.194656 0.152818 0.10723 0.06196 
1.94063 -0.872734 0.72801 -0.255222 1.53274 -0.259663 1.29005 -0.732133 -0.202806 0.306039 0.274577 -0.0125041 
1.3151 0.324281 -0.670733 0.98792 -0.353839 1.11242 0.266627 -0.263425 -0.273448 0.0850068 0.517605 -0.0672608 
0.887181 0.662002 -0.771489 0.719427 -0.446902 1.6058 -0.173051 -0.290496 -0.0331101 0.360824 0.365933 -0.114914 
1.59295 -0.087207 0.382256 0.102465 1.21527 0.00623766 0.603553 -0.65126 0.159874 0.467492 0.496989 0.0114377 
2.20635 -0.832502 0.851379 -0.498811 0.29944 -0.288524 0.65661 -1.08956 0.425721 0.498073 0.464468 0.0382924 
1.89767 -0.74299 0.682229 -0.245351 1.10413 0.166902 0.994782 -1.03871 -0.0363089 0.452616 0.496991 0.0975311 
1.07093 -2.17436 1.80656 2.90024 -3.60625 0.817934 2.67159 -1.98021 -0.369939 0.764952 0.41199 -0.149903 
1.97138 -2.05635 1.86137 0.692017 -0.380749 0.0365354 2.09016 -1.77392 -0.290756 0.876676 0.383206 -0.0818491 
1.88147 -1.17681 1.22128 0.947659 0.256392 -0.707531 1.65972 -1.04668 -0.0247904 0.470906 0.631291 -0.00621818 
2.12288 -0.387737 1.02369 0.500127 1.08861 0.0230504 0.228136 -0.778562 0.220294 0.17229 0.716798 0.0793944 
0.505252 -0.31496 0.554168 -0.382558 1.81638 -0.339396 0.352463 -0.409572 -0.22438 1.84779 -0.0201815 -0.170068 
1.49529 -0.287764 0.596175 -0.75099 2.25632 0.13426 0.0432311 -0.538602 -0.498024 0.89599 -0.0067784 -0.0421531 
2.75871 0.158145 -0.693486 -2.80431 -2.26869 -1.43033 0.221339 0.578407 1.22459 0.447039 0.253019 0.0396223 
3.76672 0.570266 -2.08078 -5.06245 -4.64215 -2.56303 0.0429983 1.08505 2.22041 1.08035 0.255728 -0.0330938 
3.2054 -0.235757 -0.855226 -3.66599 -1.7635 -1.81635 0.0524936 1.14629 1.41734 0.832639 -0.0182298 -0.0191797 
2.13615 -0.586682 0.772505 -0.357528 1.30261 -0.122071 0.357445 -0.1205 0.196895 0.57914 0.410302 0.0445904 
2.10947 -0.194579 0.439603 -0.24698 0.692398 -0.442613 0.70034 -0.0858364 0.182258 0.373621 0.387425 -0.100991 
1.81239 -0.501961 1.85199 -2.3773 2.19324 -1.48189 -0.155636 0.218993 -0.688557 0.648237 0.396092 -0.00154384 
0.933998 -0.123558 2.19002 -2.42636 2.61917 -0.352853 -0.567691 0.651871 -0.514891 0.584547 0.495536 -0.0616427 
1.54966 -0.277359 1.5663 -0.809618 2.44559 -0.103541 -0.538671 0.275156 -0.419958 0.0392024 0.48537 0.0439931 
1.80737 -0.253353 1.01779 0.227172 1.38055 0.255397 0.511226 -0.660866 -0.021775 0.735112 0.314163 0.0200157 
2.15402 -0.6512 1.03709 0.210606 1.00124 -0.0974599 0.915105 -0.736012 0.263752 0.0442112 0.39061 0.104281 
1.62063 -0.917525 0.909874 -0.478576 0.810213 -0.0900881 0.650785 -0.83743 0.316269 0.418781 0.574718 0.084228 
2.14036 -0.942788 0.977394 0.60625 1.448 -0.497772 1.42635 -0.547945 -0.39809 0.170663 0.273672 0.0874188 
2.25875 -0.572954 1.29402 -0.213783 1.15535 0.151379 0.293654 -0.6388 -0.0320434 0.192791 0.349917 0.0626464 
1.99442 -0.377311 1.07468 -0.0094482 1.4123 -0.250758 1.02263 -0.226433 0.121805 0.42622 0.48321 0.0182795 
1.88546 -0.662153 0.6355 -0.0115828 1.03134 0.0842779 0.168305 -0.548583 0.563867 0.00657687 0.534051 0.117354 
1.91387 -0.697221 1.41653 0.0235739 1.59786 -0.564337 0.477444 -0.840835 0.355449 0.202821 0.35784 0.0382458 
2.21158 -0.871979 1.08908 -0.015994 1.63986 -0.339101 0.62746 -0.77047 -0.605518 0.420358 0.294896 0.0665325 
1.91837 -0.884039 1.30975 -0.443205 1.13581 -0.561802 -0.138266 -0.703965 0.306914 0.275663 0.19692 0.0689132 
1.76375 -0.440136 1.05077 -0.345909 1.36284 -0.110078 -0.279252 -0.0471167 0.545754 -0.0454105 0.187873 -0.0396398 
1.78512 -0.667375 0.878543 0.234797 0.552808 -0.089006 0.63784 -0.845053 0.637735 0.368728 0.495963 0.074588 
2.19862 -0.613349 0.552444 0.0352294 1.56726 0.0858711 0.488124 -0.628984 0.0625334 0.178613 0.543972 0.107075 
1.92174 -0.495001 0.535909 -0.500412 1.03288 -0.577829 0.129904 0.069062 0.201626 0.674472 0.494093 0.112438 
0.767613 0.640439 0.12287 -0.300516 -0.0442771 1.40883 -0.649987 -0.745562 0.352733 -0.262668 0.812369 -0.054001 
-0.913591 2.02689 0.835998 -2.97916 -3.7659 -1.66858 -0.0919553 0.25168 0.627517 0.0123934 0.833153 -0.230245 
-0.325813 0.341566 -1.12199 -3.54164 -2.69221 -2.7544 0.266616 -0.878489 0.490025 0.788159 0.851442 -0.242665 
-0.729454 -0.156296 -1.67199 -1.86184 -0.869602 -0.944296 -0.777091 -1.19227 0.449073 0.665454 1.02401 -0.157602 
-0.0942172 0.574969 -1.15351 -2.31085 -0.513422 -0.901675 0.354827 -0.464455 0.344562 0.529738 0.680642 -0.211012 
-0.701342 0.0485973 -0.6343 -2.0106 -0.882583 -1.39219 0.180792 -1.5434 0.165993 0.491797 0.510893 -0.224636 
0.258523 0.292193 -0.474232 -1.00356 -0.703143 -1.48604 0.37799 -1.0446 0.119604 0.474385 0.704918 -0.251005 
0.134742 -0.143137 -1.33547 -1.4007 -0.857593 -0.851021 0.707519 -1.21664 0.0838926 0.226792 0.86086 -0.238493 
0.172819 0.104415 -0.00428398 -1.29492 0.0764594 -0.835263 0.936049 -0.651543 0.397716 0.343717 0.607563 -0.252633 
0.106658 -0.257255 -0.679467 -2.43048 -0.0476359 -0.872891 0.42892 -1.23836 -0.0354329 0.048036 0.425673 -0.258971 
0.322475 0.490765 -0.0035515 -1.22947 -0.344929 -0.682573 -0.279896 -0.978439 0.6176 0.315811 0.876946 -0.235228 
0.639993 0.71792 -0.350349 -1.69799 -0.760738 -0.628361 0.0157712 -0.832175 0.0680316 0.411657 0.777606 -0.199059 
1.28334 0.255628 -0.0404967 -1.37192 -0.790613 -0.579554 -0.242001 -1.29559 -0.163503 0.203092 0.780589 -0.234129 
4.39517 2.11285 1.78421 1.81191 1.91649 0.530243 0.692815 -0.652945 0.598292 -0.0370552 0.0439567 0.013598 
4.34671 3.43529 2.69347 2.58104 1.70501 0.115979 -0.307125 -0.817573 -0.0799623 0.100991 -0.0425997 -0.0130108 
4.2415 3.09692 2.62795 2.05397 1.30645 -0.600102 -1.01197 -0.551792 -0.380174 -0.0735578 0.00642038 0.0193933 
4.79204 2.42048 2.05358 2.49416 1.85186 -1.33444 -1.65407 -0.334372 -0.544348 -0.179909 0.00519957 0.053858 
4.21195 2.30504 1.58525 1.72419 1.42566 -1.57894 -1.52889 -0.0371824 -0.135946 0.0435788 -0.0287211 0.0498916 
4.16755 2.16296 1.56761 1.60183 1.51725 -1.4344 -1.82159 -0.0632067 0.104127 -0.106916 0.104339 0.0838461 
4.71188 1.85196 2.04089 1.76592 2.02121 -2.11665 -1.98719 0.252785 -0.2509 0.176616 0.0643673 0.0835341 
4.76685 1.82392 2.34773 1.54423 1.75356 -1.62182 -1.68607 0.137132 -0.0555945 0.0146296 0.188881 0.122963 
6.00354 0.0802177 3.5227 0.471 2.5295 -1.46699 -1.55216 0.296498 -0.314593 0.239544 0.0726146 0.113882 
5.29386 1.26671 2.82813 1.28083 1.59438 -0.555129 -1.69608 0.308561 0.0151714 -0.125631 0.378316 0.150664 
4.46928 1.92001 2.25037 1.46241 1.52802 0.032824 -1.56529 0.0870899 0.284048 -0.249043 0.443553 0.159516 
4.3197 1.81331 2.23098 1.08643 1.61339 -0.723587 -1.24041 0.320061 0.0936425 -0.283612 0.492187 0.178128 
4.26043 2.05878 2.0974 1.25052 1.26134 -0.751722 -0.953882 -0.277349 -0.0977576 0.21519 0.460767 0.139648 
4.07272 2.11957 1.92057 1.08075 1.42609 -0.242077 -1.2595 0.0810766 0.211549 0.175901 0.461006 0.11312 
4.33132 1.91656 2.19712 0.183036 2.27865 -0.309382 -1.31172 0.273202 0.398433 -0.21398 0.531862 0.140016 
4.50306 2.10962 1.35853 0.0870169 2.53593 -1.01986 -0.621564 -0.0570863 0.612173 0.148402 0.444842 0.176363 
4.40185 2.27444 1.41867 -1.03453 2.55756 -0.537615 -0.616965 0.597148 0.764154 0.326126 0.499139 0.103257 
3.76936 2.3695 0.840328 -0.094639 1.51269 -0.538534 0.665715 0.991488 1.0423 0.506653 0.506193 0.0932892 
3.87045 2.02439 0.605245 -0.375499 1.80978 0.536217 0.38611 1.75154 0.810401 0.594803 0.329508 -0.00479696 
4.14087 1.6641 0.322509 -0.397115 1.84336 0.920171 1.0549 1.62093 0.823361 0.482472 0.0289313 -0.0668713 
3.89834 1.24381 0.173077 0.236584 2.33048 1.79227 1.71053 0.953425 0.521632 0.350484 0.0842621 -0.000627878 
3.73988 1.10953 -0.113024 1.0653 2.90203 2.44471 1.53876 0.263362 0.652307 0.304586 0.220574 0.0273688 
3.89477 0.550908 -0.301807 2.10437 4.48474 2.14814 1.75365 -1.05214 0.654757 0.217688 0.358665 0.0889064 
3.55032 0.155447 0.373063 2.5374 4.85932 1.26887 1.66864 -1.02525 1.32088 0.443326 0.414072 0.108905 
3.97133 -0.311729 -0.117811 4.613 4.38276 1.04951 3.06443 -1.45 0.86051 0.428889 0.651158 0.0116849 
4.5397 -0.613983 -0.162117 4.90378 4.42575 1.12028 3.56886 -1.56545 0.518581 0.42234 0.682405 -0.00461102 
4.2463 -0.224466 -0.0634902 4.36017 4.16092 1.88896 3.80749 -1.79675 0.442265 0.520094 0.698825 0.00499305 
4.44599 -0.402965 -0.199938 4.0954 4.09553 1.53151 4.39207 -1.46036 0.273179 0.265427 0.648094 0.0714905 
5.00399 -0.0534287 -0.725734 3.18619 4.29119 1.95575 4.6647 -1.8012 -0.100029 0.415429 0.672344 0.0583456 
5.0389 0.812361 -0.367369 1.90182 2.46888 3.36778 4.14711 -0.252087 -0.464054 0.563646 0.341089 0.0038851 
4.34548 2.1773 0.0824618 -0.275274 0.822547 2.46913 3.09558 1.67818 0.495497 0.673536 0.25034 0.0580641 
3.44057 2.43249 1.58987 1.38695 1.73963 2.09626 1.92908 1.25595 0.577161 0.317928 0.17939 0.0602837 
2.95463 2.48847 2.10458 1.79274 1.56697 1.53859 1.43138 1.0529 0.619259 0.437038 0.304861 0.0648346 
2.89081 2.44852 2.11277 2.00036 1.80785 1.58749 1.44511 1.02296 0.632919 0.342139 0.160304 0.0630511 
3.05863 2.11353 1.72695 2.56937 2.99145 2.83163 2.65372 1.39441 0.467393 -0.346648 0.246665 0.152587 
2.0556 1.63131 2.01394 1.5021 2.74454 1.41128 0.55202 1.30403 0.0421442 0.55439 0.489272 -0.0144387 
-0.33814 2.15101 3.20509 0.29287 3.09817 0.940394 1.68514 1.39966 0.499658 -0.075172 0.769132 -0.142526 
