2.36357 -0.4045 0.155089 -0.852063 -0.79339 -1.33445 -0.535625 0.0284475 0.674689 1.07139 0.626008 0.0898305 
2.81917 -0.712266 0.553593 -2.11544 -1.32432 -1.3036 -0.336174 -0.512556 0.938868 0.863149 0.429113 0.143264 
2.87655 0.315194 0.443879 -1.38243 -1.20396 -1.07353 -0.601244 -0.218759 0.522226 0.927122 0.590708 0.110306 
2.80368 0.275463 0.77682 -1.93552 -0.877751 -0.942844 -0.586949 -0.405385 0.692134 0.885806 0.564389 0.1465 
2.8883 -0.164495 0.787411 -2.06928 0.0527318 -1.56078 -0.431073 -0.803373 0.531355 0.607204 0.736416 0.199652 
2.5973 -0.398423 1.21866 -1.2436 0.443342 -1.83171 -0.645373 -0.0312917 0.396058 0.507152 0.940015 0.187546 
2.28302 -0.280534 1.143 -0.480397 1.6446 -0.565694 0.234195 -0.399306 -0.0754109 0.356351 0.536795 0.068037 
2.31087 -0.701793 0.439891 -1.00494 0.704435 -0.610863 0.233097 -0.811456 0.391247 0.723707 0.483594 0.0855964 
2.08631 -0.450419 1.38197 -0.748545 1.37719 0.138167 0.367636 -0.515298 -0.0688142 0.242839 0.181903 0.125017 
2.14512 0.0958272 1.18047 0.376692 1.25152 0.154946 0.501338 -0.902327 0.178102 0.577864 0.441951 0.0904585 
1.89239 -0.650436 0.76282 -0.420642 1.06422 -2.34221e-005 0.26612 -0.583792 0.301713 0.687961 0.735258 0.0852126 
2.02323 -0.767478 0.961903 0.299964 1.55889 0.100172 0.894359 -0.474444 0.0908091 -0.100322 0.269009 0.00739389 
2.07442 -0.375715 1.1802 -0.726777 0.502299 0.578906 0.639644 -1.47123 0.196909 0.321703 0.362993 0.133475 
1.56611 1.45976 -1.17303 -0.00738191 -1.71888 0.598199 -0.50846 -0.626889 0.835516 0.164271 0.856153 -0.0640933 
0.146031 1.93853 0.619927 -2.40929 -1.95142 -1.75728 0.135723 -0.224548 0.429469 0.347993 0.834194 -0.301568 
-0.21074 0.666074 0.277493 -2.03729 -1.86106 -3.47564 -0.599427 -0.263533 -0.0482926 0.280637 0.825907 -0.276266 
-0.0195351 0.300642 -0.0917399 -2.2975 -1.70213 -1.92039 0.192228 -0.0494897 -0.236559 -0.140504 0.853743 -0.168025 
0.0995282 0.246185 -0.795737 -1.54142 -0.959254 -1.34733 -0.0760844 -0.494174 -0.0647317 0.0805183 0.819408 -0.252124 
-0.540484 -0.381495 -1.70951 -2.02642 -0.766202 -0.585225 0.753203 -0.724794 -0.217811 0.486406 0.84143 -0.14899 
-0.828308 -0.509153 -1.52147 -2.57552 -1.09987 -1.06614 -0.286313 -1.10163 0.135214 0.528595 0.902799 -0.12292 
-0.325862 -0.854927 -1.87763 -1.95308 -0.950308 -1.37357 0.241175 -0.398173 0.440103 0.399954 1.05512 -0.204151 
0.993678 0.106566 -0.0799926 -2.05398 -0.723684 -1.19086 0.957202 -0.44953 -0.493337 0.272619 0.776064 -0.185317 
2.33871 1.52023 1.01368 0.345173 0.238588 0.360851 0.693574 0.144191 0.238726 0.367015 0.463427 0.026487 
3.54623 2.83229 2.60011 2.26108 1.08786 0.19898 -0.198237 -0.308892 -0.0785374 -0.0979065 0.045764 -0.00663661 
4.46373 2.669 1.9189 2.66862 1.6221 -0.297794 -0.444519 -0.624409 -0.863301 -0.392495 0.167775 0.0485867 
3.85963 2.48524 2.63514 2.71611 0.424361 -1.13457 -0.427023 -0.425046 -0.887308 -0.320706 0.1531 0.0312849 
5.14531 1.54129 2.01481 3.63536 1.0207 -1.6099 -0.818292 -0.519957 -1.25519 -0.123585 0.267693 0.053588 
4.83116 0.557198 1.66012 3.0267 0.683915 -1.20969 -0.425649 -0.538392 -1.16022 -0.115548 0.354522 0.040129 
4.86748 0.407528 1.96172 3.04785 0.616959 -1.22957 -0.815122 -0.475389 -1.08298 0.0793387 0.533301 0.0911065 
5.04026 0.173707 2.20266 2.94699 0.881859 -1.41462 -0.719283 -0.240003 -1.07313 0.257836 0.66556 0.0963643 
4.81492 0.629431 1.6258 2.94747 1.10502 -1.51361 -0.457383 -0.0650446 -0.909219 0.275923 0.560954 0.107412 
4.02933 1.20226 1.59931 2.89474 1.00432 -1.41086 -0.456965 0.140703 -0.512448 0.336683 0.41545 0.102883 
4.91254 0.499199 1.69337 2.46677 1.47397 -1.37454 -0.973168 0.349768 -0.368648 0.294377 0.445891 0.109581 
4.43361 0.961654 1.88625 1.0998 1.86856 -1.76962 -0.480828 0.230811 -0.487412 0.190064 0.563343 0.20625 
3.74226 1.9739 0.766103 1.03572 1.99212 -1.75622 0.25558 -0.134744 1.23805 -0.168221 0.644084 0.191002 
3.95377 2.16749 0.406205 0.456619 1.41634 -1.24458 0.917929 0.635122 1.40235 -0.104652 0.534185 0.121612 
3.67114 1.58096 0.273913 0.382881 1.09011 -0.310223 0.885048 1.02785 1.07343 0.44522 0.13525 -0.0441887 
3.39508 1.27328 -0.278757 1.19899 1.49736 0.856453 1.49093 0.432581 0.791669 -0.125721 -0.0312442 -0.080024 
4.43587 0.353805 -0.958662 2.67896 2.83648 0.659976 1.95079 -0.227062 0.625334 -0.282932 0.21381 0.0224023 
4.48631 0.251085 -1.08638 4.11947 3.871 0.879882 2.52672 -1.08195 0.617358 -0.600638 0.338075 0.00850731 
4.75118 0.287005 -1.56902 3.83018 4.00746 0.821812 2.2958 -0.379392 0.416311 -0.470516 0.299821 0.0701994 
3.62177 1.05524 0.259884 2.26983 3.6045 2.25612 1.24572 -0.0617507 -0.167065 0.0236216 0.240031 0.0788894 
3.12186 1.09284 0.895238 2.6364 3.04375 2.59106 1.55084 0.355149 -0.30546 -0.0406174 0.300532 0.109808 
4.69814 0.273142 0.319267 4.46221 3.63016 1.44097 3.28877 0.0248236 0.021511 -0.301131 0.276131 0.0774728 
4.03001 1.8177 0.484541 1.30542 1.88922 1.40748 2.00515 1.08021 0.65712 -0.0102196 0.0387201 0.0067757 
4.05093 1.68353 0.370792 1.21436 1.55924 0.958179 1.27119 1.42698 0.919131 0.214526 0.326524 0.0512735 
5.05785 2.50228 0.510092 1.50843 2.56103 1.73595 1.31402 1.27807 0.485305 -0.018025 0.238336 0.124747 
3.42611 2.3928 2.02402 2.52319 3.19127 3.32056 2.83931 1.61644 0.320673 -0.038413 0.295914 0.167226 
3.05719 2.51447 2.34806 2.54302 2.60105 2.28858 1.84276 1.25283 0.606694 0.33384 0.294448 0.0931574 
2.85091 2.44194 2.27569 2.17311 2 1.66857 1.391 1.13395 0.838414 0.562932 0.319386 0.070962 
2.86717 2.44351 2.30361 2.17737 1.98438 1.72394 1.46867 1.19853 0.883209 0.590095 0.325698 0.0784612 
2.86545 2.45334 2.2891 2.11378 1.93483 1.71185 1.47536 1.16507 0.897122 0.628702 0.362935 0.0810087 
2.92641 2.51889 2.34484 2.19739 2.06017 1.78251 1.45834 1.14074 0.861556 0.608132 0.334605 0.0814402 
3.17841 2.60942 2.6817 2.68877 2.56127 2.29052 1.55516 0.873162 1.22633 0.637932 0.211379 0.0947388 
2.71026 2.27164 2.15159 1.91525 1.73394 1.60754 1.26201 1.09134 0.865154 0.599756 0.337279 0.0677468 
2.72247 2.2284 2.03855 1.9314 1.75157 1.49607 1.30482 0.984067 0.802763 0.599106 0.345395 0.057562 
2.67304 2.10858 2.18137 2.03113 1.72761 1.52301 1.3117 0.957135 0.805544 0.575166 0.361762 0.0516015 
2.74034 2.30626 2.17488 2.02472 1.82044 1.52097 1.42624 1.12111 0.955423 0.661406 0.369532 0.0723854 
2.67559 2.166 1.98423 1.81799 1.6884 1.33129 1.15448 0.94003 0.706101 0.533402 0.27743 0.0552263 
2.79454 2.06644 2.42567 2.30245 1.78055 2.04959 1.58455 0.855369 0.990407 0.942112 0.341179 0.0809168 
2.60995 1.35726 2.37457 1.26252 2.75764 2.21713 1.72428 0.390235 0.636681 0.931823 0.600804 0.0756858 
1.948 0.715945 2.023 0.571371 2.9317 1.71674 1.71009 0.338728 0.402325 1.16652 0.554268 -0.0424971 
2.14627 0.154451 1.86275 1.45537 2.33874 2.39005 1.38615 0.252703 0.318431 0.658005 0.790017 -0.0128913 
2.22003 0.188111 1.97625 0.554675 3.14718 1.23177 1.33533 -0.636801 0.0872791 0.70542 0.503596 0.0629553 
2.1061 -0.259862 1.70605 0.567778 2.48906 1.48263 0.547034 -0.0934085 0.73123 0.0263529 0.680847 0.0716522 
1.7463 -0.281204 1.17275 0.402634 1.46116 0.700382 0.284846 -0.886611 -0.47841 0.580927 0.82428 0.0261073 
1.73049 -0.0130769 1.13504 0.83046 1.60388 0.416271 0.347816 -0.449526 -0.158933 0.359909 0.784277 0.0250344 
1.81945 -0.778066 0.583026 0.401375 0.846446 0.966753 0.725692 -0.75563 0.504722 0.344163 0.581901 0.100396 
1.56842 -0.307146 0.959888 0.491441 1.00038 0.070869 0.513606 -0.226315 -0.0842094 0.416631 0.66635 0.0420628 
1.77593 -0.547 0.287386 -0.70206 1.55514 -0.416284 0.490892 -0.584918 -0.437397 0.834238 0.718034 0.0262663 
2.08358 -0.124382 0.852352 -0.547366 1.70574 0.0282611 0.408376 -0.953252 0.0188482 0.601717 0.455469 0.0775403 
1.70809 -0.459075 0.731447 0.314615 0.956759 0.40995 0.484043 -0.243065 -0.0770558 0.396977 0.743227 0.0245454 
2.02294 -0.459867 0.167715 0.205592 1.40799 -0.00790402 0.621405 -0.181785 0.123563 0.348469 0.647829 0.0797849 
1.63885 -0.681312 0.618625 -0.0776056 1.51122 0.206864 0.502744 -0.0745599 -0.121787 0.286486 0.717284 0.0267053 
1.88388 -0.269744 0.178903 -0.439957 1.06783 0.256684 0.251433 -0.65859 -0.108557 0.199188 0.366861 -0.0121588 
1.4622 -0.208115 0.310659 0.139597 1.4608 0.800836 0.451462 -0.366209 0.133345 0.519918 0.407906 0.0217546 
1.66177 -0.59661 0.587653 -0.568911 1.25475 0.49289 0.675949 -0.296868 -0.307187 1.0772 0.408535 0.0019588 
2.00356 -1.19527 0.661797 -0.73586 1.00496 0.146619 0.157554 -0.0477732 0.620719 0.649427 0.490878 0.0645296 
2.00086 -0.353852 0.188088 -0.104949 0.760251 -0.553037 0.0833216 1.13968 0.980573 0.25891 0.643088 -0.0050145 
1.78092 -0.44551 -0.431603 -1.10146 -0.0259539 -1.45681 -0.562598 1.63285 1.77789 0.165838 0.122878 -0.0509789 
2.52442 -0.127834 -0.604545 -0.366289 -0.229416 -1.0839 0.411998 1.1839 1.86902 0.292105 0.133968 -0.0380733 
2.65582 0.394454 0.210049 -0.272495 -0.0778858 0.175186 0.672911 0.786744 1.49931 0.671613 0.333339 -0.0581566 
2.51765 0.627844 0.740307 0.137574 1.2367 0.541787 0.89488 -0.457374 0.123622 0.776658 0.593991 -0.0508569 
1.91408 -0.306357 0.44992 0.522121 1.4793 0.321418 0.173645 -1.25544 0.184738 0.0159037 0.512766 0.0939582 
1.73718 -0.367498 0.314991 0.582742 1.45414 0.491297 0.348131 -0.883765 0.252544 0.360626 0.453788 0.0448809 
