2.10744 -0.399907 0.914248 -0.205143 0.791148 -0.781792 1.19239 0.673599 0.775306 0.195514 -0.483048 -0.0275194 
2.20935 -0.188452 1.09939 -0.413876 -0.152286 -0.140679 0.215335 -0.020174 1.32245 0.201073 0.249011 0.0322207 
2.47035 0.430492 0.567033 0.0680254 0.702505 -0.511146 0.19462 0.313097 0.457412 -0.128349 -0.0423198 -0.0586095 
2.44551 0.254995 1.62347 -0.452951 0.817043 -0.133178 0.471605 0.111651 0.492893 0.256321 -0.167389 -0.0996894 
2.38484 -0.015075 1.31189 -0.572717 -0.2141 0.0687477 0.150388 -0.637821 0.621596 0.16384 -0.00556053 -0.0293417 
2.16471 -0.186339 0.7034 0.114283 0.0784282 0.502172 1.12755 0.339728 0.503375 0.111478 -0.104842 -0.0114692 
2.36159 0.235342 1.13398 0.0772486 0.674943 -0.560369 0.169363 0.61619 0.966427 0.106624 -0.312192 -0.0476335 
2.12753 0.208665 1.44813 -0.642003 -0.137085 0.0176259 0.316735 0.443808 0.561996 -0.145697 -0.0992454 -0.0121456 
2.19075 -0.217622 1.12313 -0.617701 0.272844 -0.571818 0.71589 0.199958 0.803029 0.253257 -0.191004 0.014361 
2.14414 -0.432411 0.975326 -0.763286 -0.386232 -0.155585 0.883251 0.237904 0.88174 -0.0845277 0.108387 0.0374813 
1.8476 0.127488 1.52851 -0.504856 0.095771 0.0023271 0.790917 0.232859 0.290651 0.0412282 -0.131522 0.00149256 
1.84833 0.274153 2.00086 -0.127056 1.20082 0.545464 1.64156 -0.315541 0.200783 -0.0901274 -0.101573 -0.0258421 
1.60599 -0.266834 0.706797 -0.247063 0.10543 0.0277024 1.01026 -0.152134 0.188574 -0.0180885 -0.147209 0.079509 
1.77162 0.252433 1.42222 -0.231349 1.48353 -1.01569 0.921644 0.290223 0.380784 0.294006 0.144431 0.0416454 
2.01202 -0.0865748 1.45999 -0.245235 1.96138 0.557783 1.02179 -0.0202141 0.362862 0.171559 0.0570272 0.0203701 
1.67449 0.370706 1.23782 0.541114 1.8213 0.45958 1.59805 0.0661831 -0.178782 -0.0937752 0.0707541 0.052772 
1.72748 0.0230915 1.39642 -0.167338 1.30402 0.674892 0.872583 -1.20708 0.145826 -0.243501 -0.0720305 0.0446987 
1.83967 0.226943 1.35437 0.184441 1.59013 0.396837 1.12442 -0.20229 0.422314 -0.179787 0.179812 0.0996791 
1.74553 0.10102 1.21943 -0.0447325 0.917028 -0.0195183 1.38531 -0.134971 0.0100985 0.0331495 0.149381 0.0339352 
1.41727 1.82778 -0.03747 -0.591203 0.259509 -1.25939 2.20612 -0.27218 1.44 -0.499607 -0.00919378 -0.140567 
-1.31979 3.46724 -0.369476 -3.3601 -0.518137 0.969326 2.06404 -1.07973 1.35625 -1.24142 -0.714748 0.00287699 
-1.86953 0.844178 -0.920057 -1.95828 -2.05659 -0.118541 1.81609 0.258829 1.47192 -0.788921 -0.299615 0.0275803 
-2.06665 -0.02018 -1.30215 -1.65598 -1.25591 -1.57265 0.990329 -0.588425 0.886031 -1.14388 -0.282401 0.121341 
-3.05826 0.426719 -2.2263 -1.15725 -1.97608 -0.761095 1.19947 -0.376947 1.08199 -0.992117 -0.621858 0.120611 
-3.32528 -0.87245 -1.91622 -0.965136 0.1362 -0.0205805 1.78337 0.598725 1.4505 -1.10302 -0.553067 0.0181155 
-2.19509 -0.456843 -1.74991 -1.90765 -0.95143 -0.389643 1.21823 -0.365206 1.22645 -0.791478 -0.454736 0.082804 
-0.05909 0.475064 -1.37408 -0.338203 -0.986437 -1.46227 0.79339 -0.275 1.52157 -0.628216 -0.173199 0.0783578 
-0.82132 -0.0171467 -0.60189 -1.08794 -0.199767 -0.644305 0.503576 -0.334137 1.13837 -0.539992 -0.425827 0.0648909 
0.22075 -0.105123 -0.66171 -1.44057 -0.132233 -0.267188 1.20186 -0.141271 1.33726 -0.322925 -0.504967 0.070369 
1.47127 0.38943 0.887351 -0.763687 -0.22022 -0.204546 0.43596 0.562752 1.15207 -0.325141 -0.0465736 -0.0735199 
2.03061 0.522994 0.841033 -0.206151 0.758559 -1.31524 0.318558 -0.299115 0.775751 -0.519397 -0.373132 0.133942 
3.49563 3.14822 3.1393 2.15254 1.63906 0.957223 1.16308 0.162413 -0.0878647 -0.358124 0.00868643 -0.0373928 
4.29757 2.95641 2.22833 3.70973 2.11524 -0.567313 0.30279 -0.584345 0.0953128 -0.721088 -0.0228541 -0.0255312 
7.21601 1.69404 1.6369 4.50163 1.71514 -2.71353 2.38848 -0.739177 -0.464533 -1.3171 -0.100466 0.0400819 
5.17312 2.26595 2.0959 3.46103 0.98396 -1.38988 -0.562851 -0.250504 -0.868079 -0.754748 0.0238426 0.0778676 
5.31412 2.31098 2.09262 3.11175 0.721852 -1.29895 -0.45058 -0.321707 -1.20158 -0.861135 0.0489753 0.0741353 
5.11729 2.369 1.46492 2.80599 1.696 -1.56997 -0.532604 -0.426088 -0.696894 -0.92696 0.0123929 0.113432 
5.10982 2.8729 2.24743 3.00252 1.134 -2.81851 0.064525 -0.33317 -0.633375 -0.396666 0.157338 0.166696 
5.6814 2.4539 2.77384 4.2124 1.42626 -4.47214 0.381117 -0.652049 -0.152313 -0.490848 -0.018251 0.182929 
5.87872 1.88258 1.97244 2.49784 1.99245 -3.10082 2.14619 -0.997295 -0.634622 -0.822072 -0.0931206 0.248871 
5.5988 2.35193 1.29471 2.06536 1.60792 -2.24721 1.28663 -0.897408 -0.353945 -0.505498 0.104054 0.16904 
5.43285 2.28636 0.744271 2.91543 1.24923 -3.53881 1.00911 -1.11397 0.0429649 -0.789717 0.116819 0.128127 
4.7628 2.17867 0.624486 3.1445 0.986996 -3.46879 1.00556 -0.986194 0.427739 -0.682351 0.150354 0.0651906 
4.24922 2.27715 1.03415 2.79863 0.515762 -2.58041 0.208695 -0.0067696 0.914649 -0.344145 -0.0638585 0.0273969 
3.62746 2.31861 1.69185 1.87238 0.843378 -1.10514 0.305206 0.988865 0.880302 -0.314084 -0.0705567 0.0269588 
4.17277 2.33616 1.87658 2.4509 1.08298 -1.03157 0.841458 1.86451 1.01522 -0.177072 -0.255455 0.00420808 
4.29534 2.23965 1.45524 3.21731 2.33647 0.0804545 1.35718 1.25945 0.689691 -0.639291 -0.237891 0.0145653 
3.79094 2.24181 1.44019 3.16133 2.96698 0.580134 1.64705 0.771164 0.882725 -0.516813 -0.0703167 0.0290395 
3.52944 1.79311 1.16358 2.33689 3.29988 1.53268 1.47659 0.716352 0.423209 -0.0844158 -0.0801035 0.0232136 
3.46304 2.17847 1.64616 2.58275 2.19387 1.45768 1.91145 0.922809 0.102563 -0.222947 0.0489455 0.0288891 
3.2627 1.98302 1.79219 2.659 2.67059 1.02509 1.73069 1.31483 0.538038 0.0848708 -0.18186 0.0372091 
2.77157 1.80311 1.85153 2.13855 1.89538 1.05856 1.07826 0.986814 0.270548 0.0936232 0.136773 0.0206424 
2.83611 1.92315 1.70021 1.97097 1.75622 1.20266 1.33962 1.05865 0.34373 0.00274495 0.124767 0.0273111 
3.09796 2.05772 1.96574 2.55492 1.95445 1.20709 1.803 1.55614 0.422075 -0.251537 0.0732775 0.050438 
3.44041 2.59556 2.53206 2.7822 2.45034 1.68573 2.0148 1.68212 0.548542 -0.142221 -0.0335378 0.0363918 
3.08503 2.63217 2.508 2.42087 1.9937 1.53681 1.27168 0.967736 0.535925 0.150288 -0.00117393 0.018924 
2.75669 2.27582 2.0469 1.79006 1.53705 1.29415 1.0119 0.667877 0.374389 0.222344 0.112114 0.00906945 
2.85398 2.44373 2.27158 2.05127 1.7624 1.48218 1.20262 0.873314 0.590983 0.387971 0.218131 0.0459765 
2.98954 2.62465 2.45178 2.34883 2.22697 2.04708 1.68225 1.20364 0.86206 0.567388 0.284631 0.0904329 
3.0667 2.76059 2.6145 2.44034 2.23055 1.89554 1.55784 1.15818 0.800572 0.484456 0.228371 0.0787618 
2.80948 2.40017 2.23804 2.01352 1.87052 1.63592 1.32732 1.09954 0.801237 0.534721 0.329741 0.0659308 
2.95436 2.5731 2.46579 2.19149 2.06428 1.83521 1.5501 1.18584 0.971193 0.594064 0.337485 0.0895219 
2.77654 2.32222 2.16736 1.98112 1.74454 1.69527 1.42681 1.16427 0.909046 0.596446 0.342753 0.0713009 
2.68272 2.19841 2.02031 1.73178 1.62535 1.47673 1.16032 0.960951 0.70712 0.452386 0.30091 0.0588628 
3.40936 3.60911 3.59153 2.07496 2.11562 0.492059 0.892106 -0.51124 0.988705 0.419544 0.591814 0.168625 
3.3039 3.08191 2.89126 2.4416 2.01092 1.47086 1.2189 0.781174 0.792631 0.688255 0.500786 0.120894 
2.84136 2.41509 2.61798 2.14573 1.79157 1.83464 1.56625 1.01323 0.922528 0.631043 0.310176 0.0908851 
2.6831 2.17684 2.11546 1.98241 1.66982 1.38018 1.25208 0.943799 0.753106 0.585375 0.367696 0.0569584 
2.35952 2.00266 2.91912 1.59078 1.61613 2.5575 1.78186 0.77077 0.977618 0.864099 0.22185 0.083143 
2.24452 1.82097 2.80918 1.4707 1.83156 1.38574 1.50144 0.898231 1.44814 0.602983 0.0961507 0.0823116 
1.84541 1.35241 2.06347 1.61203 1.25944 1.76718 1.35714 0.696872 1.24893 0.721917 0.173708 0.0168347 
1.97274 0.696908 1.8828 0.14413 1.39341 0.767195 1.0352 0.746496 1.09901 0.725577 0.0373892 -0.0305712 
1.64279 0.835015 1.95694 0.996702 0.879431 1.38392 1.50329 0.586463 0.886636 0.645835 0.205963 -0.0366453 
1.62538 0.589543 1.53416 0.707972 1.32928 0.40514 1.2493 0.545575 1.23134 0.724372 0.241965 -0.0586579 
1.39176 0.419193 2.32201 0.390952 1.22464 -0.45151 0.557309 0.677947 0.942303 0.889731 0.02014 -0.0508989 
1.2792 0.22947 1.47659 0.129173 1.04405 0.659139 1.82436 0.60566 0.10094 0.858366 0.153299 -0.0941337 
1.24059 0.364516 1.88178 -0.0256586 -0.0942757 1.22808 1.88519 -0.301165 0.460494 0.649093 0.0176846 0.0157891 
1.52821 -0.191229 1.71086 0.188481 0.976126 0.389695 1.78291 -0.810369 1.1645 1.14652 -0.330554 0.00514265 
1.44159 0.243507 1.33446 0.491406 1.31744 0.211225 1.10358 0.364969 0.391268 0.359241 0.231456 0.0590935 
1.5148 0.0403999 0.990241 0.120879 0.641073 0.00030833 1.23637 0.224719 1.13457 0.416255 -0.12464 -0.0386129 
1.55274 -0.683167 1.13621 0.187624 0.803221 0.882633 0.881965 0.189461 1.04673 0.291072 -0.118368 -0.0455751 
1.34952 -0.0306892 1.05073 -0.0137414 0.236453 0.0185043 0.372513 -0.868296 0.138178 0.515629 0.0875269 -0.0999361 
1.3451 -0.106047 1.00424 -0.278671 0.890011 -0.0458844 1.23159 -0.570869 0.22545 0.220958 -0.0754222 0.00993367 
1.39892 0.0637641 0.924361 0.336029 0.858986 0.443798 0.484307 0.204678 0.338614 0.232022 -0.261146 0.0386711 
1.33499 0.537631 1.4605 -0.0270817 0.961292 -0.244568 1.2258 -0.186056 0.56812 -0.0999817 0.0578431 0.0620818 
