1.91681 0.150577 0.967043 -0.790889 0.772792 -0.282634 1.24351 0.556325 0.692628 0.210949 -0.0380714 -0.0777673 
1.33811 -1.50673 -1.32374 0.746922 0.83312 -2.37379 -0.579353 2.11262 1.99835 -0.82267 -0.185673 -0.071555 
2.53478 -1.30404 -1.50715 -1.17137 -0.351743 -2.97209 0.474945 1.47819 2.15647 0.0693016 -0.334938 0.0735878 
1.83663 -0.184212 0.585208 -0.633141 0.733717 -0.409288 1.26257 0.558703 0.729626 -0.393022 -0.25768 -0.0429024 
1.86885 0.337882 0.594806 -0.700613 -0.0247518 0.368095 1.68039 -0.197804 0.19079 -0.0100799 -0.0617931 -0.035759 
2.38431 0.428347 1.32055 -0.429785 0.542075 -0.574739 1.74096 -0.124404 1.0018 0.329404 0.239911 0.131543 
2.46082 0.550833 1.41649 -0.246198 0.839218 -0.507371 2.23711 0.00838606 0.911737 0.565326 0.345636 0.0850844 
2.46294 0.388019 1.67278 0.258767 1.65488 1.16939 1.22686 0.644747 0.631291 0.161656 0.188642 0.0659963 
2.35476 0.640476 2.01227 -0.152372 1.00197 0.165215 1.11372 0.0901936 0.940033 0.383142 0.467205 0.0867258 
1.97313 0.548973 1.88094 -0.471809 0.270518 -0.0300185 0.856094 0.173244 1.09268 0.773496 0.298326 0.0601439 
2.17512 0.338627 1.99304 -0.924007 0.931168 -0.255377 0.14061 0.802157 1.4748 -0.150944 0.646748 0.0615507 
2.05382 0.564318 1.29272 -0.843296 0.605273 0.274523 0.582217 -0.0989477 0.900943 0.302383 0.260931 0.0683983 
2.21871 0.0688401 1.27478 -0.0623664 0.079338 0.0243731 1.06651 -0.299386 1.18855 0.189249 0.364781 0.116613 
1.98451 0.07521 1.52983 0.00825644 1.7424 -0.43643 0.919777 -0.0105623 0.133502 0.109814 0.178048 0.00971942 
1.4716 0.141322 1.17914 -0.0731179 1.61878 -1.21025 1.27661 0.360351 0.235844 -0.0563113 -0.0895327 0.000899377 
1.62824 -0.0353221 1.42611 -0.569422 1.37629 -0.0997504 0.442701 -0.772461 0.0595821 0.315364 0.101342 0.0403203 
1.65536 0.179321 1.72723 -0.597977 0.927995 0.0150019 1.43194 -0.0229832 0.443964 -0.0305571 0.172585 0.0133798 
1.26328 1.10362 0.60842 0.853363 -0.883783 2.22897 -0.1401 0.41815 0.594689 0.058633 0.0786534 0.0623415 
-0.511327 -1.61928 0.0784336 -0.347951 -1.44838 0.20105 0.929768 1.47903 1.40634 -1.22284 -0.336209 0.00140356 
-0.200646 -1.32196 0.219515 -0.551378 -0.2676 -0.18043 1.54222 -0.0475799 1.17193 -1.11027 -0.34649 0.0608071 
-1.42965 -1.12408 -1.15474 -1.55393 -1.12772 -0.406035 1.30821 -0.0613046 1.38019 -1.65244 0.0540459 0.125729 
-1.17237 -0.476029 -0.806457 -1.39441 -0.925443 -1.5332 1.21145 0.650782 1.32087 -0.879367 -0.120355 0.177297 
-0.732057 0.553958 0.142491 0.511904 0.152523 -0.175814 1.20166 0.149435 1.03352 -1.33371 -0.19219 0.0897435 
-0.891776 1.1874 0.627247 0.63436 0.592713 0.114487 1.72777 0.534491 0.789585 -0.905548 -0.286024 0.0251861 
-1.15484 1.10932 0.34415 0.515743 0.795327 0.696728 1.25134 0.883988 0.903984 -1.10667 -0.218744 0.0434808 
-0.735887 0.200425 -0.304266 0.0130937 -0.105465 0.686294 1.1575 0.420192 1.52893 -0.569996 -0.0210917 0.0773033 
0.251593 0.56888 -0.323557 0.14539 -0.184348 -0.352462 1.39625 0.832527 1.34398 -0.812474 -0.00638217 0.0678868 
1.82726 0.752858 0.779265 0.327253 0.670615 0.11743 1.31606 1.01768 1.56169 -0.53616 0.424858 0.0138288 
3.77497 2.57902 2.63238 3.21543 1.82603 0.0936547 1.25409 0.235564 -0.190297 -0.797728 0.120069 -0.00127618 
4.48185 2.34656 3.02269 3.98335 1.35076 -0.589941 0.0696609 0.497416 -0.0699064 -1.08143 -0.104339 0.0396439 
5.17918 3.24356 2.61579 2.98417 1.7668 -0.341733 -0.515354 0.187375 -0.417884 -1.1754 -0.208357 -0.00333528 
4.75084 3.53679 3.04268 3.44843 1.37004 -1.70943 -0.379551 -0.178381 0.103821 -0.851389 -0.122404 0.0359914 
5.0338 3.40386 3.16332 3.34892 1.32144 -1.70023 -0.58698 -0.693155 -0.125583 -0.501227 -0.110062 0.0405439 
4.49037 3.27893 2.53846 3.02329 1.61058 -1.02189 -0.286559 -0.469785 -0.103079 -0.595178 0.0334861 0.0375857 
4.26909 3.08807 2.909 2.6645 1.6811 -1.59802 -0.116376 0.100539 0.413413 -1.02807 0.000589973 0.0705463 
4.6294 3.08785 2.1996 1.91655 1.96727 -1.0314 0.637887 0.0969327 0.369724 -1.62011 0.104135 0.106188 
4.85839 3.61876 1.53517 1.18981 1.99141 -1.08252 1.11179 -0.0875839 0.493314 -1.55579 0.0333877 0.067141 
5.66734 3.77106 0.175949 1.78652 0.343425 -1.78836 1.55633 0.255057 0.543073 -0.802756 0.0165562 0.0215161 
5.51196 3.31674 -0.114735 1.21283 -0.0795716 -0.825776 2.39522 0.399369 0.33481 -0.345165 0.216939 0.0414492 
4.74094 2.08592 0.528323 0.463956 0.197056 0.0146952 1.7838 2.15085 0.683075 0.0361956 -0.0164529 -0.0314454 
4.35853 1.92925 1.05331 1.65419 0.576225 0.305801 1.75795 2.34995 0.911906 -0.260834 -0.245614 -0.0502125 
5.35547 2.29379 -0.900903 2.67747 1.59052 1.27982 2.75926 1.16036 0.941824 -0.733003 -0.193595 -0.0903266 
3.30442 1.95067 0.563597 1.84536 1.46395 2.20983 2.52284 1.23215 0.464279 -0.567711 -0.0952258 0.0138565 
3.40091 1.95278 1.67996 2.24798 2.27455 1.08116 2.20352 1.06196 0.439902 -0.632885 0.0165961 0.0472457 
3.01463 1.85603 1.58871 2.95714 2.34702 1.18638 0.842487 0.91573 0.429886 -0.194682 0.161824 0.0334 
2.79884 1.78326 1.82358 2.28062 1.89011 1.12808 1.31406 0.985264 0.250356 -0.17791 0.172184 0.0273948 
3.19699 1.73718 1.32657 2.34872 2.70219 2.02357 1.56935 1.08206 0.184932 -0.0734314 0.267414 0.0872449 
3.64458 1.63947 1.2363 3.52801 3.23708 1.92905 2.97031 1.50777 0.325335 -0.738367 0.116481 0.176019 
4.27601 1.70157 1.22119 2.75948 2.74533 1.78053 2.75976 2.55903 0.391394 -0.749258 -0.282589 0.0915319 
3.69344 2.68543 2.2379 2.38707 2.11299 1.78277 2.0787 1.95886 0.773007 -0.178163 -0.181738 -0.000915313 
3.11518 2.28633 1.89824 2.06804 2.08699 1.65078 1.19883 0.789443 0.265181 -0.0731544 0.0130003 0.00942305 
2.97785 2.54767 2.30657 2.15417 1.95043 1.5997 1.1684 0.905342 0.654072 0.347868 0.124802 0.041028 
2.99919 2.60577 2.48601 2.34515 2.14615 1.8319 1.44593 1.13149 0.817421 0.552165 0.304667 0.0839634 
3.00638 2.66229 2.59067 2.47388 2.26867 1.99047 1.64789 1.27964 0.870405 0.544834 0.268851 0.0926643 
3.04026 2.75958 2.76134 2.5887 2.28413 2.06697 1.74462 1.30349 0.880346 0.553237 0.293052 0.0998591 
1.75011 3.06556 2.3168 1.38382 2.08539 2.16899 0.926627 0.8527 1.9655 -0.34101 0.63376 0.0286023 
1.71448 2.49734 3.11666 1.05452 1.75583 2.75487 0.403812 1.40166 1.58366 0.040119 0.510017 0.0859661 
2.5958 0.00285476 3.02527 2.1621 -0.711048 2.24449 1.4956 1.5699 3.00828 0.317683 0.117173 0.169559 
2.7515 1.83842 2.09813 1.1282 0.878616 1.70256 0.88389 0.211806 1.77123 0.954296 0.201778 0.0561119 
2.2366 1.04487 2.45479 2.59265 1.90424 0.71498 1.41113 0.721908 1.52897 1.0514 0.0848195 0.0192977 
2.38604 1.60914 2.15661 1.8711 1.72522 1.24114 1.34363 0.588922 0.79412 0.476224 0.124739 0.0412878 
2.56783 1.94771 2.1757 1.82764 1.87915 1.38229 1.89934 0.74533 1.18547 0.586657 0.109708 0.0719077 
1.84596 0.676565 2.14491 1.63356 2.56032 0.965578 1.62699 0.644392 1.5665 0.648027 -0.106046 0.0536002 
1.65034 0.738064 2.48462 0.606228 2.32435 0.131206 1.06303 0.208097 1.28229 0.830039 -0.089419 0.0219313 
1.51067 0.576659 2.3502 1.22321 1.4204 0.970865 1.34302 -0.258162 0.78613 0.579343 -0.130056 0.0519619 
1.37506 0.159843 1.72662 0.912512 1.22356 0.84722 1.25025 -0.258899 0.731224 0.632084 -0.124077 0.0160015 
1.17835 0.436351 2.05949 0.669715 1.23393 0.263842 0.794315 -0.225687 0.306308 0.419893 0.252459 -0.000648039 
1.16884 0.593061 1.27891 0.816339 0.811263 -0.285896 1.20737 -0.483427 0.245118 0.572355 0.245307 0.00388633 
1.40475 0.329162 1.508 0.317491 0.851684 0.195658 0.413407 -0.284181 0.495407 0.488203 0.0834739 0.0537748 
1.12796 0.498839 1.47311 1.06913 1.28925 0.485849 1.0165 -0.0571574 0.659958 0.469748 0.219997 -0.0474435 
1.14686 0.181948 1.13288 0.400489 1.66979 0.26127 1.16861 -1.03169 0.344068 0.0823795 -0.287092 0.116429 
1.54301 0.216766 1.49814 0.0813179 1.04361 0.173452 0.797156 -0.0957039 0.808145 0.25259 0.113117 0.0626059 
1.30896 0.819863 1.94453 0.303864 0.107776 0.314821 0.413288 -0.199547 0.44477 0.561138 0.108656 0.0333781 
0.838648 0.0548519 1.40024 0.338588 0.46922 -0.200484 0.31891 -0.52365 0.458745 0.101463 -0.0198304 -0.0503156 
1.19525 -0.021375 1.20634 0.241679 -0.118686 0.34103 1.0996 -0.706106 -0.0669259 -0.0661335 0.0453803 -0.00909636 
1.27724 -0.0353768 0.972545 -0.0261068 0.659999 1.73626 1.6053 -0.729994 0.0460797 0.124467 -0.126054 -0.00787509 
1.22263 0.485837 1.5208 0.384829 0.636594 0.631474 0.906446 -0.149658 0.193123 0.509011 0.125243 -0.00262879 
1.3568 0.0474916 0.695419 -0.696311 0.990944 0.432756 1.48042 -0.0133002 0.413454 -0.32539 -0.247704 0.0319756 
1.50137 -0.156859 1.2539 0.100164 0.525295 -0.0172765 1.26853 0.251427 -0.0463664 0.126442 0.0482652 0.0243064 
1.09274 0.0298201 1.4318 0.351946 0.804706 -0.318526 1.14908 -0.285228 0.521564 -0.0949606 -0.213848 0.060847 
1.31155 0.275278 1.07106 0.529403 0.887213 0.371068 0.953108 -0.25652 0.493655 -0.08162 0.184707 0.0540458 
1.15756 0.20595 0.932518 0.0860891 0.974676 0.390796 0.975823 -0.296572 0.156078 -0.0207483 0.0835529 0.0663159 
1.58465 -0.130791 1.21205 0.426934 1.26461 -0.380438 1.42787 -0.0288783 0.549867 -0.018938 -0.0288838 0.0417178 
1.26911 0.161637 1.39384 -0.0534831 1.68639 0.550695 0.880339 -0.152335 0.247242 0.152416 -0.0281693 0.0423441 
1.31229 0.235328 1.03962 0.193733 0.554152 -0.618953 0.920712 -0.547462 0.350741 0.614342 -0.0852715 0.0559636 
