2.24802 -1.52932 -2.78048 -1.21542 -0.0739683 0.072309 1.21572 1.16211 1.83652 0.663929 -0.623987 -0.186503 
2.62338 -1.05105 0.436691 -1.44297 -0.924087 -1.11909 0.86837 0.703049 0.565981 1.11995 -0.170507 -0.206847 
2.80171 -0.424233 0.340791 -1.37158 -0.244523 -1.00069 0.0293385 0.124676 0.894891 0.866278 -0.167157 -0.160036 
2.61456 -0.422177 0.935502 -1.02909 -0.412598 -0.797941 0.814729 0.438047 0.867958 0.726676 -0.0248534 -0.0659474 
2.35852 0.252076 1.02251 -2.17995 -0.853347 -1.62944 0.343801 1.18914 0.663236 0.405938 0.174607 0.00603899 
2.22441 0.807769 1.18904 -1.76881 0.0921248 -0.449827 -0.0331056 -0.130717 0.527219 0.242651 0.262595 -0.028681 
2.28418 0.40974 1.15416 -1.54337 0.347173 -0.623218 0.235736 -0.012948 0.855944 0.469157 0.267066 0.000997558 
2.23459 0.163394 1.52501 -1.25036 -0.39572 -0.863354 -0.204341 0.00813083 0.743625 -0.0229436 0.188788 -0.0537315 
2.0771 0.366577 1.57889 -0.74111 0.973013 0.0273402 0.122771 0.0401952 1.08447 0.13112 -0.147694 -0.0418075 
2.14723 -0.125317 1.09708 -0.432806 0.951173 -1.2032 -0.281603 0.206419 0.485305 0.412189 0.0619864 -0.0530998 
2.25061 0.801516 1.07732 -0.908608 -0.424694 -1.45469 -0.199398 -0.589819 0.493795 0.470671 -0.0220733 -0.0424733 
2.28319 0.226766 1.3102 -0.952793 0.217868 -0.891888 0.287598 0.265182 0.612999 0.356293 0.0045066 -0.0777121 
2.25821 0.533299 1.03611 -1.39137 0.827323 -0.273241 0.268377 -0.0778538 0.426718 0.389887 0.277763 0.0293538 
2.09496 0.439495 1.23674 -0.610453 0.570184 -0.709393 0.199368 0.577469 1.23112 0.308589 -0.103156 -0.0832992 
1.99796 0.00605337 1.19127 -0.743296 0.09633 -0.0106422 0.853944 0.389079 0.482213 0.15126 0.168152 -0.104662 
1.75373 -0.0398586 1.19184 -0.0281174 0.478561 -0.529562 0.744937 -0.631798 0.260472 -0.430617 0.0424571 0.00717972 
2.14789 -0.0641597 1.94817 -0.354696 1.47055 -0.22998 0.31814 -0.372595 -0.12878 -0.0632189 -0.0634935 0.0317975 
1.93698 -0.209267 1.80409 -0.299124 1.36962 -0.430468 -0.0071544 -0.319802 0.777316 0.30086 -0.0378362 0.0260389 
1.59783 0.0759723 1.26256 -0.291667 1.17536 -0.335623 0.312076 0.125979 0.119249 0.27709 -0.0991771 -0.111868 
1.22315 0.00415853 1.07687 -0.203326 2.09497 -0.370259 1.4689 0.354757 -0.222467 -0.0955659 0.241697 -0.146474 
1.89721 -0.043058 1.75965 -0.307474 1.28729 -0.0600077 -0.263256 -0.529925 0.384992 0.0333588 -0.147142 -0.00338996 
1.76579 0.572158 1.42256 -0.117153 0.349446 -0.459034 1.16253 -0.27352 0.52329 -0.29461 0.12962 0.0259063 
1.65087 0.499595 1.44464 -0.978971 0.743926 -0.829903 0.297905 -0.078553 0.68691 -0.0585845 -0.130859 0.00988623 
1.88359 0.260259 1.21969 -0.365584 0.604465 0.445267 1.29169 -0.370549 0.337054 0.169736 0.203562 0.00672199 
1.60509 0.631208 1.29359 -0.505509 0.754684 -1.20273 0.231726 -0.293769 -0.249485 -0.167496 0.0899927 -0.0877444 
1.50545 0.395184 0.773666 -0.0132829 0.584219 -0.707663 1.06247 -0.0724551 -0.0206077 -0.379446 -0.126984 0.0438157 
1.64221 0.419107 1.4874 -0.228123 1.34862 -1.37268 0.446813 -0.55846 0.0497781 -0.135404 -0.079357 0.0740634 
1.71259 0.762583 1.72793 0.0884258 0.185684 -0.324516 1.00688 -0.0558798 0.219955 -0.144833 0.15476 0.0284628 
1.25557 0.811649 1.06554 -0.245328 0.416688 -0.017406 0.359174 0.157594 0.57011 -0.58676 0.34795 -0.072865 
1.52589 0.753596 1.73918 -0.534967 1.19598 -0.487468 0.245885 -0.574169 -0.195516 -0.10218 -0.0194449 -0.0278727 
2.05111 0.880021 1.07646 -0.722853 0.365409 -0.378828 1.40164 0.822745 0.878446 0.0801191 -0.0558663 -0.0830181 
0.928903 1.05148 -0.483374 -1.7223 -1.82143 -0.815802 2.00319 -0.994981 1.03714 0.688811 -0.308503 -0.0157476 
0.908163 -0.0399889 -0.101628 -1.30977 0.162884 -0.767414 0.770701 -0.956148 1.92825 -0.33717 -0.138474 -0.0160015 
0.183511 0.795462 0.275462 -0.917349 0.587448 -1.06455 1.39534 -1.21267 0.916833 -0.116442 -0.359897 -0.105741 
-0.0111598 0.48341 -0.692107 -1.36534 -0.213077 -1.58395 0.206233 -1.22227 1.51764 -0.489583 -0.319369 0.0457897 
-0.201659 0.682494 -1.86958 -1.43528 0.62132 -1.7987 1.42525 -1.23743 1.1078 0.364538 -0.107257 -0.0782808 
-0.40803 0.345484 -0.617905 -1.71475 0.0257248 -2.33451 1.11807 -1.1753 1.08308 -0.0113909 -0.16855 -0.0856467 
0.364433 0.738256 0.101622 -1.05263 -0.110756 -0.990856 0.718366 -0.706978 0.980595 -0.0927802 -0.358087 -0.059801 
1.41966 1.08332 0.610977 -1.51656 -0.00783184 -0.061477 0.822764 -0.727204 1.0881 -0.544688 -0.270012 -0.0442636 
4.36435 2.39301 2.60695 2.53659 3.81595 -0.8577 -0.0486615 0.207602 1.08368 -0.500423 -0.305434 0.0267824 
5.25366 1.53473 1.09784 4.11452 3.09448 -0.599026 -1.58499 0.0786847 0.474538 -0.338529 -0.402899 -0.0555204 
5.88242 0.654605 1.36606 3.87298 3.19264 -1.93303 -2.75394 0.191339 0.239511 -0.223751 -0.409583 -0.0483496 
5.64747 0.616609 1.16331 3.22667 3.24968 -1.99252 -2.61304 -0.0295811 0.203925 -0.216189 -0.413456 -0.0424528 
5.1575 1.19588 0.913167 2.84257 3.32881 -2.07036 -2.14077 -0.224362 0.33951 -0.184997 -0.361426 0.0252221 
5.54907 0.777222 1.1503 2.13685 3.25043 -1.64248 -2.18291 -0.248885 0.494847 -0.205993 -0.28917 0.0490347 
5.46768 1.23256 1.15187 1.74218 3.37629 -2.70965 -0.852966 -0.880121 0.710519 -0.122109 -0.418897 0.149444 
4.17742 1.95113 1.24627 1.75468 2.36874 -2.3927 -1.10178 8.88272e-005 1.23818 -0.29645 -0.0922914 0.101456 
4.44227 1.90686 0.436353 1.64781 2.43423 -2.3353 -0.0688788 0.150413 1.39746 -0.233783 -0.217714 0.0702778 
4.9779 2.38238 0.265151 1.34906 1.29213 -2.01628 0.329992 0.520356 2.15589 -0.330314 -0.138662 -0.00584282 
4.89609 2.29629 -0.253833 1.69861 1.53708 -1.85824 0.820026 1.08394 2.05747 -0.266206 -0.234938 -0.0292911 
5.3691 1.65454 -1.49127 2.42493 2.96535 -1.89534 2.85694 1.1969 2.14318 -0.569904 -0.425807 0.00223277 
4.98748 1.20815 -0.253457 2.09654 3.25984 -0.0170083 1.77858 1.64638 0.725035 -0.0677829 -0.514586 -0.0530835 
5.14892 0.576275 -1.33241 2.86125 4.50926 0.0379961 2.09489 1.01644 0.861565 -0.19412 -0.377933 0.0439661 
4.69958 0.429757 -1.02553 3.21357 3.98418 1.38676 1.46188 1.24466 0.4811 -0.108967 -0.178748 0.0611882 
4.56145 -0.302349 -1.98478 2.91834 4.73007 0.459291 1.67267 1.39192 0.874247 -0.201373 -0.329434 0.0835505 
4.64947 0.609872 -1.37691 3.00392 4.20131 0.479744 2.14362 1.75685 0.983268 -0.379897 -0.460771 0.080948 
4.97346 1.29051 -0.708365 2.42349 4.16759 0.0814 2.93783 1.58653 1.37403 -0.378058 -0.513218 0.0657657 
5.37363 0.993206 -0.847338 2.09003 3.1746 1.00898 1.60534 2.64914 1.19213 -0.285582 -0.559078 -0.0169644 
4.02948 1.81436 0.679889 1.88186 2.81993 2.14712 1.66279 1.58583 0.777531 -0.128703 -0.134987 0.0174475 
3.40778 2.27856 1.52971 2.01638 3.10809 3.28233 2.22449 0.969535 0.326986 0.166657 0.0313285 0.100573 
4.20865 3.17355 1.9109 1.74763 2.9718 3.76738 3.30208 1.72217 0.419591 -0.0011774 -0.000396241 0.10467 
3.82884 3.33791 2.96796 2.56924 2.72415 2.84561 2.47045 1.61567 0.648944 0.257415 0.212031 0.0853079 
3.39278 2.96961 2.44747 2.10409 2.1189 2.32485 2.14929 1.49095 0.718823 0.281671 0.140717 0.0758957 
2.87014 2.31515 2.22319 1.67875 1.70457 2.15267 1.76495 1.21166 0.996203 0.329787 0.183224 0.074816 
2.69242 2.21761 2.5525 1.51293 1.36378 2.06784 1.29553 0.916714 1.38852 0.604734 0.119424 0.0731241 
2.90566 1.60693 2.35964 -0.265359 -0.111669 2.00208 1.77132 -0.272278 1.1372 0.093759 -0.152361 0.0304802 
3.15784 2.48811 2.57323 -0.614787 0.252295 0.0130251 0.693154 0.251367 1.21321 0.619043 0.175847 0.0976054 
2.49367 1.93156 2.10602 -0.422734 -1.02014 -0.942314 0.00458464 -0.0490481 0.201007 0.428902 0.186388 0.103621 
2.0347 1.76907 3.29454 0.687323 -0.0610582 -0.110123 0.436214 0.0273272 0.255757 0.862766 0.253423 0.0312425 
1.46847 1.2174 2.38093 -0.382831 1.12133 1.04179 1.57871 0.768423 0.797095 0.288299 0.0898247 0.0260329 
0.880806 0.382308 2.75228 0.685912 -0.368409 0.567644 2.30802 -0.609907 0.497425 0.884785 0.045441 -0.0361651 
0.81376 0.930939 3.42128 0.850773 1.10051 0.703007 1.1442 -1.07038 0.035001 1.0766 -0.054239 -0.0373242 
0.901707 0.513088 2.63944 0.551759 0.563142 0.434587 1.21601 -0.0242655 0.569577 1.17746 -0.0295058 -0.052036 
1.08606 0.606705 1.92779 0.280661 1.00776 0.723573 1.15077 -0.824296 0.6386 0.492925 0.229394 0.00380265 
1.0703 0.43387 1.73985 0.969959 0.919817 -0.335509 1.55997 -0.114526 0.774857 0.117731 -0.00113431 0.132965 
1.01384 0.879297 2.02433 0.822922 0.270047 -0.991609 1.33633 -0.549564 -0.0591898 0.106372 0.312018 0.0805728 
0.746194 1.04049 1.98785 -0.0222489 1.16976 -0.0480612 1.30705 -0.0205495 0.767411 0.462443 -0.00159056 0.0038882 
1.03895 0.258621 2.00378 -0.468498 0.310947 0.508448 0.946065 -0.499131 0.465111 0.110773 0.0468847 0.000319273 
0.858333 0.723316 2.12432 0.168949 0.411655 0.525002 1.32224 -0.109177 0.784524 0.219606 -0.0544242 -0.100018 
1.31218 0.849635 2.35474 0.193189 0.313846 -0.0337032 0.994317 -0.367022 0.194853 -0.0693658 0.0433251 0.038289 
0.714866 0.577087 2.15036 0.472846 0.219753 -0.397302 0.833043 -0.0562907 -0.135221 -0.201829 -0.0555613 -0.0479357 
0.92536 1.19243 2.04575 0.544911 0.511545 0.0933077 0.959534 -0.408126 0.43281 -0.031097 0.236146 -0.0557834 
0.837836 0.0759149 1.62481 0.603125 -0.0450289 0.13709 1.53261 -0.454818 0.292682 -0.0226013 0.0654258 -0.0874821 
0.911077 0.721448 0.970779 0.0591418 0.646656 0.407691 1.601 0.379375 0.388819 -0.138694 -0.301646 -0.0922153 
1.33601 0.155943 0.163119 -1.06483 0.359112 0.814893 1.12851 -1.14737 0.287423 -0.193986 -0.234083 -0.0473345 
