1.55165 0.283551 0.927875 -0.629771 0.850164 -0.0960624 1.10925 -0.357614 0.583834 0.0114406 -0.179371 0.0337455 
0.968139 0.809216 0.59202 -1.00184 1.35118 -1.89238 1.31271 -0.399467 1.28254 0.4951 -0.0147549 0.0165397 
1.72682 0.482822 1.19623 0.0893945 1.2595 0.0334835 0.617647 -0.32961 0.560528 0.188598 -0.00867079 0.0150652 
1.6678 0.392734 1.30322 0.57072 0.783409 -0.0261553 0.883958 -0.146945 0.800731 0.0260621 0.0960232 -0.0464373 
1.58922 0.49084 1.37735 -0.212792 1.04592 -0.930641 0.6574 -0.266121 0.0579034 0.210647 0.115795 0.0212644 
1.89094 0.681594 1.12508 -0.0879673 0.720304 0.322445 1.18028 -0.911136 0.228271 0.114708 0.0448118 0.0129534 
1.68464 0.388525 0.943421 -0.27472 0.885501 -0.511874 1.24496 -0.138122 0.868219 0.352236 0.0600168 -0.0179869 
1.59195 0.75203 1.94249 -0.600373 0.847704 -0.299353 0.863678 0.294128 0.13383 0.319391 0.320558 -0.0674622 
1.94608 0.592056 1.32376 -0.683833 1.04465 -0.880228 1.06473 0.337769 0.78667 0.245719 0.132942 0.0444356 
1.6714 0.643938 0.995607 -0.365541 1.26355 -0.595178 0.506344 -0.24575 0.173428 -0.069951 0.0483402 -0.0809026 
1.64857 0.543165 1.53216 -0.247052 1.15983 -0.327254 0.557776 -0.443172 0.384008 0.131934 0.00172842 -0.0542497 
1.72812 0.624698 1.01711 -0.690349 1.05463 -0.154323 0.851049 -0.055651 0.227301 -0.247421 0.0976074 0.0798792 
1.83595 0.562046 1.25093 0.433599 0.958735 -0.342382 0.306158 -0.0460109 0.226457 0.0530305 0.048437 -0.0182341 
1.46909 0.38953 1.73828 -1.18124 0.541887 -0.998572 0.943491 -0.213353 0.195175 0.244857 0.0390811 0.00371915 
1.87504 0.914462 1.1745 -0.387559 0.209055 -1.20498 0.267372 -0.318795 0.434759 -0.00398935 0.331 0.00369176 
2.05321 0.683926 1.10615 -0.77413 0.749832 -1.25857 0.472168 -0.413298 0.169293 0.141331 0.0436242 0.0595948 
1.56102 0.512086 1.17289 -0.631159 0.56203 -0.445179 0.654265 0.0613081 0.712387 0.185753 0.177283 0.0712431 
1.73012 0.786427 1.27225 -0.375925 0.861964 -0.0387373 1.58011 0.172834 0.488213 -0.0254779 0.06206 0.0294008 
1.5465 0.671287 1.52289 -0.0338339 1.33603 -0.700058 1.18766 0.465441 0.319099 -0.253013 0.135286 0.0251973 
1.57268 0.370468 1.55472 -0.053133 0.741591 -0.361325 0.710225 0.214302 0.606409 -0.197729 -0.0957258 0.0422237 
1.77359 0.315479 1.67799 -0.615663 1.11567 0.207003 0.584323 -0.0654621 -0.101321 -0.0987364 0.0986356 0.0094912 
1.58032 0.390444 1.28442 0.0862077 0.645909 -0.38485 0.361541 -0.518333 0.197409 -0.356343 0.133701 0.0702412 
1.66075 0.274809 1.30316 -0.347514 1.15294 -0.851957 0.612562 0.163966 0.635018 0.37491 -0.146898 0.0300045 
-0.137679 -0.382483 -0.940896 -1.17745 -0.134628 -0.0891948 0.895402 -0.718344 2.11006 -0.270971 -0.672218 -0.0787755 
0.00272287 -0.622059 -0.776798 -1.38696 -0.542562 -1.89606 0.953325 -0.53394 1.78332 -0.437584 -0.787061 -0.0450767 
-0.0155085 0.24303 -0.324187 -1.35756 -0.629823 -1.32573 0.759844 -0.391894 1.66651 -0.468119 -0.234406 -0.00512356 
-0.729473 0.174942 -0.84972 -2.11752 -0.315286 -1.83232 -0.233032 -0.557463 1.81805 -0.201543 -0.218671 0.0553952 
-0.562546 -0.429484 -1.4605 -2.25333 -0.603457 -1.73169 0.425497 -0.971979 1.36543 0.183535 -0.34221 0.0720894 
-0.446426 0.104285 -1.04707 -1.40786 -0.0570959 -1.06609 1.14459 -0.343269 1.44095 -0.19231 -0.51958 0.017431 
0.564423 -0.0702165 -0.254948 -1.6486 -0.328234 -0.483644 0.612286 -1.66067 1.43237 -0.0703911 -0.422365 -0.0905288 
1.79371 0.967631 0.438976 -0.237141 0.431996 -1.79504 0.633636 -0.545386 0.763832 0.00934287 -0.363769 -0.0762861 
3.78289 2.52743 2.78428 2.31339 1.97651 -0.0424957 0.317055 -0.129184 1.17446 -0.458618 -0.179899 0.00525065 
3.83955 2.34349 1.36329 1.9126 1.58197 0.0799611 -0.401707 0.454946 0.562324 -0.282905 -0.268056 -0.0429051 
3.72033 2.17678 1.81067 2.05737 1.22559 -0.56967 -0.902833 -0.034535 0.175653 -0.247767 -0.140154 0.0012947 
3.78937 2.3882 1.77662 1.83921 1.07333 -0.311284 -0.69419 -0.273093 -0.0503154 -0.118947 0.0655171 0.032801 
3.68864 2.36864 1.81139 1.80865 0.968676 -0.772477 -1.2446 -0.270744 0.184967 -0.110083 -0.0338412 0.0214815 
4.95307 2.17411 1.54539 2.23888 1.5208 -1.21126 -1.51129 -0.388023 0.736001 -0.304291 -0.113685 0.0428278 
4.6506 2.48944 1.70966 1.35046 1.97967 -0.994666 -1.78347 -0.526737 1.24096 -0.467509 0.0072578 0.0404259 
4.74859 2.4544 1.97181 1.56793 2.15888 -1.54546 -1.14079 -0.332758 0.965762 -0.207395 -0.0712346 0.066594 
5.44608 2.48826 2.09222 1.22914 1.77472 -0.812459 -1.37255 -0.685532 1.91163 -0.672064 -0.190216 0.0960256 
5.28942 1.99412 2.21533 -0.0865341 2.41141 -1.27132 -0.607302 -0.449941 1.98363 -0.776637 -0.315048 0.237996 
5.2456 1.94673 1.40445 0.0529936 2.09302 -1.68275 -0.420857 -0.0955518 1.7605 -0.40865 -0.232029 0.14283 
4.88668 2.87377 0.255875 0.0748004 1.80419 -1.39134 0.554294 0.453061 1.80261 -0.85648 -0.0793759 0.00354452 
4.56668 1.58347 0.305425 0.0929624 1.06576 -1.05704 1.38741 1.32326 1.87145 -0.249231 0.117552 0.0881664 
3.86541 1.94562 0.617875 1.33831 1.38165 -0.242679 1.63814 1.43634 1.55203 -0.479526 -0.395756 -0.0807421 
4.0926 1.66633 -0.0577466 1.49025 2.54346 -0.547352 2.53818 1.11833 1.83114 -0.469144 -0.445774 -0.0369477 
4.10478 1.57963 0.198034 1.73108 2.77683 0.786863 1.77682 1.0037 0.874806 -0.28226 -0.112379 0.0260949 
3.34782 1.01453 0.522794 2.15642 2.67367 0.618002 1.34455 1.35245 0.71881 -0.367113 -0.119106 0.0516143 
2.89478 1.12224 0.683932 2.46401 2.60757 0.625005 0.429632 0.481455 0.683697 -0.0932411 0.138876 -0.0105541 
2.95324 1.382 1.09536 2.75646 3.24731 0.647307 1.18507 0.589906 0.800327 -0.152871 0.0138516 0.0336555 
4.28956 0.929241 0.739042 3.62414 5.01049 -0.137228 2.27105 0.100471 0.291886 0.0141893 0.161482 0.19029 
4.27853 1.53577 0.259117 3.91001 3.77353 1.11528 2.21608 0.887439 0.252399 -0.185248 0.162842 0.131218 
4.10357 1.22026 0.694262 3.76774 4.68534 0.0320577 3.5531 1.24134 0.56634 -0.427365 -0.00377783 0.275035 
4.63849 2.10715 1.34878 3.75929 3.41237 0.524129 3.30412 2.54393 1.43577 -0.422952 -0.324378 0.0894498 
4.20135 1.86978 2.05208 3.84661 3.43503 2.02328 2.41483 2.3622 0.401294 -0.410191 0.0439359 0.156904 
3.28579 2.60582 2.17714 2.37521 3.0745 2.95923 1.88549 0.66783 0.184726 0.324476 0.343544 0.102767 
3.51333 2.74389 2.19844 2.46191 3.07241 2.91653 1.87138 0.684468 0.236187 0.421132 0.412382 0.117205 
3.17418 2.45841 2.22571 2.30647 2.80532 2.55443 1.95082 0.680117 0.394477 0.664663 0.496092 0.121864 
2.84211 2.1712 1.71662 2.0942 2.62258 1.34949 1.66619 0.401061 1.21802 0.624224 0.350678 0.073976 
2.64422 1.47945 1.14521 2.05299 1.90287 2.0614 1.17033 -0.112957 1.85757 0.870254 0.144982 -0.00967688 
3.11406 1.24557 2.49596 1.95533 1.64196 1.29034 0.779915 -0.631028 1.08606 1.20748 0.474046 0.0373844 
2.62146 2.25121 2.24526 1.44756 1.37001 1.17743 0.842509 0.0696182 0.869071 0.676965 0.361462 0.0421392 
2.3936 2.14979 2.52671 -0.0884113 1.5774 -0.524202 0.0131971 -0.103415 -0.0173805 0.403553 0.780814 0.0627077 
1.77113 1.17422 2.54407 -0.745932 1.21546 -0.48692 0.195288 0.554955 0.119406 0.572228 0.371709 -0.000124938 
1.82694 1.79656 2.04714 0.791859 1.50268 1.18817 1.19426 0.348895 0.888377 0.309214 0.304151 0.0110793 
1.42863 1.30002 1.66144 0.698857 1.10364 1.0434 0.723934 0.26119 0.704094 0.279599 0.320545 -0.0363595 
1.29936 1.45946 1.72401 0.69374 2.0054 0.441041 1.14781 0.507799 0.702251 0.00902125 0.247811 0.00583923 
1.35463 1.16705 1.82386 0.188267 0.725224 0.408137 1.40204 0.400892 0.0877559 -0.098499 0.182699 0.0340469 
1.05602 0.00894986 1.32798 0.905466 0.961508 -0.642343 0.0788475 0.717185 1.18893 -0.193335 -0.139992 0.0917904 
1.24591 -2.26006 0.942766 4.16639 2.59443 -4.21579 -0.595067 2.75761 1.37501 -0.685023 -0.163725 0.205102 
1.26071 -1.44398 0.990401 2.97773 1.59292 -1.85308 0.45432 1.79112 1.05359 -0.355633 -0.245797 0.0900191 
1.10352 -0.64629 1.92834 2.70673 1.28998 -1.31144 1.3803 1.44288 0.524787 -0.530795 -0.0798864 0.0974301 
1.12892 0.219162 1.31313 1.87313 0.433975 -0.53558 1.01856 -0.0375437 0.985873 -0.332063 -0.0186467 0.101449 
1.091 -4.11678 2.30831 4.42143 1.15237 -2.13338 -1.28981 0.430234 2.64563 -0.706493 -0.63942 0.264212 
1.02241 -3.41254 2.34359 2.63699 0.263456 -0.93047 -0.343661 -0.258582 1.77817 -0.530515 -0.608642 0.106199 
1.26099 -1.94656 1.78182 2.39587 0.366269 -1.6718 1.08713 0.67808 0.63397 -0.316526 -0.303862 0.151003 
1.31659 -0.910613 1.4806 1.64557 -0.081279 -0.806497 0.767879 1.33007 0.317282 -0.0972975 -0.462713 0.0736571 
1.20558 -0.623534 1.25563 1.20519 -0.221213 -0.867252 1.86113 0.277119 0.114399 -0.374142 -0.643613 0.0301362 
1.47378 -0.0135754 1.84769 0.978472 -0.292982 -0.71966 1.77904 0.146246 -0.282917 0.140288 -0.565501 0.115204 
1.49652 -0.105073 1.79404 0.365708 -0.32722 -0.186611 1.62501 0.0744371 0.0918598 -0.0357534 -0.400578 0.0312285 
1.37947 0.190837 1.28489 0.175083 -0.467279 0.110342 1.54494 0.0704676 0.549074 0.250669 -0.172281 -0.00172657 
1.20744 0.286617 1.46482 -0.22787 -0.00751909 0.308521 1.32253 -0.515817 0.181092 0.228957 -0.172584 0.0233777 
1.27942 0.534777 0.918521 0.310116 0.722846 0.281151 0.535522 0.475355 0.116038 -0.0519564 0.0382357 0.106399 
1.17436 0.119497 1.16394 -0.00247852 0.514759 -0.639263 0.848637 0.621805 0.774314 0.111316 -0.0819099 0.0340438 
1.2812 0.376374 1.10911 -0.43997 -0.374645 0.732527 0.747116 -0.0650947 0.33891 0.108283 -0.243214 -0.0455764 
