1.99592 0.260058 1.72083 0.395295 0.982156 -0.0533923 1.41468 0.0440611 0.57386 0.488328 0.103356 0.0220523 
2.01681 0.530558 1.55676 -0.208983 1.1631 0.532853 1.08579 0.410336 0.572977 -0.135266 0.0641677 -0.0386962 
2.45237 0.547498 1.31309 -0.0447947 -0.0437883 -0.147335 1.00601 -0.425716 0.715198 -0.114821 0.190472 0.0457248 
1.91272 0.422664 1.34591 0.0319819 0.398268 -1.12942 0.451439 0.152247 0.509627 -0.0875997 0.0375714 0.00697165 
2.20791 0.00970181 1.16549 -0.346479 0.581403 -0.483677 -0.0508991 -0.453551 0.245445 0.16577 -0.00301531 -0.016081 
2.08626 0.488175 1.49037 -0.1535 0.624482 -1.45484 -0.308176 -0.2168 0.237798 0.185309 0.184887 -0.00177091 
2.11833 0.265629 1.54917 -0.191585 0.909953 -0.794187 0.229452 -0.30898 0.517415 -0.0417639 0.0662796 0.000997471 
2.11821 0.535615 1.50198 -0.373479 0.59245 -0.0761834 0.952741 -0.448182 0.386804 0.0487627 -0.061725 -0.0512484 
1.73588 0.129439 1.26072 -0.643469 0.203492 -0.515684 0.27659 -0.730024 0.756073 -0.0559208 0.18004 0.00235777 
2.29824 0.726763 1.32157 -0.553961 -0.0141739 -2.02034 -0.13083 -0.0165394 0.427901 0.447848 0.387306 0.100725 
2.5608 1.09266 0.741625 -1.58901 -1.09604 -1.43729 0.4306 0.202612 0.528681 0.617557 0.228924 0.0988839 
1.95167 0.37686 0.610051 -0.181365 0.629755 -0.0425108 0.617173 0.460943 0.773401 -0.308771 0.0376762 -0.0051171 
2.17048 0.748968 1.07143 -0.987506 0.383556 -0.547992 0.89593 -0.711983 0.562512 0.537567 0.323926 0.100562 
1.9728 0.290809 1.34095 -0.534649 -0.412614 -0.459813 0.623425 -0.342219 0.505265 0.102352 0.0575475 0.061102 
1.97469 0.194986 1.37667 0.114548 1.30239 0.125944 0.125018 -0.164611 -0.142748 -0.210032 0.0424004 0.0221655 
1.7893 0.522447 1.87955 -0.66643 1.16731 0.119506 1.12439 -0.302126 -0.10699 -0.313122 0.0509276 0.135955 
2.06669 0.710881 1.47321 0.0985729 1.30986 0.248513 1.58446 -0.0865732 0.705927 -0.100322 -0.0907364 0.0702739 
1.95255 0.161203 1.2554 -0.131106 0.749394 0.0693521 0.591614 -0.805441 0.629503 -0.533289 0.179863 0.05449 
1.76977 -0.102183 1.50544 -0.514027 0.757607 0.314646 -0.30723 0.4091 -0.30042 -0.0647719 0.206154 -0.0464657 
1.51713 0.284647 1.30943 -0.787421 0.888089 0.717902 0.975716 0.0703234 0.209446 -0.559676 0.13108 -0.0148953 
1.42256 0.771976 1.55608 -0.647188 1.22598 0.252075 0.088354 -0.129715 0.286713 -0.586713 0.327209 0.00289044 
1.72104 0.303013 1.09152 -0.324038 0.710916 -0.324174 1.02536 0.21698 0.231664 0.0534194 -0.0675072 -0.00175709 
1.01326 1.26873 0.510119 -0.060304 1.46736 -1.62492 1.47578 -0.67982 1.07804 -0.200731 -0.185338 0.0867973 
-0.93508 -0.77052 0.428761 -1.49374 0.324726 -0.076719 -0.437029 -1.07926 2.11648 -1.22532 -0.483524 -0.0247202 
-0.293642 -0.537594 -0.659768 -2.43001 -0.0594737 -1.56516 0.125236 -0.0934479 2.04834 -0.61837 -0.469715 0.105813 
-0.408224 -0.252821 -0.999499 -1.73743 -0.49 -1.64371 0.804387 -0.33739 1.66142 -0.170012 -0.214889 0.0140243 
-0.2924 -0.0105138 -1.06075 -2.68826 -0.949776 -2.00838 0.467322 -0.167055 0.941598 -0.228469 -0.127911 0.0494044 
0.0176982 0.125225 -0.975802 -1.96812 -0.236876 -1.94345 0.488264 -1.0841 1.33143 -0.0155108 -0.401629 0.0118761 
-0.528796 -0.27377 -2.04093 -2.59097 -0.0535429 -1.48969 0.177975 -0.90759 1.43868 0.0533903 -0.0678526 -0.0916076 
-0.676689 -0.644804 -1.45713 -2.1525 -0.513703 -0.35364 0.866401 -1.45654 1.17313 -0.598007 -0.170885 0.01645 
-0.0715911 -0.18722 -0.854203 -1.88733 0.192825 -0.322081 1.17142 -0.857188 1.07674 -0.238144 -0.201127 -0.0749639 
0.448702 -0.0905761 -0.305093 -1.24782 -0.189843 -1.74682 0.361436 -0.526987 1.53755 -0.402774 -0.172327 -0.0440623 
1.00387 1.38644 0.558206 -0.509183 1.42961 -1.143 0.690582 -0.578574 1.23792 -0.252017 -0.25354 0.0588989 
3.6728 2.3919 2.20733 2.59625 2.83529 0.090234 0.163332 0.433703 0.750612 -0.22113 -0.24983 -0.0387971 
4.30218 2.55409 2.03799 2.83235 2.9225 -0.351644 -1.09478 -0.307213 0.872426 -0.563866 -0.255609 -0.067643 
3.56108 2.19197 1.63243 1.96012 1.33619 -0.326442 -0.662306 0.205736 0.773719 -0.16785 -0.382641 -0.0499651 
3.50912 1.79662 1.98977 2.52075 1.11129 -1.13291 -1.32044 -0.102559 0.318518 -0.242274 -0.251483 -0.000744861 
5.35619 1.24387 1.43256 3.50348 1.71492 -1.51163 -2.03167 -0.394782 0.246649 -0.244943 -0.235143 0.018182 
5.73538 0.780018 1.8527 3.24309 1.36716 -0.425944 -1.91948 -0.296132 0.480077 -0.265 -0.207234 0.0705352 
4.93793 1.43003 1.2305 2.64114 1.43406 -0.567442 -2.06877 -0.492281 0.735668 -0.44193 -0.154091 0.0635623 
4.67579 1.77927 1.37805 2.32623 1.67492 -0.930064 -2.17062 -0.229336 0.551732 -0.369613 -0.176234 0.0155289 
5.68039 1.27971 1.84906 1.81911 2.63107 -1.91519 -0.866534 -0.62237 0.866901 -0.240847 -0.431531 0.101082 
4.81545 1.84518 1.60741 1.29479 2.06223 -0.786855 -1.70398 0.173044 1.1132 -0.500116 -0.155883 0.0426332 
4.41274 2.42672 1.26893 0.878362 2.45435 -1.86085 -0.345711 0.00733977 1.6279 -0.236912 -0.027367 0.0927019 
4.55482 2.2414 1.80301 0.510623 1.21646 -1.66542 0.908613 0.320028 1.43943 -0.541962 -0.105494 0.112962 
5.07758 2.15664 0.805126 0.802213 0.996716 -1.5421 0.821604 0.958998 1.82113 -0.507105 -0.246297 0.00862785 
3.92482 2.29255 0.822567 0.759693 0.902268 -0.44231 1.3317 0.938785 1.78523 -0.415491 -0.316792 -0.11278 
3.97288 1.88462 0.425579 1.09263 1.13574 -0.125776 1.51671 2.06153 1.69593 -0.385917 -0.277705 -0.06291 
4.54013 1.98682 0.184714 1.26585 2.57589 0.259591 2.42365 0.910572 1.61309 -0.784366 -0.36118 -0.0219811 
4.4148 1.07941 -0.733761 2.25534 3.14843 0.890126 2.20296 1.33704 1.01279 -0.412269 -0.192351 0.0586154 
4.03572 1.23962 -0.0535458 2.39002 3.48955 1.77376 1.6412 1.20963 0.94481 -0.0283835 -0.268139 -0.00287818 
3.86559 0.793779 -0.0960038 3.04933 3.92549 0.640439 2.40153 0.792938 0.689311 -0.434351 -0.109516 0.117018 
4.01831 0.865082 -0.688971 3.12539 4.53959 0.488899 2.85818 0.425318 0.98615 -0.46014 -0.127727 0.136492 
4.34023 0.387247 -0.604663 3.48758 5.07624 -0.0981882 2.8425 0.546165 0.523654 -0.104686 -0.0576861 0.190371 
5.05308 0.506267 -2.28321 4.26048 6.22161 -0.116349 3.0833 0.677485 0.903123 -0.499733 -0.246526 0.244803 
3.68369 1.00075 -0.0624137 2.30443 3.98984 1.11731 2.82694 1.31543 0.69338 -0.314826 -0.325867 0.110761 
3.79852 2.00042 0.79634 1.72412 2.42814 0.715273 2.96695 1.86453 1.18897 -0.23727 -0.336218 -0.000745692 
3.29159 2.15397 1.65207 2.00796 2.06256 1.434 1.45421 1.42756 0.721689 -0.0776477 -0.169714 0.0016387 
2.86232 2.26442 1.90766 1.6913 1.491 1.36958 1.2345 0.84281 0.38457 0.138014 0.0684465 0.0152797 
3.28628 2.52699 1.95202 1.91783 2.44035 2.83185 2.39152 1.13243 0.157698 0.0796908 0.302134 0.108792 
3.3232 2.84789 2.73159 2.88519 3.03599 2.85642 2.17047 1.22298 0.622368 0.465679 0.256708 0.106947 
3.00282 2.68575 2.64461 2.43756 2.1931 2.04454 1.78177 1.22357 0.885399 0.583593 0.271024 0.0971115 
2.60304 2.35746 2.01551 1.9241 1.92554 1.38203 1.36564 1.04135 0.660425 0.632048 0.281871 0.0717664 
1.80132 3.12582 2.00149 1.22217 2.97808 0.516434 2.09232 0.478217 0.483041 0.979933 -0.155564 0.147406 
1.92684 2.49817 2.25518 0.700553 3.6512 2.50891 1.37429 -0.714845 1.33696 1.22182 -0.120008 0.193489 
2.2459 2.68924 1.98541 1.73847 2.00925 1.57416 1.16911 1.24479 0.590824 0.563312 0.565334 0.046483 
-1.0614 4.89978 1.65599 0.36723 2.46368 1.53606 1.20814 0.82766 0.492535 1.06596 0.129523 0.0292136 
0.600246 2.93195 2.56524 0.525809 3.08393 0.704594 1.65794 1.10093 0.782743 1.25082 -0.0581857 0.115569 
0.604135 2.50257 2.44991 -0.313648 3.22257 0.695668 1.37769 1.66428 0.355233 1.07091 -0.0544206 0.0535607 
-0.116551 1.63088 3.29965 -0.808762 3.15014 -0.395261 1.20235 0.99412 -0.125911 1.11342 -0.206131 0.00523409 
1.42549 0.774628 2.16769 0.203212 2.35301 0.021036 1.11818 0.584018 -0.015967 0.686071 0.376845 -0.0099262 
1.41525 0.745714 1.91584 0.331415 0.507812 0.281215 0.950077 0.0577191 0.0756848 0.42558 0.298363 -0.0649979 
1.32681 1.11399 1.68726 0.102624 0.534109 0.5476 0.89674 0.0663095 0.108412 0.188561 0.437439 0.0150285 
1.4784 0.681007 1.19463 0.121723 0.515416 1.17993 1.14277 -0.159755 -0.0325661 -0.188753 0.0651852 0.03498 
1.55319 0.580174 1.99635 0.0880069 0.55467 0.129795 1.32901 -0.137906 -0.107711 -0.430003 0.184134 0.0299491 
0.932161 0.201585 1.91018 0.495979 0.767234 -0.0845488 0.507081 -0.0899786 -0.2013 0.10821 0.122975 -0.0128392 
1.13222 0.41532 1.59101 -0.039988 1.0572 0.0138643 0.318545 -0.227106 0.095748 -0.324736 0.141411 -0.0811475 
1.3735 0.227307 1.83182 -0.315521 1.11625 0.123866 0.420532 0.263088 -0.164146 -0.39758 0.365687 0.00409442 
1.31753 0.512059 2.45168 -0.50907 0.640241 0.113134 0.506771 0.123539 -0.588817 -0.241534 0.152721 0.00789514 
1.22598 0.533179 1.20732 -0.553859 1.23427 0.219272 0.85791 -0.582646 0.188044 -0.265487 0.0351849 -0.0106132 
1.36308 0.648623 1.37117 -1.34661 1.04613 -0.122194 1.00348 -0.305467 0.69397 -0.229131 -0.102496 0.0041395 
1.93033 0.530963 0.688495 -1.83777 0.170615 0.851147 1.81278 1.18562 0.272682 -0.342602 -0.488278 -0.0263632 
1.95116 0.765092 -0.258155 -2.26298 0.375748 0.0964899 3.65935 0.314387 0.705729 0.0508846 -0.543715 -0.0508493 
1.56198 0.406886 -0.053072 -3.97186 -0.0887882 -0.026284 3.43013 0.294465 0.831134 0.344184 -0.811967 0.0430286 
1.12391 0.69188 -0.957326 -5.94836 0.911847 -2.09286 3.78948 1.71018 -0.126238 0.48756 -0.649994 -0.0315462 
