1.99642 0.927151 1.1256 -0.759085 0.119831 -1.08729 -0.0541411 -0.783197 0.732366 0.471431 0.408311 0.0951204 
1.82305 0.546778 1.5635 -0.484208 -0.180828 -1.82153 -0.141766 -0.270404 0.402482 -0.0203182 0.387462 0.0896387 
2.00577 1.00333 1.42217 -0.863804 -0.0593668 -1.47324 0.679218 -0.35881 0.180898 -0.471846 0.244251 0.13623 
1.62464 0.334055 1.11242 -0.247765 0.891171 -0.911021 -0.521763 -0.629136 -0.283155 0.292652 0.201229 0.0342976 
1.75022 0.618801 1.1066 0.122662 1.61703 -0.602072 0.387957 0.271898 0.438469 0.0603843 0.0617398 0.0301701 
1.5223 0.452125 1.51488 -0.152679 0.908256 -0.430131 0.3047 -0.208438 0.330583 -0.0575487 0.117904 0.0505403 
1.47185 -0.129796 1.14194 -0.384474 0.85382 -0.364761 0.745439 -0.635408 0.263357 -0.0503677 0.147378 0.0359798 
1.34113 0.657524 1.28774 -0.425682 0.951736 -0.307591 -0.327142 -0.310824 1.26446 0.112293 0.159319 -0.071703 
1.50764 0.310769 1.1675 -0.809314 1.15366 -1.04744 0.213035 0.145509 0.25306 0.038411 0.0349717 0.043241 
1.36414 0.468332 1.48856 -0.310157 0.843078 -0.99959 0.36544 0.19057 0.385437 0.266798 0.177168 0.00169534 
1.79178 0.482697 1.72742 0.180922 1.28219 -1.12796 -0.457466 -0.799176 -0.208735 -0.235865 0.129952 -0.057656 
1.82813 0.637623 1.03853 -0.530505 0.0459655 -0.0720152 0.189004 -0.443571 0.347327 0.0558284 0.123274 -0.061182 
0.914851 0.839868 -1.14176 -0.649131 -1.26703 -0.185562 0.403252 0.0415095 0.741744 0.632294 -0.129945 -0.225793 
0.127298 -0.243061 -1.10574 -1.65463 -0.240012 0.202513 0.5935 -0.1071 0.592065 1.29698 -0.224303 -0.305808 
0.856297 1.00641 -0.130157 -0.813618 0.00337401 -0.622129 0.0776732 -0.235927 0.488783 0.722031 -0.245214 -0.193116 
0.458038 0.322567 -2.08872 -2.36009 -1.00125 -1.99933 -0.355978 -0.480495 0.848319 0.77877 -0.14453 0.0199044 
-0.188772 0.0268254 -2.02928 -3.12725 -1.59698 -1.13907 -0.407328 -1.38162 0.62584 1.17716 -0.043451 -0.0750876 
-0.554685 -0.367755 -1.68713 -2.15502 -1.00688 -1.21306 -0.64242 -1.27321 0.815247 1.3148 -0.114014 -0.0696735 
-0.483672 -0.959343 -1.96258 -2.66856 -0.0604408 -0.915746 -0.333085 -0.583705 0.310524 1.07795 -0.236592 0.0226186 
-0.462914 0.33388 -1.40129 -1.83055 -0.561876 -1.27699 -0.211936 -0.720825 0.534547 1.42126 -0.478009 -0.077011 
-0.017994 0.301439 -0.314599 -1.61268 -0.237881 -1.6324 -0.0227002 -0.100285 0.182565 1.3985 -0.590656 -0.095964 
0.46619 0.241563 -1.05221 -2.22265 0.945469 -1.24247 0.512984 -0.178274 -0.482229 1.31029 -0.110881 -0.0958404 
1.36219 0.317429 0.0205387 -1.67639 0.0486054 -0.510534 0.617767 -0.886632 0.281495 1.09119 -0.338684 -0.02358 
3.55679 2.63208 2.23501 2.09222 2.22811 0.309535 -0.110705 0.166435 0.625164 0.153826 -0.168882 -0.0332668 
4.71129 1.94955 1.66301 3.75635 2.82311 -0.809335 -1.28146 -0.144074 0.589886 -0.449979 -0.244745 -0.0103004 
7.53802 0.172524 0.521558 5.23778 3.04781 -1.84753 -0.973924 -0.68804 0.262492 -0.380137 -0.317106 -0.0531514 
7.22572 0.714504 0.0289547 4.51895 3.32661 -1.58374 -1.86611 -0.803145 0.689925 -0.00293219 -0.226608 -0.0127435 
3.24953 1.71864 1.54673 1.9948 0.899075 -1.29599 -1.58382 -0.243922 0.613217 0.225739 -0.27452 0.0065196 
3.51049 1.67277 1.66846 2.42364 1.42187 -1.48837 -2.12387 -0.283062 0.55134 0.116557 -0.17601 0.021487 
4.93163 1.99464 0.705796 2.57398 2.88105 -1.66101 -2.3279 -0.370043 0.700769 0.137419 -0.126106 0.0368295 
5.65656 1.66924 0.52288 2.06871 3.7911 -2.37812 -1.95311 -0.297463 0.473882 0.396347 -0.244861 0.070391 
4.29517 1.66847 0.781615 2.03439 1.88256 -1.70469 -2.05226 0.0981065 0.711064 0.117925 -0.0325088 0.0506212 
4.15224 1.50609 0.671612 1.75849 1.52054 -2.006 -1.79022 0.484707 1.25719 0.175532 0.0648342 0.094177 
4.91946 1.61417 -0.0441277 1.07551 1.96353 -2.24636 -0.736603 0.531868 1.5869 0.0615091 -0.0204339 0.112244 
5.56086 1.97056 -0.410701 1.04591 1.81961 -2.59724 -0.923169 1.61828 1.14268 0.518081 -0.200327 0.071704 
5.13959 1.24943 -0.123353 0.602876 1.8182 -1.3836 -0.302882 2.45449 1.3522 0.512182 -0.208627 -0.044045 
4.20776 1.17975 -0.0713038 1.01442 1.83406 0.365636 0.920448 2.17927 1.62562 0.253918 -0.303229 -0.0929307 
4.01028 1.36264 -0.136334 1.49192 2.38059 0.990192 0.766453 1.46742 0.986417 -0.0919128 -0.264133 -0.0390205 
4.13979 0.563625 -0.489808 2.24325 3.7022 1.73002 0.719149 1.03975 0.663197 0.0057259 -0.154686 0.00717296 
5.56063 -0.555934 -1.15888 3.31667 5.34233 1.14417 0.837655 1.1189 0.442592 0.0860218 -0.162966 0.0409429 
6.3982 -1.77364 -0.0320089 4.5598 5.26424 1.40056 0.681782 0.96689 0.470901 0.0203652 -0.0175323 0.0523593 
6.04435 -1.51889 -1.19578 5.06945 5.52835 1.79522 0.307217 1.06142 0.481843 0.0847891 0.0643418 0.0902426 
4.72565 0.0247247 -0.108754 4.64518 5.17885 1.89185 0.927352 0.932607 0.315835 0.057577 0.0656953 0.128588 
4.54198 0.367467 0.184362 4.49992 4.90505 1.72475 1.28931 1.51208 0.359467 -0.0677044 -0.147998 0.120411 
4.88288 0.193586 -0.562577 3.57832 4.90796 1.98458 1.3794 1.34255 -0.0427986 0.114011 -0.0535229 0.0922525 
4.75771 0.616057 -0.436183 3.05133 4.17829 1.50245 2.18477 1.79087 0.350273 -0.127658 -0.344455 0.0522126 
4.49309 1.46988 0.323303 2.40821 3.10869 1.3397 1.45178 2.25582 1.12724 -0.301171 -0.528053 -0.0368226 
3.52988 2.12272 1.32412 1.68276 1.78253 1.19147 1.11701 1.48194 1.04254 0.205895 -0.0281752 -0.0120026 
2.89277 2.25056 1.99854 2.14985 2.19446 1.82467 1.25683 0.788074 0.455181 0.292532 0.258404 0.0517764 
2.94874 2.5103 2.30605 2.15399 2.00486 1.76792 1.40067 1.02551 0.652021 0.367348 0.199751 0.0588424 
2.75846 2.292 2.08738 1.88094 1.6772 1.43226 1.1873 0.953835 0.721413 0.503923 0.282754 0.0526062 
3.47381 3.25766 2.96777 2.75826 2.39135 2.16991 1.74853 1.32272 0.948313 0.527867 0.273476 0.0996956 
2.94852 2.83758 2.75757 2.16764 2.2828 1.97343 1.86838 1.27135 0.778715 0.679388 0.300301 0.103054 
0.0237838 4.27819 2.80375 1.46284 1.42113 3.0027 0.846127 1.06666 0.0342107 1.51114 0.407986 -0.0586237 
1.08066 3.14192 3.13496 1.20446 1.06283 1.17699 0.70074 1.5404 0.509332 1.33597 0.640381 -0.017392 
-0.0630274 4.54413 3.00036 1.76514 0.529391 1.76112 0.600635 0.949365 0.644634 1.42095 0.51585 -0.0453247 
0.289987 5.1353 1.05568 3.06455 1.5052 1.67786 0.654277 1.56876 0.667616 0.722912 0.445129 0.00290607 
2.31839 3.31093 1.4046 3.16288 -0.383199 1.7746 -0.640127 1.49176 0.370725 0.85483 0.546576 0.126205 
2.20382 2.61165 2.37299 1.78821 0.841141 -0.0490932 -0.329794 -0.372577 1.16735 1.33019 0.366117 0.12019 
1.825 1.38157 4.0284 0.956754 0.917735 0.112462 1.20961 0.88959 0.843814 1.00692 0.611463 0.00723199 
1.42125 1.01625 3.25298 0.464888 0.188056 0.730952 0.84634 -0.947174 1.09779 0.450767 0.309009 0.0208322 
1.16015 0.815702 3.10742 0.405886 0.376264 0.377357 0.827196 -0.288147 0.366249 0.99396 0.0769642 0.0160092 
0.6066 1.21244 3.16702 0.160032 1.09711 0.354322 1.56746 0.712916 -0.812049 0.437214 0.500427 -0.0888376 
-0.775971 0.415985 4.16471 -0.964331 0.528287 0.479848 1.24473 1.44678 0.174048 0.549144 0.316653 -0.222164 
-1.21941 0.307667 3.6373 -0.563756 0.123228 -1.26522 1.0336 1.78467 -1.00913 0.387594 0.567408 -0.150406 
-1.1488 -0.475356 3.42834 0.387988 -0.890469 -1.78175 0.549954 0.558925 -0.916414 0.400791 0.472219 -0.152941 
-0.78962 -0.47611 3.92239 0.676567 -1.00383 -1.64203 1.30761 1.66644 -0.754565 -0.0995895 0.689285 -0.235283 
0.106358 -2.35521 4.80329 0.211734 -1.12359 0.376096 0.759809 0.643541 -1.68256 0.166368 0.285765 -0.145516 
0.383818 -1.60524 3.67095 1.05667 -2.57749 -0.56365 2.4081 -0.0373628 -0.661355 0.580145 0.20844 0.00866328 
0.766469 -0.446245 3.02599 0.664788 -1.33789 -0.661582 1.5813 -0.0352712 0.0155691 0.0918081 0.326881 -0.0232449 
0.762261 0.0353901 2.7879 -0.316281 -0.733631 0.156979 1.74696 -0.69169 -0.23959 0.337835 0.0382763 -0.0365198 
0.72582 0.382814 2.096 0.115644 -0.375728 0.289304 0.885968 -1.15291 0.319195 0.245331 -0.229038 -0.0103934 
1.03329 0.583301 1.57263 -0.719684 -0.105918 -0.095451 0.465667 -0.896348 0.348871 0.367611 -0.179531 0.0321197 
0.78488 0.251955 2.1412 -0.356721 -0.227193 0.62706 0.789412 -0.898275 0.49432 0.578201 -0.146733 -0.0101456 
0.911618 0.759138 1.96994 -0.100707 -0.0903547 0.226749 0.952251 -0.99712 0.681277 0.225778 0.0942987 -0.0254872 
0.892965 0.868759 0.981276 -0.096378 0.209553 -1.09879 0.779954 -0.578852 -0.0201365 0.249983 0.0295547 -0.00996563 
0.942232 0.656698 1.1985 -0.506497 0.510745 -0.0970752 1.29048 -0.390128 0.364871 0.456288 -0.0114935 0.0168621 
1.01868 0.614813 1.21427 -0.168403 0.377702 -0.166107 0.852672 0.295257 0.401376 -0.178783 0.0569687 -0.0105597 
0.698199 0.424214 1.87012 -0.320398 0.555903 -0.545477 0.529636 0.18037 0.0223059 -0.135847 0.0348264 0.042493 
0.595241 0.413 1.28379 -0.619285 -0.0858679 -0.676064 0.75234 -0.288222 -0.0757822 0.151336 -0.145325 -0.0367953 
0.905268 0.714799 1.32424 -0.0101016 0.269611 0.311784 0.655093 -0.795565 0.479075 0.15647 -0.0725437 -0.0373038 
1.21781 0.8939 1.24377 0.819088 1.31363 -0.71622 1.19053 -1.17866 -0.15059 0.31723 -0.0262605 0.0567031 
1.74355 -0.0784281 0.328462 -1.30029 1.90859 1.39029 2.01964 0.138453 0.524463 1.35229 -0.208063 -0.226463 
0.181466 -1.51269 0.919742 -3.03168 4.12332 -0.797803 2.57989 0.912708 -0.606443 1.97244 -0.139033 -0.262917 
-0.261123 -1.99487 0.578948 -2.68051 3.94522 -0.0640123 2.02962 0.577335 -0.447791 1.529 -0.143284 -0.194786 
