0 1 0 0 0 
0 0.935188 0.0648124 0 0 
0 0 0.719956 0.280044 0 
0 0 0 0.891928 0.108072 
0 0 0 0 1 
0.727491 0.272509 0 0 0 
0 0.784271 0.215729 0 0 
0 0 0.857358 0.142642 0 
0 0 0 0.900021 0.0999786 
0 0 0 0 1 
0.772075 0.227925 0 0 0 
0 0.909347 0.0906535 0 0 
0 0 0.868101 0.131899 0 
0 0 0 0.937405 0.0625951 
0 0 0 0 1 
0.492822 0.507178 0 0 0 
0 0.506977 0.493023 0 0 
0 0 1.15756e-006 0.999999 0 
0 0 0 0.95872 0.0412801 
0 0 0 0 1 
3.1821e-031 1 0 0 0 
0 1.46981e-006 0.999999 0 0 
0 0 0.965517 0.0344834 0 
0 0 0 0.889417 0.110583 
0 0 0 0 1 
0.928693 0.0713066 0 0 0 
0 0.857476 0.142524 0 0 
0 0 0.933154 0.0668463 0 
0 0 0 0.891328 0.108672 
0 0 0 0 1 
0.000131346 0.999869 0 0 0 
0 0.866545 0.133455 0 0 
0 0 0.963645 0.0363548 0 
0 0 0 0.908563 0.0914365 
0 0 0 0 1 
0.656216 0.343784 0 0 0 
0 0.632408 0.367592 0 0 
0 0 0.947599 0.0524013 0 
0 0 0 0.902417 0.0975833 
0 0 0 0 1 
1.321e-038 1 0 0 0 
0 0.5 0.5 0 0 
0 0 7.30134e-014 1 0 
0 0 0 0.965991 0.0340088 
0 0 0 0 1 
0.899687 0.100313 0 0 0 
0 0.754596 0.245404 0 0 
0 0 0.701151 0.298849 0 
0 0 0 0.935415 0.0645848 
0 0 0 0 1 
0.488133 0.511867 0 0 0 
0 0.905339 0.0946612 0 0 
0 0 0.898002 0.101998 0 
0 0 0 0.913661 0.0863393 
0 0 0 0 1 
0 1 0 0 0 
0 0.963927 0.036073 0 0 
0 0 0.921418 0.0785817 0 
0 0 0 0.935093 0.0649073 
0 0 0 0 1 
0.75 0.25 0 0 0 
0 0.88055 0.11945 0 0 
0 0 0.884102 0.115898 0 
0 0 0 0.927785 0.0722145 
0 0 0 0 1 
0.666537 0.333463 0 0 0 
0 0.900677 0.0993232 0 0 
0 0 0.921297 0.0787031 0 
0 0 0 0.859081 0.140919 
0 0 0 0 1 
0.76854 0.23146 0 0 0 
0 0.92524 0.0747602 0 0 
0 0 0.903469 0.0965314 0 
0 0 0 0.89895 0.10105 
0 0 0 0 1 
0 1 0 0 0 
0 0.8619 0.1381 0 0 
0 0 0.932244 0.0677555 0 
0 0 0 0.916658 0.083342 
0 0 0 0 1 
0.528146 0.471854 0 0 0 
0 0.914967 0.0850334 0 0 
0 0 0.927897 0.0721027 0 
0 0 0 0.777608 0.222392 
0 0 0 0 1 
0.923077 0.0769231 0 0 0 
0 0.500001 0.499999 0 0 
0 0 0.96875 0.03125 0 
0 0 0 0.898561 0.101439 
0 0 0 0 1 
0.500001 0.499999 0 0 0 
0 0.939916 0.0600837 0 0 
0 0 0.903443 0.0965571 0 
0 0 0 0.922723 0.0772769 
0 0 0 0 1 
0.8 0.2 0 0 0 
0 0.701207 0.298793 0 0 
0 0 0.961019 0.0389815 0 
0 0 0 0.913852 0.086148 
0 0 0 0 1 
0.800522 0.199478 0 0 0 
0 0.799476 0.200524 0 0 
0 0 0.75 0.25 0 
0 0 0 0.785474 0.214526 
0 0 0 0 1 
0.568256 0.431744 0 0 0 
0 0.889062 0.110938 0 0 
0 0 0.973454 0.0265465 0 
0 0 0 0.915061 0.0849389 
0 0 0 0 1 
0.863813 0.136187 0 0 0 
0 0.8143 0.1857 0 0 
0 0 0.80249 0.19751 0 
0 0 0 0.971356 0.0286444 
0 0 0 0 1 
0.777568 0.222432 0 0 0 
0 0.882411 0.117589 0 0 
0 0 0.857143 0.142857 0 
0 0 0 0.936137 0.0638634 
0 0 0 0 1 
4.49703e-007 1 0 0 0 
0 0.790505 0.209495 0 0 
0 0 0.911789 0.0882109 0 
0 0 0 0.905771 0.0942289 
0 0 0 0 1 
0.499999 0.500001 0 0 0 
0 0.642991 0.357009 0 0 
0 0 0.893442 0.106558 0 
0 0 0 0.921091 0.0789088 
0 0 0 0 1 
0 1 0 0 0 
0 2.77441e-032 1 0 0 
0 0 0.941176 0.0588235 0 
0 0 0 0.905637 0.0943629 
0 0 0 0 1 
0.666462 0.333538 0 0 0 
0 0.65784 0.34216 0 0 
0 0 0.947692 0.0523075 0 
0 0 0 0.931464 0.0685364 
0 0 0 0 1 
0.37717 0.62283 0 0 0 
0 0.784451 0.215549 0 0 
0 0 0.949527 0.050473 0 
0 0 0 0.921382 0.0786183 
0 0 0 0 1 
0.187083 0.812917 0 0 0 
0 0.285341 0.714659 0 0 
0 0 0.119861 0.880139 0 
0 0 0 0.826293 0.173707 
0 0 0 0 1 
