1e-030 1e-030 1e-030 1e-030 1e-030 1e-030 1e-030 1e-030 1e-030 1e-030 1e-030 1e-030 1e-030 1e-030 1e-030 1e-030 1e-030 1e-030 1e-030 1e-030 1e-030 1e-030 1e-030 1e-030 1e-030 1e-030 1e-030 1e-030 1e-030 1e-030 1 1e-030 
1e-030 1e-030 1e-030 1e-030 1e-030 1e-030 1e-030 1e-030 1e-030 1e-030 1e-030 1e-030 1e-030 1e-030 1e-030 1e-030 1e-030 1e-030 1e-030 1e-030 1e-030 1e-030 1e-030 0.0648124 1e-030 1e-030 1e-030 0.416689 1e-030 1e-030 1.57697e-039 0.518499 
1e-030 1e-030 1e-030 1e-030 1e-030 1e-030 1e-030 1e-030 1e-030 1e-030 1e-030 1e-030 1e-030 1e-030 1e-030 1e-030 1e-030 1e-030 1e-030 1e-030 1e-030 1e-030 1e-030 3.58517e-315 1e-030 1e-030 1e-030 0.719952 1e-030 1e-030 0.280044 3.79662e-006 
1e-030 1e-030 1e-030 1e-030 1e-030 1e-030 1e-030 1e-030 1e-030 1e-030 1e-030 1e-030 1e-030 1.06242e-226 6.41012e-198 1e-030 1e-030 1e-030 1e-030 1e-030 1e-030 1e-030 1e-030 6.76909e-025 1e-030 1e-030 1e-030 6.4417e-052 1e-030 1e-030 0.267038 0.732962 
1e-030 1e-030 1e-030 1e-030 1e-030 1e-030 1e-030 1e-030 1e-030 1e-030 1e-030 1e-030 1e-030 0.0538147 0.0358764 1e-030 1e-030 1e-030 1e-030 1e-030 0.0358764 1e-030 1e-030 0.143506 0.0179382 1e-030 0.0179382 0.0538147 1e-030 0.0179382 0.475884 0.147413 
1e-030 1e-030 1e-030 1e-030 1e-030 1e-030 1e-030 1e-030 1e-030 1.08589e-061 1e-030 1e-030 1e-030 1e-030 1e-030 1e-030 1e-030 1e-030 1e-030 1e-030 1e-030 1e-030 1e-030 0.272509 0.272509 1e-030 1e-030 8.32454e-008 1e-030 1e-030 8.08432e-176 0.454983 
1e-030 1e-030 1e-030 1e-030 1e-030 1e-030 1e-030 1e-030 1e-030 0.215729 1e-030 1e-030 1e-030 1e-030 1e-030 1e-030 1e-030 1e-030 1e-030 1e-030 1e-030 1e-030 1e-030 9.7106e-009 1e-030 1e-030 1e-030 0.689811 1e-030 1e-030 7.41244e-140 0.0944601 
1e-030 1e-030 1e-030 1e-030 1e-030 1e-030 1e-030 1e-030 1e-030 6.32166e-019 1e-030 1e-030 1e-030 1e-030 1e-030 1e-030 1e-030 1e-030 1e-030 1e-030 1e-030 1e-030 1e-030 3.91986e-237 1e-030 1e-030 1e-030 0.827646 1e-030 1e-030 4.96748e-030 0.172354 
1e-030 1e-030 1e-030 1e-030 1e-030 1e-030 1e-030 1e-030 1e-030 1.15994e-072 1e-030 1e-030 1e-030 1e-030 1e-030 1e-030 1e-030 1e-030 1e-030 1e-030 1e-030 2.30724e-178 1e-030 0.053331 1e-030 1e-030 1e-030 2.31876e-009 1e-030 1.04434e-213 0.303588 0.643081 
1e-030 1e-030 1e-030 1e-030 1e-030 1e-030 1e-030 1e-030 1e-030 1.14886e-135 1e-030 1e-030 1e-030 1e-030 1e-030 1e-030 1e-030 1e-030 1e-030 1e-030 0.0167554 0.0167554 1e-030 0.208883 0.0167554 1e-030 1e-030 0.134046 1e-030 0.0335108 0.233964 0.339331 
1e-030 1e-030 1e-030 1e-030 1e-030 1e-030 1e-030 1e-030 1e-030 1e-030 1e-030 1e-030 1e-030 1e-030 1e-030 1e-030 1e-030 1e-030 1e-030 1e-030 1e-030 1e-030 1e-030 4.89361e-131 1e-030 1e-030 1e-030 1 1e-030 1e-030 1e-030 1.04061e-011 
1e-030 1e-030 1e-030 1e-030 1e-030 1e-030 1e-030 1e-030 1e-030 1e-030 1e-030 1e-030 1e-030 1e-030 1e-030 1e-030 1e-030 1e-030 1e-030 1e-030 1e-030 1e-030 1e-030 0.389364 1e-030 1e-030 1e-030 0.338676 1e-030 1e-030 6.29004e-287 0.27196 
1e-030 1e-030 1e-030 1e-030 1e-030 1e-030 1e-030 1e-030 1e-030 1e-030 1e-030 1e-030 1e-030 1e-030 1e-030 1e-030 1e-030 1e-030 1e-030 1e-030 1e-030 1e-030 1e-030 0.620574 1e-030 1e-030 1e-030 0.379426 1e-030 1e-030 6.34149e-257 9.9735e-010 
1e-030 1e-030 1e-030 1e-030 1e-030 1e-030 1e-030 1e-030 1e-030 1e-030 1e-030 1e-030 1e-030 1e-030 1e-030 1e-030 1e-030 1e-030 1e-030 1e-030 1e-030 1e-030 1e-030 1.6901e-024 1e-030 1e-030 1e-030 5.50082e-292 1e-030 1e-030 1.49902e-025 1 
1e-030 1e-030 1e-030 1e-030 1e-030 1e-030 1e-030 1e-030 1e-030 1e-030 1e-030 1e-030 1e-030 0.0434553 1e-030 1e-030 1e-030 0.0217276 0.0217276 1e-030 0.0869106 1e-030 1e-030 0.0217276 1e-030 1e-030 1e-030 0.152094 1e-030 1e-030 0.630102 0.0222561 
1e-030 1e-030 1e-030 1e-030 1e-030 1e-030 1e-030 1e-030 1e-030 1e-030 1e-030 1e-030 1e-030 1e-030 1e-030 1e-030 1e-030 1e-030 1e-030 1e-030 1.37377e-034 1e-030 1e-030 9.33976e-277 1e-030 1e-030 1e-030 9.65273e-191 1e-030 1e-030 1e-030 1 
1e-030 1e-030 1e-030 1e-030 1e-030 1e-030 1e-030 1e-030 1e-030 1e-030 1e-030 1e-030 1e-030 1e-030 1e-030 1e-030 1e-030 1e-030 1e-030 1e-030 4.97087e-016 1e-030 1e-030 2.09316e-157 1e-030 1e-030 1e-030 5.90999e-072 1e-030 1e-030 9.32507e-220 1 
1e-030 1e-030 1e-030 1e-030 1e-030 1e-030 1e-030 1e-030 1e-030 1e-030 1e-030 1e-030 1e-030 1e-030 1e-030 1e-030 1e-030 1e-030 1e-030 1e-030 0.999999 1e-030 1e-030 3.60397e-205 1e-030 1e-030 1e-030 6.72496e-046 1e-030 1e-030 2.12278e-157 1.15756e-006 
1e-030 1e-030 1e-030 1e-030 1e-030 1e-030 1e-030 1e-030 1e-030 1e-030 1e-030 1e-030 1e-030 1e-030 1e-030 1e-030 1e-030 1e-030 1e-030 1e-030 3.69879e-044 1e-030 1e-030 0.16512 1e-030 1e-030 1e-030 0.0825601 1e-030 1e-030 0.052442 0.699877 
1e-030 1e-030 1e-030 1e-030 1e-030 1e-030 1e-030 1e-030 1e-030 1e-030 1e-030 1e-030 1e-030 1e-030 0.0179291 1e-030 0.0358582 0.0179291 1e-030 0.0179291 0.0358582 0.0358582 1e-030 0.502015 1e-030 1e-030 1e-030 0.0358582 1e-030 0.0358582 0.22823 0.0366764 
1e-030 1e-030 1e-030 1e-030 1e-030 1e-030 1e-030 1e-030 1e-030 1e-030 1e-030 1e-030 1e-030 1e-030 1e-030 1e-030 1e-030 1e-030 1e-030 1e-030 1e-030 1e-030 1e-030 5.69934e-081 1e-030 1e-030 1e-030 1e-030 1e-030 1e-030 1 3.1821e-031 
1e-030 1e-030 1e-030 1e-030 1e-030 1e-030 1e-030 1e-030 1e-030 1e-030 1e-030 1e-030 1e-030 1e-030 1e-030 1e-030 1e-030 1e-030 1e-030 1e-030 1e-030 1e-030 1e-030 1.46981e-006 1e-030 1e-030 1e-030 8.407e-054 1e-030 1e-030 1e-030 0.999999 
1e-030 1e-030 1e-030 1e-030 1e-030 1e-030 1e-030 1e-030 1e-030 1e-030 1e-030 1e-030 1e-030 1e-030 1e-030 4.24058e-300 4.73789e-186 1.03046e-214 1.94975e-271 1e-030 1.12457e-124 1e-030 1e-030 0.724152 1e-030 1e-030 1e-030 0.241364 1e-030 1e-030 6.52124e-007 0.0344835 
1e-030 1e-030 1e-030 1e-030 1e-030 1e-030 1e-030 1e-030 1e-030 1e-030 1e-030 1e-030 1e-030 1e-030 1e-030 7.83947e-267 1.22238e-152 2.44601e-181 1.95884e-238 1e-030 3.16256e-124 1e-030 1e-030 4.26943e-021 1e-030 1e-030 1e-030 6.32874e-005 1e-030 1e-030 0.231567 0.768369 
1e-030 1e-030 1e-030 1e-030 1e-030 1e-030 1e-030 1e-030 1e-030 1e-030 1e-030 1e-030 1e-030 1e-030 1e-030 0.0222432 0.0444864 0.0444864 0.0222432 0.0222432 0.0222432 1e-030 1e-030 0.355891 1e-030 0.0222432 1e-030 0.0222432 1e-030 1e-030 0.353798 0.067879 
1e-030 1e-030 1e-030 1e-030 1e-030 1e-030 1e-030 1e-030 1e-030 1e-030 1e-030 1e-030 1e-030 1e-030 1e-030 1e-030 1e-030 1e-030 1e-030 1e-030 1e-030 1e-030 1e-030 0.498769 1e-030 7.48823e-092 1e-030 0.147969 1e-030 1e-030 3.72388e-210 0.353262 
1e-030 1e-030 1e-030 1e-030 1e-030 1e-030 1e-030 1e-030 1e-030 1e-030 1e-030 1e-030 1e-030 1e-030 1e-030 1e-030 1e-030 1e-030 1e-030 1e-030 1e-030 1e-030 1e-030 0.16075 1e-030 4.9008e-057 1e-030 0.262619 1e-030 1e-030 2.09027e-092 0.576631 
1e-030 1e-030 1e-030 1e-030 1e-030 1e-030 1e-030 1e-030 1e-030 1e-030 1e-030 1e-030 1e-030 1e-030 1e-030 1e-030 1e-030 1e-030 1e-030 1e-030 1e-030 1e-030 1e-030 0.526576 1e-030 0.0668463 1e-030 0.406575 1e-030 1e-030 1.14764e-137 2.58087e-006 
1e-030 1e-030 1e-030 1e-030 1e-030 1e-030 1e-030 1e-030 1e-030 1e-030 1e-030 1e-030 1e-030 2.73064e-270 1e-030 1e-030 1e-030 1e-030 1e-030 1e-030 1e-030 1e-030 1e-030 2.64299e-055 1e-030 1.212e-020 1e-030 3.14013e-006 1e-030 1e-030 0.134657 0.865339 
1e-030 1e-030 1e-030 1e-030 1e-030 1e-030 1e-030 1e-030 1e-030 1e-030 1e-030 1e-030 1e-030 0.0251269 0.0251269 1e-030 0.0502537 0.0251269 0.0502537 1e-030 0.0502537 1e-030 1e-030 0.125634 1e-030 0.0251269 1e-030 6.24463e-113 1e-030 1e-030 0.597036 0.0260607 
1e-030 1e-030 1e-030 1e-030 1e-030 1e-030 1e-030 1e-030 1e-030 1e-030 1e-030 1e-030 1e-030 1e-030 1e-030 1e-030 1e-030 1e-030 1e-030 1e-030 1e-030 1e-030 1e-030 0.000131346 1e-030 1e-030 1e-030 1.13523e-012 1e-030 0.999869 2.07717e-056 3.3853e-130 
1e-030 1e-030 1e-030 1e-030 1e-030 1e-030 1e-030 1e-030 1e-030 1e-030 1e-030 1e-030 1e-030 1e-030 1e-030 1e-030 1e-030 1e-030 9.299e-127 7.67702e-290 1.39215e-206 4.87177e-127 1e-030 0.439296 1e-030 1e-030 1e-030 0.293796 1e-030 3.4442e-042 0.133455 0.133454 
1e-030 1e-030 1e-030 1e-030 1e-030 1e-030 1e-030 1e-030 1e-030 1e-030 1e-030 1e-030 1e-030 1e-030 1e-030 1e-030 1e-030 1e-030 3.11474e-120 8.92406e-263 3.19818e-176 1.20669e-126 1e-030 0.861905 1e-030 1e-030 1e-030 0.10174 1e-030 0.0363548 5.65236e-025 1.44159e-007 
1e-030 1e-030 1e-030 1e-030 1e-030 1e-030 1e-030 1e-030 1e-030 1e-030 1e-030 1e-030 1e-030 1e-030 1e-030 1e-030 1e-030 1e-030 1.87137e-091 6.642e-233 4.35394e-147 1.43057e-119 1e-030 8.61847e-010 1e-030 1e-030 1e-030 5.57951e-093 1e-030 1e-030 8.64497e-008 1 
1e-030 1e-030 1e-030 1e-030 1e-030 1e-030 1e-030 1e-030 1e-030 1e-030 1e-030 1e-030 1e-030 1e-030 1e-030 1e-030 1e-030 1e-030 0.0525438 0.0788158 0.0525438 0.0262719 1e-030 0.288991 1e-030 1e-030 1e-030 2.20497e-153 1e-030 4.82631e-313 0.446623 0.0542109 
1e-030 1e-030 1e-030 1e-030 1e-030 1e-030 1e-030 1e-030 1e-030 1e-030 1e-030 1e-030 1e-030 1e-030 1e-030 1e-030 1e-030 1e-030 1e-030 1e-030 1e-030 1e-030 1e-030 0.779892 1e-030 1e-030 1.42324e-090 1.46166e-006 1e-030 2.97693e-087 4.12957e-226 0.220107 
1e-030 1e-030 1e-030 1e-030 1e-030 1e-030 1e-030 1e-030 1e-030 1e-030 1e-030 1e-030 1e-030 1e-030 1e-030 1e-030 1e-030 1e-030 1e-030 1e-030 1e-030 1e-030 1e-030 0.68079 1e-030 1e-030 4.79962e-079 0.000358471 1e-030 2.46137e-072 3.49817e-166 0.318852 
1e-030 1e-030 1e-030 1e-030 1e-030 1e-030 1e-030 1e-030 1e-030 1e-030 1e-030 1e-030 1e-030 1e-030 1e-030 1e-030 1e-030 1e-030 1e-030 1e-030 1e-030 1e-030 1e-030 0.72727 1e-030 1e-030 5.07455e-030 0.209554 1e-030 0.0373769 4.17348e-083 0.0257995 
1e-030 1e-030 1e-030 1e-030 1e-030 1e-030 1e-030 1e-030 1e-030 1e-030 1e-030 1e-030 1e-030 9.26417e-093 1e-030 1e-030 1.7306e-216 1e-030 1e-030 1e-030 1e-030 1e-030 1e-030 5.68708e-005 1e-030 1e-030 0.0975833 4.33591e-008 1e-030 0.0279789 0.00449708 0.869884 
1e-030 1e-030 1e-030 1e-030 1e-030 1e-030 1e-030 1e-030 1e-030 1e-030 1e-030 1e-030 1e-030 0.0399683 1e-030 1e-030 0.0199842 0.0199842 0.0399683 1e-030 0.0399683 1e-030 1e-030 0.399683 0.0199842 1e-030 1.96317e-020 0.0199842 1e-030 1.8316e-030 0.33881 0.0616657 
1e-030 1e-030 1e-030 1e-030 1e-030 1e-030 1e-030 1e-030 1e-030 1e-030 1e-030 1e-030 1e-030 1e-030 1e-030 1e-030 1e-030 1e-030 1e-030 1e-030 1e-030 1e-030 1e-030 1 1e-030 1e-030 1e-030 1e-030 1e-030 1.65268e-208 1e-030 1.321e-038 
1e-030 1e-030 1e-030 1e-030 1e-030 1e-030 1e-030 1e-030 1e-030 1e-030 1e-030 1e-030 1e-030 1e-030 1e-030 1e-030 1e-030 1e-030 1e-030 1e-030 1e-030 1e-030 1e-030 1e-030 1e-030 1e-030 1e-030 2.42638e-053 1e-030 2.05271e-018 1e-030 1 
1e-030 1e-030 1e-030 1e-030 1e-030 1e-030 1e-030 1e-030 1e-030 1e-030 1e-030 1e-030 1e-030 1e-030 1e-030 1e-030 1e-030 1e-030 1e-030 1e-030 1e-030 1e-030 1e-030 1e-030 1e-030 1e-030 1e-030 1.59871e-035 1e-030 1 1e-030 7.30175e-014 
1e-030 1e-030 1e-030 1e-030 1e-030 1e-030 1e-030 1e-030 1e-030 1e-030 1e-030 1e-030 1e-030 1e-030 1e-030 1e-030 1e-030 1e-030 3.1925e-132 1e-030 1e-030 1e-030 1e-030 2.28033e-053 1e-030 1e-030 1e-030 0.101888 1e-030 8.75426e-028 0.103832 0.79428 
1e-030 1e-030 1e-030 1e-030 1e-030 1e-030 1e-030 1e-030 1e-030 1e-030 1e-030 1e-030 1e-030 1e-030 1e-030 1e-030 1e-030 1e-030 0.0193814 1e-030 1e-030 1e-030 1e-030 0.0581442 1e-030 1e-030 1e-030 0.0582231 1e-030 1e-030 0.425362 0.438889 
1e-030 1e-030 1e-030 1e-030 1e-030 1e-030 1e-030 1e-030 1e-030 1e-030 1e-030 1e-030 1e-030 1e-030 1e-030 1e-030 1e-030 1e-030 1e-030 1e-030 1e-030 1e-030 1e-030 0.100313 1e-030 1e-030 1e-030 0.199586 1e-030 1e-030 4.6802e-024 0.7001 
1e-030 1e-030 1e-030 1e-030 1e-030 1e-030 1e-030 1e-030 1e-030 1e-030 1e-030 1e-030 1e-030 1e-030 1e-030 1e-030 1e-030 1e-030 1e-030 1e-030 1e-030 1e-030 1e-030 1.88384e-111 1e-030 1e-030 1e-030 0.622716 1e-030 3.76995e-298 0.377199 8.42076e-005 
1e-030 1e-030 1e-030 1e-030 1e-030 1e-030 1e-030 1e-030 1e-030 1e-030 1e-030 1e-030 1e-030 1e-030 1e-030 1e-030 1e-030 1e-030 1e-030 1e-030 1e-030 1e-030 1e-030 6.61179e-138 1e-030 1e-030 1e-030 0.44016 1e-030 3.76608e-023 0.13835 0.42149 
1e-030 1e-030 1e-030 1e-030 1e-030 1e-030 1e-030 1e-030 1e-030 1e-030 1e-030 1e-030 1e-030 1e-030 1e-030 1e-030 1e-030 1e-030 1e-030 1e-030 1e-030 1e-030 1e-030 5.39869e-121 1e-030 1e-030 1e-030 4.99745e-027 1e-030 0.0645848 1.57868e-045 0.935415 
1e-030 1e-030 1e-030 1e-030 1e-030 1e-030 1e-030 0.0191841 1e-030 1e-030 1e-030 1e-030 1e-030 0.0191841 0.0383681 1e-030 1e-030 1e-030 1e-030 1e-030 0.0191841 1e-030 1e-030 0.326129 0.0191841 1e-030 1e-030 0.0191841 0.0191841 0.0383681 0.383681 0.0983496 
1e-030 1e-030 1e-030 1e-030 1e-030 1e-030 1e-030 1e-030 1e-030 1e-030 1e-030 1e-030 1e-030 1e-030 1e-030 1e-030 1e-030 1e-030 1e-030 1e-030 1e-030 1e-030 1e-030 0.0106527 1e-030 1e-030 1e-030 0.989347 3.59456e-160 1e-030 1e-030 1e-030 
1e-030 1e-030 1e-030 5.08734e-130 1e-030 1e-030 1e-030 1e-030 1e-030 1e-030 1e-030 1e-030 1e-030 1e-030 1e-030 1e-030 1e-030 1e-030 1e-030 1e-030 1e-030 1e-030 1e-030 0.3562 1e-030 1e-030 1e-030 0.6438 1.02436e-021 1e-030 1e-030 1e-030 
1e-030 1e-030 1e-030 0.0328349 1e-030 1e-030 1e-030 1e-030 1e-030 1e-030 1e-030 1e-030 1e-030 1e-030 1e-030 1e-030 1e-030 1e-030 1e-030 1e-030 1e-030 1e-030 1e-030 0.736049 1e-030 1e-030 1e-030 0.129138 0.101978 1e-030 1e-030 3.99903e-011 
1e-030 1e-030 1e-030 0.0585452 9.97085e-267 1e-030 1e-030 1e-030 1e-030 1e-030 1e-030 1e-030 1e-030 1e-030 1e-030 1e-030 4.27163e-238 1e-030 1e-030 1e-030 1e-030 1e-030 1e-030 7.23132e-027 1e-030 1e-030 1e-030 1.05218e-089 1.68534e-005 1e-030 0.000546063 0.940892 
1e-030 1e-030 1e-030 5.94383e-087 0.039142 1e-030 1e-030 0.039142 1e-030 1e-030 1e-030 1e-030 1e-030 0.019571 1e-030 0.019571 0.039142 0.039142 1e-030 1e-030 1e-030 1e-030 1e-030 0.371849 0.019571 1e-030 1e-030 0.019571 1e-030 1e-030 0.313012 0.0802879 
1e-030 1e-030 1e-030 1e-030 1e-030 1e-030 1e-030 1e-030 1e-030 1e-030 1e-030 1e-030 1e-030 1e-030 1e-030 1e-030 1e-030 1e-030 1e-030 1e-030 1e-030 1 1e-030 1e-030 1e-030 1e-030 1e-030 1e-030 1e-030 1e-030 1e-030 1e-030 
1e-030 1e-030 1e-030 1e-030 1e-030 1e-030 1e-030 1e-030 1e-030 0.144292 1e-030 1e-030 1e-030 1e-030 1e-030 1e-030 1e-030 1e-030 0.036073 0.036073 1e-030 1e-030 1e-030 0.144292 1e-030 1e-030 1e-030 0.579895 1e-030 1e-030 2.56625e-088 0.059375 
1e-030 1e-030 1e-030 1e-030 1e-030 1e-030 1e-030 1e-030 1e-030 3.86383e-021 1e-030 1e-030 1e-030 1e-030 1e-030 1e-030 1e-030 1e-030 1e-030 1e-030 1e-030 1e-030 1e-030 1e-030 1e-030 1e-030 1e-030 0.858461 1e-030 1e-030 5.12967e-030 0.141539 
1e-030 1e-030 1e-030 1e-030 1e-030 1e-030 1e-030 1e-030 1e-030 3.01695e-282 1e-030 1e-030 1e-030 1e-030 1e-030 1e-030 1e-030 1e-030 1e-030 1e-030 1e-030 1e-030 1e-030 2.92472e-018 1e-030 1e-030 1e-030 2.49239e-020 1e-030 1e-030 0.639584 0.360416 
1e-030 1e-030 1e-030 1e-030 0.0355287 0.0355287 1e-030 1e-030 1e-030 4.60316e-270 1e-030 1e-030 1e-030 1e-030 0.0710574 0.0355287 0.0710574 1e-030 1e-030 1e-030 1e-030 1e-030 1e-030 0.248701 1e-030 1e-030 0.0355287 0.213172 1e-030 0.106586 0.0762514 0.0710599 
1e-030 1e-030 1e-030 1e-030 1e-030 1e-030 1e-030 1e-030 1e-030 1e-030 1e-030 1e-030 1e-030 1e-030 1e-030 1e-030 1e-030 1e-030 1e-030 1e-030 1e-030 1e-030 1e-030 1 1e-030 1e-030 1e-030 1.2854e-009 1e-030 1e-030 1e-030 1e-030 
1e-030 1e-030 1e-030 1e-030 1e-030 1e-030 1e-030 1e-030 1e-030 1e-030 1e-030 1e-030 1e-030 1e-030 1e-030 1e-030 1e-030 1e-030 1e-030 1e-030 1e-030 1e-030 1e-030 1.87816e-009 1e-030 1e-030 1e-030 0.7611 1e-030 0.2389 1e-030 3.61883e-085 
1e-030 1e-030 1e-030 1e-030 1e-030 1e-030 1e-030 1e-030 1e-030 1e-030 1e-030 1e-030 1e-030 1e-030 1e-030 1e-030 1e-030 1e-030 1e-030 1e-030 1e-030 1e-030 1e-030 0.579488 1e-030 1e-030 1e-030 0.420512 1e-030 3.14362e-015 1.4757e-239 3.30835e-016 
1e-030 1e-030 1e-030 1e-030 1e-030 1e-030 1e-030 1e-030 1e-030 1e-030 1e-030 1e-030 1e-030 1e-030 1e-030 1e-030 1e-030 1e-030 1e-030 1e-030 1e-030 1e-030 1e-030 2.55772e-179 1e-030 1e-030 1e-030 1.62406e-013 1e-030 1e-030 1.01536e-007 1 
1e-030 1e-030 1e-030 1e-030 1e-030 1e-030 1e-030 1e-030 1e-030 1e-030 1e-030 1e-030 1e-030 0.0199392 1e-030 1e-030 1e-030 0.0398785 1e-030 1e-030 0.079757 0.079757 0.0199392 0.299089 1e-030 1e-030 1e-030 0.119635 0.0199392 1e-030 0.199392 0.122674 
1e-030 1e-030 1e-030 1e-030 1e-030 1e-030 1e-030 1e-030 1e-030 1e-030 1e-030 1e-030 1e-030 1e-030 1e-030 1e-030 1e-030 1e-030 1e-030 1e-030 1e-030 1e-030 1e-030 0.0947264 1e-030 1e-030 1e-030 0.000465183 1e-030 9.80435e-027 0.333463 0.571345 
1e-030 1e-030 1e-030 1e-030 1e-030 1e-030 1e-030 1e-030 1e-030 1e-030 1e-030 1e-030 1e-030 1e-030 1e-030 1e-030 1e-030 1.30049e-257 1e-030 1e-030 1e-030 1e-030 1e-030 0.0932826 1e-030 1e-030 1e-030 0.67009 1e-030 0.0993232 1.76428e-016 0.137304 
1e-030 1e-030 1e-030 1e-030 1e-030 1e-030 1e-030 1e-030 1e-030 1e-030 1e-030 1e-030 1e-030 1e-030 1e-030 1e-030 1e-030 1.38897e-102 1e-030 1e-030 1e-030 1e-030 1e-030 0.533327 1e-030 1e-030 1e-030 0.146107 1e-030 3.17055e-011 0.0787031 0.241863 
1e-030 1e-030 1e-030 1e-030 1e-030 1e-030 1e-030 1e-030 1e-030 1e-030 1e-030 1e-030 1e-030 1e-030 1e-030 1e-030 1e-030 9.39815e-075 1e-030 1e-030 1e-030 1e-030 1e-030 0.00072689 5.73774e-252 1e-030 1e-030 0.0557488 1e-030 1.11476e-062 3.78349e-012 0.943524 
1e-030 1e-030 1e-030 1e-030 1e-030 1e-030 1e-030 1e-030 1e-030 1e-030 1e-030 1e-030 1e-030 1e-030 1e-030 0.0191825 0.0575476 0.0383651 0.0383651 1e-030 0.0191825 1e-030 1e-030 0.24928 0.0191825 1e-030 1e-030 0.0767301 1e-030 0.0191825 0.364468 0.0985143 
1e-030 1e-030 1e-030 1e-030 1e-030 1e-030 1e-030 1e-030 1e-030 1e-030 1e-030 1e-030 1e-030 1e-030 2.2813e-240 1e-030 1e-030 1.07835e-077 1e-030 1e-030 1e-030 1.09003e-006 1e-030 0.545984 1e-030 1e-030 1e-030 0.00100876 1e-030 1e-030 1e-030 0.453006 
1e-030 1e-030 1e-030 1e-030 1e-030 1e-030 1e-030 1e-030 1e-030 1e-030 1e-030 1e-030 1e-030 1e-030 8.37298e-163 1e-030 1e-030 1.72439e-034 1e-030 1e-030 1e-030 0.149505 1e-030 0.229774 1e-030 1e-030 1e-030 0.54277 1e-030 1e-030 2.72803e-242 0.0779514 
1e-030 1e-030 1e-030 1e-030 1e-030 1e-030 1e-030 1e-030 1e-030 1e-030 1e-030 1e-030 1e-030 1e-030 0.0911191 1e-030 1e-030 0.0965314 1e-030 1e-030 1e-030 1.98315e-005 1e-030 0.537453 1e-030 1e-030 1e-030 0.167529 1e-030 1e-030 1.53432e-051 0.107348 
1e-030 1e-030 1e-030 1e-030 1e-030 1e-030 1e-030 1e-030 1e-030 1e-030 1e-030 1e-030 1e-030 1e-030 0.00566559 1e-030 1e-030 1.8384e-031 1e-030 1e-030 1e-030 3.95924e-164 1e-030 2.26387e-009 1e-030 1e-030 1e-030 1.48485e-075 1e-030 1e-030 0.000316959 0.994017 
1e-030 1e-030 1e-030 1e-030 1e-030 1e-030 1e-030 1e-030 1e-030 1e-030 1e-030 1e-030 1e-030 1e-030 0.0212549 1e-030 0.0425097 1.18704e-061 1e-030 0.0425097 0.0212549 0.0425097 1e-030 0.340078 1e-030 1e-030 1e-030 0.106274 1e-030 1e-030 0.340011 0.0435978 
1e-030 1e-030 1e-030 1e-030 1e-030 1e-030 1e-030 1e-030 1e-030 1e-030 1e-030 1e-030 1e-030 1e-030 1e-030 1e-030 1e-030 1e-030 1e-030 1e-030 1e-030 1e-030 1e-030 1e-030 1e-030 1e-030 1e-030 1e-030 1e-030 1e-030 1e-030 1 
1e-030 1e-030 1e-030 1e-030 1e-030 1e-030 1e-030 1e-030 1e-030 1e-030 1e-030 1e-030 1e-030 1e-030 1e-030 1e-030 1e-030 1.54236e-103 1e-030 1e-030 1e-030 1e-030 1e-030 0.535771 1e-030 1.54236e-103 1e-030 0.464229 1e-030 1e-030 1.2361e-104 1.04666e-014 
1e-030 1e-030 1e-030 1e-030 1e-030 1e-030 1e-030 1e-030 1e-030 1e-030 1e-030 1e-030 1e-030 1e-030 1e-030 1e-030 1e-030 6.2389e-111 1e-030 1e-030 1e-030 1e-030 1e-030 0.821224 1e-030 5.47558e-006 1e-030 0.111015 1e-030 1e-030 6.96077e-104 0.0677555 
1e-030 1e-030 1e-030 1e-030 1e-030 1e-030 1e-030 1e-030 1e-030 1e-030 1e-030 1e-030 1e-030 1e-030 1e-030 1e-030 1e-030 0.0833419 1e-030 1e-030 1e-030 1e-030 1e-030 7.39692e-054 1e-030 0.0833353 1e-030 2.7997e-066 1e-030 1e-030 0.102108 0.731215 
1e-030 1e-030 1e-030 1e-030 1e-030 1e-030 1e-030 1e-030 1e-030 1e-030 1e-030 1e-030 1e-030 1e-030 0.0199995 0.0199995 0.0599986 0.0399991 0.0199995 1e-030 0.0599986 1e-030 1e-030 0.139997 1e-030 9.37142e-044 1e-030 0.0599986 1e-030 1e-030 0.435486 0.144523 
1e-030 1e-030 1e-030 1e-030 1e-030 1e-030 1e-030 1e-030 1e-030 1e-030 1e-030 1e-030 1e-030 1e-030 1e-030 1e-030 9.70585e-261 1e-030 1e-030 9.70585e-261 1e-030 1e-030 1e-030 0.126269 1e-030 1e-030 1e-030 0.853708 1e-030 0.019892 0.000130389 7.97675e-007 
1e-030 1e-030 1e-030 1e-030 1e-030 1e-030 1e-030 1e-030 1e-030 1e-030 1e-030 1e-030 1e-030 1e-030 1e-030 1e-030 2.53611e-209 1e-030 1e-030 5.90058e-092 1e-030 1e-030 1e-030 0.244072 1e-030 1e-030 1e-030 0.164303 1e-030 0.166482 0.34011 0.0850332 
1e-030 1e-030 1e-030 1e-030 1e-030 1e-030 1e-030 1e-030 1e-030 1e-030 1e-030 1e-030 1e-030 1e-030 1e-030 1e-030 6.4838e-018 1e-030 1e-030 3.61505e-005 1e-030 1e-030 1e-030 0.837119 1e-030 1e-030 1e-030 0.162845 1e-030 3.43953e-015 1.72504e-007 8.92855e-052 
1e-030 1e-030 1e-030 1e-030 1e-030 1e-030 1e-030 1e-030 1e-030 1e-030 1e-030 1e-030 1e-030 1e-030 1e-030 1e-030 0.222392 1e-030 1e-030 0.22228 1e-030 1e-030 1e-030 0.333034 1e-030 1e-030 1e-030 5.18191e-011 1e-030 0.222294 1.819e-070 3.07363e-050 
1e-030 1e-030 1e-030 1e-030 1e-030 1e-030 1e-030 1e-030 1e-030 1e-030 1e-030 1e-030 1e-030 1e-030 1e-030 1e-030 8.43996e-012 1e-030 1e-030 2.72608e-025 1e-030 1e-030 1e-030 0.260724 1e-030 1e-030 1e-030 0.0568667 1e-030 8.29051e-006 0.3412 0.3412 
1e-030 1e-030 1e-030 1e-030 1e-030 1e-030 1e-030 1e-030 1e-030 1e-030 1e-030 1e-030 1e-030 1e-030 1e-030 1e-030 1e-030 1e-030 1e-030 1e-030 1e-030 0.0769231 1e-030 0.461539 1e-030 1e-030 1e-030 0.461538 1.61133e-163 1e-030 1e-030 2.26552e-021 
1e-030 1e-030 1e-030 1e-030 1e-030 1e-030 1e-030 1e-030 1e-030 1e-030 1e-030 1e-030 1e-030 1e-030 1e-030 1e-030 1e-030 1e-030 1e-030 1e-030 4.46125e-202 3.71786e-185 1e-030 1.33344e-009 1e-030 1e-030 1e-030 1.3979e-006 0.499999 1e-030 1e-030 0.499999 
1e-030 1e-030 1e-030 1e-030 1e-030 1e-030 1e-030 1e-030 1e-030 1e-030 1e-030 1e-030 1e-030 1e-030 1e-030 1e-030 1e-030 1e-030 1e-030 1e-030 0.0625 0.15625 1e-030 0.625 1e-030 1e-030 1e-030 0.15625 5.71756e-027 1e-030 1e-030 7.63748e-042 
1e-030 1e-030 1e-030 1e-030 1e-030 1e-030 1e-030 1e-030 1e-030 1e-030 1e-030 1e-030 1e-030 1e-030 1e-030 1e-030 1e-030 1e-030 1e-030 1e-030 1e-030 3.57812e-053 1e-030 1.01652e-025 1e-030 1e-030 1e-030 1e-030 1e-030 1e-030 1.22639e-029 1 
1e-030 1e-030 1e-030 1e-030 1e-030 1e-030 1e-030 1e-030 1e-030 1e-030 1e-030 1e-030 1e-030 1e-030 1e-030 1e-030 1e-030 1e-030 1e-030 1e-030 1e-030 3.62746e-101 1e-030 0.142137 1e-030 1e-030 1e-030 1e-030 1e-030 1e-030 0.746219 0.111644 
1e-030 1e-030 1e-030 1e-030 1e-030 1e-030 1e-030 1e-030 1e-030 1e-030 1e-030 1e-030 1e-030 1e-030 1e-030 1e-030 1e-030 1e-030 1e-030 1e-030 1e-030 1.93822e-135 1e-030 1.51373e-006 1e-030 1e-030 1e-030 0.999998 1e-030 1e-030 1e-030 1e-030 
1e-030 1e-030 1e-030 1e-030 1e-030 1e-030 1e-030 1e-030 1e-030 1e-030 1e-030 1e-030 1e-030 1e-030 1e-030 1e-030 1e-030 1.52641e-194 1e-030 1e-030 4.85892e-035 0.520699 1e-030 0.479301 1e-030 1e-030 1e-030 5.49384e-029 1e-030 1e-030 1e-030 1.80624e-251 
1e-030 1e-030 1e-030 1e-030 1e-030 1e-030 1e-030 1e-030 1e-030 2.94449e-189 1e-030 1e-030 1e-030 1e-030 1e-030 1e-030 1e-030 0.0965571 1e-030 1e-030 0.482786 0.128785 1e-030 0.291872 1e-030 1e-030 1e-030 1e-030 1e-030 1e-030 1e-030 1.09405e-028 
1e-030 1e-030 1e-030 1e-030 1e-030 1e-030 1e-030 1e-030 1e-030 0.0772769 1e-030 1e-030 1e-030 1e-030 1e-030 1e-030 1e-030 3.2431e-236 1e-030 1e-030 3.65301e-267 1.37075e-179 1e-030 9.37828e-018 1e-030 1e-030 1e-030 1e-030 1e-030 1e-030 4.00501e-021 0.922723 
1e-030 1e-030 1e-030 0.0464473 0.0464473 1e-030 1e-030 1e-030 1e-030 1.81434e-042 1e-030 1e-030 1e-030 0.0464473 0.0232237 1e-030 1e-030 0.0232237 0.0232237 0.0232237 6.7375e-212 0.209013 1e-030 0.162566 1e-030 1e-030 1e-030 1e-030 1e-030 1e-030 0.348355 0.0478296 
1e-030 1e-030 1e-030 1e-030 1e-030 1e-030 1e-030 1e-030 1e-030 1e-030 1e-030 1e-030 1e-030 1e-030 1e-030 1e-030 1e-030 1e-030 3.41318e-131 1e-030 1e-030 0.6 1e-030 0.4 1e-030 1e-030 1e-030 1e-030 1e-030 1e-030 1e-030 2.53509e-014 
1e-030 1e-030 1e-030 1e-030 1e-030 1e-030 1e-030 1e-030 1e-030 1e-030 1e-030 1e-030 1e-030 1e-030 1e-030 1e-030 1e-030 1e-030 0.298793 3.2683e-273 1e-030 5.04113e-015 1e-030 4.63431e-007 1e-030 1e-030 1e-030 0.103621 1e-030 1e-030 1e-030 0.597586 
1e-030 1e-030 1e-030 1e-030 1e-030 1e-030 1e-030 1e-030 1e-030 1e-030 1e-030 1e-030 1e-030 1e-030 1e-030 1e-030 1e-030 1e-030 1.2521e-060 0.077963 1e-030 0.233889 1e-030 0.545741 1.47806e-021 1e-030 1e-030 0.142407 1e-030 1e-030 1e-030 1.70602e-136 
1e-030 1e-030 1e-030 1e-030 1e-030 1e-030 1e-030 1e-030 1e-030 1e-030 1e-030 1e-030 1e-030 1e-030 1e-030 1e-030 1e-030 1e-030 1e-030 1e-030 1e-030 5.64949e-111 1e-030 2.17665e-028 0.086148 1e-030 1e-030 0.086148 1e-030 1e-030 6.8367e-030 0.827704 
1e-030 1e-030 1e-030 1e-030 1e-030 1e-030 1e-030 0.0253858 1e-030 1e-030 1e-030 1e-030 1e-030 0.0507716 1e-030 1e-030 0.0253858 1e-030 0.0253858 0.0761575 1e-030 0.0253858 1e-030 0.101543 2.96272e-236 1e-030 0.0253858 5.27865e-199 1e-030 1e-030 0.431559 0.21304 
1e-030 1e-030 1e-030 1e-030 1e-030 1e-030 1e-030 1e-030 1e-030 1e-030 1e-030 1e-030 1e-030 1e-030 1e-030 1e-030 1e-030 1e-030 1e-030 1e-030 1e-030 9.38725e-323 1e-030 0.997391 1e-030 1e-030 1e-030 0.00260851 1e-030 1e-030 1e-030 1e-030 
1e-030 1e-030 1e-030 1e-030 1e-030 1e-030 1e-030 1e-030 1e-030 0.200524 1e-030 1e-030 1e-030 1e-030 2.20438e-165 1e-030 1e-030 1e-030 1e-030 1e-030 1e-030 0.200524 1e-030 1.17089e-141 1e-030 1e-030 1e-030 0.197902 1e-030 1e-030 1e-030 0.401049 
1e-030 1e-030 1e-030 1e-030 1e-030 1e-030 1e-030 1e-030 1e-030 1.55711e-153 1e-030 1e-030 1e-030 1e-030 1 1e-030 1e-030 1e-030 1e-030 1e-030 1e-030 4.67192e-304 1e-030 1.39862e-283 1e-030 1e-030 1e-030 1e-030 1e-030 1e-030 5.50868e-195 1.08172e-016 
1e-030 1e-030 1e-030 1e-030 1e-030 1e-030 1e-030 1e-030 1e-030 1e-030 1e-030 1e-030 1e-030 1e-030 6.57114e-132 1e-030 1e-030 1e-030 1e-030 1e-030 1e-030 1e-030 1e-030 1e-030 1e-030 1e-030 1e-030 1e-030 1e-030 1e-030 6.70249e-086 1 
1e-030 1e-030 1e-030 1e-030 1e-030 1e-030 1e-030 1e-030 1e-030 1e-030 1e-030 1e-030 1e-030 1e-030 7.19513e-275 0.0150742 1e-030 0.0150742 1e-030 1e-030 1e-030 1e-030 1e-030 0.316558 1e-030 1e-030 0.0150742 0.105519 1e-030 1e-030 0.331632 0.201068 
1e-030 1e-030 1e-030 1e-030 1e-030 1e-030 1e-030 1e-030 1e-030 1e-030 1e-030 1e-030 1e-030 1e-030 1e-030 1e-030 1e-030 1e-030 1e-030 1e-030 3.64625e-187 1e-030 1e-030 0.568255 1e-030 1e-030 1e-030 0.431744 1e-030 1e-030 1e-030 8.43867e-007 
1e-030 1e-030 1e-030 1e-030 1e-030 1e-030 1e-030 1e-030 1e-030 1e-030 1e-030 1e-030 1e-030 1e-030 1e-030 1e-030 1e-030 1e-030 1e-030 1e-030 3.12389e-015 1e-030 1e-030 0.223435 1e-030 1e-030 1e-030 3.38383e-101 1e-030 1e-030 1e-030 0.776565 
1e-030 1e-030 1e-030 1e-030 1e-030 1e-030 1e-030 1e-030 1e-030 1e-030 1e-030 1e-030 1e-030 1e-030 1e-030 1e-030 1e-030 1e-030 1e-030 1e-030 0.0265465 1e-030 1e-030 0.707989 1e-030 1e-030 1e-030 0.185825 1e-030 0.0796395 3.61159e-118 8.64635e-009 
1e-030 1e-030 1e-030 1e-030 1e-030 1e-030 1e-030 1e-030 1e-030 1e-030 1e-030 1e-030 1e-030 1e-030 1e-030 1e-030 1e-030 1e-030 1e-030 1e-030 1e-030 1e-030 1e-030 1.4868e-010 1e-030 1e-030 1e-030 1.20779e-316 1e-030 1e-030 0.000368518 0.999631 
1e-030 1e-030 1e-030 1e-030 1e-030 1e-030 1e-030 1e-030 1e-030 1e-030 1e-030 1e-030 1e-030 1e-030 1e-030 1e-030 1e-030 1e-030 1e-030 1e-030 1e-030 1e-030 1e-030 4.62167e-136 1e-030 1e-030 1e-030 1e-030 1e-030 1e-030 0.825352 0.174648 
1e-030 1e-030 1e-030 1e-030 1e-030 1e-030 1e-030 1e-030 1e-030 1e-030 1e-030 1e-030 1e-030 1e-030 1e-030 1e-030 1e-030 1e-030 0.265894 1e-030 1e-030 1e-030 1e-030 1.02839e-095 1e-030 1e-030 1e-030 0.734106 1e-030 1e-030 1e-030 2.38258e-016 
1e-030 1e-030 1e-030 1e-030 1e-030 1e-030 1e-030 1e-030 1e-030 1e-030 1e-030 1e-030 1e-030 1e-030 1e-030 1e-030 1e-030 1e-030 0.00883567 1e-030 1e-030 1e-030 1e-030 4.30506e-007 1e-030 1e-030 1e-030 0.809414 1e-030 1e-030 4.74348e-166 0.181749 
1e-030 1e-030 1e-030 1e-030 1e-030 1e-030 1e-030 1e-030 1e-030 1e-030 1e-030 1e-030 1e-030 1e-030 1e-030 1e-030 1e-030 1e-030 3.78094e-057 1e-030 1e-030 1e-030 1e-030 0.746452 1e-030 1e-030 1e-030 0.247056 1e-030 1e-030 1.09756e-124 0.00649238 
1e-030 1e-030 1e-030 1e-030 2.55201e-025 1e-030 1e-030 1e-030 1e-030 1e-030 1e-030 1e-030 1e-030 1e-030 1e-030 1e-030 1e-030 1e-030 7.17882e-204 1e-030 1e-030 1e-030 1e-030 0.120812 1e-030 1e-030 1e-030 3.3072e-019 9.59399e-179 1e-030 0.114577 0.76461 
1e-030 1e-030 1e-030 1e-030 0.0309614 1e-030 1e-030 1e-030 1e-030 1e-030 1e-030 1e-030 1e-030 0.0309614 1e-030 1e-030 0.0619228 0.0309614 0.0309614 1e-030 0.0309614 1e-030 1e-030 0.402592 0.0619228 1e-030 1e-030 0.0928841 0.0309614 1e-030 0.0309618 0.163948 
1e-030 1e-030 1e-030 1e-030 1e-030 1e-030 1e-030 1e-030 1e-030 1e-030 1e-030 1e-030 1e-030 1e-030 1e-030 1e-030 1e-030 1e-030 1.32555e-184 1e-030 1e-030 1e-030 1e-030 0.667296 1e-030 1e-030 1e-030 0.258943 1e-030 1e-030 6.54157e-234 0.0737608 
1e-030 1e-030 1e-030 1e-030 1e-030 1e-030 1e-030 1e-030 1e-030 1e-030 1e-030 1e-030 1e-030 1e-030 1e-030 1e-030 1e-030 1e-030 0.117589 1e-030 1e-030 1e-030 1e-030 4.86588e-033 1e-030 1e-030 1e-030 0.68623 1e-030 1e-030 7.04088e-228 0.196181 
1e-030 1e-030 1e-030 1e-030 1e-030 1e-030 1e-030 1e-030 1e-030 1e-030 1e-030 1e-030 1e-030 1e-030 1e-030 1e-030 1e-030 1e-030 6.6007e-179 1e-030 1e-030 1e-030 1e-030 0.85714 1e-030 1e-030 1e-030 0.142857 1e-030 1e-030 1e-030 3.54712e-006 
1e-030 1e-030 1e-030 1e-030 1e-030 1e-030 1e-030 1e-030 1e-030 1e-030 1e-030 1e-030 1e-030 1e-030 1e-030 1e-030 1e-030 1e-030 1e-030 1e-030 1e-030 1e-030 1e-030 3.19545e-039 1e-030 1e-030 1e-030 1.80946e-177 1e-030 1e-030 0.119946 0.880054 
1e-030 1e-030 1e-030 1e-030 1e-030 1e-030 1e-030 1e-030 1e-030 1e-030 1e-030 1e-030 1e-030 0.0405338 1e-030 1e-030 0.0202669 1e-030 0.0405338 1e-030 0.0202669 0.0202669 1e-030 0.32427 0.0202669 1e-030 1e-030 0.243203 1e-030 0.0405338 0.144337 0.085521 
1e-030 1e-030 1e-030 1e-030 1e-030 1e-030 1e-030 1e-030 1e-030 1e-030 1e-030 1e-030 1e-030 1e-030 1e-030 1e-030 1e-030 1e-030 1e-030 1e-030 1e-030 1 1e-030 1.43225e-044 1e-030 1e-030 1e-030 4.49703e-007 1e-030 1e-030 1e-030 1.08769e-215 
1e-030 1e-030 1e-030 1e-030 1e-030 1e-030 1e-030 1e-030 1e-030 1e-030 1e-030 1e-030 1e-030 1e-030 1e-030 1e-030 1e-030 1e-030 1e-030 1e-030 1e-030 1e-030 1e-030 0.168552 1e-030 1e-030 1e-030 0.831406 1e-030 1e-030 1e-030 4.14649e-005 
1e-030 1e-030 1e-030 1e-030 1e-030 1e-030 1e-030 1e-030 1e-030 1e-030 1e-030 1e-030 1e-030 1e-030 1e-030 1e-030 1e-030 1e-030 1e-030 1e-030 1e-030 1e-030 1e-030 0.634715 1e-030 1e-030 1e-030 0.2674 1e-030 1e-030 7.11333e-087 0.0978841 
1e-030 1e-030 1e-030 1e-030 1e-030 1e-030 1e-030 1e-030 1e-030 1e-030 1e-030 1e-030 1e-030 1.02915e-297 1e-030 1e-030 1e-030 1e-030 1e-030 1e-030 1e-030 1e-030 1e-030 3.64214e-007 1e-030 1e-030 1e-030 3.6459e-052 1e-030 1e-030 5.8282e-006 0.999994 
1e-030 1e-030 1e-030 1e-030 1e-030 1e-030 1e-030 1e-030 1e-030 1e-030 1e-030 1e-030 1e-030 0.0174588 1e-030 0.0698352 1e-030 1e-030 0.0174588 1e-030 0.0349176 1e-030 1e-030 0.244423 1e-030 1e-030 1e-030 0.0523764 1e-030 0.0349176 0.331716 0.196896 
1e-030 1e-030 1e-030 1e-030 1e-030 1e-030 1e-030 1e-030 1e-030 1e-030 1e-030 1e-030 1e-030 1e-030 1e-030 1e-030 1e-030 1e-030 1e-030 1e-030 1e-030 1e-030 1e-030 1 1e-030 1e-030 1e-030 9.73966e-025 1e-030 1e-030 1e-030 7.55137e-183 
1e-030 1e-030 1e-030 1e-030 1e-030 1e-030 1e-030 1e-030 1e-030 1e-030 1e-030 1e-030 1e-030 1e-030 1e-030 1e-030 1e-030 1e-030 1e-030 1e-030 1e-030 1e-030 1e-030 1.87946e-006 1e-030 1e-030 1e-030 0.999998 1e-030 1e-030 1e-030 1.30582e-163 
1e-030 1e-030 1e-030 1e-030 1e-030 1e-030 1e-030 1e-030 1e-030 1e-030 1e-030 1e-030 1e-030 1e-030 1e-030 1e-030 1e-030 1e-030 1e-030 1e-030 1e-030 1e-030 1e-030 0.625371 1e-030 1e-030 1e-030 0.127758 1e-030 1e-030 6.00295e-266 0.246871 
1e-030 1e-030 1e-030 1e-030 1e-030 1e-030 1e-030 1e-030 1e-030 1e-030 1e-030 1e-030 1e-030 1e-030 1e-030 1e-030 1e-030 1e-030 1e-030 1e-030 1e-030 1e-030 1e-030 0.0887765 1e-030 1e-030 1e-030 3.55466e-163 1e-030 1e-030 2.70261e-030 0.911224 
1e-030 1e-030 1e-030 1e-030 0.0171994 1e-030 1e-030 0.0171994 1e-030 1e-030 1e-030 1e-030 1e-030 0.0343988 0.0171994 0.0343988 0.0343988 1e-030 1e-030 1e-030 0.0171994 0.0171994 1e-030 0.43009 1e-030 1e-030 1e-030 0.0859971 1e-030 1e-030 0.206393 0.0883259 
1e-030 1e-030 1e-030 1e-030 1e-030 1e-030 1e-030 1e-030 1e-030 1e-030 1e-030 1e-030 1e-030 1e-030 1e-030 1e-030 1e-030 1e-030 1e-030 1e-030 1e-030 1e-030 1e-030 1 1e-030 1e-030 1e-030 1e-030 1e-030 1e-030 1e-030 1e-030 
1e-030 1e-030 1e-030 1e-030 1e-030 1e-030 1e-030 1e-030 1e-030 1e-030 1e-030 1e-030 1e-030 1e-030 1e-030 1e-030 1e-030 1e-030 1e-030 1e-030 1e-030 1e-030 1e-030 1.93974e-100 1e-030 1e-030 1e-030 2.77441e-032 1e-030 1e-030 1e-030 1 
1e-030 1e-030 1e-030 1e-030 1e-030 1e-030 1e-030 1e-030 1e-030 1e-030 1e-030 1e-030 1e-030 1e-030 1e-030 1e-030 1e-030 1e-030 1e-030 1e-030 1e-030 1e-030 1e-030 0.647059 1e-030 1e-030 1e-030 0.352941 1e-030 1e-030 1e-030 9.77056e-021 
1e-030 1e-030 1e-030 1e-030 1e-030 1e-030 1e-030 1e-030 1e-030 1e-030 1e-030 1e-030 1e-030 1e-030 1e-030 1e-030 1e-030 1e-030 1e-030 1e-030 1e-030 1e-030 1e-030 1.93048e-008 1e-030 1e-030 1e-030 2.16646e-111 1e-030 1e-030 1.55738e-047 1 
1e-030 1e-030 1e-030 1e-030 1e-030 1e-030 1e-030 1e-030 1e-030 1e-030 1e-030 1e-030 1e-030 0.0360994 0.0180497 1e-030 1e-030 1e-030 0.0360994 1e-030 0.0541491 1e-030 1e-030 0.288795 1e-030 1e-030 1e-030 0.0541491 1e-030 1e-030 0.252696 0.259963 
1e-030 1e-030 1e-030 1e-030 1e-030 1e-030 1e-030 1e-030 1e-030 1e-030 1e-030 1e-030 1e-030 1e-030 1e-030 1e-030 1e-030 1e-030 1e-030 1e-030 1e-030 1e-030 1e-030 1 1e-030 1e-030 1e-030 3.86292e-008 1e-030 1e-030 1e-030 1.38124e-195 
1e-030 1e-030 1e-030 1e-030 1e-030 1e-030 1e-030 1e-030 1e-030 1e-030 1e-030 1e-030 1e-030 1e-030 1e-030 1e-030 1e-030 1e-030 1e-030 1e-030 1e-030 1e-030 1e-030 0.00111789 1e-030 1e-030 1e-030 0.998882 1e-030 1e-030 1e-030 6.67652e-173 
1e-030 1e-030 1e-030 1e-030 1e-030 1e-030 1e-030 1e-030 1e-030 1e-030 1e-030 1e-030 1e-030 1e-030 1e-030 1e-030 1e-030 1e-030 1e-030 1e-030 1e-030 1e-030 1e-030 0.836845 1e-030 1e-030 1e-030 0.0523854 1e-030 1e-030 1.67782e-282 0.110769 
1e-030 1e-030 1e-030 1e-030 1e-030 1e-030 1e-030 1e-030 1e-030 1e-030 1e-030 1e-030 1e-030 1e-030 1e-030 1e-030 1e-030 1e-030 1e-030 1e-030 1e-030 1e-030 1e-030 1.07288e-033 1e-030 1e-030 1e-030 0.00542622 1e-030 1e-030 2.50782e-011 0.994574 
1e-030 1e-030 1e-030 1e-030 0.0220406 1e-030 1e-030 1e-030 1e-030 1e-030 1e-030 1e-030 1e-030 1e-030 1e-030 1e-030 1e-030 1e-030 1e-030 1e-030 1e-030 0.0220406 1e-030 0.418772 1e-030 1e-030 1e-030 0.0440813 1e-030 0.0220406 0.220406 0.250618 
1e-030 1e-030 1e-030 1e-030 1e-030 1e-030 1e-030 1e-030 1e-030 1e-030 1e-030 1e-030 1e-030 1e-030 1e-030 1e-030 1e-030 1e-030 1e-030 1e-030 1e-030 1e-030 1e-030 0.00770987 1e-030 3.89893e-285 1e-030 0.992286 1e-030 3.65066e-006 1e-030 1.76698e-315 
1e-030 1e-030 1e-030 1e-030 1e-030 1e-030 1e-030 1e-030 1e-030 1e-030 1e-030 1e-030 1e-030 1e-030 1e-030 1e-030 1e-030 1e-030 1e-030 1e-030 1e-030 1e-030 1e-030 0.46706 1e-030 4.99762e-083 1e-030 0.311173 1e-030 0.221768 1e-030 1.34945e-285 
1e-030 1e-030 1e-030 1e-030 1e-030 1e-030 1e-030 1e-030 1e-030 1e-030 1e-030 1e-030 1e-030 1e-030 1e-030 1e-030 1e-030 1e-030 1e-030 1e-030 1e-030 1e-030 1e-030 0.74803 1e-030 0.00291965 1e-030 0.200034 1e-030 0.0490166 1e-030 1.76734e-012 
1e-030 1e-030 1e-030 1e-030 1e-030 1e-030 1e-030 1e-030 1e-030 1e-030 1e-030 1e-030 1e-030 1e-030 1e-030 1e-030 1e-030 1e-030 1e-030 1e-030 1e-030 1e-030 1e-030 8.63729e-005 1e-030 0.0740705 1e-030 3.37878e-072 1e-030 3.23422e-180 8.02931e-015 0.925843 
1e-030 1e-030 1e-030 1e-030 0.0216343 1e-030 1e-030 1e-030 1e-030 1e-030 1e-030 1e-030 1e-030 1e-030 0.0216343 1e-030 0.0216343 0.064903 1e-030 1e-030 0.0432686 1e-030 0.0216343 0.324499 1e-030 4.24691e-059 1e-030 0.0432686 1e-030 4.09101e-196 0.281246 0.156277 
1e-030 1e-030 1e-030 1e-030 1e-030 1e-030 1e-030 1e-030 1e-030 1e-030 1e-030 1e-030 1e-030 1e-030 1e-030 1e-030 1e-030 1e-030 1e-030 1e-030 1e-030 1e-030 1e-030 2.95301e-233 1e-030 1e-030 1e-030 1e-030 1e-030 1e-030 1.7573e-028 1 
1e-030 1e-030 1e-030 1e-030 1e-030 1e-030 1e-030 1e-030 1e-030 1e-030 1e-030 1e-030 1e-030 1e-030 1e-030 1e-030 1e-030 1e-030 1e-030 1e-030 1e-030 1e-030 1e-030 1.49694e-160 1e-030 1e-030 1e-030 1e-030 1e-030 1e-030 1.12947e-017 1 
1e-030 1e-030 1e-030 1e-030 1e-030 1e-030 1e-030 1e-030 1e-030 1e-030 1e-030 1e-030 1e-030 1e-030 1e-030 1e-030 1e-030 1e-030 1e-030 1e-030 1.27139e-263 1e-030 1.47287e-307 8.11173e-146 1e-030 1e-030 1e-030 1e-030 1e-030 1e-030 5.27248e-011 1 
1e-030 1e-030 1e-030 1e-030 1e-030 1e-030 1e-030 1e-030 1e-030 1e-030 1e-030 1e-030 1e-030 1e-030 1e-030 1e-030 1e-030 1e-030 1e-030 1e-030 2.9595e-098 1e-030 3.01785e-143 5.93043e-032 1e-030 1e-030 5.99541e-187 5.86568e-233 1e-030 1e-030 0.0124186 0.987581 
1e-030 1e-030 1e-030 1e-030 1e-030 1e-030 1e-030 1e-030 1e-030 1e-030 1e-030 1e-030 1e-030 1e-030 1e-030 1e-030 1e-030 1e-030 1e-030 0.013249 0.013249 0.013249 0.013249 0.291477 1e-030 1e-030 0.013249 0.0529959 1e-030 0.013249 0.264032 0.312001 
