31 32 28 28 32 28 24 32 32 32 28 28 32 32 28 32 28 31 28 28 32 32 32 31 31 32 32 32 32 31 31 24 31 32 31 31 31 31 31 31 31 31 31 24 31 31 24 31 24 31 31 31 31 31 31 24 31 31 31 31 31 32 24 24 32 15 14 14 15 14 27 24 28 31 32 25 28 21 21 28 30 32 32 32 32 
25 24 32 32 28 10 28 28 28 28 28 32 28 28 28 32 32 32 32 32 31 31 32 32 24 32 31 31 31 31 31 24 31 31 31 24 31 31 24 24 24 31 31 31 31 31 24 24 24 24 24 32 32 32 32 28 28 24 22 28 30 30 32 28 28 28 32 32 32 21 32 32 32 32 28 32 25 28 32 24 32 32 32 32 32 
28 28 28 28 28 32 24 28 28 24 24 32 32 28 24 24 24 28 28 24 24 28 24 32 32 32 32 32 32 32 32 32 32 32 32 32 32 32 32 31 31 31 31 31 31 31 31 31 31 31 31 31 31 31 31 31 31 31 31 31 31 31 31 31 21 14 14 31 21 19 21 18 21 28 28 28 31 32 24 28 28 28 31 31 28 
32 32 32 32 21 32 32 32 32 28 32 32 32 32 32 24 24 31 24 24 32 32 28 32 32 32 32 32 32 31 31 31 31 31 31 31 31 24 31 31 31 24 24 24 24 31 31 24 24 24 24 24 24 24 24 24 21 32 32 30 18 22 20 17 17 21 15 24 24 24 28 22 24 24 30 28 24 24 24 24 24 24 24 24 24 
31 32 24 24 24 24 28 24 24 24 24 24 24 28 28 24 24 24 24 28 24 24 32 24 24 24 24 28 24 28 28 31 32 32 32 32 32 32 32 31 31 31 31 31 31 24 31 24 31 31 31 31 31 31 31 31 31 31 24 24 24 24 24 21 32 32 32 17 18 18 19 16 17 26 20 24 24 24 24 24 28 24 24 24 24 
32 24 24 28 28 32 24 32 24 24 24 24 32 32 32 32 24 32 28 32 28 28 24 28 28 28 24 24 24 24 24 24 24 28 26 28 32 32 32 32 32 32 31 32 32 31 31 31 31 31 31 31 31 31 31 31 31 24 31 31 31 31 31 31 31 31 31 31 24 24 24 24 14 32 15 31 21 19 19 17 26 21 17 18 31 
30 24 28 28 24 31 32 24 24 24 28 24 24 24 24 24 24 24 24 24 24 24 24 24 30 28 24 24 24 24 24 24 28 24 24 24 32 32 32 32 32 32 32 32 32 32 32 31 31 31 31 31 31 31 31 31 31 31 31 31 24 24 31 31 24 31 31 24 24 24 32 32 24 24 19 22 24 24 24 21 21 19 20 20 20 
24 32 24 24 24 24 32 24 24 24 24 28 24 24 28 24 24 24 24 24 24 28 28 24 30 27 32 32 32 32 32 32 32 32 32 31 31 31 31 31 31 31 24 24 31 31 31 31 31 31 31 31 31 24 24 24 24 31 24 24 32 24 24 32 32 14 14 17 21 19 18 21 19 25 24 24 24 24 24 24 24 24 24 28 24 
24 32 32 30 32 32 32 32 32 28 32 32 28 32 28 32 32 32 31 32 31 31 32 32 32 32 32 32 32 32 32 32 32 32 32 31 31 31 31 31 31 31 31 31 24 31 31 31 31 31 31 31 31 31 31 32 24 31 32 31 19 32 32 32 32 32 32 24 32 32 31 32 28 32 32 32 32 32 32 32 32 28 32 28 32 
32 28 32 32 24 32 32 28 32 32 31 28 28 28 31 32 28 32 32 30 32 32 32 32 32 32 32 32 32 32 32 32 32 31 31 31 31 31 31 31 31 24 24 24 24 24 24 24 24 24 24 24 31 31 24 24 32 32 32 31 29 14 8 15 32 15 30 28 30 21 25 24 24 24 31 31 31 31 31 32 31 24 31 31 31 
28 28 28 24 28 28 28 24 28 24 28 28 24 24 24 24 24 24 24 28 24 29 4 32 32 32 32 32 32 32 32 32 32 32 31 31 32 31 31 31 32 31 31 24 31 31 31 31 31 31 31 24 31 32 32 31 17 5 5 14 8 8 16 17 18 18 24 25 24 24 24 24 24 24 24 24 24 24 24 24 24 28 24 24 24 
22 28 28 19 20 28 28 28 28 28 28 28 28 28 28 28 24 24 24 28 28 24 10 10 10 32 10 32 28 28 28 28 32 28 28 28 28 28 28 28 28 32 32 31 32 32 31 31 31 31 31 32 32 31 31 31 31 24 24 24 24 24 31 24 32 31 32 17 5 15 15 16 6 28 30 28 30 30 27 17 28 28 28 28 24 
24 24 24 24 28 28 28 28 28 30 30 28 28 24 24 24 24 24 28 28 28 32 32 32 32 32 32 32 32 32 32 32 32 32 32 31 31 32 31 31 31 31 31 31 32 31 31 32 24 24 24 24 24 32 32 14 23 32 29 21 22 21 18 21 22 22 24 22 24 24 24 24 28 24 28 24 24 24 28 28 28 28 21 18 24 
31 32 32 24 28 32 28 28 30 28 28 28 28 24 32 24 32 24 24 24 31 24 24 32 28 28 32 32 32 32 32 32 32 24 31 31 31 31 31 31 31 31 31 31 31 31 24 31 31 31 24 24 32 24 24 24 24 31 32 31 32 31 18 31 25 18 17 17 19 21 19 16 17 24 24 28 24 30 28 28 28 24 24 32 32 
32 24 32 24 24 28 22 28 28 24 28 28 32 22 28 28 24 24 24 28 24 28 24 18 32 24 24 15 32 32 32 32 32 32 32 32 32 32 31 31 31 24 24 24 24 31 24 31 31 31 31 31 24 31 31 31 24 24 31 32 24 24 24 24 24 32 24 31 15 31 31 21 17 17 20 20 22 22 24 24 28 28 28 28 28 
32 24 28 28 24 24 24 28 28 24 24 32 24 24 24 24 24 24 24 24 24 28 24 26 18 31 32 32 32 32 32 32 32 32 32 31 31 31 31 31 31 31 31 31 31 31 31 31 31 31 31 31 31 24 24 31 31 31 32 24 32 24 32 32 32 32 32 31 15 17 17 17 18 21 19 21 16 18 21 28 24 28 28 24 24 
28 28 24 30 31 32 24 31 31 24 30 31 28 28 28 24 24 24 24 24 28 24 24 24 24 24 24 24 20 17 30 24 24 24 24 24 24 28 24 24 24 28 28 24 24 32 32 32 32 32 32 32 32 32 32 32 32 32 31 31 31 31 31 31 31 31 31 31 31 24 31 31 31 31 24 24 24 31 32 32 31 32 32 32 31 
24 28 24 28 24 28 22 24 24 28 28 24 28 32 29 24 24 21 21 28 28 22 24 24 28 24 24 24 24 28 22 24 24 24 24 24 24 28 24 22 24 22 24 22 24 24 24 32 32 32 32 32 32 32 32 32 32 31 31 31 31 31 31 31 24 31 31 31 31 31 31 31 31 31 31 32 31 31 24 24 24 32 32 31 31 
28 28 24 24 22 22 22 22 24 22 24 24 22 24 24 24 22 22 22 21 21 21 21 21 18 24 22 24 24 32 32 32 10 32 32 32 32 32 32 32 32 32 31 31 31 31 31 31 31 31 31 31 24 32 32 31 24 24 31 31 31 31 24 24 24 24 19 14 14 5 5 4 4 15 22 22 22 22 22 22 22 18 22 20 22 
22 24 22 22 24 32 32 19 28 22 24 22 24 20 20 22 24 24 22 28 24 28 28 24 22 24 24 24 24 24 22 24 24 24 25 28 32 32 32 32 32 32 32 32 32 32 31 31 31 31 31 31 31 31 31 31 31 31 31 31 32 32 31 31 24 31 32 24 24 32 32 32 32 32 27 14 14 17 8 20 19 20 22 20 24 
24 24 24 24 24 28 22 10 32 32 15 15 15 15 32 32 32 32 32 31 31 24 24 31 31 31 31 31 31 31 31 31 31 31 31 31 31 31 31 31 31 32 32 24 24 24 24 16 27 28 32 32 32 24 24 24 24 24 24 24 24 28 32 32 28 32 28 32 28 32 24 28 24 24 24 32 32 28 24 32 31 18 31 24 24 
28 24 24 32 32 32 32 32 32 24 32 24 24 21 28 24 28 24 30 24 28 24 24 24 24 24 28 24 30 28 24 24 30 24 24 24 28 24 24 24 24 28 24 24 24 24 24 24 24 32 32 32 32 32 32 32 32 32 32 32 32 31 32 31 32 31 31 31 31 31 31 31 31 31 31 31 31 31 32 31 31 31 31 31 32 
28 19 28 28 19 28 28 28 28 28 28 32 28 24 24 28 24 24 32 32 32 32 32 32 32 32 32 32 32 32 32 32 31 24 31 32 31 32 32 32 31 32 24 32 24 32 32 24 32 32 32 32 32 5 31 29 17 14 21 18 19 17 28 25 28 25 24 24 28 24 24 32 24 32 24 32 24 32 32 24 24 24 24 24 24 
24 28 24 24 32 28 28 28 28 28 28 19 32 24 24 24 24 28 24 24 32 32 32 32 32 32 32 32 32 32 32 31 32 32 31 32 24 24 31 31 31 31 31 24 31 24 24 24 24 24 32 24 24 22 19 32 17 14 14 19 21 24 25 30 24 28 28 28 31 28 28 28 28 28 28 24 24 28 30 28 28 24 24 32 32 
22 28 28 28 24 28 28 24 24 32 24 28 28 24 24 24 24 32 32 32 32 32 32 32 32 32 32 32 31 31 31 31 31 31 31 31 31 31 24 31 31 31 31 31 31 31 24 31 31 32 32 32 32 32 32 32 32 32 14 16 16 16 21 16 19 21 30 30 28 24 32 24 28 24 24 24 32 28 24 24 24 24 24 24 24 
24 24 28 28 28 24 32 24 32 28 24 24 24 24 32 32 32 32 32 32 32 32 32 24 32 32 32 31 31 31 24 31 31 24 24 24 31 24 24 31 31 31 31 31 24 32 24 24 24 32 31 22 15 16 5 8 14 14 17 17 21 16 24 24 28 24 24 24 24 24 28 24 32 24 24 28 24 32 28 24 32 24 28 24 24 
24 32 28 24 28 28 24 24 24 28 28 24 24 24 24 28 24 24 24 32 32 32 32 32 32 32 32 32 32 32 24 31 32 32 31 31 24 32 24 24 32 31 31 31 31 31 31 31 31 32 32 31 31 24 14 32 32 14 15 21 21 24 24 19 19 21 31 32 24 28 32 24 24 32 32 24 32 24 24 28 24 32 24 28 24 
24 24 24 28 28 28 24 24 24 24 24 24 24 24 24 24 24 24 32 24 32 24 24 24 28 32 32 32 32 32 32 32 32 32 32 32 32 32 32 32 31 31 31 31 31 31 31 32 31 32 32 32 24 24 32 32 32 24 24 24 24 32 32 24 31 24 5 32 32 31 30 28 24 22 24 24 24 24 24 24 24 28 24 24 24 
28 28 24 30 28 24 24 24 28 24 28 30 24 24 24 24 24 24 28 28 24 24 24 24 24 24 26 32 32 32 32 32 32 32 32 32 32 32 32 24 31 31 31 32 31 31 31 31 31 32 31 32 32 31 31 32 31 32 24 24 24 24 24 24 32 31 15 5 17 23 18 18 18 21 21 28 28 24 24 24 24 24 24 24 24 
32 32 32 32 32 32 32 32 32 32 31 31 31 31 32 31 31 31 31 31 31 31 31 31 31 31 31 31 31 32 24 24 32 24 21 23 27 32 32 28 28 20 22 24 24 24 24 24 24 28 30 32 32 24 32 24 32 32 24 32 32 32 24 28 32 24 32 32 24 32 32 32 24 32 31 24 24 32 32 24 24 32 31 24 24 
