4.161410 0.519558 -0.721680 4.117821 3.309124 2.083295 4.417895 0.337187 0.112122 -0.348816 0.509718 0.112910 
4.415278 -0.179541 -0.738474 3.340449 4.862218 1.176323 4.121811 0.703301 -0.307653 -0.007076 0.205726 0.229474 
3.496174 -0.370302 -0.902491 2.067097 3.647477 2.765429 3.836925 0.647360 -0.641193 0.172291 0.354922 0.131259 
4.280442 0.401817 0.030598 2.545866 2.547715 2.158850 4.113651 1.196858 -0.750171 -0.171516 0.321862 0.157965 
4.204539 -0.619354 -2.584088 2.564875 5.830646 1.159371 3.140339 0.287676 0.533984 -0.182127 0.051205 0.223327 
4.261861 0.070196 -2.593444 1.158954 5.579377 1.536496 3.076534 0.823572 0.373822 -0.018892 -0.155108 0.182923 
3.250060 -0.560953 -1.455135 1.787840 4.735167 2.360113 2.391248 0.324365 0.403671 -0.086496 0.195487 0.116538 
-0.250925 -2.071039 -0.730793 1.106931 3.202651 1.657596 2.069855 -0.322485 0.016229 0.345938 0.296300 0.042238 
2.974435 0.930155 3.357826 1.830419 1.439323 4.039148 3.561673 -0.116274 -0.207023 0.172096 -0.109254 0.091462 
2.181233 0.029761 2.028325 1.829788 1.714821 3.164266 3.626435 -0.154573 0.478039 -0.396086 0.048991 0.164382 
3.169249 0.595860 3.294646 1.615850 2.098867 3.533883 3.031794 1.070108 -0.246442 0.256462 -0.172163 0.049684 
2.966423 1.417636 2.590583 1.849331 1.306879 2.709709 2.535703 0.457889 0.087540 0.239024 -0.088926 0.017380 
4.106025 0.140399 -0.304370 3.162180 3.804114 1.923994 3.338576 1.257042 -0.249076 -0.085838 0.155429 0.173290 
3.127010 0.559984 -0.230055 1.907075 3.390568 2.659866 2.441536 0.836850 0.124670 -0.085032 0.148644 0.106822 
3.476062 1.478383 0.900519 1.947771 2.518005 2.584802 2.819324 1.240835 -0.198124 -0.216647 0.208273 0.133171 
3.231699 1.670729 1.132160 1.785846 2.377474 2.258545 2.058392 0.908644 0.052382 -0.128979 0.198770 0.091449 
0.425010 -1.151105 -0.133937 2.069171 4.298473 1.632532 2.514630 0.526849 -0.430184 0.570057 0.302980 -0.004449 
0.710956 -0.366878 0.666731 3.089504 3.987054 1.340396 1.780624 1.163135 0.192542 0.523766 0.339923 -0.011636 
0.547437 -2.306507 3.194899 3.938192 1.167886 0.538995 2.953550 1.158105 0.614633 -0.057231 0.063619 0.117365 
0.822433 -1.583362 1.727626 2.915570 2.645748 1.473446 2.477311 0.237091 0.673755 -0.165778 -0.014879 0.138133 
3.362012 2.907236 3.111739 3.049843 2.367361 1.900436 1.959473 1.272996 0.434145 0.336922 0.241131 0.061510 
2.978622 2.386110 2.206455 1.872977 1.872077 1.580588 1.329208 0.906992 0.570308 0.365075 0.229147 0.047581 
4.164999 2.700374 0.700941 0.429135 1.692912 0.815346 1.969947 0.760773 0.570441 -0.335877 -0.001375 0.001670 
2.035382 1.257463 1.439841 0.861331 1.145018 0.759874 0.741031 0.483073 0.369284 0.234280 0.192302 0.032239 
2.648744 3.025458 3.797150 0.063652 4.095795 1.484048 0.587618 1.813030 0.152765 0.688844 0.227489 0.037887 
4.280312 4.344203 3.535037 2.233874 3.839904 -0.411296 1.190226 0.028808 0.076915 -0.030415 -0.241411 0.002337 
4.415169 2.213012 -0.406785 0.506518 3.869769 0.291824 2.525073 0.793052 0.357137 -0.098475 -0.114943 0.135048 
4.866416 4.299853 2.099369 0.730803 2.219518 -0.424080 1.751715 -0.570883 -0.919712 -0.636428 -0.205594 0.059110 
4.308938 4.135378 3.886674 2.964989 1.902063 0.593240 0.056348 -0.376081 -0.472200 -0.150078 -0.131117 -0.061776 
3.962511 3.203983 2.290211 1.642332 1.373186 0.648039 0.432538 -0.010448 -0.297227 -0.245553 0.038587 -0.007797 
4.095485 3.934637 3.841344 2.531129 2.758976 1.332369 0.531028 0.721204 -0.614364 -0.231285 0.045412 -0.055994 
3.516228 3.228937 2.900271 2.325394 1.986354 1.065616 0.748988 0.325975 0.069792 0.070152 0.026649 -0.008951 
