0.740898 0.026528 -1.140837 1.018636 2.700244 4.087016 3.060135 1.707711 -0.990153 -0.051715 1.273057 -0.468164 
0.645121 0.043246 -1.084453 1.154415 2.770164 3.809034 2.925219 1.560232 -0.855517 0.043949 1.118958 -0.456364 
0.681992 0.120493 -0.534751 0.870027 2.486776 3.502066 3.004094 1.589436 -0.193869 0.280984 1.220733 -0.599495 
0.710133 0.251444 -0.154336 0.713502 2.140579 3.264776 2.752690 1.423928 0.180766 0.411520 1.118539 -0.598585 
1.001633 0.360533 0.285682 0.259812 1.348664 3.575695 2.623360 1.138933 0.622491 0.403283 1.335377 -0.607148 
0.497918 0.542204 0.403824 0.293884 2.068376 2.927286 2.696415 1.000816 0.795523 0.884738 0.927358 -0.673851 
0.588191 0.427597 -0.205150 1.123980 1.882385 3.037166 2.306163 1.762535 0.164978 0.675608 0.940577 -0.607179 
0.613473 0.507780 0.075376 0.975720 1.926847 2.517279 2.336587 1.534721 0.411366 0.691312 0.889359 -0.585863 
0.530319 0.616162 0.379726 0.863911 1.785097 2.356257 2.288168 1.533222 0.927778 1.105066 1.026038 -0.742295 
0.147667 1.294869 0.879638 0.100057 2.384325 0.991132 2.929194 0.452895 1.642288 2.005348 0.631587 -0.754118 
0.823723 0.500319 0.318086 0.785695 1.534179 2.700399 2.200087 1.496913 0.782766 0.780761 1.225539 -0.664736 
0.900624 0.507427 0.663039 0.813634 1.365047 2.328357 1.872245 1.306022 1.048488 0.763370 1.225318 -0.621351 
0.557913 0.526595 0.525309 1.250418 1.672541 1.836479 1.941896 1.765536 1.086273 0.998171 0.957817 -0.697526 
0.639734 0.451050 0.644438 1.255772 1.655451 1.679636 1.858230 1.635739 1.044897 0.753412 0.889075 -0.601573 
0.927665 0.755167 0.502091 0.911949 1.518123 1.862818 1.746004 1.146697 0.452934 0.512283 0.838812 -0.412491 
0.879459 0.791975 0.804517 1.121052 1.348603 1.434474 1.414495 1.164970 0.746061 0.680929 0.852069 -0.439910 
0.938521 0.903870 0.917764 1.145566 1.317041 1.392916 1.211664 0.932665 0.522996 0.429132 0.598504 -0.304113 
0.937332 0.978697 1.039954 1.214410 1.285188 1.298984 1.080199 0.818041 0.469464 0.377119 0.484977 -0.254511 
0.909581 0.957480 1.040170 1.248978 1.222007 1.156498 1.072270 0.911054 0.620630 0.524248 0.605849 -0.314293 
0.922093 1.044301 1.096311 1.244913 1.188027 1.105041 0.959227 0.804614 0.575284 0.547169 0.602966 -0.300233 
0.914660 1.008053 1.129299 1.292953 1.209668 1.109582 0.988245 0.801085 0.543230 0.433370 0.483845 -0.259918 
0.961624 1.100470 1.152366 1.267802 1.165558 1.001868 0.858813 0.695130 0.481583 0.459422 0.524068 -0.252908 
0.965144 1.040154 1.134708 1.263192 1.201630 1.049117 0.939108 0.741366 0.456130 0.370031 0.461204 -0.232725 
0.999918 1.109628 1.144887 1.302790 1.165851 0.949256 0.823996 0.613999 0.349353 0.336292 0.455255 -0.208652 
1.023775 1.019962 0.973836 1.112646 1.233070 1.368778 1.071343 0.697247 0.323667 0.328598 0.536444 -0.238830 
1.001711 1.030586 1.089192 1.192729 1.220360 1.160356 0.975932 0.710677 0.386957 0.313210 0.443707 -0.217204 
0.926995 1.063646 0.999853 1.072926 1.255642 1.024804 1.099620 0.746136 0.409645 0.266712 0.419853 -0.216207 
0.914077 1.103266 1.073493 1.063378 1.225709 0.979693 1.028275 0.698643 0.422514 0.346232 0.380237 -0.211778 
0.909385 1.043922 1.010534 1.129246 1.272387 1.128968 1.094646 0.764555 0.327189 0.196964 0.340770 -0.187962 
0.901437 1.057280 1.014210 1.058274 1.298466 1.025142 1.131131 0.732121 0.368897 0.202734 0.345913 -0.191357 
0.879474 1.048889 0.999947 1.073452 1.335335 1.065341 1.164293 0.745216 0.312039 0.125725 0.286599 -0.168338 
0.853565 1.083608 0.965807 1.100172 1.273685 1.026641 1.149571 0.707702 0.374741 0.094755 0.310992 -0.173127 
