-0.982309 -3.69374 -3.89263 3.95312 1.06778 -1.13985 1.138 0.58018 0.0096383 -0.72806 0.104591 0.0384283 
0.355625 -3.65962 -1.1112 4.05623 2.0501 -0.443154 0.746357 0.866941 -0.379832 -0.849518 0.242892 0.10943 
1.07662 -1.90006 0.133122 4.32575 0.485692 -3.74302 0.57834 1.60844 0.625675 -1.19086 -0.103967 0.0428981 
2.28779 -1.54244 -0.219073 3.8182 4.13815 0.978604 0.0674714 0.529656 0.766051 -0.0927556 0.195756 0.114375 
2.17204 -1.6974 0.854773 3.61301 3.68586 0.978038 1.70251 0.937741 0.155706 -0.00181292 0.113622 0.158944 
2.11582 -0.344728 -0.196433 -0.103232 2.31291 1.13974 1.36057 -0.916088 -0.320827 -0.0681425 0.139601 0.124877 
2.19925 -0.457667 0.894646 -1.08247 1.91429 1.36271 1.10364 -0.900275 -0.211987 -0.0543246 0.127171 0.172663 
2.04168 0.110709 -0.0122109 -0.298708 0.961203 0.397185 1.13534 0.219406 0.500155 -0.572102 -0.120729 0.0410627 
1.54388 -0.173982 -1.46141 -2.79356 1.94095 1.82685 2.73571 -1.06606 -0.528387 -0.840573 -0.346146 0.0716991 
1.75438 0.265888 2.00154 -0.641474 0.335957 -0.448976 0.626816 -0.516583 0.604901 0.0906501 -0.151965 0.00323414 
1.69441 0.930808 1.63792 -0.253813 0.663025 -0.273651 0.865365 -0.797781 0.617033 -0.113724 -0.022931 0.0449327 
1.37987 0.580934 0.910343 -0.964357 0.984987 -0.118208 0.753956 -0.197308 0.653024 -0.144399 -0.0474315 0.0589131 
1.30181 0.921008 1.51871 -1.17082 0.48232 -0.765308 1.26634 -0.0327888 0.46996 0.116924 -0.0319115 0.00160712 
1.34431 0.759667 1.40038 -0.786763 0.512411 -0.785671 0.675089 -0.684971 0.368218 0.24739 -0.0857581 0.00842469 
1.42009 0.686781 1.27897 -0.62442 0.444282 -0.87476 0.713226 -0.179584 0.789765 0.00527737 -0.0576556 -7.49846e-005 
1.42252 0.930408 1.31068 -0.86011 0.643318 -0.0876736 1.49392 -0.0186579 0.156813 0.0310314 0.120543 0.0144323 
1.72694 0.889506 1.68599 -0.137409 0.447221 -1.09155 0.761113 -0.0304306 0.256568 0.464533 -0.212161 0.0678379 
1.23888 1.05151 1.47984 -0.663345 0.817619 -0.213338 0.619936 -1.15178 0.476834 0.221965 0.00967189 0.0260647 
1.29205 0.441784 1.13856 -0.135788 0.651196 -0.516792 0.574269 -0.196356 0.884893 -0.345282 -0.171107 -0.0180597 
1.63794 -0.338837 1.46336 0.159586 1.47245 -0.154667 0.106935 0.323282 1.19303 0.158604 -0.0605534 0.0581411 
1.35773 0.0173498 1.51918 0.502821 1.20578 -0.17603 -0.495129 -0.127689 1.62262 0.305933 -0.185951 0.125629 
1.31745 -0.127637 1.46189 0.169413 1.06592 -0.00158525 0.312763 -0.295607 1.11994 0.178028 -0.0754928 0.0678414 
1.22852 1.25724 1.49446 0.860399 1.48849 1.33912 1.75363 0.525957 0.512187 0.469895 0.405266 -0.0179444 
2.58078 2.21956 1.87561 1.83771 1.41053 1.38688 1.133 0.774433 0.9498 0.346618 0.441323 0.0495998 
3.30956 3.16148 2.95064 2.69614 2.34472 2.08971 1.74445 1.25093 0.757771 0.448441 0.378393 0.100323 
3.11395 2.5483 2.32806 2.30663 2.04019 1.56137 1.25431 0.971903 0.579991 0.351639 0.346976 0.0675886 
3.17783 2.45518 2.24849 2.35875 2.06042 1.50808 1.25358 1.05515 0.651793 0.39238 0.392493 0.0762289 
3.31059 2.36292 2.18725 2.43891 2.48562 1.38847 1.04696 1.11498 0.56478 0.110015 0.40436 0.0763602 
4.0519 2.34875 1.4567 2.07247 2.49525 1.10603 0.458817 -0.355067 -0.435181 -0.152541 0.617013 0.137559 
4.6958 1.95246 0.744864 1.82061 2.16763 1.18991 0.857508 0.263497 -0.326031 -0.566283 0.443031 0.21376 
4.51971 2.12126 0.410453 1.01875 2.21671 1.12417 1.37427 0.880131 -0.0713524 -0.0131089 0.278649 0.137878 
3.90984 2.20285 1.1159 1.41902 0.99853 0.18134 1.32927 2.07678 1.1663 0.358362 0.333094 0.0823913 
4.70025 2.3671 0.720054 1.4088 0.881755 0.546001 1.68127 2.58725 1.21724 0.238053 0.0164345 0.0133573 
4.80259 2.55325 0.467471 0.426538 0.799643 1.45653 2.29222 2.14489 0.961823 0.310103 -0.103369 -0.0538235 
4.97837 3.15952 0.769034 0.194761 1.38765 2.51999 2.59176 1.8787 1.0441 0.374477 -0.136865 -0.0523593 
3.96968 2.34722 0.790682 0.510216 1.42268 2.43231 2.74758 2.18833 1.14857 0.2512 -0.143745 -0.0254381 
3.72835 2.7231 1.18781 0.924272 1.03494 2.09122 2.45645 2.2778 1.2842 0.32643 -0.00954507 -0.00947395 
3.68807 3.109 1.7692 0.879101 0.576101 1.47265 2.09263 2.1256 1.28446 0.338981 -0.0886144 -0.0399812 
3.31692 2.49932 1.53849 0.78889 0.84542 1.57999 2.39609 2.34141 1.58597 0.578429 -0.000602037 -0.011012 
3.58257 2.70143 1.49269 0.593435 0.604852 1.54092 2.41035 2.39169 1.58904 0.634943 0.0515058 -0.0197487 
4.28653 2.76867 1.01609 -0.403564 1.22215 2.03672 2.28791 1.67635 1.66739 0.669383 -0.00133961 -0.0342819 
3.10532 -1.34963 -1.35857 1.13424 3.43427 1.94378 2.91261 1.47209 -0.162653 -0.424636 0.230649 0.0733754 
4.46606 -1.20887 -1.62602 4.30343 4.90238 0.494829 2.49774 1.85001 0.282155 -0.59205 -0.0218641 0.263997 
4.22424 -1.36028 -1.65601 4.06733 5.16666 0.616958 2.65283 1.8335 0.373765 -0.432406 -0.0366091 0.265787 
5.4271 -0.503961 -2.29795 2.73861 4.60722 0.949244 2.79256 1.51055 0.232739 -0.703172 -0.102652 0.24644 
5.32336 0.600222 -1.60083 1.92363 3.04506 1.19713 2.35111 1.90807 0.548606 -0.619378 -0.212876 0.146891 
3.24838 1.44904 0.935282 2.10781 2.93657 2.46132 2.14331 1.83661 0.680668 -0.214654 -0.00801364 0.119331 
3.09241 1.69844 0.973027 1.61567 2.21765 1.88864 1.60056 1.1464 0.401741 -0.0839646 0.0359944 0.0607913 
4.84703 0.641435 -0.86809 2.68274 4.25348 1.91971 1.70563 1.72459 0.30279 -0.340352 -0.205771 0.14395 
3.46775 1.06949 0.409119 2.42058 3.75772 2.68863 1.84603 1.46554 0.423498 -0.502669 0.0505523 0.183986 
3.58631 1.52161 0.932819 2.53835 3.48147 2.61622 2.06108 1.88271 0.619531 -0.526436 -0.0461187 0.152256 
4.75214 1.25614 0.00463833 2.02079 4.13216 2.47196 1.88344 1.77271 0.46513 -0.200392 -0.113795 0.11787 
5.86108 -1.438 -0.719559 4.73944 4.20446 1.97635 2.72073 0.936225 -0.259287 -0.112009 0.40456 0.151772 
3.95428 -0.0968853 -0.0407432 3.43867 3.55867 2.44677 2.727 1.02963 -0.84584 0.184403 0.300125 0.160685 
3.94505 0.697645 0.248953 3.27027 4.10103 2.6485 1.76029 0.625315 -0.380615 0.182067 0.286636 0.157219 
5.35634 0.0749665 0.848886 4.88248 4.9193 0.598583 3.12331 0.417375 0.00187749 -0.311052 0.173929 0.159753 
4.95631 1.5243 1.59494 2.71023 4.85881 -0.376655 1.64072 0.916215 -0.493828 -0.367605 -0.233079 0.153033 
4.90677 1.67782 3.52304 0.651479 4.9231 0.749897 2.48509 0.393514 -1.42571 -0.150054 -0.151009 0.217035 
4.50237 3.29901 2.06423 0.731721 3.43584 1.64576 2.35405 -0.702124 -1.35745 0.116422 -0.0648325 0.116241 
2.28046 3.6407 1.82455 0.543201 3.22615 2.0723 2.16058 -0.076992 -0.979406 -0.306617 0.219965 0.0504369 
3.19677 2.47625 1.10315 2.43787 4.21931 1.24788 2.12242 1.2408 -0.464972 -0.757457 0.311956 0.148501 
3.39929 1.77463 1.6488 2.06821 4.13329 2.3934 1.55439 1.14408 -0.245488 -0.27428 0.131622 0.103812 
3.11359 1.895 1.77969 2.64737 2.48369 1.583 1.45739 1.23756 0.456062 -0.090716 0.0796132 0.060912 
3.12406 1.71517 1.97942 3.17735 2.68598 1.28095 1.02201 1.15693 0.490161 -0.00465084 0.18575 0.0650657 
2.97536 2.30153 2.33459 2.60545 2.08787 1.23975 1.17477 1.24898 0.728713 0.181793 0.129537 0.0520961 
2.93271 2.50562 2.29569 2.08644 1.86827 1.52736 1.19781 0.957636 0.675534 0.422133 0.212177 0.053027 
3.41961 3.14759 3.04781 2.81051 2.57508 2.0674 1.58026 1.20249 0.764102 0.447241 0.179555 0.0702188 
3.43774 2.98725 3.05538 3.61674 3.24371 2.09091 1.49252 1.43617 1.00756 0.312464 0.0961286 0.0652118 
3.41272 3.26179 2.95063 2.81598 3.10179 2.43373 1.60129 1.25988 0.818056 0.42489 0.210974 0.077197 
3.36217 1.66132 1.82761 2.70898 3.30797 2.67833 0.525339 -0.220056 0.11108 1.22303 0.780582 0.0602974 
2.65867 1.17927 1.72677 2.63663 2.26637 2.02597 1.4994 0.160023 0.258181 0.785857 0.762156 0.0295115 
2.6289 1.43373 1.64151 2.07833 2.66714 2.49133 1.16055 0.440513 0.629342 0.709009 0.760369 0.0569396 
2.20696 1.47603 2.09847 2.11338 2.07999 1.52795 1.75304 0.841615 0.900252 0.59181 0.432461 0.0396992 
1.57363 1.32678 1.96176 0.876244 2.27528 1.97627 1.03985 0.466325 0.280522 0.352414 0.437198 -0.0112656 
1.5027 1.02081 1.58672 1.26413 2.02839 1.28429 1.18477 0.914791 0.672556 0.746226 0.428806 -0.0802538 
1.40708 1.08309 2.12195 1.25785 1.07715 0.478601 1.53942 0.884703 0.920366 0.0699403 0.268682 0.00382297 
1.51746 1.19478 1.66558 0.847984 1.89451 0.846403 1.51114 0.734984 1.1683 0.433197 0.106064 0.00638761 
1.48565 0.604015 2.02049 0.853166 2.33236 0.490458 0.944347 1.08405 0.842936 0.00749761 0.2624 0.0216136 
1.05217 0.620131 1.27364 1.16665 1.55922 0.679187 1.60689 1.12606 0.767078 0.551876 0.125356 -0.0802315 
1.26591 1.10267 1.65764 0.723853 0.95611 0.255263 1.13065 0.521643 0.851175 0.119522 0.181424 0.0323808 
1.2711 0.769672 1.37948 0.0730544 1.00098 -0.252793 1.32355 0.509468 0.836674 0.199077 0.230516 0.0272948 
0.961251 0.858886 1.46531 0.587482 0.428544 0.302184 0.732869 -0.25029 0.372658 0.309968 0.0742828 0.0117872 
1.06795 0.296796 1.31113 0.809192 0.797364 0.320186 0.245095 0.560268 0.687283 -0.388118 0.258262 0.03464 
0.814432 0.279394 0.979355 -0.296365 0.502823 0.273274 0.637707 -0.190333 0.0365514 0.0448476 0.151839 -0.0189485 
0.812335 0.686762 1.01148 -0.262398 0.0363583 0.153652 0.521905 0.116735 0.738688 -0.018451 -0.158446 0.079421 
