1.74719 0.204454 1.70803 -0.497537 0.753515 -0.340668 0.410353 0.170022 -0.132511 0.059741 -0.0266652 0.0248927 
1.64326 0.588959 1.17876 0.2254 1.00386 0.0427733 0.7664 -0.516095 0.0906726 -0.133963 0.130978 0.00586462 
1.60638 0.150617 1.43911 -0.0803072 1.14432 -0.267642 0.893629 -0.240267 -0.0418815 0.0308372 0.073526 -0.00438352 
1.35133 0.329181 0.826324 0.124777 0.449356 -0.407049 0.806827 -0.458691 0.0990305 -0.086488 0.335666 -0.0181822 
1.52165 -0.110944 1.30425 0.118104 0.0112124 -0.441286 0.78517 -0.483446 0.0646347 -0.141494 0.00112815 0.0508214 
1.69287 0.250497 0.915402 0.123487 0.844092 -0.0216896 0.378975 -0.374352 0.048743 -0.622639 0.193864 0.0810002 
1.71952 -0.167295 1.28447 -0.385789 0.857496 0.0257446 0.729638 -0.435408 0.146544 -0.107943 0.231412 0.0818614 
1.71386 0.138349 1.07764 0.276893 0.666889 -0.725971 0.365559 -0.365653 -0.169865 0.0605205 0.209456 -0.0183094 
1.86923 0.273403 1.24577 -0.351406 0.922118 0.610607 0.395571 -0.119051 0.456484 0.136099 0.0587978 0.0106749 
1.51515 0.413368 1.27205 -0.388313 0.531619 -0.267979 1.37034 -0.476925 0.27758 -0.0671689 -0.0482577 0.0247461 
1.90996 0.165738 1.26454 0.050586 0.438097 -0.0185072 1.45928 -0.707405 0.338455 0.183191 -0.0275251 0.0293237 
1.94905 0.428203 0.917493 0.358451 0.966317 -0.532003 1.32766 -0.286917 -0.107757 -0.0837875 0.00609731 0.0700533 
1.38535 0.0125747 1.09588 -1.11177 1.05509 -0.386421 0.395992 0.229844 0.330815 -0.176166 -0.276225 0.00736618 
1.88864 0.375169 0.842858 0.220634 0.569912 0.0672445 0.627554 -0.448075 -0.154727 -0.659237 0.338773 0.0819502 
1.65009 0.80633 0.722979 -0.648848 0.534254 -0.596319 -0.129023 -0.511694 -0.0692175 -0.19821 0.365993 0.0517504 
1.50659 0.421821 0.734236 0.160078 0.942671 0.308813 0.442277 -0.373899 0.299643 -0.187916 0.197283 0.0522917 
1.8493 0.550677 1.21438 -0.144317 0.646914 -0.68307 1.24077 -0.685107 0.0325048 0.0219441 0.195356 -0.00318233 
1.9588 0.444007 1.38583 0.121502 0.952693 -0.640108 0.953567 -0.19486 -0.431925 0.689065 -0.0347092 0.00786023 
-0.608967 -3.45623 3.94577 -1.44158 0.881425 -2.96015 -1.08378 0.449484 -1.01386 1.1403 -0.114707 -0.235232 
-0.972584 -2.98859 2.89078 0.00774584 0.206742 -4.47347 -1.07694 0.541688 -0.952073 0.823273 0.0514562 -0.0683929 
1.04141 -1.68857 2.76497 0.0411638 0.549293 -0.231548 0.804718 0.696107 -1.28292 0.669656 0.40476 -0.124268 
1.49183 -0.585067 2.24881 0.29209 0.304635 -0.690654 1.9962 -0.762752 -0.729011 0.530226 -0.0497008 -0.0681499 
1.7629 0.272006 1.92845 -0.262998 0.695392 0.382935 1.19146 -0.460116 -0.283794 -0.319497 0.372204 -0.0290145 
1.49918 -0.0415694 1.06517 0.346784 1.29555 -0.289515 0.215274 -0.13391 -0.00242579 -0.475998 0.00796493 0.0414123 
1.69451 0.847746 1.51127 -0.0637718 1.27866 -0.49338 0.831621 -0.0768326 0.186977 0.144061 -0.0699646 0.0670242 
1.54922 0.377749 1.22122 0.120417 0.765816 0.082521 0.968717 -0.546753 0.086124 -0.110363 0.209227 -0.0255571 
2.09105 0.912652 1.20829 0.734557 0.904692 0.649882 0.510398 0.25672 0.607674 -0.0736793 0.231365 0.0641836 
2.61219 2.3127 2.15425 2.18163 2.19157 2.42936 1.67307 1.50754 1.15474 0.534024 0.308959 0.116412 
3.4775 2.99323 2.81336 2.61251 2.01645 1.27413 0.695546 0.574957 0.634841 0.489927 0.362558 0.0842608 
3.91347 3.17577 2.61544 2.45725 2.08036 1.18438 0.386844 0.0674425 0.181 0.462542 0.583379 0.128182 
3.3511 2.94194 2.66274 2.27526 1.96659 1.7131 1.22848 0.625384 0.335357 0.336189 0.419296 0.0735125 
3.18793 2.82881 2.55239 2.22505 1.89605 1.47395 0.967173 0.635479 0.512282 0.49834 0.431863 0.0780045 
3.51731 3.06849 2.62011 2.12603 1.76067 1.39185 0.836924 0.393712 0.280983 0.4057 0.534414 0.105278 
4.0037 3.66287 2.81102 2.05099 2.02489 1.13607 0.889135 -0.427847 -0.448394 -0.0495447 0.296253 0.0662038 
3.58362 2.95044 1.9631 1.66444 1.44101 1.13004 0.345645 -0.963579 -0.648509 0.0434087 0.351507 0.0675171 
3.72492 2.76585 1.54567 1.2754 1.41371 0.936897 0.268453 -0.359306 -0.270433 0.129567 0.429834 0.0934238 
3.71011 2.5454 1.47639 1.33951 1.74825 1.35205 0.738713 0.082084 0.0623292 0.0589788 0.100974 0.0295067 
3.47787 2.64211 1.93749 1.74003 1.78555 1.30817 0.703577 0.189823 0.290872 0.287853 0.106172 0.0227077 
4.0427 3.354 1.92289 1.31171 1.44656 1.58548 1.6721 1.00937 0.771017 0.330231 0.0057309 0.00585714 
3.29837 2.59981 1.82472 1.2444 1.23573 1.5554 1.69752 1.49598 0.876261 0.314692 -0.0613015 0.000725897 
3.34122 2.65744 1.8979 1.38197 1.39283 1.66181 1.84161 1.65999 1.09579 0.398057 -0.0506683 0.0106275 
4.33101 3.12975 1.6167 1.26237 1.91696 2.44917 2.23432 1.79224 1.40756 0.637002 -0.184487 -0.04662 
4.74279 3.63841 1.74941 0.760835 1.18194 2.07629 2.41234 2.13977 1.47457 0.537549 -0.0671514 -0.0572044 
5.36642 2.95295 0.360236 0.602553 2.53407 3.3144 2.04589 1.43827 1.22373 0.771725 -0.0136024 -0.0884266 
4.26175 2.81283 0.410623 0.645216 1.65895 2.48114 1.72444 1.09124 1.2816 0.876736 -0.10587 -0.0651219 
3.39633 2.6132 1.60078 0.81715 0.773559 1.3096 1.82075 1.9036 1.58897 0.753964 0.111196 0.000743074 
4.35005 3.23307 1.34369 0.0664817 0.729711 1.85595 2.60893 2.37262 1.41077 0.464163 -0.00939591 -0.0451999 
3.66742 1.99459 0.954426 0.889452 2.08511 2.40228 1.16608 1.2211 0.797184 0.734589 0.385402 0.0632665 
3.05821 -1.93975 -0.272714 1.28344 3.22205 0.774982 3.48262 -1.25998 0.308614 -0.101415 0.270691 0.252856 
2.60036 0.207843 -0.294404 1.92243 3.61799 2.31122 1.96708 0.397676 0.0465806 -0.197151 0.171308 0.117392 
3.5268 1.06164 -0.235177 0.907046 2.92669 2.776 2.00646 0.915553 -0.0968082 -0.139337 0.115081 0.100802 
3.15654 1.66904 0.470402 0.935959 2.39223 2.84404 2.44254 0.881843 0.00536498 -0.255372 -0.00898597 0.0905783 
3.35394 2.15122 1.36202 1.70591 2.52191 2.22825 1.97461 1.23267 0.553862 0.0429719 0.138482 0.0712664 
2.93772 2.03539 1.44916 1.60637 2.18447 2.28957 1.97412 0.913896 0.148489 -0.0523775 0.224697 0.0834457 
4.81786 0.664153 -0.37877 3.09866 4.77185 2.46655 1.67002 1.88673 0.325364 -0.184823 -0.00362379 0.220204 
3.21188 1.94254 1.16724 1.68326 2.30585 2.38582 1.91483 1.36216 0.549318 -0.125645 0.048955 0.0817971 
3.0635 2.25265 1.50937 1.29614 1.7754 2.22191 2.05196 1.40399 0.495236 -0.000100879 0.040483 0.057343 
2.98704 2.3579 1.2873 -0.732437 2.53111 1.83281 1.14732 0.614165 0.681167 0.161436 0.261185 0.0501311 
2.98561 1.59645 1.8529 -1.69001 0.333335 2.5456 0.795459 0.113862 -0.250968 1.12734 0.439466 0.10136 
5.73046 1.17531 -1.08898 0.650061 5.63302 2.5918 3.86927 -0.826206 0.091632 0.194676 0.0950276 0.232585 
3.68233 1.6713 -0.169149 1.7176 4.71014 2.71845 3.16443 -0.357949 0.0817253 0.385134 0.0952405 0.164136 
3.93789 1.87935 -0.163067 1.56457 4.57872 2.83473 3.22909 0.148743 0.243611 0.052486 -0.062884 0.137223 
4.89001 2.84114 0.388771 0.89629 3.27693 0.504529 2.91225 -0.281285 -0.14793 -0.293887 0.0895677 0.19547 
5.19901 3.13105 1.20589 1.98068 3.8715 -1.79053 1.69024 0.0927553 -0.249073 -0.436036 -0.32229 0.202534 
5.91122 4.16768 0.78865 -0.0917579 5.26809 0.274359 1.63383 -0.865571 -1.36522 0.04381 -0.340522 0.16387 
3.50271 2.8798 1.9082 1.2323 1.47812 0.878236 0.569136 -0.29578 -0.587521 -0.214125 -0.0123554 -0.0119511 
3.44293 2.55166 1.91949 1.3571 1.84849 0.715129 0.411826 -0.262544 -0.740162 -0.135978 -0.116614 -0.0245497 
3.66468 2.56459 1.97519 1.0743 2.63506 1.24249 1.05375 -0.0736067 -0.872764 -0.248829 -0.147956 -0.00696633 
3.02023 2.31586 1.44439 1.96226 2.1255 1.13713 0.733232 -0.449201 -0.261315 -0.425026 -0.101863 -0.0206809 
3.20356 1.88714 1.50712 1.89122 2.91598 1.34424 1.00253 -0.0589476 -0.413411 -0.419072 -0.140883 0.0125963 
3.36667 1.81242 0.800899 2.47209 3.92144 1.69035 1.72119 0.0631646 0.226481 -0.353417 -0.201117 0.0354445 
4.47376 1.73448 -0.0328113 2.05198 4.68796 1.38411 1.40188 -0.233013 -0.00776415 -0.296062 -0.151683 0.0361494 
4.80289 1.4777 -0.477198 1.96721 3.39465 2.13485 0.800383 0.420282 0.0200941 -0.0542553 0.0622228 0.0539281 
4.14426 1.12313 -0.039551 1.85093 3.28337 2.49564 1.38738 0.529445 0.0280453 0.0928577 0.140375 0.0664984 
4.40685 1.30336 -0.122732 1.97655 3.96099 3.49488 1.88705 0.401603 -0.242893 0.107453 0.0833207 0.0868571 
4.38207 1.13392 0.0180578 2.96422 4.99851 3.87857 1.69623 0.191935 -0.108647 0.556277 0.250792 0.102227 
3.64713 1.41623 0.472486 2.18556 3.90265 3.35206 1.60504 0.259827 -0.0350429 0.302361 0.314945 0.121718 
3.62454 1.1452 -0.0778181 1.81276 4.00936 3.60586 1.66859 0.269104 -0.017998 0.237798 0.237891 0.12241 
4.1943 0.442485 -0.771573 2.51811 4.48671 2.66646 1.37296 0.759725 -0.0552175 0.0398751 0.215919 0.157751 
3.53847 0.843823 -0.237673 1.60928 2.93706 2.37527 1.83675 1.17876 0.0384865 -0.263156 0.342906 0.161657 
3.93804 0.997031 0.0404697 2.39017 4.16275 2.74985 1.93642 1.49962 0.406445 -0.207915 0.164826 0.200038 
2.92072 1.71708 1.91457 2.57424 3.39234 1.44191 1.71705 1.41295 0.867803 0.429894 0.0235031 0.0950959 
2.3952 2.36295 1.97559 1.47589 2.58152 0.703857 1.55385 0.777448 1.11007 0.81159 -0.0961514 0.0827565 
2.43458 1.45479 1.51558 1.94275 2.96319 0.796106 2.14307 1.14924 1.01874 0.57429 -0.203897 0.0897383 
2.18115 1.02542 1.37619 1.60113 1.5767 1.72357 1.52258 0.352502 0.863814 0.278772 0.156983 0.0197732 
