1.77758 0.341427 0.744915 -0.269626 0.378903 -0.115343 0.922901 -0.373098 -0.0294076 -0.237575 0.443307 0.0333964 
1.67564 0.185455 1.23698 -0.134572 0.9231 0.111527 1.11432 0.187865 0.369989 -0.225094 -0.0564949 0.0930665 
1.68644 0.250605 1.31316 0.556818 1.01121 -0.123127 1.09958 -0.845947 0.577866 0.139548 0.00340844 0.0216066 
1.98695 0.408206 1.47142 0.522641 0.969899 -0.539945 0.222234 -0.672102 0.204203 -0.0325374 0.169937 -0.0583995 
2.10308 0.132526 0.566497 -0.458468 0.612777 -0.681759 0.248001 -1.6529 -1.14684 -0.124761 0.432453 0.0874075 
3.54208 -0.880452 -1.40066 -1.37516 0.218763 -0.499831 0.689742 -2.58584 -2.96417 0.170033 0.149239 0.110799 
3.04445 -0.393088 -1.10932 -1.49803 0.998144 1.06057 0.775057 -1.88104 -1.5864 -0.154371 -0.165918 0.163645 
1.83781 0.189859 0.479992 -0.141413 0.708851 0.285036 1.48259 -0.898572 -0.586435 -0.751907 0.0666904 0.150877 
1.51887 -0.225008 1.01459 -0.634944 0.797888 -0.0144461 1.47661 -0.471122 0.314863 -0.342514 0.02152 0.00832234 
1.52739 0.0674026 0.191642 -0.637064 1.01278 0.595298 0.950959 0.111076 -0.0704813 0.0633193 -0.195645 -0.0188966 
1.55039 0.61552 1.36813 -0.187226 0.963231 -0.278027 0.752205 -0.397039 -0.0666638 -0.256538 0.0618941 0.0365635 
1.6887 -0.0501598 1.1796 -0.248467 1.3758 -0.754588 0.525954 -0.387333 -0.0712304 -0.029635 -0.0413552 0.0667141 
1.59033 0.28815 1.34839 0.244101 0.800929 0.527301 1.67162 0.12137 0.224582 -0.319402 0.0921069 -0.00414258 
1.47317 0.0254302 1.01671 -0.444349 0.892411 0.197303 0.813469 -0.547351 0.340908 -0.427599 0.134204 0.0392409 
1.47939 0.281065 1.37424 0.158013 1.1603 0.278036 0.686807 0.119229 0.187447 -0.04222 0.0141345 -0.0566732 
1.82275 0.108255 1.47127 0.194396 0.92485 -0.0206329 0.874516 -0.148609 0.23754 -0.202252 0.301366 0.0579462 
1.53433 0.277916 0.923948 -0.474964 0.609652 -0.0570709 1.00258 -0.109278 0.530291 -0.0827441 0.216739 0.0153245 
1.76287 0.0868036 1.44571 -0.108176 0.508008 -0.34517 1.25504 -0.678164 0.0292234 -0.0459335 0.0723031 -0.0146965 
1.85875 0.0124601 1.7761 0.410607 0.643153 -0.222077 0.853198 -0.659165 0.322819 -0.247486 -0.0654664 0.0410033 
1.55434 -0.133931 0.785609 0.34579 1.45655 -0.105974 0.824953 -0.0124265 0.361207 0.0604626 0.107947 -0.0386547 
1.75749 0.290029 1.64034 -0.625071 1.29309 0.0202367 0.965183 -0.175221 0.135317 0.285967 -0.0966931 -0.000662029 
1.60858 0.28261 1.47005 -0.674866 0.670775 -0.182011 0.865275 0.00837621 0.0076564 -0.0798872 0.180637 0.0706141 
1.67783 0.0881211 1.41933 0.39872 0.904156 -0.16117 1.12656 0.0621353 -0.278643 -0.154329 -0.00299056 0.00037367 
1.61921 0.18527 1.65324 -0.109148 0.533899 0.536349 0.930877 -0.27485 0.286851 0.0307545 -0.0904226 0.0120708 
1.94136 0.452037 1.08543 -0.42891 0.756291 0.0762183 0.929155 -0.698616 0.0504564 -0.0310775 0.15573 -0.00690666 
1.52814 0.173162 1.01544 -0.150494 0.965589 0.017268 0.877593 0.195471 -0.0614452 -0.119263 0.0550113 -0.0142158 
1.55365 0.402426 1.39366 -0.219421 1.16607 0.607886 0.874823 0.178196 0.103861 -0.148536 0.208111 0.0392932 
1.85123 0.874558 1.81498 0.526875 1.67028 0.737999 0.711959 0.618637 -0.0366091 0.176751 0.170629 0.0868079 
2.77897 2.14971 2.27579 1.93994 1.58026 1.06607 1.31239 0.863197 0.34588 0.401063 0.260634 0.0588055 
5.23498 3.73562 3.83846 3.49836 -0.342728 -0.326886 1.28388 0.181643 -0.791468 0.466543 0.506224 0.0896733 
6.31311 2.12346 3.87787 4.10191 -0.380714 0.324831 1.5879 -0.20062 -0.280845 0.654771 0.49178 0.0713339 
6.05087 1.3619 3.40181 4.71293 0.3386 0.462367 1.70298 -0.563466 -0.150526 0.50299 0.42369 0.0678875 
6.41079 0.934126 2.66039 4.6523 0.529939 0.079301 1.92784 -0.726534 -0.511875 0.408594 0.64281 0.122201 
3.93811 3.00097 2.55179 2.49468 1.75833 1.03505 0.586864 -0.556099 -0.371084 0.307505 0.380558 0.0710524 
4.68551 2.45728 1.61244 2.05157 1.31581 0.321144 0.0354771 -1.13038 -1.14074 0.171582 0.502369 0.141228 
5.1582 2.76604 1.38689 1.10999 1.31911 0.164263 1.07532 -1.36888 -0.985079 0.571323 0.605206 0.21765 
4.50724 2.8372 1.2613 0.602911 0.659442 0.996863 1.03878 0.0791293 -0.460843 0.0895346 0.154605 0.0700765 
4.31111 3.0341 1.64802 0.799545 0.344167 0.999487 1.68926 0.813723 0.474879 0.31067 0.0016134 -0.0151512 
5.09537 3.74853 1.75632 0.590802 0.170156 0.854262 1.33952 1.07629 1.1524 0.629557 0.173276 0.00630589 
4.99609 3.73263 1.65096 0.424167 0.163866 1.39657 1.88922 1.57841 1.08798 0.477042 0.0166386 -0.0400698 
5.27382 3.40173 1.37621 0.356502 0.41182 1.847 2.11878 1.546 1.38741 0.609455 0.0552911 -0.033889 
3.85247 2.90889 1.78708 0.891846 0.829678 1.58374 2.1009 1.88364 1.26657 0.506051 -0.0553927 -0.0312538 
3.31361 2.47466 1.56199 0.945673 1.01315 1.58488 2.03689 1.84938 1.1369 0.375927 -0.0385533 -0.0140909 
3.01368 2.11501 1.34195 0.978612 1.17207 1.66335 1.91819 1.67703 1.01949 0.332019 -0.0348016 -0.0102703 
3.31758 2.39456 1.23473 0.428298 0.531788 1.28139 1.85685 1.82516 1.13927 0.359593 -0.123838 -0.062268 
3.48108 1.77133 0.107762 -0.0785407 1.27757 2.60913 2.64217 1.65997 0.886101 0.554258 0.268823 0.0102339 
3.7429 2.08909 0.392048 -0.146711 0.65969 1.7819 2.19298 1.7022 0.970365 0.332734 -0.071139 -0.071355 
4.37901 0.194834 -1.37418 0.992598 3.34276 -0.305951 3.05583 -0.0888697 0.429008 0.4115 0.151846 0.0965807 
3.17545 0.590816 -0.323879 1.12363 2.23953 1.4049 3.08922 -0.589598 0.195619 0.494128 0.203524 0.0275262 
3.34777 1.52069 0.0844103 0.918252 2.87663 2.96553 2.53077 0.20295 -0.0338008 0.00208015 0.0654276 0.0984496 
3.69988 1.58465 -0.320916 0.775132 2.82162 3.2311 2.4795 0.394259 -0.146066 -0.152737 0.191158 0.134259 
3.53231 1.69419 0.197731 0.725645 2.77207 3.2918 2.89274 0.923493 -0.118844 -0.24521 0.107033 0.138031 
3.07458 2.21913 1.46495 1.35635 1.61187 1.80733 1.6447 1.10608 0.535659 0.191962 0.231286 0.039252 
3.36356 1.90265 0.662492 0.982424 2.27849 3.0642 2.46659 1.18722 0.0779825 -0.221777 0.0634052 0.08918 
3.01801 2.1543 1.38263 1.23169 1.79278 2.32975 2.01784 1.01056 0.18093 0.0538218 0.277211 0.0669161 
3.06331 2.14319 1.38195 1.34338 1.81743 2.28694 2.03672 1.2208 0.43645 0.117222 0.210632 0.069701 
2.0686 1.31442 1.67255 -0.872433 2.04935 2.29992 2.90379 0.0770542 -0.0536033 0.582852 0.194331 0.0921632 
4.92843 0.243059 -1.86384 1.15698 3.91548 3.29037 2.08403 -0.30863 -0.478578 -0.0338013 0.22946 0.113482 
4.33715 1.27689 -0.510761 1.69092 4.03202 3.34488 2.13549 0.128139 -0.109212 0.0928898 0.170891 0.109401 
4.62261 1.27022 -0.967917 1.97462 4.7574 1.83644 3.55516 -0.809697 -0.0867895 0.104486 0.247969 0.166871 
5.58006 0.924141 -1.72938 2.36875 5.58244 1.34897 4.36285 -0.513292 -0.430001 -0.275077 0.19669 0.261854 
5.19391 1.1763 0.0921005 1.99518 3.76351 -0.102715 2.80123 -0.987515 -1.03292 -0.253381 0.0104465 0.111106 
4.43573 2.22039 0.234624 1.13275 3.39842 -1.1209 1.98849 -0.970103 -1.14074 -0.851001 -0.145268 0.197514 
4.81691 2.54662 0.342174 0.797001 3.90219 -1.49992 1.56408 -0.781186 -1.00229 -0.746448 -0.153199 0.286217 
3.87641 2.47016 0.0547588 1.422 2.75241 0.215313 1.65286 -1.00941 -0.544941 -0.312483 0.131353 0.0917704 
3.95477 1.7923 1.29859 1.36858 2.93098 1.14361 1.64503 0.0469057 -0.680904 -0.786763 0.101701 0.104459 
3.99544 2.18251 0.444282 1.174 4.20084 0.850808 2.08136 -0.0690203 -0.00553735 -0.650351 0.0456966 0.144269 
4.00174 1.49465 0.547164 2.19681 4.16757 0.73911 1.40755 -0.47297 0.56532 -0.545642 0.0909281 0.095711 
3.49867 0.952687 0.481103 2.63871 3.47661 1.88424 0.9233 -0.284848 -0.271313 -0.0154303 0.256805 0.0505652 
3.5758 0.986783 0.502288 2.84563 3.47596 2.04406 0.71702 -0.157378 -0.156601 0.0598766 0.131875 0.0262982 
3.76018 1.53387 1.41886 3.12368 3.64782 2.20476 1.33837 0.885287 0.190099 -0.134925 -0.0873009 0.0476778 
3.90196 0.5026 0.116998 3.58483 4.5983 1.86029 2.15068 -0.508037 0.103526 0.325097 0.35829 0.0914644 
4.68065 -0.173497 0.801966 3.72759 5.73161 1.07654 4.13534 -0.495527 -0.212512 0.622055 0.211811 0.193304 
4.16028 0.829714 -0.391777 2.52908 4.42621 2.87118 2.2557 0.226981 -0.15195 0.410658 0.173819 0.099433 
3.7369 -0.368884 -1.14537 2.62741 4.30084 2.14065 1.96517 0.729045 -0.247103 0.109506 0.293228 0.145859 
4.89352 -0.232222 -2.41137 3.28081 5.93552 1.23519 2.61208 0.516597 -0.345854 -0.0422731 0.107919 0.241102 
5.55698 0.00563038 -1.7515 3.18717 5.62979 1.65775 2.38645 1.13355 -0.019021 -0.056356 0.159937 0.254563 
4.62211 0.311344 -0.546295 2.94157 4.40572 2.66056 2.121 1.31097 -0.321849 -0.0560221 0.151032 0.198261 
4.06798 1.2902 0.737096 3.08398 4.10618 2.70472 1.69234 1.25404 0.34055 -0.416367 0.0669688 0.161691 
3.26277 1.33729 1.33477 3.53497 3.98865 2.7566 1.3518 0.707432 0.223947 0.0747786 0.50884 0.151464 
3.54354 -0.421568 -1.10243 2.05276 5.64696 3.45826 1.38813 0.496711 0.0227723 0.773377 0.559214 0.15982 
2.91464 0.142969 -0.174847 2.31966 4.22022 2.12742 1.41431 0.470264 -0.266608 0.0536883 0.571211 0.183919 
2.23121 0.310634 0.869743 1.93362 3.4742 2.07831 1.46685 0.935398 0.176775 0.113636 0.756759 0.0756462 
1.95496 0.815128 1.20439 1.66198 2.60217 2.03798 1.65353 0.193492 0.465595 0.5617 0.245546 0.0318669 
1.63732 1.00622 1.98996 1.39291 1.54949 2.08222 1.46415 0.300767 0.674624 0.641752 0.394288 -0.0283042 
