1.5613 0.0497686 1.21747 -0.335649 0.587187 -0.291823 0.920953 0.00399088 -0.104311 -0.187503 -0.00333304 -0.0424656 
1.2623 0.225925 1.26809 0.170332 1.21658 0.323255 0.870734 -0.0929681 0.41352 -0.374437 0.0161712 -0.0398013 
1.64172 0.279249 1.62473 -0.208896 1.00446 -0.00341622 0.11221 0.19587 -0.312803 -0.223698 -0.0682908 -0.0557734 
1.68549 0.638276 1.33654 -0.0842274 0.579092 -0.232363 1.21128 0.0230682 0.759055 0.154186 0.096354 -0.0187134 
1.61378 0.244631 1.09989 0.0218342 0.390564 -0.781108 0.796107 0.0508295 0.298401 -0.419445 0.194307 0.0173032 
1.45202 0.0876401 1.40117 -0.290609 0.518873 0.558579 1.11009 -0.227589 -0.0353136 -0.0888369 0.201952 -0.00289524 
1.62689 0.50941 1.55052 -0.603996 1.01892 -0.459204 0.888035 0.222052 -0.105342 -0.231006 0.212041 -0.0156602 
1.76934 0.508571 1.85724 0.0434649 1.59811 -0.877412 0.494673 -0.915231 -0.0783223 0.014701 -0.0895991 0.0586319 
1.44237 0.397134 1.5884 -0.0739261 0.639588 0.0918564 0.966291 -0.537141 -0.109391 -0.0983523 0.395344 -0.0323355 
1.55032 0.306261 1.12073 -0.279473 0.484945 0.161402 0.50064 0.128308 -0.0969402 -0.359236 -0.0448716 -0.0940797 
1.51238 0.614062 1.12687 -0.198821 0.152188 -0.710198 0.991169 -0.680633 0.145112 0.0434788 0.200804 0.0299952 
1.72748 0.585488 1.73162 -0.0011853 0.591095 -0.249828 0.628426 -0.668353 -0.10973 0.275566 0.0113259 -0.0226112 
1.64185 0.340728 1.50668 0.31938 1.13879 -0.367467 1.08464 0.0454518 -0.00796044 0.132725 0.0507213 -0.0306466 
1.90767 0.0829898 1.03132 -0.375248 1.23122 -0.109109 0.401482 0.000403926 0.255614 -0.215873 0.0458128 0.0150473 
1.44119 -0.179107 1.70891 0.554144 0.501646 -0.108431 1.8396 -0.351038 -0.302317 0.0276933 0.0432577 -0.00752036 
1.48938 0.150641 1.64549 0.393393 0.860552 -0.355679 1.31624 -0.0711173 0.0861191 0.264481 0.507059 -0.0191609 
1.54378 -0.449853 2.19998 -0.242049 0.665256 -0.704445 1.91118 0.134254 -0.30351 0.609707 0.2476 -0.0576513 
1.51183 0.32603 1.90341 0.259438 0.630098 -0.582943 1.30652 -0.214284 0.2324 0.0559332 0.358318 -0.0689492 
1.57471 -0.148658 1.80067 -0.369578 0.0545491 -0.45541 0.997293 -1.01949 -0.0176003 -0.0308414 0.184077 0.00550155 
1.67099 0.153021 1.47642 -0.0765504 -0.213136 -0.651662 0.754721 0.0935046 -0.298128 0.0592318 0.0812552 -0.0226166 
1.55096 0.40681 1.77047 -0.343448 0.643649 -0.386378 1.11518 0.0843295 -0.145922 -0.214925 0.207704 -0.0109 
1.38935 0.362707 1.62658 -0.0204839 0.334862 -1.00747 1.37191 -0.788727 -0.419131 0.041823 0.289746 -0.0905043 
1.6221 -0.39728 1.85511 -0.192183 -0.179201 -0.110102 1.209 -0.350585 -1.15256 0.376344 0.220308 -0.0964713 
0.425506 -0.962572 3.11764 1.23097 -1.27749 -2.69656 1.84224 -0.184264 -1.75783 0.744954 -0.105292 -0.0509886 
-0.444694 -3.39667 4.67134 0.616977 -1.84246 -5.7902 0.848317 -0.122079 -2.31901 0.822991 0.150671 0.13243 
0.10895 -1.19173 4.13968 0.106764 0.406311 -4.80902 1.32988 0.425301 -1.72953 0.764376 -0.0738448 0.0116727 
1.17389 -0.0290448 2.89851 -0.0516655 0.152855 -1.73255 1.88373 -0.538258 -2.00867 0.524822 -0.318843 -0.141627 
1.23846 0.203153 1.8076 -0.247216 0.993275 -0.0966968 1.34462 0.0114607 -1.05255 0.480375 0.0375911 -0.0412431 
1.44331 0.326274 2.26129 0.394816 -0.50574 0.176053 1.31996 -0.81255 -0.797112 0.393199 0.220715 -0.0811233 
1.62686 -0.741838 1.56262 1.51087 0.399527 -0.412501 1.33313 -0.806864 -0.179821 0.957358 0.040912 -0.272125 
1.31821 -1.22731 1.01985 0.240105 0.420792 -0.03937 1.09103 -0.451258 -0.437339 0.623144 -0.0345761 -0.276936 
1.61861 -1.87804 0.870255 1.54076 1.59991 0.00987892 1.59613 -0.251761 0.190586 1.04306 -0.219156 -0.256477 
2.27921 -1.93138 0.376119 1.66891 1.44117 0.150502 1.44616 0.293216 0.615755 1.38121 -0.32562 -0.233803 
2.50838 1.80852 1.78256 1.52636 1.08008 1.02792 1.03313 0.510481 0.486358 0.467091 0.15793 0.0321 
3.10256 2.68675 2.49439 2.25197 1.90386 1.47642 1.14136 0.872427 0.690609 0.569609 0.397382 0.0799031 
3.40358 3.02607 2.64206 2.27061 1.94462 1.44865 1.03683 0.673493 0.469567 0.518476 0.506618 0.0993975 
3.74158 3.26124 2.58733 2.07481 1.86656 1.64374 1.12032 0.408158 0.101392 0.289504 0.572765 0.114744 
3.70344 3.23064 2.56795 2.05804 1.97514 1.73184 1.17198 0.319935 -0.00818436 0.229208 0.556237 0.105202 
5.43169 3.34903 1.22385 2.04136 3.97615 0.13255 0.741063 -1.30161 -0.400144 -0.591999 0.209738 0.179898 
7.11563 2.38155 -0.128341 1.47329 3.23763 -2.22494 1.58833 -1.66961 -0.49833 -0.47943 0.0963068 0.382944 
6.47549 2.64924 -0.928608 1.24568 3.10185 -1.37094 0.749374 -2.16305 0.0964452 -0.0872848 0.422073 0.272986 
6.52936 3.03766 -0.677708 -0.409883 3.10735 -0.258731 0.527848 -1.81646 0.478351 0.327691 0.307948 0.143696 
6.25314 2.96266 -0.678931 -0.382643 1.99181 1.69442 0.284345 -0.234394 0.355623 0.276035 0.205919 -0.0177396 
6.37505 3.26463 -0.11807 -0.478696 1.2564 1.73435 1.08356 0.934052 0.753154 0.28097 0.0319351 -0.0548126 
5.38779 3.52076 1.0638 0.240274 1.10889 1.74445 1.53918 1.21237 1.02386 0.51169 -0.0754582 -0.0895787 
5.67029 3.32696 0.345845 -0.383872 1.03712 2.1439 1.88331 1.52915 1.16373 0.515162 0.0741141 -0.0414579 
3.77749 1.97231 0.299837 0.167358 1.26406 2.26715 2.33101 1.82444 1.25464 0.600048 -0.0296015 -0.0581739 
4.03351 2.42812 0.619695 0.0914994 1.02382 2.23734 2.48092 1.91137 1.16918 0.507459 0.0291918 -0.0254407 
4.9338 2.67042 -0.164722 0.0025697 1.61586 2.39104 2.10737 1.58243 1.64987 0.753282 0.0437222 -0.090237 
3.98802 2.73194 -0.388808 -0.598011 2.12799 1.63997 3.13435 0.531968 1.26128 0.844264 0.118725 0.0297277 
4.45529 3.13427 0.721593 0.115805 0.432809 1.2856 1.84431 1.85828 1.65341 0.763009 0.216565 -0.0174618 
3.32502 2.23275 1.02724 0.186182 0.484517 1.43817 2.23089 2.242 1.45251 0.602271 0.157514 -0.0445661 
3.15431 2.03796 0.971538 0.38247 0.791076 1.6942 2.38175 2.15837 1.52767 0.639834 0.0276682 -0.0499578 
3.4453 -1.62267 -3.04555 1.2583 2.173 2.18729 2.12239 -1.68915 0.254822 -0.0178193 0.425301 0.00282721 
2.49171 -1.20575 -1.16048 0.201077 2.67074 2.88564 2.62678 -0.334256 -0.493858 0.103367 0.378326 0.079302 
3.57965 -0.361236 -0.35037 1.89699 3.75879 3.01352 2.70889 -0.0449722 0.597115 0.244394 0.190754 0.113761 
5.00486 -1.05193 -1.69084 1.81237 4.55744 1.41302 4.12573 0.179222 0.661368 -0.186196 0.107545 0.245166 
3.51273 1.19599 -0.199514 1.0487 2.80417 3.08726 2.41053 1.14902 0.201301 -0.214774 0.0303729 0.102902 
3.01783 1.92181 1.36722 1.90452 2.53863 2.26794 1.56843 0.947856 0.41445 0.115482 0.185693 0.0649874 
3.14617 1.85497 1.15378 1.55668 2.08908 1.94179 1.73453 1.42331 0.625543 -0.0517675 -0.0670953 0.0405473 
3.09512 1.63297 0.990189 1.7923 2.52071 2.20698 1.70629 1.25222 0.751462 0.0933018 0.067683 0.0582483 
3.71911 1.24612 0.128232 1.82045 3.49141 2.99136 1.73079 1.7937 0.894863 -0.262092 -0.103037 0.093479 
3.09908 1.07728 0.769639 1.70429 3.64061 2.04639 2.15695 1.27487 0.61223 0.46247 -0.107386 0.0819176 
3.42902 1.16598 0.940031 1.10523 1.33356 -0.257947 1.94448 -0.535415 0.474403 0.245483 0.513376 0.119017 
6.56939 1.03429 -3.25437 0.200723 6.05696 2.18522 3.85936 -0.183058 0.227275 0.0715083 -0.0294025 0.244155 
6.30411 0.239027 -2.80036 1.10697 6.6363 1.74095 3.61945 -0.0371362 0.0428667 0.109112 -0.0482514 0.299863 
5.67579 -0.290689 -1.38173 0.627589 6.44945 2.11291 3.34511 -0.459868 -0.192479 0.617842 0.018562 0.263776 
5.41338 0.433712 -1.60687 0.783681 6.58212 1.43253 3.13044 0.442478 -0.676349 0.45016 -0.145588 0.280709 
5.38747 1.56036 0.178014 -0.163057 4.20444 -1.42871 1.64372 -0.0622564 0.101459 -0.124921 -0.265094 0.345583 
5.54653 1.80872 0.422721 -1.55853 3.84828 -0.81652 1.22355 -0.524196 -0.302094 0.109649 -0.135429 0.315997 
5.10925 2.56254 -0.513486 -0.579261 3.26998 -0.722726 1.17748 0.132266 -0.104222 -0.0675611 0.104201 0.250581 
4.56041 2.96189 0.398661 -0.898963 2.88187 -0.545035 1.89008 0.315595 -0.485559 0.0122075 0.187655 0.252526 
4.21555 3.10548 0.750723 -0.692883 2.96276 -0.533251 2.11618 0.263305 0.149926 0.213213 0.253169 0.221403 
4.67767 3.45344 0.556497 -0.264869 3.22085 0.40073 3.04943 0.320526 -0.00523229 0.253672 -0.111486 0.17249 
4.61813 3.22478 0.389775 0.172879 3.41167 1.35881 3.42268 -0.223956 0.0862265 0.112859 0.001851 0.171915 
3.62014 2.27953 0.833217 0.953121 2.75645 2.29721 1.99625 0.147513 -0.174206 0.0970973 0.160324 0.0856153 
3.88401 1.99725 0.211178 0.994898 2.91216 2.98442 1.8818 0.168802 -0.118378 0.113655 0.265453 0.107114 
4.19814 1.80412 0.493026 1.88581 3.66248 2.94056 2.02982 0.909367 0.148442 0.0719578 0.15008 0.113793 
3.57242 1.1012 0.71282 2.89604 3.99528 2.66395 1.48318 0.945919 0.22513 0.0852189 0.428452 0.171394 
4.49874 1.07497 0.132535 4.31504 5.47953 2.084 0.462659 1.02326 0.37887 0.211851 0.272328 0.178145 
4.46887 -0.0438731 -0.790677 3.83665 5.78463 2.71718 0.593266 0.564313 0.192365 0.557938 0.317783 0.147854 
3.1632 1.36317 0.595745 1.93751 3.44128 2.85399 1.10636 0.0907939 0.19435 0.509749 0.503696 0.0846562 
2.91899 1.05798 0.954296 2.76641 3.29088 1.62721 0.595312 0.751116 0.530432 0.141639 0.316094 0.0507669 
3.33768 0.617241 0.773067 3.48645 4.23266 2.19544 0.850122 0.775615 0.368105 -0.0632525 0.486932 0.162643 
3.50889 0.963341 0.283306 2.56766 4.52361 3.12767 1.02647 0.144627 0.338554 0.476097 0.478248 0.108601 
