1.88822 0.121553 1.11183 -0.133096 0.756258 0.684417 1.54685 -0.521831 0.370621 0.0743106 0.141575 0.0507211 
2.15344 0.907271 1.46171 -0.368949 0.162222 0.204899 0.535841 -0.605477 -0.0531231 -0.262382 0.0587415 0.0442789 
2.19425 0.935021 1.25863 0.116887 0.0744609 -0.198598 -0.650761 -1.56203 -0.233847 -0.406145 -0.00300479 0.0939448 
1.85221 0.330946 1.1834 -0.802592 0.79819 -1.17941 0.230738 -0.723123 -0.517409 -0.536965 -0.00876415 0.0932486 
1.95718 0.46691 1.26236 0.145048 0.122194 -1.09642 -0.0846919 -1.01901 -1.04586 -0.0797601 -0.0481411 0.144077 
2.07085 0.256246 1.21443 -0.110973 0.421213 -1.33121 -0.283357 -1.95715 -0.827048 -0.0643522 0.141364 0.114597 
2.1727 0.647063 1.09581 -0.182163 0.629503 -1.10527 -0.365027 -1.58107 -0.64405 -0.215438 0.111426 0.142847 
2.01028 0.303967 0.647542 -0.375039 0.371689 -0.776536 -0.00427207 -1.21816 -0.0279539 -0.456021 -0.038827 0.122712 
1.96099 0.305403 1.48356 -0.0518911 0.736592 0.0341383 0.0410045 -0.578971 0.444034 0.0944664 0.0807896 0.107961 
1.90666 0.623298 1.85631 -0.291188 0.229626 -0.28909 0.486641 -1.1018 0.0661037 -0.454411 0.143731 0.122278 
1.54677 0.0119102 1.23943 -0.213263 1.1221 -0.878274 0.132732 -0.639903 0.158109 -0.543375 0.0766423 0.134982 
1.4679 -0.21787 1.05687 0.513524 1.69044 -0.0447831 -0.388938 -0.426571 0.553536 -0.2074 0.035144 -0.0207859 
1.80923 -0.586412 0.574912 -0.239388 1.37991 -0.467987 0.414496 -0.347864 0.64215 -0.0602588 -0.100458 0.0124851 
1.7536 -0.256909 0.864072 -0.597144 1.35206 -0.396964 0.73381 -0.577039 0.173535 -0.0324888 -0.114189 0.0648593 
1.63905 0.0707757 1.69665 -0.692469 0.970886 0.244392 0.513117 -1.13556 0.192055 -0.00759191 0.0948649 0.0483667 
1.64309 0.217473 1.36421 0.110515 0.690085 -0.0206257 1.44122 -0.296691 0.165108 -0.471486 0.168663 0.0803806 
1.40461 0.0256173 1.21005 0.308849 0.904091 0.0347969 1.24658 0.257694 -0.177313 -0.0810667 0.371592 0.0462324 
1.77612 0.0644895 1.4422 -0.1128 1.10466 -0.568028 0.682217 -0.381031 -0.0971967 -0.0384994 0.0924078 0.113665 
1.50891 0.00452858 1.63967 -0.610037 0.574431 -0.018659 1.3348 -0.070292 0.274416 0.032962 0.0196017 0.0142459 
1.30347 -0.0252604 0.728446 -0.299072 0.626156 -0.122322 1.29326 -0.246738 0.175994 -0.144022 0.0856509 0.0702847 
1.68792 0.216122 1.43727 -0.191498 0.211584 0.0972382 0.572619 -0.694444 -0.43663 -0.667837 -0.0512741 -0.00580472 
1.61624 0.575359 1.2712 -0.624308 1.1195 -0.299037 0.236466 -0.676835 -0.101217 -0.355073 -0.0657054 -0.0674238 
1.43812 0.14111 1.30814 -0.344729 0.645905 0.344074 1.02959 -0.609803 -0.0548113 -0.396782 0.291207 0.0162542 
2.1 0.0676724 1.30219 -0.365063 0.857548 -0.43616 0.752767 -0.39335 0.0338981 -0.18548 0.104643 -0.00125928 
1.57074 0.364014 1.63814 -0.180934 0.906187 -0.129018 0.379809 -0.888406 -0.222976 -0.234233 0.00875952 -0.0181038 
1.50782 -0.329471 1.22617 -0.278368 1.15558 -0.27164 1.04856 -0.639987 -0.0132702 -0.420459 0.136967 0.0573241 
1.76692 0.169607 0.926697 0.138607 0.699915 -0.0260834 0.865995 -0.548576 0.858024 0.0662812 -0.0198316 0.0363752 
1.73246 0.154135 1.90142 0.152711 1.21618 0.167385 0.637446 0.218684 -0.250396 -0.258302 -0.0742215 0.0431072 
1.466 0.0877833 1.30897 -0.242892 0.973157 -0.351022 0.330745 -0.587124 -0.344215 -0.413846 0.254101 -0.00823357 
1.8464 0.652459 1.6322 0.055473 0.887853 0.0588921 0.860617 -0.366934 0.171297 -0.210533 0.0367325 0.0658065 
1.87643 0.361333 1.40268 -0.167755 0.99745 -0.215787 1.43426 -0.111864 -0.164171 0.374028 0.208711 -0.0188581 
1.47565 0.177446 1.27618 0.102314 0.616859 -0.0394589 0.842759 -0.329477 0.510508 -0.237456 0.00420412 0.0510964 
1.74367 0.597728 1.7116 -0.0706407 1.14164 0.732459 1.06562 -0.17657 -0.331049 -0.235486 0.056563 0.0565332 
1.81984 -0.149848 0.979861 0.0505361 0.118584 -0.626637 1.03082 -0.806188 0.312885 -0.372691 -0.0579449 0.0202785 
1.69855 -0.0646556 1.31244 -0.29513 1.10502 0.0118083 -0.121474 0.0392335 -0.0155834 0.256694 -0.00850856 0.020286 
1.41559 -0.236742 1.35061 -0.0390452 0.862998 -0.654158 1.09973 -0.670915 -0.30282 -0.0174195 -0.114055 -0.0318408 
1.9254 -0.171425 1.66807 -0.898814 1.16264 -0.0765589 0.103207 -0.250883 0.0329371 0.368258 0.0475193 0.0415249 
1.58241 0.13854 1.02137 -0.0629443 0.631871 -0.0391388 0.622943 -0.23219 0.115663 -0.0424219 -0.0510212 0.046634 
1.61094 0.567589 1.64372 -0.596703 0.604426 -0.190363 0.622125 -0.598534 0.543123 -0.0230089 0.305146 -0.0231923 
1.63851 -0.112071 1.25737 0.0299922 1.27788 0.646878 1.02876 -0.423402 0.229045 -0.211659 0.0689139 0.119544 
1.73612 0.227802 1.54827 -0.293044 1.37619 -0.0940328 0.253953 -0.416434 -0.484863 -0.479231 0.188926 0.0686305 
1.46617 0.142491 0.996016 -0.644338 1.30362 0.260947 -0.120629 -0.882084 -0.255792 0.0988504 0.0216888 -0.0262615 
1.84213 0.467046 1.13098 0.564534 1.11016 -0.144896 0.555167 -0.76081 0.118188 0.0719579 0.13559 0.0216172 
1.97308 0.326036 1.23049 -0.938054 0.941597 0.220789 0.763106 -0.979045 0.343126 -0.127485 0.255859 0.0290154 
1.72156 0.0606428 0.925026 -0.118378 1.29169 -0.122268 0.213738 -0.0746376 -0.703689 0.218179 0.145898 -0.047528 
-0.109853 -1.67766 2.33358 -3.51417 2.87852 1.90178 0.931295 -1.86426 -1.42049 1.05612 -0.304891 0.158182 
-1.10994 -2.79303 3.99904 -1.513 2.93411 0.690936 1.28031 -0.437574 -1.72125 0.859002 -0.478935 -0.138967 
-0.0716821 -0.246624 3.7395 -2.44168 2.46368 -1.43419 0.552219 -0.281967 -0.658314 1.24056 -0.477638 -0.127921 
1.08787 0.238979 2.3673 -2.08051 1.79662 -0.260663 1.31493 0.011161 -1.40572 0.940187 0.0606322 -0.150146 
1.85506 0.865955 2.33054 0.568473 1.87196 0.331219 2.34767 0.463688 0.293068 0.685953 0.0803691 0.0675394 
3.37373 2.65943 3.61186 1.64812 3.53625 1.96161 2.55263 1.21897 0.758121 0.72302 0.163736 0.135739 
3.06738 2.84128 2.81783 2.45654 2.27323 2.09569 1.60759 1.14999 0.911117 0.598585 0.246884 0.0964132 
2.96159 2.50376 2.36062 2.27878 2.03 1.66057 1.4235 1.17249 0.800583 0.477143 0.281401 0.0743519 
2.8565 2.39236 2.23418 2.00694 1.6611 1.38987 1.19354 0.9292 0.659616 0.50326 0.340144 0.0606348 
2.8463 2.42289 2.24398 1.9986 1.70784 1.4545 1.19012 0.907491 0.707456 0.514516 0.298349 0.0579853 
2.89332 2.4598 2.29613 2.06968 1.78078 1.55563 1.2274 0.884488 0.675063 0.545536 0.362714 0.0630388 
3.88024 3.16641 2.72873 2.62926 2.20209 0.83306 0.421612 -0.346341 -0.372901 0.197828 0.506258 0.0858511 
5.75785 2.692 0.943195 2.21349 2.06218 -0.34638 0.661816 -1.05194 -0.662543 0.224851 0.630189 0.245327 
4.73759 2.62809 0.602973 0.540802 1.15206 0.897764 0.566342 -0.0136778 -0.12911 -0.0442295 0.53147 0.191518 
4.33274 2.43287 0.281461 -0.132318 0.890592 1.53616 1.14928 0.498839 0.214273 0.171353 0.177493 0.0517224 
3.45777 2.45878 1.37216 0.780395 0.884669 1.26137 1.42344 1.30462 0.94243 0.440081 -0.00319409 -0.0112869 
3.23055 2.17318 1.26349 0.868994 0.915686 1.23847 1.55233 1.57802 1.19421 0.605604 0.102988 -0.00913991 
4.01308 2.33653 0.611296 0.216679 0.972991 1.82183 2.17174 1.93708 1.29429 0.545128 0.0286719 -0.0428288 
3.56608 2.18881 0.788147 0.426665 1.17913 1.94172 2.03219 1.68499 1.17231 0.540375 0.0337465 -0.0258643 
3.80282 2.31481 0.692129 0.18992 1.01417 1.96252 2.37422 1.88162 1.24078 0.525946 -0.0166029 -0.0435623 
3.65201 2.32324 -0.0908183 -1.03208 1.07712 1.4537 3.39664 1.45677 1.5263 0.230612 0.0574275 -0.0526869 
4.67616 3.57388 0.0847634 -0.883555 0.788213 0.467791 3.69425 1.35551 2.17517 0.213922 0.125561 -0.0360143 
5.61191 2.44864 -0.0894792 -1.93883 0.359941 0.364088 3.42816 1.50468 2.56571 0.306294 -0.0271736 -0.0185504 
4.02456 2.63849 0.846932 -0.43375 -0.218728 1.21799 2.48264 2.73153 1.69494 0.691471 0.361802 -0.0360438 
3.29349 1.75589 0.560141 0.136817 0.301408 1.62472 2.9367 1.77334 1.61666 0.490998 0.0880296 -0.0739553 
2.84469 -0.76883 -1.33063 1.19114 3.44835 2.00493 2.18909 -1.04625 0.376077 0.0219439 0.220463 -0.00982541 
3.64759 -0.0356296 -1.516 1.31849 4.75122 1.79437 3.68387 0.399032 0.059214 -0.186248 0.193662 0.247433 
5.03948 -0.322494 -2.04537 2.09001 5.50033 0.905056 4.69984 0.683018 0.0702517 -0.405127 0.0892481 0.389429 
4.95405 1.04353 -0.598831 2.29421 4.93023 1.1229 3.7598 0.981093 0.376193 -0.222967 -0.0530467 0.257708 
3.32803 1.21855 1.09889 3.07235 4.11161 3.11675 2.27198 1.64604 0.641522 -0.218888 0.0353093 0.214261 
3.21385 1.19896 0.884956 2.64679 3.69347 2.50351 1.56728 1.41088 0.593539 -0.108923 -0.0423058 0.114775 
4.00856 0.999633 0.132795 2.4089 4.02304 2.87703 1.78133 1.76177 0.700817 -0.348931 -0.0544537 0.157175 
1.56468 0.385403 1.51789 0.593885 3.55741 3.73388 2.92355 0.550718 -0.201818 0.714495 -0.00903877 0.204697 
2.29346 0.920028 1.92207 2.18201 3.96027 3.21319 2.45582 0.485528 0.282642 0.149996 0.0376624 0.248925 
2.8424 1.19266 0.514235 1.14893 2.72468 2.66012 1.67978 0.0298273 -0.574687 -0.0506361 0.288655 0.0992886 
3.12289 1.42538 0.323251 1.26286 3.1969 2.72913 1.90144 0.233982 -0.156664 -0.00988806 0.158664 0.103334 
3.41033 1.44781 -0.11924 1.70527 3.73057 3.08794 2.17958 0.118986 0.020676 0.00161149 0.204705 0.131006 
3.597 1.38484 0.0817092 1.49094 4.77114 1.66386 2.71985 -0.00288877 -0.188057 0.133384 0.0936771 0.18537 
3.89858 2.15277 0.441147 1.42667 2.98448 -0.384114 2.04685 -0.52233 -0.15628 -0.430983 0.128194 0.119088 
4.95119 2.13401 0.184125 1.16197 3.62024 -2.02169 1.63722 -0.518039 -0.149874 -0.79723 -0.191396 0.283563 
