1.29408 0.51711 1.25302 0.155817 1.17267 -0.83471 0.950937 -0.00189444 0.499712 0.155114 -0.195838 0.0300295 
1.4494 0.576147 1.51347 -0.0810108 1.38074 -0.462211 1.16757 -0.564266 -0.181008 0.105687 0.151347 0.00936873 
1.65069 0.344668 0.259838 1.02389 1.62616 -0.118558 1.36596 -0.372969 0.072505 -0.200495 -0.116868 -0.0465344 
1.58493 -0.528483 0.4512 0.451503 2.27836 -0.110062 0.0604327 -1.23078 0.697892 0.44903 -0.158989 -0.073175 
1.70608 -1.97359 0.0766681 1.94723 3.42776 1.51529 -1.56078 -1.94904 1.16685 -0.0541172 -0.292087 -0.104106 
1.7572 -1.67114 0.70993 0.22052 2.46209 0.651247 -0.979696 -1.56788 1.20943 -0.117502 -0.0717817 -0.000435691 
1.70091 -0.699986 0.765568 0.191523 2.73882 0.5619 -1.24945 -0.324329 1.08085 0.262595 -0.351989 -0.161118 
1.61497 -0.209296 1.60613 -0.435665 1.37003 0.191463 0.966403 0.0784503 0.825451 0.0350751 -0.229953 -0.105936 
1.51977 0.364662 1.30468 0.132381 1.53493 0.404977 0.667066 -0.477758 0.178005 -0.369456 -0.129916 -0.0549264 
1.64741 0.601775 1.74656 0.167863 1.10755 -0.336002 0.723126 -1.07448 0.103622 -0.284383 -0.508727 -0.0538521 
1.58492 0.657486 1.68102 0.215761 1.23583 -0.417122 0.43068 -0.358244 -0.108623 -0.224046 0.384754 -0.10084 
1.57826 0.662508 1.18211 -0.121065 1.3636 -0.425664 1.2121 -0.0547727 0.232478 0.0329988 0.0273815 -0.0844228 
1.64545 0.490272 1.56833 -0.62873 0.926154 0.63794 0.718498 -0.532694 0.30286 -0.239049 -0.083395 -0.0804744 
1.6861 0.405385 1.61267 -0.627278 0.72365 -0.721596 0.792139 -0.280645 -0.241801 -0.0176403 0.03683 0.00592988 
1.83682 0.251544 2.11225 -0.534348 0.630578 -0.52225 0.984412 -0.357393 0.251283 0.037346 -0.140406 -0.0546905 
1.67797 0.557165 0.853854 -0.177053 0.757027 -0.966809 1.15761 -0.432459 -0.00738989 0.0857796 -0.0107504 0.0220854 
1.6497 0.514201 1.40286 -0.117515 0.856196 0.0156657 1.06811 -0.32051 0.419445 -0.272145 0.380893 0.0492693 
1.35579 0.717201 1.19295 -0.325092 0.30571 0.186832 1.13185 0.166102 -0.0792863 -0.0922212 0.101938 -0.0801088 
1.42125 0.833313 1.19108 -0.0833538 0.686007 -0.644952 0.780331 -0.198088 0.311144 0.0264008 0.0679985 -0.0246377 
1.44111 0.612576 1.33649 -0.158324 0.309708 -0.337366 0.865111 -0.118123 -0.132055 -0.205156 0.213187 -0.00395065 
-1.36318 0.31006 2.89407 -1.80533 2.05797 -0.107037 -0.961432 0.940076 -0.750822 -0.112648 0.155832 -0.0723224 
-1.85866 0.474675 3.85581 -1.693 0.418238 0.101762 0.768931 1.21639 -1.64966 0.429699 0.457179 -0.151674 
0.435269 -0.365505 4.32247 -1.30794 0.778303 0.22678 0.816394 1.15593 -1.35112 -0.141383 0.58573 -0.18187 
1.29546 0.463833 2.46802 -1.2621 1.79197 0.504199 0.0512005 0.850937 0.0925374 -0.436999 0.632191 -0.0694256 
1.70885 0.665998 2.2015 -0.394666 1.56608 1.06408 1.2951 1.79578 -0.0260082 -0.171978 0.513569 -0.0793058 
1.73953 0.830513 1.26298 0.732638 0.493623 0.773875 1.72313 -0.146766 0.559544 -0.0474387 0.0873418 -0.0388026 
1.53141 0.337548 2.07486 -0.28257 1.54424 0.59668 1.02355 0.88609 0.268762 -0.0433315 0.138877 -0.0220883 
1.58385 0.61064 1.34055 0.303543 0.583047 -0.107098 1.10519 0.632427 -0.145844 -0.182566 0.367158 -0.0123167 
1.43447 0.0107427 1.40073 0.00728423 1.05085 -0.530368 0.490208 0.727315 0.237557 -0.418651 -0.0152239 0.0467909 
1.2216 0.414142 1.64011 0.0696346 1.89423 0.539203 0.613493 0.512443 0.641867 -0.0274602 0.179167 0.0116051 
1.14298 0.597987 1.799 -0.623915 1.36805 0.788547 0.885073 0.800994 -0.150968 0.0475246 0.566075 -0.200714 
1.32039 0.511173 1.53439 -0.608182 1.17265 -0.396809 -0.0745965 0.654422 -0.309206 -0.234583 0.352133 -0.0760282 
2.63637 1.89354 2.24072 1.7082 1.65831 1.48574 1.53399 1.31262 0.541319 0.488481 0.192053 0.048919 
5.42815 4.25013 3.70592 2.74528 2.49563 0.95907 1.40216 0.470171 0.790139 0.415772 0.225535 0.0921007 
5.25587 4.43518 3.26602 2.46699 1.77791 0.612908 0.468582 0.510957 0.525854 0.289541 0.338593 0.129918 
5.32154 4.55797 3.28357 2.11651 0.707152 0.341854 0.62867 0.201933 0.152931 0.288461 0.408175 0.164688 
3.72162 3.33733 3.01112 2.32366 1.561 0.959673 0.599859 0.47343 0.44577 0.524595 0.518392 0.125721 
3.2418 2.71174 2.31853 1.9678 1.46122 1.08992 0.926627 0.868605 0.714641 0.641258 0.556252 0.095973 
3.37775 2.87805 2.58911 2.43896 1.77733 0.911462 0.307402 0.161132 0.122284 0.161711 0.254691 0.0320764 
3.57579 3.15047 2.87115 2.31908 1.47275 0.564728 -0.106962 -0.404706 -0.318318 0.0941605 0.239105 0.0311409 
4.74605 3.5593 1.8161 1.68362 2.14986 0.34307 -0.276133 -1.46991 -0.252495 0.632828 0.412637 0.130081 
4.40886 3.29167 2.02123 1.71275 1.85996 0.235412 -0.68352 -1.15702 0.117448 0.696233 0.245634 0.066913 
4.00497 2.83748 1.57463 1.27452 1.85184 1.07722 0.395625 -0.306242 -0.0997591 0.2201 0.084654 0.0235937 
3.68774 2.9595 2.08742 1.65949 1.49883 1.13751 0.752104 0.443878 0.430958 0.329366 0.124056 0.0293664 
4.03508 3.21516 2.18153 1.52167 1.49453 1.54525 1.30796 1.05455 0.782711 0.400855 -0.00554502 0.0033278 
6.48755 4.41393 1.21795 0.501318 2.33771 1.60314 1.37637 1.28512 1.40542 0.478011 0.0972145 -0.0660098 
5.96078 4.11511 1.51959 0.499356 1.51275 1.82159 2.10779 1.97119 1.59066 0.539087 -0.0027188 -0.0851703 
5.36548 4.03594 1.83767 0.467102 0.602619 1.62286 2.4368 2.29178 1.32207 0.233381 -0.071404 -0.0821516 
5.27182 4.13294 0.904287 -1.40107 1.14461 0.20769 3.72096 1.39973 2.03766 0.294255 -0.0930117 -0.0165931 
3.69653 3.73021 1.1579 0.561296 1.60948 0.564354 3.00583 0.598701 2.33171 0.389925 -0.0906207 -0.0443843 
3.54623 3.04108 1.89421 0.891629 0.31146 0.86922 1.5265 2.20563 1.77152 0.550971 -0.0573722 -0.0442199 
5.98337 4.64493 2.68935 -0.545315 0.455514 1.76944 2.76266 2.56494 1.25806 0.612683 -0.0989868 -0.0964706 
5.91214 3.23391 1.28719 -0.00190644 1.94712 1.96156 2.39175 2.57755 1.45803 0.868385 0.0150532 -0.0880802 
3.89308 0.768296 -0.346402 -0.211043 3.21047 1.60704 1.9961 1.15013 1.29693 0.641153 -0.0809846 -0.0904425 
3.19079 -2.28134 -1.61812 1.61028 2.60519 0.144569 3.232 -0.741673 0.318991 -0.431538 0.20338 0.0792986 
4.05706 -1.12061 0.0807143 3.01334 4.15239 1.1654 3.91794 -0.466503 0.551551 0.187429 0.316684 0.220107 
4.62612 -1.12335 -2.21882 3.04307 5.5438 1.27047 3.92051 0.14278 -0.0412634 -0.217683 0.426588 0.30702 
4.89985 -0.311576 -2.45641 2.53806 5.18727 1.75396 3.95127 0.773925 -0.479786 -0.359788 0.292168 0.320529 
5.47123 0.993823 -1.03651 3.3926 4.84819 1.44151 3.15576 1.64299 0.464513 -0.544702 -0.15091 0.21884 
3.86362 0.390271 -0.413129 2.45225 3.70279 2.13023 1.75932 1.47337 0.453175 -0.569814 -0.0101017 0.172234 
3.75124 1.29193 0.092964 2.26507 3.95584 2.49097 1.3177 1.61296 0.844228 -0.201602 0.00855947 0.102049 
4.75982 0.19622 -0.461741 3.05676 4.31254 1.89063 1.92786 2.37651 0.444799 -0.363116 -0.221447 0.190722 
3.74066 1.51271 0.579539 2.01209 3.50524 2.83601 2.21607 1.32541 0.331565 -0.117924 0.0676579 0.13804 
2.88117 2.1209 1.55948 -1.25513 1.43039 1.0355 1.61719 -0.857772 -0.288249 0.966769 0.362204 0.161502 
3.1432 1.59889 0.658291 -0.708344 1.08216 0.281907 1.13926 0.0048532 0.332917 0.700623 0.312413 0.0615856 
4.05309 0.580806 -0.627347 0.541238 4.33131 2.33518 1.9261 0.0754493 -0.0913705 0.093774 0.259022 0.169497 
5.88886 0.222445 -3.27117 2.13403 6.13191 1.43007 3.47854 -0.313587 -0.199622 -0.524442 0.0539292 0.291627 
4.55706 -0.707088 -3.15315 2.01923 5.98644 0.894737 3.21742 0.169878 -0.130334 -0.323425 -0.0226891 0.30119 
4.49881 0.319391 -1.49153 1.14825 3.80997 0.30159 1.11674 0.0856429 -0.520909 -0.428117 -0.0872172 0.133274 
4.72725 1.57977 -0.442168 0.442643 1.8727 -1.18887 0.72578 -0.319373 -0.203602 -0.77701 0.100027 0.167129 
4.50287 2.25789 0.177682 1.11254 1.33441 0.116425 -0.0498813 -0.413157 -0.04204 -0.476355 0.274574 0.0846251 
3.18453 1.92869 1.16582 0.733168 0.714278 0.249214 0.0126001 -0.0441739 -0.185662 0.0646327 0.233057 0.0436892 
3.54977 1.85649 0.427274 0.239174 0.62247 0.449366 0.369805 -0.0692262 -0.407316 -0.22806 0.354837 0.0890766 
5.6855 2.51162 -0.25759 -0.114024 2.92114 -1.06039 0.575152 -0.604462 0.883212 -0.0754654 0.0915797 0.187624 
5.36473 3.08299 -0.0591665 0.726135 1.51947 -0.921564 0.681053 -0.133003 0.516492 -0.443524 0.0857068 0.0884478 
5.25911 2.48725 -0.140482 0.411628 1.81612 0.0889037 0.610707 0.165348 0.113603 -0.550172 0.0331918 0.088984 
4.36457 3.08438 1.30472 1.53619 2.2207 -0.209335 1.23281 -0.160911 0.672601 -0.347181 -0.0871646 -0.0179184 
5.42367 3.21384 0.39719 1.25763 3.56465 0.781419 1.94039 -0.665382 0.323078 0.0940888 -0.00664721 0.0227918 
4.96327 2.11955 -0.182515 1.22344 3.23988 2.84039 1.45354 -0.212449 -0.251333 0.0227487 0.137425 0.0397729 
4.52787 1.04104 -0.812552 1.41218 3.73504 3.04363 1.21491 -0.0311744 -0.333953 0.171301 0.175371 0.0495397 
4.36558 0.364543 -1.50591 1.57214 4.11718 3.06752 1.54007 0.109097 -0.285939 0.348883 0.196716 0.0524828 
4.35319 0.404811 -0.869856 2.23827 4.09937 2.77259 1.33975 0.517474 -0.076036 0.25152 0.23418 0.10139 
3.3686 1.13874 0.108733 1.90967 3.84101 3.09398 1.08073 0.0613735 0.0936616 0.248562 0.297493 0.0865979 
2.97862 0.837013 0.197202 2.02278 3.56363 2.77854 1.1346 0.340909 0.271651 0.287142 0.248413 0.0706222 
3.53958 0.18139 -0.448966 2.48521 4.51015 3.17711 1.32586 0.746921 0.477185 0.417578 0.159245 0.09533 
