1.48709 0.0638336 0.923684 -0.09298 1.02572 -0.618771 0.664431 -0.317682 0.260316 0.130847 0.150298 0.0155467 
1.96024 -0.0386689 1.75817 0.422741 1.18646 0.342381 1.05769 -0.341549 0.151261 -0.0903823 -0.0725648 0.0687127 
1.80768 0.0175022 1.46551 -0.593503 0.99535 -0.235416 0.831407 -0.36411 0.110187 0.0527905 0.258252 0.128053 
1.59256 0.130989 0.589084 -0.0822396 0.455862 -0.669032 1.01982 -0.810384 0.276681 0.0354301 0.116544 0.0280221 
1.69497 0.147195 1.09115 -0.18795 0.294638 0.245306 0.999356 -0.311136 -0.227269 -0.479556 -0.0448756 0.0340722 
1.37199 0.215757 0.868815 -0.250613 0.737595 0.151458 1.00926 -0.421228 0.368992 0.0351291 0.123255 0.0550963 
1.57453 -0.0253403 1.32304 -0.0314232 1.28779 -0.0952994 0.822296 -0.234503 -0.133049 -0.387431 0.0055431 0.041021 
1.53306 -0.00253921 1.36636 0.0153211 1.1402 -0.292943 0.537416 -0.264887 -0.0562408 -0.276648 0.0972518 0.0521709 
1.73593 0.106184 0.777124 -0.501033 1.09763 -0.845259 0.618807 -0.27996 -0.607888 -0.568805 0.153606 0.0491438 
1.58082 -0.0842545 1.4502 -0.0473199 0.671894 -0.24836 0.948446 -1.05166 -0.221578 -0.109979 0.0713546 9.65586e-005 
1.43338 -0.0434983 1.15214 -0.800496 1.04466 0.238206 0.310322 -0.391879 -0.583299 0.0729163 0.113176 -0.059447 
1.4815 0.00326231 0.801148 0.0417545 0.740515 0.120621 0.812144 -0.335952 -0.163216 -0.100463 -0.210399 0.0376785 
1.78253 -0.461218 0.539333 -0.124809 2.1327 0.123469 0.108283 -0.209667 0.0208101 0.236539 0.100482 -0.0300231 
1.82115 -0.551365 1.41202 -0.907804 1.34059 -0.611787 0.335116 -0.255135 0.000480231 -0.243505 0.150689 0.0635189 
1.5116 -0.11509 1.4765 -0.669555 0.897434 0.291624 0.680381 -0.780706 0.141728 0.216047 0.261721 0.0918229 
1.72471 -0.0961611 1.18779 -0.175181 2.07303 -0.208107 0.229153 0.666178 0.23041 -0.102726 0.0644418 0.0413269 
1.69144 -0.0509887 0.860036 0.0440617 1.19647 0.331622 0.420455 -0.17837 0.572567 0.496635 0.09078 -0.0430418 
1.60279 0.0874095 1.11551 -0.465306 0.184463 0.347134 0.205446 -0.502231 0.0133407 -0.198292 0.137426 0.107906 
1.61026 -0.351931 0.983252 -0.470643 0.583975 -1.05704 0.687697 0.351045 0.334059 0.196919 0.0822025 0.0982907 
1.54827 -0.0754056 0.533689 -0.536638 0.271865 -0.587135 0.636454 -0.341635 -0.102063 0.0845183 0.234852 0.119605 
1.33087 -1.16923 2.76188 -1.21058 0.613199 -0.705789 1.21669 -0.640428 -0.323289 1.01833 -0.303994 0.00555222 
-1.70072 -5.20233 5.82938 1.90344 -0.504776 -2.54483 0.771501 0.841873 -1.01891 0.988995 -0.156457 -0.115737 
0.0232112 -3.67379 4.62795 1.95866 0.742433 -2.10406 1.27897 0.269591 -1.10558 0.0403577 -0.296171 -0.0990381 
1.12328 -2.14508 4.18532 1.59719 -0.756604 -0.0694944 1.15199 -0.372975 -1.56621 -0.0647117 0.102117 -0.141166 
1.23319 -1.33606 2.24476 1.44364 -0.548249 -0.790879 1.62465 -0.741261 -0.56828 0.477752 -0.160221 -0.0978927 
1.81611 -0.547789 1.8148 0.285623 -0.0473257 -0.314098 2.1002 -1.07152 -0.685189 0.623079 0.00405264 -0.181375 
1.62301 -0.706031 1.92335 0.843995 -1.04784 -0.486576 2.28997 -1.42148 -0.586365 0.406584 0.115484 -0.0826876 
1.88529 0.340175 1.44831 0.0848716 1.0139 -0.272732 1.19573 0.07979 0.425208 0.292459 0.256018 0.133349 
1.76042 0.634225 1.15377 0.0189428 0.815544 0.464337 1.54984 -0.583601 0.621809 0.0238138 0.198607 0.0857501 
2.59346 2.00167 1.74765 1.47543 1.60827 1.25018 0.965231 0.831139 0.490862 0.396087 0.185621 0.035808 
2.77745 2.2763 2.05224 1.81299 1.49534 1.26411 1.07875 0.817873 0.579509 0.413078 0.25104 0.0459969 
3.17419 2.63446 2.58207 2.45108 1.63361 1.00478 1.1077 0.914126 0.418048 0.399218 0.495246 0.0817459 
3.57117 3.03182 2.75155 2.2795 1.53009 1.10426 0.931381 0.501238 0.22791 0.492576 0.613931 0.117943 
3.28152 2.89456 2.58209 2.21764 1.78851 1.34231 0.960211 0.712904 0.534049 0.47384 0.429941 0.0815917 
3.67504 3.33444 3.00184 2.5586 1.97272 1.06904 0.404304 0.155432 0.112345 0.188183 0.296256 0.0540615 
4.86171 2.98777 1.77949 1.68896 2.56059 0.878915 0.94847 -1.87246 -0.680477 0.00133015 0.603608 0.224072 
4.02469 1.80963 0.263777 0.682501 1.26906 1.34335 1.12701 -1.41889 -0.542337 0.0196069 0.379063 0.146922 
4.06279 2.21606 1.14878 1.56578 1.52551 1.74899 1.97263 0.121693 -0.140586 0.303818 -0.112213 -0.0108718 
4.37265 3.15054 1.96472 1.39897 1.64633 1.58566 1.54722 0.0464197 0.42215 0.571939 0.0402397 0.0299263 
3.81381 2.96859 2.51364 2.00286 1.79178 1.85974 1.49435 0.615408 0.532676 0.494388 -0.038851 0.0204102 
3.74227 3.1672 2.16618 1.49433 1.41767 1.72368 1.72625 1.33392 0.912568 0.40409 -0.0321813 0.0136193 
4.39177 3.31848 1.60706 0.729169 1.11109 1.78902 2.49863 2.0761 1.48529 0.495143 -0.0955288 -0.052856 
4.01059 2.64545 1.26169 0.761745 1.47677 2.12093 2.38357 2.10061 1.37491 0.539704 -0.150206 -0.0401625 
3.61462 2.57126 1.02681 0.644889 1.69501 1.81961 2.83882 1.71746 1.38238 0.444087 -0.176067 -0.0275274 
4.73501 3.47957 1.31479 -0.309283 0.788936 1.08259 2.32795 1.59104 1.32387 0.560594 -0.113763 -0.0750217 
3.67119 2.96177 1.81184 0.700866 0.488416 1.09509 1.92213 2.09623 1.39923 0.499628 -0.055476 -0.0409776 
3.45539 2.89273 2.00699 0.994569 0.69489 1.06032 1.63526 1.83428 1.24511 0.488458 0.0294942 -0.00832357 
4.01271 1.87945 1.49289 1.37013 0.216436 0.804993 2.21934 1.40043 1.52196 0.786284 -0.150815 -0.0929993 
2.44609 -1.49461 -0.607213 1.65261 3.04234 2.21668 3.54309 -1.20791 0.126301 -0.0378165 0.549544 0.134136 
5.1573 0.676639 -0.655311 1.76313 4.40971 2.05638 4.48575 -0.495041 0.363505 -0.0972318 0.0733607 0.170427 
4.3842 1.04777 -1.3939 1.21499 4.26513 2.83507 3.57255 0.502014 0.183191 -0.166697 0.180784 0.205383 
4.06014 1.83126 -0.323061 0.886902 3.85346 2.88257 3.54426 0.732708 0.35574 -0.175186 0.0363159 0.163723 
3.75126 2.37956 1.54797 1.91004 3.1678 3.04779 2.8797 1.55112 0.407172 -0.102207 0.132192 0.134564 
3.06498 2.06787 1.41454 1.60874 2.53948 3.29149 2.99858 1.45905 0.191873 -0.203834 0.0473427 0.139462 
4.54684 2.536 0.719154 1.19064 3.47754 4.39714 3.31543 1.0512 0.0856976 0.0188494 0.100677 0.171854 
2.90757 1.98087 1.47517 1.35307 2.08029 2.55133 2.18027 1.40931 0.589612 0.0531908 0.222093 0.0934349 
2.46699 0.80422 2.25441 -1.25136 2.4274 1.60093 3.86628 0.954721 -0.94329 0.645833 0.148022 0.0782461 
3.05445 1.43946 2.37495 -0.199756 1.69806 0.768111 2.45415 0.75331 -0.0951895 0.678921 0.722062 0.0904667 
4.22556 1.64428 0.358397 1.80506 5.61483 4.77679 2.45052 -0.016982 -0.386859 0.758046 0.272211 0.170186 
4.20114 1.35876 0.353317 2.23238 5.62513 2.84748 3.52667 -0.248612 0.043942 0.405319 0.12328 0.217776 
3.83966 1.47307 -0.511485 3.05536 5.50186 2.51126 4.00287 -0.808998 -0.188235 0.525796 0.189203 0.221923 
4.66317 0.97559 1.19052 3.09472 4.59614 0.816425 4.26586 -0.775901 -0.0805464 -0.0343464 0.0836905 0.186608 
4.37594 2.41897 1.52363 1.87835 5.70637 -0.0984812 2.34094 -0.228667 -0.397807 -0.806349 -0.135169 0.248165 
4.65583 2.91146 1.46522 1.77831 4.99923 0.248831 2.03894 -0.322969 -0.962302 -0.730226 -0.0946227 0.176168 
4.73129 3.14727 1.42649 1.17166 6.02839 0.0493877 1.54306 -0.853333 -0.759636 -0.741454 -0.24751 0.146652 
4.55602 2.87439 0.783539 1.39542 5.92654 0.0127018 1.0203 -0.703654 -0.291861 -1.07341 -0.180201 0.106739 
4.71382 2.90585 0.918832 0.838482 6.10223 -0.0982797 0.946088 -0.692766 -0.396192 -0.735725 -0.278059 0.103406 
5.17594 2.46805 -0.0301083 1.32752 5.61955 0.428188 1.04751 -1.10494 0.0202108 -0.457175 -0.141221 0.122503 
4.24166 1.42667 -0.664915 2.47802 5.94879 0.394782 1.49127 -0.831855 0.544787 -0.25488 0.0415994 0.179614 
4.55629 0.77284 -0.618288 3.01704 4.96357 1.19982 1.9434 -0.705227 0.342364 -0.150117 0.197839 0.132223 
5.00174 1.13165 0.100988 2.76262 4.59068 2.11747 0.880545 0.64793 -0.0550863 -0.0145193 0.0541146 0.0848628 
5.29494 -0.972821 -1.26639 3.43595 4.1347 2.67566 2.03821 0.290044 -0.215618 0.167846 0.385179 0.121356 
4.25013 -0.251145 -1.02836 2.98607 4.78083 2.74424 1.24953 0.888764 0.24493 0.232951 0.230051 0.15815 
4.51763 1.18959 -0.465427 2.44691 4.74829 3.56121 1.63494 0.419566 0.105789 0.39281 0.175029 0.0905108 
3.85744 1.12262 0.0143096 2.38027 4.15244 3.11761 1.8613 0.641296 0.0973831 0.0664161 0.150757 0.132416 
4.03358 0.274873 -0.955854 2.4082 4.94786 2.68991 2.17676 0.525394 -0.177264 0.378503 0.284233 0.174646 
3.17002 1.17767 0.86885 2.93061 4.41132 2.83129 1.49224 0.655108 0.387117 0.228665 0.264863 0.134062 
3.34195 1.80278 0.726117 1.54728 3.06239 3.0284 1.95729 0.463561 -0.15353 0.0728715 0.349316 0.132469 
2.98731 1.74415 1.12767 1.66174 2.67471 2.76044 1.87709 0.365424 -0.297409 0.0158935 0.357576 0.105904 
3.30422 1.80991 1.08422 1.88866 2.99218 2.55686 1.66254 0.735706 -0.0205095 -0.0263505 0.290949 0.0990707 
4.27042 1.42345 0.0962457 2.56143 4.88004 2.71728 2.47371 0.743462 -0.155558 -0.0128403 0.202136 0.206992 
3.63258 1.37249 0.640587 2.59712 3.72361 2.76885 1.72253 1.15212 -0.00719895 -0.494413 0.229562 0.174791 
3.72786 1.23986 0.0204812 1.98094 3.71521 2.4196 2.11423 1.13467 0.00918817 -0.51885 0.221917 0.186643 
3.2023 1.52106 0.817937 1.99007 3.01885 2.62796 2.05894 0.993822 -0.133323 -0.415846 0.420577 0.159022 
2.73695 2.21832 2.02139 2.03286 1.98621 1.75139 1.27886 0.866057 0.637412 0.486735 0.31459 0.0631061 
