1.13456 0.542653 1.70957 0.177872 0.86909 -0.236518 0.914097 -0.145282 0.231427 -0.160752 0.30034 0.00620907 
1.40412 0.302272 2.05968 -0.238008 1.5759 -0.0852362 0.376333 0.667895 0.32041 0.119095 0.349299 0.0264257 
1.54014 0.630473 1.27095 0.0855154 1.60562 0.491301 1.20959 0.0765112 0.56463 -0.00485802 0.128153 0.0551229 
1.30732 1.20264 1.99566 0.480645 1.62194 0.783944 1.35617 0.662525 1.69814 0.69095 0.273801 -0.0207288 
1.47498 0.799966 2.12422 0.302124 1.40686 0.182545 0.552277 0.785853 0.768929 0.263136 0.204403 -0.0107887 
1.46455 1.03582 1.8524 -0.0609525 1.1732 0.969408 1.20246 0.23111 0.736386 0.0786105 0.176084 0.0580821 
1.14128 0.192118 1.25205 0.257572 0.797406 0.086262 0.951924 -0.35482 -0.0246776 -0.0278515 0.0734204 0.0592253 
1.09499 -0.012922 1.24743 0.198369 1.17131 -0.313762 1.07512 0.093371 0.47084 -0.225153 0.243901 0.0233899 
1.29656 0.364881 1.55948 0.529646 0.875498 -1.01566 0.685395 0.50599 0.119201 -0.465782 0.393437 0.0201868 
1.19119 0.418493 1.92489 -0.38837 0.468109 -0.304318 1.04604 -0.444977 0.0207472 -0.179066 0.0395447 0.0816815 
1.44451 0.402316 1.89759 0.0870645 2.26634 0.404839 1.51157 -0.451031 0.608689 0.101452 -0.00549898 0.107776 
1.66407 0.415478 1.5315 -0.126554 0.908063 -1.04211 1.20341 0.5551 0.132591 -0.0435089 0.16109 0.0479374 
1.16618 -0.0149306 1.36863 0.0106806 1.74034 -0.00992564 0.296702 -0.511631 0.2357 -0.111848 -0.00601022 -0.00130185 
1.25261 0.0572372 1.17535 0.0484194 0.70864 -0.200653 1.4082 0.419146 0.43784 0.150798 0.158804 -0.0332135 
1.35751 0.362742 1.81882 -0.506127 0.744788 -0.00173148 0.765803 0.225269 0.263897 0.0233344 0.0589622 0.0294394 
1.22264 0.146026 1.62767 0.0971973 0.967208 -0.393728 0.535652 -0.421182 0.0728141 0.286699 0.0659104 -0.0405134 
1.39805 0.18897 1.22261 -0.0591296 1.36785 -0.0280549 0.792717 -0.144556 0.821102 -0.0105991 0.20308 -0.00847229 
1.42352 0.208867 1.22552 -0.16684 1.01074 -0.0998432 0.689711 0.0412385 0.417663 -0.496092 0.0625938 0.0263899 
1.6166 0.786723 1.41523 -0.703835 0.715605 -0.574229 0.272851 0.191366 -0.147808 -0.137413 0.187362 0.0281757 
1.55715 0.830099 1.19316 0.286544 0.922015 -0.429547 0.769817 -0.541239 -0.0989317 0.0532281 0.167428 -0.0119963 
1.34035 -0.0533061 1.75742 -0.320802 0.759111 -0.105293 0.932695 -0.370379 -0.241992 -0.101814 -0.0684391 -0.0615527 
1.36551 0.682753 1.68802 0.476774 1.01275 -0.218068 0.652485 0.288456 0.544007 0.144676 0.07057 -0.0261018 
1.03433 0.526494 1.53409 -0.155901 1.12889 0.265228 0.284926 -0.0854247 -0.0580449 -0.452512 0.0519309 -0.0604869 
1.40163 0.925991 0.977792 0.0137553 1.07629 -0.0794799 0.407722 -0.060292 0.149881 0.000133779 0.0862368 -0.0902628 
1.23069 0.463543 0.998802 -0.524754 0.349716 -0.30896 0.904465 -0.836006 -0.149051 -0.0777011 0.178071 -0.0593473 
1.11075 0.694458 1.46966 -0.0489312 1.44104 -0.641991 0.680328 -0.54206 0.716989 0.167069 0.109704 0.0278233 
1.63415 -0.0280051 0.860598 0.46659 2.46743 -0.380737 -0.398273 -0.427054 0.82334 -0.0309348 -0.293976 -0.13719 
1.45058 -1.42804 0.634064 1.03814 1.94352 -0.677736 -0.119282 -0.0258104 0.970053 0.475742 -0.0935298 -0.140708 
1.43529 -1.0543 0.0513558 1.65792 1.52521 -1.59674 -0.112876 0.444382 0.761105 0.645574 0.0220514 -0.173904 
1.44689 -0.788757 0.355496 0.526014 1.35741 -1.38816 -0.272836 -0.243159 0.637798 0.118826 -0.221055 -0.210871 
0.643123 -0.625004 0.903666 1.60754 2.4597 -1.9771 1.19239 -0.424789 1.29602 0.462188 -0.029813 -0.168909 
-1.42914 -0.746087 1.15556 -1.00935 3.26597 -0.613349 0.97296 -0.773626 -0.376712 -0.528039 0.510458 0.251612 
-0.213169 -2.21527 2.29278 0.734079 2.4895 -1.77076 1.97044 -1.02568 -0.301706 0.978905 -0.0130724 -0.0337262 
0.968943 -1.21729 1.15244 1.36144 2.5053 -2.02162 1.40343 0.157818 0.24586 0.771526 -0.0416968 -0.174988 
1.24905 -0.38386 1.86874 1.29975 -0.0156318 -1.48052 0.61119 -0.321523 -0.74516 -0.0175391 0.269961 -0.122333 
1.60728 -0.0678163 1.84104 0.887052 0.209608 -1.36031 1.21259 -0.267923 -1.34253 -0.232402 0.247474 -0.0973247 
1.23065 0.0258663 1.39559 0.21976 -0.253561 -0.630469 0.950838 0.362905 0.0570713 -0.0905204 0.274534 -0.0504625 
1.07996 -0.0495244 0.999732 0.417603 0.484867 -2.36174 1.03584 -0.68332 -0.328113 -0.484464 -0.0793698 -0.0695887 
1.27627 0.35807 1.87525 0.88763 0.536413 -0.220562 0.736628 0.232751 -0.125833 -0.369894 0.324706 -0.0109518 
1.88077 1.42049 2.3681 1.53026 1.36645 0.728236 1.25071 0.77378 0.388601 -0.00563539 -0.0741964 0.101531 
3.66876 3.12849 3.67299 3.24239 2.63711 1.68277 1.28789 1.40961 0.679186 0.429992 0.328769 0.0929841 
3.01449 2.43669 2.0448 1.5424 1.31617 1.51352 1.31022 0.45869 0.170766 0.479964 0.438947 0.0585497 
3.17456 2.67588 2.39977 2.00033 1.40497 1.01945 0.874318 0.741754 0.486807 0.358814 0.417183 0.0683403 
3.24326 2.62537 2.31973 2.13369 1.59043 0.997646 0.672649 0.533146 0.394886 0.443215 0.463945 0.0747002 
3.90195 2.8897 2.33506 2.1228 1.35485 0.530292 0.148593 -0.646671 -0.76263 -0.0460472 0.456317 0.088549 
5.98803 2.75312 1.18669 2.31321 1.02358 -0.408535 0.841505 -1.01099 -1.24101 0.189514 0.627678 0.201255 
6.21134 2.74896 -0.108575 1.55605 1.25207 -0.418983 1.38337 -0.873975 -0.507515 -0.0558296 0.577912 0.232491 
5.07189 2.78265 0.939921 0.27992 0.414733 0.523522 1.17275 0.144272 -0.0591676 0.287304 0.116642 0.0376406 
4.00967 3.03409 1.70638 0.725856 0.533981 0.822683 0.97458 1.02931 0.90312 0.50914 0.0495593 -0.0061188 
3.33058 2.64927 1.92841 1.21417 0.655792 0.629992 1.10595 1.34695 0.976751 0.420095 0.144938 0.0153226 
3.7758 2.92075 1.65696 0.81223 0.885798 1.43681 1.94682 1.94869 1.28279 0.358655 -0.055017 -0.0373494 
3.75293 2.73453 1.4505 0.676073 0.787877 1.40712 1.89111 1.78945 1.2046 0.482939 0.00773744 -0.0299354 
3.50046 2.49364 1.22022 0.482139 0.665368 1.31642 1.70777 1.58795 1.08672 0.472302 0.0708543 -0.028037 
3.37414 2.28875 1.13309 0.705236 1.04196 1.48577 1.61439 1.45514 1.08447 0.483805 -0.020718 -0.0287986 
3.59034 2.68446 1.06264 0.0786428 0.301686 0.865261 1.54735 1.24065 1.025 0.44147 0.0333431 -0.0246394 
3.72396 2.91438 1.5111 0.252542 0.397739 1.08476 2.08886 2.01466 1.44071 0.572458 0.11791 -0.0257951 
3.6464 2.71399 1.30566 0.257537 0.170254 1.0102 1.96989 2.14829 1.47818 0.57321 0.108172 -0.0426411 
3.67583 2.80185 1.56568 0.509382 0.494708 1.31819 2.31708 2.32367 1.55323 0.50398 -0.0540286 -0.0570609 
3.52656 1.61829 0.722234 0.345465 1.19211 1.35897 2.12852 1.47605 1.53669 0.915816 0.276488 -0.0245462 
3.77385 -2.51378 -1.66879 0.728732 3.17271 1.67281 4.63844 -0.790148 0.335106 -0.244325 0.0101806 0.103799 
4.66789 -1.12562 -1.7275 1.69003 4.12283 0.880018 3.92962 0.0268619 0.385879 -0.396546 0.163259 0.252259 
3.52251 -0.224551 -1.49489 1.57648 3.24295 2.76729 2.46243 1.0327 0.0322034 -0.558054 0.255587 0.171213 
3.0731 0.447218 -0.615652 1.17291 3.46416 3.12834 2.26303 0.850271 -0.0630865 -0.293658 0.153831 0.154452 
3.5598 1.36961 0.27842 1.40408 2.83778 2.44989 2.79558 1.39882 0.117355 -0.414283 0.164823 0.153999 
3.20625 1.64909 0.555382 1.45635 2.54248 2.51896 1.82256 1.13354 0.499549 -0.115565 0.14184 0.0843562 
3.96085 0.134235 -0.599708 2.56777 3.74236 2.43868 1.82015 1.5828 0.345971 -0.390823 0.00763539 0.175648 
3.1244 0.639146 -0.0815731 1.76619 2.97477 2.52016 1.98186 1.58638 0.434978 -0.328797 -0.0544971 0.124089 
3.31515 0.884088 -0.0648613 1.71799 3.27875 2.77956 1.8769 1.39911 0.442264 -0.257099 0.0981651 0.148716 
3.7951 0.552634 0.582433 2.61175 3.33404 2.65718 2.05389 0.93869 0.908428 -0.232563 -0.151186 0.116859 
3.4316 0.364023 0.985048 2.31833 1.62587 2.48599 2.31467 -0.798604 0.213945 0.134352 0.01175 0.00456277 
5.74762 0.753398 -1.85711 1.87962 5.25665 2.26069 4.48927 -0.389905 -0.338462 -0.225156 0.286269 0.249068 
6.39793 0.512397 -2.94873 2.39531 6.655 1.62228 4.20527 -0.380331 0.0836617 -0.474505 0.183422 0.358554 
4.90137 1.63713 -1.27237 1.6457 6.05734 1.79636 3.80796 -0.538986 -0.130948 0.316832 0.0867637 0.279714 
4.99248 1.89486 0.922303 0.708287 3.51406 -0.190135 3.10752 -0.661221 -0.7063 0.41848 0.0751291 0.2235 
5.30585 2.67671 0.0227143 0.683691 3.57944 -1.45097 1.8149 -0.628026 -0.485052 -0.4897 -0.0897679 0.307279 
5.67367 3.21574 -0.572327 0.296851 3.17628 -2.06167 1.32611 -0.524533 -0.440338 -0.119515 -0.208343 0.296519 
5.02462 3.35361 0.389407 -0.553907 2.72116 -1.0613 1.39726 -0.510538 -0.619938 0.283635 0.0157196 0.220249 
5.08207 3.00848 0.403246 -0.490918 3.41954 -0.612726 1.8591 -0.56294 -0.190667 -0.0631784 0.106773 0.277283 
5.22827 2.52743 0.576695 1.29269 3.90957 -0.215856 2.09202 -0.223479 0.266665 -0.511256 -0.132438 0.173311 
4.02557 2.44112 1.15016 1.63405 3.02874 0.757687 1.66671 -0.012124 0.59996 -0.121676 0.0403598 0.0374064 
4.26071 2.39489 0.831504 1.88157 2.91705 1.7194 1.45077 0.0500262 0.269684 -0.0424803 0.184818 0.0485139 
4.01476 1.91381 0.918256 2.21735 2.73313 1.55263 0.895876 0.886955 0.375872 -0.127431 0.141599 0.0506568 
3.72667 1.88346 1.08814 2.54239 3.42783 1.82936 0.873549 0.585714 0.499881 0.0406915 0.173518 0.0419964 
4.79146 2.02456 -0.422677 4.60303 4.4688 1.94653 2.19899 0.49827 1.00677 -0.433039 0.234284 0.104191 
2.99033 1.96536 1.68227 2.25703 2.41501 1.54478 0.674266 0.506626 0.606943 0.527375 0.261258 0.0279358 
