1.43932 -0.292702 1.40442 -0.0206486 0.944829 -0.13068 0.670313 -0.342617 0.157208 -0.240349 0.244799 0.0654384 
1.68305 -0.518351 1.67316 -0.231558 1.08133 0.42966 1.58709 -0.589638 0.329833 0.141977 -0.0193188 0.020211 
1.58884 0.555694 1.49471 -0.45397 0.879988 0.261653 0.91473 -0.51823 0.158117 -0.229138 0.209978 0.101571 
1.73791 -0.340346 1.2134 0.461526 1.30247 -0.576021 0.778904 -0.139648 0.461434 -0.125828 0.0379755 0.0243284 
1.76989 -0.121756 0.630973 -0.0431675 0.0307222 -0.389508 0.893745 -0.722325 0.689594 0.16237 0.153866 -0.00156613 
1.37253 -0.292292 1.25317 0.4006 0.775537 -0.0407217 1.36004 -0.636528 -0.197433 -0.319009 0.0439141 -0.00662613 
1.59924 0.401124 1.22757 -0.399403 1.27855 -0.191893 0.860334 -0.0907269 0.0211875 -0.191266 0.222124 0.0482473 
1.579 0.27961 0.846809 -0.0366347 0.906767 0.211397 1.3695 0.0367847 0.747675 -0.439487 0.243611 0.0957851 
1.32371 -0.343985 1.49591 0.263874 1.02879 0.239905 1.14443 -0.777301 0.382187 -0.164561 0.00124188 0.130005 
1.42357 0.252288 1.47185 -0.520154 0.748547 -0.478229 0.551567 -0.0275636 -0.268767 -0.226054 0.115199 -0.0486712 
1.67732 0.0604154 1.31522 -0.0591392 0.939504 -0.0987483 0.439758 -0.48271 0.222035 -0.261626 0.259487 0.0735221 
1.43348 0.704189 0.751218 0.416527 0.761527 -0.281723 0.876899 -0.795817 -0.0932127 -0.296458 0.391759 0.0322381 
1.54252 0.29584 1.35113 -0.391671 0.530827 0.0853833 0.300855 -0.696141 0.166806 0.0954903 0.228818 0.0778257 
1.25185 -0.119584 1.02341 -0.673608 0.953359 -0.613106 0.868527 -0.0445308 0.0696089 -0.0144957 0.00846829 0.173671 
1.96632 -0.362489 1.72035 0.427415 1.23105 0.140008 1.05922 -0.0808719 -0.16937 -0.13202 0.125114 0.097106 
1.6895 0.329122 1.08818 -0.123146 1.01416 -0.116453 1.28456 -0.502937 0.604042 0.233602 -0.0859615 0.0273647 
1.62607 0.197935 1.0033 -0.15859 0.46562 -0.502702 0.654843 -0.50101 0.105154 -0.310428 0.105531 0.0568662 
1.56174 -0.0945678 0.884232 -0.00797424 0.593387 -0.11305 0.389462 -0.0239056 0.27022 0.275387 0.383986 0.0112933 
1.63546 0.15562 1.17469 -0.281521 0.928442 0.263561 0.970887 -0.717393 -0.238745 -0.500174 0.063288 0.067854 
1.47352 0.134281 0.99917 -0.114922 0.777211 0.141838 0.673561 -0.641892 0.300634 0.148779 0.035458 0.0616683 
1.79329 -0.0690625 0.983733 -0.294258 1.21529 -0.411469 0.732661 0.00233733 -0.163657 -0.440951 0.104252 0.0883948 
1.59148 0.245402 1.15576 -0.358553 1.57664 0.185036 0.771623 0.282581 0.380581 0.0930347 -0.0531459 0.0322189 
1.89382 -0.0260394 1.62115 0.142912 1.13512 0.00481709 0.686143 0.389109 0.568999 -0.189892 0.0517706 0.0995511 
1.72329 -0.0401574 1.27915 -0.339464 0.757192 -0.142157 1.37569 -0.804134 -0.0400216 0.184398 -0.0484841 0.0429904 
1.46762 0.140735 2.0257 -0.476115 0.633326 0.217601 1.09271 0.430138 -0.195517 0.0466312 0.0846215 -0.0169679 
1.58672 0.268805 0.972629 0.355268 0.823993 -0.533348 1.03224 -0.0990356 -0.127365 -0.0622058 -0.324191 0.0402474 
1.73413 -0.341524 0.91303 0.816715 1.01236 -1.14525 1.07175 0.408712 0.488995 -0.283175 -0.183115 0.076405 
1.76009 -0.0417855 1.03832 -0.352141 0.775288 -0.137821 0.665587 -0.313411 -0.370516 -0.242104 0.332071 0.0724736 
1.36694 0.204478 0.930777 0.0834763 1.02871 -0.426297 1.03165 -0.474083 0.0515566 0.0368688 0.190771 0.0396972 
1.73755 0.234983 1.14087 0.247679 1.20923 -0.0214285 1.17723 -0.516587 0.199244 -0.247344 0.159126 0.046915 
1.53908 0.0172485 0.95525 0.34622 1.10255 -0.09104 0.775944 -0.621275 0.61411 -0.0530934 -0.12577 0.0405838 
1.46444 0.416336 0.586804 -1.0557 0.168436 0.238552 0.758888 -0.87104 -0.0704951 -0.0470702 0.304876 0.026259 
1.64041 -0.223071 0.904533 -0.65398 0.833636 -0.486841 0.872838 -0.392719 0.0150508 -0.367337 0.234737 0.0371723 
1.49338 0.137645 0.718693 -0.422235 0.390979 0.256185 1.00824 -0.350377 -0.269224 -0.378924 -0.0213475 -0.0284824 
1.58788 0.131398 1.16124 -0.113838 0.437796 0.314848 1.03476 -0.331017 0.275757 -0.628558 0.066416 0.060801 
0.891231 -0.172931 2.04228 0.0213133 0.445017 -0.217942 2.01005 -0.412397 -0.574602 0.580176 -0.082459 0.0613943 
-1.03695 -4.8134 3.85618 3.88912 -1.2067 -2.48466 1.39293 -0.206941 -0.199084 1.02165 -0.191598 -0.101036 
0.472326 -4.69029 3.46245 1.38567 0.0296064 -1.51545 1.02632 -0.628439 0.333304 0.907263 -0.659186 -0.059435 
1.44549 -2.49023 2.13659 1.93874 -0.343051 -3.81485 1.46035 -0.587121 -0.491064 0.636621 0.0943268 0.00221996 
1.29326 -0.730918 2.11805 1.26438 -0.312233 -1.54046 2.26633 0.200068 -0.996209 0.312085 0.474729 0.0305876 
1.13052 0.0766115 1.66537 0.708189 0.474185 -0.595898 1.55383 -0.914683 -0.222321 -0.153075 0.278918 -0.0151647 
1.61448 0.368715 1.11519 -0.192706 0.631709 -0.20198 0.71787 -0.0692459 0.342379 0.0560397 0.152938 0.0472834 
1.91392 0.533437 0.840395 -0.661998 1.33452 -0.411914 0.510717 0.0965315 0.800236 -0.129211 -0.0603583 0.048885 
3.05012 2.49247 3.03769 1.59953 2.43247 1.96948 1.70687 0.600685 0.716527 0.0621942 0.732914 0.124251 
6.14773 3.34937 3.36059 2.81139 1.42935 0.269984 1.77648 0.266424 0.711879 -0.107633 0.164937 0.127053 
3.18838 2.7163 2.43936 2.05687 1.44558 0.937879 0.575226 0.369469 0.381889 0.490716 0.45746 0.0710897 
3.20953 2.62499 2.36933 2.09633 1.4275 0.816711 0.632035 0.450014 0.267687 0.394864 0.54944 0.0790936 
3.29753 2.70933 2.4263 2.13139 1.44085 0.966081 0.808335 0.469149 0.16303 0.359966 0.567631 0.0837073 
3.22012 2.76208 2.46417 2.15735 1.71942 1.25104 0.872328 0.636641 0.498004 0.493347 0.474923 0.0785831 
4.62442 3.26317 2.71771 2.93674 2.03396 -0.0334748 0.494298 -0.396135 -0.521717 -0.0943337 0.365298 0.113892 
6.20962 3.61862 1.15623 1.8387 1.20721 -0.929216 1.85389 -2.20504 -0.594138 0.137852 0.601777 0.1926 
6.24635 3.11288 0.322056 0.195486 1.68537 -1.34172 1.29836 -1.04509 -0.444624 0.330547 0.35223 0.257356 
6.20033 3.28496 0.284944 -0.657356 1.07463 -0.909465 1.71384 -0.136071 0.266937 0.309281 0.111607 0.123545 
5.67634 3.21403 0.990596 0.209235 0.082568 -0.441761 1.25115 1.23156 0.746685 0.612048 0.225307 0.0381412 
4.99518 3.5927 1.51613 0.259464 0.169665 0.201793 1.06974 1.3176 0.788929 0.332247 -0.0143997 -0.0568352 
4.91926 3.39756 1.45503 0.543719 0.378162 0.252923 1.36295 1.90658 1.09434 0.0806451 0.023771 -0.0490354 
7.10715 3.40353 -0.25049 -0.401317 0.404607 0.279227 1.66905 2.12985 1.12706 0.395415 0.00593751 -0.00407482 
6.91289 2.44483 -0.566102 -0.239874 0.98534 1.51118 1.06151 1.09681 1.60018 0.355004 -0.0498913 -0.0699949 
4.40412 2.64183 0.611035 0.29564 1.25154 1.8624 1.75417 1.35305 1.01066 0.387446 -0.0772391 -0.0551956 
3.92816 2.96334 1.58915 0.520028 0.311719 1.08953 1.80355 1.8761 1.38453 0.648182 0.207247 0.000220812 
4.07894 3.1487 1.52365 0.0846539 -0.0698652 0.850994 1.90202 2.10704 1.31153 0.555511 0.302515 0.000893424 
3.4403 2.47009 1.2478 0.252157 0.107042 0.743266 1.47429 1.75438 1.30321 0.624989 0.217817 -0.0130008 
4.30915 2.32261 0.850565 0.328115 -0.29975 0.645526 3.83474 0.572309 1.39871 0.625707 0.341775 -0.0125281 
3.93922 -1.78656 -1.82795 0.995306 3.80894 0.774202 3.9582 -0.915661 0.388276 0.0600516 -0.0329126 0.0714291 
4.60501 -1.13868 -1.7608 3.33017 4.51756 0.858696 4.58794 -0.21111 0.179306 -0.452484 0.530205 0.250632 
3.63293 -0.0234251 -0.964943 1.90875 3.71442 2.08249 3.53908 0.965078 -0.0249612 -0.440026 0.244511 0.224901 
3.5978 1.26893 -0.0127893 1.53339 2.7471 2.22719 2.96928 1.54625 0.205959 -0.63945 0.181349 0.161695 
3.51402 1.67321 0.838309 2.07269 2.89658 2.42078 2.08852 1.48235 0.497692 -0.171296 0.155041 0.114105 
3.30083 0.446477 0.368236 2.50548 2.83751 1.92066 1.86469 1.59107 0.603905 0.0167838 0.0928769 0.0830577 
2.84503 0.316808 0.205009 2.53711 3.41966 2.34256 1.81382 1.6148 0.641268 -0.326001 0.0565632 0.169865 
3.4191 1.30966 0.593975 2.24232 2.97845 2.03426 1.82967 2.27757 0.798726 -0.648851 -0.0238711 0.137536 
4.3973 0.912796 -0.712294 2.54369 3.93223 2.19166 2.72192 1.748 0.315 -0.20363 0.237724 0.264926 
2.25482 2.38061 1.58872 -0.706761 2.06261 2.50043 2.62142 -0.304921 -0.256716 0.581949 -0.157177 0.147776 
3.52284 1.24773 1.42802 -0.523527 2.25902 0.66221 1.2085 0.614447 0.283205 0.436165 0.339083 0.017189 
6.06146 -0.165708 -2.57464 1.6434 4.48158 2.91825 4.06737 -0.456993 -0.310006 -0.19798 0.438409 0.177403 
4.66409 -0.0100638 -1.38657 1.82465 4.01863 3.39668 2.7056 0.219338 -0.661564 0.292691 0.268859 0.0941055 
4.68659 -0.532215 -2.71054 1.59997 5.60751 1.39655 4.18265 -0.318515 -0.315414 -0.162615 0.188627 0.280345 
4.83107 0.0815668 -1.74635 1.12417 5.10613 1.20065 3.38153 -0.119261 -0.657888 0.0594821 0.0231838 0.213756 
5.63008 1.55472 0.215765 1.42009 3.13969 -1.46142 2.05696 -0.557111 -0.488229 -0.453668 -0.0269517 0.241597 
5.12848 1.80794 -0.120777 1.2382 3.26308 -1.92286 1.68646 -0.64947 -0.390232 -0.92927 -0.13096 0.291945 
4.7061 2.04094 -0.0408481 0.361075 2.375 -1.38872 0.452167 -0.286204 -0.581503 -0.781353 0.162804 0.223356 
4.55656 2.14167 -0.575905 0.381715 2.29017 -0.824672 0.520061 -0.53776 -0.569218 -0.847163 0.0984858 0.15561 
5.27501 2.60571 -1.0149 0.385364 2.93644 -2.37928 0.278359 -1.18514 -0.118982 -0.868955 -0.228578 0.195344 
4.96554 2.28326 -0.652786 0.410062 2.58868 -1.63113 0.417876 -0.361095 0.309392 -0.612776 0.0490608 0.184227 
5.27535 2.4291 -0.813657 0.677857 2.46384 -1.28367 1.11033 -1.10065 0.299385 -0.769056 -0.0446306 0.113701 
