1.63092 0.268917 0.990622 0.182575 1.40562 -0.393498 0.103478 -0.32078 0.816547 -0.198132 0.193443 -0.115695 
1.64371 0.0709824 1.24873 0.766612 1.73945 0.076874 0.557292 0.0124233 0.948429 0.000695904 0.011852 -0.07951 
1.87745 0.726092 2.28999 0.797749 1.82654 0.304212 1.23741 0.143364 0.851454 0.146231 -0.0179475 -0.0346287 
1.94074 0.925861 2.47293 0.794322 2.20352 0.379007 1.92948 0.747013 0.411024 0.353057 0.0912794 -0.0347472 
2.05742 0.762925 1.61164 1.27879 2.08053 1.03254 1.36568 1.23377 0.41944 -0.117352 0.239343 -0.0414822 
1.67402 0.966678 1.58668 -0.769208 1.08622 0.518743 0.516445 -0.505063 0.0966991 0.254803 0.333617 -0.0491697 
0.649 1.40063 3.93146 -1.64456 3.90634 -0.775889 2.15872 0.971443 -0.544534 1.18591 -0.20952 -0.0394068 
0.841896 1.8233 3.42424 -1.2675 3.91708 -0.390793 1.67572 1.70982 -0.372367 0.853138 -0.030671 -0.0818318 
2.31106 1.22305 2.35925 1.24792 2.19062 1.05541 1.99679 0.493253 0.62669 0.20834 0.0723835 0.00984033 
2.26393 1.78008 2.71785 0.966505 1.939 1.40269 1.72028 0.742733 0.669477 0.0702613 0.130005 0.00250173 
2.25908 1.46016 2.16936 1.18272 1.3083 0.66829 1.32703 0.833822 0.47802 -0.232102 0.298798 -0.0269762 
2.14356 1.62955 2.1244 1.48475 1.63041 0.959845 1.25328 0.743737 0.861097 0.381068 0.242125 -0.0421441 
2.30406 1.79865 2.42466 1.14981 1.68661 1.14258 1.4757 0.563346 0.6444 0.270619 0.288172 -0.0274934 
2.73092 2.52099 2.99516 2.31678 2.25022 1.34371 1.17799 1.15017 0.852626 0.380061 0.223601 0.0795443 
3.69847 3.17247 2.59224 2.16969 2.01356 1.4396 0.844811 -0.0360372 -0.385546 0.0248529 0.556145 0.093625 
3.609 3.11559 2.61998 2.13977 1.68953 1.32172 0.856099 0.254371 4.98679e-005 0.352664 0.609089 0.112015 
3.23068 2.85433 2.63699 2.09452 1.42965 1.15788 1.01741 0.656771 0.42873 0.52622 0.496397 0.0863907 
2.95534 2.5233 2.36993 2.05902 1.61931 1.33828 1.05982 0.758184 0.60651 0.513498 0.336251 0.0561593 
3.56865 2.83985 2.46314 2.46094 1.79879 0.636496 -0.0733116 -0.217922 -0.162627 0.0321087 0.346953 0.0442721 
5.09607 2.50222 1.35735 2.63174 0.970938 0.397793 0.690777 -1.06698 -0.889273 -0.0325444 0.687948 0.214823 
4.18171 2.52066 1.52138 0.539527 2.57239 -0.191374 0.769753 -0.752193 -0.896649 0.251291 0.481399 0.203183 
4.52294 2.45716 1.20626 0.314499 0.979836 1.67472 2.52638 0.515551 -0.276586 0.394097 -0.131675 -0.00935915 
4.00005 2.78993 1.91919 1.08971 0.882349 1.49192 1.49762 0.971302 0.808156 0.326584 -0.156799 -0.0309458 
3.43075 2.47691 2.14997 1.29725 0.733733 1.71483 2.01335 1.30435 1.08121 0.509023 -0.183106 -0.00698509 
3.5967 2.65722 1.80566 0.901794 0.806886 1.73651 2.1256 1.74124 1.18003 0.347964 -0.178706 -0.0284338 
4.51924 2.79895 1.04584 0.397127 0.697751 2.11837 2.84849 1.97981 1.01717 0.223345 -0.146578 -0.0507519 
4.81391 2.67991 0.463434 -0.169342 1.09109 2.79306 3.02606 2.0022 1.10424 0.259655 -0.111894 -0.0309144 
4.73733 2.56128 0.356595 -0.0687012 1.20923 2.59453 2.93402 2.07742 1.0647 0.355777 -0.0950138 -0.0386921 
4.10963 2.93159 1.37876 0.392357 0.690487 1.6654 2.39302 2.13544 1.21046 0.325256 -0.0673316 -0.0515017 
3.54409 2.45451 1.2259 0.531002 0.809536 1.72871 2.36459 2.10377 1.24552 0.364764 -0.0463015 -0.0223155 
3.33999 2.22382 1.38043 1.16908 1.33848 1.12555 1.56653 1.63354 1.1862 0.230777 -0.0726271 -0.0104471 
3.54352 -2.61962 -1.51491 0.734228 2.75128 1.90049 3.57185 -0.56642 0.331053 -0.28514 0.0686461 0.119238 
4.11919 0.0401137 -0.84841 3.30046 3.97342 1.9251 3.22322 0.678509 0.165065 -0.175386 0.145995 0.150046 
5.44476 0.1296 -1.78049 3.2665 5.09935 2.33356 2.81907 1.29413 -0.0838008 -0.161936 0.160459 0.232921 
4.76005 1.63871 -0.449887 0.945947 2.82424 3.40037 3.06175 1.27346 -0.283124 -0.013816 0.0397703 0.119319 
3.56213 1.82425 1.38009 2.44606 2.95419 2.54046 2.30611 1.74193 0.65895 0.0415549 -0.0251955 0.101457 
3.97943 1.76394 0.815813 2.71823 4.37169 3.45122 1.96424 1.46673 1.12883 0.228816 -0.110958 0.0813949 
5.2089 2.2791 0.383809 2.8519 5.18181 2.78983 1.65966 1.87666 1.44714 -0.173806 -0.357133 -0.00401145 
3.37084 1.93121 1.82514 3.13021 3.68836 2.74378 1.73516 1.52318 1.12195 0.170475 -0.163688 0.0851115 
1.89629 1.05005 1.63379 0.346162 2.05224 3.10026 1.67376 0.217283 0.473758 0.658361 0.241027 0.0396351 
3.3574 0.354819 2.46251 -0.892839 1.6846 0.919581 2.31368 -0.735701 -0.092161 1.01701 0.49644 0.165208 
3.40591 2.17518 1.04439 1.1503 2.39929 2.82146 1.53649 -0.0348942 -0.397446 0.215032 0.358141 0.107625 
3.76423 0.947748 0.500451 2.61108 3.50682 3.03062 2.02336 0.17152 -0.513778 0.389332 0.456752 0.143221 
3.61164 0.733309 0.831171 3.29889 3.66977 2.67422 1.87828 0.384883 -0.404642 0.468036 0.398331 0.118589 
3.78372 0.66054 1.31806 3.4542 3.48937 2.79928 2.72831 0.0424545 -0.74537 0.753515 0.471041 0.0823682 
5.2203 0.716057 2.36945 3.23945 3.7097 0.806774 2.17364 -0.589011 -0.66663 0.156544 0.211686 0.06484 
4.87977 1.23947 3.0014 1.76851 4.05985 1.30589 2.71691 -1.21062 -1.28197 -0.0734876 -0.02992 0.148793 
4.79073 2.64563 2.51275 1.30175 3.66685 1.27834 2.49224 -1.75858 -1.4719 -0.271929 -0.0730663 0.105328 
4.85792 2.55771 1.46569 0.968979 3.43341 2.35641 2.05079 -0.885451 -1.54712 -0.326222 -0.0712653 0.0661215 
4.64781 0.882659 2.41174 1.50306 3.15745 2.60808 1.98923 -0.814605 -1.24541 -0.0226 0.0462387 0.0344478 
5.23821 0.536313 1.85557 1.66971 3.73157 2.56807 2.44973 -0.666578 -0.653633 -0.313622 -0.111309 0.124293 
4.59824 1.04696 1.2541 1.47991 2.95742 3.36242 1.74202 -0.193061 -1.1831 -0.0767677 -0.105458 -0.00585345 
4.63246 1.98562 0.495828 1.47048 2.7026 3.16541 1.82904 -0.267999 -0.589639 0.0181751 -0.0389324 0.025491 
4.42232 1.53193 0.822157 1.59969 2.48898 4.21511 2.9363 -0.766636 -0.758185 0.549691 0.0257573 0.0477505 
3.94226 1.74351 1.02444 2.15083 3.30423 3.90893 2.62429 0.198749 -0.221512 0.269453 -0.150084 0.067096 
3.48692 1.6243 0.857663 1.79513 2.95645 3.25332 2.40936 0.813078 -0.00508958 0.0166536 0.0929464 0.122205 
3.26193 2.17605 1.60088 1.87304 2.43774 2.45823 1.54029 0.473356 0.342529 0.491274 0.240086 0.0638413 
3.32002 2.22249 1.4676 1.89028 2.84152 2.93197 1.94385 0.706482 0.194058 0.271634 0.253181 0.104559 
3.24855 2.37777 1.83004 1.97985 2.49635 2.55869 1.66265 0.579058 0.192865 0.376965 0.393227 0.095737 
2.8591 2.28096 2.02971 2.09086 2.17883 1.76507 1.17213 0.761346 0.667294 0.572485 0.372174 0.0602324 
3.34043 2.81026 2.7032 2.63073 2.45761 2.34607 1.61354 1.22728 0.665437 0.423848 0.33622 0.09349 
2.80695 2.34022 2.27008 1.89868 2.06045 1.64243 1.48441 1.18872 0.891303 0.639136 0.362598 0.0764978 
2.69847 2.32092 2.0351 1.9518 1.91595 1.67928 1.48533 1.0747 0.768947 0.630333 0.37553 0.0656492 
2.39878 2.45721 2.67623 1.94233 2.33937 2.09563 2.05598 0.971223 0.840836 0.600816 0.26846 0.093833 
2.11028 1.67368 1.98759 1.37682 2.62156 1.67935 2.18135 0.746294 1.07425 0.159528 0.37971 0.072117 
1.4834 1.37175 1.85776 1.43736 1.77756 1.55527 1.17438 0.51326 0.644439 0.0824661 0.138548 0.0208532 
1.08907 1.36982 1.46622 0.792261 1.31032 1.10782 1.23484 0.289756 1.32254 0.341247 -0.14064 0.00328809 
1.12984 0.886989 1.93312 0.329358 0.961258 0.277497 1.59504 0.494628 0.106865 -0.0692881 0.492969 -0.019097 
1.07947 1.38459 1.88123 1.14257 1.00111 0.853274 1.24147 0.502432 1.13672 0.382143 0.00115599 0.0131655 
1.1719 0.783468 1.30664 1.28518 0.312643 0.446125 0.289518 0.147635 0.625663 -0.15113 0.358089 0.0400774 
0.807874 0.452517 1.14807 0.263469 0.429834 -0.00685584 0.754571 0.389423 0.545729 0.196097 0.218185 -0.0360387 
1.00666 0.955303 1.7054 1.2825 0.666213 0.635795 0.325894 0.0805822 1.10518 0.23557 0.231871 -0.0311483 
1.03578 0.816231 1.56754 1.35693 0.757063 -0.0559555 0.523129 0.676634 0.297761 0.464003 0.0620816 0.0179386 
0.888741 0.816473 1.30725 -0.0484247 0.794067 0.775061 1.13363 0.822697 0.64034 -0.0457516 0.0483206 -0.0370279 
1.23737 0.697586 1.35308 0.64905 0.459513 -0.160687 0.301399 0.367332 0.775288 -0.152391 0.149745 0.0346262 
1.06011 0.707308 1.30519 0.400712 1.22319 -0.0123409 0.820454 0.127399 0.689025 0.0563519 0.149967 0.0641091 
0.57267 0.410917 0.814321 -0.12135 0.341412 -0.737601 0.149444 0.440325 0.201522 -0.153717 -0.0607382 -0.0318526 
0.749508 0.663831 1.23742 0.553307 0.846618 -0.532701 -0.225522 -0.227992 0.600953 0.0873437 0.140071 0.0470012 
0.903131 0.3728 1.09685 0.283459 0.357592 -0.0369109 0.949836 -0.0180302 0.229282 0.12372 0.191916 0.0354069 
1.04088 0.825353 0.914999 0.478894 1.38198 -0.732746 -0.175616 0.395371 0.138836 0.331821 0.0714467 0.0260235 
0.905696 0.355967 0.814775 -0.184806 0.411803 -0.794907 0.647573 -0.061717 0.474469 -0.0512473 0.0524953 0.000557341 
0.93256 0.725233 1.28608 0.234305 1.51937 0.548444 0.732281 0.582599 0.458973 0.211242 0.00995954 0.001255 
1.05047 0.424582 1.442 0.151544 0.547947 0.498375 0.276302 -0.313351 -0.324109 0.0858702 -0.21726 -0.0394747 
1.2673 0.501964 1.52905 -0.0181541 0.61033 0.280288 0.547043 -0.207277 0.180467 0.750519 -0.0161156 0.0164278 
1.0001 0.772498 1.43089 0.241486 0.67969 0.150525 0.0475813 -0.788008 0.270391 -0.0895132 0.0772635 -0.0286738 
