3.14864 2.75228 2.45055 2.07307 1.63002 1.20599 0.810649 0.513434 0.467447 0.54296 0.523624 0.0743 
3.18541 2.85329 2.54886 2.10581 1.56433 1.06723 0.678951 0.434757 0.460997 0.5246 0.510559 0.0742515 
2.70949 1.41983 2.14091 2.18085 0.95195 0.0835408 1.37284 0.390671 0.320509 0.892272 0.632291 -0.00135299 
2.75956 2.30305 2.10227 1.77486 1.59649 1.35761 1.08326 0.922076 0.594219 0.448826 0.299011 0.0415529 
3.09069 2.65553 2.53843 2.25259 1.78152 1.37788 1.22302 0.880486 0.63341 0.581944 0.463569 0.0798407 
2.99449 2.67667 2.68777 2.17333 1.37661 1.16021 1.04944 0.570877 0.361951 0.570333 0.548242 0.0654309 
3.30249 2.72365 2.57246 2.4615 1.49707 0.534763 0.548034 0.557355 0.148666 0.268896 0.594413 0.0801135 
3.1483 2.51969 2.37803 2.3069 1.61538 0.950819 0.914818 0.811022 0.505827 0.44879 0.4702 0.0682006 
2.96967 2.56416 2.37557 2.02559 1.61569 1.36925 1.12168 0.791518 0.616171 0.532884 0.360912 0.0575729 
2.9845 2.53635 2.38703 2.12153 1.72827 1.43188 1.18179 0.858781 0.572188 0.480279 0.378541 0.0585382 
3.08386 2.68804 2.48858 2.07463 1.73317 1.36631 1.08176 0.692853 0.614175 0.574903 0.427319 0.0700723 
4.16948 3.35692 2.70171 2.45834 2.33547 1.05299 0.0836091 -1.16433 -0.974634 -0.00288108 0.363148 0.0541538 
4.50532 3.10524 2.10241 2.0044 1.8101 0.683572 0.26937 -1.17126 -1.08881 0.121002 0.483382 0.134424 
4.81909 3.12527 1.40629 1.56254 1.74262 0.15113 -0.139025 -0.966507 -0.537843 0.18445 0.359895 0.117409 
4.47887 3.44258 1.42332 0.396812 2.44495 -0.172894 1.56847 -0.683783 -0.622062 0.244293 -0.0168019 0.121532 
4.51863 3.71183 2.01653 0.405529 1.23338 0.491755 1.06489 0.62647 0.586119 0.384326 0.039336 0.00784904 
4.08514 3.47443 2.22444 1.4165 1.21471 0.53642 1.40724 1.41467 1.28448 0.509239 -0.0192239 -0.0134182 
3.73093 3.27125 2.07484 1.28881 1.51244 0.803887 2.08697 1.36048 1.2194 0.492221 -0.0723135 -0.0029666 
3.76337 3.00192 1.8731 0.812945 1.18324 1.14363 1.87652 1.65362 1.22363 0.610165 -0.0583752 -0.0242563 
4.23995 3.65736 1.65354 0.325675 1.56657 0.936774 3.17264 1.61949 1.43199 0.330863 -0.177609 -0.0526857 
4.71903 3.97415 0.560306 -0.813731 2.66243 1.1972 4.24993 0.891138 1.23847 0.534055 -0.280906 0.062328 
4.8331 4.45202 0.334188 -0.642411 2.30706 1.14154 4.46515 0.687296 1.59343 0.409959 -0.179098 0.0483368 
3.83666 3.40689 1.80908 0.346686 0.501918 0.689495 2.42919 1.85284 1.56747 0.346349 0.0193189 -0.0643815 
3.41374 2.59011 1.50958 0.64296 0.600556 1.15775 2.05623 2.15152 1.72682 0.864195 0.22874 -0.00192755 
4.96044 -0.167372 -1.53163 0.107013 3.30271 4.02131 2.63444 0.439393 -0.21862 0.393494 0.218473 0.0225834 
4.27694 0.361893 -0.202319 -0.740318 2.46796 3.3111 2.05026 0.731637 0.708954 0.531013 0.00348898 -0.0655916 
4.49604 -1.23209 -3.02763 1.2074 6.09543 2.58413 2.67748 1.47217 -0.316988 -0.376159 -0.0438877 0.276916 
3.58761 0.411002 -0.541438 1.859 4.02147 2.14398 2.53105 1.69404 0.0546833 -0.34177 -0.0168382 0.184601 
3.36919 1.02066 -0.0246421 1.97752 3.85401 2.41989 1.90854 1.80874 0.604523 -0.32171 0.00761048 0.137243 
4.05096 0.312649 -1.19585 1.63669 3.72049 2.48391 1.77678 1.49708 0.45652 -0.225416 0.114192 0.128108 
3.46479 0.289591 -0.910915 1.98455 3.52031 2.27707 1.67512 2.10072 0.78037 -0.652452 -0.167785 0.133075 
3.54708 0.530579 -0.829267 1.76306 3.55645 2.06691 1.40683 1.97361 1.03313 -0.725282 -0.27782 0.0740933 
3.36172 0.296841 -0.836312 -0.0435498 3.10292 2.58421 2.23546 1.58428 0.222626 -0.680637 0.00479287 0.0977688 
3.67022 1.33777 -1.07718 -0.891578 1.57025 3.67531 2.89935 0.532979 -0.544215 -0.453263 -0.121433 0.0638326 
5.29487 1.89314 -1.41861 0.126726 4.54593 4.98131 1.77997 -0.270556 -0.452907 -0.117563 0.421166 0.141448 
5.46681 1.82299 -1.15235 0.505331 3.67458 3.28362 0.677958 -0.38362 0.0700198 0.186139 0.470769 0.0868088 
6.64813 2.75837 -0.284537 0.983145 2.22863 1.28187 0.627092 -0.817965 -0.657295 0.121057 0.359929 0.110358 
6.25727 3.32957 0.149772 1.69733 2.85201 -2.59697 1.15087 -0.645009 -0.0961898 -0.570222 -0.381694 0.13923 
4.9383 3.43208 0.901131 0.212707 2.8766 -2.29958 0.744441 -1.28545 -0.486693 -0.848284 -0.371774 0.100402 
6.03082 2.90935 0.242236 0.476506 3.16343 -2.5186 -0.0813818 -1.01175 -0.378076 -0.198106 -0.46007 0.0973462 
5.89201 2.66764 -0.196511 0.629326 3.74577 -2.08706 0.177212 -1.03873 -0.528378 -0.311422 -0.346373 0.19596 
6.2081 2.14501 0.149257 1.44134 3.98501 -1.90522 0.297667 -1.1304 -0.142508 -0.465208 -0.419685 0.154048 
5.74995 2.56265 -0.446989 1.47953 4.07679 -1.04087 1.33025 -1.58243 -0.19924 -0.980626 -0.293268 0.150173 
4.8236 1.7949 0.431527 1.83283 4.31615 -0.0361162 0.729337 -0.884139 -0.0957896 -0.65069 -0.164275 0.0645236 
4.71104 1.9679 -0.368694 2.2279 4.46637 1.46049 1.29926 -0.94561 -0.222002 -0.309743 0.105094 0.052246 
4.05093 1.95725 0.163325 1.81638 4.27668 2.72559 1.0759 -0.610405 -0.0785551 0.00781335 0.170887 0.0216879 
4.0765 1.38319 0.0410691 1.97215 4.15786 3.76373 1.54089 -0.0194732 -0.279325 0.295052 0.106187 0.0671642 
4.35567 1.66199 0.162791 2.25433 4.64325 4.28789 1.91564 -0.0891419 -0.124631 0.525353 0.195564 0.0828706 
3.19719 1.69977 0.857115 1.73505 2.8409 2.56375 1.2329 0.261836 -0.134543 0.0141122 0.333047 0.0778849 
3.1099 1.77163 1.00576 1.75447 2.67176 2.2843 1.07445 0.249548 0.14539 0.294006 0.349492 0.0524423 
3.19168 0.676441 0.18187 2.29107 4.49309 3.46666 1.52908 0.145835 -0.0453006 0.466153 0.199073 0.122741 
5.20114 -0.577089 -2.32331 3.03681 7.7925 1.07866 2.4523 0.658178 -0.408701 0.39487 0.0107061 0.373084 
5.25736 -0.784493 -2.85794 3.56952 7.3298 1.97537 1.66964 0.888702 -0.335002 0.256658 0.181978 0.331168 
4.34476 -0.614238 -1.86661 2.4884 4.69255 2.48057 2.26791 1.91362 -0.115119 -0.225334 0.124412 0.261954 
3.49083 1.38104 0.443234 2.02872 3.54096 3.00138 1.84768 0.792574 -0.076991 -0.0741374 0.589304 0.204593 
3.1907 2.6813 2.27094 2.08585 2.37206 2.15533 1.91478 1.25724 0.596458 0.356653 0.338719 0.0930383 
2.60454 1.97076 1.95624 1.63477 1.61746 1.32344 0.980483 0.599296 0.621395 0.38049 0.264325 0.0190679 
2.31626 1.77925 2.7675 1.65403 1.75317 2.3699 1.65905 0.762123 0.536202 0.180541 0.318167 0.0475623 
2.02494 1.77336 1.88225 1.22574 2.16314 2.04265 1.91347 0.651965 0.589092 0.323474 0.130206 0.046069 
1.67137 1.2207 1.84342 1.21381 2.62222 2.27239 2.57448 0.821167 0.353583 0.182309 -0.0332618 0.117113 
1.75299 1.50262 1.8286 0.922914 1.74012 2.03628 1.85936 0.716745 0.658346 0.107668 0.219424 0.0252566 
1.4942 0.903945 2.03468 0.694691 1.75936 1.7092 2.33 0.408831 0.561332 0.298422 0.405094 -0.025514 
1.30858 1.28262 1.89542 0.700134 1.42732 0.29179 1.40611 0.6819 0.518563 0.289984 -0.0280132 0.0370031 
0.801572 1.13524 1.56632 0.180807 1.50176 1.74852 0.833366 1.07622 0.982244 -0.0172356 -0.109935 0.0366728 
0.88631 0.830419 1.98637 0.742264 0.882112 0.175168 0.850009 0.674303 0.735372 -0.0841897 0.0532446 0.0374347 
0.912249 0.798077 1.40611 0.136544 1.22546 -0.318628 0.377375 0.268381 0.451154 0.270305 0.0801477 -0.056858 
0.989503 0.627612 1.33787 -0.47966 0.294183 0.351037 0.643068 0.994505 0.669298 -0.055101 0.026598 -0.0250383 
0.960195 0.958504 1.94883 0.719082 -0.234943 -0.305048 0.458062 -0.124803 0.330064 0.098841 0.0284288 0.0848661 
0.893795 1.08933 1.38417 0.676334 -0.42135 -0.066266 0.701215 -0.36945 0.843321 0.0503954 0.0519607 0.0354233 
0.851216 1.08086 1.12261 0.710735 0.440007 -0.45519 0.644854 0.244382 0.645411 0.13285 0.140318 -0.0759901 
0.850648 0.553919 1.47564 -0.145375 0.881 -0.452901 0.228691 0.218872 0.541955 -0.0787538 -0.0528428 0.0125387 
0.795534 0.780428 1.83688 0.169171 -0.260586 -0.0656073 0.295748 0.17877 0.641181 0.121554 0.19646 0.0300502 
0.732966 0.408305 0.680709 0.657861 0.0888728 -0.296458 0.862522 0.185175 0.0504329 -0.198749 -0.158616 -0.0799559 
0.732694 0.599376 1.50806 -0.0688275 0.128504 -0.375273 0.627115 0.3441 0.596598 -0.0326268 0.0280866 0.0148396 
1.18205 0.84548 2.05373 -0.03763 0.283524 0.0336193 0.698711 -0.298818 -0.292081 0.190837 0.162526 -0.0414602 
1.0457 0.86914 1.04802 -0.149774 0.766112 -0.39356 0.792763 -0.340174 0.653827 0.15212 -0.0115832 0.0247579 
0.727789 0.530933 1.49684 -0.536286 0.0376077 -0.419592 0.762029 0.738385 0.859306 0.0360754 0.0743269 0.0080486 
0.805838 0.278077 1.3044 0.419493 0.426973 -0.589569 0.664315 0.612964 0.512448 -0.245406 -0.0562721 0.0156222 
1.14536 0.437863 1.65305 0.592144 0.149594 -1.17474 0.741719 0.704666 0.0737528 -0.29833 0.229743 -0.0105026 
1.06132 0.0239995 0.755404 0.672026 0.22396 0.0214632 1.03356 -0.0488529 -0.150072 -0.453829 -0.028732 -0.0643864 
1.40795 0.398438 1.50191 0.225227 0.924953 -0.830829 0.434437 0.603369 0.333809 0.105995 -0.167535 0.000610412 
1.31541 0.645898 0.811199 -0.0615039 -0.385564 -0.949362 -0.273111 0.311689 0.919848 0.131102 0.216866 -0.0840027 
1.12015 0.439008 1.5558 -0.984396 0.833403 -0.527141 -0.051205 -0.249861 0.744624 0.287922 0.217373 0.0556934 
1.05329 0.746726 1.32381 0.514805 0.0368726 -0.739834 -0.0991855 -0.260319 0.433227 -0.0553349 0.00444236 -0.0908032 
0.901183 0.325021 1.17282 0.236843 0.867851 0.240421 -0.0623879 0.131135 0.555937 0.0338185 -0.17046 0.00453684 
