1.53214 -0.0146376 1.39765 0.24221 1.18461 -0.203893 0.734461 0.22367 0.00112496 0.0501078 -0.121966 -0.0249781 
1.34281 -0.262566 1.7317 -0.893788 1.22308 -0.548561 1.08304 -0.78942 0.372283 0.23454 -0.13304 -0.020329 
1.53463 -0.0757698 1.05681 -4.12259e-005 1.54705 0.400005 0.555554 -0.155817 0.584541 -0.218459 0.0112914 0.0209849 
1.56855 0.174054 1.56034 -0.179544 1.11856 0.610078 1.28765 -0.271021 -0.313395 -0.241244 -0.0688755 0.013423 
1.80722 0.606379 1.37719 0.276721 1.71553 0.157232 0.348917 0.0528958 0.356728 0.00607019 0.192317 0.0566039 
1.80544 0.113551 1.52774 -0.319511 0.619935 -0.0206919 1.08224 -0.561379 -0.158549 -0.382712 0.0941522 0.0828115 
1.37797 -0.202713 0.873444 0.0531145 -0.0580045 0.359421 0.578524 -0.435678 -0.00774761 -0.34684 0.0853114 0.00388177 
1.45696 -0.144252 0.654528 -0.471889 0.905462 -0.135249 0.606067 -0.137719 -0.321026 -0.113213 0.0307821 -0.0388712 
1.44164 0.112928 1.20601 0.30337 0.830388 0.0259704 1.29032 -0.498926 -0.0133962 -0.00731299 -0.0505937 0.0170778 
1.44036 0.343938 0.749197 -0.397178 1.66991 0.305451 0.565031 -0.709197 0.596314 -0.328207 0.0984072 0.0366824 
1.71707 0.34235 1.40508 -0.173669 0.945703 -0.125007 0.840513 -0.522829 0.363911 -0.119844 -0.177013 0.0290111 
1.67526 0.455828 1.10602 -0.478789 0.989809 -0.368745 0.988645 -1.07941 0.250025 0.190614 0.127334 0.0299311 
1.65345 -0.137401 1.15372 -0.616076 0.72069 -0.493998 0.655599 0.238746 0.20787 -0.248913 -0.132778 0.025811 
1.72465 0.455423 1.08576 -0.244939 1.16835 0.0529269 0.799199 -0.149931 0.0137395 -0.109781 -0.0407373 0.0315519 
1.84418 0.751336 1.36068 0.00782299 0.728983 -0.337426 0.478335 -0.666541 -0.19949 -0.363907 0.177698 0.00750937 
1.7706 0.308735 1.48375 0.20503 0.562999 -0.94532 1.32012 -0.669821 -0.309384 -0.0200924 -0.0166405 0.0931699 
1.94761 1.0043 0.964204 0.429377 0.493587 -0.754046 0.287276 -1.09183 -0.0608276 -0.350797 4.447e-005 -0.0506184 
1.71193 0.275792 1.09012 -0.105391 0.40798 -1.01089 -0.302091 -0.836701 -0.486831 -0.576048 -0.134256 -0.00444857 
1.99173 0.706416 1.80181 0.0759486 0.90203 -0.715999 0.00257956 -1.32341 -0.695316 0.0976304 -0.0530696 0.0265167 
1.7791 0.444634 1.45641 0.458013 1.57078 -0.215707 0.613989 -1.37399 -0.549077 -0.503298 -0.187439 0.0811601 
1.48923 0.347478 1.23255 -0.41802 0.841218 0.560486 0.500034 -0.579898 -0.198598 -0.221741 0.111546 -0.0280769 
1.42062 0.25675 1.17149 -0.227715 1.03517 -0.418124 0.858446 0.299104 0.0291095 -0.21033 0.17203 -0.012636 
1.8004 0.338011 1.12146 -0.371967 0.990196 -0.199198 0.909339 -0.683972 -0.197164 -0.223677 -0.153841 0.0347196 
1.5916 0.36519 1.11388 -0.216401 0.896707 -0.173412 0.810318 0.0373383 -0.138141 0.0403882 0.234026 0.010529 
1.51138 -0.163149 0.99094 -0.154389 1.59162 -0.265763 0.643007 -0.250088 0.076792 -0.26448 -0.0609229 0.0555156 
1.56911 -0.0860817 1.35644 -0.209396 0.906775 -0.66952 0.861667 -0.202141 -0.178572 -0.167454 -0.140088 -0.0100764 
1.58954 -0.32195 0.935391 0.642267 0.652681 -0.170387 0.417575 -0.0805544 0.415561 -0.359889 0.134273 0.0167624 
1.7221 -0.671768 0.967882 -0.0857188 1.49112 -0.849234 -0.764681 -0.802709 1.25733 0.431451 -0.047701 -0.10453 
1.86403 -0.0996139 1.5365 -0.512287 1.2417 -1.11943 -0.803187 -1.21065 -0.472477 -0.0301264 -0.0242145 -0.0524571 
1.81773 0.30514 1.85968 -0.312217 -0.137801 -0.339404 -0.146425 -0.176291 -0.533434 -0.782172 -0.0226967 0.038234 
1.88789 0.278391 1.10272 -0.184071 -0.905494 -0.907577 0.363529 -1.09983 0.0122943 -0.537482 -0.0910134 -0.0169481 
2.14484 0.0594157 1.89944 0.276535 0.908499 -0.341745 0.328229 -1.25833 -0.68731 -0.273943 0.0585706 0.0630063 
1.87168 0.416043 1.69202 -0.531866 0.393313 -1.43165 -0.247881 -1.05642 -0.730291 -0.442656 -0.312779 0.0603215 
2.11468 0.295169 1.5859 -0.293115 0.411122 -0.492733 0.79576 -1.36024 -0.56274 -0.165215 -0.144156 0.0471794 
1.53136 0.351866 1.12958 -0.412427 0.755939 0.471244 1.06223 -0.562231 0.253056 -0.0307319 0.225506 0.0593286 
1.76853 0.20409 1.7518 -0.752351 0.320308 -0.0758925 1.77225 -0.845832 0.441784 -0.380656 -0.08434 0.097837 
1.78483 -0.213562 1.04112 -0.558174 0.540576 -0.491975 0.584432 -0.728707 -0.12428 -0.00750315 0.0373954 0.0054239 
1.68108 0.950398 1.59344 0.287738 0.509676 -0.683729 1.13979 -0.0223682 0.645274 -0.134173 0.324726 0.0100952 
1.54806 0.314498 1.40174 0.456195 0.976029 -0.161426 0.662652 -0.618282 0.525502 -0.0826073 0.0581115 0.0346255 
1.54135 0.538959 1.03388 0.551166 1.30894 0.0817222 1.50751 -0.78094 -0.134252 -0.235123 0.279623 0.0124559 
1.7056 0.265743 0.960215 -0.289569 0.645559 -0.158625 0.52384 -0.794523 0.198917 -0.0885817 0.0334562 -0.00293289 
1.75531 0.462112 1.50153 0.534428 0.684608 -0.55126 0.962432 -0.6467 0.227881 0.279679 0.0319638 -0.00067131 
1.89479 0.174225 1.12267 0.387278 0.710658 -0.614355 0.952091 -0.147118 -0.02834 -0.129801 -0.0612498 0.0870155 
1.68478 0.412753 1.18828 0.336758 1.2294 -0.105028 -0.267722 -0.514541 0.296115 -0.362469 -0.0991929 -0.0106178 
1.28822 -0.400853 1.8582 0.335858 0.0902739 -0.339029 1.03533 -0.132891 -1.10426 0.257779 0.0146121 -0.0697427 
-0.749269 -4.74074 2.02116 0.716219 0.819694 -1.13492 2.39282 -0.512009 -2.24781 1.12674 0.166287 -0.0433521 
-1.37487 -4.44348 1.1216 0.966694 4.23818 -2.48913 0.883526 -0.274195 -1.77167 0.701693 -0.311528 -0.0736383 
0.637343 -1.78043 2.11371 1.53026 1.88701 -1.7024 -0.0248878 0.545788 -0.781942 0.855532 -0.501343 -0.221424 
1.61603 -0.512314 1.51798 1.41656 0.288875 -1.64914 0.476014 0.202627 0.668208 0.502569 -0.329926 0.041839 
1.6446 0.00170323 1.68956 0.120988 0.362158 0.591444 0.751154 -0.936206 -0.0738536 -0.157797 0.0952064 0.0386383 
1.91285 -0.0534766 0.634551 -0.167417 1.17793 0.142298 0.857964 -0.948576 -0.279687 -0.264939 -0.0497105 0.14724 
2.30358 0.665733 0.898456 -0.00798969 1.3901 0.76578 1.11967 -0.333049 0.149331 -0.332291 0.0794327 0.111031 
2.56868 1.97361 1.6998 1.43374 1.14855 0.887259 0.668124 0.487675 0.333966 0.200135 0.103886 0.00538942 
2.93463 2.46091 2.19031 1.94268 1.70288 1.52077 1.24716 0.841958 0.550849 0.421432 0.337557 0.0597994 
3.49329 2.63177 2.72284 2.72183 1.39332 1.04113 1.59489 0.733138 -0.181379 0.248882 0.678236 0.0915392 
4.39435 2.76777 2.69926 2.80017 1.05979 1.16843 2.35314 0.515559 -1.11696 -0.077054 0.812085 0.164195 
4.76222 2.52476 1.50213 2.92057 1.43941 1.06259 2.3365 1.19577 -0.548412 -0.210373 0.644041 0.230135 
3.34527 2.64648 2.2951 1.89586 1.61273 1.57987 1.62275 -0.167217 -0.359941 0.295254 0.690975 0.0897086 
4.08159 2.06005 0.995073 0.863766 1.58891 0.570402 1.31763 -0.289025 -0.718009 -0.134138 0.602219 0.197927 
4.19756 1.5156 -0.0982226 0.725013 1.33928 1.339 1.45035 0.0609843 -0.389239 -0.112686 0.343216 0.142267 
4.75449 1.59732 -0.174144 0.431637 0.970464 1.69311 2.11958 0.48783 -0.199783 0.203878 0.12729 0.0433427 
4.85595 2.12484 0.332296 1.01197 0.775553 0.860257 2.11554 0.879163 1.04405 0.865621 0.242852 -0.0203381 
4.88014 1.59715 0.441517 1.20229 1.35808 1.22629 2.23256 1.52009 1.00618 1.06348 0.103556 -0.079328 
4.77088 2.42988 0.230566 0.0160742 1.99199 0.860663 2.62847 2.09638 0.919077 1.12815 0.025556 -0.0182911 
3.8895 1.97985 0.730918 0.317582 1.03531 1.83189 2.14496 2.40094 1.33284 0.443443 0.0911281 -0.0324999 
3.78936 2.46989 0.813332 0.173369 1.72556 1.04392 2.4262 1.63338 1.46836 0.711001 0.15953 0.00806641 
3.3615 2.74057 0.629546 0.0807866 1.57957 0.528676 3.08502 0.91016 1.76408 0.785459 0.114969 0.0180906 
4.0193 2.2889 0.457683 0.398055 0.720694 1.33316 1.69406 2.07905 1.95848 0.653919 0.121382 -0.0636918 
4.94234 2.60931 0.345741 0.445618 1.28476 1.25441 1.42338 1.95111 2.08967 0.677719 0.0113556 -0.103896 
3.60545 2.00655 0.563267 0.166075 0.48771 1.16025 1.73046 1.99689 1.36473 0.531279 0.00200449 -0.0791744 
4.14116 1.27427 0.404591 0.799246 1.49741 2.05464 2.16701 0.205135 1.36617 1.42186 0.259527 -0.0578463 
3.88631 -0.433185 -1.44931 -0.0983112 2.39597 2.89901 2.54704 -1.60254 -0.18033 0.294468 -0.0920529 -0.0402169 
3.92056 -0.065614 -1.55889 1.8075 3.79147 2.85815 2.9686 0.726273 -0.327064 -0.144855 0.341211 0.198399 
3.40194 0.162528 -0.972376 1.76045 3.79046 3.16698 2.83431 0.913579 0.048749 -0.23171 0.380242 0.221436 
5.83308 -0.170848 -0.982991 3.73706 3.09221 1.59354 3.96333 0.551701 0.66855 -0.464286 0.353938 0.183955 
3.72942 1.44298 0.987985 2.8937 3.90282 2.87732 1.94146 1.54595 0.566002 -0.115856 0.287991 0.196439 
3.67799 1.28493 0.613222 2.52906 3.52632 2.35196 1.36967 1.43148 0.620715 -0.238292 0.250283 0.15473 
4.06732 -0.0773627 0.907994 2.36275 4.13933 3.41611 0.776727 1.98918 0.598566 -0.666858 0.22859 0.273045 
2.97404 1.24293 1.40244 0.159891 2.54863 2.7913 3.2347 0.189793 0.34501 0.208545 0.199438 0.165049 
2.74999 0.884845 1.07602 -1.20628 0.821525 0.0552288 1.27585 -1.3842 -0.755867 0.489225 0.168935 0.233861 
4.04979 1.45229 0.272539 0.879643 2.61207 2.32683 2.15827 -0.0484635 -0.193155 0.117485 0.215466 0.0953721 
4.34618 1.2952 -1.659 0.656215 4.28658 2.94796 3.86969 -0.443479 0.0338006 0.0428711 0.295828 0.194572 
5.20063 0.286658 -2.21135 2.2028 4.99375 1.71544 4.73911 -0.212878 -0.308433 -0.159715 0.498974 0.288737 
5.10253 0.345874 -2.37589 2.55894 5.69212 1.11733 4.61815 -0.0278227 -0.302006 -0.200048 0.387715 0.374174 
5.16449 0.853276 -0.974788 2.19311 4.68443 0.295433 4.1637 -0.159935 -0.657534 -0.0758277 0.211423 0.27327 
