1.42089 0.541812 1.29029 -0.756176 0.626183 0.477415 1.2819 -0.198811 0.261457 -0.194963 0.0242839 0.026549 
1.30852 -0.169689 1.29347 -0.318669 1.39169 -0.212919 1.11278 0.227943 -0.16587 -0.251485 -0.0953988 -0.041895 
1.31389 0.413158 1.62137 -1.169 0.897918 -0.202073 1.35199 -0.525438 0.0636663 -0.00958716 0.0623153 0.0647736 
1.29882 0.528163 1.44131 -0.368761 0.943204 -0.426037 1.1647 -0.0486975 0.480593 -0.158444 -0.220851 0.0789962 
1.17571 0.491337 1.6092 -0.837739 1.6556 0.787886 1.70912 0.483383 -0.242577 -0.0213599 0.148508 -0.0123247 
1.2367 0.557938 1.54374 -0.149818 0.509569 -0.559017 0.733358 0.30026 -0.0717644 0.00153535 0.347057 -0.061857 
1.21873 0.636633 1.79296 0.0454783 1.22134 -0.204903 0.881866 1.14646 0.526576 0.0197314 0.337442 -0.0561302 
1.51562 0.183531 1.02743 0.0584014 1.58856 -0.624591 0.736519 -0.113146 0.255552 -0.0134218 0.0203096 0.0281245 
1.26386 0.00807907 1.31714 -0.40854 1.59472 -0.10898 0.711543 -0.0740052 0.80982 -0.114106 -0.181079 -0.0151908 
1.4338 -0.380144 1.11703 0.72185 2.30784 -0.795218 -0.868233 0.945188 0.950968 -0.419747 -0.461311 -0.0439372 
1.40246 0.204938 1.6085 0.304481 0.438071 -0.780406 0.120751 0.410221 -0.0320633 -0.15782 0.270091 0.0317431 
1.09558 0.552082 1.62622 0.116564 1.65054 -0.266087 0.225007 -0.184879 0.259855 -0.2695 0.300766 0.0225789 
1.40454 0.47359 1.26691 0.0194251 1.23835 -1.51868 0.15635 -0.123704 0.265626 -0.0786484 -0.180183 -0.0380624 
1.35529 -0.0220803 1.82039 -0.417002 1.00936 -0.31063 0.803775 -0.574814 0.353238 0.196196 -0.00965023 0.0330355 
1.0183 0.320954 1.06912 -0.631456 1.13974 0.111608 1.18079 -0.210765 -0.108543 -0.187462 -0.0514195 -0.0964643 
1.29028 0.566508 1.43981 0.285271 0.948049 0.0613333 0.713968 0.105462 0.773635 -0.0853164 0.216671 -0.0567828 
1.3863 0.555987 1.61538 -0.327496 0.536416 -0.402554 0.874712 0.0582939 0.408264 -0.0262546 -0.0547299 0.052214 
1.29075 0.500368 1.61418 0.222757 1.33002 -0.0571036 1.15677 -0.192493 0.429016 0.120217 0.0355829 -0.0306689 
1.48436 0.652826 1.59336 0.929052 0.868916 0.36124 1.13181 -0.00150588 0.891951 0.0716389 0.262686 -0.0233459 
1.39124 1.45818 1.94903 0.989328 1.93616 0.842393 0.719055 0.18149 0.787984 -0.118453 0.0920436 0.0240831 
2.45 2.20483 1.75395 1.91625 1.34827 1.71053 1.0435 0.791044 0.781597 0.464283 0.190169 0.0556544 
2.70272 2.19488 1.9722 1.71719 1.47857 1.27646 1.06425 0.805365 0.577133 0.368479 0.220403 0.0398667 
3.06895 2.69556 2.50196 2.24165 1.90066 1.58583 1.29371 1.00366 0.735327 0.531353 0.334177 0.0768787 
6.39178 2.03027 1.96239 4.37848 2.54624 -0.21367 0.660031 0.124631 1.0473 0.30432 0.229777 0.111238 
4.87498 2.33545 1.98231 4.21249 3.00849 0.22373 0.117772 0.661637 0.363414 0.487708 0.217532 0.0747308 
4.12241 2.27135 1.50088 2.60982 2.81212 0.884345 -0.243569 -0.558274 -0.525635 -0.0434797 0.413531 0.0723275 
4.31451 2.35497 1.31749 1.47972 1.51643 1.07033 0.491803 -0.600514 -0.872521 -0.205732 0.485784 0.146476 
5.40246 1.98158 0.764378 0.886694 0.674987 1.33637 1.4681 0.290432 -0.584398 -0.252614 0.105758 0.0831522 
4.63334 2.58601 1.0925 0.880645 0.284445 0.630026 1.49477 1.07245 0.225378 -0.152101 -0.0216776 -0.00972007 
4.18887 2.76984 1.21195 0.72497 0.160367 0.915089 1.99195 1.89807 0.831302 0.312587 -0.0144202 -0.0485704 
4.71317 2.8127 0.77622 0.461231 1.077 1.77134 2.18909 2.01114 1.10464 0.251166 -0.0984315 -0.0547736 
6.7287 2.91482 -1.16845 1.51025 1.18461 1.79989 2.00639 2.70421 1.19205 0.26391 -0.268255 -0.062615 
7.71463 3.5519 -2.69704 0.42127 2.05343 1.63962 2.33178 1.86109 1.5864 0.285886 -0.192593 -0.0965876 
7.15734 2.6191 -2.96215 1.41638 0.836566 1.60612 2.30359 1.62427 2.16044 0.10012 0.00977462 -0.177351 
4.23814 2.35224 -0.57247 0.283278 1.31473 3.0993 2.51838 1.99366 1.04332 0.104144 -0.129565 -0.0475716 
3.46884 2.8584 -0.0406763 1.1409 0.579741 2.76816 2.49962 2.22271 1.16773 -0.395549 0.0243291 -0.0426687 
3.27803 2.08775 0.503728 0.414508 0.819323 1.90181 2.14025 2.09585 1.34867 0.470126 0.0210385 -0.0617807 
3.06891 1.92088 0.899843 0.580533 0.936337 1.58527 2.03816 2.02035 1.39175 0.528689 -0.0530868 -0.0607885 
4.31677 2.67926 0.561263 -0.00191186 0.846875 1.57016 1.91966 2.02882 1.64255 0.506743 -0.131483 -0.113166 
5.28129 2.60057 -0.495516 -1.08885 0.204186 1.27506 2.18722 2.59567 1.74771 0.15003 -0.0139865 -0.0893945 
3.38943 2.19314 0.877188 -0.644326 0.0882864 0.807578 1.82321 1.74029 0.886845 0.209071 -0.179576 -0.146242 
2.94094 -2.17333 -1.20294 2.88578 2.0737 -0.812852 1.714 3.04086 0.480572 -0.878024 -0.560184 -0.0271364 
4.88262 -1.30081 -1.41199 3.1619 5.2254 0.7247 2.70462 1.75103 -0.16493 -0.378656 -0.00685774 0.244618 
4.55786 -2.4607 -1.99866 3.85215 4.38526 1.76964 2.68087 1.52962 0.310468 -0.537839 0.138655 0.22981 
5.92674 -3.08733 -1.78188 2.71313 5.4967 0.251553 3.7007 1.40262 0.0312403 -0.247411 -0.184106 0.306219 
4.73339 -0.680379 -0.850038 2.89086 3.75444 2.06988 2.85737 2.02991 -0.21287 -0.295189 0.113162 0.198038 
5.13676 -0.402785 -0.657032 4.30604 5.10665 2.0715 2.0957 2.06188 0.422987 -0.118858 0.00335861 0.224533 
4.40441 -0.204702 -0.812545 3.16449 4.00859 1.94932 1.91239 1.60724 -0.00877028 -0.315732 -0.067134 0.169944 
4.13243 -0.252288 -0.356377 3.53651 3.68996 1.7818 1.94751 1.31352 -0.117744 -0.132765 0.077435 0.145477 
4.53889 0.0233317 -0.659207 3.36562 4.74554 2.51868 1.70617 1.67557 0.452059 -0.0710748 -0.0335537 0.20043 
4.87276 0.874474 0.276284 2.89121 5.32976 3.35084 1.1277 1.61697 0.687508 -0.188214 -0.087584 0.147263 
4.3861 0.683897 0.627419 3.52609 3.3604 2.20958 2.85466 1.70841 -0.172678 0.0785095 -0.0914592 0.0708086 
4.54286 -1.1009 -1.48837 3.21857 4.38595 2.8111 2.22046 1.02798 -0.612907 0.0827859 0.355098 0.176689 
5.60992 -1.17061 -1.37063 4.43486 4.47713 2.29341 2.40065 0.953509 -0.562847 -0.258529 0.416714 0.204854 
5.76127 -0.97857 -0.204889 5.12217 4.71115 2.1582 2.27815 1.57492 -0.380384 -0.23771 0.363571 0.202536 
4.55377 0.236732 2.23082 2.25477 2.73215 2.1094 1.40112 1.19146 -0.952117 -0.675373 0.179777 0.0859436 
5.13801 1.54737 0.934609 2.02496 2.2426 0.978244 0.0390792 0.960959 -1.5304 -0.860076 0.12556 0.143585 
6.32356 0.880745 1.44038 -0.34655 3.45954 -0.650999 -1.23713 1.21142 -1.10399 -0.810408 -0.0653415 0.0739457 
6.27317 1.05212 0.216061 0.589788 2.86257 -0.611962 -1.0388 0.894459 -1.25481 -0.75538 0.025317 0.167015 
5.41688 1.65611 0.495776 1.20816 2.5668 0.264145 -0.983467 0.444114 -0.920293 -0.882114 -0.054963 0.101955 
6.62411 1.62184 -0.698894 0.737294 2.83582 -0.649912 -0.765706 1.08813 -0.548967 -0.21114 0.0078372 0.207302 
5.98153 1.44175 0.315708 1.81802 3.52405 0.629411 -0.212255 1.47363 -0.915742 -0.752975 -0.0965103 0.157745 
4.94718 1.48952 0.338 2.77514 3.48278 1.44885 0.740218 1.10631 -0.0971979 -0.944798 -0.231142 0.111377 
4.2771 1.26624 0.844817 3.22713 3.13889 1.15739 1.12889 1.33229 -0.0822144 -0.548921 -0.0124978 0.115975 
4.13357 1.13819 0.593774 3.17887 3.58272 1.71454 1.26922 1.31872 0.156364 -0.514472 -0.16644 0.0929175 
3.95619 0.839964 0.887076 3.99507 3.64116 1.25418 1.54188 1.72843 0.00716548 -0.43973 0.0272105 0.170722 
3.38564 1.36419 1.58627 3.64484 3.46887 1.5783 1.08556 1.24417 0.404733 -0.157965 0.0754799 0.0867347 
3.25014 1.35709 1.51812 3.42669 3.31455 1.27529 0.629981 1.0849 0.602765 -0.0260867 0.104955 0.0578111 
3.23571 1.51882 1.54942 3.20813 3.11059 1.31619 0.838648 1.20092 0.735624 0.125835 0.21396 0.067569 
4.44641 0.867777 -0.0598397 3.64694 4.99763 2.51808 1.45922 1.20048 0.235125 -0.00147709 0.0609587 0.168529 
4.60022 1.95835 1.36474 3.70692 5.40426 3.45971 1.70987 1.04511 0.714601 0.382828 0.287051 0.127631 
3.40795 2.75886 2.3683 2.61523 3.08809 2.72394 1.72531 0.867904 0.34529 0.40474 0.303838 0.0892374 
2.84846 2.37266 2.05995 1.88364 1.85563 1.67437 1.37145 1.05949 0.753079 0.44428 0.269115 0.0584119 
2.88294 2.41902 2.22912 1.95955 2.05536 1.76229 1.72667 1.13086 0.966793 0.503191 0.416653 0.0864209 
2.95517 2.66584 2.42759 2.07585 2.19581 1.99945 1.46662 1.33948 0.89483 0.55201 0.342923 0.0926715 
2.64927 2.13402 2.03525 1.70611 1.79703 1.87805 1.39826 1.11101 0.691545 0.439395 0.341712 0.0563625 
1.89375 1.8758 2.57678 0.393747 1.98821 2.21899 2.01579 0.702953 0.789461 0.154834 0.119278 0.0742235 
1.06339 1.25886 2.63695 0.486355 1.65352 2.3884 1.44171 -0.430757 1.08334 0.0175869 -0.0888629 0.100597 
1.06697 0.917997 1.95778 0.560418 1.02107 0.804087 1.12517 0.642373 -0.0183537 0.00163582 -0.00583831 -0.024598 
0.979085 1.27386 1.84255 0.611667 1.9411 0.433588 1.58654 0.700696 0.561612 0.226358 0.349007 -0.0415772 
0.971202 1.30114 1.97686 0.395694 1.41585 0.858911 1.28605 0.822334 1.08482 0.0919967 0.0190467 0.0149717 
0.899523 1.26322 1.85448 0.928111 1.2666 0.995553 1.51974 0.375319 0.824924 0.565363 0.46565 -0.119985 
1.14193 0.827002 2.24371 0.536063 0.676288 0.638179 0.949096 1.33901 1.14146 0.0316643 0.234427 -0.0104509 
0.989916 0.731584 1.86377 0.179488 1.234 0.250595 0.990765 0.610996 0.820644 0.0946982 -0.0133845 0.0308247 
1.01524 1.07553 1.15589 0.797663 1.21428 0.342506 0.857397 0.769839 1.35607 0.265165 0.0938396 -0.0471456 
