1.78782 0.0228472 0.687664 0.0961377 1.15738 -0.360331 0.481564 -0.886095 0.732625 -0.251015 -0.0550605 0.0454008 
1.46161 -0.115277 0.95217 -0.325819 0.981712 -0.541931 0.293176 0.0635934 0.356119 -0.00503752 -0.070064 0.0579252 
1.75373 -0.393657 0.893295 0.503679 1.35972 0.285859 0.537083 -0.753389 0.733242 0.232428 0.128145 -0.0377845 
1.67907 -0.511402 0.604674 -0.306937 0.765115 -0.457905 0.00400224 -1.11102 0.292362 0.185116 0.342743 0.0421471 
1.94613 -0.148915 1.88852 -0.162703 0.999691 -0.256664 0.866919 -0.59392 0.929558 0.394664 0.0950022 0.0182373 
1.7454 0.215266 1.00218 0.051347 0.38378 0.0453549 0.643052 -0.744554 0.365984 -0.167475 0.0630799 0.0706091 
1.75493 -0.117937 0.883599 -0.215353 1.41582 0.133555 0.99521 -0.340441 0.0425243 0.177485 0.0949578 0.0583873 
1.80896 0.0341987 1.19891 -0.635669 0.756588 0.0404471 1.21416 -0.676233 -0.182452 0.185316 0.079845 0.00910675 
1.60192 -0.077554 1.35647 -0.379138 1.40837 -0.190024 0.847281 -0.671786 0.125543 0.109739 0.189699 0.0382384 
1.4791 -0.0985743 0.95282 -0.4643 0.267072 -0.112621 0.169139 -0.79374 -0.0041772 -0.0447639 0.219871 0.058245 
1.89697 0.0125391 0.968081 -0.132399 0.922562 0.0996435 0.905278 -0.636221 0.254587 0.0425435 0.144565 0.0757564 
2.00049 0.194799 1.29447 0.23458 0.682876 0.351392 0.980379 -0.924996 -0.0273683 -0.105528 -0.00481513 0.0251071 
1.73344 0.110991 1.39598 -0.502013 1.43218 0.0478999 0.710823 -0.126075 -0.0538097 0.313096 0.031543 0.02165 
1.98385 0.323564 1.22664 0.690905 1.30449 0.4006 1.78345 0.0792338 -0.211466 0.343158 0.289416 0.0385498 
1.76581 0.308172 0.882672 -0.414908 0.939225 0.500917 1.22523 -0.546338 0.127327 0.18422 0.244341 0.0480677 
1.72649 -0.180649 0.980248 -0.0959683 0.682796 0.429426 1.1378 -0.210228 0.321494 0.0857159 0.0870088 0.0491265 
1.66708 0.0443146 0.821604 -0.851178 0.968203 -0.626331 0.577629 -0.382719 0.207747 -0.390862 -0.000836927 0.109431 
1.31067 -0.145684 0.565537 -0.0243507 0.519728 -0.935997 0.528447 -0.865976 -0.0822124 0.216734 0.071312 0.0959652 
1.79745 0.0789851 1.07103 -0.57036 0.802055 -0.0870016 1.03261 -0.329954 0.454341 -0.0715497 0.152529 0.0537433 
1.74704 -0.313415 0.862504 -0.338426 1.04205 -0.154106 0.901502 -1.02813 0.277319 0.0955614 0.154428 0.121946 
1.51388 -0.0789076 1.27236 -0.718844 0.754492 0.179187 1.56242 -0.372891 -0.0146996 0.214455 0.285376 0.0356487 
1.76645 -0.327317 1.23447 -0.759311 0.419912 0.752544 0.745241 -0.529975 -0.0852011 0.0955639 0.000777091 0.0581275 
1.57305 -0.246771 1.75801 0.426156 1.12272 -0.548438 0.892708 -0.237159 0.663857 0.102893 -0.055779 0.0997965 
1.65338 0.455949 1.08546 -0.513769 0.500886 0.179646 0.523072 -0.832758 -0.0454578 -0.0407561 0.0845506 0.0407389 
1.71447 -0.33017 0.887676 0.230751 1.61205 -0.0842278 1.58986 -0.126517 0.0597405 -0.317714 0.183502 0.0728621 
1.80975 0.204587 0.860473 -0.312675 0.925768 -0.0569775 1.30102 -0.623932 0.211779 -0.160176 0.265154 0.079309 
1.6125 0.387845 0.837192 -0.10864 0.455968 -0.589421 0.58717 -1.03121 -0.0534938 -0.0375915 0.0987343 0.0302234 
2.03685 -0.0772672 1.57017 -0.11056 1.05207 -0.197456 0.626542 0.0888824 -0.089236 0.035106 0.0535113 0.0710338 
1.79514 0.571007 0.981249 -0.159898 0.338956 0.228616 0.721951 -1.03072 0.542119 -0.184424 0.329311 0.0540742 
1.95595 0.127643 1.20312 -0.3261 0.510671 0.12455 1.20412 -0.885449 -0.200204 -0.176793 -0.0338555 0.0192216 
1.93968 0.152413 1.45149 -0.529392 0.679144 0.315639 0.0803342 -0.977284 0.354552 -0.0751966 -0.118688 -0.00584663 
1.71544 0.334582 1.50298 -0.208996 0.786422 0.891452 0.592847 -0.793157 0.383962 -0.386931 0.0929131 0.101438 
1.67103 0.0974757 1.2604 -0.082403 1.37495 0.0480777 0.584074 -0.718408 0.479016 0.12045 0.301134 0.0531226 
1.71691 0.174174 0.877835 -0.677544 0.407577 0.19017 1.25436 -0.788082 0.209448 -0.159711 -0.061232 0.0322125 
1.84709 -0.0137587 1.54846 -0.120434 0.882152 0.238681 0.527949 -0.394975 0.418879 -0.235107 0.0406099 0.0696278 
1.68955 -0.0552054 0.984566 0.253152 1.20755 -0.448235 0.374738 -0.429584 0.299854 0.255423 0.0464162 0.0483099 
1.55849 -0.29453 1.39861 0.738282 0.460892 -1.01416 1.10735 -0.237628 -0.124836 -0.0853925 0.0959072 0.0794982 
1.84631 -0.0208729 1.25542 -0.317453 0.726678 0.0132488 1.36238 -0.853272 0.188079 0.18768 0.0720104 0.0360152 
1.67269 -0.285785 1.25275 -0.183938 0.746607 -0.580652 0.613076 -0.00507467 0.0914186 0.142779 0.137066 0.0908686 
1.64972 -0.332874 0.5709 0.431775 0.883267 -0.214175 0.401744 -0.505927 0.329947 0.00285375 0.0811958 0.0286794 
1.68817 -0.163863 1.36799 -0.240376 1.78136 0.558055 0.718777 -0.0746317 0.0300952 -0.133687 0.00608828 0.0527023 
1.83065 0.149197 1.16035 -0.586771 0.749128 -0.0307765 0.434801 -0.872923 0.219343 0.255624 0.175728 -0.0102648 
1.6588 -0.19315 0.983177 -0.269467 0.571195 -0.175725 0.738408 -0.464099 0.42562 -0.289654 -0.0450404 0.0587484 
1.67076 0.0250332 1.24118 -0.185264 0.940291 0.55949 0.630391 -0.646752 0.312455 -0.0811784 0.101114 0.110366 
1.30308 -0.206172 1.05282 -0.296827 0.419124 -0.301539 0.199405 -0.646142 -0.349393 0.178308 0.148312 0.11346 
1.72269 0.101167 1.0576 -0.297605 0.664777 0.113499 1.35175 0.0124993 -0.288513 0.0935212 0.166845 0.102456 
1.60506 -0.220822 1.39555 -0.416109 0.87692 0.198131 1.25589 -0.606124 0.122555 -0.0289781 0.0733019 0.156108 
1.7881 -0.134978 1.19047 -0.326024 0.0686167 0.0851855 0.915881 -0.898613 0.0354804 -0.0519007 0.135134 0.0383166 
1.70043 0.0992803 1.72059 0.358657 1.2884 0.0687868 1.00055 -0.370084 -0.0559873 -0.157592 0.0686805 0.0792185 
1.67579 -0.0781345 1.16908 -0.0589173 0.819249 0.140657 1.07668 -1.10975 0.216884 0.00120751 0.190812 -0.0355233 
1.91946 -0.34351 0.858011 -0.0386358 1.32345 -0.21314 -0.61516 -1.16522 0.275177 0.427832 0.246986 0.0132602 
1.94224 -0.627427 0.800663 0.404572 1.89285 0.286177 -0.166512 -0.981545 0.751034 0.146366 0.0964533 -0.0198374 
1.66473 -0.246628 0.837395 -0.312252 0.811749 0.00257964 1.21109 -0.558024 -0.33488 -0.0114554 0.0630328 0.00132961 
1.95777 -0.507738 1.08742 0.170739 0.586287 -0.455373 0.221877 -0.620368 0.0777621 -0.311844 -0.0506242 0.0372412 
1.62263 -0.143537 1.14105 -0.369233 0.949182 0.0391544 0.412558 -0.90304 -0.120052 0.0791235 0.0285895 0.0133134 
2.01769 0.857383 1.68866 0.419389 1.73675 0.637821 1.37705 0.129551 0.382473 0.142465 0.0843992 0.0774927 
2.54988 2.02081 1.8041 1.52143 1.50528 1.15898 0.996993 0.772999 0.595742 0.410531 0.187468 0.050542 
3.46934 3.20167 3.05384 2.94027 2.73687 2.39853 1.85053 1.16817 0.711803 0.506527 0.300236 0.0956659 
3.99439 3.12859 2.52807 2.47659 2.32828 1.85917 1.28361 0.55664 -0.0834192 0.0714008 0.621575 0.134112 
3.90094 2.76951 2.61017 2.86315 1.90207 0.841553 0.995029 0.685673 -0.150044 0.0459459 0.752074 0.151463 
4.3411 3.03037 2.61427 2.53101 1.99783 0.645225 1.02381 0.627326 -0.472311 0.012165 0.653543 0.174593 
3.62192 2.96601 2.02993 1.45028 1.39553 1.47036 1.23416 0.585766 0.292552 0.427298 0.604592 0.119961 
3.81887 3.15815 2.10732 1.31628 1.25897 1.52452 1.40869 0.805715 0.246351 0.277253 0.546864 0.118207 
5.47453 4.02939 1.86128 0.321337 3.58431 0.565223 1.44139 -0.652344 -0.759553 0.24023 0.171839 0.216104 
4.61799 2.93893 1.05843 1.63711 2.09409 0.738296 -0.238447 -1.02639 -0.361647 0.00600655 0.562936 0.15676 
4.22901 2.28829 0.636787 0.761077 1.38555 0.792671 0.00513398 -0.383412 -0.245782 0.0512319 0.548437 0.151454 
4.01218 2.45965 0.629866 0.0525258 1.11528 0.941025 0.826434 0.246337 -0.0130266 0.025368 0.0997269 0.0405634 
4.47261 2.95667 0.941927 0.168107 0.671847 0.692794 0.858894 0.948579 1.00313 0.679983 0.160316 0.0015402 
4.06458 2.7577 1.21261 0.505142 0.850733 1.11874 1.39003 1.53667 1.27418 0.645115 -0.00435756 -0.0409372 
3.73956 2.61108 1.29991 0.474445 0.626593 1.16756 1.70647 1.79973 1.22067 0.48723 0.0825544 -0.0247015 
4.08954 2.48737 0.709574 -0.0413296 1.03355 1.48268 2.08938 2.12413 1.21594 0.696746 0.0254126 -0.0527482 
5.83825 3.3846 -0.141537 -1.2717 1.84588 1.57661 2.33062 2.16409 0.94975 0.752313 0.0886958 -0.0161983 
5.06718 3.18839 0.756233 -0.506978 0.698032 1.94853 2.34386 2.01558 1.13253 0.735043 0.076621 -0.0233508 
4.1101 3.14957 0.00333498 -0.823844 0.818388 0.999274 3.11003 1.02195 1.59464 0.737027 0.069616 -0.0178714 
3.95757 3.09726 1.43717 0.32968 0.12752 1.09481 2.18251 2.18697 1.59693 0.58024 0.0921441 -0.051117 
3.37896 2.29257 1.01922 0.148157 0.387336 1.1701 1.95113 2.14532 1.40769 0.584352 0.055415 -0.0718652 
3.95682 2.39944 0.894417 -0.397106 0.461341 1.17989 1.75279 1.50206 1.40249 1.05753 0.092164 -0.0450344 
4.46432 -2.02413 -0.845145 0.916172 2.96424 0.43646 2.84268 -1.98913 0.93441 0.901255 -0.00950509 0.0940611 
4.05734 -0.89276 -1.81777 2.24072 3.91448 2.29266 3.82701 -0.209655 0.171281 -0.313101 0.43748 0.167759 
3.54127 0.195612 -1.05733 1.56413 3.11691 2.82883 2.86086 1.04423 0.0825685 -0.390135 0.283217 0.175049 
2.86768 1.33232 0.995083 1.54012 2.37067 2.33818 1.90065 0.840766 -0.0714075 -0.0173091 0.215552 0.101067 
3.43255 1.73439 0.88756 1.86391 2.61781 2.02457 1.70633 1.65374 0.787841 -0.0974785 0.124445 0.0858479 
3.3196 1.61985 0.874516 1.89101 2.6958 2.09847 1.52378 1.40802 0.658439 -0.0866533 0.133212 0.0903686 
3.39859 1.02475 0.393025 2.30324 3.55347 2.76339 1.85856 1.35895 0.3775 -0.371183 -0.102715 0.143792 
3.48263 0.954787 0.80942 2.22485 3.05241 3.66056 2.44189 0.740992 0.309124 -0.110185 0.106815 0.175166 
