1.60082 -0.580895 1.56202 -0.561452 1.4969 0.190178 0.959065 -0.0497251 -0.214068 0.196911 -0.00919045 -0.0187736 
1.60202 -0.196232 0.910969 0.00364957 0.10256 -0.378498 1.20866 -1.1989 0.17054 -0.19405 0.19679 0.0733883 
1.82113 -0.103178 1.1691 0.0474115 1.673 -0.183372 0.509058 -0.000418685 -0.10022 -0.190818 0.169983 0.0571759 
1.81183 0.406838 1.40595 0.117172 0.779721 0.513922 0.963277 -0.101119 0.356479 0.0926349 0.301072 0.0341697 
1.92622 0.401156 0.772971 -0.426042 1.08309 -0.716886 0.669733 -0.484657 0.839621 0.340411 0.230548 0.0910182 
1.5847 0.0196984 1.31506 -0.616514 0.923034 0.0220997 0.992987 -0.62474 -0.106068 -0.260261 0.238006 0.123917 
1.49659 -0.398125 0.783572 0.492793 1.49488 -0.296084 0.803416 -0.192585 0.363875 -0.111313 -0.0276942 0.121756 
1.53303 -0.385485 1.15026 0.0135301 1.42866 -0.4933 0.185054 -0.0230058 0.701564 0.187949 0.11895 0.0416027 
1.85159 -0.105975 1.39307 0.253477 1.41669 -0.455368 0.478426 -0.316801 0.74429 0.233724 0.483807 0.0494051 
1.56779 -0.328338 1.31204 -0.505653 1.84124 0.0558205 0.821013 -0.445814 -0.0313636 0.229535 0.0311071 0.013034 
1.81247 -0.436096 1.69743 0.0359724 1.20106 0.321594 0.220711 -0.607377 0.824948 0.223211 -0.142039 0.0460273 
1.20389 -0.0866254 0.733238 -0.682045 0.863902 -0.0982068 0.926026 -1.00675 0.051571 0.242852 0.141359 0.0614537 
1.58756 -0.112407 1.23729 -0.766599 0.546549 0.160146 0.550222 -0.233238 0.180669 -0.0483352 0.398748 0.0367028 
1.72501 -0.0128236 0.918107 -0.361495 1.47361 0.762179 0.572043 -0.846211 0.175744 0.0407173 0.216325 0.142667 
1.80477 0.0502504 1.48349 0.0161409 1.80828 0.201176 0.60342 -1.14681 0.194579 0.322506 -0.0846596 0.0199784 
1.57509 -0.118714 1.0925 0.450388 0.708089 -0.755234 0.649657 -0.256361 0.234512 -0.100828 0.179016 0.0781382 
1.59731 -0.310737 1.3985 -0.304035 1.04547 0.135012 0.722853 -0.0379394 0.0950734 0.00962596 0.117888 0.0436942 
1.7658 -0.0238439 1.35828 -1.04899 0.712148 0.583448 0.551555 -0.645239 0.207434 0.480419 0.190094 0.0372733 
1.62366 -0.297624 1.42645 -0.311908 0.194083 -0.6833 0.177459 -0.860858 -0.0861052 0.128504 0.203448 0.0793641 
1.7316 -0.153991 0.413678 -0.385423 0.718687 0.129996 0.892811 -0.290299 -0.233424 -0.215662 0.103086 0.0305043 
1.77012 -0.110078 0.841583 -0.325289 1.18675 -0.18226 1.04917 -0.477246 0.434574 -0.0275096 -0.000389527 0.0519828 
-1.02647 -1.81268 4.06521 -0.469341 -0.189946 -1.56774 2.66778 0.423403 -1.22532 1.05336 -0.0925891 -0.0658835 
-0.25177 -2.29937 3.97176 -0.58668 2.11085 -1.55253 2.45475 0.543632 -1.49531 0.99847 -0.313754 -0.118527 
1.4893 0.492395 1.62974 -1.51128 3.01435 -0.926409 1.39617 -0.667611 -0.399278 1.02644 -0.0749185 0.176962 
1.89452 0.846707 1.41873 0.0665225 1.35099 -0.196561 0.463207 -0.90921 -0.0307307 0.125924 -0.184765 0.0572448 
2.10118 0.765579 1.47825 -0.515409 0.945274 0.549447 0.117732 -0.53515 0.0423479 -0.167147 0.0273717 0.0800901 
1.85544 0.265368 0.930872 -0.262222 1.33013 -0.0819178 1.38284 0.166337 0.341821 -0.00445315 0.0801135 0.075984 
2.58269 0.891214 1.77609 1.63809 2.10475 0.885128 0.566601 -0.0995224 0.737782 -0.162197 0.238142 0.0917907 
2.66222 2.23052 2.30368 2.14641 1.89455 1.66707 1.52499 1.39815 1.08519 0.638323 0.302339 0.0935322 
3.93477 3.37396 2.58194 1.99111 1.86256 1.64855 0.902098 -0.0239384 -0.290846 0.14942 0.630587 0.141359 
3.95943 2.84136 2.3595 2.42811 1.79628 1.54278 1.73688 0.636869 -0.623298 -0.102906 0.806499 0.171404 
4.16655 2.7539 2.52227 2.55304 1.35679 0.872405 1.60195 0.557784 -0.933832 -0.212319 0.954693 0.217442 
4.99557 3.29605 2.02053 1.97796 1.76123 1.26542 1.369 0.27584 -1.02502 -0.194506 0.65426 0.279048 
4.49305 3.52793 2.09988 1.41423 1.6635 1.92914 1.3809 0.137554 -0.519629 -0.0596788 0.560926 0.198705 
3.27254 2.58233 2.02126 1.76619 1.78 1.60138 1.15634 0.620225 0.369486 0.430697 0.475019 0.0787944 
3.05303 2.43827 2.0272 1.87375 1.80518 1.52247 1.06056 0.584988 0.391897 0.4495 0.440944 0.0611883 
4.03815 3.48165 2.53998 1.91731 1.91442 1.20535 0.331405 -0.835482 -0.893622 -0.173558 0.358176 0.0689456 
4.10444 2.92263 1.69072 1.40195 1.45696 0.594081 -0.376191 -1.02386 -0.770061 -0.205812 0.385441 0.094463 
4.69167 2.55975 0.498465 0.793162 1.77567 0.270424 -0.351537 -1.24789 -0.262309 -0.251306 0.531015 0.1774 
5.92068 2.42436 -1.41221 -0.822288 3.20342 0.805356 -0.329616 -1.00449 -0.234365 0.0592654 0.278693 0.106002 
7.54613 2.20978 -1.7048 -1.68871 3.95818 -0.779662 0.811152 0.301643 -0.0943346 0.850275 -0.239378 0.0843109 
6.45968 2.56868 -0.327438 -0.986207 3.1879 -1.808 0.80482 2.29925 1.00972 1.05115 -0.253276 0.0886365 
5.57765 2.51871 0.277447 0.0752098 2.35743 -0.438206 0.66101 2.36699 1.41768 0.639566 -0.0205603 -0.00246431 
7.76121 1.52017 0.770945 -1.78631 3.45878 -0.58903 1.62773 2.86334 0.573575 1.00512 -0.29609 -0.0369849 
4.59564 2.69407 0.587588 0.0623031 1.00534 1.683 1.8757 1.76223 1.2757 0.628261 0.0746695 -0.036204 
4.32794 2.91684 1.07729 0.186137 0.696043 1.76298 2.39108 2.17692 1.35277 0.449316 -0.0323126 -0.0556611 
3.88904 2.56381 1.25764 0.593713 0.679627 1.15918 1.97276 2.14596 1.60188 0.626752 0.0621517 -0.0379984 
3.57641 2.40547 1.09645 0.332567 0.478621 1.10521 1.67535 1.79625 1.42746 0.792924 0.201285 -0.022651 
5.72347 3.26376 0.883634 -1.18121 -0.482821 1.08066 2.2389 2.21289 1.5094 0.627132 0.125471 -0.0347017 
5.69428 4.04731 1.33459 -1.15186 -1.62901 0.647288 2.00445 1.84645 1.21065 0.624097 -0.0775488 -0.118802 
4.70087 1.71539 0.66943 0.515627 -0.090691 1.44659 2.43089 0.37458 2.04101 0.199568 -0.166583 -0.095454 
4.74871 0.292023 -2.52991 -0.134591 1.78698 3.16786 2.57204 -2.06454 0.388652 -0.463826 -0.00223653 -0.135601 
5.55611 0.844233 -0.739088 2.51575 3.51681 1.53309 1.73989 1.41185 0.492042 0.1275 0.167752 0.136831 
6.01641 0.774654 -1.23184 2.01255 3.83374 2.97731 2.42762 1.87432 -0.163588 -0.261523 0.0414304 0.192272 
4.21234 2.09629 0.62586 1.31294 2.97582 3.45671 2.66318 1.16628 -0.0882696 -0.238428 0.138766 0.157504 
3.15784 2.54848 2.08232 2.03673 2.0788 2.08366 1.79585 1.31033 0.83192 0.486529 0.246176 0.0866094 
3.0587 2.47961 2.09852 2.06168 2.17196 2.02988 1.51087 1.09612 0.567555 0.310881 0.244006 0.0740359 
2.81828 2.09722 2.29814 1.80077 1.90629 2.04772 1.34567 1.47154 0.92614 -0.0889621 0.234942 0.0702242 
2.47291 1.65894 2.89792 0.226278 2.12215 2.26816 1.9732 0.675074 0.957368 0.579402 0.134536 0.0939766 
2.25009 2.45695 2.33694 -2.19172 -0.504076 0.945921 1.54768 -1.40635 -0.481996 0.632932 0.396768 0.142209 
3.94779 1.06939 1.51789 -0.77913 0.221042 3.06611 1.76215 0.241432 -0.293281 0.587407 0.482971 0.149401 
3.40784 1.34842 0.357295 1.3652 3.91987 2.94562 3.06919 -0.787662 0.669996 0.767133 0.325984 0.14806 
3.96919 1.74253 -0.402382 0.900258 4.93593 4.1707 3.45851 -0.726171 -0.232707 0.543376 0.0764737 0.192834 
3.40136 1.68978 0.987369 2.6405 4.66726 2.3079 2.25525 0.300711 0.148816 0.082882 0.158548 0.145452 
3.96619 2.20093 1.02362 2.07191 4.13738 2.04947 1.97085 0.772559 -0.266216 -0.151461 0.122917 0.119504 
3.77707 2.75521 1.33258 1.56816 4.03378 -0.0106243 2.05633 -0.118382 -0.423532 -0.356454 0.0571708 0.133238 
3.39168 2.63646 1.732 1.46431 1.89357 1.50769 1.41539 0.0871929 -0.499569 -0.296415 0.170897 0.036317 
3.68617 2.9286 1.65401 1.22028 1.50929 1.34282 1.09533 0.340619 -0.0170135 -0.128436 0.19841 0.0485983 
3.68457 2.22421 0.893332 0.748472 1.45023 1.52941 1.40452 0.6859 -0.0296725 0.00670769 0.496454 0.107248 
3.83259 2.0144 0.419194 1.13033 2.21924 1.20885 1.28317 0.333868 0.0470681 -0.501608 0.263583 0.0979206 
4.35783 1.92418 0.190872 1.37347 2.6246 0.986009 0.779871 0.348707 -0.021506 -0.60408 0.204618 0.123173 
3.85377 1.59617 0.271603 1.59693 2.80181 1.84222 0.936202 0.200067 -0.228201 -0.408989 0.247424 0.0940292 
3.56805 0.950399 0.00770516 1.95707 3.74956 2.589 1.12429 0.0766866 -0.308165 -0.321694 0.135866 0.108192 
4.18737 0.961899 -0.497735 1.77495 3.76138 2.87139 1.32959 0.311668 -0.361662 -0.0994393 0.194368 0.1224 
4.44865 0.181836 -1.55968 1.68225 3.95055 2.65294 1.42321 0.985436 0.0148208 -0.127601 0.163741 0.146921 
4.71327 0.0368104 -1.96774 1.6777 4.2813 2.99985 1.76839 1.06203 -0.228972 0.0535406 0.162753 0.145276 
4.8265 -0.251469 -2.53307 1.70469 4.81171 3.34769 1.6933 0.737649 -0.396129 0.256021 0.214645 0.121457 
4.33001 0.216874 -1.69024 1.4808 4.49764 4.0022 1.94822 0.120054 -0.468548 0.521455 0.311464 0.0957065 
4.54822 0.230064 -1.8994 1.55518 4.84006 3.80215 1.65934 0.42047 -0.169487 0.357375 0.32117 0.130734 
4.05415 -0.00632147 -1.28451 2.1484 4.30199 3.03307 1.71801 1.07014 -0.030193 -0.0326756 0.156688 0.160967 
3.32403 0.744499 -0.0678007 2.01196 3.87846 3.36947 1.76743 0.560467 0.0897899 0.1316 0.110124 0.123713 
3.5583 1.42432 0.641741 2.59811 4.06913 3.09311 1.57184 0.778875 0.257126 0.0341155 0.271135 0.144158 
3.18785 1.88378 1.14831 1.66688 2.58478 2.70685 1.8759 0.668105 -0.136562 -0.0956412 0.368556 0.114214 
3.00777 2.0505 1.37229 1.55452 2.30438 2.543 1.72713 0.635448 0.0597245 0.175139 0.345306 0.0875792 
3.30656 2.02014 1.09139 1.6726 3.07542 3.39766 2.24157 0.676913 -0.0724641 0.201541 0.464539 0.171589 
