1.5727 -0.118524 1.60265 -0.325436 1.40151 0.359992 0.86309 -0.432294 -0.246172 -0.0047939 0.0292266 -0.0472053 
1.81299 0.507842 1.59227 -0.740931 1.63154 0.399993 1.00827 -0.931986 -0.351301 0.00123286 0.061681 0.0229743 
1.60688 0.193991 1.40342 -0.57805 1.32856 0.821034 0.660432 -0.43346 -0.20813 -0.17203 -0.0967407 0.0667896 
1.58184 -0.040521 1.37872 -1.14998 0.591347 -0.43791 -0.530504 -1.11952 -0.118137 -0.337539 0.0307761 0.164521 
1.79883 -0.710452 1.55219 -0.262441 0.312978 -0.509244 -0.809434 -0.783319 0.744232 0.140505 0.162471 0.14573 
1.717 -0.364367 0.564731 0.166811 1.6985 -0.365444 -0.248487 -0.40732 0.279091 -0.212821 0.0673708 0.0265849 
1.70688 -0.149302 0.973036 -0.617293 0.70964 -0.0195661 0.0673996 -1.02407 0.533509 0.358467 0.00930913 0.0855402 
1.78201 -0.0330519 1.50821 -0.329707 1.52192 0.739436 1.18992 -0.534828 0.0376321 0.322495 0.259243 0.0341349 
1.64802 0.112444 1.61365 0.0173119 2.09004 -0.0964596 0.666361 -0.558411 -0.151015 -0.0350851 0.16132 -0.000299087 
1.72815 -0.431894 1.29947 -0.744323 0.729784 -0.0631606 0.532275 -0.641726 0.243368 -0.175301 0.0887529 0.141284 
1.82791 0.0430845 1.271 -0.212758 0.786585 0.249281 1.40011 -0.703699 -0.0491893 0.00351068 0.265957 0.00945655 
2.19989 0.126322 1.85617 -0.237081 1.35825 0.20124 1.04502 -0.607723 0.322931 0.159452 -0.0546564 0.0516588 
1.74608 0.479845 1.45481 0.156205 1.15802 0.590823 1.20348 -0.106508 0.260212 -0.31587 0.159739 0.0321955 
1.73063 -0.126905 2.14238 -0.528763 0.675085 -0.0370321 0.973795 -0.158825 0.0648087 0.555018 0.03525 0.0349217 
1.65743 -0.132076 1.32353 -0.238177 1.29017 0.00812313 0.770851 -0.628965 -0.640411 -0.366872 0.0519915 0.0255566 
1.71773 -0.00126659 1.20668 -0.146046 1.38291 0.69205 0.563597 0.0636955 0.320676 0.00396164 0.0293864 0.000954634 
1.75185 -0.319532 0.913737 -0.329362 0.732641 -0.517991 1.15167 -0.954586 -0.00407471 -0.208891 0.0323729 0.066687 
1.66342 0.127222 1.25609 -0.606619 1.12298 0.190689 1.08783 -1.13134 0.150737 -0.300733 0.159528 0.037425 
1.98989 -0.0154042 0.847657 0.353872 0.698653 -0.181961 0.8199 -0.202553 0.276863 -0.219542 0.103391 0.0872759 
1.69919 0.282557 1.18883 -0.51389 1.29774 0.13332 0.890888 -0.304111 -0.118924 -0.265059 0.0190571 0.00462221 
1.92973 -0.121286 1.11553 -0.787489 0.0608643 0.247952 0.779093 -0.454296 0.297571 -0.170132 0.141292 0.132215 
1.83451 -0.034619 1.40523 -0.000810273 0.770613 0.0495826 0.622124 -0.483088 -0.124155 -0.547529 0.120186 -0.0471083 
1.72301 0.248095 1.17076 -0.34879 1.2953 0.150492 1.31048 -0.408315 0.414606 -0.0843075 -0.114958 0.0145254 
1.47737 0.0420174 1.44287 -0.44625 0.928174 -0.406511 0.937064 -0.441303 -0.093518 0.112874 -0.109061 0.0119669 
1.65284 -0.147094 1.59171 -0.431541 1.24957 -0.606348 0.721825 -0.54179 0.0564807 0.0495605 -0.219574 0.0241322 
1.85467 -0.0187274 1.31911 0.356163 0.828969 0.15534 0.972702 -1.28789 0.211745 -0.129449 -0.072379 0.0450842 
1.98512 -0.257848 1.38022 -0.173305 1.29973 -0.693931 1.03328 0.186677 -0.328477 0.580877 0.211441 0.0253996 
1.7268 -0.00159021 1.37676 0.0483201 0.837912 -0.00920941 0.712125 -0.542391 -0.275208 0.134097 0.12277 0.0456643 
1.52514 -0.00495279 1.35338 0.207329 1.29006 0.478995 1.11895 -0.121182 0.106502 -0.14565 0.172608 0.00906758 
1.58244 -0.144382 1.61607 -0.443872 0.734751 -0.268252 0.7595 -0.714449 -0.317641 0.168287 -0.0674776 0.0211377 
1.68482 0.0104629 1.04649 -0.322627 0.42987 -0.259916 0.744086 -0.551829 -0.00173087 -0.00256885 0.107511 0.0547664 
1.56164 0.346704 1.04185 -0.363431 0.403585 -0.106799 0.798267 -0.452495 0.184956 -0.228989 0.0430354 -0.0315874 
1.92384 -0.0432788 1.26372 -0.484698 0.647461 -0.387375 0.446764 -0.637214 0.216526 -0.079768 0.113643 0.0603265 
1.5325 0.136602 1.40235 -0.393763 0.61011 -0.624043 0.342296 -0.749641 -0.140019 0.386478 0.0503303 0.0629476 
1.87149 0.422148 1.48485 -0.104078 0.621939 -0.519498 0.849556 -0.810219 0.112249 0.343151 0.188222 0.0219765 
1.67898 -0.0567834 0.98099 0.113227 1.58654 0.0972192 0.600006 -0.0877088 0.0397092 -0.174025 0.0293096 0.0385898 
1.85682 -0.124632 1.01394 -0.398207 1.16711 0.284859 0.792219 -0.100276 0.151751 0.124025 0.106067 0.0379112 
1.64414 0.746389 1.17686 0.0659626 1.50826 0.239292 0.90687 -0.359522 0.719586 -0.233212 0.198295 0.0340118 
0.823914 -3.29719 3.48133 0.309963 -0.4761 -1.38505 2.14619 0.0610764 -1.99839 1.13081 0.124832 -0.0682855 
0.453041 -4.28051 4.78685 2.63973 0.553622 -3.32193 0.405445 -0.468393 -0.694175 1.52796 -0.325004 -0.0889901 
1.16919 -2.57349 2.59811 1.75459 0.855438 -0.0979134 1.92496 -0.182456 -0.507192 0.842226 -0.13496 -0.106543 
1.59618 -0.626068 0.834114 0.00203408 0.0362561 -0.520155 0.765693 -0.950531 -0.141188 0.454114 -0.0321817 0.0280452 
1.91905 -0.490104 1.16514 0.399525 1.07347 0.407042 1.19712 0.079484 -0.241643 -0.224829 0.210374 0.00381428 
1.84114 -0.609881 1.31054 0.285429 0.491405 0.0788882 0.798308 -0.319032 -0.291612 -0.587011 0.484182 0.113369 
1.63265 -0.314045 2.18825 0.49888 1.04285 -0.138417 1.70815 -0.431848 -0.853457 0.163552 0.451569 0.0485305 
3.54976 2.13042 2.64234 1.53415 0.684667 1.19553 2.31989 0.465377 -0.205933 -0.157494 0.432518 0.0509188 
3.21995 2.93652 2.52923 1.99354 1.40958 1.12393 0.812042 0.673174 0.580126 0.489473 0.354567 0.069708 
3.39357 2.81486 2.31975 1.94379 1.41108 1.05404 1.07695 0.937935 0.552621 0.396238 0.512292 0.0893648 
3.53677 2.95336 2.71033 2.24507 1.31359 0.872276 0.86705 0.516132 0.268722 0.47452 0.607125 0.111945 
3.37805 3.08795 2.8047 2.33589 1.80579 1.22147 0.607261 0.2011 0.187959 0.397036 0.465074 0.0746823 
2.99934 2.56523 2.29304 1.96384 1.53533 1.15309 0.84175 0.641868 0.487883 0.402265 0.321975 0.0486329 
3.57978 3.00552 2.48052 1.82148 0.923733 0.214823 -0.102593 -0.41641 -0.387111 0.0498258 0.334814 0.0599137 
4.27149 2.81522 1.79044 1.46616 0.875337 0.0564754 0.263291 -0.564088 -0.906198 0.0670588 0.559723 0.1614 
5.23462 2.62641 0.761011 0.703328 1.53187 -0.3536 0.433371 -0.416995 -0.311547 0.22884 0.195259 0.0933675 
5.47368 2.75301 1.77479 1.47719 0.943815 -0.188047 1.21653 0.208255 0.115989 0.655541 0.0423933 -0.0513468 
4.40986 3.00342 1.94255 1.55813 0.831748 0.446753 0.80659 0.967868 1.06536 0.716611 -0.0853621 -0.0408963 
3.7217 3.03401 2.00253 0.961077 0.681459 1.08323 1.46394 1.57747 1.25733 0.455691 -0.141642 -0.0440884 
3.65058 2.90155 1.87917 1.10532 0.954645 1.23587 1.61987 1.79184 1.29049 0.45382 -0.0500483 -0.021233 
4.05389 2.97774 1.44363 0.460659 0.784682 1.81402 2.54424 2.27412 1.28576 0.342593 -0.0887668 -0.0589778 
7.18861 4.03163 0.106676 -1.33405 0.887226 2.503 2.92885 1.9348 1.328 0.244208 -0.0135467 -0.0315454 
4.16127 3.33318 0.538518 -0.804325 1.26688 0.736526 3.84323 0.895321 1.73679 0.323738 0.0576795 0.0301743 
3.80364 3.34199 1.5888 0.19582 -0.115193 0.502679 1.98455 1.66327 1.42324 0.197184 -0.0205849 -0.0944524 
4.40034 3.52665 1.28509 -0.204067 -0.00123383 0.570257 2.52615 1.99012 1.47797 0.228569 0.0703793 -0.0708497 
3.38569 2.41671 1.4714 0.781224 0.719194 1.44666 2.12716 2.06154 1.48048 0.509709 -0.0561672 -0.0337991 
3.89485 -2.4406 -1.48196 1.41183 3.85286 1.7275 3.83026 -1.4722 0.993463 0.517722 -0.0554234 0.0130525 
5.35183 -2.30244 -3.21518 3.19544 4.31395 1.32705 4.72082 -0.00468381 0.259752 -0.814782 0.448103 0.193733 
4.27236 -0.610809 -1.87468 1.86764 3.57485 3.05222 3.54277 0.982641 -0.221218 -0.360255 0.314863 0.206687 
4.24711 0.0685296 -1.46496 1.78969 3.19783 2.43162 3.06351 1.79855 0.0212349 -0.471585 0.164337 0.220498 
5.19613 1.18691 -0.679561 3.2836 4.06863 1.30965 3.72386 0.713021 0.885789 -0.745635 0.176369 0.228298 
5.05196 0.669182 -0.860112 2.50021 4.11508 2.2147 2.1917 2.01297 0.383286 -0.240626 0.050476 0.23592 
4.89284 0.113052 -0.814073 2.78557 4.17825 2.61441 1.63671 1.715 0.649384 -0.10407 -0.129184 0.121416 
3.99425 0.882178 -0.515233 1.88864 3.86762 2.96711 1.81242 1.3883 0.93021 0.0300715 -0.0400994 0.0784313 
4.15609 1.19249 -0.34754 1.16167 3.23877 2.49433 2.50634 0.929074 0.600223 0.231942 0.10314 0.0814813 
3.2791 0.978405 0.260601 -1.46807 1.4129 0.351004 1.48302 -1.36973 -0.289872 0.556561 0.169036 0.247878 
4.5861 0.702638 -1.81967 1.06636 4.47914 3.3315 1.97982 0.062737 0.0910194 0.0417849 0.137968 0.0771622 
4.99463 1.19083 -1.89339 0.453531 4.9362 2.74134 2.90776 -0.077975 -0.140478 0.0844846 0.108521 0.144717 
4.65116 0.681137 -2.09863 1.09497 4.87096 2.98368 2.40239 -0.182032 -0.0823467 0.0518988 0.183962 0.119223 
5.82175 -0.507652 -1.94127 1.9114 5.6367 0.476158 3.01552 0.0908292 -0.393628 -0.267181 -0.093023 0.252726 
5.52978 0.720621 -0.625448 0.927058 2.71604 -1.6293 1.44251 -0.61343 0.0116345 -0.748398 -0.0607646 0.287352 
5.91218 1.9031 -1.53785 0.667675 3.18971 -2.57758 1.26111 -0.87267 -0.118758 -0.74149 -0.232878 0.338318 
5.31711 2.31504 -1.21483 0.139133 2.76854 -2.45862 0.746008 -0.754673 0.107535 -0.796068 -0.16561 0.273094 
4.92698 2.36119 -0.487104 -0.0810997 1.55667 -1.00591 -0.0640369 -0.0807421 -0.12156 -0.680391 0.159989 0.154598 
4.27197 2.04521 0.194704 0.323814 1.63464 -1.04209 0.179161 -0.477323 0.0551487 -0.502131 0.237281 0.111217 
4.51734 2.34543 -0.528102 0.672742 2.95237 -0.9028 0.717116 -0.837819 0.493683 -0.760306 0.0383432 0.0845621 
4.79661 2.08444 -0.795783 1.17359 3.66663 -0.277782 1.26549 -1.22303 -0.0353432 -0.566949 0.0321048 0.124232 
