1.86318 0.267849 0.990137 0.0498917 1.36172 -0.0366284 0.827003 -0.295325 0.602021 0.0309921 -0.174264 0.0263771 
1.57979 0.0776409 1.62302 -0.653956 0.726863 -0.499315 0.773906 -0.456759 0.143862 0.134269 0.212418 0.0713631 
1.51315 -0.482219 0.800999 -0.536399 1.04943 -0.796671 0.0901393 -0.470312 0.124725 -0.0322082 0.0252679 0.051068 
1.84531 0.204911 1.40102 0.00204388 0.502326 -0.399607 1.15985 -0.240898 0.24546 -0.197646 0.293768 0.0664949 
1.48783 0.378703 0.932038 -0.511583 0.907372 -0.446886 1.61476 0.47382 0.300818 -0.317564 0.108468 -0.00535664 
1.65913 0.309291 1.33043 -0.422391 0.580313 0.0150578 0.323847 0.266871 0.297675 -0.20191 0.166829 0.00941147 
1.65179 -0.155637 1.13571 -0.516537 0.395231 -0.906931 0.766916 -0.425207 0.0171785 -0.395832 0.122254 0.11838 
1.60728 -0.141657 1.00062 0.303954 1.02633 0.164181 1.49363 -0.646479 0.694352 -0.206096 0.0351911 0.055355 
1.71708 0.200805 0.808726 -0.425007 0.325768 -0.138688 0.80344 -0.868693 0.206832 -0.0474471 0.0672239 -0.0236401 
1.71683 0.0657716 1.34399 -0.18891 0.509983 -0.536516 0.69146 -0.00995237 -0.399692 -0.0966224 -0.156504 0.0208276 
1.75831 -0.0996885 1.41311 -0.0560419 0.612073 -0.72306 0.879101 -0.48467 0.0707266 0.043728 -0.0591981 -0.0119216 
1.71137 0.462647 1.04831 -0.144815 1.00485 0.0596739 1.16551 -0.340024 0.192922 -0.291656 -0.146178 0.0335145 
1.30426 0.00484134 0.900493 0.160505 0.734847 0.232551 1.05559 -0.585572 0.641606 -0.141455 0.0743531 0.00911333 
1.59428 0.0463603 0.790639 -0.532913 0.773986 -0.679585 0.668965 -0.675108 0.207795 0.128649 -0.0272057 -0.00991855 
1.66061 0.195399 1.52152 0.271121 0.801994 -0.15482 0.949981 -0.228834 0.0153471 -0.0795201 0.14351 -0.00853011 
1.67077 0.522915 1.21216 0.227412 0.606085 -0.177364 0.586111 -0.910848 0.253725 -0.566394 -0.0178915 0.101429 
2.15171 0.382672 2.17613 0.273054 1.75785 0.0212323 1.03678 0.255829 0.522971 0.362936 0.129063 0.0679365 
1.7418 0.978138 1.14923 -0.39482 0.931245 0.743343 1.59456 -0.577167 0.294073 0.0295246 0.358874 0.0299562 
1.8679 0.250693 0.947714 -0.530522 0.822129 0.0964414 0.932008 -0.709322 0.130953 0.00648135 0.177963 -0.0113698 
1.35396 0.374945 0.962311 0.0210267 0.924581 0.279814 1.35093 -0.751229 0.342217 0.376099 0.211134 0.0270287 
1.61692 -0.0105564 1.50186 -0.694356 0.391176 -0.0458578 1.29877 -0.62122 -0.0358135 -0.0560137 0.279865 0.0245082 
1.68112 -0.321813 1.3238 -0.0410752 1.17792 -0.377842 0.605292 -0.442499 -0.00386788 -0.0686736 -0.270572 -0.05808 
1.54647 0.0704702 1.32627 -0.273374 1.05163 0.142606 1.21241 -0.508517 0.151918 -0.0131972 0.346012 0.0534333 
1.53054 0.274609 1.45709 -0.210928 0.43379 0.426114 0.84824 -0.603759 0.358496 0.0622697 0.470572 0.0395136 
2.14281 -0.00377316 1.88178 0.561777 1.39497 -0.138418 0.880458 0.152509 -0.215058 -0.356034 -0.39539 -0.00708514 
2.11706 0.813128 1.78697 0.334439 1.24087 0.663242 1.37279 0.0413761 -0.24347 0.0866093 0.055901 0.0546439 
2.11424 0.940744 2.10203 0.493878 1.84213 0.205547 0.981972 0.00798213 0.836757 -0.227438 0.180149 0.0841733 
1.72896 0.876421 2.13886 0.434868 2.09691 1.13254 1.55135 0.565062 0.561192 0.275397 0.414705 -0.0269147 
2.12151 1.20844 2.30575 1.2722 1.95671 1.12925 1.72169 0.598367 0.422924 0.342336 0.296611 0.0350309 
2.33443 1.46608 2.13443 1.63733 1.94638 1.16198 1.99572 0.897771 0.917944 0.346085 0.454639 0.0465989 
2.48638 1.6499 2.28489 0.923151 2.54843 1.14242 1.9714 0.466981 0.841613 0.876518 0.180319 0.05704 
2.62391 1.97691 2.33152 1.47803 2.40462 1.0534 1.65899 1.04746 0.968263 0.252794 0.590559 0.0635292 
2.60648 1.67998 2.16098 2.06528 1.87496 1.31652 1.71317 0.541067 0.965902 0.547195 0.393212 0.0366397 
2.42418 1.59863 2.25137 1.24322 1.60373 1.65201 2.15425 1.21652 1.24065 0.298527 0.192635 0.0460329 
2.12879 1.61187 2.12599 1.2411 1.70619 1.50357 2.24941 0.982808 1.09123 0.554977 0.481014 0.00768363 
2.48825 1.52409 2.38535 0.868961 2.0662 1.72518 1.45247 0.722743 0.809472 0.320607 0.49823 0.0353903 
2.37752 0.636684 2.40935 1.66806 2.04558 1.41041 2.05724 0.767772 0.822807 0.546215 0.298893 0.0318339 
2.04105 0.545873 1.75808 0.494554 1.19278 0.567218 1.19126 -0.00712989 0.411158 0.213637 -0.0052899 0.0282341 
2.03019 0.492564 1.81433 -0.284795 1.05469 0.0906653 1.02237 0.346059 0.373669 0.115661 0.0306058 0.10814 
2.18039 0.856558 2.18757 0.416624 1.64478 0.887013 1.64968 -0.286382 1.13522 -0.011689 0.313439 0.110496 
1.91421 0.650899 1.75868 0.797634 1.54649 0.364911 1.45807 -0.321827 0.444284 0.349606 0.280194 0.0826419 
1.98431 0.630945 2.1875 1.00474 1.70835 1.06451 2.93634 0.39931 0.307153 0.425651 0.150885 0.0669523 
1.25201 -1.07629 3.08808 0.92539 -0.0289296 -0.769213 3.36166 0.180242 -1.20713 0.850702 0.19042 0.0580302 
-1.61446 -2.85687 5.2406 0.319531 -0.406094 -1.33687 4.97541 0.261499 -2.04055 1.06347 -0.232087 -0.0594995 
-0.340855 -2.24789 3.85114 0.728763 -0.0433226 -1.22806 4.33675 0.303539 -1.28229 1.15062 -0.243903 0.0258482 
0.621404 -1.17256 2.68552 1.26318 0.594288 -2.817 2.96289 -0.0298864 -1.44584 0.678751 0.085637 0.113852 
1.0021 -0.933288 2.51747 1.53835 0.519706 -2.26723 2.42354 0.198528 -1.18823 0.371175 0.243717 0.0643027 
2.02279 -0.0746491 2.56762 2.49877 2.45601 -1.35949 2.62773 1.41296 -0.453025 0.67287 0.379507 0.0851799 
3.52239 3.35674 3.1081 2.90887 2.39163 1.32734 1.64423 1.25202 0.579435 0.569372 0.31878 0.0985281 
3.11234 2.93101 3.14131 2.30601 1.37389 1.28686 1.19047 0.61077 0.512597 0.684602 0.341526 0.0784269 
3.79953 3.00364 2.35811 1.90543 1.55016 1.25576 0.929437 0.279404 -0.0781314 0.173524 0.612879 0.121747 
3.03384 2.44072 2.16293 1.92732 1.56702 1.2681 0.972589 0.717184 0.460579 0.418628 0.343424 0.0517809 
3.86546 2.60444 1.53245 1.27669 1.27583 0.87263 0.427268 -0.326169 -0.639534 -0.103834 0.626192 0.142377 
5.26838 2.43547 0.116665 0.389521 1.20705 0.6838 1.09126 -0.0887632 -0.25752 -0.142096 0.327961 0.174572 
4.41959 2.64749 1.12038 0.407052 0.307047 0.699289 1.02641 0.629593 0.579962 0.517462 0.202462 0.033179 
3.83927 2.38429 1.26545 0.825711 0.683778 1.00993 1.35828 1.2271 1.1136 0.785158 0.134365 -0.00265399 
4.83176 3.12151 1.19261 0.592059 0.851658 1.17896 1.5303 1.79769 1.49819 0.642829 0.123423 -0.0226692 
6.00765 2.64752 0.205766 -0.102889 0.572344 2.07341 2.69408 1.93328 1.48319 0.525008 0.0176728 -0.0600872 
5.49668 2.46116 -0.185467 -0.171791 0.9455 1.56808 2.29242 2.66172 1.61416 0.154179 -0.0736743 -0.0514009 
6.67207 2.63373 -1.39576 -0.758005 1.72297 1.7885 2.3034 2.41446 1.58549 0.499549 -0.0653314 -0.0661253 
4.9724 3.05683 -0.0377825 -0.695496 1.38873 1.49869 3.27747 1.57909 1.69381 0.451405 0.0518653 -0.0281385 
6.68677 2.77693 -0.320517 -1.26043 0.533798 1.49399 2.15023 2.24212 1.98573 0.520367 0.0240002 -0.0631826 
5.03049 3.03809 0.699019 -0.76281 -0.309568 1.36889 2.7398 2.77878 1.57714 0.342273 -0.00140439 -0.0878543 
4.16563 1.80295 -0.43675 -0.587818 1.06936 2.42264 1.74112 1.14019 1.24145 1.01921 0.203424 -0.0677353 
3.55985 -1.79068 -0.924037 0.420276 1.53419 0.437729 3.21312 -1.24285 0.664473 0.421526 0.0923175 0.0692947 
3.97069 -1.10703 -0.848456 0.0419601 4.53285 1.60874 2.80837 0.138887 1.50893 0.0689845 -0.276653 0.123951 
4.53543 -0.9008 -2.55944 2.38778 4.70134 1.00607 4.29952 0.0391263 0.472188 -0.685842 0.315738 0.27047 
4.74376 0.324963 -1.43168 1.54623 3.50107 1.36277 4.3534 0.428225 0.464361 -0.515167 0.194984 0.217544 
3.44576 1.35801 0.395717 2.04542 3.25955 2.21835 2.03771 1.07029 0.466558 -0.337902 0.225293 0.149795 
2.9784 1.39296 1.17345 2.39547 2.93624 2.0741 1.33329 1.27387 0.577783 0.0430783 0.146408 0.0998231 
4.42958 -0.0307618 -0.936126 2.09008 3.4665 2.23175 1.95686 2.05595 0.700027 -0.459987 -0.0167618 0.188146 
3.62945 0.154639 -0.563346 2.46236 3.34449 2.15613 1.82796 1.46207 0.642451 -0.609216 -0.0960887 0.159821 
1.52285 0.924529 0.945049 -0.149426 2.42932 2.41317 2.62002 -0.0945935 -0.0885226 0.461537 0.103677 0.116539 
2.65759 0.878588 0.75784 1.82329 2.23767 0.737029 -0.200228 0.0350782 0.0129222 -0.018343 0.211597 0.056087 
3.39226 1.18875 -0.141507 1.13972 3.01072 2.86284 1.52683 0.0365727 -0.225177 -0.189794 0.0632219 0.0869399 
3.58 1.07572 -0.874425 1.07881 3.48858 3.08518 1.79917 0.00673673 0.0535583 0.0200406 0.299746 0.112602 
3.97258 0.86995 -1.10255 1.41826 4.98606 2.35321 2.65688 -0.244184 0.144671 0.166771 0.228169 0.167811 
3.34079 1.19319 -0.264236 1.42217 4.41021 1.98574 2.91783 -0.181201 -0.111069 0.140018 0.179788 0.174481 
4.45262 1.56518 1.66932 0.448757 2.40398 -0.243539 3.16343 -1.39898 -0.405751 0.181133 -0.112882 0.156869 
4.94331 2.72677 0.581848 0.82197 3.17303 -2.06669 1.82515 -0.301287 -0.41458 -0.630746 -0.213863 0.25456 
4.95931 3.1284 0.463719 0.223108 3.16914 -1.24219 1.14954 -0.478435 -0.512232 -0.399619 -0.187738 0.149697 
5.25167 3.6749 -0.0690446 0.023092 3.69411 -1.5691 1.59762 -1.05285 -0.285973 -0.507848 -0.325566 0.198615 
5.26747 2.97355 -0.254092 0.374782 4.34494 -1.74114 1.17694 -1.05732 -0.278541 -0.622254 -0.437514 0.213005 
5.03881 3.25642 -0.112595 0.286576 4.41654 -0.882808 1.02266 -0.864739 0.129862 -0.554132 -0.279913 0.0881578 
5.44991 2.23881 -0.80565 2.15513 5.09649 -0.892022 1.56672 -0.913844 0.26707 -0.401037 -0.26014 0.190132 
