1.59412 0.0382932 1.83403 0.856394 0.490716 -0.288795 0.0810189 -0.101489 0.653981 -0.464005 -0.322473 0.00736749 
2.06783 -0.0406197 0.984619 0.816213 1.09622 -0.398554 0.697966 -0.846083 -0.0244557 -0.0336049 -0.020101 0.00623557 
1.8147 0.318984 1.03668 -0.0767428 1.06315 0.347233 0.544223 -1.04061 0.448312 -0.0681151 0.0739031 0.0096361 
1.55009 -0.119034 0.8091 -0.0687586 1.08779 -0.201722 0.655341 -0.838049 -0.0351407 -0.0360296 -0.132628 0.114768 
1.73614 -0.491203 1.30345 -0.0507368 1.06838 0.055656 0.172011 0.513443 0.452906 0.0137648 0.0090979 0.0411754 
1.51982 -0.561689 2.05949 0.31599 1.39748 0.502245 1.26232 -0.163426 -0.164183 -0.165347 -0.138438 0.0113223 
1.69264 -0.264856 1.09907 0.776637 0.241112 0.120721 0.816807 -0.608191 0.522207 -0.396936 0.0843358 0.0518383 
1.85557 0.0185711 1.31694 0.766721 1.39167 -0.238667 0.536912 -0.411152 0.799174 0.478898 0.159813 0.00217563 
1.55652 -0.16437 1.8183 -0.429143 1.03783 0.498319 0.0425423 -1.02506 0.382523 -0.148661 0.0473148 0.0215343 
1.75357 -0.398065 0.98474 0.166405 1.79755 -0.176965 0.288713 -0.674072 0.231778 0.355448 -0.219021 0.00805598 
1.70868 -0.406727 1.36685 0.261202 1.97001 -0.438327 -0.498762 -0.816928 0.938008 0.460489 -0.258762 -0.0522462 
1.47122 0.0930109 1.31129 0.222662 1.11039 -0.189668 0.651118 -0.280027 0.0982444 0.0359294 0.0847513 0.0615858 
1.72975 0.522528 0.689296 -0.297989 0.549515 0.687215 1.07181 -0.333305 0.44859 -0.261733 0.0775301 0.0277696 
2.21499 0.663794 1.63875 0.186827 1.79414 0.402049 0.91631 -0.713271 0.481848 0.214664 0.0322874 -0.00466913 
2.06088 0.281546 1.22195 -0.370481 0.434439 -0.0693985 0.959668 -0.793418 -0.0216346 -0.130362 0.119063 0.0653928 
1.66509 -0.0295297 1.44623 -0.552191 0.914789 0.241822 0.525006 -0.661314 -0.222588 0.330606 0.0300121 0.0168067 
1.48171 0.0523565 1.02673 -0.087964 0.617222 0.0194812 0.995256 -0.403372 -0.152486 0.0717552 -0.112492 0.00854937 
1.90487 0.423358 1.33973 -0.245065 0.873241 0.154572 0.788824 -1.06357 -0.25499 -0.00545919 0.223192 -0.0158401 
1.90255 -0.0104256 1.44719 -0.488018 1.08911 0.122564 1.48683 -0.832165 -0.038579 -0.0262247 -0.150498 0.0110215 
1.59338 -0.131628 1.79352 0.411449 0.922102 0.104965 0.188773 -0.618299 0.0194969 -0.524973 0.039143 -0.00414307 
2.06566 -0.0603608 1.11605 -0.80501 0.749559 0.212066 0.880701 -0.565675 -0.0316167 -0.027493 -0.0152985 0.0448061 
1.92057 0.0799465 1.70934 0.250818 0.805098 0.413266 0.777524 -0.645631 0.209726 -0.00603827 -0.132429 -0.0174775 
1.58299 -0.119365 1.39352 -0.833629 1.27884 -0.140993 0.50597 -0.902239 -0.0416965 -0.065165 0.0412077 0.0422558 
1.81132 0.180522 1.36232 -0.278801 0.796666 0.18749 0.670556 -0.378518 -0.064576 0.0420829 0.199176 -0.0449341 
1.90656 0.378092 1.59828 0.512324 0.829231 0.185609 0.722438 -0.441589 0.478016 -0.191456 0.0485369 -0.0280232 
1.89412 0.0499586 1.2455 0.776336 1.37286 0.0650569 1.43658 -0.0414414 0.867573 -0.0927264 0.368391 0.10686 
1.57554 -0.267054 1.463 -0.37841 1.69107 0.258248 0.893042 -0.526027 -0.0320333 0.0506306 0.12218 0.112348 
1.6569 0.197434 0.887276 0.387748 0.19813 -0.108936 0.843417 -0.633103 0.305155 0.125032 0.249117 -0.0106138 
1.68919 -0.0406141 0.821924 -0.844312 1.36257 -0.182072 0.559607 -0.59791 -0.119951 0.192786 0.168838 0.0589678 
1.62126 0.160897 1.20908 -0.140449 1.05685 -0.620712 0.517774 -0.340218 0.161035 -0.234874 0.367645 0.0269742 
1.58564 -0.199762 1.03734 -0.12334 0.310364 -0.470801 0.677569 -0.59199 0.0688806 0.00532558 0.0982498 0.0129577 
1.95611 0.109779 1.89123 0.301013 0.849855 0.573646 0.73272 -1.12953 -0.0383758 -0.288814 0.10517 0.116419 
2.09085 1.03389 1.92251 0.534284 0.839902 -0.183948 0.784813 -0.456863 -0.500229 -0.837472 0.0429604 0.0678719 
2.14207 0.544815 1.92048 0.579903 0.963165 -0.450722 -0.426162 -1.84506 -0.772136 -0.77176 -0.469639 -0.0597966 
2.39876 0.388796 1.65395 0.650628 1.50123 -0.318687 -0.476799 -1.6467 -1.0434 -0.865036 -0.395108 -0.0308597 
2.37045 0.706041 1.97244 0.512346 1.22731 -0.339529 -0.239212 -1.61613 -0.631862 -0.811435 -0.287163 -0.00877352 
2.33792 1.21491 1.75918 -0.11919 0.762019 -1.21812 -0.363784 -1.54537 -1.00926 -0.524551 -0.422288 -0.0923439 
2.463 1.18135 1.84173 0.297622 0.569316 -1.27066 -0.168377 -1.2286 -1.17289 -0.841155 -0.485638 -0.0874424 
2.4276 1.25654 1.37242 0.256376 0.376775 -0.772264 -0.431245 -1.40794 -1.03259 -0.841719 -0.416719 -0.0889533 
2.51124 1.311 1.8147 0.0460399 0.31156 -0.123295 0.353641 -1.83741 -0.841067 -1.14558 -0.413743 -0.0571155 
0.671263 -0.998084 5.26191 -1.17514 -0.296891 -0.858185 0.692352 -1.21514 -2.7632 0.40686 -0.569282 -0.28375 
1.12722 -0.669943 4.5353 -0.935918 -0.612403 -0.571788 0.606999 -0.747416 -2.50488 0.118963 -0.49598 -0.272148 
2.29679 0.489608 2.56629 0.539601 -0.202272 -0.628162 0.340861 -2.25485 -1.54249 -0.206561 -0.462879 -0.147693 
2.43262 0.798343 1.23091 0.531272 0.0878093 -0.568927 -0.726411 -1.55738 -1.05327 -0.757745 -0.440039 -0.104006 
2.71662 1.69865 2.07685 1.38297 1.21169 0.694022 0.704845 -0.117842 0.069452 -0.172677 -0.04542 0.0452256 
2.89847 2.54603 2.33394 2.10143 1.97627 1.6943 1.56412 1.14892 0.770179 0.504105 0.311686 0.0827988 
3.1621 2.92718 2.83018 2.52411 2.07088 1.54189 1.07503 0.693568 0.478452 0.403204 0.295758 0.0599274 
2.96601 2.53154 2.364 2.2213 1.9098 1.53383 1.279 1.03688 0.709665 0.452913 0.28778 0.0651031 
3.06053 2.60454 2.34542 2.11579 1.79065 1.42036 1.10195 0.751657 0.48081 0.410164 0.359488 0.0600877 
3.26433 2.95258 2.57349 2.06853 1.51601 1.11941 0.663583 0.306118 0.20449 0.313315 0.389411 0.059963 
3.29784 2.79261 3.04796 1.77144 1.6058 0.560519 0.585843 -0.388233 0.105898 0.36102 0.238022 0.0456338 
3.43288 2.59977 1.96219 1.16521 0.331108 -0.264948 -0.392506 -0.559511 -0.474133 -0.0205512 0.242918 0.0528464 
3.42798 2.19305 1.22188 0.925349 0.562727 -0.105321 -0.71472 -0.852432 -0.435394 0.147393 0.526853 0.110217 
3.88649 2.22023 0.654534 0.261655 0.716137 0.683562 0.296101 -0.32293 -0.390008 -0.0735093 0.191833 0.0705861 
3.55067 2.50059 1.5719 1.04216 0.827702 0.412741 0.374603 0.435937 0.445438 0.522318 0.159615 0.0258248 
4.58914 3.39016 2.00791 0.848149 0.774878 0.563072 0.808609 1.4907 0.963275 0.383261 -0.065513 -0.0604388 
4.05918 3.34109 2.1672 1.09841 0.638418 0.898813 1.56629 1.85486 1.42775 0.578499 -0.0200399 -0.0359375 
3.40076 2.46903 1.37769 0.643386 0.619256 1.32801 2.04819 2.12891 1.43025 0.507657 -0.0103909 -0.0467925 
3.8587 2.50923 0.949434 0.231704 0.815471 1.84155 2.36978 2.18247 1.39557 0.528241 -0.05819 -0.0621038 
6.90203 3.55277 0.0708019 -2.06784 3.75249 1.17738 3.11842 1.06311 1.19902 0.760021 -0.160954 0.0388877 
4.8436 3.18317 0.346493 -1.1037 1.97048 0.140335 2.77415 0.583018 2.04237 0.470972 -0.0573063 -0.0188466 
4.39075 3.3334 1.04479 -0.113815 0.824798 0.831526 2.7888 1.48938 1.93331 0.426029 0.0529168 -0.0481579 
4.02332 3.01829 1.26185 0.0969635 0.234835 1.69684 2.54362 2.29574 1.21246 0.0600586 -0.0138834 -0.0672335 
3.86122 1.88973 0.478681 0.798226 2.28116 2.07806 1.51063 1.414 1.579 0.876635 -0.0715862 -0.0678465 
3.79662 -1.58851 -2.33203 0.786807 3.31655 1.74845 3.77616 -1.19419 0.23875 -0.3631 0.0546234 -0.0123875 
3.23993 -0.150025 -1.63436 1.97004 4.47914 2.77344 2.90999 -0.351509 0.192928 0.0752506 0.341179 0.13995 
4.3157 0.206428 -0.759779 1.88916 4.46884 2.04939 3.10121 0.400209 0.0392762 -0.0610613 0.186859 0.215893 
3.8168 0.769347 -0.144942 2.26206 3.59531 2.75737 2.27268 1.21759 -0.00830423 -0.310554 0.208305 0.212513 
3.28244 1.99349 1.25097 1.84749 2.63085 2.54803 1.94607 1.04776 0.284105 0.0414848 0.339022 0.113715 
2.84521 1.62767 1.27709 1.90713 2.32593 1.9993 1.64222 1.28173 0.454837 -0.109705 0.103871 0.0803733 
3.25079 1.42678 0.617273 1.67131 2.9029 2.69212 1.7056 1.02663 0.481666 0.0368849 0.087975 0.0759306 
3.0302 1.61269 0.966419 1.70941 2.79881 2.80302 2.19037 1.36126 0.345694 -0.053798 0.222914 0.13742 
3.10043 1.87747 1.12332 1.83546 2.41405 2.71137 2.44879 1.08698 0.837909 0.370334 -0.01499 0.0900332 
3.20462 1.86132 1.51989 -1.31551 1.07268 1.09749 2.03559 -0.992707 -0.334241 0.798341 -0.0201506 0.0821612 
3.24174 1.96496 0.767529 0.611738 1.84715 2.56604 1.72419 0.398238 -0.387829 -0.19021 0.00579374 0.0533863 
3.56105 1.06135 -0.819152 0.849249 3.36086 2.77479 2.13608 -0.0426839 -0.223079 -0.18446 0.139875 0.108038 
3.68639 0.317645 -1.518 1.74728 5.0483 1.61427 2.90773 -0.193857 0.127835 -0.103446 0.147133 0.195305 
3.35528 1.00116 0.352372 2.30115 4.30477 2.47301 2.00915 0.573147 -0.112221 -0.167063 0.0622214 0.149203 
3.89419 1.57866 0.791902 2.30211 3.75007 0.754967 1.66816 0.638453 -0.630094 -0.527085 0.218496 0.16184 
4.42451 1.97148 0.505778 2.41376 3.96052 -0.0168812 1.70666 0.223331 -0.729656 -1.06057 -0.0845981 0.17721 
4.46351 2.34332 0.194841 1.79194 4.59173 -1.14207 1.71768 -0.285375 -0.765028 -1.15927 -0.380567 0.220496 
4.56077 2.15495 0.634621 1.02868 4.38503 -1.08512 1.29992 -0.381365 -0.595649 -1.11642 -0.309615 0.201706 
4.77466 2.57227 0.391838 1.7832 4.09632 -0.942531 0.968394 -0.340629 -0.459424 -1.3415 -0.264938 0.164873 
4.96709 2.97912 0.663117 1.44776 4.28911 -1.21431 1.06656 -0.49659 -0.543489 -1.11193 -0.429656 0.13386 
5.91541 2.82113 0.350354 1.84263 4.72036 -1.01998 1.24606 -0.858979 -0.960876 -0.544402 -0.444214 0.158187 
