0.946768 0.607738 0.988822 -0.232676 1.66436 -0.993418 1.32509 0.842385 -0.493829 0.27089 -0.0378778 0.0489506 
-0.3452 1.48743 0.983204 -0.606519 1.6947 -0.591596 1.80638 1.193 -1.13672 0.596655 -0.350918 -0.00978668 
1.10744 0.273783 1.56155 -0.871737 2.08766 -0.14739 1.70131 0.206527 -0.294401 0.545872 -0.307339 -0.0145256 
1.3224 0.236652 1.45473 -0.513779 1.58722 -0.989121 1.31061 -0.043651 -0.0465845 0.280173 -0.108749 0.013529 
1.59614 0.448307 1.05176 -0.805742 0.90152 -0.60003 0.636761 -0.930351 0.532557 0.182236 -0.121077 0.0266789 
1.44573 -0.0367254 1.74613 0.0606276 0.186256 0.367989 1.22801 0.62714 0.40514 0.276651 0.165173 -0.0209484 
1.21651 0.158633 0.816744 0.147754 0.269709 -0.0182146 0.760359 -0.229595 0.262071 -0.517821 0.106457 -0.0879037 
1.41947 0.155347 0.966266 -0.112681 0.411251 -0.214847 1.34576 0.585849 0.356147 -0.310007 0.121731 0.118324 
1.18589 0.47245 1.05011 -0.292453 1.28725 -0.182297 1.07475 -0.0815758 0.414119 -0.123859 0.0793568 0.00771617 
1.19622 0.416262 1.16487 -0.398679 0.880593 0.0240712 1.1211 0.0876791 0.0460601 -0.0492615 0.039116 -0.0387029 
1.06143 0.785783 0.956923 0.341759 0.286561 0.293216 0.903407 0.472579 0.442485 -0.217264 -0.0661835 -0.00695283 
2.23461 1.46102 1.38875 1.77478 2.02985 1.34047 0.838531 1.25504 1.02316 0.362451 0.539259 0.027772 
2.95946 2.44436 2.1623 1.97637 1.68497 1.09946 0.688588 0.592968 0.57799 0.45544 0.262904 0.0517931 
3.41382 2.83011 2.62298 2.65217 2.03781 1.04206 0.687661 0.799765 0.62565 0.398173 0.432777 0.0872927 
3.35373 2.4215 2.51247 2.97197 2.14621 0.927608 0.880155 0.97652 0.508715 0.361903 0.532088 0.0973062 
3.01082 2.38362 2.14866 2.09039 1.75267 1.22256 1.02219 0.874131 0.523751 0.366849 0.346761 0.0592641 
3.02598 2.43332 2.22666 2.17279 1.8487 1.31406 1.102 1.00972 0.691794 0.367459 0.256463 0.0643459 
4.21425 2.3752 1.89577 3.08988 2.81668 0.961978 -0.0695878 -0.0247807 -0.181388 -0.303685 0.467944 0.106733 
5.1982 2.19691 0.665026 2.05468 2.64375 0.43433 -0.00230171 -0.0796464 -0.12932 -0.707293 0.30186 0.223681 
5.76701 1.6097 0.645126 1.25721 2.93168 1.39208 1.24669 0.423713 -0.270499 -0.597245 -0.0321633 0.136095 
5.69061 2.11128 0.16952 0.818368 2.75795 1.89965 1.4505 1.38732 0.507348 -0.315109 -0.232424 -0.00808227 
3.69934 2.41228 1.25455 1.03299 1.20044 1.48126 1.54073 1.7968 0.891475 0.133214 -0.0192866 -0.0145532 
3.74439 2.41646 1.08087 0.662382 1.05703 1.62904 1.94351 1.5549 0.935911 0.335098 -0.0436157 -0.0244373 
3.36387 2.26835 1.17164 0.770082 1.18264 1.80979 2.16186 1.81354 1.08719 0.207663 -0.194927 -0.0360209 
3.31044 2.4114 1.41708 0.865832 1.20683 1.92126 2.26037 1.85493 0.964574 0.138243 -0.194591 -0.0278532 
3.52858 2.26355 0.935015 0.460852 1.1059 2.11815 2.51818 2.0657 1.11897 0.266146 -0.14661 -0.047877 
3.55736 2.18521 0.83408 0.464422 1.19077 2.16203 2.5503 2.08121 1.16254 0.285164 -0.111013 -0.0427813 
4.2757 3.69296 0.196826 -0.754183 1.21775 2.48842 2.29558 2.48989 0.97204 0.321942 0.0159179 -0.0276608 
4.13013 3.31514 -0.196839 0.000987272 0.881937 2.39303 2.33935 1.73129 0.802952 1.0099 -0.0812567 0.00178887 
5.45923 2.94792 0.493514 0.206481 1.34586 1.9079 1.76335 1.87565 1.86337 1.02298 0.170824 -0.0635939 
3.64632 2.90266 1.64633 0.530364 0.416321 1.15069 2.00011 2.17713 1.49221 0.510013 -0.117443 -0.071403 
3.26687 2.46838 1.4286 0.646136 0.708439 1.35238 1.95804 1.89869 1.21205 0.366828 -0.1465 -0.0453765 
4.04428 1.95335 0.168741 0.349033 0.590929 1.39981 2.30715 1.99234 1.21113 0.270593 -0.0725537 -0.0788628 
3.47104 -1.53477 -1.57454 0.406408 4.21203 -0.00830381 2.69726 1.32125 -0.0787209 0.0364587 -0.289744 0.0557482 
3.86385 -0.719972 -0.987827 3.60345 4.77091 1.19833 1.97044 1.51188 0.302018 -0.21036 0.0919943 0.236165 
3.629 -1.34649 -1.15981 3.36663 4.74082 1.72118 1.87091 1.97455 0.244628 -0.216653 0.0788265 0.228324 
4.17704 -0.0695145 -0.938178 2.84845 4.30691 1.63539 2.1713 1.99065 0.248715 -0.37808 -0.169156 0.198516 
3.99154 0.877998 -0.0480398 2.03128 3.30759 2.52595 2.18613 1.70996 0.504004 -0.439257 -0.17705 0.109721 
4.25544 1.70653 0.741914 2.79966 3.97317 2.60181 1.46165 1.65683 1.23805 -0.0200641 -0.072913 0.0760987 
3.74278 1.54052 1.00396 2.63553 3.47145 2.71817 2.1768 2.08564 0.913854 -0.263514 -0.133871 0.124917 
3.34696 1.60195 1.45106 2.81235 3.13169 2.3375 1.89467 1.68806 0.692622 -0.23205 -0.120535 0.104743 
3.45537 1.57903 1.20187 2.13722 3.79438 2.61336 1.64133 2.6 0.976434 -0.576166 -0.133982 0.126002 
3.68801 2.88353 0.651309 0.145729 1.78418 0.284546 -0.0496264 1.57075 -0.0693465 -0.693922 0.874805 0.125841 
3.51607 2.67847 1.55095 0.798332 1.28874 2.14629 1.81509 0.952979 -0.0140384 -0.253708 0.102879 0.0411921 
3.74971 0.697059 -0.322781 1.91511 3.8721 3.28679 1.7529 0.778631 0.0546375 -0.0924102 0.14612 0.149872 
3.45227 -0.068836 -0.322041 2.92439 4.2496 2.73656 1.55168 0.934383 0.187559 0.0126711 0.199559 0.188388 
3.76103 -0.183263 -0.0270839 4.10437 4.40586 1.99729 1.67357 1.23012 -0.154449 -0.128905 0.189058 0.235459 
5.18638 -0.511434 1.15283 3.90611 5.75373 0.930563 2.53201 0.754834 -0.141086 -0.11105 0.0201301 0.249225 
5.59752 0.721999 1.88661 2.32186 4.83872 0.361995 0.596934 1.46718 -0.558286 -0.750304 -0.204612 0.127939 
5.21657 2.00492 0.829624 2.146 4.76596 0.36494 0.0539292 0.986134 -0.713758 -0.740124 -0.254898 0.103548 
4.73482 2.23834 0.789063 0.670648 4.84614 -0.592257 -0.22363 0.55065 -0.444476 -0.970873 -0.372465 0.0408098 
4.70117 2.11165 0.798863 0.792633 4.84452 -0.942438 0.287996 0.500898 -0.285899 -0.66718 -0.4528 0.0937917 
4.2563 1.80732 0.663887 1.22636 3.14239 0.0663047 -0.289427 0.529191 -0.145217 -0.729147 0.00312874 0.0605023 
4.3495 1.88526 0.206638 1.50279 4.05292 -0.36463 0.0352505 0.523698 -0.579235 -0.723474 -0.210411 0.100268 
3.88719 2.00196 1.16721 1.75725 3.50688 0.969899 0.808154 0.566906 -0.746053 -0.978829 -0.132081 0.0459622 
4.15767 1.91717 0.789464 2.0573 3.73277 1.44893 0.53813 0.981194 -0.541422 -0.983029 -0.0907688 0.0715042 
5.0027 1.97722 0.687323 2.50749 3.00277 0.725942 0.772189 1.22928 -0.108378 -1.00111 -0.0857617 0.152686 
6.33198 0.853163 -0.524838 3.88746 4.56547 1.43086 1.37573 1.51543 -0.132708 -0.515499 -0.0896939 0.164956 
5.37267 0.623963 -0.614529 3.55256 4.39471 1.62739 1.67459 2.14509 -0.23589 -0.211723 -0.112335 0.159665 
4.59631 0.317516 -0.41262 3.21465 3.67308 1.38317 1.96688 2.20692 -0.168623 -0.415987 -0.127549 0.168608 
4.69435 -0.0540229 -0.601604 4.04688 4.44006 1.13814 1.50333 2.10217 -0.0764168 -0.350013 -0.0726122 0.214329 
6.01389 -0.784183 -1.15595 5.09643 5.37534 1.47136 1.7279 2.27731 0.395176 -0.414884 -0.0435376 0.204055 
4.26024 1.80635 1.60539 3.8273 3.79693 1.80305 1.60572 1.51325 0.197505 -0.213092 0.247808 0.15512 
3.9324 2.34218 2.30883 4.08941 4.30964 1.99634 0.665926 0.386996 0.578685 0.380693 0.320884 0.0214512 
4.12116 2.67308 2.45337 4.01623 4.67509 2.36844 1.10594 0.373776 0.4788 0.508438 0.413905 0.0498222 
3.41977 2.89183 2.79457 3.2931 3.66212 2.88184 1.82252 0.601063 0.513549 0.756055 0.266213 0.0817527 
3.5095 3.00902 2.91342 3.21423 3.71328 2.81533 2.27533 1.35684 1.10039 0.52786 0.153109 0.108141 
3.22992 3.16398 4.04609 2.83421 4.41228 2.96439 2.45627 1.14144 0.685182 0.826166 0.292652 0.124986 
2.61801 3.23512 3.8679 1.95997 3.66105 3.18434 3.0781 1.37155 0.401021 0.174529 0.444557 0.109766 
2.01419 1.99701 2.98656 1.92667 2.66647 1.9424 2.38802 0.938778 0.586753 0.270623 0.488581 0.0792002 
1.76679 1.07849 1.73368 0.851484 2.01519 1.84458 2.13941 0.510996 0.0316082 0.437233 0.182645 0.0430343 
1.37333 0.316741 0.186462 0.106931 1.45647 2.14749 1.65701 0.0478819 -0.679369 0.319728 0.448673 0.0870405 
1.0459 0.952709 0.671717 -0.341578 1.16686 1.14645 0.881004 0.359525 0.301699 -0.00804139 0.112744 0.0307554 
0.983787 1.02225 0.946557 -0.0883262 1.38246 0.814262 1.19483 0.609009 0.394487 -0.00233207 -0.060675 0.0569649 
1.21607 0.632915 1.30978 0.103291 1.27859 0.137428 1.27308 0.206694 0.247806 0.00225738 -0.0394779 0.0403337 
0.967472 0.605551 1.05002 -0.045433 0.328803 0.0766324 1.44806 0.759837 -0.356081 -0.0607316 0.0146782 0.0240029 
0.852985 0.667688 1.43871 0.0123662 0.752007 0.0765081 0.783742 0.5577 0.158117 -0.223263 -0.0371775 0.0809386 
0.979083 0.451976 1.48139 -0.275703 0.461296 0.194197 1.63049 -0.214181 0.41655 0.0283579 0.168639 0.00116744 
1.16998 0.811174 0.877071 0.215331 0.936922 0.217799 0.980932 0.549832 0.250371 -0.268353 0.366127 0.000417118 
0.931945 0.575219 1.36526 -0.512885 1.38132 0.365652 0.940425 0.333057 0.460082 0.0876988 0.0259821 -0.0217689 
0.961749 0.191512 1.01 0.518611 0.890925 0.0740893 0.713939 0.188668 0.230587 -0.0741363 0.123717 -0.0690415 
0.837236 0.526582 0.348425 -0.432328 0.480726 -0.825083 0.542659 -0.0679065 0.556924 -0.382274 -0.207334 -0.0503729 
0.916346 0.480039 1.27036 0.286018 0.914359 0.289466 0.624657 -0.00921595 0.474727 -0.0949618 -0.13018 0.0189344 
1.25807 0.281639 0.618909 0.0492168 0.0729329 0.57712 1.09937 0.299667 0.401706 -0.364794 0.114413 0.0602629 
1.09252 0.148978 0.954878 0.0580169 0.243573 0.350082 0.533185 0.000109729 0.523683 0.21412 0.230119 0.0373976 
