1.21574 0.00447527 1.33602 -0.142049 0.999894 -0.243341 0.431987 -0.60669 0.797102 0.17569 0.104011 -0.027658 
1.04106 0.47188 1.52119 0.544443 1.16465 -0.273559 0.696122 0.0417272 0.585881 0.18638 0.317451 0.0400164 
1.22416 0.426225 1.48947 0.152989 0.465746 -0.138561 0.85707 0.0268088 0.376616 -0.0614853 0.0412355 0.157437 
1.20306 0.71107 1.38673 1.07965 1.00995 -0.478048 1.0675 0.230601 0.677519 0.16986 0.218278 0.0471624 
1.09097 0.141946 1.8273 0.173638 1.1384 0.043995 0.787957 -0.45327 0.636461 0.28962 0.101212 0.0363691 
1.23964 0.0945887 1.5815 -0.226213 1.07026 -0.547904 1.20646 0.5001 0.479026 0.114169 -0.0800484 0.0713667 
1.14742 0.562504 1.23049 -0.144117 1.17742 -0.54554 0.765554 -0.471997 0.469146 -0.653397 0.209388 -0.0112203 
1.10272 0.774782 1.28687 -0.27458 1.58417 0.0100927 0.513568 0.0357838 0.882905 -0.185945 0.175108 0.0447973 
1.44091 0.362331 1.13804 0.330695 0.823324 0.0461294 0.936103 -0.244691 0.517902 0.119052 -0.126846 -0.00776738 
1.11298 0.2817 1.53649 -0.401338 0.956467 -0.136083 -0.113403 -0.491777 0.405926 -0.197465 0.081324 0.00251543 
1.29672 0.421492 1.48933 0.0559556 0.904513 -0.496214 0.443063 0.669015 0.468062 0.185994 0.280858 -0.0150658 
1.59471 1.02092 2.30494 0.167048 1.94466 0.392574 1.37814 0.587179 0.955471 0.581346 0.22348 0.0347902 
4.79768 3.72792 3.75489 2.93911 2.60729 1.44356 0.911739 0.723164 0.425397 0.601443 0.304912 0.102928 
3.31376 3.21555 2.27816 2.30142 1.55075 1.02035 0.905857 1.16842 0.478648 0.912438 0.310184 0.110357 
3.82012 2.60982 2.50177 2.13436 1.78885 0.854164 1.1623 0.714763 0.221301 0.0386008 0.689162 0.139289 
5.98802 2.79705 1.9399 3.48929 1.73216 0.0914595 1.38787 0.799978 -1.0386 0.0948184 0.674232 0.269852 
3.33143 2.81548 2.46731 2.35407 2.31575 1.91476 1.11986 0.435152 0.262385 0.465377 0.511402 0.0851945 
2.92356 2.4934 2.25637 2.00601 1.76644 1.4727 1.15079 0.834592 0.637631 0.515462 0.356083 0.063734 
2.95131 2.51629 2.30547 2.11296 1.86467 1.61722 1.28448 0.944938 0.686697 0.489423 0.310722 0.0702404 
2.94333 2.50126 2.26216 2.08052 1.8834 1.59197 1.26289 0.873838 0.666704 0.478476 0.328148 0.0627907 
3.62254 2.73787 1.71005 1.57074 2.33803 1.47453 0.762499 -0.594347 -0.202826 0.333361 0.482906 0.0891643 
4.52003 2.97254 0.388203 0.891929 3.38319 0.826863 1.21986 -0.945475 0.651711 0.318489 0.420036 0.103943 
4.73895 2.26306 -0.254931 0.0899084 2.55882 2.3548 1.58393 0.334465 0.356283 0.010207 0.16637 0.0609436 
3.95962 2.38491 0.516891 0.499101 2.04465 2.45345 1.95801 0.739803 0.58938 0.424304 0.0354374 0.0316641 
4.40006 3.02889 1.122 0.500036 1.90067 2.07312 2.14085 1.01507 0.669616 0.617098 -0.12017 -0.0198578 
5.00488 3.46827 0.56765 0.0946548 2.71584 3.08322 3.49933 1.30575 0.924957 0.621852 -0.203272 -0.0257141 
5.08753 3.08197 0.454518 0.21 2.74687 3.25781 2.87731 1.53481 1.04956 0.721705 -0.0912836 -0.047722 
4.57163 2.83447 0.781116 0.809575 2.5464 3.26471 2.40079 1.38024 1.19364 0.836751 -0.1874 -0.0612246 
4.7427 2.89393 0.621091 0.561326 2.39159 3.25396 2.55692 1.62333 1.19242 0.627556 -0.212736 -0.0776807 
5.25123 3.57727 -1.81312 -0.0451395 2.32847 4.16326 2.21801 1.00347 1.629 -0.0397489 0.311332 -0.129007 
3.77141 2.02888 0.0209838 -0.325573 2.21503 2.96174 2.01287 1.40369 1.62928 0.610472 0.0966473 -0.0474756 
3.98901 2.9365 1.05778 0.128861 0.622377 1.79772 2.51402 2.04296 1.37683 0.430502 -0.191134 -0.0833883 
3.55351 2.51453 0.971888 0.277621 0.631736 1.56997 2.5825 2.4654 1.59981 0.606662 -0.0775348 -0.0696133 
3.35376 1.01748 1.59943 0.952172 1.61007 1.02136 3.43965 2.06511 1.39987 0.867231 -0.152692 -0.029374 
2.97181 -2.73599 -0.101422 1.10061 3.3731 0.691711 3.14014 -0.339662 -0.364868 -0.216158 -0.0951994 0.138392 
3.42521 -0.307753 0.16645 1.37074 3.96121 1.75791 2.92956 1.11494 0.162119 -0.061397 0.0680582 0.161838 
3.99255 0.535187 -0.447404 2.09711 5.11915 1.97808 3.25582 0.845036 -0.138269 0.378359 0.016765 0.20708 
4.12355 1.36091 -0.485448 2.47606 5.07595 2.62156 2.80937 0.932545 0.0588968 0.123902 -0.00216706 0.196408 
5.32904 1.03059 -0.0746119 0.216837 5.22164 2.33504 3.70886 1.18464 -0.407098 0.339805 -0.137876 0.181674 
6.82656 1.62472 0.658128 2.20684 6.50002 1.38017 2.79574 2.1249 0.877769 0.346429 -0.368575 0.180919 
4.96632 2.05897 0.745174 2.28713 4.60899 3.10133 2.04322 1.98267 1.32497 -0.0402676 -0.319829 -0.00712259 
3.98875 2.0565 1.35459 2.85496 3.89714 3.39589 2.30622 2.01219 1.20489 -0.0865664 -0.260865 0.081825 
3.17654 2.05479 1.64631 1.54079 1.89021 2.95184 3.2233 0.687689 -0.140593 0.352953 0.506685 0.143036 
3.4795 1.68083 1.89799 2.07559 1.795 2.56125 3.46201 0.336353 -0.292458 0.455114 0.185609 0.0690289 
3.6617 2.17184 0.969131 0.995138 2.92155 3.31599 3.11591 1.07758 -0.0690376 0.193821 0.249857 0.18307 
3.79098 2.06929 0.566021 1.14428 3.6219 3.96724 3.01202 0.583294 -0.121893 0.441394 0.364932 0.233855 
2.98893 2.19433 1.45904 1.66617 2.22868 2.3917 1.79374 0.65112 0.120849 0.0227826 0.286377 0.0844068 
3.01529 1.96314 1.75922 2.08786 2.71908 2.17222 1.55519 0.304274 -0.195144 0.264309 0.25722 0.0535291 
3.32393 2.08956 2.07762 1.13593 3.29393 2.59604 2.32995 -0.562981 -0.326849 0.00582841 -0.0301805 0.0932991 
3.71348 2.28803 1.12733 -0.144093 2.57685 1.82092 1.3374 0.0994038 -0.928832 0.0481052 0.19273 0.0874113 
3.73949 2.45892 0.67755 0.870028 2.89946 1.73657 1.58455 -0.189694 -0.550898 -0.175856 -0.00867261 0.0675232 
4.52408 2.40959 0.487359 0.974913 3.89149 1.73676 1.32755 0.170909 -0.742412 0.0101395 0.147358 0.114403 
3.5113 1.90907 0.843102 1.37423 2.4779 1.91122 1.42781 0.575899 -0.189234 -0.143065 0.311321 0.0966624 
3.88622 2.26033 0.577046 0.744943 2.58656 2.53658 1.59872 0.498189 -0.523158 -0.0928547 0.403747 0.156177 
4.53058 1.66591 0.224287 1.79593 3.52055 2.27009 1.12282 0.894588 -0.18933 -0.263564 0.25618 0.156319 
4.90973 1.39362 0.0867845 2.56927 3.42233 1.90296 1.41631 1.2757 0.331889 -0.124857 0.00882289 0.0995445 
4.06174 1.367 0.530576 2.61727 3.49579 2.13274 1.37045 0.981809 0.127434 -0.0760992 0.0874415 0.0904264 
3.75238 1.43531 0.681546 2.54837 3.66918 2.5956 1.34089 0.743656 0.223118 0.0804677 0.0698687 0.0680621 
3.78842 1.41835 0.864876 3.21009 4.2714 2.56574 1.11006 0.892956 0.442749 0.00282136 0.116496 0.0913451 
3.73799 1.42832 1.05037 3.42123 4.38408 2.54363 1.01362 0.777497 0.379926 0.15799 0.263202 0.10016 
3.16357 2.13061 1.82217 2.43035 2.84495 2.32178 1.43964 0.730528 0.418526 0.346734 0.302614 0.0726417 
2.81251 2.25053 2.09253 2.10274 1.97218 1.60238 1.19432 0.93067 0.75118 0.525459 0.289838 0.0524136 
2.85415 2.41547 2.23714 2.11038 1.93678 1.70596 1.41074 1.11074 0.814567 0.5367 0.303239 0.0692142 
3.0436 2.67804 2.54682 2.35771 2.19812 1.84579 1.57509 1.14555 0.823211 0.546478 0.292089 0.085749 
2.82925 2.43308 2.28421 2.0672 1.87358 1.70294 1.40595 1.15918 0.846884 0.616933 0.352284 0.0774512 
2.74267 2.31755 2.10287 1.91869 1.81616 1.53183 1.30275 1.0846 0.824447 0.582823 0.379294 0.0657296 
2.84207 2.39892 2.31977 2.19562 1.99831 1.76689 1.59435 1.12036 1.09864 0.460044 0.375411 0.0846907 
2.71298 2.58306 2.61695 1.9149 2.19372 2.32566 1.74828 1.27309 0.731975 0.601586 0.31123 0.0919251 
2.28929 2.37206 2.31649 1.38653 2.07516 1.3914 1.69693 0.946719 1.03917 0.560547 0.252117 0.0599279 
1.84519 1.7321 2.12109 0.932269 2.3229 1.79598 1.00627 0.404428 0.387527 0.162198 0.15251 0.0359663 
1.54055 1.11981 1.25678 1.21991 2.35214 1.75997 1.17613 0.474302 0.65493 0.162704 0.426527 -0.0132977 
1.21033 1.55403 1.75769 1.08464 1.31455 1.08418 1.34714 0.11896 0.935586 0.130405 0.481332 -0.0470764 
1.12668 1.16057 1.49944 0.533964 0.758708 0.52032 1.42471 0.521923 0.734137 0.053472 0.145527 0.00178026 
0.775845 0.88526 1.79578 0.619888 0.669229 -0.563242 0.859575 0.564834 0.365001 -0.0813888 0.396901 -0.00657013 
-0.00313872 1.15982 0.86733 0.634955 -0.446945 0.0360187 1.31553 -1.08374 1.53994 -0.280983 0.239793 -0.0489202 
0.528675 1.35186 1.05184 1.32283 0.267084 -0.273695 0.58031 0.349016 0.778535 -0.0309799 0.347037 -0.0226105 
1.08103 0.677079 0.833987 -0.0313394 1.21436 0.577565 0.854375 0.200806 0.141201 0.0990513 -0.149834 0.0601374 
0.982401 0.158006 0.967108 0.379541 1.60503 0.44067 0.0689831 0.836481 0.719277 -0.2004 -0.169315 0.0491148 
1.35205 -0.000865182 0.391839 0.0871733 0.679962 -0.375368 -0.00541612 0.740237 0.103944 -0.197362 -0.227016 0.181745 
1.24817 0.169071 0.830735 -0.0126351 0.668852 -0.423326 0.40607 0.667803 0.139495 0.376859 -0.0297762 0.000557581 
1.03603 0.144293 0.652145 0.268521 1.09759 -0.318565 0.172047 0.0569319 0.594293 0.051712 0.0651455 0.0562037 
0.955207 0.302173 0.478496 0.328871 0.431556 -0.439697 0.247837 -0.373475 0.164655 -0.315602 0.00418166 0.037779 
1.00145 0.426577 0.943252 -0.297569 -0.030906 0.826724 0.421698 0.32453 0.272803 -0.257689 -0.213626 0.0960954 
1.11597 0.0548467 1.20805 -0.19418 0.461477 -0.268105 0.867388 0.871966 0.13516 0.258679 -0.130247 0.0567201 
1.00697 -0.485531 0.813793 -0.890039 0.500764 -0.0467227 0.554292 0.300244 0.715092 0.248937 -0.160801 -0.0286038 
