1.37967 0.100718 1.29399 -0.327132 1.0655 -0.857616 0.325835 0.124663 0.243851 -0.217716 0.120682 0.0447487 
1.14145 0.205497 1.24222 0.054023 0.744341 -0.893655 0.944554 0.661914 0.547907 -0.203015 0.0963931 -0.0975429 
1.31208 0.555383 1.35766 -0.126495 1.09556 -0.826164 0.918687 -0.201194 0.620768 -0.0964807 -0.104779 0.0757279 
1.1884 0.577806 1.29688 -0.256251 0.943183 -0.860568 0.881394 0.299162 0.567456 -0.15837 0.174322 -0.00646631 
1.42427 0.220985 1.786 0.0427663 1.42459 0.630496 1.46943 0.0392087 0.45178 0.437971 0.0606131 0.037824 
1.48236 0.987362 2.21202 0.499318 1.33822 0.328071 1.03662 0.517288 0.931268 -0.0142693 0.459812 0.0560246 
1.48202 0.914616 1.46795 0.25611 1.40222 0.0134874 1.1556 -0.176739 0.612844 0.419366 0.241184 0.0735579 
1.60352 0.981436 1.94015 0.153524 2.00115 0.689221 0.892275 0.638728 1.35121 0.233286 0.0505012 0.0979419 
1.61785 0.986052 1.828 0.251802 1.56129 0.392302 1.06749 0.685077 0.597189 0.287199 0.430309 0.0418896 
1.47446 0.91976 1.72304 -0.0916582 1.14441 -0.0396114 1.54535 0.352899 0.497387 -0.165703 0.220053 0.095267 
1.36861 -2.8157 2.58777 -1.70686 3.03599 1.15715 0.446831 1.32338 -0.562007 -0.396626 0.531272 0.164863 
0.39398 -2.72737 5.38165 0.736753 -1.41589 -3.58767 1.24213 -0.842632 -2.31966 1.34493 0.226882 0.0170832 
1.00471 -1.70429 4.76489 1.75554 -1.45371 -2.73799 1.92543 -0.576404 -1.99963 1.15225 0.451718 0.0641856 
0.924782 -1.08472 4.31978 2.64207 -1.92244 -0.906468 4.13569 0.480376 -1.23084 1.06801 0.397595 -0.0455683 
0.945839 -1.16564 4.29724 2.57338 -0.642316 -0.852974 3.19419 0.389868 -1.0062 0.863772 0.351456 -0.0448849 
0.870405 -1.63785 3.18051 2.16821 -0.981485 -0.865816 4.07855 0.201413 -0.723306 0.632417 0.301377 -0.035167 
0.860872 -1.64166 3.28037 1.9111 -1.04304 -1.50979 3.88927 0.220147 -1.04827 0.423717 0.193862 -0.070289 
1.34247 -1.43193 1.72749 1.97378 0.495572 -0.962079 1.74688 -0.310305 0.343056 0.502033 0.342227 -0.113616 
1.40612 -0.973394 2.01554 2.61668 0.956046 -0.878964 0.883811 0.715463 0.96406 0.90612 0.235254 -0.127439 
1.57301 -0.399539 1.27006 2.05447 1.75185 -0.638663 0.980732 0.18445 1.38403 0.882937 -0.0139637 -0.124247 
1.52339 0.196612 2.12983 1.24391 -0.00927652 0.310976 1.99536 0.304649 0.658952 0.316581 0.414842 -0.177482 
1.6902 0.120984 2.68993 2.03209 0.957662 -0.371722 2.82001 0.547258 0.0894034 0.752448 0.224887 -0.112706 
1.89651 0.72948 3.21084 1.77351 0.995616 1.04954 3.15748 0.564196 -0.197645 0.834163 0.518449 -0.109046 
2.68131 2.15956 1.95344 1.72348 1.50355 1.29376 1.1154 0.829978 0.674658 0.461159 0.297325 0.0372669 
3.67391 3.08137 2.3427 2.09216 2.09186 1.64017 0.946724 0.310055 0.151282 0.43831 0.579027 0.115984 
6.35601 1.67749 1.80437 2.20286 2.76405 1.15721 1.06127 -1.37466 -0.725666 -0.0747217 0.354403 0.199619 
5.81341 1.78121 -0.0679001 1.43826 1.57019 1.28752 0.369326 -0.839758 -0.66411 -0.520325 0.239811 0.1762 
4.253 2.3574 0.729559 0.512065 1.21506 2.19071 1.82811 0.356512 -0.239421 -0.0164572 0.142142 0.0819775 
3.80987 2.38338 1.34824 1.10336 1.13685 1.53762 1.77614 1.30633 0.585357 0.0656486 -0.064656 -0.0080801 
4.73151 3.02646 1.14373 0.751798 1.06868 1.89425 2.13061 1.70102 0.854241 0.309175 -0.037697 -0.0222227 
3.63091 2.62886 1.4028 0.832078 1.25226 2.11079 2.34831 1.78882 0.901326 0.116953 -0.189898 -0.0293286 
3.49405 2.54064 1.41355 0.818947 1.23954 2.19324 2.64149 2.05863 0.915439 0.031594 -0.146794 -0.0188246 
4.15396 2.72219 0.826771 0.184102 1.25581 2.60603 2.91218 2.14057 1.01058 0.180889 -0.192506 -0.0418382 
5.88631 2.43006 -1.17843 -0.384967 2.46913 3.80547 2.64163 1.49359 0.878824 0.20642 -0.0137928 -0.0442896 
3.82307 1.7599 -0.371338 -0.303538 1.49648 2.98663 2.64276 1.63575 0.70838 0.2195 -0.15976 -0.0346237 
3.22077 2.02997 0.904545 0.587981 1.22706 2.07754 2.38024 1.92387 1.00095 0.340626 -0.0468964 -0.0171266 
3.81221 2.30961 0.493347 -0.177306 0.69684 2.07329 2.85882 2.46962 1.39101 0.400154 0.031767 -0.0534791 
3.13633 2.22075 1.10835 0.53166 1.16715 1.92431 2.54848 2.09243 1.25041 0.243229 -0.210741 -0.0406956 
3.79805 -1.25014 -1.51108 0.458179 3.60566 0.358095 3.53655 0.437812 0.0726757 0.29592 -0.264648 0.0296747 
3.54374 0.328714 -0.0106309 1.89465 4.58209 2.02379 2.77416 0.407439 -0.147014 0.45547 0.111698 0.148225 
3.85624 0.928106 -0.981032 1.07108 3.67327 2.81693 2.26985 0.636692 -0.0821175 -0.0321763 0.193043 0.137271 
3.84235 1.51718 -0.477775 0.908531 2.75418 2.79348 2.59193 0.839547 -0.0829845 -0.385817 0.137261 0.136039 
3.33843 1.97901 0.99877 1.462 2.50984 2.68679 2.08584 1.05425 0.220549 -0.0746803 0.182582 0.0966907 
2.96653 2.14564 1.57517 1.56405 1.77679 1.72189 1.43769 1.12166 0.638374 0.150698 0.0821213 0.0411993 
3.76254 1.55789 0.469068 1.79871 3.28783 2.6907 1.641 1.49574 0.746405 -0.0947819 -0.00155303 0.0670329 
3.04278 1.93139 1.10124 1.22056 2.03642 2.70038 2.33626 1.13769 0.121779 -0.162607 0.116022 0.0918973 
2.76793 1.8717 1.51352 1.55978 2.11462 2.25372 1.85888 1.14443 0.317947 0.116075 0.234688 0.0839376 
3.07738 1.33986 1.6827 0.691501 0.842666 2.27226 2.16609 -0.581289 -0.0518743 1.00196 0.474119 0.0659952 
3.59825 1.34196 0.249731 1.51671 3.08949 3.33204 2.05007 0.429498 -0.363149 -0.0608976 0.225388 0.13951 
3.75416 0.771609 -0.511867 1.33868 3.52018 3.91649 2.36732 0.0220049 -0.703315 0.114618 0.209942 0.147911 
3.57044 0.325602 -0.285579 2.5686 4.16 2.96607 2.22821 0.181001 -0.349488 0.251707 0.280095 0.146933 
4.31921 0.217084 1.16825 2.62048 4.53665 2.2612 2.66696 0.197013 -0.865424 0.33705 0.104627 0.073643 
5.02807 1.78995 0.747996 1.95307 4.19383 -0.607688 2.25903 -0.44933 -0.801192 -0.599936 -0.291962 0.151189 
4.93707 2.0997 0.273281 2.0191 4.09753 -0.37523 1.84629 -0.174354 -0.746407 -0.596538 -0.130429 0.187889 
4.08598 2.57103 1.20759 0.983984 2.23138 1.33531 1.36847 0.0152294 -0.442348 -0.0487472 0.184146 0.0722145 
4.05385 2.70062 1.20584 0.819697 1.83466 1.5277 1.25047 0.0590537 -0.332894 -0.203825 0.0751823 0.037576 
3.85269 2.73696 1.39141 1.21794 2.16632 2.42393 1.22036 -0.256946 -0.650263 -0.265176 0.0370116 0.0429971 
3.7539 2.32461 1.07297 1.46549 2.26725 2.21351 1.23151 -0.166875 -0.717164 -0.315203 0.156608 0.0667121 
6.20619 1.59871 0.0889816 1.86731 3.77203 2.54535 1.27792 1.0747 -0.48332 -0.04708 0.0287456 0.038709 
5.65179 2.05385 -0.0602667 1.84968 3.77475 2.29689 1.77961 0.76586 0.324345 0.197906 -0.0522054 -0.0120364 
4.38116 1.78139 1.10138 2.84686 3.42171 2.44006 1.30931 0.291258 -0.0912128 0.405609 0.130697 0.0151996 
3.8414 1.45366 0.852474 2.7689 3.58711 2.43798 0.965134 0.254904 0.184049 0.430472 0.219008 0.0300476 
3.57323 1.7177 1.30439 3.08875 3.56266 2.43227 1.46999 0.917741 0.426178 0.0884166 0.085018 0.0710794 
5.2191 1.27589 0.531974 3.86829 5.23689 2.07927 1.17498 0.698709 0.215526 0.214928 0.21189 0.120209 
4.17698 1.94859 0.553287 2.281 4.11844 2.9451 2.12237 0.551005 -0.266592 0.3318 0.3104 0.149119 
2.93018 1.78171 0.214667 2.90803 4.15062 2.53304 1.11148 0.724627 0.00585634 0.176978 0.509738 0.118594 
3.9262 0.571593 0.0363525 4.44626 4.94236 2.41506 1.95598 0.908649 -0.0344105 0.0932133 0.220557 0.207112 
3.12988 2.10487 1.18386 3.02642 3.3139 3.12965 1.32712 -0.0373441 0.335679 0.325333 0.463254 0.0713482 
3.07252 2.06491 1.78665 2.00937 2.74325 3.02138 1.55296 0.571077 0.145481 0.443482 0.361509 0.0961748 
2.60665 2.91899 0.925916 2.69707 2.53191 5.94808 2.02246 0.00883442 1.00648 -0.421746 0.438393 0.218698 
3.12904 1.60831 1.03626 1.8554 3.58123 3.73507 2.05901 0.483189 0.0990309 -0.0266071 0.0164146 0.14875 
2.60563 2.03208 2.0803 0.735264 1.46698 2.61821 1.8178 1.12639 0.571237 -0.628668 -0.23701 -0.0053584 
2.15885 1.7341 2.09457 1.58353 1.84382 1.08206 1.65415 0.420417 0.467828 -0.27551 0.257223 -0.0324231 
2.62175 1.36029 2.02085 0.254347 1.30159 0.210812 0.426439 0.375866 0.651712 0.137905 0.298992 0.0170297 
1.60253 1.56619 2.84988 0.53838 1.29665 1.27743 1.81806 0.693457 0.593014 0.113874 0.0459648 0.0306589 
1.26483 0.861394 1.99864 0.730636 1.00256 1.32987 1.31413 0.251052 0.969995 0.30519 0.0847029 -0.0110889 
0.76577 0.766233 1.90944 0.917836 0.7739 0.493686 0.75776 0.862768 0.78147 -0.16704 0.0247598 -0.00521703 
1.00268 0.0777278 1.80818 0.0414823 0.214705 -0.37308 0.784041 0.564085 0.695901 -0.378663 -0.00206816 0.086034 
0.923229 0.811995 1.40495 0.125016 1.32905 0.0131819 0.444836 0.867699 0.0509283 0.00271754 0.0445526 0.0171806 
1.10138 1.1154 1.08228 0.358276 0.667006 0.00110472 -0.161755 0.425845 0.968858 0.317216 0.0994748 -0.0193471 
0.961157 1.12937 1.43517 0.579224 0.911937 -0.0797328 0.856032 0.0500504 0.7061 0.106919 0.0112333 0.0522641 
0.940032 0.479004 1.23842 0.693385 0.934034 -0.0708744 0.946183 0.58686 0.442464 0.041439 0.259772 0.0318252 
1.14878 0.745428 1.57804 -0.108665 1.14386 0.342386 0.550954 0.569012 0.41385 0.0818356 0.090341 0.0293658 
1.18784 0.728271 1.03137 1.0418 0.856933 -0.6164 0.959605 0.179401 0.142997 0.0482843 -0.0244814 -0.0129922 
0.85503 0.647051 2.01062 -0.0182526 0.296745 -0.218744 0.48705 0.548401 0.0345467 -0.366246 0.105806 0.0128909 
