1.44578 0.332029 1.89297 -0.057338 0.895504 0.127149 1.43894 -0.137964 0.63347 0.216989 -0.201335 0.0414083 
2.45981 1.89677 2.15522 1.64908 1.66322 1.22353 0.889518 1.00694 0.91644 0.277929 0.311211 0.0526283 
2.78213 2.26394 1.92126 1.52946 1.19937 0.916089 0.634455 0.426913 0.367241 0.303275 0.169887 0.0226739 
3.29941 2.82049 2.53009 2.17394 1.55099 1.02578 0.800125 0.62193 0.483794 0.504705 0.508157 0.0866554 
4.75578 2.3238 2.16302 3.19434 1.59511 0.341001 0.955821 0.281532 -0.539639 0.32157 0.831541 0.231095 
3.56006 2.31395 1.79626 2.37534 2.07876 0.952517 0.684801 0.804518 0.267163 0.215631 0.744409 0.13594 
3.30932 2.66794 2.45042 2.20382 1.65442 1.38067 1.32415 0.891132 0.450196 0.435772 0.472662 0.0841212 
3.00891 2.45996 2.16723 2.04301 1.78928 1.38273 1.04627 0.71876 0.533003 0.528458 0.446063 0.0631393 
3.25124 2.74166 2.40312 2.22277 2.15492 1.12617 0.83623 0.215873 0.27725 0.342072 0.301741 0.0421944 
5.57186 2.76513 0.524458 2.86189 3.31298 -0.890027 1.22197 -2.15154 -0.392452 -0.499558 0.467442 0.212446 
5.11645 2.44491 0.452899 0.723074 2.08222 0.139125 0.312375 -1.13409 -0.448926 -0.219667 0.477797 0.226024 
4.89952 2.04666 -0.466679 0.513875 1.48384 0.924434 0.173517 -0.537687 0.191281 -0.0650778 0.236916 0.0729802 
4.05195 2.49695 0.844752 0.709137 1.27998 1.37221 0.898491 0.202536 0.241796 0.169807 -0.0658451 -0.0112527 
3.68766 2.46822 1.18942 0.762142 1.0182 1.12093 0.947826 0.759621 0.562052 0.318892 0.040052 -0.00257382 
4.17528 2.56786 0.794087 0.667046 1.64563 2.00856 1.70872 1.10681 0.802789 0.441497 -0.228992 -0.0731495 
4.90222 3.15756 0.441643 0.328579 1.84283 1.40706 2.13606 0.792797 1.121 0.237135 -0.107866 -0.0758448 
3.95907 2.52863 0.603359 0.00436723 0.903064 1.97835 2.00586 1.46131 0.816361 0.216732 -0.198706 -0.0646295 
3.67695 2.69776 1.17292 0.401108 1.14744 1.611 1.92101 1.27714 0.862768 0.139068 -0.151402 -0.0398757 
3.42161 2.98129 0.963874 0.731992 1.04174 1.84244 1.53492 1.20059 1.55047 0.389237 0.193285 0.00263861 
3.49356 2.52134 1.24562 0.316783 1.1448 1.06229 1.54525 1.35648 1.62973 0.473305 0.0653722 -0.0238701 
3.52779 2.73252 1.35784 0.330526 0.681219 1.75514 2.34137 2.39277 1.47384 0.502142 0.041943 -0.0340453 
4.36271 1.98299 0.345222 -0.657975 2.18276 3.58078 0.679073 1.27586 1.89245 1.01383 0.358812 -0.0499291 
3.81726 -2.08941 -2.30126 0.625326 3.80488 0.766365 2.43262 -0.0539266 -0.0377279 -0.139486 -0.0190023 0.0804934 
2.22975 -0.944132 -0.628673 1.09563 2.65484 2.12758 3.08742 1.41725 0.191191 -0.208053 0.156367 0.0207449 
2.89285 0.726311 0.0472161 1.52265 3.31989 3.01506 1.90183 0.422768 -0.109426 0.0907706 0.184993 0.117079 
2.74687 1.38001 0.701664 1.51757 2.71688 2.77394 2.35144 0.818238 0.0452699 -0.264775 0.0265941 0.128124 
3.59645 2.02527 1.2809 2.36729 3.27203 2.35282 2.01877 1.40809 0.947389 0.0396801 0.0587344 0.0906917 
3.04205 1.52871 0.920559 1.75851 2.51289 2.35262 1.83147 1.39531 0.586768 0.00948225 0.0278497 0.0846648 
4.61575 1.24626 -0.554987 1.32646 2.90165 2.03201 1.40032 2.38504 1.07407 -0.673363 -0.253662 0.0833419 
3.78808 -0.671048 -1.32474 1.1867 4.26909 2.59581 2.02555 1.61678 0.438249 -0.737466 -0.056177 0.149846 
3.39379 2.20319 0.923611 0.686618 1.04839 1.61127 1.67398 1.04253 0.063012 -0.0559262 0.40721 0.0933588 
3.79563 3.20856 2.21056 0.959707 0.327979 0.177454 0.33087 0.525962 0.803214 0.988858 0.757203 0.190936 
4.08019 2.65749 1.93937 2.25745 2.99871 2.29041 1.47937 0.903571 0.669089 0.301563 0.207014 0.0674421 
2.8876 1.47934 0.81439 1.43679 2.68224 2.8637 1.925 0.191931 -0.641614 -0.304203 0.263327 0.119868 
2.97601 1.91176 1.36623 1.48337 2.36157 1.95832 1.39134 0.047961 -0.475156 -0.19712 0.0233424 0.0282501 
3.48151 2.53188 1.45957 2.00764 2.75184 1.06483 1.64562 0.0389012 -0.4415 -0.620813 -0.0774912 0.00795034 
3.73081 2.30224 0.995324 0.800438 4.40358 -0.165188 2.05184 -0.469317 -0.91837 -0.323056 -0.44489 0.120058 
4.2506 2.64327 0.534489 1.06877 3.70717 -0.199189 1.25849 -0.416152 -0.634647 -0.516018 -0.310612 0.0457451 
4.21464 2.44861 1.38902 0.641003 3.82924 -0.478463 1.26863 -0.418549 -0.0200457 0.0582459 -0.176133 0.0883235 
3.31412 2.1196 1.85716 1.41363 1.23864 1.08033 2.3943 -0.899828 0.0553015 0.255203 -0.0977091 0.00385731 
3.03871 2.1942 2.20077 0.496607 1.56402 2.63869 1.60483 -0.814746 -0.0350416 0.150335 -0.314709 0.0671067 
4.93356 1.93056 1.03692 1.37105 5.00897 0.564384 1.95369 -0.103411 0.0529985 -0.600384 -0.201092 0.195059 
4.31708 1.99726 0.839352 2.38873 4.0824 1.1466 2.2107 0.279994 0.233227 -0.531435 -0.115886 0.085984 
4.86601 1.73513 0.250808 2.6991 4.03273 1.52583 1.59564 0.662265 0.0376932 -0.220113 -0.0315038 0.0864614 
4.82147 1.18674 -0.0655333 2.98333 4.51611 2.5005 1.06031 0.443991 -0.11161 0.259289 0.124722 0.0593812 
4.62859 1.02134 -0.22435 2.97066 4.8455 2.86521 1.2075 0.234268 -0.187749 0.495397 0.246616 0.0717346 
4.02966 1.44089 0.360815 2.583 4.30559 2.99511 1.07249 0.0890156 0.0917774 0.516695 0.295001 0.0607907 
3.09679 1.86258 1.12919 1.75033 2.57224 2.07581 0.821686 0.245395 0.37573 0.421033 0.163924 0.0174974 
3.08982 1.72685 1.2818 1.99676 2.33542 1.63643 0.869037 0.589043 0.319252 0.19465 0.242968 0.0286132 
3.63602 1.29682 1.0143 3.53598 5.23897 3.54967 1.21786 0.47769 0.583254 0.503658 0.110881 0.0858636 
4.05198 1.12095 0.460104 3.26117 4.59916 2.96091 1.63157 1.00702 0.153268 0.0378087 0.0943111 0.141973 
3.45665 1.41829 0.87421 2.62849 3.71299 2.84212 1.67277 0.855196 0.0795295 -0.115175 0.211133 0.130796 
3.54945 1.58075 1.26558 3.10295 3.74121 2.36901 1.74338 1.43746 0.0179032 -0.564762 0.249317 0.167877 
3.06648 2.01403 1.7386 2.41245 2.85198 2.27698 1.17183 0.396673 0.252348 0.43753 0.315626 0.04564 
2.89435 2.49694 2.383 2.19327 1.97529 1.72401 1.41504 1.10306 0.702765 0.391129 0.195772 0.0563463 
3.00584 2.59166 2.43264 2.29774 2.03249 1.74751 1.42144 1.14117 0.798276 0.499565 0.265216 0.0769605 
2.79096 2.36726 2.08254 1.98838 1.8064 1.57848 1.30127 1.10278 0.788428 0.54028 0.318471 0.0642521 
2.7365 2.1872 2.0488 2.01916 2.00045 1.42397 1.2442 1.02538 0.814053 0.585325 0.344249 0.0580704 
2.10107 0.045325 0.709574 3.34258 4.84322 3.01937 0.729721 -0.112631 0.438226 0.825149 0.63262 0.0928048 
2.87969 -1.973 -0.446418 3.74922 3.84273 1.96411 2.31871 -0.0320204 -0.926455 0.784887 0.917695 0.0573955 
2.13577 -1.30523 -0.310265 2.82237 3.24694 2.12079 3.68156 0.548701 -0.623148 0.171244 0.643881 0.0803415 
1.83715 0.214229 1.06665 1.48895 3.15213 2.47312 1.75263 -0.351495 -0.118875 0.3375 0.513384 0.0368074 
1.57495 0.765138 2.04351 0.973492 2.14777 1.18132 1.5886 0.786766 0.656539 0.211966 -0.0615827 0.0415142 
1.1472 0.672802 1.7104 0.586018 1.25989 0.866586 1.11474 0.381718 0.00691181 0.341244 -0.0821897 0.0783824 
1.05095 1.00644 1.98081 0.34518 1.42432 0.474244 0.482661 1.2758 0.140522 0.479003 0.238033 -0.0580779 
1.29566 0.654636 1.65374 0.139592 1.32178 0.600069 0.291209 0.00915461 0.620976 0.108828 0.144855 0.0274722 
1.11776 0.562238 1.14962 0.154398 0.609732 -0.0967891 0.971346 -0.335023 0.582024 0.295893 0.110481 0.00165011 
0.877268 0.448418 1.72298 0.435675 0.690749 0.496678 0.522139 0.0344731 0.434227 0.0748813 0.155948 -0.0303693 
1.46498 -1.67032 0.351608 -0.176603 -1.03431 -0.00118948 2.43325 0.601274 0.309771 0.181347 0.319979 0.0887656 
3.09192 -6.66186 -1.5499 -0.95529 -4.74934 1.15188 2.80243 0.231305 -0.232323 0.285492 0.0209324 0.0280469 
1.56744 -2.97941 -0.936447 -1.72163 -4.23728 -0.638743 2.23911 0.949372 0.586219 0.266368 -0.000315245 -0.0414155 
2.28619 -1.55605 0.396204 -2.47388 -5.12355 -1.42242 3.63718 1.82314 0.948784 0.747444 0.0778818 -0.188181 
1.65464 0.490378 0.444061 -3.21945 -3.66068 -0.818309 2.44338 1.10609 1.17468 0.762915 -0.0131773 -0.15905 
1.6634 0.358059 0.563461 -2.38506 -2.44996 -0.0494667 1.03661 0.566712 1.5136 0.50398 -0.214823 -0.0387785 
1.3103 0.480724 1.09275 -1.75386 -1.7094 0.563792 0.849592 0.0396983 1.83832 0.328085 -0.49035 -0.032122 
1.30939 1.08411 0.504588 -1.67447 -0.792768 -0.237691 0.313057 0.752674 1.51293 0.185173 -0.251103 -0.0840712 
1.26203 1.17302 0.660867 -0.451098 -0.279122 -0.726788 0.567734 0.81606 1.08171 0.404276 0.0863318 -0.111436 
1.35459 0.633446 1.15275 -0.414753 0.918298 -0.773717 0.321316 0.563209 0.71488 -0.250926 0.15557 -0.0956484 
1.033 0.847537 1.33912 0.140365 0.774429 -0.608065 0.0299872 0.988629 0.709442 -0.118666 -0.234296 0.0635418 
1.00456 0.572597 1.03814 0.198987 1.33647 -0.888286 0.481814 -0.399286 -0.257459 0.312195 -0.0533647 0.0243228 
0.959013 0.510479 1.33087 -0.189387 0.407398 -0.814016 -0.206206 -0.327563 0.325289 -0.0553291 -0.109668 0.00154891 
1.04207 0.614484 0.835492 0.366634 0.650096 -0.285153 0.695339 -0.148393 0.340167 -0.202755 -0.0728867 0.0269616 
0.75946 0.603663 1.31329 0.199907 1.25723 0.226162 0.549723 0.212146 0.184626 -0.326115 0.0166497 -0.0435314 
1.00447 0.82426 1.57956 0.262385 1.09376 0.402868 -0.00502676 -0.466379 0.0942041 -0.238957 -0.10634 0.0479973 
1.0439 0.550082 0.615813 0.398399 0.0851325 -0.0450777 0.179699 -0.120062 0.263207 -0.20161 -0.00164997 9.97224e-005 
