1.18908 0.11037 1.15523 0.266709 0.97239 -0.313023 0.601377 -0.0149677 0.681251 -0.0762635 0.0557025 -0.0806492 
1.01323 -0.0856617 1.74838 -0.298772 1.2076 0.205247 0.895565 -0.0752241 0.552607 0.157375 -0.152506 -0.0309464 
1.54007 0.0876335 1.36996 -0.549648 1.12413 -0.0880111 0.579885 -0.32519 0.207754 -0.763423 -0.13149 0.038265 
1.31577 0.345784 1.59678 -0.318881 0.492987 -0.0290438 0.307986 -0.599241 0.342011 -0.0633483 0.00771127 -0.0127667 
1.19577 0.179973 1.18335 -0.188331 1.27135 -0.681469 0.135567 -0.323831 0.374381 -0.676773 -0.0851639 -0.041109 
1.06263 0.218699 1.70046 0.11803 0.741464 -0.0249873 0.78788 -0.485499 0.318476 -0.212734 0.0229462 5.12954e-005 
1.59181 0.136289 1.35175 -0.778032 1.20888 -0.688764 0.472722 -0.132894 -0.0151646 -0.320627 0.0672239 0.00554114 
1.24946 0.564204 1.55931 -0.179749 1.23621 -0.42872 0.693813 -0.0346015 -0.321214 -0.107271 0.0632019 -0.0151063 
1.10626 0.511169 1.50546 -0.0166052 1.24293 0.239099 0.858011 -0.273639 0.470786 -0.00641297 0.3568 0.0897419 
1.4952 0.795523 1.70056 0.0705969 1.06481 -0.76185 0.909586 0.448421 0.492315 -0.0406262 0.186701 0.0599003 
1.46035 0.916105 1.76537 -0.327679 1.30506 -0.330883 0.849741 0.32072 0.839651 0.156139 0.115021 0.0947694 
1.60162 1.0532 2.0053 1.25355 1.44951 0.235276 1.32925 -0.284682 0.397462 0.176312 0.266519 0.058812 
1.35166 0.59107 1.13431 0.287168 1.1401 -0.642179 1.02586 0.428932 0.762908 -0.0925793 0.374778 0.0590164 
1.32473 0.452366 2.47789 -0.510073 1.68404 -0.574153 0.777218 0.015898 0.608854 0.090749 0.111582 0.0854045 
1.62375 0.381808 1.0901 0.0833654 0.657043 -0.37558 0.760158 -0.645441 0.470838 0.0714757 0.188578 0.078389 
1.51963 0.232083 1.41311 -0.226226 1.83947 -0.00124915 1.9105 0.471547 0.388451 0.152184 0.0750212 0.0310874 
1.47048 0.151608 1.22221 0.145984 0.735517 -0.396693 1.03209 -0.270642 0.943564 0.262862 0.37548 0.031561 
0.720692 0.0153318 2.70591 0.00560545 0.151894 -0.381975 1.40405 -0.447608 -0.570265 0.875631 0.121019 -0.117013 
-0.0100838 -0.922414 3.50188 -1.47147 -0.540448 -1.66037 2.05897 -0.344093 -1.7287 1.01071 -0.406489 -0.171789 
0.778739 0.315148 2.21511 -0.706478 1.36931 -0.665323 0.681209 0.188191 -0.150958 0.0342944 -0.358479 0.0535051 
1.58005 0.395302 1.17724 -0.116534 1.19131 -0.574421 0.477834 -0.343227 0.603717 -0.714029 0.0584594 0.0705704 
1.7641 1.71436 2.1303 0.671492 1.62527 0.00690706 1.40631 -0.127174 -0.408313 -0.576189 0.0670018 0.00344209 
1.73925 1.08453 1.7783 0.0756943 1.67062 -0.775295 -0.282035 -0.437004 -0.442489 -1.02872 -0.380367 -0.0556963 
1.6601 0.977587 2.4825 0.0690966 0.885281 -0.540074 0.403865 -0.920931 -1.12381 -0.793298 -0.402504 -0.105395 
2.0809 1.35581 1.82592 0.881689 1.35075 0.0521892 0.305737 -0.346333 0.099379 -0.591503 -0.0756966 -0.0183723 
2.52607 2.19519 2.01967 1.54764 1.55263 1.31627 1.11783 0.613097 0.859004 0.351723 0.194097 0.0546735 
2.62628 2.08407 1.84388 1.62971 1.37659 1.15565 0.924156 0.6782 0.470691 0.301333 0.14687 0.0263835 
2.92738 2.43307 2.28338 2.13201 1.7856 1.46772 1.25003 1.01766 0.726082 0.514016 0.350764 0.0672123 
3.22174 2.65136 2.5347 2.35372 1.67886 1.20375 1.30609 0.940827 0.4781 0.483618 0.516056 0.0887947 
3.56786 2.69729 2.64246 2.67433 1.80711 1.14571 1.26938 0.936356 0.327357 0.369534 0.580598 0.111372 
3.58427 2.94223 2.01785 1.66268 0.878023 1.02704 1.11663 1.65831 1.18538 0.290737 0.519002 0.0891067 
3.85947 2.6752 1.93787 2.04918 1.64994 1.42877 0.542283 -0.134043 -0.180864 0.0696848 0.252642 0.0442429 
5.71217 3.37861 1.27015 1.36853 2.07354 0.865602 0.0996107 -1.38297 -0.754361 0.351597 0.37682 0.124681 
4.6944 2.86042 0.94018 0.865861 1.35024 1.07126 -0.184722 -0.843878 -0.559133 0.0744328 0.464901 0.15203 
3.96413 2.36764 1.08383 0.86572 1.48875 1.14668 0.858419 0.131396 0.0466368 0.0557057 0.00144201 0.00449047 
3.86131 2.82036 1.5998 0.785666 0.863692 0.779808 1.01223 0.708065 0.616554 0.168081 -0.152422 -0.0441866 
3.37604 2.68374 1.92819 1.3347 1.06244 1.03313 1.15552 1.07627 0.608047 0.0586891 -0.194282 -0.0340045 
3.24256 2.48656 1.75247 1.32869 1.33582 1.49313 1.37882 1.05973 0.581997 0.141507 -0.10585 -0.00882925 
3.45151 2.63044 1.73806 1.31621 1.49939 1.77437 1.66144 1.14287 0.546326 0.154907 -0.0537644 0.00318371 
4.14859 2.72978 1.28206 1.04842 1.79483 2.22597 1.96103 1.50274 1.0372 0.400176 -0.199767 -0.0446758 
5.57668 3.06117 0.92698 0.837114 2.19963 2.82784 2.47849 1.49793 0.995226 0.390199 -0.060964 -0.0425328 
5.51427 3.65016 0.903565 -0.134533 0.832534 1.96651 2.10668 1.79831 1.20123 0.347001 -0.0262357 -0.0472088 
3.47283 2.80984 1.90772 1.17041 1.02325 1.36763 1.79797 1.81783 1.30797 0.534153 0.0670768 0.0148311 
3.21994 2.54356 1.74397 1.0847 1.00214 1.37944 1.84658 1.7883 1.23285 0.503179 0.0674831 0.0120239 
3.19131 2.53787 1.80432 1.13681 0.891701 1.30405 1.79444 1.84915 1.33039 0.530493 0.0351109 0.00522056 
3.1487 2.35628 1.52104 0.784836 0.736181 1.27596 1.97644 1.97717 1.49102 0.605253 -0.0322228 -0.0306905 
2.97426 1.09021 0.860169 1.17806 1.94539 -0.20552 3.23042 1.15861 1.32719 1.42808 -0.316777 -0.0816641 
2.52017 -1.28267 -2.29044 1.92829 5.64738 1.01094 3.14269 -1.00299 -0.273397 0.131289 0.273993 0.181038 
4.26536 -0.419696 -1.38094 2.29837 5.2351 1.51236 4.32866 -0.593208 0.0243007 0.144677 0.266754 0.230645 
5.33715 -0.0325995 -2.73083 2.44042 6.26692 1.43557 4.13539 0.494577 -0.194797 -0.325232 0.127392 0.393327 
6.06628 -0.0749021 -1.69012 1.81235 4.97345 1.59547 4.50922 1.10968 -0.418971 -0.408307 0.146889 0.318627 
3.94827 1.68903 1.11134 2.60446 3.58069 3.38493 2.80509 1.49858 0.250816 -0.0777846 0.0622923 0.163401 
3.04787 1.52017 1.15499 2.1776 3.09253 2.7966 2.05308 1.11976 0.238983 -0.096922 0.126244 0.125912 
3.36343 0.928974 0.111115 1.83028 3.56076 3.00759 1.70621 1.37712 0.680815 -0.269429 -0.180204 0.0889744 
3.30176 1.37565 0.694379 2.1062 3.24842 2.71081 1.97568 1.70983 0.624449 -0.42368 -0.0810378 0.130692 
2.77738 1.62648 1.46974 1.11053 2.54094 2.26836 2.35133 0.924225 0.0799716 0.256637 0.0610961 0.103115 
2.93684 0.705936 2.79203 -0.538851 1.66847 1.09473 1.93502 -0.509141 -0.651035 1.29232 0.217647 0.0318687 
5.68006 0.379501 -0.739364 0.672961 3.66864 2.9591 4.86296 0.443663 -1.11654 0.183158 0.309105 0.16501 
6.34664 -2.44688 -2.22143 2.12076 4.62049 1.16673 4.30939 0.306549 -0.304535 0.179845 0.338647 0.208486 
3.60101 -0.889413 -1.46624 2.38084 3.79027 3.14832 2.82029 0.377691 -1.1112 0.344322 0.434895 0.134929 
3.67686 0.236026 -0.417715 2.57614 4.43887 2.76591 2.40335 0.22596 -0.585049 0.329125 0.198263 0.163991 
4.48767 1.57666 1.03665 2.63955 3.07978 0.728852 2.68382 -0.242318 -0.745824 -0.153985 0.0148095 0.0406591 
4.56669 2.06148 1.49084 1.69683 3.29847 0.525446 1.98231 -0.713675 -0.874332 -0.0588239 0.080074 0.0949751 
4.55855 2.87464 1.27071 1.14844 2.9549 -0.174656 2.12145 -1.33586 -0.677539 -0.134418 -0.0109935 0.115712 
4.90797 2.74459 0.719348 1.24977 3.08996 -0.478859 2.28109 -0.897185 -0.394477 -0.440694 -0.0408811 0.14726 
4.08502 2.88518 1.03996 0.971295 2.29935 0.938011 2.04442 -0.878729 -0.385208 -0.315181 0.214676 0.115756 
3.44134 1.35068 2.66289 2.13526 1.05968 2.56938 3.08697 -1.97939 -0.251258 -0.0711928 -0.2949 -0.0277168 
4.16552 2.09064 1.5347 2.07241 1.59802 1.7033 1.92529 0.0548258 -0.274302 -0.20798 -0.0282857 -0.00115102 
4.41568 2.05077 1.37521 2.2313 2.41808 2.12641 2.0709 0.771167 -0.0616882 -0.53433 -0.0561793 0.0481843 
3.79394 1.44561 1.38947 3.10509 3.30721 2.52991 1.50596 0.525601 0.262725 -0.162593 0.0565479 0.070043 
3.82324 1.42837 1.24061 3.04147 3.71756 2.85153 1.73014 0.705629 -0.033491 -0.254137 0.0644167 0.103686 
3.35919 1.95644 1.19838 1.93375 3.02096 3.06445 1.71175 0.129971 -0.399561 0.0513449 0.29109 0.102355 
3.14005 1.94411 1.3345 1.79591 2.61187 2.62153 1.6765 0.51358 -0.0488995 0.102888 0.30556 0.0888264 
3.33471 2.55031 1.7413 1.76954 2.59598 2.85924 1.85077 0.449394 -0.0348407 0.18727 0.341109 0.100833 
3.33375 1.68682 1.15802 2.56935 4.04543 3.57786 1.66228 0.196604 0.106444 0.45215 0.320206 0.125563 
4.96216 2.06437 0.351042 2.98369 5.58277 4.9572 2.09707 0.132251 0.237731 0.904911 0.509107 0.126465 
4.38849 2.02439 0.939629 3.33638 4.78247 3.50299 1.97721 1.15323 0.23415 -0.171191 0.295268 0.193519 
3.41474 2.11648 1.53686 2.48237 3.77962 3.57276 1.78991 0.100067 -0.262638 0.238168 0.427399 0.129139 
3.20973 2.22577 1.61219 2.0975 3.09529 2.94075 1.43709 0.0113807 -0.18414 0.370653 0.463849 0.0901221 
3.16501 2.26184 1.83211 2.20985 2.98531 2.5919 1.41176 0.250146 0.105431 0.454192 0.509011 0.0932367 
2.95828 2.25754 2.01685 2.33541 2.50998 1.97748 1.09854 0.663309 0.556115 0.577934 0.48371 0.0779722 
2.89173 1.96075 1.78842 1.85371 2.54458 2.24407 1.17413 0.333192 0.447148 0.866189 0.625315 0.0793425 
2.79473 2.37528 2.0488 1.8265 2.06402 1.91498 1.44529 1.07155 0.794766 0.557497 0.497502 0.0793118 
2.63649 2.31778 2.14869 1.81619 2.08922 1.68821 1.62642 1.12948 1.00107 0.525077 0.419416 0.0751723 
2.5014 1.88669 1.96189 1.6578 2.0409 1.76119 2.08489 0.531075 0.778652 0.370435 0.521788 0.0584594 
