1.82654 0.144056 1.54407 -0.632406 1.50384 0.195091 1.01172 -0.123655 -0.283361 -0.115903 -0.0532865 0.0262163 
1.55984 0.674205 1.52878 -0.510831 0.937048 -1.3364 0.299626 0.0733564 -0.303784 -0.608451 -0.0669495 -0.120255 
1.55391 0.519267 1.37201 -0.234257 0.466816 -0.660359 0.999932 -0.58535 -0.535559 -0.418101 -0.206299 -0.106884 
1.79055 0.540444 1.27591 0.164106 0.613484 0.278259 0.919764 -0.645321 -0.0240331 -0.411368 -0.00155732 -0.0792837 
1.65187 0.0407441 1.47985 -0.370392 0.943875 0.245859 1.03577 0.115749 0.0271933 0.0471556 0.0541947 -0.0567738 
1.66501 0.776899 1.03875 0.137376 0.646175 -0.178448 0.928627 0.0656696 0.127061 -0.162995 -0.0251595 0.0243771 
1.54516 0.0417069 1.55272 -0.411211 0.995223 -0.352928 0.934428 0.00996886 0.0699969 0.302827 -0.205237 -0.055483 
1.38314 0.51307 1.50647 0.0404153 0.751846 -0.510933 0.787595 0.0573465 0.392462 -0.0820603 0.0660391 -0.0428576 
1.63899 0.232737 0.991482 0.0099071 0.383838 0.00896258 0.377092 -0.0117134 0.518101 -0.319366 0.0296169 -0.0262595 
1.67873 0.0382798 1.58072 0.195816 0.230883 -0.786098 0.799715 0.0136018 0.160396 -0.0367742 0.0518113 0.0600218 
1.6796 0.206899 1.14376 -0.191178 1.14894 -0.312623 1.04153 -0.232398 0.646556 -0.0908594 0.121174 0.0170856 
1.66303 -0.179207 0.907235 -0.142312 0.245961 -0.562936 0.270358 -0.518399 0.0960179 -0.215781 0.211782 -0.0294456 
1.26559 -0.167088 1.2493 -0.158934 0.962685 0.22413 0.960023 -0.23917 0.124655 -0.247569 0.131477 -0.048454 
1.59382 0.249609 0.726937 -0.35428 0.186571 0.324012 0.281964 -0.187138 0.431212 0.25048 0.343108 0.0471753 
1.76432 0.142284 1.53238 0.203222 0.795236 -0.274028 0.615604 -0.122644 -0.0797524 0.112645 -0.0557348 -0.0100846 
1.6725 0.149373 1.33469 -0.123147 0.816266 0.188987 1.04625 -0.0676536 0.219204 -0.452625 -0.036648 -0.0556576 
1.69396 0.384303 1.31911 -0.2539 0.931019 -0.145287 0.540522 -0.181024 0.38755 0.0613711 0.069369 0.0337183 
1.41367 0.874991 1.01254 -0.798629 1.19549 0.0495086 0.0519487 -0.674627 0.302222 -0.123616 0.142214 -0.01731 
1.23738 0.787548 1.01004 0.0450181 1.31018 -0.797201 1.96122 -0.570462 0.23891 0.0184328 -0.05491 0.0712423 
1.11483 0.595342 1.39498 0.729851 -0.11232 0.791711 -0.230215 1.1155 -0.494891 -0.0118878 -0.0246869 -0.0223806 
1.52726 -0.126331 0.990935 0.75805 -0.395084 -0.492869 1.77691 -0.249765 -0.889995 0.0552741 0.284532 -0.0893619 
1.56685 -0.263848 1.74088 0.798854 -1.15821 -0.643936 1.23632 0.0103412 -1.01118 0.0904107 0.42514 -0.0914352 
1.66393 0.453649 1.29677 0.624342 -0.0766876 -0.613226 1.69773 -0.687748 -0.635218 -0.237443 0.339296 -0.0748335 
1.66872 0.510961 1.69652 -0.0264658 0.492186 0.421092 0.830151 -0.5349 0.050411 -0.033332 -0.256621 0.0438938 
1.60607 0.711997 0.995389 0.268823 0.769785 -0.376012 1.12773 -0.816661 0.280626 -0.12571 0.326048 -0.0127842 
1.78104 0.766925 1.18256 -0.338793 0.663873 -0.89364 0.423096 -0.871713 -0.757153 -0.747332 -0.160686 -0.0380071 
1.82933 0.60535 1.74325 -0.259394 0.189551 -0.85898 0.668568 -0.729407 -0.89652 -0.63371 -0.12174 -0.0676521 
1.99844 0.614892 1.44651 -0.490216 0.396447 -0.395868 0.294627 -0.776672 -0.862537 -0.572713 -0.287154 -0.0409296 
1.44152 0.733893 1.21633 -1.04629 0.669305 -0.130085 0.864212 -0.248291 0.198413 -0.100012 0.406454 0.0134555 
1.77786 0.804152 1.49919 0.14234 0.50675 -1.2748 -0.127938 -0.707943 -0.787452 -0.325745 -0.131304 -0.0745848 
2.50343 1.41647 2.2848 2.14512 3.4322 1.13946 0.602298 -0.0380489 1.62047 1.01425 0.179131 0.0216644 
4.59486 3.17206 3.67497 3.96804 1.58449 -0.255093 0.16055 0.650847 -0.113599 0.227127 0.314688 0.129808 
3.50913 2.86478 2.53583 2.42483 1.68305 1.0164 0.806885 0.67379 0.450679 0.438323 0.472306 0.0957309 
3.09223 2.60189 2.3125 1.94984 1.46255 0.969325 0.693471 0.646153 0.607792 0.508491 0.380248 0.0728079 
3.29814 2.89753 2.52316 2.02544 1.57845 1.17727 0.795695 0.408527 0.337201 0.470924 0.455391 0.0816082 
4.61732 3.40455 2.5232 2.25871 1.84988 1.24081 0.208777 -0.964343 -1.02307 -0.0521389 0.230881 0.0656838 
5.96028 3.17201 0.536776 1.14244 2.21615 -0.210264 0.630375 -1.62909 -0.718829 0.194181 0.502284 0.233924 
7.29683 2.57235 -0.322794 0.66457 1.00901 -0.595661 2.03776 -1.30203 -0.305098 -0.055907 0.52331 0.221712 
4.61007 3.86343 2.01797 -0.0474643 -0.210309 -0.340293 0.415696 0.48767 0.359102 0.619498 0.214438 0.0610011 
4.47474 4.04154 2.17128 0.226084 -0.16015 0.313652 0.894241 0.977724 0.940115 0.577171 0.268108 0.0428918 
3.36627 2.73397 1.8681 1.06695 0.795737 1.05284 1.38562 1.32307 0.874096 0.358346 0.0562383 0.00269537 
3.25522 2.41941 1.47531 0.82408 0.842312 1.34946 1.75182 1.6499 1.06093 0.345898 -0.058995 -0.0298008 
4.40342 2.90809 0.960282 0.128617 0.806568 1.82852 2.18495 1.85768 1.22269 0.481444 -0.0310961 -0.0502932 
5.01868 2.98693 0.692807 -0.0481128 0.811134 1.99009 2.31847 1.84254 1.18518 0.561442 -0.00893162 -0.0493297 
4.14832 3.32918 0.858152 -0.454234 1.11142 0.313612 3.17626 1.35487 1.29992 0.724613 -0.0637199 0.00543441 
4.22691 2.56942 0.577859 -0.283356 1.13469 1.7555 2.27805 1.55285 0.990781 0.623973 0.0667955 -0.00824518 
4.00208 2.93553 1.31638 0.14184 0.0897825 1.11906 2.02663 2.21128 1.64609 0.709867 0.122724 -0.0464735 
3.88367 3.01927 1.4524 0.0207165 -0.11218 0.835388 1.98168 2.18324 1.57485 0.706153 0.117791 -0.0525451 
3.5383 2.72148 1.53308 0.573267 0.357747 1.01566 1.87436 2.14897 1.62072 0.781725 0.0915846 -0.0270275 
3.91468 1.55454 0.591362 0.538551 0.762729 0.935933 3.3779 1.49614 0.322178 0.418096 0.290762 0.0198011 
3.84755 -3.35823 -1.23992 -0.067253 3.70044 1.5315 3.29052 -1.20306 -0.187328 0.0201943 -0.42163 0.131859 
4.01589 -1.03636 -1.62916 2.39531 5.20795 1.07025 4.11636 0.336536 0.0643531 -0.0561148 0.26915 0.277895 
5.33964 -0.314415 -3.07093 2.77378 6.54042 1.18614 4.32852 0.0795936 -0.0425099 -0.368252 0.285462 0.415054 
5.12839 -0.786969 -2.73931 2.46772 5.66699 1.08601 4.41208 0.25691 0.267806 -0.543076 0.194769 0.3404 
5.57923 0.713443 -1.99058 2.11583 5.19443 1.22094 4.77128 0.554552 0.159409 -0.457047 0.0513567 0.29389 
4.23935 0.887363 0.158212 2.66564 4.29011 2.96595 2.45782 1.06394 0.424016 0.1096 -0.0383982 0.116819 
4.33186 -0.0454067 -1.20598 2.47413 4.48044 2.29629 1.97857 1.95392 0.482665 -0.286728 -0.0433524 0.210465 
3.35812 0.898768 0.183068 2.25303 3.24467 2.2574 1.99077 2.00587 1.00914 -0.328423 -0.216883 0.107812 
3.6305 0.876429 0.167967 1.60996 3.56023 1.51576 2.50366 0.801855 0.882994 -0.204879 -0.15183 0.0992335 
3.60538 1.97205 1.24159 -1.63863 1.03617 0.191474 2.64453 -1.10315 -0.129806 0.85719 0.361668 0.268692 
4.43301 0.857932 -0.824339 -0.96893 3.2538 1.60649 2.41753 0.0441239 -0.17117 0.0197001 0.346539 0.251235 
4.64365 1.83601 -0.641511 1.04237 3.79576 1.95736 1.78818 0.109561 0.563159 0.408595 0.533148 0.165623 
5.02287 0.40516 -0.857312 1.24286 4.2166 2.81917 2.85832 0.277038 -0.423375 0.248611 0.249013 0.136117 
4.5413 0.872516 -1.29682 2.25421 4.10481 1.97411 3.33731 -0.164943 -0.102174 -0.0360696 0.312357 0.159907 
4.50001 1.82158 0.727806 1.15804 3.46116 -0.517277 1.92728 -0.902978 -0.0548134 -0.0623086 0.0408075 0.151155 
3.93448 2.10016 -0.0199459 1.11613 2.64685 -0.683269 1.2417 -0.399487 -0.379956 -0.534067 0.218748 0.143646 
4.01567 1.93654 1.08342 0.31672 1.39891 0.188567 0.356456 -0.434041 -0.819034 -0.00834681 0.362125 0.0857862 
5.29866 2.75773 -1.25897 0.777345 3.05949 -1.83257 1.50531 -0.791938 -0.327389 -0.56136 -0.0264409 0.32934 
5.36795 2.3157 -0.685216 -0.053352 2.38591 -1.31035 1.26517 -1.43381 -0.102052 -0.490303 0.0934395 0.211477 
5.63253 2.30108 -0.627499 1.10554 3.07911 -0.924075 1.47905 -1.25718 -0.170986 -0.858642 -0.102836 0.166772 
5.74684 2.63033 -0.96619 1.13838 3.06205 -1.10405 1.77205 -1.26172 0.334001 -0.862239 -0.074035 0.151 
5.24103 2.43035 -0.159591 1.34388 2.80773 0.498688 1.73464 -1.00944 0.265608 -0.81389 0.0112145 0.0614091 
5.30525 0.990244 -0.724715 2.15151 3.64551 0.0112614 2.48132 -0.78139 0.377789 -0.393731 0.219628 0.181425 
5.02189 0.893836 -1.23997 1.98842 3.63167 1.46803 2.24199 -0.535959 0.0637101 -0.134955 0.271057 0.0937116 
4.83838 0.825025 -0.25272 2.08907 3.32627 2.61918 2.00715 -0.0635464 -0.446002 0.39824 0.234293 0.0260775 
6.1599 -2.27426 0.692657 4.0387 2.55834 3.21641 1.73355 -0.0444222 0.0541813 0.501861 0.173483 0.0486018 
3.73832 0.557527 0.267414 2.77477 3.82592 3.2688 1.66774 -0.153205 -0.206831 0.562613 0.326527 0.0867238 
3.64961 0.587165 0.0872931 2.7057 3.80837 2.76545 1.6955 0.350114 -0.106592 0.297379 0.273624 0.113539 
3.8986 0.542668 -0.561834 2.50529 4.11957 2.66446 1.80327 0.536134 0.0274104 0.169745 0.26984 0.140655 
3.395 0.954571 0.0629304 2.13899 3.61928 2.85491 1.80295 0.565372 0.0299395 -0.003778 0.264637 0.142761 
3.21712 1.0288 0.493281 2.20474 3.80191 2.73059 1.73174 0.69053 0.0459825 0.0588138 0.291092 0.144997 
4.3572 0.656324 0.181444 3.51046 5.41294 2.12201 1.36983 1.11308 0.347938 0.346828 0.244964 0.17966 
4.03609 -0.227009 -1.35949 1.56659 4.388 4.0505 2.44252 0.794005 -0.121748 0.410267 0.459318 0.178907 
3.57914 0.734049 -0.137133 1.70469 3.57919 4.03344 2.82264 0.948449 0.00587555 0.337806 0.253908 0.194847 
3.27984 1.70441 0.932813 1.55534 2.53023 3.03886 2.59708 1.17408 0.086218 -0.00931036 0.333553 0.158586 
