1.40188 0.326941 1.96745 -0.375955 0.973622 0.12903 1.07412 -0.123728 -0.0290507 -0.00283639 0.167684 -0.0184377 
1.55863 0.0413487 1.07743 -0.194485 1.11401 0.252749 2.03568 0.137724 0.436547 -0.442843 -0.0450586 0.0153068 
1.44055 0.503686 1.57823 -0.0732528 1.10552 -0.636564 1.31858 -0.037708 0.063563 0.144954 -0.100681 -0.0278516 
1.75285 0.705933 1.52126 0.350708 1.08824 0.065122 0.699117 0.185462 0.537169 -0.0446703 0.204765 -0.0271902 
1.64177 0.483004 1.18848 0.198375 1.0801 0.805601 1.23058 -0.345132 0.42638 -0.160326 -0.0254662 0.015834 
1.39655 0.370599 1.58017 -0.174621 1.08124 0.0831814 1.00635 -0.21387 0.134966 -0.034679 0.0617335 -0.000816875 
1.69819 0.968689 1.66006 -0.190596 1.13016 0.0705459 0.684144 -0.166838 0.00141279 -0.41541 -0.0787928 -0.0148041 
1.81807 0.0510003 1.67751 0.0260614 1.61698 -0.0257686 0.452117 -0.170162 0.432446 -0.37728 -0.340716 0.021051 
1.46176 0.428277 1.65437 -0.024102 0.174088 -0.216447 0.957328 0.044554 -0.0065364 -0.0278329 0.0160266 -0.0349733 
1.80086 0.463345 1.72325 -0.086053 1.31573 -0.342661 0.731993 -0.298822 -0.0208863 0.0859336 -0.084831 0.0180601 
1.62207 0.234345 1.26511 -0.0382107 1.07226 -0.850271 0.526791 -0.114058 -0.0923294 -0.621939 0.128188 -0.0345936 
1.45528 0.430774 1.05764 0.208091 0.702528 0.161472 0.720914 -0.372587 0.400693 -0.165834 -0.038753 0.0345127 
1.39107 0.0875663 1.28132 -0.728185 0.424796 -0.093303 0.995446 -0.00213735 -0.147897 -0.0948531 -0.0745535 0.0316768 
1.43699 -0.114067 0.919765 -0.384649 0.832965 -0.196313 1.09419 -0.586824 0.296328 -0.283563 0.0854315 0.114235 
1.37747 0.502009 1.54271 0.079627 0.712923 0.0719542 1.03303 0.137934 0.0404029 -0.11772 0.21676 -0.125899 
1.62429 0.329443 1.55293 0.163251 0.947721 -0.320315 0.384935 -0.0284615 0.0577374 -0.360241 0.00989013 -0.0246708 
1.57929 0.382801 1.53514 -0.107739 0.774462 -0.115772 0.897553 -0.209887 0.363583 0.0719417 -0.212486 -0.00964038 
1.61085 0.798626 1.32799 -0.0866604 1.07936 -0.348238 0.835559 -0.214211 0.0539539 -0.12956 0.21919 0.0514319 
1.27797 0.441037 1.22528 0.153196 -0.00255858 -0.223847 0.838997 0.158432 0.98813 -0.467817 0.314793 0.0264618 
1.58896 0.423643 1.60796 0.138337 1.36802 -0.216736 0.726091 0.0161596 -0.315966 -0.0576103 0.131881 0.0119382 
1.38356 0.563784 1.74605 -0.270931 0.998585 0.242065 0.837704 0.139491 0.392683 -0.400794 0.201227 0.0188446 
1.38059 0.290779 0.557308 0.0449895 1.12827 0.382833 0.743896 -0.133978 0.395693 -0.0148826 0.11986 0.0118537 
1.6119 0.217636 1.25051 0.367079 1.561 0.323133 0.938523 0.0881866 0.724196 -0.0881781 -0.0825296 0.00105136 
1.49475 0.639821 1.35399 -0.347036 1.11053 -0.0446373 0.769325 -0.520258 0.357903 -0.100122 0.00424618 0.0195411 
1.61295 0.68691 1.59438 -0.053178 0.226936 -0.00969645 0.555543 -0.555516 0.131411 -0.233326 0.0474228 -0.0297267 
1.4747 0.223945 0.557318 -0.649872 0.960331 -0.272226 0.744922 -0.367729 0.453393 0.0278609 -0.257549 0.0977989 
1.59957 0.428062 0.980849 -0.449722 0.00597537 -0.784994 1.31485 -0.107704 -0.183047 -0.114344 -0.0497351 0.0645936 
1.45521 0.342605 1.22195 -0.648838 0.785371 -0.49592 0.879844 -0.0281497 0.124652 0.0334994 -0.0533643 0.0381527 
1.49554 -0.190979 1.82725 0.0463672 1.33927 0.649718 0.747244 -0.0101473 -0.00875595 -0.0479753 0.0868937 0.00230777 
1.39689 0.55707 0.900488 0.428067 0.960775 -0.309477 1.22493 -0.64346 0.0940166 0.162046 0.0727589 0.0314863 
-0.184635 -0.0550174 3.88515 -1.89763 1.93997 -1.71073 1.94886 -0.11004 -1.73013 1.13734 -0.323596 -0.173473 
-1.19578 -0.546193 5.45306 -2.35577 2.74805 -2.8471 2.29713 1.18469 -2.1038 1.82623 -0.267908 -0.165801 
0.0365149 -0.106225 3.92189 -2.73647 2.81563 -1.19435 2.23451 0.709876 -1.88146 1.21735 -0.0334252 -0.136018 
1.10628 0.216512 1.77377 -0.832425 1.39873 -0.775245 0.56559 0.0511387 -0.198047 0.0726236 0.234866 -0.0131744 
1.4192 0.720388 1.8068 0.140257 0.929128 -0.458816 0.976584 -0.110862 -0.0811495 -0.438564 0.278083 0.0658202 
1.71975 0.282309 1.03411 -0.623762 0.912585 0.35069 0.835296 -0.0195126 0.102678 -0.0797223 -0.00521116 -0.0199948 
1.52777 0.630483 1.34395 0.0640271 0.742051 0.436021 0.779525 -0.105638 0.837865 -0.44796 0.101169 -0.0360407 
1.71712 0.922596 1.25338 -0.12047 0.552324 0.132223 0.883869 -0.323498 0.71597 -0.0320125 0.207992 0.00238789 
1.77855 0.355161 1.45323 0.262306 0.0304246 0.149265 1.66579 0.34274 0.176857 0.101935 0.247459 0.0711035 
1.97348 0.808621 1.79569 1.25696 1.38542 0.337286 1.63985 0.377634 0.841854 -0.0892395 0.383544 0.0596817 
2.59107 1.76945 1.62876 1.45785 1.89988 0.860139 0.671302 0.727226 0.835713 0.266645 0.428837 0.0464869 
2.69663 2.23917 2.06407 1.78045 1.51557 1.34359 1.1146 0.865324 0.629239 0.412804 0.2442 0.0355041 
3.17409 2.38023 2.6049 2.72615 1.43975 0.600814 0.996573 0.808404 0.180256 0.316367 0.484665 0.0714457 
3.04815 2.56939 2.39443 2.06707 1.48725 1.12654 0.984005 0.716294 0.467223 0.477792 0.410059 0.0639739 
3.00122 2.62226 2.32808 1.85646 1.36881 0.980862 0.740038 0.406434 0.416605 0.455097 0.369851 0.0595337 
3.66616 3.19159 2.68552 2.12949 1.5544 0.716209 0.295685 -0.423811 -0.279741 0.199135 0.224195 0.0477713 
4.22522 3.56668 2.8098 1.9627 1.13296 0.133901 -0.199938 -0.746706 -0.288064 0.24516 0.340717 0.11397 
4.2874 4.02352 1.80291 0.85797 2.01802 -0.416616 0.491714 -1.06118 -0.494156 0.757557 0.257615 0.192559 
6.62466 3.76433 0.897546 0.420254 1.32621 0.193117 1.26676 -0.466645 -0.269757 0.418622 0.341919 0.146254 
5.71321 3.48284 2.21755 1.41506 0.406716 0.473222 1.11815 0.579723 0.53697 0.768037 0.193265 0.00569191 
4.32001 3.45608 2.24252 1.18404 0.790189 1.09864 1.5226 1.44168 0.996355 0.534574 0.133819 0.0164486 
3.60861 3.04717 2.30296 1.68496 1.35755 1.25992 1.21817 1.06433 0.75988 0.35935 0.123241 0.033351 
3.90083 2.94361 1.81029 1.0937 1.0126 1.46703 1.92727 1.71815 0.877315 0.1857 0.0375708 -0.00619429 
4.57577 3.18353 1.13899 0.160224 0.687604 1.75074 2.39889 2.12033 1.10809 0.195134 -0.0605812 -0.0536128 
3.8285 2.74702 1.3137 0.615863 1.0508 1.84682 2.16009 1.76194 0.915359 0.230405 -0.0130834 -0.0146312 
4.012 3.49189 1.51896 0.115881 0.431772 1.09428 2.31003 1.6468 1.25043 0.364484 -0.036879 -0.0530462 
5.45431 3.62753 1.45525 -0.636903 0.932446 1.44852 3.04504 1.96251 1.1908 0.623371 -0.130233 -0.071216 
4.33979 2.76869 0.974762 -0.0175066 0.493907 1.70241 2.42129 2.30172 1.23668 0.281742 -0.070954 -0.0667118 
3.59479 2.8583 1.73534 0.849415 0.782093 1.56056 2.25217 2.1913 1.40679 0.371469 -0.135029 -0.0451996 
3.47147 2.44833 1.82604 1.24765 0.55589 0.648459 2.00181 1.29046 1.27416 0.685536 0.0719009 0.00235332 
4.14816 -2.40571 -2.11888 0.787192 4.12622 0.366172 3.68655 -0.0554264 -0.163681 0.0756253 -0.082306 0.0911121 
4.41806 0.193164 -1.47018 3.02925 5.68873 1.2176 3.79063 -0.174786 -0.118422 0.145703 0.23305 0.258195 
5.07357 -0.135472 -2.24287 2.44064 5.71198 1.81894 3.76143 0.318658 -0.275491 -0.123758 0.282416 0.314913 
6.02928 1.3052 -3.24593 2.73096 6.33297 1.40466 4.0501 0.642418 0.61785 -0.658104 -0.146236 0.354167 
5.34644 1.45123 -0.233126 3.00135 5.02629 2.43948 2.19555 1.34239 0.588034 0.023202 0.00994399 0.154552 
3.7115 1.38159 0.204958 2.04454 3.91809 3.07704 1.7205 1.22875 0.601487 -0.0665047 -0.00206583 0.0971434 
3.28361 1.05871 0.358516 2.19391 3.45372 2.69781 1.68977 1.27374 0.607144 -0.0796694 0.137031 0.125319 
3.7297 2.21008 0.769085 0.943241 2.74251 3.32861 2.3815 1.15224 0.407677 0.106681 0.142665 0.115577 
3.22799 1.72745 0.607416 1.26569 2.73053 2.8298 2.54107 0.613004 0.0477096 0.292765 0.244914 0.14002 
3.58829 1.67552 0.983163 -1.25718 1.37643 0.752906 2.18259 -1.10527 -0.35139 0.90528 0.178903 0.144962 
4.46269 2.41556 0.638384 1.29794 3.56405 3.66896 2.65256 0.296443 -0.356218 0.127868 0.140668 0.12995 
5.00642 1.94343 -0.547702 2.44129 5.29695 3.05843 3.0199 -0.31272 -0.0604068 0.215494 0.319823 0.169381 
5.40862 1.04364 -0.728704 3.14196 6.11713 2.12044 3.89226 -0.499854 -0.135404 0.202297 0.348093 0.232072 
4.47197 1.64132 -0.352137 2.95843 5.19932 1.89262 3.59502 -0.633964 -0.162771 -0.00159501 0.333752 0.220906 
4.19809 1.76395 1.76668 2.49948 4.63047 0.16121 2.7148 -0.811671 -0.619051 -0.633193 -0.046352 0.169008 
5.27505 1.68579 1.20397 2.92468 4.61782 -0.786202 2.3213 -0.771364 -0.390146 -1.01925 -0.239064 0.226371 
5.11623 2.3564 1.52068 1.94139 3.24064 0.0858368 1.91368 -0.881495 -0.763793 -0.761474 -0.00366977 0.135087 
3.8897 2.75432 1.5559 1.27786 3.135 1.35461 2.00226 -0.892943 -0.794496 -0.42681 0.143024 0.0914182 
3.74601 2.55399 1.50375 1.72067 2.53808 1.79357 1.31877 -0.0276256 -0.493342 -0.413745 0.139367 0.0389661 
3.96062 3.12413 1.72448 1.68967 2.64146 1.93189 1.61799 -0.11302 -0.47711 -0.570885 0.116823 0.0340832 
4.15734 3.03594 1.82572 1.94572 3.60689 0.576132 1.91544 -0.591033 0.215704 -0.671687 0.0113309 0.0427199 
3.81481 2.89167 1.22788 1.99266 2.77019 1.55991 2.11532 -0.0440475 0.0620221 -0.508852 0.0868306 0.0322287 
4.059 2.68705 1.60941 1.78397 3.50817 2.31615 2.52093 -1.07627 -0.351059 -0.0884907 0.112649 0.081851 
5.02984 2.15935 1.9559 2.82767 3.75263 1.43628 4.18439 -0.902185 -0.4033 0.0525703 0.224151 0.123646 
4.23353 2.60745 1.30975 2.33945 4.09147 3.22844 2.18054 0.116689 -0.123987 0.214747 0.136667 0.0758567 
