1.85477 -1.13073 0.932816 -0.0593569 1.81682 0.340192 0.718272 -0.0552385 0.0799833 0.150561 0.33934 0.00893277 
2.25534 -0.607344 1.10482 0.223832 1.50095 -0.362496 0.726461 -0.710689 0.241092 0.0451472 0.429082 0.0205508 
2.04271 -0.660466 1.32012 0.0104968 1.15249 -0.935441 -0.0208423 -0.839435 0.0991953 0.46297 0.286191 0.0240954 
2.11308 -0.682457 1.44112 0.125569 1.31801 -0.530848 0.18361 -0.738815 0.0308842 -0.177073 0.224197 0.0324371 
1.88131 -0.576238 0.710359 0.460486 1.22699 -0.101421 0.588767 -0.609141 0.272172 0.340288 0.343442 -0.0814818 
0.811868 0.109255 -0.0282646 1.28157 0.0825579 0.568403 0.621757 -0.531619 0.114117 0.327914 0.296937 -0.138556 
2.66686 -2.32661 0.375589 1.87121 1.01798 -1.22925 3.83714 0.174856 -0.847189 -0.577542 -0.18818 0.0521466 
-0.0502007 -0.197394 -0.197334 2.41086 2.69155 -1.71084 4.6926 2.25872 -0.485268 -0.315646 -0.370303 0.0857634 
-0.315092 1.40355 -0.465962 1.63946 3.49391 -1.78288 4.49981 1.65665 -0.303534 -0.374141 -0.000737852 0.141884 
-0.624632 2.29893 -1.22561 1.29671 1.90336 -2.54369 3.61728 1.90355 0.0756438 -1.06062 -0.624382 -0.0563559 
1.12613 1.23265 -1.07988 -0.935174 2.51441 0.173282 2.5542 0.228686 -0.223621 -0.4436 -0.106659 -0.314981 
2.58068 -0.879096 0.011946 -1.32018 1.32786 0.798385 0.663603 0.174367 0.525542 -0.674983 -0.240397 -0.0673653 
2.19897 -0.449731 1.08764 -0.809743 1.39089 -1.17141 -1.02412 -0.237703 -0.437186 0.337014 0.459518 -0.00346817 
2.10072 -0.36466 0.691272 -0.686193 2.62091 -0.563885 -0.223586 -0.293273 0.00393444 0.48649 0.269118 0.0298769 
2.29223 -0.925517 0.884073 -0.660563 2.45575 0.928946 -0.385055 -0.930535 0.476388 0.0643227 0.128254 0.00803676 
2.54537 -0.546466 1.53684 0.262413 1.29699 0.455086 0.191038 -0.392995 0.29758 -0.0265684 0.5091 -0.0249114 
2.44582 -0.968331 1.40304 -0.310647 1.15749 0.125991 0.484047 -0.725125 0.32692 0.120129 0.406565 0.00410028 
2.3359 -0.881871 0.330157 -0.57194 1.0486 -0.60286 -0.171885 -0.503236 0.596215 0.0652577 0.554731 0.124464 
2.25208 -1.26398 0.656378 -0.800536 0.618002 0.208094 -0.523949 -0.76661 -0.0947623 0.685264 0.38659 0.0816273 
2.51508 -0.459431 0.645855 -0.236459 1.32465 -0.167681 -0.0674042 -0.601716 0.202009 -0.139048 0.302667 0.022152 
2.4121 -0.405982 0.802354 0.0364926 1.33604 0.147289 0.758063 -0.181273 -0.23065 0.234294 0.416524 0.0479586 
2.00049 -0.844321 0.887244 0.102048 0.588093 -0.0903223 0.671492 -0.369347 0.0845284 0.304748 0.460777 0.000168271 
2.15449 -1.38827 1.08899 -0.414184 1.36062 -0.177315 0.593035 -1.0753 -0.110495 0.33057 0.225891 0.00407131 
2.13003 -1.15061 1.06376 0.390783 1.35653 -0.162776 0.293559 -0.622156 0.13359 0.0353092 0.130934 -0.0215106 
2.04606 -0.337727 0.79199 -0.0197138 0.697302 -0.0379986 -0.208432 -0.762234 0.194976 0.228362 0.524119 -0.0125527 
2.09755 -0.805552 1.31303 -0.0659915 1.27587 -0.32481 0.259818 -0.908524 0.268175 0.467012 0.363348 0.0405096 
2.02265 -1.25477 0.866615 -0.362956 1.36065 -0.276451 -0.15643 -0.746126 0.347148 0.447247 0.409875 0.0577344 
2.02256 -0.630571 1.33151 -0.839912 1.47536 0.179031 0.21174 -0.936102 0.385609 0.32344 0.418458 0.0302544 
2.05665 -0.719943 0.811244 -0.0131657 1.36727 0.425789 0.525826 -0.883765 0.621927 0.297088 0.31036 0.032564 
2.11285 -0.69543 0.507808 0.292753 1.20612 -0.182082 0.799553 -1.18977 -0.0879429 0.236684 0.404607 0.0118161 
1.84063 -1.13892 0.381144 0.366891 1.14019 0.0139556 0.439981 -0.680452 0.153166 0.297684 0.265102 0.058052 
2.14909 -0.54991 0.971147 -0.0621265 1.44589 0.163693 0.805366 -0.164331 0.0186761 0.461382 0.440556 0.00854453 
2.28542 -0.540899 1.16636 0.52286 1.63726 -0.111411 0.837335 -0.794895 0.545162 0.618602 0.561682 0.0583009 
1.97168 -0.647144 1.10047 0.121458 1.4893 -0.0175594 0.16066 -0.804034 0.100024 0.114038 0.474079 -0.0214647 
2.12235 -0.741175 1.57816 0.55294 1.86721 0.477102 0.905967 -0.968338 0.4884 0.400532 0.255958 0.0123034 
1.97915 -0.794091 0.830665 0.575254 2.3884 0.346229 0.619336 -1.06032 0.305447 0.122262 0.284088 0.0391951 
2.15532 -1.50279 1.64239 0.551521 2.18537 -0.616852 0.0447748 -0.0712034 -0.882267 -0.105209 0.441111 0.0970725 
2.18182 -1.36998 1.36858 0.0586858 1.51266 -1.11993 -0.0252302 -0.868973 -0.503609 0.283086 0.594237 0.0745351 
2.76205 0.153911 1.39554 -0.199729 0.00920708 -2.91235 -1.61107 -2.18331 -0.796556 -0.611512 0.434187 0.0644336 
3.18193 4.47127 0.775244 -1.48198 0.25176 -2.13395 1.49149 0.0784962 -0.144614 -0.0598055 0.00872382 0.0596723 
3.82816 3.74423 2.62542 2.78923 3.38887 -0.412909 1.86615 0.603391 0.167585 -0.528498 0.151851 0.0526639 
3.94207 4.31756 1.99756 2.78164 3.65396 0.0936997 2.45431 0.692041 -0.653596 -0.425981 0.0828815 0.0990376 
3.86042 4.09701 3.01787 2.90579 4.20357 0.470365 2.67539 1.10825 -0.153212 -0.120024 0.125353 0.0777967 
3.48665 4.1085 3.06057 2.5089 3.57054 -0.0550873 2.1287 0.325573 -0.493269 0.100182 -0.0566287 0.0316664 
3.88407 4.22342 3.49781 3.0928 3.60408 0.704324 1.2358 -0.553135 -0.619877 -0.0331621 -0.0547665 -0.0469981 
3.9784 4.1999 3.80113 3.41786 3.5632 1.18379 1.65525 0.226387 -0.413414 0.0996899 0.076362 -0.0175644 
3.92244 4.42545 3.34865 2.71529 4.51336 0.198051 2.46254 0.103185 -0.264209 0.346362 -0.108007 0.0832773 
3.65751 3.63871 3.39279 2.36422 3.28429 1.11049 1.78761 0.692225 0.125876 0.649218 -0.0498956 0.0360618 
3.80325 3.81166 3.15778 2.59585 3.2869 1.36853 1.76599 0.469234 -0.0383549 0.461389 0.0453059 0.0309719 
4.34336 4.63567 3.24807 3.39567 6.04331 0.136478 2.62934 0.448851 -0.922553 0.340765 -0.219522 0.126322 
3.81969 3.89952 3.72966 2.57423 4.83089 1.16278 2.29393 -0.132062 -0.475663 0.792615 -0.030348 0.0667859 
3.96089 3.89299 3.99492 2.0403 3.77733 0.930061 1.82047 0.574281 -0.148872 0.774109 -0.087382 0.0419015 
3.05064 2.82654 2.52748 2.08803 2.31807 1.46042 1.55202 0.858806 0.412164 0.427391 0.0429848 0.0364856 
3.00361 2.70218 2.54801 2.07565 2.21875 1.45215 1.34387 0.890885 0.414159 0.410573 0.0599537 0.0303719 
3.16181 3.20792 2.89344 2.58045 2.88242 1.67649 1.91501 0.932852 0.458802 0.538435 0.00733011 0.0527434 
3.52995 3.67815 3.55879 2.63417 3.69776 1.77167 2.03545 0.933613 0.15314 0.756727 0.0397384 0.0572026 
4.10321 4.68487 4.29479 3.09612 4.76411 1.48022 2.35156 0.180541 -0.264196 0.898152 -0.0867852 0.0691049 
3.08185 2.79534 2.61784 2.35382 2.15767 1.64041 1.35557 0.937439 0.564918 0.345115 0.117926 0.0401792 
2.97342 2.5495 2.34538 2.09083 1.77716 1.434 1.04045 0.715178 0.429091 0.225504 0.0995255 0.0222508 
2.88068 2.44269 2.21908 1.99429 1.73629 1.42406 1.11737 0.791335 0.515378 0.301284 0.140002 0.0302254 
3.02677 2.67519 2.49093 2.28965 2.0035 1.63304 1.26399 0.87258 0.555833 0.295321 0.116444 0.0377202 
3.1106 2.79379 2.70308 2.46966 2.25386 1.87424 1.4447 1.04183 0.616342 0.323605 0.125145 0.0480827 
3.26987 3.09075 3.00127 2.8102 2.53672 2.01733 1.63417 1.06051 0.629728 0.321321 0.114376 0.0489278 
3.3993 3.23876 3.22706 2.99919 2.77667 2.20889 1.76526 1.18625 0.658894 0.426395 0.127988 0.0597059 
3.69629 3.60718 3.70429 3.59533 3.14071 2.48331 1.70145 1.14249 0.756232 0.390952 0.221278 0.0578084 
3.5372 3.39941 3.58148 3.42842 3.05711 2.5385 1.8661 1.41692 0.920787 0.462634 0.189507 0.0793367 
3.48135 3.35518 3.37893 3.29581 2.97874 2.38138 1.81084 1.31295 0.824941 0.413671 0.225621 0.076867 
3.32326 3.10009 3.06314 3.02834 2.73248 2.27594 1.82738 1.22003 0.767696 0.450904 0.156923 0.0725139 
3.80366 3.4716 3.69802 3.93122 3.24956 2.2753 1.79434 1.20195 0.726657 0.270628 0.284059 0.0600082 
3.89746 3.39797 3.55478 3.75305 3.84378 2.83056 2.19001 0.602402 0.417121 0.685032 0.33525 0.0711358 
3.11895 2.62756 2.44148 2.51273 2.72349 2.10596 1.54905 0.871135 0.763625 0.687581 0.436313 0.110792 
2.87562 2.32092 2.05135 2.04412 2.18548 2.12597 1.59166 0.984248 0.757338 0.806448 0.57348 0.111372 
2.93282 1.85038 1.51653 2.18769 3.07172 2.4571 1.37241 -0.0968927 0.244035 1.12727 0.932322 0.104799 
2.84192 1.6318 1.44723 1.77092 2.20366 2.09533 0.932606 0.117189 0.309755 0.66968 0.668531 0.0470002 
2.73953 0.536211 1.67582 1.00747 2.30062 2.19417 1.40134 -0.206269 0.174957 0.785228 0.701926 0.0286726 
2.23476 -0.415267 1.56794 1.10969 2.61523 1.54953 0.896837 -0.512067 0.422416 0.450752 0.383034 0.0413758 
2.19587 -0.288498 1.05612 0.509083 1.53559 0.357715 0.426342 -0.791069 0.450266 0.353611 0.751738 0.0829306 
2.11339 -0.439819 0.9927 0.503371 1.94578 0.68389 0.415641 -0.625324 0.371555 0.40493 0.575291 0.0518824 
2.06543 -0.801876 0.806513 0.756679 1.43769 0.267344 0.410522 -0.580158 -0.251506 0.260865 0.399875 0.049254 
2.00851 -0.689146 0.896189 1.31115 1.77263 0.669933 1.03527 -0.571639 0.210182 0.27735 0.5111 0.0463647 
1.90258 -0.925265 0.874222 0.759062 1.76898 0.260179 0.675213 -1.01394 0.74358 0.359709 0.478602 0.101634 
1.89117 -0.590676 0.778819 0.42722 1.04229 0.226944 0.633414 -0.423737 0.506665 0.484901 0.553664 0.0367597 
1.80708 -1.1492 0.609109 0.0663888 1.29137 0.29236 0.280731 -0.342083 0.281999 0.222455 0.180482 0.00905791 
1.58135 -1.05035 0.565635 0.200475 1.36136 0.34463 0.481416 -0.673055 0.0632149 0.187888 0.300472 0.0160081 
1.60901 -0.874751 0.256003 0.259209 0.96946 0.630025 0.296787 -0.82398 0.0134473 0.419925 0.292024 0.0869165 
