0.872526 -2.40536 1.61078 -0.780435 -2.87386 0.0358943 1.64626 3.38065 -0.883599 0.0235135 0.153431 -0.20125 
1.467 -2.67887 0.880246 -0.236267 -2.8843 -0.985482 3.68669 1.58943 -0.499991 0.282073 0.0647304 -0.156331 
1.6383 -2.15864 0.979859 0.414713 -0.108907 0.122566 2.93436 -0.320574 0.0611566 0.48814 -0.0281398 -0.22565 
-1.79579 -0.723364 2.30958 -0.739523 -0.300433 -0.111011 1.91584 -0.188344 -0.486564 -0.0671831 0.537399 -0.0712565 
-4.27107 1.11186 2.80869 -0.985684 -0.798268 0.0554187 2.17585 0.133104 0.058886 -0.322557 0.568224 -0.186754 
-0.762471 0.498069 -0.405568 -1.30787 -0.459208 -1.6168 3.5478 0.359263 0.652964 0.167674 0.273569 -0.113031 
1.24942 -0.898941 1.06787 -0.617298 -0.618935 -0.210587 0.859924 -0.219562 1.57975 0.104335 0.557478 -0.123918 
2.04271 -1.61222 0.685663 -0.0238358 1.38771 -0.0625566 0.943783 -0.451995 0.209476 0.337533 0.254347 0.0234597 
0.944267 0.141603 -1.33798 1.79005 0.1144 0.862702 -0.0983067 -0.651942 0.186707 -0.53398 0.493052 -0.125921 
1.80072 -1.14219 -0.229346 0.668791 0.743246 0.514491 -0.0595739 -0.378184 0.307852 0.0240679 0.384433 0.0269571 
2.15173 -0.938691 1.15471 0.219709 1.61727 0.533439 0.495722 -0.213224 -0.197855 0.1969 0.292435 -0.0502826 
1.58761 -0.28405 -0.194144 0.984618 0.79284 0.0593567 0.452167 -0.457196 0.392997 -0.00146921 0.244438 -0.02988 
1.6327 -1.08943 0.187041 0.240043 -0.114161 0.224024 0.375524 -0.709509 0.761167 0.152111 0.150444 -0.0397296 
1.96657 -1.25682 1.41549 -0.0915036 2.2949 -0.260565 0.524363 -0.733777 0.478493 0.276176 -0.0734959 0.0810961 
2.36065 -1.44914 1.39879 -0.271783 1.12782 0.577584 0.380278 -0.835793 -0.198507 0.0554437 0.15074 -0.00132615 
2.41239 -0.743026 1.57063 0.185106 1.43699 0.0569999 0.945682 -0.852212 0.429246 0.614626 0.243533 0.0998311 
2.07929 -0.861045 1.57551 0.100519 1.46806 -0.214847 0.114846 0.0317674 0.190369 0.451974 0.423212 -0.0306751 
2.14722 -1.04754 1.14432 -0.529832 1.67187 -0.415105 0.394856 -0.441444 -0.177079 0.0949679 0.0505656 -0.0506403 
2.00417 -1.0492 1.28644 -0.129634 1.61489 0.308435 0.373042 -0.297987 0.0941614 0.21777 0.111152 -0.0255437 
1.84992 -0.789803 1.46503 0.143697 1.74976 -0.100355 0.560707 -0.0773782 0.500987 0.229398 0.0346647 0.0401412 
2.0091 -1.22492 1.34892 0.382277 1.20279 -0.688187 0.187224 -0.632049 0.107029 0.295238 0.221059 -0.0622515 
1.69523 -1.28757 0.777743 0.100839 1.47477 0.11172 0.4899 -0.141979 0.00745068 0.0494496 0.461764 -0.0615495 
1.59598 -0.880682 1.24088 0.476931 1.14689 0.314591 1.26491 -1.19334 0.126255 0.230009 0.249305 -0.0202048 
1.95409 -0.948457 1.31572 -0.486484 0.924626 -0.0819581 0.380912 -0.62213 0.377405 0.458479 0.316766 -0.010338 
1.77993 -0.853928 1.76191 0.333229 1.10579 0.11838 0.897019 -0.346348 0.280155 0.215676 0.425828 0.0181412 
1.84666 -0.937791 0.718543 -0.102937 1.2748 -0.320293 0.105441 0.149729 0.137798 0.0263213 0.494959 0.0448027 
1.82203 -0.827292 1.35165 0.150004 1.84525 -0.0236294 0.905623 -0.245658 0.052768 0.418075 0.241092 0.0360771 
2.21437 -0.837518 1.49528 0.0130742 1.29518 -0.357783 0.184971 -0.61419 0.00982641 0.426705 0.323658 -0.0475679 
1.97176 -0.944187 0.873053 -0.395561 1.08888 -0.0884336 1.01701 -0.456323 0.0220159 -0.110518 0.325343 0.0111573 
1.8443 -0.86835 1.10633 -0.220289 1.85356 0.439958 0.228939 -0.737096 0.112451 0.333206 0.301749 0.0632203 
1.79662 -0.982732 1.01397 0.361877 1.21018 -0.355209 0.513246 -0.526932 -0.0742245 0.25901 0.262346 0.0753724 
2.16285 -1.13122 1.5169 0.215012 1.69927 0.679456 0.0861944 -0.388518 0.258601 0.382718 0.0248759 -0.0475296 
2.67085 2.26379 1.44194 1.09218 0.784258 -1.15569 0.0299202 0.362308 0.425151 -0.60072 -0.225054 0.039524 
3.44398 3.64153 1.77099 2.14965 1.96127 -0.443536 1.43856 0.627572 0.806458 -0.386079 0.158779 -2.35479e-005 
3.72156 3.51368 3.02833 3.71756 3.97944 -1.91595 1.42002 0.556497 0.695276 -0.846295 -0.0439761 0.114778 
3.49745 2.55515 3.93992 3.13537 3.00476 -0.516159 0.95458 1.09691 0.613147 -0.291226 0.0100612 0.0757003 
3.32054 2.84302 1.67233 3.6867 3.51548 -0.018171 1.1069 1.44129 0.428875 -0.318033 -0.0197331 0.0688487 
3.89452 3.5077 2.4034 4.24772 5.45416 -0.653676 0.91213 1.17816 0.385893 -0.247648 -0.138355 0.0798526 
3.29792 2.79082 2.92041 2.88278 4.2263 0.667615 1.50853 1.62014 0.596626 0.383639 -0.161119 0.0553638 
2.91133 2.779 2.41849 2.36349 2.33154 0.98178 1.51768 0.903972 0.53296 0.404414 -0.0666503 0.0355592 
3.13926 2.7001 2.54927 2.31799 2.07696 1.60869 1.06098 0.765299 0.412212 0.251578 0.100178 0.0255385 
3.36459 3.23038 3.12068 2.70509 2.68954 1.78145 1.45673 0.889162 0.400312 0.347572 0.0437045 0.026038 
3.12915 2.8015 2.72937 2.31844 2.13023 1.53314 1.11549 0.784519 0.327629 0.215369 0.024038 0.010952 
3.22587 3.05223 2.72303 2.55151 2.4546 1.66084 1.44115 0.705768 0.381328 0.304031 0.0304258 0.0199674 
3.73328 3.89686 3.34078 2.10772 4.2201 1.20148 2.11823 0.791203 -0.510576 0.803295 -0.10681 0.0538588 
3.39527 3.40415 3.14613 2.63224 4.20565 1.21422 1.91408 1.19241 0.208866 0.929771 -0.218561 0.0585158 
3.38831 3.05644 3.47049 2.56849 3.84107 1.47243 1.57626 1.26289 0.316093 0.840404 -0.157429 0.0314668 
2.97642 2.67494 2.54727 2.16814 2.16151 1.40949 1.20825 0.79855 0.345293 0.308819 -0.0072843 0.0209955 
2.90067 2.631 2.42898 2.18838 2.1675 1.50105 1.36364 0.844662 0.448452 0.352397 0.0520113 0.036919 
3.53783 3.67573 3.53698 2.93573 3.72131 1.73822 1.9142 1.05212 0.268043 0.730391 0.0528466 0.0568222 
3.54817 3.55766 3.42522 3.1163 2.88575 1.97022 1.69746 0.877762 0.464872 0.343749 0.127304 0.0322328 
3.55978 3.4485 3.34675 3.0678 2.72019 1.99192 1.417 0.781069 0.421468 0.260708 0.142183 0.0240335 
3.4786 3.40254 3.33118 2.97604 2.74837 1.94229 1.40622 0.843392 0.369842 0.275339 0.142305 0.0245704 
3.25957 3.05572 2.81427 2.59225 2.21946 1.67739 1.32255 0.786443 0.521866 0.269655 0.0924732 0.0298042 
2.94778 2.53857 2.35988 2.12061 1.81524 1.45615 1.09762 0.738782 0.410787 0.211995 0.0778433 0.0247348 
2.85917 2.43175 2.25453 2.07374 1.79153 1.47006 1.14727 0.799575 0.479116 0.258356 0.0948532 0.0307776 
3.30517 3.06422 2.96674 2.71277 2.3757 1.87824 1.3816 0.964703 0.54773 0.266333 0.0809208 0.0345173 
3.23781 3.04921 2.99343 2.77952 2.47962 1.98577 1.42378 0.930466 0.554587 0.268922 0.107333 0.037854 
3.4682 3.28746 3.28552 3.01215 2.50853 1.97057 1.37197 0.867462 0.485046 0.246015 0.155746 0.0335002 
3.54867 3.36907 3.30375 2.94297 2.57914 1.94409 1.36231 0.857088 0.483014 0.255515 0.163067 0.0357338 
3.47411 3.31237 3.2611 3.12538 2.78043 2.12655 1.54373 0.977909 0.58006 0.347734 0.174323 0.0506925 
3.30291 3.10797 3.06636 2.93176 2.56129 2.05035 1.59864 1.01024 0.646398 0.3665 0.14563 0.0578559 
4.01098 3.86785 3.97063 3.60807 3.00789 2.17341 1.66141 0.893657 0.362164 0.391303 0.217943 0.0418392 
3.04108 2.68418 2.50006 2.31513 2.04304 1.57939 1.29596 0.935203 0.527168 0.32733 0.160047 0.0518138 
2.78146 2.28862 2.10967 1.9119 1.6847 1.40225 1.11049 0.875294 0.59077 0.346082 0.167233 0.0456244 
2.81465 2.31431 2.12233 2.05064 1.78309 1.48875 1.31097 1.1096 0.719147 0.442789 0.306876 0.0794109 
2.77131 2.29044 2.13068 2.01087 1.92947 1.771 1.52127 1.26721 0.89521 0.789176 0.476936 0.10172 
2.75081 2.23004 2.01744 2.01184 1.95613 1.79581 1.40268 1.08925 0.945344 0.698131 0.447378 0.0924269 
2.65616 2.15458 2.16514 2.18198 1.87336 1.50458 1.3695 1.08109 1.03598 0.84035 0.40151 0.0901392 
2.79931 2.05605 2.488 2.68531 2.16883 1.41049 1.55172 1.53813 1.23014 0.588272 0.419378 0.120323 
2.65749 1.48983 2.03899 2.37 2.37027 1.35839 1.1761 1.35719 1.09433 0.353141 0.410586 0.0852542 
2.62611 1.09078 1.98979 1.90851 2.41504 1.78417 1.09746 0.958978 0.800285 0.238321 0.537224 0.0802975 
2.06565 0.831583 2.11357 1.50991 3.08023 1.49141 1.40571 -0.139538 0.602545 0.58567 0.511205 0.0546439 
2.24767 0.54199 1.90471 1.61368 1.7101 1.69667 1.87661 0.511709 0.865398 0.40823 0.768159 0.0368837 
2.08272 0.51024 1.3894 1.87307 2.50133 1.26305 1.40752 1.01961 1.31787 0.44316 0.580087 0.0144274 
2.27832 -0.408448 1.71503 1.04311 1.95059 0.340283 1.21247 0.115263 0.430972 0.592697 0.421513 0.0493127 
1.89139 -0.911077 1.03724 0.31096 1.52929 0.99142 0.644468 -0.236644 0.461928 0.46149 0.445134 0.0405608 
2.05324 -0.898706 0.785947 0.365143 1.5371 0.352766 0.596184 -0.329742 0.781975 0.801774 0.370371 0.0366793 
1.79502 -0.691679 1.21904 0.560866 0.6928 -0.0653234 0.998999 0.3787 1.08081 0.44739 0.419673 0.0458415 
1.81843 -0.157103 1.31562 0.331753 1.67835 0.463728 0.624673 -0.195045 0.00951428 0.207125 0.646744 0.0478316 
1.7072 -0.999153 0.803714 -0.519023 1.24169 -0.0237653 -0.0729202 -0.135073 0.189301 0.401283 0.139499 -0.0227103 
1.3681 -0.448713 1.22118 0.309168 0.752972 0.0697642 0.524077 -0.897985 0.194531 0.717588 0.599784 0.0228607 
1.58283 -0.946652 1.08337 -0.0252257 0.552763 0.379083 0.830231 0.114832 0.0760267 0.523564 0.533976 0.0948548 
1.6974 -0.696215 0.679206 0.288052 1.15374 -0.660567 -0.0584782 -0.317151 0.247406 0.0684149 0.410067 0.0145354 
1.62218 -1.22501 0.63192 -0.541683 0.853362 0.116499 0.245744 -0.414796 0.362472 0.333809 0.22184 0.0319646 
