1.99993 -1.05807 0.956414 0.0632093 0.863174 -1.16346 -0.0209696 -0.911078 0.779094 0.520523 0.183597 -0.0107897 
2.03094 -1.12145 0.95953 0.103404 1.85277 0.0397129 -0.0900787 -0.823349 -0.242698 0.320156 0.17573 -0.110607 
1.87012 -1.03397 0.846524 0.51449 1.68702 -0.74502 0.219817 -1.11718 0.0945538 0.351049 0.289835 0.0262789 
1.72579 -1.14936 0.973084 0.168004 2.0103 0.262144 1.03158 -0.945427 0.153287 0.345697 0.29512 0.0858359 
2.014 -0.63658 1.15208 -0.486444 1.15727 0.7037 0.764146 -0.909225 -0.0552353 0.336843 0.456228 0.0695916 
1.74866 -0.758712 1.19839 -0.384974 1.13249 -0.119766 0.888566 -0.258923 -0.223533 0.25905 0.267441 -0.00424948 
1.75079 -0.548147 0.335825 0.388104 1.57612 -1.19538 0.279734 -0.74828 0.267544 0.312974 0.25741 -0.032206 
1.99822 -0.504399 0.75559 -0.168607 1.06249 -0.432558 0.765225 0.172129 -0.192312 0.172783 0.373658 -0.0363629 
1.81141 -1.08768 1.0058 -0.6065 1.33098 -0.121112 0.862027 -0.140033 -0.168208 0.474199 0.376076 -0.0352415 
3.02816 -2.12146 1.79122 2.41617 -0.478974 -0.48658 3.66314 1.54548 -0.233064 -0.317458 -0.353711 -0.0755016 
3.11543 -3.54059 2.13533 3.79265 -1.57206 0.00442303 5.21891 2.28146 -0.938404 -0.500351 0.0729044 -0.0822751 
0.752654 -0.964294 0.883658 2.3905 -0.736523 -0.761033 6.22986 -0.174379 -0.593894 -0.40989 0.215548 0.0303434 
-0.00356315 -0.112887 0.0507535 0.860305 0.846971 -1.30651 3.78675 -0.609661 0.0450023 -0.0191849 -0.0863319 -0.148199 
-1.20551 1.64713 -0.322616 1.7474 0.147853 0.464738 4.16507 -1.40917 0.235588 0.458757 0.127197 -0.079034 
1.75704 -0.327554 -0.171788 -0.756335 1.9769 -0.787708 0.598885 -1.17573 0.839466 0.613106 0.203846 0.0771302 
2.04008 -0.770951 1.35249 -0.849597 2.14129 -0.0689049 1.01812 -0.800536 0.143654 0.496044 0.200005 0.0470295 
2.11614 -0.545401 1.94114 0.142891 2.09179 0.604495 1.13333 -1.34097 0.162961 0.804998 0.248391 0.0755701 
2.14896 -0.760057 1.83631 0.204702 2.17885 0.586034 0.600602 -0.381509 0.615932 0.527144 0.506158 0.0539019 
1.98213 -0.821581 1.13853 -0.276031 1.53938 0.955405 1.28776 -0.818616 0.374043 0.465534 0.31403 -0.0766278 
1.95866 -0.901007 1.12668 -0.393829 1.29447 0.344431 0.656546 0.0336594 0.245838 0.569854 0.568508 -0.0416397 
1.89603 -0.116622 0.929884 -0.798596 2.09182 -0.0625017 2.52884 0.395515 1.49671 0.481052 0.0982319 -0.0392568 
1.92941 -0.624797 1.3 0.1621 2.29851 -0.402372 0.22334 -1.24692 0.00909631 0.35609 0.349206 0.122691 
2.3383 -1.10053 1.66562 -0.0121298 2.18486 0.143653 0.312153 -0.590254 0.216472 0.16985 0.268419 0.0780111 
1.89895 -1.08024 1.39351 -0.251145 1.61257 0.598484 0.233856 -1.07424 0.0395611 0.305635 0.173496 -0.0329737 
2.19185 -0.570944 1.46815 0.668047 1.54601 0.368622 0.854562 -0.777335 0.799966 0.386836 0.538528 0.035513 
1.63644 -0.834633 0.875793 -0.0218813 1.95642 0.000565641 0.24407 -0.749357 -0.467643 0.271741 0.135862 -0.0544525 
2.1163 -1.01533 1.15907 -0.0521139 1.81476 -0.122026 0.534833 -0.552876 -0.0734888 0.289281 0.330711 0.0331823 
1.8909 -1.18388 1.11237 -0.653311 0.354727 0.0720764 -0.0807277 -0.99747 0.610695 0.545748 0.244234 0.111789 
2.04153 -0.435645 0.48265 0.242353 1.47584 -0.257327 -0.025393 -0.576219 0.484486 0.479918 0.631469 0.0143629 
1.78817 -0.514268 0.849086 0.0121301 1.99234 0.120601 0.482188 -0.793018 0.108731 0.325408 0.240945 -0.00759935 
1.86692 -1.11069 1.24583 -0.49607 1.74089 -0.19364 0.635462 -0.313131 -0.0373531 0.326499 0.437361 0.0499911 
2.11607 -0.740569 1.31842 0.193032 2.03634 -0.0876956 0.243819 -0.540419 0.303378 0.293926 0.442582 0.0549575 
1.80279 -1.15522 0.800509 -0.046349 1.69241 -0.479521 0.32063 -0.759247 0.21226 0.342967 0.148865 0.0338486 
1.68223 -0.662277 0.733337 -0.485845 1.08906 -1.08112 0.713228 -0.320363 -0.0138231 0.403594 0.37649 -0.0169149 
1.67279 -0.692091 0.791597 0.457918 1.39375 -0.544161 0.223955 -0.696075 -0.183321 0.217865 0.433305 0.0257957 
1.7616 -0.785021 1.0483 0.482634 1.87682 -0.671589 0.689818 -0.555895 -0.0124286 0.450824 0.2545 0.00757205 
2.02702 -0.88919 0.682375 0.0625859 1.71813 0.25887 -0.0621815 -0.701818 0.111053 0.236038 0.127347 0.0507653 
1.87218 -1.25166 1.04482 0.00565815 1.62434 -0.253267 0.58584 -0.629554 0.158931 0.238058 0.341985 0.0633765 
2.00468 -0.642266 0.54688 -0.05298 1.19823 0.0155489 0.79195 -0.825058 0.379718 0.19041 0.38762 -0.0420094 
2.09091 -0.755706 1.27574 -0.142844 1.65582 0.623203 0.388875 -0.775383 0.0577767 0.172634 0.217001 0.007336 
1.92804 -1.064 1.08642 -0.0771452 1.60914 -0.0985279 0.301794 -1.05118 0.220135 0.362581 0.212668 0.0342239 
2.02177 -0.613801 0.777457 -0.4891 1.35097 -0.510621 -0.00297182 -1.14442 0.140129 0.788113 0.509528 0.0750267 
1.76452 -0.6162 1.37522 0.0566735 1.09347 0.542669 0.814708 -1.39214 -0.128598 0.254066 0.542325 0.057872 
1.87612 -1.02486 0.85546 -0.321247 1.60474 0.958729 -0.11516 -1.23517 0.493259 0.324789 0.0737785 0.0270002 
1.86898 -1.31339 0.67813 -0.170937 1.48604 0.135198 0.438409 -0.982423 0.150786 0.399621 0.361558 0.0340426 
2.11488 -0.744257 1.41108 -0.16771 1.67244 0.561872 0.699037 -0.857662 0.0588387 0.463358 0.202931 -0.0308068 
1.59731 -1.00049 0.955174 0.325939 1.39954 0.00652715 0.803876 -0.181323 0.327344 0.108192 0.275567 0.0554486 
1.85465 -0.54671 1.40149 0.739348 1.9218 0.356297 0.1798 -0.879567 0.0100188 -0.101774 0.326792 -0.0192859 
2.1697 -1.2881 1.12952 -0.151719 1.13614 0.0377384 0.379656 -0.49514 -0.00616273 0.346724 0.245353 -0.035197 
2.17368 -0.702175 1.21585 -0.058593 0.93478 -0.622757 0.0972899 -0.60264 0.360354 0.302608 0.629323 0.0821436 
2.16536 -0.61716 0.631803 0.298732 1.44604 -0.391846 -0.302856 -0.709447 0.790262 0.422517 0.34351 0.0588425 
2.06815 -1.0904 1.18437 0.483901 1.51856 0.442417 0.631202 -0.861909 0.168726 -0.124751 0.360346 0.0498002 
2.00863 -1.08287 1.02015 0.309186 1.7484 -0.252865 -0.0649787 -1.15624 0.0355038 0.210195 0.232525 0.0416383 
2.17806 -1.14159 0.622803 -0.0409066 2.04963 0.0649137 0.69835 -0.838119 0.133643 0.289679 0.418157 0.0993076 
2.44777 0.602485 1.30877 0.619023 0.95952 -0.590823 0.186572 -1.45111 0.322618 0.0245557 0.12385 -0.00559727 
2.58144 2.29186 2.22477 0.970301 -0.218745 0.53391 2.63993 0.333489 -0.487723 0.322503 0.178155 -0.0744685 
5.30044 4.12915 1.73471 2.0988 4.4653 -1.3781 1.55293 1.54756 -0.50694 -0.506608 -0.548593 0.154135 
4.78945 3.82833 1.65995 3.335 3.68487 -1.38262 1.85552 0.754166 -0.42806 -0.870079 -0.0796788 0.213508 
3.28588 2.71802 2.26596 2.44334 1.95847 1.0539 0.93231 0.651872 0.32699 -0.168752 0.165535 0.00400489 
3.01843 2.4525 2.38902 2.28324 1.85417 1.00935 1.17987 0.945699 0.286805 -0.0444612 0.0585024 0.0046447 
3.34451 2.95327 2.60149 2.16226 3.07311 0.957555 1.54314 0.485352 0.170075 0.184328 0.0566794 0.0229027 
3.37554 3.41343 2.59936 2.81635 2.62952 0.846717 1.64636 0.595743 0.324432 0.100535 0.0827119 0.0183495 
3.72707 3.61039 3.28583 2.76684 3.71103 0.775002 1.80947 0.443728 -0.123838 0.290521 0.0910777 0.0374767 
3.36537 3.46615 3.11749 2.77905 3.11374 1.0948 1.73966 0.201088 0.186252 0.308292 0.130631 0.031258 
3.00668 2.58577 2.52589 2.22465 2.12121 1.44609 0.972852 0.708823 0.387005 0.254124 0.0788079 0.0210779 
2.90557 2.58991 2.21237 2.18951 1.96889 1.21506 1.1198 0.468402 0.361708 0.1626 0.0315667 0.00831838 
3.17946 3.13695 2.5632 1.99943 3.27832 1.00334 2.01385 0.25337 0.0619912 0.361278 -0.0840167 0.0343999 
3.24217 3.34271 2.70904 2.36344 3.53777 0.850166 1.90796 0.103934 0.21069 0.452349 -0.0833516 0.0376271 
4.26559 4.12586 3.38494 2.12824 6.22139 -0.276543 2.30507 0.323242 -0.134139 0.412589 -0.27003 0.136659 
3.61077 3.82182 2.87976 2.99419 3.49543 1.62798 2.17908 0.350971 0.256637 0.344324 0.104376 0.0457483 
3.74074 4.10658 3.68242 2.94695 3.72662 1.55364 2.15574 0.158397 -0.0168981 0.334431 0.143932 0.0377268 
3.70658 3.63671 3.49134 3.24947 3.31505 2.18652 1.48355 0.488338 0.113862 0.319965 0.222966 0.0216309 
3.69649 3.81568 3.53247 3.06332 3.00388 1.88552 1.7239 0.642472 0.243856 0.293672 0.152532 0.0228274 
3.13561 2.74965 2.54278 2.29133 2.05131 1.62047 1.1826 0.706232 0.391216 0.244418 0.123034 0.0232177 
2.80986 2.36208 2.1451 1.92587 1.63832 1.33766 1.05128 0.782877 0.534343 0.288856 0.113951 0.0176931 
2.89322 2.45632 2.26327 2.05827 1.77235 1.41367 1.03332 0.693891 0.429729 0.248244 0.119143 0.0171783 
3.43711 3.22496 3.14134 2.92542 2.56805 2.0085 1.41382 0.835479 0.476782 0.280369 0.135759 0.0296607 
3.90844 3.85155 3.68062 3.39802 3.15657 2.33096 1.64882 0.6214 0.242096 0.190322 0.249644 0.0242655 
3.84956 3.81466 3.66962 3.39906 2.93227 2.26105 1.57503 0.744345 0.361608 0.217168 0.227916 0.0282858 
3.48328 3.34408 3.32 3.11569 2.81245 2.25519 1.71871 0.987087 0.579133 0.302057 0.159518 0.0432499 
3.58621 3.41434 3.26944 2.97966 2.51278 1.96644 1.41432 0.854586 0.481299 0.233403 0.128151 0.027442 
2.95654 2.56504 2.37906 2.17574 1.87906 1.54372 1.17703 0.821649 0.528928 0.263712 0.0965026 0.0320784 
2.87262 2.44931 2.25953 2.03641 1.75839 1.43368 1.0928 0.787549 0.504239 0.280507 0.132339 0.0307235 
3.61973 3.43492 3.26688 3.0065 2.54652 2.04877 1.53756 1.02165 0.58727 0.27942 0.136262 0.038031 
3.1295 2.79974 2.70494 2.58802 2.33783 1.91688 1.44284 0.995457 0.561496 0.309078 0.137474 0.0489892 
