2.15476 -0.452311 1.1865 -0.50975 0.124508 -1.36918 -0.193011 -0.305725 0.766182 0.527605 0.666035 0.0982621 
2.27358 -0.89908 0.872025 -0.707076 0.0686481 -0.867925 0.181027 -1.13161 0.498686 0.454333 0.367438 0.0714213 
1.9096 -0.91643 0.557347 -0.0741984 1.10896 0.17462 0.280468 -0.481104 0.324186 0.38575 0.309834 -0.0213182 
1.78226 -0.403086 1.44039 -0.466047 1.11681 -0.139073 -0.140066 -0.413453 0.348546 0.68756 0.423277 -0.0373237 
1.17058 -0.888065 2.21103 -1.20331 2.61856 -0.740001 -0.445218 0.914772 -0.719494 0.0726586 0.307233 -0.0919638 
1.44317 -1.04233 1.3534 -0.678204 1.10419 0.00829813 0.132081 -0.0965102 -0.0902287 0.177993 0.36546 -0.0518805 
2.02996 -0.78399 0.269458 0.0811482 1.62294 -0.192068 0.420572 -1.0028 0.481323 0.178461 0.208842 -0.0210518 
2.0023 -0.898308 1.44594 -0.295628 0.9176 -0.0405876 0.526211 -0.462189 0.443629 -0.0362734 0.175115 0.0151044 
2.13107 -1.82157 0.235169 -0.0411339 0.988481 0.244596 2.28725 0.720877 -0.150411 -0.809999 -0.019024 -0.000721749 
3.53773 -1.33244 0.240338 3.37506 -0.192451 -0.46261 3.52131 2.50135 -0.198207 -0.877128 -0.153956 -0.0759692 
2.87472 -1.07197 0.414682 3.07469 0.576795 0.139741 3.14901 2.08637 -0.38132 -0.460273 0.0545689 -0.00890988 
3.23358 -0.171123 1.07473 1.82904 0.0947766 0.395405 3.38513 3.02575 0.496765 -0.399787 0.0797108 0.0142265 
2.94959 -0.37523 1.56888 1.0078 1.86632 0.90142 3.50918 0.537493 -0.89808 0.0545872 0.449666 0.00393029 
1.44148 -0.318392 1.70398 -0.0245466 0.96363 0.181605 1.27668 -1.94699 1.06936 -0.294255 0.262713 0.05469 
2.15543 -0.774398 1.92852 0.560265 1.81528 0.460055 1.69698 -0.210617 0.12555 0.0116253 0.278754 -0.0709729 
1.98028 -1.26805 1.87783 0.629202 1.7337 -0.0879624 1.28109 -0.330098 -0.158996 0.350954 0.367554 -0.0609811 
2.06779 -0.818313 1.74763 0.929922 1.669 0.00910941 0.905625 -0.265485 0.0396909 0.400517 0.435375 -0.0910862 
2.25503 -1.11714 1.50962 -0.0100155 2.28207 -0.384423 0.534104 -0.716289 -0.407504 0.474021 0.219125 0.00104579 
1.93049 -1.05431 1.01851 -0.325181 1.5569 -0.764824 0.297616 -0.670049 0.420186 0.315375 0.157131 0.023067 
2.01948 -0.610081 1.62727 -0.292981 1.7279 0.632633 0.73481 -0.65468 0.0952381 0.199609 0.252281 -0.0284789 
2.24609 0.0561776 1.51895 0.0368334 1.02903 0.0907035 0.374649 -0.692426 0.282267 0.217972 0.378504 -0.0359105 
2.22291 -0.766529 1.52588 0.329324 1.49935 0.140624 0.985046 -0.908545 0.171044 0.434749 0.262965 -0.0320831 
1.93092 -0.324623 1.52038 -0.452989 2.09099 0.388422 0.559889 -0.202618 0.478253 0.411176 0.103763 -0.104468 
2.06798 -0.428074 0.776556 0.256651 1.26489 -0.601117 0.769961 -0.606766 -0.205116 0.446396 0.075223 -0.0277775 
1.93267 -0.595846 1.30358 0.235991 1.44109 0.768374 0.62023 -0.479713 0.276757 0.547055 0.193221 -0.122668 
1.8842 -0.714105 1.18811 -0.285048 1.40574 0.103149 0.525444 -0.668178 0.0542877 0.468459 0.15398 -0.00638838 
1.88426 -0.74217 1.3195 -0.251681 0.854005 0.393012 0.356175 -0.886572 0.17629 -0.183493 0.113293 0.0197759 
1.8807 -1.46488 0.605969 -0.475946 0.761355 -0.537821 0.112471 -0.673219 0.0735814 0.0402891 0.502655 0.0577337 
1.92506 -0.474033 1.01856 0.558406 1.39258 0.330314 1.38085 -0.216325 0.726803 0.087817 0.391836 0.0683726 
1.70096 -0.39772 1.09486 0.520359 1.11334 0.315421 1.02895 -1.2694 0.143337 0.0529137 0.252168 -0.0298529 
1.99642 -0.936972 1.34101 0.143906 0.714629 -0.211551 0.252934 -0.624505 0.4068 0.310584 0.274171 0.012812 
2.55372 -0.443333 1.21006 -0.102304 2.33877 -0.693934 0.453966 -0.181263 0.357098 0.392436 0.467835 0.124084 
2.08332 -0.608119 1.57637 0.0836407 1.33516 -0.0143554 0.979269 -0.391652 0.0110558 0.355676 0.465017 0.0253644 
1.69031 -0.763976 1.46247 0.752651 2.03234 0.810805 0.77489 -0.454171 0.220703 0.271716 0.336813 0.015433 
1.81449 -0.830884 0.740642 -0.0590994 1.75798 -1.34347 0.632826 -0.0639933 -0.134652 0.248313 0.374512 0.0418164 
1.88184 -0.798047 0.733113 0.127663 1.53958 0.141778 0.819162 -0.985547 0.334578 0.599291 0.0710411 -0.0197021 
1.87689 -0.924465 0.727647 -0.159928 1.49035 -0.0487784 0.168556 -0.638573 -0.163975 -0.3446 0.245228 -0.0484445 
1.8643 -0.676209 0.56071 -0.0667015 1.34114 -0.301552 0.482672 -0.685701 0.39566 0.39782 0.41651 0.067768 
1.76348 -0.811625 0.973256 0.173613 1.42999 0.591264 0.275354 -1.08977 0.140624 0.123077 0.277816 -0.0531441 
1.90106 -1.10087 1.20565 -0.585159 1.37936 0.0153841 0.888004 -0.462388 -0.0523446 0.418838 0.35132 0.028452 
1.94101 -0.94858 1.89144 0.0384279 1.66431 -0.0771717 0.418249 -0.208034 0.0905556 0.190259 0.284286 0.00396744 
2.00822 -0.359387 0.818847 -0.220861 0.979807 -0.145679 -0.164137 -0.95811 -0.11854 -0.0188847 0.219602 0.0650572 
1.9355 -1.038 0.498845 -0.0287157 1.30516 -0.211554 0.0967865 -0.255412 0.273505 -0.124546 0.384738 0.0268645 
2.00382 -0.119495 1.36803 -0.173548 1.50012 -0.580716 0.460862 0.21736 0.0700538 -0.0471758 0.375228 0.0817328 
2.39761 3.14425 2.36676 -0.298441 -1.19697 -0.943025 0.804754 1.13026 0.577366 -0.808216 0.656779 -0.0763342 
3.69323 3.00552 2.7299 2.95189 2.14338 0.301513 1.02582 0.93417 0.664391 -0.235015 0.105026 0.0268968 
3.67228 3.08083 3.11383 3.62935 2.80066 -0.135283 1.20291 1.37299 0.698145 -0.255709 0.0333222 0.0593906 
2.97671 3.09624 2.42373 2.35806 2.20436 0.636879 0.94856 0.511291 0.249452 0.0928202 0.0268627 -0.010802 
3.07674 2.9326 2.61923 2.44967 2.31578 1.08491 1.18533 0.760616 0.374045 0.113689 -0.0327037 -0.00402673 
3.7121 3.70214 3.33885 2.88056 2.55698 1.38221 1.03542 0.412752 0.148568 0.0822128 0.0655968 -0.0147609 
4.53535 4.96115 3.69762 3.72118 3.66037 0.776088 1.35806 0.24741 0.432176 0.104944 -0.0294959 -0.00266681 
4.43784 4.59067 4.27321 3.48227 3.49175 0.839142 1.01939 0.717744 -0.181352 0.269612 -0.0612653 -0.0106384 
2.9798 2.58126 2.37004 2.11427 1.8186 1.40366 1.06854 0.737679 0.453023 0.258392 0.102245 0.0197471 
3.03878 2.66219 2.49475 2.2419 1.98256 1.60881 1.23081 0.872071 0.526674 0.292835 0.101924 0.0302365 
3.74079 3.73703 3.61277 3.33275 2.8653 2.15574 1.5333 0.891133 0.508811 0.291469 0.175451 0.0325123 
3.15238 2.80323 2.62625 2.35886 2.02943 1.64032 1.21902 0.841273 0.523372 0.293708 0.141708 0.0380838 
3.19975 2.86975 2.67906 2.41487 2.09386 1.71507 1.30625 0.897935 0.566634 0.303596 0.132639 0.0423092 
3.81233 3.67066 3.56125 3.22322 2.62982 2.00503 1.32771 0.807814 0.400496 0.224608 0.174556 0.0276668 
4.15367 4.31061 4.41183 4.10854 3.27995 2.2668 1.45897 0.514073 0.146036 0.0037998 0.190745 -0.0197237 
2.96305 2.59308 2.41305 2.19541 1.89369 1.51257 1.10826 0.701958 0.402925 0.160005 0.0345846 0.00981272 
2.9656 2.57616 2.38009 2.12886 1.80108 1.42224 1.03559 0.678364 0.380477 0.159956 0.0492886 0.00596942 
3.60756 3.48331 3.46501 3.22219 2.63555 2.00935 1.41106 0.80575 0.419195 0.188301 0.118397 0.0131915 
3.3066 3.05581 2.94048 2.70967 2.29488 1.8125 1.30511 0.819831 0.438073 0.189218 0.0487502 0.0192584 
3.49945 3.24943 3.15529 2.91586 2.55539 2.03911 1.52015 1.03593 0.631468 0.291498 0.0649955 0.0345753 
4.4014 4.11331 3.9108 3.58068 2.94934 2.25801 1.63844 0.996515 0.498324 0.317772 0.147794 0.0283134 
3.65986 3.54225 3.53671 3.40676 2.97281 2.45696 1.80554 1.11486 0.648572 0.367786 0.138994 0.0444393 
3.28762 3.0769 3.01322 2.82158 2.51149 2.10443 1.59156 1.0651 0.63455 0.265116 0.0433508 0.039621 
2.9182 2.50926 2.3232 2.11152 1.83039 1.52677 1.17889 0.798022 0.511846 0.282338 0.0987622 0.0310672 
2.91875 2.5148 2.37069 2.19746 1.917 1.59412 1.28846 0.944899 0.615744 0.339695 0.154456 0.0490479 
3.60863 3.4751 3.4298 3.22105 3.01865 2.58321 1.86783 1.34799 0.875576 0.448122 0.157099 0.071002 
3.28208 3.06783 3.06787 2.94688 2.68706 2.29809 1.77579 1.24929 0.728139 0.33526 0.055562 0.0550772 
3.21252 2.96806 2.8488 2.74617 2.45742 2.01487 1.54685 1.0496 0.639712 0.305296 0.0849356 0.0436007 
3.13092 2.85392 2.75153 2.5312 2.24954 1.90284 1.48871 1.03348 0.596354 0.299048 0.108676 0.043842 
2.99262 2.61847 2.50014 2.36976 2.2075 1.91719 1.45171 0.993624 0.672626 0.377097 0.118459 0.0539147 
2.98099 2.60149 2.43458 2.22417 2.03595 1.69923 1.31757 1.00339 0.625634 0.351316 0.156144 0.0577912 
2.80346 2.37999 2.19538 1.97635 1.81449 1.51746 1.28721 0.987611 0.684166 0.455325 0.226796 0.0697332 
2.8618 2.43994 2.30137 2.19464 1.99488 1.67695 1.35428 1.03647 0.748598 0.452302 0.221268 0.0770416 
2.69686 2.24827 2.13346 1.91931 1.7462 1.56561 1.25817 1.07805 0.754042 0.553086 0.330467 0.0784435 
2.61824 1.41016 2.75711 1.81728 3.10752 1.41856 2.03413 0.136906 0.720586 0.30722 0.602693 0.115424 
2.51929 0.356727 1.61962 2.12635 2.59169 1.72538 1.52154 0.371308 0.549196 0.347549 0.614276 0.0313372 
2.577 -0.137133 1.8587 0.939292 1.92052 0.829634 0.740373 0.304628 0.270528 0.445714 0.55176 -0.0298255 
1.9051 0.193446 1.06883 0.267886 1.59004 1.15835 0.785355 -0.275255 0.198789 0.134207 0.446541 0.0195878 
1.68701 -0.415806 1.00791 0.498307 1.21294 0.832427 0.692479 -0.252562 0.35814 -0.0565636 0.475227 0.053056 
1.9737 -0.657454 1.02361 0.642129 1.33131 0.480259 1.15874 -0.357084 0.305474 0.512065 0.508397 0.0769109 
1.76823 -0.547441 0.518945 0.491482 1.52993 0.734091 0.418706 -0.708638 0.905058 0.352839 0.4498 0.0677292 
