1.59918 -0.56575 1.74975 0.267505 1.19909 0.408187 0.428486 -1.0368 -0.162107 0.402209 0.501299 0.00416819 
1.94567 -1.20745 1.47287 -0.194502 1.31635 -0.0131628 0.371418 -0.624586 0.123908 0.521063 0.294711 -0.0138394 
1.74533 -1.02183 1.01748 -0.632607 1.60162 -0.0230529 0.651017 -0.195193 -0.188482 0.641909 0.502837 -0.0244829 
1.91277 -1.71336 1.01722 -0.0663724 0.9239 -0.873486 0.0223017 -0.640946 0.0340128 0.140923 0.308413 0.106122 
2.16527 -1.23049 0.848146 0.564566 1.16653 -0.114804 -0.213003 -0.803043 0.147764 0.154519 0.288008 0.0530645 
2.22552 -1.00809 1.25495 0.0535145 1.45424 -0.467638 0.693016 -0.977721 -0.0839121 0.272363 0.530256 0.127292 
1.70784 -0.909363 0.663692 -0.286913 0.312511 -0.521707 0.458678 -0.944652 0.00816529 0.31107 0.329808 0.0490397 
1.8256 -1.3072 1.04479 0.137561 0.988071 0.164169 0.476212 -0.586067 0.0262814 0.416041 0.14824 -0.0240368 
1.81829 -1.34662 0.945315 -0.104085 1.03277 -0.511276 0.563916 -0.425139 -0.104891 0.669692 0.240909 -0.0338365 
1.83964 -0.875857 1.73468 0.285238 1.6454 -0.357069 0.492818 -1.29544 -0.0683622 0.463946 0.405253 -0.0150077 
1.95461 -1.08172 1.69201 0.100743 1.78034 0.0219713 0.00604924 -0.237453 0.278298 0.435172 0.221162 0.0576439 
2.24586 -0.910928 1.43742 0.0552827 1.56831 0.43591 0.33276 -0.539079 0.421116 0.363592 0.530289 0.0615531 
1.82832 -1.39316 0.645843 0.93948 1.5782 0.0177065 0.752361 -0.213701 0.418647 0.414851 0.524714 0.062877 
1.83505 -1.32415 0.868555 -0.341214 1.77513 -0.120394 0.998807 -0.69602 0.527116 0.774968 0.606256 0.0789223 
2.01333 -1.29519 0.644294 -0.0767473 1.29774 0.571783 -0.179861 -1.03261 0.493444 0.237363 0.396998 0.0242568 
1.6543 -0.908293 0.514374 -0.115773 1.86536 -0.0641603 0.38326 -0.685017 -0.159752 0.199498 0.261521 -0.0560892 
1.92897 -1.27474 1.36286 0.193512 1.74086 0.270006 0.272272 -0.993331 -0.162551 0.565036 0.265906 0.0171434 
1.8293 -1.11962 1.19959 -0.0514777 2.2198 0.0969789 0.746734 -0.863124 -0.00704865 0.879099 0.531874 -0.0280827 
1.8389 -0.662491 0.749803 0.2166 1.03303 -0.324795 0.534682 -1.28948 -0.00942066 0.567154 0.452571 0.0281325 
1.95686 -0.756582 0.620101 0.191522 1.95085 0.0985551 0.916547 -1.35097 -0.0475885 0.443878 0.492742 -0.0502687 
1.63031 -1.23447 0.856562 0.152197 1.92912 -0.53257 0.308365 -0.990865 -0.0435979 0.595397 0.43772 0.0157633 
1.68426 -0.991957 0.89799 -0.201616 2.04995 -0.791858 0.0968167 -0.958653 -0.362252 0.485465 0.406292 0.00240791 
1.89677 -1.2243 1.15034 0.306005 1.17756 0.372079 0.688073 -1.37563 0.129088 0.229502 0.511313 -0.000236955 
2.03331 -1.3798 1.38171 -0.00129694 1.31941 -0.470959 0.545576 -0.54347 0.524522 0.548966 0.373988 0.0259932 
2.36873 -0.907174 1.10862 -0.142709 0.988777 -0.856035 -0.216055 -1.34329 0.249775 0.371255 0.44056 0.0183396 
1.97671 -1.18401 0.815195 -0.397995 1.59557 0.102396 0.31267 -1.02457 0.243764 0.557121 0.397898 0.00550805 
1.90358 -0.907105 0.684504 -0.57972 2.14627 -0.134087 0.66864 -0.795644 -0.0417467 0.509175 0.484703 -0.0697775 
1.70156 -1.46835 0.878687 -0.0105187 1.44 -0.733755 1.17537 -0.519847 0.154546 0.680547 0.280704 0.0959557 
1.83117 -0.952385 1.09311 -0.0232427 1.84078 0.291161 0.489531 -0.812293 0.0194017 0.189888 0.121588 -0.00647812 
1.97896 0.673459 0.42466 -2.29566 2.48226 -0.760687 -1.12071 -0.610477 -0.265628 0.209724 0.690504 -0.126083 
2.43037 2.33741 1.10725 -0.300627 1.23032 -0.0696273 1.01503 1.63559 0.547058 -0.204603 0.204505 -0.0704132 
3.09197 2.99637 2.47491 2.16214 2.3527 0.0296974 1.40977 0.527963 0.639508 -0.0159422 0.0582694 0.0274831 
3.22816 3.09801 2.72764 2.68138 2.69109 0.799952 1.7672 0.548995 0.618419 -0.0715247 0.0356383 0.0135249 
3.36822 3.41256 3.3535 3.23147 2.84562 0.879075 2.15632 0.924453 0.437213 0.0458757 0.0891779 0.0279403 
3.6854 4.3437 4.0692 4.28613 3.71022 -0.419108 2.52471 0.675287 0.599658 -0.440592 0.198071 0.0561634 
3.87458 4.998 3.57543 4.64479 2.97657 0.66842 1.85342 0.184199 0.707035 -0.498759 0.233825 -0.0509141 
3.83683 4.48391 4.10614 3.80439 3.24351 1.12538 1.908 -0.130794 0.763165 -0.409993 0.234351 -0.0262994 
3.69281 4.24773 3.64328 3.67437 3.0052 1.66308 1.57608 0.251298 0.469623 0.018859 0.181562 -0.00844871 
3.64927 3.63042 3.4579 3.09355 2.7632 1.81012 1.51923 0.685061 0.381292 0.183957 0.123494 0.0124158 
3.79809 3.70757 3.44233 3.05466 2.57919 1.77185 1.15269 0.787621 0.320608 0.193747 0.0726191 0.00263238 
3.60631 3.48175 3.15528 2.89614 2.3356 1.80303 1.20111 0.792925 0.398232 0.185348 0.0583878 0.00520786 
3.2203 2.87142 2.67131 2.30416 1.99457 1.45545 1.06353 0.663189 0.376899 0.204933 0.0627971 0.00877569 
3.10767 2.79247 2.49964 2.26169 1.86106 1.43981 1.03715 0.636559 0.39858 0.152174 0.0539114 0.00544804 
3.29058 3.00008 2.81708 2.53377 2.1242 1.62865 1.21211 0.731255 0.406308 0.147524 0.0252318 0.00591957 
3.88099 3.84408 3.36937 3.07612 2.59537 1.73809 1.39404 0.497129 0.553134 0.0103944 0.0938269 -0.0031159 
3.77227 3.61895 3.29722 2.99599 2.28453 1.83581 1.08841 0.729199 0.277196 0.184131 0.0464228 -0.000677859 
3.33624 3.09622 2.75109 2.62977 2.05194 1.68138 1.18334 0.802455 0.510604 0.109243 0.0529332 0.0108526 
3.38137 2.90687 2.78767 2.38345 2.07367 1.37218 1.01802 0.719839 0.365745 0.174544 0.0200507 0.00126264 
3.82523 3.90921 3.5308 3.73848 2.30148 1.61216 0.903495 0.610556 0.196499 -0.112583 0.128008 -0.0177923 
3.70426 3.70439 3.43202 3.39263 2.72013 1.95635 1.19769 0.589316 0.429479 0.05024 0.124964 -0.00459457 
4.09208 4.13475 3.91024 3.58006 2.54095 1.56332 0.71011 0.247708 -0.0443982 -0.122683 0.0486444 -0.0400617 
3.87256 3.93504 3.63474 3.45656 2.58815 2.00641 1.07634 0.649752 0.218686 0.0708786 0.0885414 -0.0143278 
4.09403 4.03962 4.11512 3.82133 2.48198 1.88007 1.36098 0.585237 -0.14108 -0.0311156 0.164197 -0.0212062 
3.47913 3.28808 3.16044 2.82311 2.32617 1.73783 1.09461 0.592989 0.308168 0.186522 0.138624 0.0151974 
3.11827 2.76598 2.64271 2.36095 2.01823 1.60275 1.22164 0.801355 0.491133 0.238676 0.110427 0.0274849 
3.10131 2.75262 2.5834 2.33818 1.99132 1.60965 1.19107 0.800456 0.469476 0.276139 0.114983 0.0322101 
2.85226 2.3879 2.15332 1.90968 1.66048 1.31538 1.00733 0.752392 0.4604 0.261488 0.109747 0.030616 
2.81433 2.37343 2.13627 1.92505 1.7078 1.40808 1.11622 0.810456 0.532611 0.340772 0.160938 0.0422703 
2.9044 2.4237 2.39623 2.35282 2.12813 1.86411 1.5303 1.18533 0.913359 0.565264 0.343499 0.098402 
2.7132 2.18071 2.00192 1.80237 1.68953 1.49322 1.32099 1.05808 0.808754 0.521588 0.360761 0.0760591 
2.71636 2.19241 1.97682 1.85489 1.57337 1.44095 1.32041 1.02128 0.713592 0.540256 0.328592 0.0630158 
2.47129 0.933168 2.60051 2.22398 2.02356 1.24185 2.02227 0.543758 0.60951 0.739487 0.692079 0.0291922 
2.60661 1.18243 1.74895 1.68995 1.8839 1.42664 0.581162 0.764834 1.4284 0.470944 0.476588 0.0268484 
2.31216 0.507619 1.80544 1.2849 1.72964 0.536617 0.438373 -0.192523 0.408265 0.32177 -0.192451 0.0573439 
2.33756 -0.0273961 0.697219 0.308649 0.9327 0.297016 0.285026 -1.27244 -0.0976291 0.442466 0.328501 0.00800238 
2.00399 -0.240126 0.931757 1.03019 1.52856 0.862646 0.244916 -0.861074 0.0659494 0.306725 0.280377 0.047256 
1.93249 -0.00472056 1.38786 0.298336 1.03893 -0.0288313 0.475858 -0.954215 -0.0530199 0.471399 0.26553 0.0183114 
1.88575 -0.761903 1.21784 0.520349 2.26906 -0.182566 0.283822 -0.530805 -0.22038 0.0104021 0.142749 0.0696074 
1.97063 -0.355293 0.959996 -0.111899 1.31244 -1.07643 -0.264085 -0.0508014 0.0546632 0.173638 0.407025 0.056012 
1.65378 -0.715669 0.640916 -0.0127835 0.713297 0.63134 0.411415 -1.25856 0.395149 0.745348 0.477986 0.0800138 
1.3717 -1.19922 0.621613 0.112284 0.128871 -0.603003 0.00261635 -0.741211 0.604736 -0.0580978 0.0703131 -0.0169789 
1.66028 -0.557526 0.696697 0.1136 1.07752 0.11534 0.553401 -0.147875 0.123873 0.0166063 0.508475 0.0700008 
1.60943 -0.724493 1.17027 0.0625935 1.09104 -0.754247 -0.273995 -1.17517 0.234578 0.427016 0.134432 0.0663287 
1.47361 -0.585347 0.481885 -0.371768 0.39015 0.211963 0.133749 -0.46581 0.201813 -0.0323042 0.181407 -0.0145721 
1.42798 -1.41887 0.185698 -0.545643 1.59553 -0.0164009 -0.262273 -0.884272 0.380485 0.186347 -0.0276228 0.109131 
1.97011 -0.666522 0.6074 -0.128015 0.984674 -0.51106 1.20365 0.0883694 -0.107904 0.422181 0.106717 0.0898832 
1.45793 -0.988079 0.739506 0.0846738 0.651696 1.33829 0.570728 0.0822844 0.136911 0.453345 0.241874 -0.0570812 
1.5341 -1.05273 0.375604 0.143861 1.29296 -0.183069 0.0929915 -0.625 0.280076 0.309709 0.437161 0.0602394 
1.53998 -0.961772 0.964802 0.259442 0.738381 -0.876031 0.239427 -0.984136 -0.158689 0.386623 0.534901 0.145409 
1.53911 -0.74832 0.422184 0.265247 1.29561 0.98095 0.587101 -0.319512 0.0556444 0.0209593 0.335758 -0.0206495 
1.57254 -1.0398 0.716196 0.548973 1.38205 0.265064 0.387261 -0.987803 0.808962 0.127454 0.239609 -0.00264685 
1.49602 -0.924719 0.421409 -0.218597 1.22691 -0.0495062 0.823328 -0.70764 -0.392541 0.232577 0.239557 0.0236118 
1.77883 -0.826803 0.549058 -0.505781 1.1213 -0.129537 0.314577 -0.476453 0.262934 0.53047 0.381237 0.0551862 
1.60979 -0.640798 0.477115 0.333645 0.289223 -0.197312 -0.281485 -0.230332 0.277059 0.04896 0.471495 0.00988953 
1.36613 -0.894305 0.244284 -0.0909518 0.316283 0.3154 0.165286 -0.504955 0.569547 -0.102256 0.366833 0.0546524 
