0.241875 0.607248 -0.869021 0.928767 1.95612 -1.80224 1.56144 -0.808685 0.417464 -0.222175 0.368163 0.134636 
1.49481 -0.420014 0.120754 0.526879 0.323249 0.0775306 0.708761 -0.0667502 0.680437 -0.247106 0.426549 0.0287551 
2.08406 -1.27679 1.42628 0.0474458 1.39499 0.00322061 0.0179472 -0.723969 -0.595987 0.309976 0.15917 -0.0961878 
1.94281 -0.701648 1.12951 -0.0771887 0.854629 -0.0690838 0.192495 -0.610884 0.116729 0.238313 0.231397 -0.0521106 
3.37425 -2.30422 1.53919 1.5032 0.378563 -0.209233 1.68724 0.528997 -0.302519 -0.234113 0.00416821 0.0145976 
6.16315 -4.52725 1.85846 2.97491 -1.44711 0.0909011 3.85034 1.70487 -0.562783 -0.119658 -0.0119752 -0.13487 
3.63784 -1.84418 2.17907 2.94675 -2.15918 0.112422 4.62777 1.85329 0.427768 0.250979 0.123603 -0.127207 
2.35381 0.0939521 1.86491 2.12974 0.0329454 0.545949 2.48387 2.0631 0.439051 0.0821772 0.291118 0.0203544 
2.63136 0.354177 1.55252 1.23011 2.14118 0.939973 2.75413 0.605713 0.490518 0.901196 0.378339 0.0113687 
2.17755 -0.702008 1.13077 0.2645 1.47502 0.276858 0.265955 -0.225341 -0.0202778 0.338453 0.410591 -0.00849479 
2.24925 -0.169589 0.961135 0.300023 1.12796 0.217023 0.0466551 -1.0979 -0.0356956 0.330153 0.456751 -0.019218 
2.02993 -0.860496 0.595769 -0.162559 2.19858 -0.565649 0.383561 0.317942 0.169464 0.265213 0.359774 0.0842982 
1.97897 -0.899855 0.851675 0.196362 1.78082 -0.630478 -0.0387511 -1.07817 0.193937 0.287922 0.198356 0.0801661 
1.97048 -0.140636 0.89628 -0.116996 1.31492 -0.208855 -0.260349 -0.938879 -0.249047 0.107979 0.228909 -0.0304353 
1.64742 -0.812613 1.1297 -0.159017 1.79707 -0.380839 0.478605 -0.869304 -0.261961 0.318583 0.528204 0.103529 
2.00778 -0.811449 0.972872 -0.284783 1.19148 -0.0984277 -0.361065 -0.819457 -0.310032 0.299226 0.25356 -0.0927161 
1.69036 -0.489104 1.43083 -0.176213 1.30338 -0.355805 -0.267902 -1.26907 0.0167467 0.433273 0.524357 0.0902182 
1.9007 -0.57541 1.25934 -0.580676 2.07945 -0.147604 0.406648 -0.634607 0.0821202 -0.0116941 0.407339 -0.00660695 
2.30383 -0.52311 0.951421 -0.276697 1.25923 -0.237982 0.117522 -0.711423 -0.00478389 0.204778 0.360286 0.0197805 
2.15215 -0.886705 0.417392 -0.033807 1.72076 -0.066252 1.21436 -0.864577 -0.20561 0.433152 0.207298 -0.0149928 
1.23507 0.240907 0.211388 0.224801 1.63164 -1.0107 1.24003 -1.64314 0.208861 0.0322553 0.332246 -0.0222489 
0.187076 1.0256 -0.43009 -0.0132593 3.13995 -2.20702 1.92849 -0.900508 0.0786904 0.625684 -0.0172306 0.0277072 
-0.675326 2.54188 -0.633785 0.00790372 3.42501 -1.73494 2.96938 -0.99306 0.714638 0.897271 -0.00723956 0.0118529 
1.90033 -0.131552 1.44148 0.0666582 2.87065 -1.26966 1.02189 -0.702526 0.112351 0.784247 0.133567 0.111033 
1.96585 -1.08334 1.03131 -0.734014 1.35425 -0.471864 0.105265 -0.710057 -0.116078 0.388923 0.18804 0.0330675 
2.30462 -0.998981 1.73055 -0.164019 1.56269 -0.599949 0.255911 -0.404686 -0.0674318 0.457171 0.294244 0.0103725 
2.16251 -1.00102 1.01787 -0.56922 1.57663 -0.216224 0.241289 -0.358781 -0.0223583 0.167196 0.427389 -0.00742801 
2.22961 -1.16567 1.03322 0.700258 1.32955 0.401768 0.51531 -1.00182 -0.0211732 0.374301 0.419705 0.0631637 
2.15132 -0.849571 1.42431 0.152172 1.49876 -0.599409 0.481517 -0.888957 0.474402 0.448482 0.392581 0.0430715 
2.17399 -0.870691 1.05304 0.0128572 0.969198 -0.282149 0.924836 -0.914433 0.14002 0.419721 0.344063 -0.0115596 
1.84661 -0.706393 1.00589 -0.216043 0.894992 0.227607 0.379427 -0.973846 0.0851147 0.0827713 0.280962 -0.00751612 
1.88328 -0.851805 1.39552 -0.531875 1.44713 0.148191 0.290673 -0.738388 -0.259622 0.424208 0.377602 0.014519 
1.85542 -0.723256 1.05422 -0.54106 1.2293 0.0249386 0.138726 -1.04281 0.0337869 0.238712 0.419615 0.0244213 
2.33022 -0.71558 1.07753 -0.0446844 1.43124 0.402995 0.362809 -0.227019 -0.16044 0.581857 0.386656 -0.0299914 
1.95061 -1.11632 1.06087 0.438448 2.2013 0.202698 -0.497372 -0.633475 -0.0874859 0.322552 0.0272911 0.00934255 
1.98244 -0.90919 0.360903 -0.249271 1.61002 0.0191231 0.479329 -0.352467 -0.0305459 0.188321 0.192876 0.0127522 
1.86362 -1.30608 0.909793 -0.734637 1.56629 0.0683702 0.69032 -0.439791 -0.0930549 -0.0337771 0.0170181 0.0351882 
3.31148 2.05728 2.40066 2.39244 2.05179 -0.0288937 -0.879173 -0.753746 -0.431539 0.0109383 0.43596 -0.0102385 
3.20877 2.84292 1.54976 1.18212 1.85211 0.456564 0.0126894 0.554956 0.237742 -0.143002 0.0278155 -0.0327882 
4.1405 2.56739 1.38598 2.15227 3.58982 -0.222036 0.800826 0.809726 -0.0043925 -0.686915 0.101027 0.0884105 
3.20971 2.65376 2.23498 2.17096 1.96001 0.859794 0.593686 0.286094 0.120018 -0.0596989 0.0837255 -0.0175459 
3.09923 2.54408 2.08898 2.12556 2.22413 1.21478 0.778192 0.297122 0.179704 -0.00290324 -0.0496364 -0.0204143 
3.66059 3.10243 1.74397 2.60577 3.37639 -0.0377479 2.13914 0.366319 -0.317005 -0.700507 0.0931456 0.0555771 
3.0967 2.56726 2.3883 2.13417 1.99159 1.30453 1.06709 0.706997 0.0730631 -0.0561666 0.0110601 -0.0113432 
3.0309 2.63406 2.37707 2.13181 1.86695 1.22317 1.06141 0.75716 0.199312 -0.00443393 -0.0709542 -0.0125668 
3.18371 2.94033 2.68544 2.42035 2.19942 1.18695 1.27813 0.682308 0.207673 0.01613 -0.0564121 -0.0160987 
3.14955 2.86926 2.63373 2.37108 2.23007 1.35317 1.2889 0.604839 0.179704 0.0194565 0.0113922 -0.0096914 
3.84025 4.16608 3.37556 2.86456 4.16481 0.335986 2.73837 0.876985 -0.729085 -0.0435319 0.0745117 0.0546944 
3.54613 3.15895 3.31756 2.57331 3.13697 1.16163 1.64849 0.665881 0.177199 0.124582 0.0277702 0.00642636 
3.35146 3.19308 2.62975 2.75459 2.35563 1.35538 1.25391 0.54703 0.242186 0.0296637 0.0156591 -0.00923686 
3.09063 2.72646 2.54895 2.2991 1.96429 1.40813 1.11321 0.617089 0.276431 0.0900932 0.00362678 -0.00485034 
3.11812 2.85705 2.60424 2.32404 2.08336 1.51205 1.0989 0.498109 0.251572 0.112047 0.000854755 -0.00609805 
3.82966 4.25101 3.90087 3.03505 3.8122 1.35678 2.0485 0.400723 -0.624256 0.219248 0.0555022 -0.0131217 
3.64152 3.56913 3.41554 2.70576 2.76199 1.72006 1.56332 0.725344 0.103457 0.166368 0.0446945 -0.00535353 
3.38699 3.12233 2.87141 2.53265 2.33329 1.87665 1.51618 0.790491 0.181035 0.0526735 0.0515424 0.00218562 
3.4731 3.52519 2.87116 2.25951 3.72374 1.34353 2.57416 0.741089 -0.00279537 0.308662 -0.0294776 0.0560992 
3.75124 4.20219 3.31353 2.30669 4.14667 1.17775 2.96108 0.523851 -0.410777 0.117309 0.0648954 0.0619813 
3.7078 4.20486 2.90334 2.38416 3.56063 2.05396 2.98615 0.515873 -0.298853 0.0508951 0.156285 0.0625829 
4.22864 5.85473 3.95895 0.889797 5.78386 2.15585 4.0167 0.249805 -0.854692 -0.154332 -0.214785 0.143757 
4.16221 5.16674 3.41691 2.24014 4.60555 1.74305 3.70622 0.498586 -0.552643 -0.0877955 0.0476471 0.0962428 
4.42754 5.52503 3.52134 1.75867 4.77614 1.62132 4.38237 0.705349 -0.661404 -0.128615 -0.198356 0.116141 
5.07983 5.02155 3.51228 2.90456 3.90869 3.33385 3.33531 1.01657 -0.807219 -0.296706 0.061313 0.0618759 
4.15619 4.11587 3.54459 3.2059 2.98741 2.86494 2.18161 1.01896 0.175332 0.0538725 0.237853 0.031338 
3.53197 3.40009 3.24414 2.9771 2.7207 2.24429 1.72728 1.13324 0.584851 0.197927 0.0867128 0.0274812 
3.34897 3.06078 3.01345 2.74626 2.36272 1.8876 1.4023 0.915002 0.519728 0.226922 0.0539207 0.022057 
3.30645 3.01052 2.86073 2.64713 2.23726 1.79814 1.31359 0.840078 0.45558 0.202217 0.0789958 0.0209959 
3.40144 3.17793 3.06756 2.81338 2.43051 2.02584 1.44572 0.967391 0.593503 0.265225 0.0639893 0.0294101 
3.67969 3.47359 3.57948 3.24895 2.87766 2.31956 1.64157 1.08949 0.64905 0.376241 0.101527 0.0370255 
3.42715 3.22358 3.15283 3.05532 2.78562 2.35929 1.83103 1.15665 0.665161 0.284752 0.0598215 0.0440347 
2.81501 2.29608 2.06851 2.04973 1.91856 1.64053 1.40437 1.03588 0.7884 0.60022 0.29424 0.0792766 
2.78405 2.18771 1.96459 1.9389 1.90667 1.52252 1.10248 1.00511 0.852511 0.534706 0.239965 0.0667676 
2.70852 2.16559 2.15005 1.9574 1.50644 1.32963 1.33797 0.853528 0.550088 0.58779 0.300951 0.0588193 
2.69051 1.8217 1.69224 1.99356 2.30071 1.42983 0.610173 0.327544 0.509207 0.642351 0.510191 0.0404711 
2.4372 0.623939 0.585477 1.36816 2.12027 1.38698 0.438302 -0.585587 0.448361 0.344593 0.498255 -0.000164856 
2.13816 -0.0610013 1.34197 0.0131518 1.81737 -0.356862 0.400105 -0.752576 0.325669 0.290656 0.389363 -0.00130991 
1.89097 -0.975309 0.206977 0.416688 0.9795 0.360048 0.065703 -0.565108 -0.165737 0.338623 0.181921 -0.0411747 
2.07633 -0.710213 1.16603 0.440871 1.1648 0.63527 0.176792 -0.793426 0.536871 0.218747 0.436659 0.13924 
1.96361 -0.75789 0.397492 0.441837 1.03356 0.555226 0.0995492 -0.262833 0.433102 0.423229 0.327021 0.0242959 
1.73053 -0.775536 1.09725 0.253926 1.41666 -0.0367035 0.0694282 -0.592304 0.278179 0.364672 0.379893 0.0507854 
1.87153 -1.09752 0.251844 0.414488 1.07889 0.0745063 0.726488 -0.607756 0.427496 0.388216 0.249623 0.115187 
1.82936 -0.931825 1.22779 0.244609 1.76975 -0.1639 0.80077 -0.324392 0.215846 0.158113 0.375439 0.061343 
1.52199 -0.752189 0.812842 0.347292 0.865246 -0.794125 0.635888 -0.524461 0.366231 0.504808 0.42632 0.0511403 
1.62755 -1.3871 1.03634 0.183773 1.30838 0.509904 0.986633 -0.501472 0.206013 -0.0481456 0.252424 0.0948823 
1.57389 -1.01176 0.891764 -0.118756 0.732063 -0.199498 -0.118407 -0.25852 0.504937 0.421441 0.328848 0.0788992 
1.8476 -1.14693 0.752556 -0.308331 0.986395 -0.713452 0.27671 0.0250612 -0.009722 0.850457 0.0852755 0.0148133 
