1.82508 -0.880821 0.663496 -0.475662 1.47207 0.20572 0.571608 -0.00576895 0.35969 0.229814 0.157195 -0.0186815 
1.95621 -0.973089 1.16222 -0.2523 1.31432 -0.0870059 0.533325 -0.602568 -0.0845081 0.13873 0.183404 0.0952113 
2.11399 -0.801095 1.72225 0.102577 1.67991 0.0444011 0.794979 -0.615845 0.340809 0.124293 0.192221 0.00606466 
2.32109 -0.646673 1.26646 0.762467 1.5257 0.426304 0.700541 -0.16898 0.544775 0.421462 0.452736 -0.0114519 
2.34501 -0.284309 2.01458 0.822654 1.78404 -0.651985 0.132836 -0.111128 0.546724 0.388605 0.369058 -0.0593394 
1.80239 -1.12783 1.45446 0.288026 1.52015 0.0640786 0.151402 -0.646047 -0.160563 0.287444 0.549695 0.164219 
1.89667 -0.894935 0.444416 -0.760142 0.896772 -0.110497 0.447558 -0.687576 0.0577541 0.363234 0.43166 -0.0392761 
1.94716 -1.14338 1.05406 0.387611 2.09502 -0.246816 0.745901 -0.401204 -0.531505 -0.0654752 0.294753 0.0262414 
1.70491 -1.07442 0.868439 -0.0740725 1.65041 -0.151125 -0.210124 -1.36129 -0.260604 -0.0265082 -0.054007 0.0408604 
0.917152 -0.0201174 -0.763508 0.668316 0.159726 0.0994093 -0.208766 -0.0329632 0.104223 0.0629382 0.668198 -0.110995 
-0.854667 2.70694 -2.38394 2.61175 0.0817832 0.61875 -0.195626 -0.887608 0.776182 -0.0233237 0.517869 -0.0668326 
1.28526 -0.130528 0.302544 0.461895 1.70893 0.148057 0.63587 -1.056 0.421507 0.180328 0.182496 -0.0218949 
2.27983 -1.23161 1.72884 -0.956849 1.35539 -0.335399 0.82286 -0.743919 0.261305 0.25824 0.26977 0.111576 
2.65005 -1.52525 1.92029 2.27703 1.19714 -0.413653 2.51522 1.36456 0.218512 -0.252227 0.0575355 0.0712858 
2.91484 -2.53581 1.50529 4.72142 -1.12167 -1.69811 4.12207 3.31478 -0.305023 -0.910176 0.0495773 -0.0383491 
1.80026 -1.66802 0.703832 4.50175 -1.80849 -1.44341 4.10571 2.72786 -0.451447 -0.819788 0.165675 -0.096705 
1.7761 -1.2475 0.260225 1.42098 0.84767 -1.01779 1.77705 0.601092 0.669634 -0.48411 0.148777 -0.00677469 
-0.119164 0.736308 0.574201 1.05818 -0.146781 -0.65432 3.11591 -0.713215 0.107195 0.732423 -0.0387972 -0.0602809 
0.341745 -0.608188 3.16695 -1.84408 0.549662 0.513888 -0.0160824 -0.694959 -0.0482119 0.424219 0.487009 -0.136652 
1.07491 -0.774061 2.57529 -0.797591 1.15553 0.640374 0.069277 0.456544 0.552542 0.210958 0.273144 -0.183782 
1.7079 -1.33596 1.44382 0.0690873 1.3647 0.321057 0.430496 -0.483029 -0.255995 0.319875 0.261032 -0.0317003 
1.92305 -0.81718 1.3233 -0.189858 1.43386 0.294664 0.563444 -0.138696 0.680173 0.407719 0.173528 -0.0490718 
2.4936 -0.620867 1.40433 -0.412361 0.493195 -0.359798 -0.259573 -0.849752 0.410255 0.281069 -0.0611934 -0.0539481 
2.93644 -0.21625 1.44136 -0.512585 1.25468 -0.0289226 0.401185 0.668649 0.687426 0.416196 0.167488 -0.134731 
2.4215 -0.420931 0.627572 -0.756697 0.650904 -0.706655 0.499988 -0.0853262 0.887849 0.627574 0.300703 -0.0190902 
2.78749 -0.90043 0.703206 -1.08988 0.547076 -0.616958 0.714208 -0.00540102 0.71991 0.484056 0.39024 -0.0307793 
2.26055 -0.708356 1.26353 -0.774355 0.968894 -1.50268 -0.184924 -0.227827 0.330705 0.577865 0.178469 0.00953854 
2.14161 -0.701114 0.927016 -0.166179 1.45217 -0.415956 0.512349 -0.54243 0.720887 0.14543 0.16338 -0.0186391 
2.11424 -0.943491 1.24183 -0.133763 1.70363 -0.49887 0.670717 -0.729767 0.0544979 0.0786622 0.0948774 -0.0447587 
1.70314 0.0476354 1.04453 -0.156294 1.29044 0.0821964 1.0656 -0.716271 0.626586 0.282117 0.302337 -0.055597 
1.59109 -0.480087 0.794849 0.244787 0.510326 -0.789131 0.762844 -0.2019 -0.0663219 -0.111057 0.204388 -0.0115867 
1.9965 -1.17727 1.49498 -0.0297686 1.10197 0.0386336 0.698082 -0.985463 0.398916 0.214253 0.152925 0.00385175 
1.9123 -1.20203 0.763465 0.452477 1.0242 0.129752 0.557799 -0.512574 0.399346 -0.200591 0.290875 0.0472936 
1.88652 -0.965937 0.965588 -0.355657 1.2719 -0.368631 0.324082 -0.549453 -0.0265674 0.223068 0.191265 -0.00746459 
1.53129 -0.726284 0.892488 0.0553524 2.017 -0.274496 0.792964 -0.544486 -0.325778 0.210676 0.248328 -0.0190793 
1.54693 -1.15236 1.2254 0.272623 1.80096 -0.644623 1.08237 0.421262 0.106827 0.187968 0.239673 0.0213999 
1.93543 -1.00039 1.31943 0.191296 1.33292 -0.37574 0.642664 -0.612974 -0.118869 0.185698 0.401728 -0.00428139 
1.86662 -1.29924 1.3477 -0.35666 1.18766 0.648235 1.07069 -0.585223 0.27073 -0.00302915 0.295135 0.0159025 
1.69625 -0.669544 0.476076 0.295253 1.43283 -0.0768484 0.868921 -0.408496 -0.0588593 0.184649 0.458131 -0.0367679 
1.52758 -1.34701 0.44823 -0.768563 1.6697 0.169275 1.00326 -0.462396 -0.00698339 -0.139406 0.0101883 0.0803898 
1.85565 -0.966732 1.22338 -0.16471 1.21325 -0.543796 0.183191 -0.354837 0.718672 0.0657512 0.322868 -0.00613393 
2.00233 -1.84072 0.775026 -0.23153 1.75452 -0.224083 -0.546663 0.331925 0.528917 -0.167378 -0.0434675 -0.0263164 
1.87348 -0.425698 0.75254 -0.188321 1.70377 -0.777071 0.897383 -0.473942 -0.0529277 0.0175404 0.495402 0.0555354 
1.88487 -1.06321 0.953844 0.635192 0.870592 -0.0934325 0.221894 -0.258392 -0.295158 0.146545 0.392777 0.00374447 
1.89296 -0.490474 0.62663 -0.0923393 1.37733 -0.260697 0.831291 -0.337569 -0.209625 0.405573 0.289211 -0.0364425 
1.83214 -1.11133 1.22002 -0.242416 0.775306 -0.617308 -0.0238836 -0.584638 0.474449 0.557462 0.332649 0.0241502 
1.91838 -1.16094 0.426859 -0.404548 1.59531 -0.536213 0.893972 -0.706785 -0.193815 0.253971 0.0958784 -0.044044 
1.76636 -0.548894 0.968181 0.383911 1.45901 -0.948181 0.354269 -0.724271 0.176146 0.190404 0.24745 0.0294625 
1.88203 -0.810892 1.00069 -0.00764885 1.03553 -0.588228 0.368649 -0.664446 0.612177 0.456011 0.330739 0.0456581 
2.79974 1.47178 1.44292 1.0702 0.0646957 -1.03896 -1.396 -1.68072 -0.350779 -0.334295 0.311555 -0.08812 
1.84834 2.92348 1.24475 0.0268313 -0.30232 -1.42817 0.23708 1.49979 -0.43549 -1.53915 0.540905 -0.150397 
4.08957 3.36006 2.08138 1.95389 2.55008 -0.754869 0.548645 1.2589 0.339521 -0.573758 0.318397 0.0929998 
3.78384 2.82146 2.20595 3.19187 3.12673 -0.937817 1.18891 1.09299 0.882178 -0.608674 0.079652 0.100031 
3.57553 3.05853 3.01695 2.6862 2.26133 0.715711 1.06099 0.575775 0.486608 -0.0318558 0.148483 0.0206679 
3.32567 3.05309 2.75711 2.29753 2.14537 1.33141 1.2954 0.464088 0.387029 0.129581 0.0389844 0.00352164 
3.25146 2.95896 2.74558 2.57736 2.19823 1.61882 1.47565 0.81998 0.333713 -0.00824448 0.0706531 0.00293691 
3.64306 3.80515 3.22705 2.77066 2.58321 1.4558 1.27569 0.285327 -0.156703 -0.0202295 0.173805 -0.0109908 
3.14778 2.83006 2.67027 2.3077 2.04288 1.4787 1.03458 0.783863 0.393328 0.24358 0.0691864 0.0124056 
3.13262 2.80497 2.59177 2.24094 2.22971 1.47485 1.2591 0.749365 0.360574 0.402101 0.0982617 0.0278976 
2.97941 2.56643 2.55909 2.20703 2.03365 1.68714 1.27352 1.02014 0.544786 0.294094 0.106469 0.0327837 
2.98752 2.74122 2.42649 2.25378 2.12186 1.55278 1.40921 0.794073 0.498582 0.329634 0.0833588 0.0315492 
3.27873 3.24009 2.99675 2.48098 2.88989 1.73729 1.8017 1.03822 0.348463 0.474767 0.0573329 0.0473555 
3.10349 3.03626 2.84564 2.43244 2.54162 1.5662 1.52067 0.825112 0.391402 0.427049 0.117091 0.0441067 
2.84866 2.40743 2.28624 2.04956 1.96428 1.58903 1.2145 0.889442 0.478619 0.337388 0.156078 0.0339832 
2.93861 2.58179 2.33915 2.06146 1.79866 1.33404 1.03214 0.670798 0.393772 0.237983 0.0989405 0.0225446 
3.64238 3.73834 3.60872 2.72042 3.4131 1.59128 1.55381 0.694841 -0.16832 0.503171 0.0831332 0.0195614 
3.08538 2.7952 2.53766 2.21094 2.00166 1.37135 1.16665 0.615535 0.36067 0.191031 0.0410996 0.00713113 
3.14379 2.78442 2.63466 2.30116 2.03452 1.60142 1.13329 0.853575 0.388005 0.237764 0.0590291 0.0147918 
3.54609 3.30945 3.38999 2.68037 2.71707 1.80426 1.32144 0.989988 0.264402 0.384065 0.0421839 0.0165034 
3.3038 3.33546 3.05081 2.90751 2.74322 1.81114 1.74931 0.937022 0.580215 0.35089 0.0355646 0.0398179 
3.4971 3.57971 3.56619 3.03855 3.0688 1.91009 1.58965 0.922485 0.330441 0.469874 0.0855699 0.0333002 
3.15641 2.86461 2.7307 2.39639 2.22908 1.6287 1.2398 0.798995 0.375097 0.257397 0.038518 0.0232297 
3.07049 2.75433 2.61532 2.3828 2.10261 1.69496 1.32929 0.90806 0.541534 0.272344 0.0883038 0.0376466 
4.14047 4.39051 4.17451 3.5975 3.709 2.06118 1.89013 0.858134 0.0742188 0.368109 0.182483 0.0248008 
3.44083 3.35022 3.38909 3.20931 2.93495 2.29303 1.70702 1.13122 0.666896 0.357157 0.129384 0.0486156 
3.47322 3.35423 3.28271 3.12425 2.74139 2.08168 1.54157 0.932806 0.56135 0.291799 0.142303 0.0363032 
3.11622 2.7682 2.63714 2.39976 2.06713 1.68859 1.25656 0.862258 0.517056 0.292588 0.123356 0.0325354 
3.06158 2.70225 2.50066 2.24707 1.88337 1.49203 1.0605 0.699566 0.405678 0.214102 0.0914072 0.019073 
2.88859 2.45617 2.25189 2.04286 1.78337 1.48224 1.16369 0.84348 0.564366 0.326106 0.146085 0.0369365 
2.93136 2.50224 2.30489 2.07111 1.79184 1.44538 1.06509 0.737483 0.473611 0.284368 0.141987 0.0375189 
3.34732 3.0898 2.82482 2.66389 2.54733 2.06152 1.47296 0.939225 0.514385 0.292132 0.14059 0.0470972 
3.28884 2.96246 2.82735 2.64413 2.42287 2.04949 1.39346 0.862622 0.501703 0.268647 0.145376 0.0438298 
3.27493 2.85714 2.73032 2.56476 2.40698 2.04856 1.29834 0.774809 0.377002 0.277934 0.191606 0.0443585 
4.15369 3.49561 3.97734 3.05404 4.96893 3.54323 0.309596 0.65659 -0.501154 0.197644 0.64974 -0.00399347 
3.30319 2.54226 2.83118 2.85713 2.83632 2.48405 1.47436 0.445589 0.60577 0.704969 0.398538 0.0950083 
