2.8289 -2.94122 2.10071 2.28028 0.922163 0.703991 1.01076 3.7514 -0.644722 -1.4087 0.00468646 -0.0698902 
1.67577 -2.82317 2.29226 2.13411 0.0430516 0.999181 1.46763 4.28644 -0.226205 -1.19695 0.142058 -0.0288001 
2.82159 -2.87255 0.130344 1.03651 0.740251 -0.175296 0.588092 3.77812 -0.500802 -1.02947 -0.225115 -0.137097 
2.5048 -0.258834 -1.29884 -0.894015 0.253417 1.36174 2.32094 1.3437 0.708216 -1.16328 -0.0176581 -0.040016 
2.3963 -0.571008 -0.732557 -1.74941 1.67735 1.28059 1.45243 0.913354 0.53448 -0.336536 -0.0919877 -0.104399 
2.55175 -0.515631 0.814241 0.0371433 0.971785 0.704269 0.428312 -0.634767 0.77704 0.363594 0.316088 -0.0630454 
1.92937 -0.577975 0.795947 -0.40314 1.33254 -0.464021 0.354689 -1.11101 0.290392 0.387694 0.263597 0.0170113 
2.27262 -0.704746 0.728857 -0.247104 1.44084 -0.321212 0.583453 -0.906545 0.298496 0.701516 0.202206 -0.0299204 
2.12189 -0.637996 1.25184 -0.161664 1.43421 -0.00827777 0.518968 -0.717265 0.0140321 0.593716 0.449371 -0.00206166 
2.30344 -0.693457 1.01315 -0.764877 0.757788 -0.296489 -0.346212 -0.0892648 0.635119 0.719914 0.484861 -0.0244503 
1.83061 -0.281542 0.700416 -0.615396 1.63739 0.499305 0.327405 -0.849206 0.540526 0.669561 0.342117 0.00541877 
2.30361 -0.25026 1.13549 -0.420008 0.743262 -0.283236 -0.421407 -1.02565 0.130002 0.580443 0.480165 0.0520517 
2.10078 -1.06004 1.10666 0.378632 1.39735 -0.114416 1.04002 -1.0504 -0.144926 0.349439 0.254798 0.0778267 
0.850434 0.501554 0.196607 -0.264285 1.73483 -0.854098 1.05866 -1.80918 0.787266 0.210801 0.089814 0.0836698 
-0.308651 1.93457 -0.897577 -0.578819 2.0961 -2.69216 2.41715 -2.08355 0.385719 0.387458 0.118047 0.0461481 
1.53268 -0.0439885 0.787991 -0.494044 2.16561 -0.704614 1.25462 -0.877464 0.432544 0.161656 0.121683 0.00322346 
2.13577 -0.435869 0.977461 -0.0797218 2.00243 -0.513318 0.28863 -0.485894 0.0161056 0.0838976 0.29676 -0.0849309 
1.90292 -0.368508 1.01986 -0.309895 1.64877 0.486696 0.112882 -0.635591 0.353826 0.081274 0.243398 0.0230319 
2.29812 -0.287645 1.73867 0.144337 1.44817 0.6694 0.395612 -0.36999 0.145133 0.560464 0.374543 0.004236 
1.7609 -0.983224 1.17582 -0.040189 1.35467 0.385442 -0.313937 -0.637903 -0.184556 0.164912 0.28808 -0.0416585 
1.93502 -1.03171 1.11466 -0.0936428 1.73363 0.574615 0.411684 -0.811921 -0.119335 0.315252 0.223373 0.0307819 
1.91628 -0.642738 1.27462 0.639088 1.784 0.383533 0.958164 -0.490899 0.592623 0.367706 0.346462 0.0451932 
1.58019 -0.397211 1.28889 -0.574558 2.38837 -0.393016 1.56408 -1.1133 0.707395 0.924892 0.00751285 0.137001 
1.46249 -0.418097 1.14452 -0.275616 1.81724 -0.167095 1.25276 -0.938587 0.202235 0.319324 0.0145473 0.0561011 
1.7183 -0.805393 0.944006 0.125122 1.40811 0.126954 0.282302 -0.964721 0.0253599 0.337072 0.296938 0.0258882 
1.94746 -0.914846 1.20967 -0.276893 1.43185 -0.187041 0.30566 -0.417298 0.189798 -0.0606479 0.320202 0.0688242 
1.92093 -1.00864 1.09581 -0.196922 1.79603 -0.501768 -0.198404 -0.440836 0.0965971 0.410659 0.270868 0.0723119 
2.3001 -0.815867 0.586879 -0.737376 0.950807 -0.282881 0.39333 -0.668544 0.502642 0.0639518 0.302925 0.0507724 
1.84759 -1.05792 1.42013 0.372695 1.23197 -0.377574 0.522658 -0.408063 -0.0443671 -0.0451323 0.417005 0.0212599 
2.0019 -0.953133 0.786479 0.953184 1.45894 0.155966 0.927691 -0.781451 0.188592 0.303516 0.181946 -0.00143383 
2.03132 -0.530213 0.925619 0.129077 1.91191 -0.356742 0.430123 -0.428896 0.0938381 0.0624156 0.338615 -0.0013486 
2.05576 -0.692811 1.13141 -0.135538 0.822673 0.141418 0.273465 -1.15573 0.500986 0.0021474 0.0990574 0.0766734 
2.16872 -0.82318 1.19842 0.547857 1.40246 -0.349645 0.723854 -0.576475 0.384893 0.448567 0.241312 -0.04085 
2.95034 2.50199 0.36286 1.26234 1.47321 0.386338 -0.938158 -0.787684 2.14887 -0.129798 0.144019 -0.119238 
2.7017 2.57859 1.47424 1.71827 1.03293 0.101286 0.81133 0.280663 0.88374 -0.19399 0.11213 0.0154499 
2.99593 2.82855 2.78657 2.76342 2.27413 0.423637 1.57219 0.721197 0.913578 -0.194661 -0.0485523 0.0113314 
3.81839 5.28435 1.80216 6.98652 4.15866 -1.99265 0.804774 -0.431331 1.63529 -0.940642 -0.343391 -0.00458113 
3.58224 3.43949 2.71444 3.62124 3.49208 0.209252 1.3556 0.414499 1.32518 -0.393802 0.0794742 0.0102656 
2.57232 1.67109 1.55796 1.23142 1.27783 0.901612 0.762792 0.0567095 0.409459 0.214625 0.107318 -0.0314005 
3.7015 2.95693 2.47753 3.66862 2.74353 0.405862 -0.364556 0.619418 0.697431 -0.267978 -0.0586908 -0.0362084 
3.09755 2.71225 2.57148 3.03143 2.50178 0.429032 0.823599 0.783429 0.831534 0.011126 -0.0726918 0.00425096 
2.96868 2.77121 2.05039 2.63098 2.32745 1.06714 1.04591 0.392276 0.910374 0.246329 -0.0507547 0.00194846 
3.22758 2.48329 2.75962 2.92544 2.60337 0.978256 0.658366 0.908557 0.747425 0.201158 -0.0785239 0.00783375 
4.13981 3.20923 2.78414 4.15613 4.42376 -0.136863 0.31416 0.970047 1.04614 0.212819 -0.204239 0.00900705 
2.97782 2.39102 2.24248 2.53117 2.43323 1.03081 0.862563 0.923165 0.876402 0.236153 -0.107454 0.0161275 
3.0752 2.5284 2.34926 2.35504 2.03207 1.13902 0.78207 0.740081 0.484013 0.151507 0.0180421 0.011208 
4.05804 3.37953 3.68441 5.34835 4.15618 -0.439898 -0.0839664 0.514118 0.949858 -0.162417 -0.279424 -0.0141298 
3.60362 3.09392 3.38576 3.82052 2.6854 0.429929 0.348522 0.79466 0.700179 -0.0245948 -0.0245587 0.0210498 
3.44577 2.79282 2.9263 3.17267 2.56499 1.00149 0.47383 0.8294 0.716372 0.10281 -0.077067 0.00357681 
3.73965 3.1166 2.74944 3.89125 3.98248 -0.159597 0.267697 0.61668 1.08349 0.212147 -0.274804 -0.0159988 
3.71824 3.95296 2.40187 6.24793 7.09561 -1.90856 0.478452 0.341991 1.07862 0.138168 -0.811483 0.0298597 
3.77326 3.62366 2.13017 4.17144 5.28235 -0.773509 0.891556 0.533861 1.15302 0.305079 -0.398485 0.0288674 
3.39617 2.86031 3.23134 3.39306 4.06931 0.6359 1.09164 0.921904 1.09355 0.609205 -0.283055 0.0288089 
3.58514 3.4227 4.14559 4.99759 4.53742 0.223196 0.873709 0.643887 1.33502 0.187945 -0.175175 0.0199899 
3.3861 3.14514 3.10176 3.28066 3.01373 1.74429 1.65479 1.17858 0.912649 0.307583 0.0757519 0.0543283 
3.33361 3.16995 3.04862 2.79783 2.57243 1.68033 1.51825 0.892669 0.51372 0.331011 0.0916095 0.0348055 
3.35855 3.10332 3.05635 2.7246 2.58997 1.84312 1.5035 1.03809 0.567876 0.394835 0.0561511 0.0396112 
3.41378 3.19894 3.16364 3.12547 2.76375 2.03571 1.48989 1.12728 0.774645 0.327108 0.110515 0.0491995 
3.17822 2.8884 2.79228 2.57673 2.2693 1.56667 1.35081 0.899963 0.514574 0.220004 0.0548682 0.0252716 
2.949 2.57715 2.36105 2.12749 1.89136 1.48355 1.18371 0.784735 0.520913 0.273178 0.0624201 0.028948 
2.87834 2.45474 2.28767 2.1075 1.88259 1.55347 1.19152 0.849369 0.547374 0.311086 0.130062 0.0463795 
2.94991 2.57314 2.51447 2.22756 2.38804 1.78875 1.29488 1.37 0.792116 0.489193 0.330362 0.0931919 
2.77459 2.28052 2.19106 1.75465 1.79088 1.60965 1.03046 1.00979 0.700751 0.464019 0.393132 0.0762576 
2.99415 2.44294 2.52874 2.40652 2.21528 1.53557 1.00966 1.1135 0.723275 0.279405 0.190801 0.048783 
2.83759 2.25022 2.11576 1.88633 1.41523 1.40156 1.09712 0.746835 0.595866 0.379511 0.181935 0.0263756 
2.73062 1.81293 1.80869 2.05859 1.86394 1.03527 0.736994 0.591969 0.688852 0.395141 0.0870193 0.0162507 
2.68777 0.707987 2.08686 1.51706 2.50081 1.50265 -0.00761648 1.20048 0.450499 0.532682 0.397819 -0.00129761 
2.84397 1.20258 1.87061 1.17285 2.65303 1.51708 1.25498 0.402616 0.508263 0.646978 0.733441 0.0739539 
2.39312 0.751863 1.67482 1.57834 2.03167 1.38651 0.95741 -0.0371946 0.23868 0.927062 0.361037 -0.00313524 
1.99636 0.172391 2.23018 0.956741 2.87877 1.23794 2.0895 0.490404 0.418426 0.559714 0.509813 0.0232121 
1.74366 -0.661995 1.56315 0.0593585 2.56293 -0.150285 0.769969 -0.355757 0.570226 0.532469 0.256148 0.0802925 
1.99146 -0.47913 1.1441 0.770901 1.79077 0.288818 0.216708 0.381838 0.805489 0.348626 0.568838 0.014822 
1.76508 -0.530124 1.18092 0.691968 1.90859 0.676761 0.742104 -0.183456 0.175448 0.562349 0.307021 0.0531845 
1.74379 -0.547823 0.840632 0.156454 1.15662 0.71275 0.266707 -0.310664 0.818307 0.332703 0.414393 0.0314642 
1.79486 -1.02196 0.729486 0.197117 1.23721 0.0248132 0.263963 -0.234051 0.549959 0.453469 0.285468 0.0219592 
1.5312 -0.903758 1.12548 0.205061 1.03007 0.841695 0.925802 -0.380071 0.829058 0.248003 0.377287 0.0254172 
1.739 -0.802585 1.14805 -0.0465988 1.04281 -0.142428 0.749348 -0.0385708 0.33265 0.324451 0.133214 0.0361765 
1.68946 -0.6866 0.800355 0.111001 1.6716 0.62353 0.257973 -0.236706 0.373086 0.0290364 0.116413 0.0158769 
1.89898 -0.654318 0.726581 -0.101087 0.245106 -0.481999 0.291517 -0.0279322 0.0976269 -0.0181636 0.297947 0.032163 
1.47732 -1.05743 0.715755 0.00977617 1.04792 0.123605 0.37412 -0.286199 0.447355 0.231065 0.484856 0.0435783 
1.65643 -0.935716 0.757966 0.0692167 1.2112 -0.488038 0.181762 -0.604806 0.283392 0.767159 0.439125 0.00669567 
1.49836 -1.03138 0.54977 -0.638456 0.773097 -0.432583 0.794631 0.0410466 0.101125 0.235541 0.355724 -0.00318767 
1.46096 -0.827678 0.44287 -0.381403 0.809644 0.33005 0.327264 -0.908951 0.409087 0.4501 0.332763 0.00625818 
1.63844 -0.762745 0.884972 -0.0688338 1.06512 0.119896 0.287911 -0.568475 0.375591 0.32098 0.241723 -0.00390037 
1.81269 -0.929987 0.481442 -0.222771 0.777465 0.0249045 0.746135 -0.188937 0.199323 0.0171436 0.12369 -0.0134161 
