1.89088 -0.82571 0.99892 0.456573 1.19486 0.072298 1.27187 -0.0787126 0.20788 0.124766 0.140746 -0.0600284 
1.8314 -0.894315 1.06111 -0.165809 0.816953 -0.695536 0.363953 -0.146009 0.615644 0.0768237 0.222143 0.0527819 
1.66769 -1.18194 0.981863 0.479595 1.5238 -0.0449539 -0.0714976 -0.0782881 0.618677 0.0505135 0.0868279 -0.0280666 
1.91487 -1.26966 0.878789 -0.536524 1.40297 0.0332341 1.09439 0.394424 0.135492 -0.0619174 0.262692 0.00120342 
2.16425 -0.92459 1.07548 0.354715 1.00977 -0.600139 0.965551 -0.779712 0.570802 -0.0412493 0.2777 0.0556596 
2.26038 -0.331829 1.59124 1.12318 1.43867 0.336574 0.812106 0.0224139 0.0610238 -0.482157 0.0468338 -0.0963115 
3.07798 -0.644582 2.5081 4.04369 2.21592 -0.701351 2.0369 2.04686 -0.385941 -0.555469 0.02164 0.117409 
2.14738 -0.0919396 2.01547 2.09387 1.50386 -0.632409 1.27234 1.22537 -0.296764 -0.439853 0.0666766 0.00262723 
-2.85911 -0.251904 4.57096 -1.04626 1.57643 -0.992655 3.13563 0.134942 -1.25343 0.144066 0.316711 -0.204312 
-3.17796 1.57401 1.23984 -0.167043 1.15923 -1.12519 1.75172 -0.940376 -0.254838 0.274448 0.583268 -0.0881799 
-0.584942 1.40481 0.593831 -1.1496 3.23297 -1.68159 1.30127 -1.07796 0.496632 0.14284 -0.0472216 0.01222 
-1.25324 2.07241 -0.205396 -1.38322 3.40577 -1.4405 1.46846 -1.25357 0.256519 0.177861 0.00528021 0.0127662 
-0.88229 2.69604 -1.79319 0.380211 2.36533 -1.58185 2.24787 -1.53734 0.720399 0.0602425 0.208629 0.00292447 
0.963799 0.586026 0.196715 0.148296 1.11947 0.161637 0.768059 -1.35807 0.779846 -0.350424 0.277949 -0.0833608 
1.53574 -0.486224 0.16611 -0.437818 1.6412 -0.667004 0.474897 -1.16295 0.822213 0.157681 0.267829 0.056344 
1.89507 -0.581373 1.09052 -0.157131 1.51705 0.0261462 0.80923 -0.462101 0.45463 -0.1397 0.386649 0.0199548 
2.22732 -0.885064 0.855523 -0.809271 1.62947 -0.730411 0.582653 -0.406732 0.512345 0.0915689 0.378405 0.120397 
1.99062 -0.590739 1.78628 0.0277469 3.18443 -0.605362 0.989326 -0.516848 0.322125 0.793271 -0.00390962 0.0712661 
2.37357 -0.75823 1.34105 -0.0035928 1.47799 0.753804 0.677786 0.0852314 0.850242 0.198074 0.429598 0.0668282 
2.29716 -1.29879 1.30686 -0.00295374 1.06892 0.0231988 0.315318 -1.08279 0.564697 0.303574 0.226492 0.0669139 
2.08121 -0.739862 1.77361 0.694456 1.00389 0.754351 0.885097 0.46583 0.210055 0.31554 0.465926 -0.0264379 
2.16854 -0.998507 0.312689 0.19503 1.24264 0.600877 0.631334 0.0198242 0.996767 0.136413 0.0586351 -0.00884568 
1.77981 -1.04747 1.22398 -0.347389 1.17148 0.219547 -0.348513 -0.971661 0.0708879 0.380795 0.168358 0.0203196 
1.99568 -1.32831 1.36583 0.14853 1.8287 0.841002 -0.48429 -0.964491 0.477766 0.126282 0.391016 0.0700019 
1.90776 -1.00173 0.996751 -0.284268 1.31186 -0.764549 0.144148 -0.25457 -0.016721 0.353753 0.364091 0.0118708 
1.93323 -0.928898 1.20667 -0.295563 1.45501 -0.792133 -0.0274613 -0.40516 0.652305 -0.0216738 0.188725 0.10272 
2.00114 -0.802655 0.755751 0.396261 1.00978 -0.150854 0.465641 -0.73824 0.182642 -0.0542694 0.304252 0.0532744 
1.78881 -0.683735 1.01616 0.4529 0.473722 -0.369312 0.549218 -0.335054 0.378717 0.246507 0.414922 0.00261136 
1.70939 -0.596172 0.644407 0.0626163 1.4897 0.343482 0.842832 -0.916457 0.323468 0.345174 0.353645 0.0260924 
1.67953 -0.848283 0.931578 -0.204711 1.79499 -0.402763 0.0232218 -0.717233 0.534111 0.0747568 0.372043 0.0639424 
2.01876 -1.0579 1.20129 -0.238913 1.52975 0.526412 0.418055 -0.664072 0.154378 0.525064 0.0890127 0.0330146 
2.04904 -0.901935 1.12258 -0.333639 1.59889 -0.113475 0.906012 0.0836097 0.477461 0.126632 0.260631 0.0544373 
1.81288 -0.648727 1.13878 0.307692 1.71025 -0.484201 0.446111 -0.38508 0.630811 0.271246 0.285865 0.00537147 
1.92289 -1.3306 1.42937 0.809331 1.66222 0.257715 0.767643 -0.288878 -0.472024 0.042281 0.260502 -0.00528844 
1.7871 -1.08581 1.51172 0.347571 1.65857 -0.383085 0.185064 -0.358455 -0.193612 0.150506 0.212601 0.00582525 
2.08232 -1.04969 1.77994 0.453995 0.00747079 -1.1711 -0.284213 -0.57398 -0.242474 0.507502 0.550324 0.0500377 
1.76361 -1.45164 1.0454 0.372926 1.04386 -0.100045 0.721618 -0.460879 0.153467 0.277457 0.30163 -0.00256501 
2.04566 -1.04247 0.956941 0.137381 0.155656 -0.73037 0.400607 -0.635507 0.146516 0.349526 0.0104637 -0.00427664 
2.43851 1.04056 1.22697 0.157743 0.0252503 -0.161138 0.585346 -1.11837 -0.104742 -0.444651 -0.0763638 -0.103868 
2.83354 2.29996 0.827856 0.0819449 1.95335 -0.177461 0.258454 1.55046 1.14468 -1.0015 0.430587 -0.107834 
2.92576 1.96714 1.73098 2.56317 1.93612 0.423181 0.931472 1.09455 0.414274 -0.355752 0.0274993 0.00385464 
3.05536 2.11352 2.28579 2.62501 1.95499 0.346415 0.750938 1.23912 0.607666 -0.133443 0.0460844 0.0280094 
4.60498 3.76064 1.90163 6.0918 4.62097 -1.91347 2.0754 0.124984 0.985601 -0.841339 -0.0416373 0.148304 
3.11479 2.6949 2.74155 2.30272 2.11802 0.961907 1.11883 0.651662 0.357978 0.202169 0.0254527 0.0133949 
3.0136 2.74971 2.76104 2.65138 1.93575 1.30778 1.31173 0.895859 0.372679 0.0272787 0.0815181 0.0145107 
3.99293 3.55503 3.65871 4.68605 3.33283 -0.133963 0.927883 0.927422 0.72651 -0.532472 0.0223387 0.0353508 
3.82959 3.7759 3.31617 4.02466 3.98397 0.251808 0.902172 0.725062 0.501992 -0.0743698 -0.000745603 0.00685194 
3.36564 2.96212 2.75795 3.02431 2.50285 1.07549 1.0687 0.785232 0.626532 -0.126007 0.0334679 0.00478367 
3.44643 3.1849 3.07191 3.17772 2.50165 1.45668 1.4484 0.685135 0.290057 0.111892 0.109022 0.00981784 
4.00658 3.91152 3.41341 3.92921 4.32171 -0.172984 1.70637 0.791553 -0.0608819 0.34772 -0.125016 0.0596144 
3.80797 3.87829 3.85716 3.55923 3.98684 0.546534 1.31737 0.574875 0.117219 0.413671 -0.0808063 0.0110405 
3.95894 4.34886 3.87863 3.4923 3.88391 0.206514 1.90672 0.382906 -0.419187 0.424572 -0.105828 0.0347201 
3.39876 3.04851 2.89071 2.60563 2.79123 1.31667 0.868279 0.717377 0.12781 0.411168 -0.106054 -0.00624237 
3.07816 2.94771 2.72496 2.7347 2.86786 0.845657 1.47885 0.922037 0.356623 0.361259 -0.124947 0.0305469 
3.74777 3.80313 3.48892 3.84178 4.43933 -0.0844986 1.66072 0.869336 0.0192765 0.189371 -0.0109099 0.0557782 
3.45879 4.79957 3.63673 4.35681 4.65345 0.402036 2.1255 0.482133 -0.322121 0.443892 -0.0738852 0.0430539 
3.68529 4.46319 3.88121 3.51506 4.42298 1.33454 2.14158 0.174788 -0.573367 0.462138 0.0566166 0.00832176 
3.0594 2.73435 2.49707 2.17458 1.85764 1.37827 0.908897 0.674836 0.313173 0.207191 0.0882935 0.00994411 
2.87908 2.51075 2.22169 1.98124 1.76175 1.21896 1.02116 0.544156 0.352072 0.184755 0.0293984 0.00449778 
2.97777 2.60347 2.44341 2.14924 1.86173 1.45744 1.08511 0.696934 0.39466 0.17957 0.0542086 0.0168337 
3.85262 3.8746 3.88429 3.23404 3.1661 1.83892 1.37992 0.589076 0.173287 0.283299 0.116604 0.0068737 
3.50511 3.82743 3.57684 3.26588 3.13021 1.39694 1.5128 0.285069 0.195441 0.338211 0.0569346 0.00812189 
3.58164 3.52751 3.52338 3.02437 2.77102 1.67152 1.27547 0.641922 0.200041 0.272707 0.0854412 0.00705198 
3.87556 3.90655 3.79482 3.35539 2.79856 1.7814 1.14235 0.392257 0.0795607 0.047996 0.150705 -0.00832946 
4.34125 4.71178 4.57414 3.96245 3.82379 1.7025 1.66556 0.238969 0.112398 0.237244 0.0316268 -0.0127123 
4.08254 3.89463 3.79728 3.78916 3.47445 2.54835 1.51519 0.651316 0.270261 0.35221 0.249901 0.0294841 
3.97389 3.78199 3.7124 3.46399 3.19292 2.50598 1.3931 0.567844 0.0967935 0.221583 0.272537 0.0258526 
3.741 3.53177 3.47765 3.3065 3.19358 2.69455 1.57003 0.651446 0.302633 0.361362 0.313435 0.0520556 
3.49774 3.29933 3.20905 2.97254 2.64554 2.1451 1.50681 0.903407 0.54544 0.37937 0.265795 0.0641475 
2.89036 2.46863 2.31651 2.15383 1.87153 1.59736 1.32068 0.982431 0.684974 0.459608 0.254402 0.0629671 
2.80696 2.36866 2.17119 1.96585 1.70904 1.46362 1.208 0.938353 0.648912 0.394087 0.22855 0.0484919 
3.04237 2.66297 2.58133 2.32036 1.99461 1.72161 1.39856 1.01573 0.644733 0.382145 0.184677 0.057676 
2.90634 2.48245 2.39311 2.27924 2.0256 1.7675 1.34521 0.988671 0.764703 0.528331 0.221805 0.0636644 
2.98206 2.57729 2.51659 2.39311 2.19486 1.77477 1.22442 0.911086 0.735189 0.454542 0.21618 0.0596714 
2.95326 2.33463 2.25041 2.44899 2.42926 2.00231 1.26414 0.694191 0.697686 0.75306 0.392886 0.0864562 
2.83552 2.25364 2.10793 2.09453 2.02661 1.77326 1.52981 1.13914 0.88398 0.702773 0.49405 0.100947 
2.76047 2.18903 2.03305 2.07152 2.07128 1.77891 1.36612 1.09463 0.92665 0.736798 0.470656 0.09141 
2.80105 2.27657 2.07029 1.92544 1.92116 1.81448 1.48615 1.21532 0.960219 0.716592 0.469442 0.0955838 
2.63119 2.07727 2.07497 2.0072 2.01094 1.58473 1.07255 1.00768 0.815131 0.630971 0.355383 0.0759141 
2.73762 2.02751 1.9383 1.84201 2.35041 2.01551 1.49868 0.972454 0.479762 0.803659 0.648825 0.0983707 
2.80394 1.85747 1.59081 1.90099 2.22399 1.87449 1.23802 0.777707 0.60932 0.679213 0.611998 0.0839119 
2.51989 1.65697 1.70182 1.71297 2.37584 1.61433 1.6734 0.78448 0.427773 1.06477 0.566585 0.061776 
2.61977 1.85161 1.80789 1.93889 2.34296 1.72988 1.20109 0.845055 0.732479 0.582134 0.572409 0.0744099 
2.55179 1.75892 2.21333 2.01673 2.58625 1.74649 1.09138 0.803309 1.08504 0.916251 0.601302 0.0738758 
2.58753 0.500913 2.01161 1.7153 2.79854 1.69112 2.17809 0.77836 0.717184 0.852102 0.708403 0.0776504 
