-0.135216 -0.512364 1.07073 0.797019 1.56165 -0.926345 1.8246 0.250074 -0.698054 0.357466 0.474533 -0.115941 
2.11168 -0.715776 1.19828 -0.863512 0.21787 0.278963 0.436527 -0.942093 0.552664 0.713618 0.448823 0.0928843 
2.31395 -1.31407 1.05443 -0.531114 0.77938 0.135518 -0.385956 -0.832519 0.825786 0.432437 0.305345 0.0432173 
2.4139 -0.880721 1.05815 0.354734 0.7072 0.36719 0.19999 -0.678824 0.387935 0.182851 0.126866 -0.0181891 
2.43645 -1.25522 1.33664 -0.977151 1.49602 0.39044 0.616844 -0.869234 0.00609358 0.466905 0.0909276 -0.0346509 
2.39248 -1.21589 0.730037 -0.0990971 0.498294 -0.543144 0.254572 -0.709389 0.634145 0.226328 0.3562 0.0471928 
2.49035 -0.704435 0.70977 -0.577684 1.06125 -0.0974073 -0.28511 -0.834843 0.507184 0.43237 0.56198 0.0273709 
2.25429 -0.849689 1.0548 -0.764849 0.527993 -0.0296887 0.464306 -0.37695 0.105684 0.307085 0.552816 0.0386039 
2.30258 -0.744702 1.03187 -0.369519 0.786631 -0.150965 0.420189 -0.494455 0.264914 0.15873 0.377123 0.0190825 
2.07089 -1.3234 0.79551 -0.194595 0.794534 -0.451663 0.318068 -0.363213 0.261413 0.0424659 0.223483 -0.0460138 
2.13413 -0.741567 1.1437 -1.23102 0.569654 0.707392 0.899482 -0.62364 0.105643 0.199963 0.191183 -0.0590775 
1.88174 -0.50237 0.460579 -0.103017 1.02923 0.245819 0.134442 -0.747248 0.726043 0.1645 0.384244 -0.0224772 
2.00194 -1.18909 1.13582 0.375555 1.13109 -0.154426 0.291577 -0.428097 0.193558 0.204059 0.225413 0.045144 
2.07068 -0.616856 1.12299 -0.485451 1.55551 -0.402005 0.0669468 -1.02094 0.0585707 0.517795 0.512757 0.0438276 
1.84568 -1.03316 0.75008 -0.0841201 1.44287 -0.455533 0.423658 -0.0413738 -0.465241 0.134009 0.254649 -0.0461445 
2.10847 -0.97548 0.944819 0.423952 1.7995 -0.487369 0.611136 -0.492616 -0.35695 0.47062 0.412892 0.022621 
2.22472 -0.802183 1.13948 1.12293 1.68107 0.062993 1.2605 -0.444967 0.465836 0.305654 0.342161 0.0265179 
2.01618 -0.674957 0.888517 0.24757 1.02092 -0.149041 -0.0942116 -0.809574 -0.198127 -0.105037 0.300944 0.0151045 
2.02198 -1.37876 1.08414 0.0104126 1.25376 0.0232753 0.282225 -0.944205 0.429845 0.2151 0.445853 0.0814495 
1.76274 -1.15139 1.22597 -0.696555 1.476 0.764559 -0.33304 -1.64968 0.243286 0.155724 0.0725506 0.115079 
1.94696 -0.788518 0.796796 0.217546 1.11403 0.56781 0.893701 -1.0208 0.357547 0.288135 0.243728 0.0799845 
1.97319 -1.07131 1.14875 -0.0868258 1.84606 -0.522995 0.337112 -0.686905 -0.155509 0.586567 0.394341 -0.00197002 
1.98383 -0.665765 1.5103 0.414328 2.26096 -0.341529 0.515258 -0.499656 0.116076 0.370373 0.468722 0.0308321 
1.75549 -1.64064 1.0894 -0.0392474 1.09902 -0.0267829 0.0835002 -0.942493 0.272782 -0.174512 0.18109 0.00790533 
1.72531 -0.722925 0.864889 0.398188 2.00128 -0.266768 0.842253 -0.926271 0.168404 0.299209 0.461437 0.0651432 
1.91099 -0.780701 0.978922 0.113646 1.80988 -0.117958 0.272397 -0.343644 0.127105 0.0319606 0.293926 0.0330326 
1.75684 -1.20525 0.935102 -0.073161 0.956934 0.574579 0.494726 -0.0666045 0.307856 0.138385 0.3239 -0.0353834 
2.0282 -0.975764 1.09252 -0.197931 0.994367 -0.319631 0.27196 -0.63242 0.307159 0.860746 0.242519 0.0212306 
1.85822 -0.868909 0.693597 -0.0526303 1.18743 -0.832783 1.01933 -0.380777 0.193976 0.497225 0.281878 0.0273476 
1.89898 -0.87195 0.769643 -0.353245 0.872605 -0.132761 -0.249864 -0.616536 0.0869388 0.388533 0.44536 -0.0296264 
2.06438 -0.708935 1.26025 -0.275278 1.63391 -0.155183 0.525247 -0.797698 0.0926194 0.380125 0.245829 0.0424903 
2.04373 -0.870001 1.22736 0.273528 0.561746 0.136285 0.515644 -0.767109 0.59397 0.264519 0.421024 0.0261506 
1.62963 -0.89594 1.19098 0.128099 1.74967 0.32403 0.519625 -1.16049 0.0273969 0.137981 0.436074 0.0623486 
1.89286 -0.762031 1.21229 0.0693662 1.57534 -0.370076 0.666555 -0.81497 -0.122197 0.194627 0.335034 0.0406294 
2.80815 2.41639 1.51231 -0.188663 -0.999101 -1.39195 0.316534 0.963327 0.0800046 -0.911414 0.844212 -0.0495536 
3.1357 2.89407 1.35171 1.37336 0.904982 -0.525786 0.994236 1.61629 0.36622 -0.325646 0.428239 0.0373226 
4.67858 3.47903 1.83847 2.35103 4.69787 -1.42638 0.94339 0.667139 0.0432668 -0.6964 -0.141802 0.174847 
4.35414 4.02511 1.56584 3.31844 4.77971 -1.49442 1.82388 -0.0558631 0.507772 -0.873758 -0.0146972 0.172273 
2.93561 2.67591 2.32408 2.29736 1.81041 1.1205 1.06749 0.520609 0.598182 0.10127 0.167938 0.0135052 
2.86474 2.59013 2.23388 1.99789 1.84254 1.48265 1.27461 0.638056 0.502434 0.261678 0.162277 0.0211544 
3.39741 3.53086 3.04403 2.82019 2.43742 1.54921 1.2469 0.583572 0.353888 0.184691 0.203633 0.0244464 
3.19539 3.0875 2.69093 2.58158 2.055 1.39313 1.25506 0.493747 0.629576 0.119899 0.181847 0.0291432 
3.13567 2.87929 2.7872 2.45298 2.29659 1.6805 1.35961 0.851512 0.473127 0.198384 0.0568714 0.0264371 
3.37895 3.60694 3.32168 2.78827 2.9105 1.37651 1.37842 0.549454 0.160479 0.301504 0.0112681 0.00267418 
3.61165 3.93518 3.58043 3.16727 3.06039 1.4218 1.28175 0.443742 0.0733227 0.26838 0.0504331 -0.005823 
4.33391 4.27354 3.79782 3.20579 3.26255 1.54768 1.23164 0.64772 0.0870633 0.171358 0.0532835 -0.00489745 
3.83711 3.84848 3.507 3.11115 2.79464 1.81197 1.5146 0.653642 0.351244 0.161279 0.135102 0.0146575 
3.68087 5.41896 3.50807 3.24777 4.66736 1.41672 2.74026 0.209981 -0.945291 0.426561 -0.0702869 0.064556 
3.55758 4.63897 3.65816 2.91067 3.97376 1.25289 2.06362 0.256887 -0.554258 0.542184 0.00146205 0.0429115 
3.64801 4.58212 3.78358 3.15063 4.0835 0.692574 1.88367 0.0998497 -0.357371 0.570271 -0.0851682 0.0458819 
3.7305 4.7684 3.82997 2.71479 3.75707 0.599604 1.97283 0.493323 -0.268857 0.593179 -0.105059 0.0586537 
3.06528 2.75965 2.60969 2.14857 2.13416 1.41309 1.21442 0.825021 0.379902 0.352294 0.0772384 0.0274299 
2.95996 2.70553 2.44389 2.11322 2.02666 1.34014 1.18055 0.733728 0.384092 0.351935 0.0728514 0.0236175 
3.39391 3.39883 3.22186 2.75798 2.68612 1.56257 1.34844 0.646276 0.235997 0.326845 0.123549 0.0214845 
3.64241 4.06124 3.59165 3.17313 3.08558 1.57474 1.47735 0.457924 -0.0206284 0.375867 0.112012 0.0152033 
3.76809 4.55412 3.88875 3.28613 3.53787 1.17209 1.57826 0.385196 -0.236708 0.521506 -0.00774304 0.026026 
3.1227 2.89333 2.74642 2.23122 2.2659 1.40429 1.30461 0.853284 0.447879 0.428734 0.0964766 0.038944 
3.05837 2.69342 2.55881 2.10632 1.98846 1.4109 1.06366 0.76834 0.318519 0.316688 0.0678615 0.0259385 
2.8684 2.42685 2.20502 1.98886 1.70444 1.40266 1.1007 0.782532 0.523709 0.298521 0.137977 0.0305635 
2.93469 2.50785 2.31282 2.08628 1.79916 1.45171 1.11229 0.789016 0.49174 0.291225 0.139689 0.0320202 
3.31776 3.05917 2.95155 2.73222 2.3257 1.89762 1.43147 0.913737 0.556242 0.295202 0.136036 0.0413108 
3.39323 3.21368 3.13414 2.91806 2.53043 1.9542 1.38747 0.855764 0.504634 0.292326 0.179784 0.0418161 
3.45888 3.36716 3.48293 3.30459 2.89601 2.38194 1.76546 1.18483 0.732475 0.40615 0.209661 0.067429 
3.52673 3.33875 3.46054 3.3618 2.94655 2.429 1.83837 1.28775 0.822151 0.440769 0.195067 0.0742633 
3.51331 3.31907 3.22981 3.10218 2.80393 2.34873 1.61418 0.952271 0.614779 0.42904 0.190925 0.0604294 
4.22342 3.6263 3.97974 3.77373 3.65665 2.50115 2.07572 0.953501 0.443903 0.394378 0.381587 0.0796303 
3.4965 3.3115 3.44011 3.18192 3.1379 2.37136 1.98864 1.63077 1.08219 0.568158 0.226617 0.110327 
3.22619 2.86551 2.94403 2.83733 2.86477 2.44055 1.70118 1.32276 0.967808 0.573117 0.280071 0.113726 
2.86202 2.41497 2.37739 2.15922 1.99152 1.98462 1.53382 1.24324 0.975272 0.629004 0.405471 0.106289 
2.71625 2.23193 2.13164 1.92592 1.76964 1.56882 1.35041 1.06392 0.879676 0.598043 0.349864 0.0841087 
2.97598 2.12933 2.09823 2.16037 1.99453 2.03643 1.22518 0.8168 0.836802 0.656454 0.54877 0.10162 
2.83474 1.58199 1.7885 1.98228 2.38259 1.84761 1.07169 0.742035 0.810507 0.735764 0.584248 0.0575761 
2.29493 0.648592 2.18724 0.489169 2.49938 1.72429 0.965414 1.24705 1.04084 0.302976 0.544579 0.000300733 
2.25574 -0.095186 1.59988 1.11119 1.67461 1.49581 1.46586 -0.287802 0.692494 0.638176 0.444653 -0.0227494 
2.29724 0.218483 1.61412 1.04619 2.54292 1.63054 0.994735 -0.271066 0.85027 0.381144 0.548745 0.0279398 
2.02529 -0.132439 1.4122 1.32057 2.68076 1.93448 1.4428 0.329622 0.436098 0.665669 0.629329 -0.0370564 
2.045 -0.642283 1.0197 1.36427 2.5499 0.756214 1.56905 0.0419921 0.224754 0.561058 0.336801 0.0156147 
1.58098 -0.887978 0.829001 -0.107479 1.27325 0.133417 0.510977 -0.878904 0.338804 -0.0132232 0.336233 0.0600793 
1.72122 -0.614165 0.957461 0.455001 1.6003 0.104813 0.692741 -0.343328 0.660057 0.0779787 0.3394 0.0434599 
1.66235 -0.606338 0.243294 -0.0102641 1.4763 0.794829 0.688176 -0.745668 0.307155 0.47683 0.317048 0.0201347 
1.7093 -0.443186 0.807696 -0.0638617 1.32224 0.306493 1.00534 -0.15195 -0.0077738 0.526622 0.325671 -0.000487685 
1.48017 -0.566 0.371464 0.44493 1.39698 0.678221 0.226984 0.354871 0.846853 0.431638 0.201639 -0.0739224 
1.62063 -0.685156 0.745494 -0.457595 0.57924 0.54846 0.872502 -0.561043 0.510198 0.319428 0.264744 0.00468969 
1.81782 -0.874557 0.504007 -0.150886 1.00806 -0.771208 0.453703 -0.395297 0.398615 0.506975 0.241327 0.0196227 
1.77276 -0.927823 1.09967 0.189025 0.284634 -0.245539 0.163332 -0.456477 0.550766 0.251291 0.246101 0.10089 
