1.80662 -1.23265 1.04012 -0.332273 0.944039 0.110021 0.192454 -1.17393 0.533395 0.242841 0.165728 0.0541445 
1.98124 -1.4242 1.02957 0.047941 0.723186 -0.674069 0.531696 -0.337132 0.373654 0.190069 0.50656 0.0230603 
1.08206 -2.3628 2.38593 0.508373 -0.52515 -0.950056 0.446822 0.972663 -0.480182 -0.193015 0.539723 0.109667 
5.0882 -2.86481 2.19875 2.84004 -0.925292 -0.767695 4.89389 2.72075 -0.53989 -0.335839 0.0358437 -0.0794868 
3.24197 -1.06185 1.51323 3.01651 -1.15474 -0.0655216 4.16784 2.50193 0.0572186 -0.473271 -0.00811105 -0.0572003 
3.14728 -1.76407 1.20771 3.47225 -2.03638 -0.7529 5.09477 2.14846 0.0658696 -0.265295 0.164303 -0.156645 
2.92036 0.855394 -0.54064 0.829938 -0.840644 1.22176 2.80302 1.80278 0.937244 -0.647044 -0.135731 -0.160809 
3.29046 0.714218 0.138368 1.35791 1.28528 0.216931 2.17369 1.34646 1.59202 -0.674489 -0.354938 -0.0557242 
-0.344259 3.28956 -2.51385 0.834707 0.544057 -2.03429 3.11578 -1.20795 1.3975 -0.518406 0.000995886 -0.219822 
1.60688 0.6754 0.649267 0.316718 0.942189 -0.256241 0.0334135 -1.67605 0.217025 -0.19797 0.0574047 -0.181584 
2.39521 -0.581656 1.63923 0.449422 0.946727 -0.160764 -0.489525 -1.506 0.229795 0.238636 -0.11951 -0.0558321 
2.39179 -0.982626 1.37968 -0.512156 1.65736 -0.159857 0.132692 -0.638692 0.195788 0.613884 0.263379 0.0375064 
2.03318 -1.03783 0.825585 -0.27919 1.0901 -0.548091 -0.326716 -0.21627 -0.153581 0.35327 0.262263 0.0156412 
2.27984 -0.734737 1.7895 -0.180585 0.590179 0.369024 0.246095 -0.639048 0.94002 0.55358 0.335842 0.0703177 
2.08533 -0.455715 1.15454 -0.193148 1.98367 -0.151077 1.04864 0.183289 0.223425 0.455517 0.45307 0.0592083 
2.03613 -1.30897 1.34975 0.0369827 1.0686 -0.0694957 0.618791 -0.5143 0.484145 0.323388 0.259066 0.0551949 
1.53215 -0.697637 1.12641 0.237777 1.16369 -0.218249 0.459264 -0.548812 0.493915 0.0695254 0.322202 -0.0259979 
1.90263 -1.03423 1.42534 0.0777372 1.45187 0.392725 0.672434 -1.04033 -0.147594 0.073478 0.0939 -0.00550563 
1.89657 -1.25633 1.07041 0.334562 1.17831 0.168907 0.259133 -0.378109 0.569467 0.168038 0.262728 0.0683304 
1.92407 -0.568534 1.08626 0.172892 1.30104 0.17412 0.591506 -1.29318 -0.214473 0.159935 0.325891 0.0374778 
1.70502 -1.05886 1.27839 -0.36017 0.686268 0.105677 0.344058 -0.185387 0.59046 0.389909 0.213965 -0.0727178 
1.8749 -0.423811 0.991317 0.0462371 1.32821 -0.303474 0.377969 -0.894719 0.113516 0.436254 0.311362 0.0186069 
1.94973 -0.935509 0.943898 -0.277566 1.24615 -0.615683 0.295303 -0.358216 0.418347 0.172382 0.331218 0.0386635 
2.16688 -0.381055 1.37371 0.0103838 0.657165 -0.100526 0.08538 -0.993876 0.309396 0.113547 0.363649 0.0263772 
2.13628 -0.990378 1.36221 -0.260467 0.841707 -0.401626 0.29039 -1.3174 -0.302371 -0.00253319 0.0754127 0.0812418 
1.94978 -0.855456 0.142037 0.106774 0.516465 -0.0708301 0.0423765 -1.39635 0.126867 -0.123922 0.281272 0.0719475 
1.75389 -0.691873 1.48591 -0.625232 1.50114 -0.171481 -0.112638 -0.70955 0.107869 0.145906 0.357096 0.0082628 
1.69477 -1.11695 1.15628 -1.03488 1.63552 -0.154675 -0.20993 0.535278 -0.398514 0.57063 0.36484 -0.0522983 
1.88691 -0.808521 1.43653 -0.534423 0.834726 -0.0614382 0.512492 -0.661968 0.32563 0.413505 0.538191 0.0341818 
2.14547 -0.804013 1.38926 0.385041 0.977103 -0.18096 0.10028 -1.25467 -0.27629 0.285382 0.261049 -0.0895049 
1.9087 -1.29449 0.765709 0.0454923 1.11177 0.414143 0.573398 -0.497247 0.760709 -0.138983 -0.0492713 -0.0348188 
1.74487 -1.17128 1.17359 -0.0902877 1.33943 0.0131428 0.686628 -0.952334 0.330917 0.674441 0.17492 0.0157743 
1.82267 -0.74692 1.37655 0.370567 1.76761 -0.168203 0.770186 -0.763154 -0.0174868 0.0583722 -0.0223147 -0.0258009 
1.86823 -0.654401 1.07903 -0.165499 1.70716 0.350564 0.623668 -0.885984 0.478067 0.115972 0.264826 0.0431865 
1.87987 -0.733759 0.82414 -0.472149 1.33447 -0.21205 -0.436854 -0.459928 0.390547 0.299063 0.0416091 0.00146932 
2.10846 0.0376341 1.09655 -0.197288 1.3725 -0.272033 1.27955 -0.0382141 -0.106135 0.183604 0.538912 0.0339257 
3.90409 4.23803 -0.952273 0.666195 -0.548801 -2.5981 0.492238 1.56197 0.140013 -0.968485 -0.254047 -0.0250409 
3.95805 3.67377 1.11592 2.70861 3.31837 -0.615842 0.760495 0.58578 1.21121 -0.235121 -0.0344825 -0.00707691 
3.75256 2.90855 2.69134 3.15821 2.87895 -0.262723 0.767709 0.90846 0.783228 -0.242517 -0.0761562 0.0217193 
3.47952 2.86707 2.61588 2.97661 2.37684 0.691646 1.26305 0.922526 0.474838 -0.188886 0.0809408 0.0159198 
2.85764 2.6467 2.22346 1.97702 1.85684 0.766625 1.1543 0.316499 0.547634 0.163019 0.0500893 0.0116504 
2.95447 2.471 2.32219 2.00082 1.72288 1.25727 0.963277 0.571201 0.249654 0.16657 0.118335 0.0108082 
4.23204 3.36037 3.12286 3.90617 3.57878 0.868752 0.837888 1.07355 0.352464 -0.530871 0.166455 0.0317854 
3.2552 2.83978 2.8274 2.67263 2.02764 1.34475 0.845999 0.687577 0.303252 0.0709493 0.0547975 0.00683824 
3.13205 2.81794 2.71191 2.56412 2.08808 1.44634 1.25718 0.678343 0.288925 0.0716848 0.0690123 0.00696332 
3.49486 3.18043 2.95373 2.98264 2.55839 1.10752 0.877363 0.743857 0.505506 0.143161 -0.0498447 -0.00449629 
3.49919 3.06445 2.87555 2.85315 2.97237 1.25992 1.26662 0.905374 0.51428 0.193642 -0.0412012 0.0090932 
3.78651 3.58069 2.83478 3.36284 4.24462 0.205326 1.66869 1.0051 0.143538 0.235959 -0.0628929 0.0571648 
3.02308 2.77831 2.64322 2.48169 2.19574 1.26813 1.10212 0.916135 0.408716 0.120528 -0.054509 0.0116141 
3.04069 2.79322 2.49274 2.33738 2.35351 1.53993 1.33056 0.599651 0.323332 0.219541 0.00601202 0.0195539 
3.54139 3.61028 3.13743 2.94619 3.64033 0.720995 1.52113 0.624319 0.269358 0.329517 0.0112839 0.0330009 
3.38183 3.31322 3.04737 2.81595 3.56703 0.922178 1.47748 0.992062 0.452695 0.568717 -0.103948 0.0385017 
4.05439 4.91244 2.13329 3.8087 7.12218 -0.781219 1.93522 0.827467 0.122883 0.0213385 -0.380236 0.118172 
3.19264 2.71116 2.69064 2.16268 2.25754 1.27603 0.799829 0.689344 0.230193 0.355662 0.0311895 0.00799846 
2.87261 2.55974 2.27921 1.95387 1.90662 1.04314 1.1536 0.585404 0.315476 0.2386 -0.0309682 0.00695597 
2.97748 2.68659 2.50316 2.08308 2.13729 1.48506 1.28094 0.800766 0.298107 0.244595 0.0134461 0.0185044 
3.79128 4.10447 3.87623 2.85263 3.55354 0.894366 1.71469 0.50326 -0.016991 0.395279 0.0098931 0.0257474 
3.53517 3.5304 3.31003 2.95367 2.72028 1.73487 1.41854 0.569951 0.212281 0.288846 0.104533 0.0160405 
3.46045 3.48929 3.358 2.79597 2.77612 1.70155 1.51085 0.733535 0.30494 0.371859 0.0479367 0.0216452 
3.85035 4.49002 3.87593 2.98845 3.85704 1.43641 2.07356 0.476165 -0.382701 0.57011 -0.00167201 0.0337766 
3.88245 4.22984 3.90349 3.29765 3.20401 1.48831 1.40895 0.287008 -0.16701 0.199636 0.0827483 -0.008879 
3.75422 3.9531 4.08044 2.88314 3.52321 1.33599 1.52453 0.69904 -0.0993225 0.555631 0.0183894 0.0139107 
3.29326 3.80835 3.5357 2.70885 3.70345 1.4175 2.20285 0.997244 0.349745 0.849087 -0.0709818 0.0820808 
3.30092 3.10312 3.08333 2.37508 2.55412 1.48497 1.33342 0.887558 0.270325 0.485292 0.0135393 0.0298474 
3.32379 3.04372 2.92247 2.48451 2.23558 1.72426 1.29108 0.909976 0.452197 0.332996 0.114697 0.040482 
2.93636 2.56531 2.39316 2.15952 1.87934 1.52533 1.21546 0.8547 0.553257 0.318493 0.139771 0.0445149 
2.76383 2.27357 2.07542 1.85641 1.65006 1.37786 1.04344 0.828955 0.561208 0.335159 0.165741 0.0329467 
2.77101 2.29839 2.07662 1.87339 1.62593 1.31962 1.0237 0.744155 0.511857 0.276688 0.106012 0.0194408 
2.8528 2.41833 2.21453 1.96168 1.68138 1.38158 1.03771 0.748094 0.468161 0.243068 0.101544 0.0194132 
2.97858 2.60121 2.38276 2.15484 1.88265 1.5658 1.23135 0.92171 0.591943 0.329369 0.158551 0.0549608 
2.83294 2.3162 2.13485 2.02916 1.8394 1.46181 1.21242 1.01065 0.707046 0.454147 0.258624 0.0696774 
2.68849 2.1583 2.01382 1.92294 1.66848 1.40254 1.17254 0.931067 0.708603 0.481449 0.289416 0.0634711 
2.7313 2.30713 2.11214 1.92292 1.77762 1.56946 1.32202 1.07701 0.809888 0.600706 0.357117 0.0840932 
3.17842 2.49326 2.6584 3.0438 2.56867 1.92557 2.00855 1.39376 0.795744 0.713354 0.312938 0.122454 
4.50878 1.45636 2.83358 2.61984 2.71882 1.72855 2.18221 1.62063 0.700074 0.750561 0.29914 0.0855845 
3.27026 -0.0732099 0.936454 1.82256 1.56156 -0.418112 -0.493817 0.140324 1.54512 0.0312772 0.498876 0.178504 
2.34987 -0.643602 0.888857 0.288638 1.82012 -1.25069 -0.232535 -0.310093 0.730633 0.459098 0.616215 0.181861 
2.18061 -1.52846 0.10668 -0.257627 1.67515 -0.423276 0.186915 -0.209988 0.272457 0.36805 0.444385 0.0859271 
1.99775 -0.988951 1.24015 0.0576168 1.27956 -0.426589 0.387822 -0.0729998 0.243432 0.237061 0.491125 0.135295 
1.67842 -0.731883 0.430082 0.558578 1.01764 0.185031 0.110238 -0.76038 0.396101 0.232684 0.210977 0.0142923 
1.85155 -1.0561 0.418242 0.155683 1.42933 -0.566649 0.672065 -0.339318 -0.223605 0.444831 0.158119 0.0312706 
1.91477 -0.973338 0.607281 0.633505 0.899809 0.0501051 0.0919888 -0.370659 0.439975 0.590219 0.298379 -0.0638637 
2.00751 -0.868453 1.11953 0.0689961 1.2647 0.0398084 0.749184 -0.785966 0.466363 0.565882 0.496733 0.0507625 
1.63474 -0.512353 0.770634 0.301011 1.39548 0.0481099 0.521394 0.0259276 0.0143615 0.374015 0.29096 0.0458478 
1.22813 -1.00869 0.11029 -0.45469 1.08448 0.3144 -0.520309 -0.579195 0.573249 -0.0468169 0.283074 0.0368381 
