1.91355 -0.760032 0.372567 0.0651255 1.47545 -0.377131 -0.0324836 -0.577346 0.307589 -0.0707256 0.381474 -0.0243289 
1.76259 -1.09034 1.29408 -0.146992 1.91738 0.0901888 -0.309991 -0.290982 0.00688868 0.274823 0.238933 -0.0434846 
1.78335 -0.961293 0.361052 -0.737497 1.21532 -0.17085 -0.308524 -0.180107 -0.0146075 -0.0511912 0.481124 0.00270705 
1.84089 -1.50752 1.59617 -0.439761 0.963563 1.04116 0.713461 -1.09033 0.484604 0.0959788 -0.0263911 0.0126032 
1.92961 -1.10163 1.04985 -0.691852 1.64528 -0.0573277 0.765328 -0.528254 0.239261 0.311523 0.364634 0.0464988 
2.10481 -0.313571 1.4718 0.491229 1.51649 0.457708 0.71542 0.0561752 0.314489 0.0655012 0.574448 0.0615079 
2.08764 -0.782167 0.666875 0.273193 1.93135 0.204775 1.07989 -0.293563 0.208658 0.473955 0.667443 0.0330925 
2.30438 0.015011 1.77272 0.805148 2.27257 0.564218 0.991106 -0.61021 1.06415 0.487609 0.693446 0.0355863 
2.189 -0.916244 1.63593 -0.0159013 1.11119 0.140839 0.483022 -0.26135 -0.0456195 0.568142 0.575584 0.0321453 
2.27006 -0.62952 1.15468 -0.50654 0.99881 -0.202374 0.305492 -0.411176 0.589096 0.683057 0.370559 0.0525654 
2.03079 -0.775487 1.00359 -0.310498 1.24347 -0.426842 -0.0726579 -0.908122 0.245152 0.324226 0.37359 0.054934 
1.87398 -1.44321 0.747206 -0.184095 0.908557 0.386808 0.782981 -0.859556 0.00987889 0.346 0.340214 0.0123326 
1.71914 -1.30486 1.16346 -0.446702 1.35023 0.0956725 -0.172765 -1.08818 -0.247038 0.220301 0.421375 0.0142796 
1.87772 -1.36885 1.24442 -0.333091 2.40646 0.153961 0.157741 -0.606193 0.0356466 0.451068 0.138367 0.0608557 
1.92341 -1.2763 0.927362 -0.150726 0.939063 -0.518923 0.697968 -0.249271 -0.527602 0.490786 0.447751 -0.0189724 
1.89298 -0.979602 0.697455 0.118332 1.24711 -0.486815 0.628432 -0.892634 -0.0421055 0.552094 0.185976 0.0324912 
2.10624 -0.734429 1.33643 0.427067 1.68204 -0.153218 0.451029 -0.534578 0.107383 0.29411 0.214772 -0.0441476 
2.40367 -0.504835 1.42908 0.136716 2.60709 0.214667 0.390671 0.138282 0.382079 0.569751 0.570073 0.0367901 
1.75831 -1.10939 1.52596 0.309728 1.49878 -0.220808 0.663219 -1.09811 -0.0243643 0.396721 0.471304 0.0282584 
2.32032 -0.707963 1.78696 -0.0675782 1.67378 -0.132375 0.160061 -0.356671 0.0961918 0.127728 0.185561 -0.0369125 
1.97927 -1.04079 1.34876 -0.172394 1.20342 -0.38301 0.887846 -0.828834 0.0538242 0.489239 0.42901 0.0244017 
2.04877 -1.309 0.726391 -0.0549906 1.23398 0.504791 0.665102 -0.580311 0.711992 -0.0240244 0.258049 0.0404537 
1.89578 -1.18436 1.02304 -0.298717 0.851474 -0.126578 0.79376 -1.18067 0.1606 0.225667 0.438368 0.0845798 
1.87225 -1.22791 0.824262 0.261263 2.14354 0.257284 1.27265 -0.281704 0.382157 0.152759 0.346383 -0.023379 
1.96343 -0.946799 1.20368 0.126025 1.59146 0.0424776 0.462403 -0.838596 0.276905 -0.164715 0.149902 0.0755321 
2.33685 -0.657778 1.00506 0.387233 0.489424 -0.458432 -0.34843 -1.68245 -0.40143 0.229002 0.273374 0.0465527 
2.29405 -0.975948 0.951141 -0.0542125 1.58615 -0.0352986 -0.0202365 -1.30529 0.0911409 0.044068 0.386249 0.11832 
2.24639 -0.726921 0.676482 0.0260312 1.58998 -0.12786 0.786101 -0.952285 -0.245394 0.573174 0.298498 0.0279353 
2.04613 -1.28612 0.709839 0.0901732 1.42273 0.211225 0.708488 -0.577318 -0.0145201 0.11627 0.288798 -0.00696369 
1.80272 -1.06581 0.466969 0.233504 1.58759 -0.0890482 0.794013 -0.911185 0.150517 0.351056 0.184611 -0.0127714 
-0.206631 1.49325 -1.91068 1.6208 0.450904 0.4791 0.534931 -1.87916 0.845362 -0.0360835 0.575268 -0.129587 
0.42245 0.793245 -1.03812 1.1045 0.69541 0.651598 0.0817546 -1.35759 0.806202 -0.0508694 0.669061 -0.125847 
1.1898 0.116819 -0.477872 1.3553 -0.237725 0.577587 0.533486 -0.968997 0.66904 -0.110324 0.748241 -0.0687291 
1.966 -1.0555 1.07664 -0.0320712 1.27666 -0.0132373 0.166872 -0.38426 -0.0279789 0.688701 0.393333 -0.0267099 
1.85626 -1.34645 1.18402 0.105669 1.54965 0.143485 0.097108 -0.791821 0.133265 0.515517 0.270712 -0.0661596 
2.17624 -1.32405 1.117 0.332847 1.52473 0.497556 0.694439 -0.919232 0.457983 0.194853 0.10578 0.0125038 
2.06433 -1.05676 0.79006 -0.150499 1.59927 -0.475756 0.0833841 -0.872762 0.10916 0.411489 0.19972 0.0308128 
1.96266 -0.871478 1.28077 -0.687974 1.22042 0.741026 0.0389103 -0.444799 0.297524 0.665177 0.365197 -0.047792 
2.03899 -1.68882 1.217 -0.210399 1.16616 0.261056 0.146602 -0.415874 0.357327 0.415644 0.292197 0.00336749 
1.97098 -0.945397 1.04288 0.203995 0.60377 -0.164691 -0.0738915 -1.15497 0.371827 0.357262 0.359372 0.0763051 
1.63735 0.574833 0.816314 -1.05795 2.77203 -1.57255 0.697797 -0.65324 -0.365619 0.674957 0.26416 -0.0296746 
1.39945 1.58422 0.535329 -0.589069 0.476689 -2.14717 0.114365 -1.14548 -0.373055 -0.298939 0.116429 0.099646 
3.10789 3.1238 2.49533 1.08954 2.75253 1.35313 1.28945 2.00566 0.696667 -0.531271 0.22564 -0.0292145 
3.63368 2.56999 2.15362 3.12467 3.01071 -0.362353 0.221302 0.469564 0.476118 -0.146076 0.121374 0.0322928 
3.5718 2.79591 2.51472 3.28969 2.9701 0.437835 0.529093 0.937507 0.61144 -0.208944 0.129123 0.0293959 
3.27742 2.65 2.41021 2.52056 2.32893 1.13257 0.979148 0.364617 0.227098 0.0717993 0.228348 0.0169235 
3.04112 2.57765 2.46425 2.55069 2.00458 1.1241 1.2525 0.954833 0.566854 0.0962054 0.0603656 0.0259107 
3.36784 2.85369 2.92097 3.26827 2.56952 1.03825 1.22085 1.30971 0.654504 -0.0568809 0.0473223 0.032539 
3.5506 3.1431 3.01881 3.23042 2.64863 1.34757 1.09687 1.04049 0.589894 0.00259066 0.0981098 0.0197086 
3.22994 2.87982 2.65931 2.35567 1.96423 1.42174 1.05969 0.640633 0.43888 0.183323 0.131854 0.0228074 
2.87186 2.4226 2.17924 1.95334 1.64445 1.33432 0.977755 0.669297 0.424981 0.210437 0.093269 0.0142673 
2.93353 2.51643 2.30696 2.06241 1.74658 1.38913 1.02064 0.702654 0.437888 0.244904 0.122598 0.0223057 
3.55746 3.42154 3.33052 3.02616 2.50949 1.86033 1.20783 0.669099 0.336528 0.183041 0.154308 0.0164054 
3.91627 4.09242 3.93263 3.47739 2.9799 1.5897 1.13596 0.263786 -0.0143817 0.116194 0.114352 -0.0141256 
3.96259 4.27822 4.25805 3.57678 3.27097 1.57235 1.02268 0.181652 -0.174315 0.0640147 0.0766331 -0.035608 
3.20854 2.88012 2.6803 2.40913 1.91538 1.55852 1.00198 0.666873 0.375322 0.189949 0.144933 0.0210133 
2.91752 2.53921 2.28242 2.04705 1.795 1.32886 1.12333 0.672082 0.452844 0.279484 0.083581 0.0201968 
2.98977 2.59157 2.46269 2.19274 1.90885 1.58148 1.10495 0.838944 0.453138 0.247772 0.0967937 0.0277187 
3.24684 3.06888 2.90457 2.65681 2.38594 1.73709 1.44531 0.818734 0.487716 0.255645 0.0963294 0.0333875 
3.42382 3.28643 3.18594 2.85175 2.4965 1.78797 1.26535 0.712632 0.402208 0.208915 0.146153 0.0248976 
3.61372 3.62633 3.50536 3.32578 2.8847 2.00296 1.44157 0.683966 0.468227 0.155975 0.210005 0.0221646 
3.69338 3.66124 3.52839 3.30462 2.63093 2.06892 1.37951 0.788845 0.385484 0.207766 0.181398 0.0233357 
3.99286 4.40235 3.97401 3.51505 3.41227 1.75014 1.70757 0.449326 0.287043 0.178146 0.178109 0.0169439 
3.89451 4.50681 4.02152 3.84074 3.30476 2.20231 1.99533 0.649013 0.70711 0.280405 0.245375 0.0370614 
3.80933 4.05787 4.03839 3.62932 3.4317 2.05145 1.79674 0.583836 0.578758 0.360825 0.21039 0.037952 
4.04453 4.23426 4.3591 3.99493 3.44669 2.28684 1.60726 0.937891 0.628743 0.252719 0.272857 0.0398535 
3.63981 3.63951 3.70031 3.65518 3.1548 2.69347 1.85193 1.06381 0.755654 0.430723 0.3052 0.0724438 
3.35618 3.15955 3.12183 2.96121 2.64544 2.27383 1.81004 1.24947 0.791252 0.432928 0.159788 0.0720554 
3.27913 3.03891 2.95404 2.7352 2.48384 2.03477 1.62805 1.19149 0.723677 0.384727 0.132826 0.0594649 
3.34304 3.09842 3.01102 2.89263 2.55636 2.17052 1.66768 1.14367 0.653902 0.367852 0.125357 0.0544569 
3.58962 3.31892 3.43825 3.2675 2.93884 2.36697 1.87939 1.0831 0.601198 0.437211 0.150315 0.0532979 
2.7721 2.30467 2.18232 1.94109 1.79118 1.63043 1.31845 0.995479 0.827452 0.566817 0.352805 0.0851461 
2.67525 2.13986 1.96673 1.78939 1.63413 1.36223 1.14368 0.897284 0.714841 0.480014 0.267233 0.0637154 
2.79864 2.39064 2.24104 2.08674 1.93386 1.68696 1.43067 1.14415 0.89281 0.624344 0.360969 0.0892578 
2.95886 2.56966 2.4509 2.24233 2.19219 1.91055 1.52909 1.26216 1.00293 0.623975 0.362565 0.108518 
2.83286 2.4003 2.16537 2.09524 1.97881 1.73435 1.4602 1.13703 0.954946 0.653962 0.380828 0.093558 
2.87989 1.59167 2.12658 2.55932 1.69698 1.08688 1.18973 0.774683 0.902772 0.57158 0.406047 0.0730399 
3.17842 0.382868 1.8826 2.8453 1.47706 0.100113 0.189331 -0.326161 0.00953857 0.452426 0.551991 0.00598043 
2.74514 0.277269 1.97358 1.6875 2.14207 1.0884 0.585014 -0.0230416 0.243625 0.598278 0.320797 -0.01576 
2.38409 0.194893 1.87686 0.952842 2.7332 1.36528 1.49131 0.245117 0.554765 0.539379 0.707425 0.026281 
2.43207 0.300919 1.77395 1.28855 2.63792 0.525692 1.48799 -0.0812137 0.786778 0.925944 0.228592 0.0376067 
2.39502 0.0656143 1.34424 0.839091 2.23086 1.19768 1.61621 0.135348 0.8569 0.48381 0.532953 0.0511993 
2.08432 -0.375848 1.39493 0.71424 2.05562 0.698359 1.01235 -0.381441 0.842677 0.510738 0.407394 0.0691069 
1.84571 -0.937963 0.731048 0.343621 1.64806 -0.0500384 1.04597 -0.378026 0.403984 0.462742 0.475434 0.0951376 
1.7225 -0.952526 0.939101 -0.00827044 1.77684 -0.00710965 0.109459 -0.581269 0.435857 0.478683 0.200092 0.0874812 
