2.23304 -1.77559 0.684225 -0.516173 1.49162 0.615138 1.86621 0.89083 -0.105584 -0.447999 -0.0858841 -0.112909 
3.78698 -2.68981 0.251582 2.12667 1.05112 -1.26243 3.48792 1.16305 -0.184861 -0.173472 -0.196995 -0.113255 
2.58656 -0.182151 0.439161 0.752005 0.079932 -2.0164 2.50301 1.6293 -0.478327 0.31689 -0.0367641 -0.0285024 
2.00204 -0.379903 0.669338 0.511491 -0.16269 -2.7539 4.49853 1.5564 -0.561786 0.350831 -0.218128 0.0463217 
1.71803 0.0574898 2.18814 0.852154 0.703644 -0.403556 3.78304 1.73325 0.739842 0.193373 0.233179 -0.126921 
1.69512 0.166829 2.44331 -0.158989 1.00137 0.799289 1.72157 0.493759 0.816905 0.372889 0.475542 -0.101384 
1.32317 0.548638 2.52785 0.1552 0.06522 -0.0977628 0.458817 -0.848028 0.47941 0.213077 0.313958 -0.0116769 
0.951376 1.11872 2.38585 -0.620471 1.42338 0.347853 0.191484 -0.342702 1.10499 -0.181133 0.0825515 0.0269395 
1.49002 1.12251 1.52065 -0.598265 1.80374 -0.637768 0.581359 -0.151726 -0.0916858 -0.124183 -0.177326 0.0387016 
1.42029 0.617667 2.31767 -0.373352 0.715011 -0.308211 0.439712 -0.689576 0.430984 0.360657 0.00929912 0.0129267 
1.42456 0.878533 1.22757 -0.695829 0.860622 -0.2774 0.0837055 -0.380003 0.614414 0.101882 0.212834 0.0765809 
1.45971 0.972312 1.27029 0.160331 0.212584 0.396682 0.460532 -0.672866 0.250203 -0.0480638 -0.0376595 -0.0651549 
1.61983 0.653838 1.94505 -0.302482 1.24714 0.240673 0.034029 -0.473805 0.237074 0.208082 0.0808744 -0.0162692 
1.05338 0.524866 2.80083 -1.74387 1.72228 0.936512 -0.934984 0.728359 0.278619 -0.11809 0.364965 -0.127538 
0.66826 0.584357 3.25387 -2.45421 1.65253 0.774518 -0.534584 1.15037 0.037454 -0.483555 0.381578 -0.0934689 
0.786371 0.533483 3.05258 -2.24772 1.30157 1.17407 -0.799709 0.116726 0.17518 -0.146774 0.63655 -0.0731458 
0.844727 0.667385 2.3932 -1.16446 3.01641 -0.668482 1.90745 0.440965 0.0762966 0.0707455 -0.165293 0.18535 
1.5178 0.532142 1.15207 -0.142627 0.41865 0.58732 0.61356 -0.00115154 0.675506 0.255705 0.235938 -0.0746675 
1.20226 0.371761 1.979 -1.05218 1.3656 -0.178227 0.660249 -0.807163 0.829918 -0.0679949 -0.302742 0.0624253 
1.44922 0.216241 1.61984 -0.554966 1.38067 0.52112 0.513157 -0.551697 0.561339 -0.319442 0.213558 0.0911092 
1.66337 -0.199385 1.66621 -0.114353 0.968056 0.758258 0.684013 -0.618798 0.472562 -0.178802 -0.055452 -0.0278139 
1.60577 0.360707 1.49341 0.454032 0.614198 0.490403 1.055 -0.251549 0.159368 -0.0829847 0.0730749 -0.0456593 
1.63057 -0.402303 1.71235 0.128856 1.10454 0.00638078 1.44604 0.173732 -0.0943361 -0.0914109 0.159413 0.0792441 
1.23155 0.164341 0.85768 0.0470636 0.792715 -0.12023 0.354554 -0.454387 0.361027 0.0842275 0.161137 0.0155569 
1.69393 0.00950074 1.22796 -0.06211 1.2524 -0.521752 0.0700206 0.212388 0.103121 -0.155739 0.0418199 0.000707702 
1.6251 0.362971 1.65812 -0.014278 1.12381 0.143199 0.332291 -0.45558 0.498868 -0.10229 -0.167138 0.0514383 
1.44746 0.563228 1.64079 -0.0629504 1.41996 -0.571193 1.00712 -0.104322 -0.174293 0.118184 0.123213 0.017206 
1.75311 0.145466 1.39046 0.0610896 1.11577 0.248257 1.17421 -0.024844 0.148393 -0.214851 0.064938 -0.0413256 
1.46704 0.209584 1.34838 -0.343228 1.57691 0.0103854 1.06714 0.257111 -0.0693319 -0.137837 0.0775159 -0.0055435 
1.71872 0.362921 1.70169 0.0876777 1.3753 0.305323 0.647736 -0.120857 0.212949 0.302438 0.277866 0.0159224 
1.75555 0.426917 1.5345 0.394501 0.796017 0.0415455 1.28383 0.014182 0.134754 -0.146727 0.273252 0.025075 
1.52529 -0.206702 1.60946 0.443386 0.641299 -0.0491286 0.876296 -0.184619 0.324457 -0.0381875 0.118988 0.0175069 
1.67002 0.242472 1.48643 0.0171247 0.87319 -0.686365 -0.328564 0.388206 0.355442 0.0989647 0.224283 -0.0733605 
1.9025 0.339608 0.910524 -0.100263 0.761394 -0.519374 1.08371 -0.192945 0.71345 -0.142593 -0.0128069 -0.0152456 
1.79861 -0.092153 1.61255 0.608823 0.895687 0.776977 0.680083 -0.411165 0.590779 0.261721 0.211451 -0.000120461 
1.57582 0.0111431 0.782809 -0.226634 1.3322 0.58913 1.56467 -0.270469 -0.0808362 -0.334056 0.320817 0.0735458 
1.37375 0.111048 1.20916 -0.323898 1.13621 -0.113804 0.81861 -0.345696 0.129195 0.0240178 -0.136251 0.0718228 
1.81148 0.167601 1.75414 -0.564285 0.987557 0.173651 0.786924 -0.286169 0.651706 0.00503798 -0.318657 -0.00941602 
1.59838 -0.256177 1.14215 -0.097284 1.68068 0.496585 0.339798 -0.198293 0.682472 0.10042 0.158685 -0.0413698 
1.39257 -0.273876 1.82569 -0.00218136 0.912002 -0.719286 1.47051 -0.522562 0.486433 0.0378526 0.017768 0.0133583 
1.38469 -0.183925 1.34779 0.00797473 1.16907 -0.173833 1.15017 0.34478 0.0944785 -0.239215 0.0527851 0.0625595 
1.45596 0.0858195 1.38622 -0.358272 1.7855 0.0953671 1.32759 0.201057 0.131301 0.110831 -0.066033 -0.0263846 
1.01279 0.139629 2.03529 -0.42126 2.34658 -0.603581 1.35955 -0.443061 -0.086363 0.113349 -0.513788 0.0888759 
0.252722 1.26749 0.958417 -0.557194 3.15702 -1.16542 1.92596 -0.517854 -0.644369 0.799703 -0.253832 0.117572 
0.419261 1.07971 1.14102 -1.0407 2.99288 -1.23461 1.91517 -0.672417 -0.200156 0.894443 -0.412067 0.0931351 
0.663061 1.24415 2.08891 -1.1782 2.28588 -0.906082 1.88442 -0.329011 -0.279619 0.989706 -0.442628 0.101424 
2.86981 4.15962 2.68213 -2.12273 1.83942 -3.62534 1.57876 0.315783 -0.167124 0.897075 -0.223921 0.152789 
3.62631 3.91445 0.919322 -0.589763 2.92851 -1.69651 0.747622 0.85299 0.295478 0.427146 0.0612824 0.0377674 
3.18021 2.4961 2.37306 1.97039 2.45411 0.313807 1.01391 0.546485 -0.12638 0.0104166 0.00200364 -0.0055116 
3.43915 3.07556 2.78344 2.57969 2.29634 0.1198 0.32941 0.485713 0.178739 0.034465 0.0543081 0.00443568 
3.89761 3.67443 3.3502 3.27699 2.69879 -0.328685 1.36014 0.48131 -0.246669 -0.291042 0.138283 0.0265927 
3.90807 3.54934 3.31342 3.43441 2.96489 0.612251 1.5759 1.09028 0.0682102 -0.280075 0.20454 0.0301182 
4.63543 5.46371 3.00996 3.55143 4.02371 0.376047 3.06419 0.912121 -0.163944 -0.349208 -0.0600099 0.0593654 
3.74351 4.05972 3.66527 3.26329 3.28879 1.45191 1.55075 0.528002 0.213657 0.229205 0.128365 0.0128184 
3.11801 2.85364 2.55223 2.27151 1.95975 1.37194 1.15071 0.616413 0.51447 0.252126 0.146152 0.0298648 
3.04722 2.64535 2.46222 2.16506 1.82064 1.46539 1.05467 0.710163 0.392185 0.201522 0.0743759 0.017423 
3.27505 3.00066 2.90795 2.56506 2.22345 1.65691 1.18885 0.72904 0.332202 0.15402 0.0189767 0.002811 
3.77686 4.11248 3.71844 3.56046 2.8207 1.71003 1.40061 0.204895 0.280579 -0.0424796 0.12616 -0.0266119 
3.96205 4.09252 4.44767 3.51907 3.58801 1.94181 1.66541 0.616317 0.0575478 0.172917 0.141292 -0.0160286 
3.09423 2.79788 2.61325 2.42139 2.05374 1.56724 1.17781 0.651102 0.350106 0.113541 -0.0193342 0.0054775 
3.07516 2.7767 2.64102 2.39106 2.09724 1.64879 1.20174 0.766554 0.418114 0.17719 0.0325258 0.0215698 
3.70433 3.96089 3.84198 3.38108 3.33114 1.48758 1.4587 0.482292 0.122658 0.334695 0.104958 0.0102204 
3.60713 3.60391 3.76802 3.34243 2.98876 1.67976 1.54426 0.789806 0.115279 0.261603 0.176113 0.0124862 
4.24231 4.57182 4.25268 3.76569 3.67624 1.14105 1.50004 0.3942 -0.311438 0.0531489 0.0205796 -0.026196 
3.18218 2.94411 2.72256 2.42584 2.09154 1.42532 1.23567 0.622264 0.379984 0.23553 0.0781548 0.0173656 
3.05326 2.64788 2.45678 2.1443 1.79853 1.37492 0.936371 0.591195 0.316598 0.130339 0.0534965 0.00692263 
3.05908 2.73789 2.51388 2.32595 1.94994 1.54491 1.16826 0.718134 0.455533 0.202946 0.0778634 0.0209267 
3.76953 3.67267 3.70352 3.07986 2.79141 1.57363 1.27541 0.618135 0.114046 0.232744 0.112925 0.00647814 
3.90026 3.94788 4.29817 4.07412 3.19769 1.83852 1.20937 0.510649 -0.168839 -0.0590812 0.219706 -0.0354841 
3.79426 3.79788 3.83378 3.57867 2.8867 1.97351 1.15115 0.521785 0.141688 0.080003 0.172867 -0.00712241 
4.07457 4.16891 4.19207 3.80984 3.10938 2.16499 1.2235 0.496051 0.0568396 0.0459158 0.163812 -0.0177016 
3.9461 3.96945 3.90841 3.52964 2.88673 2.06373 1.17583 0.579317 0.183986 0.10031 0.178403 0.00168554 
3.91612 3.94217 3.8869 3.48077 2.77156 1.78023 0.966756 0.326856 0.00101191 -0.00904711 0.155401 -0.0150137 
4.0881 4.06328 3.93018 3.49884 2.68545 1.77845 0.935514 0.238751 -0.075679 -0.0683083 0.119142 -0.0211766 
3.04485 2.68229 2.51703 2.26743 1.91814 1.49089 1.0606 0.683731 0.37544 0.168269 0.0532438 0.0241227 
2.96511 2.57566 2.3903 2.13595 1.77577 1.36194 0.954401 0.584398 0.295721 0.113019 0.0244577 0.0173157 
3.6261 3.53232 3.43652 2.85971 2.68541 1.71047 1.27836 0.804514 0.197378 0.356449 0.0926459 0.024169 
3.17116 3.11297 2.93263 2.59932 2.58681 1.62534 1.62269 0.819829 0.500044 0.406017 0.0122592 0.0474939 
2.86811 2.58977 2.59944 2.21962 2.24575 1.81919 1.50513 1.07585 0.880768 0.429456 0.212383 0.0849755 
2.86822 2.46339 2.53565 2.10315 1.99924 1.83775 1.21853 1.11033 0.747874 0.346714 0.266143 0.0758105 
2.85533 2.55864 2.42665 2.12991 2.15635 1.83241 1.41818 1.26887 0.810812 0.592465 0.351373 0.0993859 
3.38911 3.18597 3.40081 2.1607 3.04381 1.56879 2.6165 1.12744 0.791661 1.16857 0.0645506 0.137441 
2.91016 2.88331 2.66008 2.23183 2.25514 1.8685 2.05151 1.03065 1.38361 0.704514 0.0558122 0.114033 
3.1728 2.58462 2.53659 1.80511 1.88468 1.56435 1.88512 1.0322 0.922238 0.800366 0.229885 0.0811064 
2.8653 2.44156 2.43595 2.14097 1.69709 1.90577 1.61011 0.789479 0.911253 0.369648 0.258719 0.0662792 
