1.34698 0.541389 2.04448 0.402494 1.44797 -0.350324 0.861613 -0.566241 0.497146 -0.130834 0.179826 0.120113 
1.22281 0.945519 2.88521 -0.38812 0.95754 -0.317709 1.0138 0.295282 -0.290059 -0.433184 -0.123051 0.0226294 
1.24856 0.515006 1.21044 0.352095 1.72468 -0.495626 0.547731 -0.305558 0.272286 0.116672 0.0115115 0.0252732 
1.57704 0.368324 1.63589 -0.287345 1.32333 -0.298792 1.02538 0.302854 -0.0122446 -0.0613378 0.0697182 0.0860498 
1.22789 0.896331 1.81096 -0.0394394 1.62999 -0.564891 1.21619 -0.0375543 0.144517 -0.193358 0.0586978 0.0268516 
1.70844 0.485196 1.5359 0.130063 1.26423 -0.0187467 0.970704 0.257802 0.220863 -0.0859473 -0.0200141 0.034396 
1.66294 0.319495 2.10714 0.271488 1.83504 0.221665 0.559455 -0.293259 0.321152 -0.0516134 0.167747 0.0799332 
1.67365 0.692638 1.37528 0.312733 1.35032 -0.121387 1.0766 -0.369983 0.612139 -0.0624008 0.238638 0.020557 
1.74266 1.0111 1.18882 0.154415 0.577156 -0.949041 0.381267 -0.200359 0.278892 -0.173442 0.0268005 -0.00777167 
1.68128 0.69321 0.982481 0.334743 0.725733 -0.490642 0.606771 -0.080212 0.650744 -0.0500572 0.189854 -0.0196951 
2.78664 2.21002 -0.192795 -0.887192 -0.93021 1.16668 -0.380862 -0.256091 -0.114873 -0.11602 0.0142008 0.0178202 
3.59241 3.65055 0.832415 -0.134877 0.350163 -1.73338 1.29282 0.42704 0.120123 0.0516973 0.293893 0.129439 
2.70136 3.91025 2.62366 0.940976 3.23808 -2.43222 2.12491 0.257704 -0.419089 0.378239 0.24393 0.165175 
3.16835 3.33796 3.0024 3.78855 3.83134 -1.274 2.07147 1.77897 0.0672407 -0.0362144 -0.132842 0.15119 
3.33328 2.73278 2.97464 3.54334 2.94129 0.315033 1.69574 1.53025 0.651048 -0.366288 0.1339 0.0745432 
3.03471 2.60026 2.95572 2.55196 2.18278 0.959572 1.41873 1.2711 0.0488026 0.143674 0.0739823 0.0182122 
2.91509 2.52815 2.10687 2.54605 2.19927 0.498385 1.04918 0.928247 0.246669 -0.0639462 -0.103342 -0.00934025 
3.17311 2.76574 2.7212 2.5991 2.52205 0.800439 1.07927 0.988021 0.312825 0.169524 -0.0963046 -0.00337004 
3.29759 3.1282 3.11403 2.90285 2.7712 1.26139 1.50492 1.04848 0.39467 0.237221 -0.00697707 0.0189452 
3.11031 2.68363 2.54131 2.33921 1.87977 1.2892 1.08713 0.859886 0.41076 0.182459 0.0821124 0.0176685 
2.94998 2.53794 2.21187 1.98733 1.70655 1.28124 1.00425 0.568833 0.428129 0.177614 0.0706224 0.00910896 
3.01794 2.55803 2.35682 2.20177 1.86322 1.41995 0.970864 0.669612 0.403771 0.189088 0.0947337 0.0177404 
3.43955 3.26841 3.20887 3.04537 3.04768 1.10452 1.50017 1.05787 0.344841 0.309642 0.0145961 0.0270844 
3.46456 3.26849 3.21947 3.03083 2.72889 1.50797 1.49193 0.998442 0.384494 0.205512 0.0719396 0.0201328 
4.09549 4.26203 3.84348 3.83246 3.97211 0.123407 1.24417 0.612506 -0.0473198 0.308769 -0.13124 0.0193924 
3.33721 3.08766 2.96125 2.86842 2.45171 1.60979 1.29317 0.949302 0.531606 0.193152 0.0404652 0.0210764 
3.18493 2.8331 2.88619 2.87539 2.34804 1.52809 1.43999 1.14164 0.546954 0.179743 0.0877603 0.0338395 
3.39102 3.08427 3.11029 2.85374 2.72967 1.30414 1.13426 0.9656 0.47696 0.302412 0.0363039 0.0204607 
3.33259 3.11485 2.95729 3.07202 2.57104 1.47324 1.26853 0.979747 0.594887 0.202173 0.0523532 0.0222911 
3.4264 3.1005 3.17898 3.10891 2.62103 1.44477 1.27022 1.03276 0.652878 0.237396 0.0515281 0.0272188 
3.41013 3.05581 3.05655 2.76346 2.33225 1.61592 1.22289 0.873435 0.307822 0.214794 0.101266 0.017454 
3.25074 2.97569 2.76622 2.63462 2.32445 1.66048 1.25028 0.859553 0.512922 0.230286 0.0586622 0.0241291 
3.22394 2.91129 2.87438 2.73728 2.28831 1.5784 1.36211 1.0916 0.489103 0.203684 0.0768481 0.0294218 
3.30719 3.06475 3.2869 3.25632 3.03723 0.898609 1.6424 1.4055 0.565661 0.245113 0.0168907 0.0519729 
3.37058 3.22928 3.35506 3.13095 3.25028 0.924176 1.5269 1.19416 0.45537 0.439027 -0.0351906 0.0417734 
3.26243 3.24525 3.56299 3.75145 3.1929 0.339555 1.89298 1.65696 0.440733 0.250219 0.0257551 0.0804061 
3.91317 3.38225 4.17546 4.84408 4.87953 -0.748313 1.89995 1.98517 0.419134 0.244686 -0.0948926 0.156746 
4.11467 3.29914 4.41184 5.31403 4.97472 -1.46463 1.98678 1.90506 -0.111901 0.230384 -0.140542 0.183275 
4.0248 3.20244 4.40093 5.22201 4.23058 -0.883782 2.01116 2.11873 0.0259118 0.192161 0.0281891 0.158866 
3.73504 2.98079 3.64117 4.51768 3.01372 0.482363 1.79356 2.00497 0.576819 -0.112835 0.314434 0.133151 
3.34519 2.76919 3.63801 3.85312 2.39314 1.04561 2.32519 2.13506 0.250397 0.0515342 0.460524 0.109768 
3.64589 3.18527 3.94311 4.35123 3.47504 0.214171 2.53825 2.10237 -0.0637479 0.280481 0.371158 0.136782 
3.55436 3.17026 3.59643 3.82762 2.8999 2.09139 2.23915 1.7 0.511282 0.288688 0.384893 0.0947023 
2.92998 2.57046 2.53678 2.42037 2.19129 1.882 1.76787 1.38809 0.880042 0.587148 0.350308 0.11081 
2.89051 2.48872 2.37662 2.19286 2.22743 1.74198 1.30127 1.28404 0.887282 0.575088 0.27448 0.0852275 
2.82502 2.04285 2.18465 2.72526 2.7553 1.02048 1.1975 1.49508 0.864832 0.589378 0.16255 0.0776931 
2.5396 1.4694 2.487 1.41965 2.87502 1.33657 1.45401 0.910186 1.00558 0.0785219 0.0781303 0.0772932 
2.21868 1.3608 2.18228 1.66424 1.73426 1.56408 1.58728 1.15328 1.00163 0.389062 0.183267 0.0467866 
1.95971 1.17502 2.27849 1.51801 2.24267 0.345255 1.64738 0.899378 1.24745 0.449405 0.443954 0.0184964 
1.79587 1.09377 1.86688 1.18513 2.12207 0.594443 1.38478 0.536863 0.681136 0.155828 0.179978 0.0434163 
1.34993 0.595461 1.67638 0.88252 1.54974 0.0651707 1.28248 0.150348 0.829821 0.318172 -0.0245523 0.0689993 
1.69353 0.352331 0.874278 -0.0621261 1.02565 0.342963 0.724233 0.734315 0.416765 -0.365575 0.0841012 0.103536 
1.33708 0.523443 1.01997 -0.0344001 2.00946 1.55619 1.61595 0.856309 0.664953 -0.548627 0.0760297 0.0785908 
1.26528 0.267382 1.68396 -0.0833039 0.920499 1.1059 1.18323 0.384266 0.757801 -0.368297 0.238223 0.071016 
1.39636 0.60645 1.50594 0.47245 1.40394 0.770675 0.379216 -0.210451 0.17142 -0.143926 0.152622 0.0799869 
1.37337 0.240426 1.15415 0.66582 1.49428 -0.314805 1.74174 0.787151 0.273439 0.426006 0.327066 0.0180984 
1.4082 0.457523 1.71293 0.708363 1.65081 0.309791 1.55693 0.944733 0.636039 -0.00520805 0.266278 0.0181424 
1.45884 0.783217 1.0801 -0.0963379 1.14641 -0.229166 0.478416 0.595759 0.891432 -0.180363 0.0560852 0.0229142 
1.6308 0.37666 1.05186 -0.524525 1.29273 0.825714 1.19594 -0.393324 0.0536349 -0.883672 0.102988 0.21631 
1.55086 0.592047 0.952084 0.309557 0.713229 -0.141881 1.31959 0.642566 0.433221 -0.279297 0.12445 0.10673 
1.43649 0.579816 1.31757 0.593515 1.4473 0.816136 1.67541 0.45926 0.353026 -0.184975 -0.00761954 0.0318861 
1.2306 0.100081 1.25111 0.19006 1.01741 -0.370113 0.560441 0.608671 0.705789 -0.149954 0.11549 0.0904446 
1.22422 0.150229 0.932006 0.576215 1.29278 -0.307248 1.13259 0.494055 0.298665 0.0750485 0.284393 0.0176398 
1.40724 0.454406 1.48209 0.345139 1.40502 0.0802833 -0.0313181 0.165584 0.808597 -0.154369 0.273429 0.133385 
1.25713 0.560846 1.66744 0.0234048 1.41394 -0.140075 0.531304 -0.25155 0.487487 -0.0847478 -0.127164 0.139161 
1.38005 -0.042328 1.3438 0.241877 0.939229 -0.304178 1.53855 -0.0506076 0.383856 -0.391521 0.0400103 0.156568 
1.58769 0.300652 1.77921 0.317031 1.4624 0.343169 0.0970095 0.663261 0.305545 0.0938749 0.052345 0.0453481 
1.44572 0.635353 1.63132 0.568106 1.06705 0.27264 0.757723 0.53824 0.395657 -0.246314 0.120987 0.0916527 
1.20912 0.0331094 1.4232 0.415186 0.877086 -0.175708 0.940073 1.05789 0.410264 0.447546 0.0188234 0.0122084 
1.31554 0.727289 1.45379 0.165364 1.65042 -0.0125372 0.693621 0.275063 0.159927 -0.319907 0.0949537 0.0826482 
1.46379 0.485466 1.41372 0.399502 0.495156 0.0643739 1.24889 0.220727 0.136117 -0.10655 -0.00630249 0.0277898 
1.31737 0.732144 0.613449 0.451996 0.90197 -0.0118391 1.58608 0.452588 0.191785 -0.112654 0.170498 -0.017961 
1.36932 0.829743 0.884865 0.261792 0.493003 0.0103003 1.08524 0.797445 0.737624 -0.229451 0.318602 -0.0181839 
1.32021 0.37238 1.71723 0.419556 1.17838 -0.00155322 0.647258 0.146477 0.576661 -0.164067 0.29263 0.0996018 
1.3618 0.14492 1.27509 0.499331 1.15597 0.231339 0.984692 0.287123 0.671099 -0.13377 0.196127 0.067844 
2.82532 2.99356 3.33748 3.18143 2.80769 0.936936 2.34372 -0.10508 0.771233 -0.465372 0.0275933 -0.017566 
2.30253 1.91253 2.08628 0.771348 0.771021 -0.241397 1.01572 0.729672 0.533751 0.187643 -0.221971 -0.0518975 
1.57555 1.18522 1.96016 -0.117051 0.905207 -0.149383 1.05776 0.411305 0.789746 -0.0167878 -0.046183 0.00434711 
1.86283 1.22303 1.74179 -0.194831 0.817326 0.758101 0.931908 -0.183719 0.00484214 -0.129202 0.121673 -0.0866414 
1.36979 0.802076 0.97314 0.10001 0.499621 -0.202663 0.647114 0.591535 0.662616 0.0749677 0.181508 -0.0155612 
1.60987 0.674518 1.35193 -0.283979 0.610104 -0.784485 0.969742 0.181878 0.191872 -0.0611703 -0.0396559 -0.0122462 
1.62552 1.04183 0.975981 0.0560171 0.630993 0.206426 1.61574 -0.0607186 0.0118942 -0.252652 -0.0637717 -0.0399179 
1.51892 0.692621 1.34284 0.278292 0.312182 0.0220509 0.424765 -0.118149 -0.0369214 -0.0792222 0.0373994 0.0308158 
1.43894 0.756269 0.865587 -0.0894595 1.21682 0.884027 1.34922 0.449125 0.319791 -0.0606136 -0.0379272 0.102009 
1.383 0.450401 1.51257 0.00909141 1.33608 0.0786063 1.40289 0.191525 0.255989 -0.0503543 0.188074 0.00632306 
