1.96475 -1.13711 0.978598 0.852624 0.824031 -0.80321 1.32966 -0.150175 0.0466805 -0.136158 0.491542 0.0127029 
1.38549 -0.805928 1.21338 -1.32353 1.7822 -0.658634 -0.202349 -0.702584 0.0690966 0.947554 -0.127984 -0.049512 
-0.160507 0.551969 1.32389 -2.21376 3.4852 -1.99786 0.283037 0.280463 -0.731471 1.12048 -0.0708666 -0.0204839 
1.1282 -0.45847 0.750163 -0.848107 2.89764 -1.55661 -0.25798 0.419848 -0.762489 0.777436 0.00175779 -0.0991448 
1.85675 -0.838589 1.24779 -0.0868231 0.645529 -0.124555 0.456108 -0.865155 0.0936259 -0.33799 0.317349 -0.0690482 
2.45037 -0.744884 1.53532 0.604634 0.781541 -0.114548 0.208341 -1.03464 0.719025 -0.0909011 0.138209 -0.0187807 
2.0345 -0.31506 1.45566 0.169999 0.694595 0.314262 0.394646 -0.817834 1.05195 0.355003 0.346256 -0.0218315 
2.00905 -0.858955 0.964519 0.291494 1.01851 -0.170781 0.0707046 -0.532236 0.813525 0.11587 0.318633 0.0134924 
2.10752 -0.707333 1.12982 0.0176231 1.24766 0.034955 0.915201 0.0680237 0.69319 0.100384 0.10669 -0.0069763 
2.16483 -0.662404 0.762066 -0.546029 1.0656 -0.415656 0.699702 -0.319636 0.690841 0.192304 -0.0931966 0.0151008 
2.10433 -0.706654 1.27834 -0.0119297 1.24769 -0.0306144 0.18634 0.088115 0.647637 0.34643 0.654523 0.0094829 
2.02518 -0.787126 1.07577 -0.325447 0.570849 0.0557229 0.467838 -0.486469 0.629704 0.0950814 0.165712 0.0428314 
1.43152 -0.608956 0.969666 1.7863 1.03806 0.202384 0.391438 0.142953 0.355202 0.104291 0.0490412 0.0159951 
0.221274 1.57521 -1.52009 2.07071 0.106992 0.331192 0.594268 -0.636128 0.350586 -0.28709 0.393552 -0.0775853 
1.74344 -0.554867 0.980078 0.393346 0.945112 -1.21499 0.47662 -0.727064 0.360223 0.143742 0.216157 -0.0709213 
1.65874 -0.466611 1.26417 0.782788 0.171865 -0.0111559 0.901368 -0.780086 0.919171 -0.0691447 0.387392 0.00587131 
1.66953 -1.17293 1.34583 0.0906684 0.578778 -0.36388 0.885799 -1.33505 0.423247 0.367411 0.337476 -0.0136019 
1.99101 -0.782495 1.10837 0.102243 1.06594 -0.721407 0.601552 -0.835359 0.19804 0.0379238 0.406932 0.122225 
1.93801 -0.98822 1.0933 -0.306449 1.09201 0.513012 1.15736 -1.06661 0.599658 0.295531 0.230058 -0.004533 
1.75541 -1.1392 0.697761 -0.146066 2.21865 -0.588018 0.528082 -0.805713 0.516098 -0.248592 -0.0981802 0.026706 
1.87073 -0.376913 1.26438 -0.0493459 1.02952 -0.624199 0.0796903 -0.505853 0.0595702 0.559899 0.624784 0.0236965 
1.74448 -0.384785 1.06318 0.402234 1.45556 -0.335294 0.975024 -0.417268 0.198009 0.196937 0.393398 -0.0122157 
1.91497 -0.855184 1.33224 -0.0599091 0.802965 -0.852517 0.453304 -0.449464 0.105249 -0.198799 0.14365 0.0722828 
1.89612 -1.21939 0.680943 -0.633211 1.78857 -0.574138 1.03809 0.243524 0.651944 0.296546 -0.0124464 0.00823116 
1.92855 -0.452839 1.34064 0.0662729 1.03269 -0.338331 -0.114245 -0.566225 0.0594241 -0.149724 0.127381 0.0181985 
2.13732 -1.23291 0.967574 0.338517 0.203383 -0.328932 0.531282 -0.5268 0.395351 -0.0298023 0.205114 -0.00479475 
1.54925 -0.748505 1.12861 -0.0452247 1.01133 0.0539286 0.651745 -0.526119 0.289896 0.191171 0.188854 0.0188091 
2.04197 -0.910992 1.56102 -0.0663389 0.589601 -0.448566 0.665575 -0.724289 0.328706 0.212182 0.018313 0.0214621 
1.76089 -1.07174 1.08836 0.335535 1.24165 -0.117521 0.307116 -0.775423 0.62153 0.282113 0.114375 -0.0710684 
1.6109 -0.882663 1.07236 -0.372507 1.49569 -0.423122 0.116061 -0.633123 0.0511629 0.432824 0.261907 -0.00423796 
2.12496 -0.948479 1.32191 0.288091 0.769355 -0.435397 0.614596 -0.722476 0.225658 0.144598 0.304689 0.0446466 
1.69187 -1.01495 1.54841 0.194875 0.908863 -0.80538 1.05696 -0.808823 0.0485137 0.592695 0.255454 -0.00955496 
2.22199 0.106486 0.662612 -2.72576 1.44378 -0.564902 0.474521 1.10619 -0.377436 -0.133571 0.54775 0.0537006 
3.72869 3.99533 2.32679 0.812142 2.33271 -0.0935993 2.15091 1.33888 0.374371 -0.278727 0.142733 -0.00146678 
3.75109 3.38173 2.72846 2.40932 2.14607 0.000471429 1.0177 0.605582 -0.00632744 -0.214646 0.176061 0.0180773 
3.09893 2.7524 2.46251 2.08349 1.76501 0.950054 0.758011 0.507407 0.227916 0.239256 0.18503 0.016865 
3.09244 2.76369 2.43087 2.23351 1.92552 1.22231 1.06724 0.616017 0.461611 0.198419 0.124278 0.0170194 
4.04555 4.97609 3.72713 3.76519 2.85381 0.701698 1.41743 -0.469646 0.556484 -0.604286 0.206499 -0.0525287 
3.46996 3.54716 3.11794 3.05592 2.33261 1.71797 1.15982 0.486573 0.436075 0.0766236 0.202912 0.0172042 
3.03399 2.66954 2.45944 2.2269 1.95904 1.51167 1.11901 0.702382 0.495317 0.187648 0.0672099 0.0192676 
3.02622 2.6773 2.48139 2.29424 1.90324 1.45825 1.10188 0.699084 0.411752 0.126475 0.0588538 0.00982564 
3.76881 3.86105 3.60429 3.29443 2.61874 1.76425 1.23064 0.377846 0.357559 0.00150308 0.153333 -0.0054741 
3.05245 2.67803 2.44275 2.17256 1.81584 1.39718 1.03525 0.666103 0.435554 0.229482 0.120616 0.018446 
3.05539 2.69866 2.44918 2.19052 1.81728 1.42071 1.03693 0.664189 0.417925 0.203279 0.0977205 0.0162988 
3.2368 2.94831 2.78019 2.54955 2.1762 1.71712 1.27184 0.811312 0.478973 0.204303 0.0658134 0.0221231 
3.33412 3.15 2.95218 2.72335 2.26217 1.73953 1.22226 0.69168 0.428809 0.138313 0.101588 0.0167328 
3.16491 2.86901 2.60172 2.39604 1.91333 1.47411 0.974022 0.582462 0.335852 0.130147 0.103906 0.0141192 
3.15837 2.83075 2.64676 2.33463 2.01712 1.52858 1.13456 0.704569 0.412313 0.188623 0.0685707 0.0192776 
3.40528 3.21605 3.03385 2.73999 2.3033 1.75181 1.22484 0.715756 0.400969 0.163827 0.0862177 0.0148603 
3.44046 3.22479 3.06216 2.79816 2.36 1.87735 1.26743 0.801577 0.403828 0.184331 0.086767 0.0172277 
3.43947 3.26983 3.22606 2.94371 2.56451 1.97035 1.43952 0.841235 0.50169 0.239357 0.083041 0.0233029 
3.0726 2.73685 2.5807 2.35781 1.99418 1.5733 1.12087 0.705562 0.37107 0.156919 0.040405 0.0163269 
3.07383 2.74817 2.60414 2.36428 2.02816 1.6029 1.16207 0.733673 0.402421 0.188634 0.070343 0.0250901 
4.08992 4.29803 4.42117 4.05927 3.23187 2.26936 1.18585 0.420196 0.055178 0.0333818 0.165824 -0.026535 
3.77025 3.79219 3.80039 3.4781 2.87514 2.09382 1.32481 0.686026 0.301249 0.187734 0.194097 0.012341 
3.92129 3.97429 3.89658 3.51528 2.78878 1.85289 0.995279 0.315717 0.0108769 -0.0531292 0.174574 -0.0188037 
3.34102 3.10239 2.99598 2.64542 2.28701 1.61581 1.16838 0.605602 0.386306 0.176479 0.131049 0.0173106 
3.17232 2.87816 2.65521 2.42293 1.99042 1.54788 1.05953 0.658624 0.392123 0.164114 0.0942426 0.0160448 
3.04579 2.68425 2.50599 2.27602 1.95338 1.5712 1.16543 0.813766 0.493949 0.256865 0.105965 0.0313517 
3.14862 2.82313 2.6649 2.41002 2.05776 1.61554 1.16248 0.756046 0.428635 0.217189 0.0989345 0.0279293 
3.60176 3.55497 3.5709 3.29765 2.67992 1.94391 1.17211 0.507852 0.236358 0.160286 0.185591 0.0113744 
3.55067 3.48712 3.60072 3.33736 2.82099 2.1687 1.36543 0.763667 0.432266 0.250302 0.195497 0.0278698 
3.85551 3.81379 3.84504 3.56643 2.88883 1.98748 1.05444 0.365321 0.196384 0.153603 0.203591 0.00755525 
3.87939 3.87376 3.76705 3.38644 2.74929 1.82868 0.898357 0.222653 -0.00720418 0.0219789 0.188409 -0.00338029 
3.29368 3.01404 2.88593 2.57982 2.16738 1.70997 1.21021 0.759914 0.427265 0.234005 0.136062 0.0373562 
2.8193 2.37779 2.18982 2.01161 1.82324 1.57593 1.29978 1.01086 0.727768 0.483183 0.270288 0.0653879 
2.68718 2.18289 1.95643 1.73827 1.55136 1.35695 1.13642 0.900981 0.696392 0.48645 0.287695 0.0663172 
2.90739 2.5462 2.46747 2.35838 2.17049 1.95099 1.61383 1.22718 0.94182 0.570957 0.339285 0.106822 
2.77984 2.17184 2.1204 2.04299 1.74137 1.83399 1.60855 1.0624 0.728077 0.599205 0.326591 0.0846661 
2.8774 1.50472 2.31886 1.58359 1.44979 1.81718 1.51774 0.463865 1.39331 0.763787 0.290016 0.0817134 
2.7133 0.893882 1.81542 1.55095 2.20081 1.24523 2.29305 1.17442 1.30224 0.847652 0.445728 0.0623384 
2.55925 0.472148 1.82612 2.35117 1.6261 0.832795 2.44076 1.11831 0.800316 0.67115 0.544504 0.0451166 
2.30856 0.211308 1.29856 1.19333 1.95161 1.12711 1.35427 0.662245 0.664934 0.570574 0.344888 0.0183515 
2.09867 0.453991 1.82286 0.853442 2.69426 1.66343 1.34126 0.341477 0.83049 0.608716 0.523435 0.0383853 
1.73751 -0.219982 1.60798 0.756931 2.43182 0.838629 0.45245 0.0933455 0.424716 0.513025 0.237641 0.0272626 
1.44912 -0.781278 0.633582 0.131419 1.4153 -0.290287 0.306183 0.129258 1.08928 0.486014 0.439589 0.0369952 
2.12827 -0.586078 1.04891 0.00787451 1.62457 0.456304 0.558105 -0.337908 0.585026 0.263658 0.482241 0.123221 
1.64593 -0.526158 1.19927 0.834161 2.18019 0.0462524 1.7133 0.344106 0.485989 0.393117 0.367286 0.0161137 
1.67874 -0.404632 1.27118 0.447381 0.986681 0.164329 0.653081 -0.387926 0.385265 0.348773 0.412772 0.102233 
1.73365 -1.20815 0.636192 -0.75732 1.81938 0.0890353 0.598991 0.473263 0.621844 0.389527 0.253549 -0.0263771 
1.74652 -1.10748 0.924024 -0.137821 1.58905 -0.151412 0.409962 -0.34203 0.512122 0.411876 0.319237 0.10737 
1.41289 -0.705887 1.25352 0.0914973 0.705734 0.0283575 0.314094 -1.10975 0.0479684 0.30687 0.320305 -0.0586234 
1.7497 -1.08227 0.585432 -0.761325 0.632697 0.0290842 0.124403 -0.180588 0.24718 0.453194 0.408993 -0.0121171 
1.91568 -0.555285 0.422068 -0.106071 0.754431 -0.0608763 0.3167 -1.1361 0.293275 0.722999 0.293771 -0.0183705 
1.37233 -0.891564 0.831632 0.429407 1.24429 -0.304785 0.383205 0.0944864 0.309508 0.53357 0.38408 0.0811858 
