1.61825 -0.981059 1.21188 -0.0875506 1.44179 0.42546 0.793439 -0.566022 0.125099 0.00971613 0.262669 -0.0662676 
1.7836 -0.925325 0.753393 -0.225394 1.92643 -0.688835 0.418383 -1.11791 0.0125513 0.155059 0.339252 -0.0238385 
4.92737 -1.65861 -0.810019 1.58222 -0.493959 0.0985191 2.75514 1.65368 -0.00335338 -0.356697 0.0852442 0.0049929 
4.9714 -1.34397 0.661583 2.83146 -0.228462 0.0677243 4.38495 2.05663 -0.034655 -0.452686 0.173778 0.0134192 
0.0241533 -0.934459 2.72589 1.52992 0.327001 -0.293672 6.23554 0.306399 -0.99346 0.377364 -0.337304 0.045795 
1.60929 -0.796184 2.46982 0.817878 0.659638 -0.595144 5.91237 0.803076 -0.611399 0.267604 -0.379473 0.0205061 
2.47566 0.168938 2.03607 -0.694371 2.55792 0.454956 3.34325 0.20483 -0.751164 1.43434 -0.115753 -0.0827981 
2.69672 0.00517209 2.66248 1.04466 1.64804 0.426276 1.91359 -0.315339 -0.25074 1.46946 0.415801 -0.15812 
2.06301 -0.316143 1.40157 0.686058 1.87419 1.01947 0.82814 -0.0577865 0.0943264 0.159757 0.49926 -0.134316 
2.12925 -0.862331 0.891928 -0.172198 1.88637 0.771978 0.442986 -0.259393 0.60266 0.025542 0.368952 -0.0240399 
1.90755 -0.46171 1.32481 0.559878 1.48806 0.556188 0.398502 -0.910774 0.632579 0.206071 0.597757 0.0435708 
2.39242 -0.955903 1.06636 -0.690371 1.03601 0.748515 -0.546427 -0.812162 0.51299 0.526639 0.434922 0.0239141 
2.116 -0.838871 0.739542 0.250261 0.959916 0.21493 -0.242928 -0.698746 0.477183 0.00501256 0.441078 0.0334902 
2.21251 -0.999798 1.26588 -0.498959 0.8703 0.322248 0.829083 -0.82795 0.488856 0.238232 0.0885387 -0.0560083 
2.01003 -0.754744 0.44501 -0.261381 1.75688 -0.504757 0.222716 -0.604547 0.430307 0.52254 0.302031 0.0481065 
1.97944 -0.951176 0.81282 0.0765842 1.33695 0.419716 0.814167 -1.08573 0.722137 0.0162418 0.221115 -0.0570524 
1.64795 -1.28182 0.334428 0.267399 1.2485 0.291409 -0.0656321 -0.73626 0.363906 0.206741 0.418425 0.0996205 
2.07863 -1.06253 1.39681 -0.792362 1.37442 -0.218955 -0.196374 -0.268961 0.579722 -0.356705 0.518385 0.106941 
1.99982 -0.990243 0.323431 -0.0102305 1.13754 -0.500604 0.588087 -0.909498 0.261898 0.532557 0.420097 -0.0135064 
1.83515 -0.786957 0.323514 -0.0476599 0.81477 0.158209 -0.0161097 -0.664197 0.81556 0.202795 0.633056 0.0931106 
2.00866 -1.01772 0.550281 0.256077 2.14135 -0.322248 0.558823 -0.574784 -0.124129 0.456269 0.326068 0.0220677 
1.90239 -0.914279 1.26745 0.453192 2.6114 0.353434 0.949933 -0.0421978 0.191863 0.474708 0.393725 -0.0180181 
1.91056 -0.818408 0.48727 0.208225 1.26748 0.169883 0.657501 -0.686637 0.438849 0.658954 0.597291 0.00892027 
1.68949 -0.580545 0.617962 0.29397 2.06344 0.267212 0.631604 -1.0103 0.375105 0.10269 0.464485 0.0537509 
2.03385 -1.09059 1.0894 0.0210429 2.10069 -0.309481 0.278394 -0.423993 -0.053642 0.287144 0.313316 -0.0138991 
2.09594 -1.24369 0.549017 -0.146684 0.981997 -0.371602 -0.255952 -0.393634 0.502805 0.307765 0.371864 0.0189109 
1.83302 -0.767145 0.611917 0.757873 2.02878 -0.692799 -0.289615 -0.893698 0.441922 0.24025 0.273765 -0.0315383 
1.98823 -0.863446 1.35329 -0.0131701 1.14984 -0.556612 -0.256691 -1.23236 -0.433823 -0.359196 0.25787 0.0368537 
1.84805 -0.935633 0.712308 -0.342609 0.760167 -0.236814 0.197115 -0.510075 0.517413 0.456329 0.437939 0.0105084 
1.86318 -1.56825 1.01967 -0.658454 0.240237 0.739266 0.403518 -1.06722 0.842424 0.74497 0.136308 0.0787124 
1.78733 -0.95933 1.00746 0.65012 1.58999 0.0520674 0.443178 -0.323718 0.26696 0.0410792 0.32624 0.0475282 
2.01106 -0.869567 0.81588 0.0312015 1.50697 -0.33035 0.210098 -0.697917 0.198347 0.260441 0.439784 0.0043913 
2.04935 -1.04696 1.15543 -0.0161344 2.08251 0.137109 0.469213 -0.778875 0.00592358 0.371792 0.272335 0.0209788 
2.0764 -1.07309 1.32129 -0.253366 1.60338 -0.0455253 0.833352 -0.636559 -0.038754 0.323768 0.372037 0.0619928 
1.96012 -0.936674 0.961929 0.0204891 2.07086 -0.301594 -0.0486065 -0.779251 0.66571 0.479324 0.265081 0.103705 
2.14156 -0.694672 1.00864 -0.0617958 0.963939 0.117709 0.268951 -1.16149 -0.0614737 0.0992518 0.415718 0.0768621 
2.08997 -1.24687 1.16652 0.154854 1.75449 -0.175612 0.0873244 -0.783817 0.116822 0.264245 0.139171 0.0212868 
1.96903 -1.09146 1.12534 -0.277989 1.45388 -0.212316 0.326281 -1.26066 0.472721 0.442176 0.124443 0.046098 
1.80057 -1.0869 1.06902 0.341267 1.29273 0.0853207 0.785796 -0.875258 -0.15648 0.0122124 0.421021 -0.0222075 
3.06397 3.22542 0.752475 1.02288 0.55952 0.534325 1.83417 1.17867 0.296499 -0.383232 -0.124316 -0.0638639 
4.26897 6.76831 0.361476 -0.355843 0.611733 -0.01193 0.696258 2.00452 0.0509676 -0.180151 0.270229 -0.129854 
4.32705 4.92909 2.42619 2.48042 5.41121 -1.58435 1.55846 1.85357 0.548773 -0.0869117 -0.373112 0.0726657 
2.81338 2.60009 2.35996 2.22521 2.03528 0.238823 1.29721 0.68621 0.464656 -0.0418617 0.137458 0.0181765 
2.71335 2.49839 2.0233 2.12602 2.19076 0.600245 1.18854 0.792207 0.547381 0.114305 0.0195565 0.0161125 
2.91718 2.88761 2.54493 3.08998 3.35215 0.175682 1.63989 1.47319 0.672656 0.00538308 -0.147859 0.0672374 
2.81308 3.16252 2.59669 2.89057 3.65108 0.424335 1.74719 1.23388 0.494889 0.288713 -0.174415 0.0667819 
2.96104 3.33533 2.0682 3.0868 3.72081 0.568344 1.35644 0.740475 0.598109 0.366146 -0.070593 0.0437337 
2.93657 2.64375 2.75418 2.19739 2.72853 1.00987 1.01991 1.01929 0.286633 0.395793 -0.0181945 0.0199609 
2.89607 3.24993 2.58111 2.24439 2.77233 1.08126 1.83989 0.828101 0.312415 0.531701 -0.144771 0.0509556 
3.33364 3.25903 2.94266 2.55228 3.15965 0.868412 1.25949 0.733592 0.293915 0.441267 -0.0589245 0.0215306 
3.30188 3.83659 2.83567 2.59776 3.13318 0.606181 1.49013 0.231558 0.054771 0.385262 -0.00529365 0.0338724 
3.20067 3.52392 2.8294 2.75435 3.35552 0.550515 1.34943 0.452701 0.262688 0.291194 -0.0186041 0.0240448 
3.19011 3.52475 3.05484 2.60158 3.55639 0.636829 1.34759 0.891488 0.216534 0.54305 -0.112246 0.0377161 
3.80837 5.98661 1.14966 4.15556 7.04046 -0.557279 2.55127 1.06778 0.0394384 -0.6289 -0.330484 0.0601132 
2.99736 4.90903 2.85425 3.80333 5.49693 -0.529053 1.59814 1.25149 -0.00141893 0.337524 -0.177113 0.0555328 
3.2604 4.92269 3.27929 3.31505 4.99503 -0.039789 1.10853 1.30517 -0.117912 0.445363 -0.120047 0.0220958 
2.95558 3.4852 2.71704 2.23748 2.89416 0.972635 1.41241 0.949302 0.127858 0.665396 -0.0859037 0.0534562 
3.10957 3.39235 2.77038 2.46531 2.76628 1.21568 1.43563 0.576086 0.438822 0.275449 0.038528 0.0287753 
2.85312 2.76943 2.30506 2.15022 2.10441 1.23236 1.42835 0.743687 0.437569 0.403647 -0.0019209 0.039869 
2.8601 2.3361 2.18285 1.81413 1.62376 1.2672 0.894571 0.672925 0.399486 0.224572 0.142993 0.0254462 
2.86393 2.51513 2.22655 2.06773 1.81672 1.47868 1.12776 0.888969 0.492675 0.381041 0.126394 0.0380917 
3.34129 3.33304 3.23363 2.62165 3.20149 1.66752 1.61186 0.838063 0.217737 0.554621 0.056347 0.0412502 
3.15334 2.8783 2.66635 2.314 2.42163 1.79585 1.50125 0.899592 0.363017 0.362803 0.0788789 0.0391362 
2.92448 2.54923 2.2743 2.05396 1.88856 1.40159 1.2049 0.702564 0.481984 0.297535 0.119136 0.026423 
2.92956 2.49908 2.29361 2.08147 1.80566 1.46364 1.06787 0.826865 0.499797 0.297144 0.127537 0.024638 
3.0814 2.77538 2.62974 2.24035 2.15947 1.44284 1.19095 0.720407 0.387132 0.365112 0.0887656 0.0268172 
3.18912 3.25104 2.99052 2.53816 2.85583 1.27536 1.58695 0.817921 0.338384 0.62777 -0.0368448 0.0447938 
3.8224 3.97743 3.78742 3.27399 3.63553 2.24373 1.90204 0.660489 0.136137 0.575143 0.203841 0.048519 
3.55908 3.15196 3.04026 3.14656 3.25986 3.06704 2.14393 1.23575 0.716246 0.456754 0.321218 0.110316 
2.92451 2.43584 2.3289 2.17538 2.29041 2.1746 1.4463 0.931424 0.864698 0.629139 0.387418 0.100784 
2.75273 2.26413 2.10279 1.97553 1.75331 1.59467 1.38741 1.11235 0.880886 0.584067 0.336409 0.0806763 
2.88988 2.45108 2.26392 2.02755 2.19359 1.8765 1.36872 1.18658 0.884301 0.576675 0.376338 0.0935123 
3.10195 2.08063 2.42074 3.09261 2.90433 2.0097 1.39324 0.539649 0.254327 0.725812 0.77461 0.102081 
3.04641 1.83149 2.00354 2.5615 2.77951 2.14527 0.857104 0.400963 0.408464 0.861938 0.744545 0.083622 
2.9854 0.24068 2.04919 2.02034 3.41043 1.96644 1.52051 -1.26074 -0.126534 0.827247 0.577993 0.064939 
1.99701 0.0639102 1.55232 1.46974 3.54599 0.500485 0.944739 -1.27316 -1.2487 0.852247 0.451533 0.0480013 
2.16492 0.191168 0.851821 1.02298 3.19652 1.47252 0.756214 -0.490182 -0.134394 0.516791 0.508055 0.0663469 
2.04242 -0.739483 1.01719 -0.367147 2.30154 0.509864 0.433973 -0.344735 -0.221309 0.809389 0.599487 0.0868985 
1.95961 -0.786015 0.589752 0.81785 1.70845 0.30924 0.617923 -0.601283 0.184357 0.4372 0.440893 0.0563937 
2.07289 -0.405055 0.612037 -0.280955 1.50413 -0.488869 0.552475 -0.68303 0.729425 0.680413 0.567042 0.138979 
2.00032 -0.846764 0.349832 0.542646 1.40546 -0.431304 0.551532 -0.779377 0.251596 0.42768 0.40014 0.0230537 
1.88696 -0.658213 0.687825 0.017661 1.09616 -0.449535 0.311324 0.049011 0.249841 0.54499 0.69172 0.106163 
1.83263 -0.551455 0.468557 0.0654493 1.81761 0.709139 0.475604 -0.823995 0.567467 0.185238 0.223336 0.0983245 
1.80322 -0.677367 0.317257 0.344802 1.584 0.0599652 0.207211 -0.0722401 0.323647 0.366914 0.61475 0.0517674 
1.86908 -0.584806 0.681718 -0.0934819 2.41891 -0.47375 0.218804 -0.42107 0.320522 0.526242 0.462015 0.0272083 
