1.83641 -1.25461 1.28229 0.224654 1.36794 0.273893 0.753746 -0.0606877 -0.162877 0.316562 0.370978 -0.0809748 
1.79479 -0.945512 0.882229 -0.264403 1.78542 -0.140753 0.164653 -1.31403 0.233584 0.389095 0.275666 0.0497841 
1.81014 -0.97855 0.791724 0.144281 1.29529 0.096388 0.455521 -0.486895 -0.0567298 0.425316 0.39882 -0.0859181 
1.7991 -1.42758 1.29875 -0.447919 1.17441 0.135732 0.419673 -1.31165 0.25596 0.196678 0.0776763 0.0409237 
1.96847 -0.870822 0.683496 0.172382 1.51533 0.246865 0.0205967 -0.745589 -0.249347 0.117103 0.27157 -0.075348 
2.21603 -1.22899 1.40876 -0.0464074 2.20394 0.597993 0.432415 -0.672193 0.077694 0.0964539 0.206247 -0.0236832 
2.1472 -1.15447 1.10857 -0.332732 1.16055 0.420908 0.363695 -1.09226 -0.0184435 0.246285 0.315316 0.0105686 
1.87163 -1.10426 0.886861 0.342022 1.6658 0.160009 0.838795 -0.640953 -0.266951 0.221661 0.190505 -0.11052 
1.87548 -1.14114 0.590411 -0.335189 1.26413 -0.563324 0.347976 -0.550227 0.187381 0.459056 0.419867 0.0398037 
1.98991 -1.29777 1.2278 0.348139 1.75697 0.305608 0.980677 -0.646527 0.645878 0.0946759 0.275349 0.0475247 
1.95557 -1.03629 1.16069 0.00529572 1.28358 0.0338805 0.30134 -0.300527 0.423375 0.367118 0.195673 0.0417813 
2.00209 -1.31223 1.13302 -0.03779 1.24837 0.265542 1.10614 -0.327344 0.570325 0.306248 0.179984 0.0468116 
1.86443 -1.37827 1.37013 0.0762815 0.804718 0.356373 0.505674 -0.194299 -0.192043 -0.168729 0.118803 -0.0138122 
1.83034 -1.05091 1.32453 0.313861 1.66741 -0.0913078 0.425397 -0.70137 0.10332 -0.203427 0.175404 0.00980777 
2.24978 -1.00457 1.32479 0.518272 1.4224 0.151567 0.329708 -0.549794 0.159759 0.199868 0.194663 -0.0348772 
1.7611 -1.15007 1.14149 0.215866 1.45813 0.229565 0.519851 -0.623256 0.548367 0.487169 0.178885 0.0429974 
2.02465 -1.22169 1.03211 0.0152969 1.16912 0.145767 0.813214 -0.197898 0.288407 -0.139529 0.341666 -0.0211571 
2.16136 -0.561028 1.07832 0.0989419 1.50821 0.0985531 0.516569 -0.952136 0.472055 0.322782 0.499746 0.142608 
2.11055 -0.631635 0.723079 -0.45695 1.2766 0.154141 0.601076 -0.97807 0.116296 0.353819 0.657971 0.206548 
2.16613 -0.503411 1.12875 0.695285 2.87969 0.685538 1.78744 0.472739 0.27661 0.478244 0.641162 0.0630735 
2.35252 -0.257929 1.89072 0.833025 2.13219 0.862508 0.833262 -0.838038 0.669352 0.617405 0.496534 0.0834101 
1.90297 -1.21713 0.834452 0.373145 1.09719 -0.258134 0.963717 -0.893833 0.38864 0.233517 0.285725 0.054886 
1.99462 -0.750107 1.01605 -0.0148114 1.28149 -0.4641 1.13683 -0.308258 -0.0461845 0.538258 0.44372 0.0426361 
2.11905 -1.12061 1.74789 -0.359267 2.32971 -0.0309623 0.760226 -0.444411 0.229607 0.489274 0.156692 -0.017691 
1.69917 -1.09457 0.639406 0.464108 0.707297 0.454843 0.729013 -0.466837 0.394322 -0.185102 0.443808 0.0475901 
1.8804 -0.867233 1.24273 0.348172 1.10995 0.10673 0.792606 -0.284805 0.397715 0.29494 0.501991 -0.0213682 
2.10227 -1.06391 1.01225 0.14805 1.76614 0.366723 0.778543 -0.766746 0.207301 0.241029 0.350755 0.0877476 
2.10019 -0.681712 1.62 0.197478 1.43161 0.0597329 0.600463 -0.504735 0.101963 0.432867 0.554018 0.0931443 
2.01352 -1.09878 1.00737 0.885172 1.78758 0.869638 0.82245 -0.729525 0.203994 0.134018 0.135268 0.056497 
2.03869 -0.659794 0.707148 0.420365 1.351 0.0789126 0.305763 -0.273114 0.452379 0.349674 0.522559 0.040393 
3.15559 3.57096 0.764919 -0.343966 -0.461455 -0.731193 0.798939 0.243648 0.704233 -0.115066 0.414575 0.0127657 
3.3243 5.45517 0.645355 -1.97286 0.770978 -1.14001 0.917546 0.668742 0.215762 -0.291807 0.269617 -0.0793535 
3.73726 3.72652 2.99452 2.39149 2.44346 0.730589 1.4022 0.672045 0.353563 0.16072 0.0685288 0.0188072 
3.83296 3.04289 3.07165 3.69376 2.35798 -0.0233924 0.599845 1.01141 0.365186 -0.537815 0.2038 0.0523746 
3.10725 2.53306 2.49041 2.93466 2.68929 0.415612 1.34905 1.14335 0.539355 -0.231922 0.10491 0.0429621 
3.10625 2.59616 2.50511 2.84998 2.24933 0.183059 1.04695 0.941064 0.545357 -0.192681 0.121877 0.029969 
3.57776 2.98716 2.81823 3.6783 3.70413 -0.188288 1.89715 1.41095 0.378514 -0.312862 0.14133 0.10442 
3.36899 3.3393 3.28675 3.65637 3.43455 0.871216 1.59451 1.00818 0.822873 0.281979 -0.013829 0.0476899 
3.17556 3.0318 2.83414 2.58889 2.34335 1.64417 1.48779 0.74286 0.516812 0.176303 0.0467466 0.0211143 
3.03603 2.8882 2.83328 2.51509 2.24809 1.69288 1.60452 0.893729 0.457372 0.175502 0.0338099 0.0289381 
3.11372 3.23353 2.94106 2.61325 2.72198 1.34271 1.82646 0.807657 0.5903 0.366742 0.0355603 0.0507038 
3.10686 3.30489 2.94827 2.65819 2.95468 1.61836 2.00252 0.895463 0.661081 0.446158 -0.0216566 0.059606 
3.13473 5.14459 3.80334 3.76253 4.70357 0.840319 2.48143 0.776791 0.260508 0.8616 -0.0782157 0.125273 
3.02235 3.15675 2.64588 2.52718 2.48459 1.53476 1.73338 0.766976 0.623689 0.370238 0.055948 0.0480967 
3.05185 2.79396 2.74645 2.27184 2.37972 1.55211 1.48011 0.933891 0.510159 0.380901 0.0362886 0.0368983 
3.19455 3.63672 3.22646 2.73682 3.2588 1.06146 2.01535 0.963721 0.375641 0.641695 -0.0622595 0.0644955 
3.14169 3.34014 3.00011 2.58474 2.92533 1.07805 1.82906 0.781172 0.472 0.548911 -0.0115711 0.0556829 
3.13574 3.38769 2.99347 2.53716 2.96731 1.4552 1.78412 0.846153 0.44464 0.582802 -0.0217648 0.0525322 
3.23968 3.98396 3.27245 2.8549 3.39726 1.04437 2.13505 0.558021 0.381451 0.668345 -0.0361422 0.0740305 
3.2933 3.56199 3.55542 2.3016 3.35151 1.1844 1.76246 0.97269 0.20427 0.786831 -0.0802929 0.0536958 
2.90954 2.59268 2.39222 2.01686 1.98715 1.38069 1.24409 0.847556 0.472893 0.386105 0.0967106 0.0342661 
2.83557 2.50742 2.23652 1.98867 1.83534 1.32211 1.17801 0.74705 0.506919 0.334926 0.123674 0.0292891 
3.24156 3.64806 3.39912 2.65989 3.27691 1.2769 1.90872 0.635434 0.296331 0.573482 0.00021714 0.0503404 
3.39086 3.90826 3.648 2.97601 3.49154 1.26082 1.80795 0.442213 0.164495 0.567648 0.0298605 0.0401274 
3.27922 3.89243 3.42928 2.82569 3.56284 1.1445 2.05254 0.69224 0.206617 0.852903 -0.0913276 0.0768705 
3.37676 4.57657 4.14647 2.69836 4.50354 0.728378 2.36468 0.364599 -0.0848097 0.908963 -0.1552 0.100381 
2.9863 3.0847 2.82027 2.3302 2.81023 1.42349 1.81931 1.01178 0.494978 0.611905 -0.0105863 0.0642326 
3.18341 3.16682 3.01406 2.29763 2.75995 1.27375 1.54016 0.825803 0.226436 0.626116 -0.034154 0.042065 
3.03765 2.76416 2.50823 2.2602 2.1053 1.49455 1.2589 0.733889 0.445714 0.331808 0.0913953 0.0376461 
2.8205 2.37099 2.12447 1.94189 1.62208 1.39627 1.04061 0.739771 0.480559 0.232047 0.126599 0.0261307 
2.79196 2.30886 2.09644 1.87904 1.62032 1.36434 1.0538 0.774795 0.497386 0.288331 0.142922 0.0272508 
2.79581 2.29918 2.10808 1.89638 1.6397 1.36381 1.08619 0.834077 0.563741 0.348087 0.181599 0.031684 
2.77255 2.30473 2.07742 1.91805 1.65671 1.35319 1.0949 0.792289 0.591047 0.373806 0.190141 0.0266664 
2.74411 2.26666 2.02759 1.92296 1.55933 1.30127 0.993452 0.785307 0.574399 0.336165 0.173977 0.0387116 
3.20118 2.62655 2.48137 2.55026 2.89815 2.35522 1.55473 0.816854 0.622173 0.647415 0.355388 0.102838 
2.70582 1.93067 1.90995 1.94077 2.08933 1.76787 1.10855 0.763599 0.782566 0.714989 0.489689 0.0758218 
2.74849 1.8041 1.61131 2.22688 2.87264 2.22566 1.01009 0.211584 0.388825 1.03957 0.812796 0.0779958 
3.21007 1.08136 1.85141 2.18613 2.31519 2.37699 1.49485 -0.507056 0.242744 1.01498 1.10544 0.111918 
3.15021 0.336158 1.23843 1.24845 2.45373 2.18897 1.67201 0.0522155 0.727093 0.966895 1.04074 0.092688 
2.85784 -0.659584 1.61576 0.74928 3.2981 2.42686 2.02509 -0.398319 0.485877 0.879827 0.662591 0.111952 
2.41092 -0.0777136 0.845924 0.996084 3.11917 1.92663 1.47928 -0.143404 0.264837 0.5811 0.819211 0.0420799 
2.09497 -1.03681 0.435135 0.539241 1.77468 0.982341 0.209189 -0.535087 0.119479 0.587119 0.740207 0.103608 
2.09786 -0.990986 0.365607 0.171748 1.32985 0.61623 0.345947 -0.394277 0.0870193 0.548839 0.623131 0.0383543 
1.86673 -1.15629 0.1774 0.251706 1.20982 0.462044 1.22914 -0.315753 0.329733 0.235887 0.592911 0.0306505 
1.55024 -0.525315 0.713093 0.176265 2.00997 -0.319281 0.293932 0.303621 0.407804 0.363148 0.689052 0.0350889 
1.90838 -0.32097 1.26164 0.38766 1.64192 0.433022 0.976147 -0.623529 0.338233 0.507926 0.44144 0.0294463 
1.9585 -0.984142 0.998688 -0.0205169 1.06141 0.752658 0.726717 -0.388342 0.321677 0.414083 0.193759 0.0234982 
1.81409 -1.32225 0.46996 0.381593 1.37985 -0.584743 0.949146 -0.728843 0.178729 0.334968 0.323991 0.117284 
1.65079 -1.22469 0.756673 0.468606 1.09365 0.266344 0.922208 -0.579687 0.410501 0.128252 0.22939 -0.00526211 
1.84845 -1.1475 0.533518 -0.14774 1.23009 -0.667558 0.226351 -0.451452 -0.393502 0.81687 0.193877 -0.0177773 
1.67701 -0.526979 0.721744 0.0567788 1.30872 -0.615696 0.759786 -0.980013 -0.141197 0.417707 0.484852 0.036249 
1.7748 -0.873104 0.327836 -0.0312693 1.26716 -0.357638 0.348781 -0.586448 0.18963 0.480833 0.479011 0.046257 
1.69236 -1.27012 0.433316 0.254718 0.962471 -0.420803 0.441523 -0.552649 0.11732 0.655458 0.367917 0.00716147 
1.81766 -1.33944 0.425798 0.230313 0.926308 0.103247 0.283609 -0.182761 0.220785 -0.133529 0.166193 -0.0220419 
1.72588 -0.626813 0.809374 0.054632 1.25771 0.258661 0.477384 -1.01995 0.417905 0.408573 0.253281 0.0400605 
