1.97335 -0.6195 0.809969 0.0567055 0.611999 -0.239489 0.863496 -0.395242 0.934553 0.0629874 0.298408 0.0307293 
2.069 -0.328064 1.08117 -0.310366 0.842821 -0.449299 0.525318 0.0354224 0.490935 -0.0473794 0.496053 0.000428204 
1.80435 -0.605035 1.29424 0.0197199 0.683283 -0.354574 1.05334 0.175574 1.03394 0.186544 -0.0304827 -0.011086 
1.79345 -0.554939 1.80425 0.253273 1.06348 -0.346035 0.701927 -0.529462 0.364272 0.203564 0.299029 0.0158106 
1.74659 -0.017143 0.914618 0.0162468 1.04042 0.172989 0.0738332 -0.173813 0.53764 0.298187 0.159678 0.0213492 
1.659 -0.108759 1.24259 -0.241019 0.151717 -0.433051 0.990898 -0.627344 0.177602 -0.175521 0.0898388 0.0572806 
1.79988 0.0461514 1.01061 0.129279 0.682604 0.450618 0.431411 -1.24941 0.367188 -0.513929 0.158461 0.0511768 
1.9041 0.228646 1.47015 0.623903 1.21147 0.0771453 1.01307 -0.816253 0.54222 0.432943 -0.0534587 -0.0311082 
1.92317 0.142871 1.74454 0.768864 1.33675 0.042727 0.302695 -1.01616 0.171322 -0.120929 -0.129479 -0.0376523 
1.93507 0.17816 1.07242 0.222592 0.0113718 -0.22241 0.62444 -0.55722 1.04578 -0.767196 0.047754 0.105105 
1.77148 0.070048 1.75358 -0.81803 0.696908 0.214761 0.453326 -0.731183 0.500543 0.138969 -0.10004 0.0757645 
1.79415 -0.188061 1.29064 0.363093 0.297455 0.646173 0.577344 -1.02646 0.142678 -0.290149 -0.089595 0.0673395 
1.82482 -0.166273 1.80923 -0.106791 1.35422 0.544492 1.05307 -1.05636 -0.153659 -0.209913 0.0129523 0.088129 
1.73563 -0.265419 0.818474 -0.176337 0.627749 -0.294302 0.161305 -1.02594 -0.176126 -0.230265 0.38749 0.0583267 
2.01189 -0.211432 1.81872 -0.15814 0.741224 0.198256 0.856994 -0.812655 0.23868 0.0985672 0.206522 0.0560154 
1.69024 -0.238569 1.84507 -0.208391 1.18886 -0.447955 0.306905 -0.451487 0.0614134 -0.117211 -0.132261 0.0871987 
1.80143 -0.358971 1.51673 0.458766 1.19938 0.370897 0.738153 -0.570707 -0.10507 0.00666686 0.0846681 0.0312186 
2.01972 2.99304 0.930538 0.687568 1.63654 -1.36797 2.58451 1.36427 -0.753018 0.00928239 0.402776 -0.0169645 
2.73544 4.18635 0.552125 0.243603 0.396459 -0.833376 3.74521 3.00545 0.020767 0.152954 0.220492 -0.0889348 
3.86175 3.21963 1.46851 2.52362 4.91455 -1.4194 1.60168 0.907667 -0.328464 -0.276839 -0.0596523 0.211712 
3.50982 3.52768 2.98857 2.99292 3.85602 -0.709189 1.77824 0.848254 0.277258 -0.185091 0.0677735 0.0789627 
2.98292 2.83288 2.18443 2.36831 1.975 1.14861 1.06016 0.573211 0.510675 0.279679 0.0575757 0.00857493 
3.08784 2.53301 2.4581 2.00966 2.02975 1.07797 0.888327 0.62888 0.517628 0.194028 0.0710943 0.00347361 
3.376 3.61238 3.10714 2.67591 2.65522 0.762464 1.0701 0.431669 0.043101 0.384905 -0.0353583 0.00468607 
2.98339 2.6669 2.46731 1.98146 1.97216 1.17858 1.09587 0.581008 0.317711 0.276909 0.0322215 0.000643032 
2.96082 2.71847 2.45543 2.0191 1.99269 1.11694 1.13148 0.61147 0.334829 0.336474 0.0553056 0.0127021 
2.96831 2.54483 2.4944 1.95544 1.98286 1.33937 1.11402 0.802026 0.405796 0.345506 0.109627 0.0198099 
3.02838 2.81471 2.54692 2.24783 2.12979 1.4163 1.29915 0.768303 0.448019 0.355745 0.0585946 0.0256845 
3.64094 4.04742 3.84704 2.82791 3.46445 1.11713 1.69828 0.583847 0.065493 0.711461 -0.0505616 0.0406011 
3.23403 2.92172 2.80166 2.42366 2.14672 1.54748 1.17269 0.720736 0.401901 0.245142 0.0922182 0.0200805 
3.19266 3.03027 2.71847 2.64561 2.25989 1.74927 1.46083 0.840711 0.575736 0.283274 0.0627438 0.030479 
3.51063 3.82842 3.56839 2.81734 3.21553 1.29982 1.71365 0.630497 0.251354 0.563539 0.0493794 0.043277 
3.30665 3.26055 2.94575 2.52222 2.48878 1.27775 1.46907 0.606859 0.428606 0.458505 0.0850656 0.0400696 
3.2736 3.15423 3.06257 2.38887 2.67392 1.46741 1.46193 0.974579 0.295619 0.591852 0.0046729 0.0383269 
3.2694 3.67282 3.35226 2.54503 3.18322 0.972372 1.67136 0.531548 0.109168 0.652515 -0.0342826 0.047173 
3.55869 5.06575 4.28738 3.04418 4.44071 0.106814 2.02876 -0.592339 -0.751326 0.472479 -0.29501 0.0397112 
2.98126 2.59631 2.36011 2.07641 1.82571 1.30983 0.941661 0.553621 0.33892 0.238496 0.0902188 0.00868308 
2.99517 2.60668 2.37486 2.08469 1.74973 1.24599 0.880379 0.57151 0.348534 0.224205 0.0956053 0.00461552 
3.2975 3.18808 2.89681 2.63748 2.36184 1.54484 1.42289 0.700276 0.468848 0.250003 0.0440439 0.0166629 
3.40532 3.26018 3.20781 2.6473 2.56014 1.44286 1.23648 0.706677 0.231184 0.350759 0.0299496 0.0143529 
3.60069 3.63669 3.80862 2.7893 3.4331 1.36198 1.60103 0.78265 0.231185 0.597669 -0.0143651 0.0287937 
3.2721 3.23147 3.09039 2.72804 2.71575 1.67118 1.51 0.856242 0.423616 0.375354 0.0335807 0.0319757 
3.08304 3.0043 2.67102 2.51892 2.43893 1.56362 1.66624 0.836243 0.647655 0.438705 0.0613381 0.0497571 
3.2358 2.97399 2.90048 2.43125 2.31639 1.59925 1.27761 0.889266 0.459415 0.361194 0.128628 0.0379129 
3.22235 3.19362 2.89043 2.66729 2.57041 1.69507 1.71965 0.908132 0.658413 0.456126 0.0748433 0.0542543 
4.03745 4.18917 4.22472 3.40058 3.38521 1.70583 1.52651 0.629365 0.137613 0.366798 0.13917 0.0207187 
3.38189 3.22067 3.18232 2.82004 2.63867 1.96988 1.58508 1.08915 0.606208 0.416639 0.165646 0.058775 
3.31445 3.17814 3.13966 2.93107 2.6875 2.11893 1.79084 1.1827 0.724097 0.456028 0.13442 0.0707744 
3.89926 3.92916 3.91535 3.50602 2.94515 2.21159 1.5241 0.854573 0.515267 0.335386 0.343904 0.0715008 
3.03991 2.75537 2.68653 2.54329 2.4308 2.07812 1.71201 1.30313 0.957773 0.626676 0.351833 0.116995 
2.89794 2.51062 2.41834 2.30646 2.16627 1.9589 1.6527 1.33027 1.0453 0.700871 0.389722 0.114395 
3.01942 2.51674 2.77756 2.60104 2.48541 2.07521 1.51859 1.26403 0.726347 0.555998 0.314176 0.0960951 
3.01454 1.88727 3.41208 2.80948 3.92723 2.84316 0.480279 0.763976 1.10192 0.655442 0.189013 0.0443666 
2.47781 1.77449 3.85559 1.18614 3.15439 2.65102 2.07684 1.82404 0.759312 -0.520501 0.309565 0.136395 
2.24027 0.97139 1.75183 1.78519 2.00853 2.13338 2.54639 0.987447 1.06428 0.211842 0.300388 0.102339 
2.05166 0.6833 2.00522 0.634443 1.00928 2.11686 2.7813 0.975517 0.414566 -0.144998 0.110311 0.0862002 
1.38333 0.223256 1.39142 0.963022 1.82697 0.938926 2.0032 0.437368 0.942869 -0.155534 0.349511 0.0294315 
1.3908 0.731379 1.95981 1.46964 1.7187 1.54286 1.73362 0.898494 1.0136 -0.212125 0.50808 0.0489349 
1.59988 0.24242 2.07297 0.0761873 0.867691 1.7558 1.95028 0.858544 0.887899 -0.430898 0.529863 0.0532236 
1.36499 -0.0438447 1.70646 0.371357 0.890181 1.03765 1.50297 1.7539 0.0785274 -0.80747 0.461963 0.093182 
0.81859 -0.611678 1.99805 -1.07674 1.2003 0.624904 0.906715 1.0485 0.477315 -0.788452 0.18617 0.0151246 
0.605787 -0.535494 2.09924 -1.67122 1.13822 -0.953191 1.81193 0.805582 0.158152 -0.642193 0.37875 0.0782322 
0.805753 -0.865432 2.50332 -1.6924 0.81991 0.0436668 1.95412 1.18292 0.089778 -1.33154 0.133037 0.00214675 
0.848655 -0.431748 1.98655 -0.980656 1.24779 0.576275 3.27263 0.994656 0.677252 -1.06862 0.306318 0.0442524 
1.44836 -0.00348937 1.44566 -0.623702 1.63238 0.658249 1.26072 0.738458 0.857023 -0.548965 0.180564 0.0801112 
1.32531 0.575269 1.6182 -0.894159 1.59354 1.09736 1.99938 0.799783 0.608938 -0.621982 0.11474 0.103237 
1.47006 0.243857 1.20975 0.69987 1.22455 0.408315 1.17899 0.598237 0.718166 -0.259697 0.124301 0.0912848 
1.24686 -0.356945 1.3605 0.237346 0.719954 0.018205 1.20749 0.123098 0.00501913 -0.292117 0.12705 -0.0213474 
1.34235 0.121589 1.47948 -0.585494 0.558072 0.315451 1.23138 0.372374 0.485666 -0.159638 0.257942 0.0228859 
1.67885 -0.130041 0.922768 0.367527 0.676215 0.550299 1.45687 0.458991 0.677531 -0.0837885 0.195276 -0.0325457 
1.68331 0.415939 0.613286 -0.719021 0.304505 -0.247251 1.68436 0.169653 -0.241734 -0.273831 0.0832821 0.0562764 
1.26682 -0.36769 0.233175 -0.173013 0.989995 0.218171 1.24852 -0.247033 0.2461 -0.222494 0.101919 0.0335828 
1.3725 0.275334 1.3596 0.215754 0.149026 0.0536265 0.956998 0.115904 0.239773 -0.241079 0.348507 0.034382 
1.82297 0.161319 1.64752 0.637044 1.64679 0.74289 1.17198 0.325349 0.780801 -0.20999 -0.185534 0.0147742 
1.57596 0.159342 1.13081 0.137532 0.819908 -0.248909 1.12119 0.504423 0.357052 -0.263612 0.0908245 0.041199 
1.69432 0.101782 0.778998 0.449462 0.475723 0.133052 1.21003 -0.147965 -0.597684 -0.451053 0.293921 0.0794338 
1.38594 0.23856 1.42151 0.0468872 1.43053 0.401296 0.953725 0.0684805 0.131135 0.232289 -0.172212 0.0294842 
1.51024 0.273111 0.67245 0.164725 0.66854 0.459118 1.25889 0.0236411 0.25367 -0.225547 -0.00461285 0.0444154 
1.34798 -0.242648 1.3748 -0.0435913 1.64831 0.127579 0.866737 -0.0261632 -0.452424 -0.13661 -0.178364 -0.0420824 
1.32745 0.0471335 1.13656 0.181753 0.663621 -0.29335 0.701608 0.217612 -0.0560129 -0.0610108 -0.00160715 0.0337359 
1.5722 -0.0116033 0.603201 0.313063 0.863545 0.0782672 1.1628 0.0613471 0.06431 0.0237805 0.143953 0.0476995 
1.40193 0.513129 0.639825 -0.477004 0.863099 0.144805 1.22017 -0.348205 -0.474034 0.435719 -0.164764 0.0674965 
1.41058 0.0927903 1.12294 0.36488 0.713038 0.466644 1.07869 -0.22811 0.0947987 -0.356012 0.0201543 -0.0149548 
1.26422 0.156197 1.41196 -0.303298 0.842424 0.80786 0.68766 -0.136862 -0.211132 -0.39848 0.0949902 0.0861531 
1.63668 0.102789 0.915843 0.434776 0.919215 -0.0219452 1.02081 -0.17364 0.351044 -0.164801 -0.00119888 -0.0443138 
