1.83026 -1.02897 0.651887 0.275394 0.979731 -0.17406 0.789665 -1.00146 0.471223 0.0770041 0.302035 -0.0257063 
2.1112 -0.856466 1.41726 -0.505207 0.929317 -0.851716 0.502967 -0.315861 0.0261575 0.332409 0.16724 0.0414898 
1.70224 -1.10869 0.508732 0.475916 1.45114 -0.172332 0.83232 -0.406651 0.690114 0.0184013 0.235657 0.00904605 
1.96339 -0.75914 0.954109 -0.207351 0.938058 0.165047 0.556994 -1.16724 0.611549 0.446501 0.102356 0.0108265 
1.91743 -0.687492 1.3505 -0.616026 0.240695 -1.35374 -0.535101 -0.953779 0.634025 0.567142 0.482859 0.0397035 
1.84774 -0.810334 0.881856 -0.476661 0.98854 -1.00747 0.495136 -0.199215 0.381134 0.463804 0.450666 0.0212068 
1.99751 -0.699863 0.866968 -0.123296 1.74599 -0.29213 0.599738 -0.243422 0.214154 0.444858 0.120627 -0.0105004 
2.02808 -0.842298 1.45064 0.493823 1.10332 0.0631243 0.477118 -0.580939 0.60475 0.2176 0.3589 0.0258335 
1.86689 -0.854624 0.849733 -0.126918 1.48772 0.553287 0.235004 -0.927833 0.516352 0.517475 0.321408 -0.0278016 
2.03175 -0.989932 0.816067 0.403965 0.764782 -0.0210983 0.79618 -0.476335 0.183238 0.217947 0.416614 0.0887443 
1.63581 -0.883822 0.909913 -0.092606 1.14434 0.104452 -0.0538951 -0.488582 0.687191 -0.0520124 0.141602 0.0611805 
1.53248 -0.714574 0.977155 -0.11747 0.972856 -0.659227 0.411266 -0.370486 0.559293 0.414626 0.374779 0.0112288 
1.58749 -1.01431 0.917022 -0.0450368 1.52267 -0.311906 0.282443 -1.07754 0.181017 0.487375 0.198538 0.108103 
2.06506 -1.01257 1.42451 0.237486 1.01286 0.188967 0.623234 -0.727502 0.506129 0.379315 0.244817 0.00915425 
2.03563 -0.720186 0.286109 -0.784628 1.41042 -0.345581 0.660787 0.118723 0.0492906 0.367672 0.0281735 -0.0625539 
1.99113 -0.848441 0.56717 0.369536 0.975529 -0.477578 -0.131732 -0.690459 0.016223 0.0951587 0.299708 0.0149249 
1.91927 -1.42656 1.32885 0.360916 1.2993 -0.406293 0.803065 -0.578966 0.343442 0.18454 0.140994 0.0695084 
1.92748 -1.0707 0.612959 0.333795 1.06302 -0.118914 0.465732 -0.248868 0.894846 0.277614 0.35386 0.0238644 
1.92194 -0.536592 0.810404 -0.460161 1.72588 -0.0729743 -0.0472181 -0.420998 0.480783 -0.0444564 0.140453 0.00937242 
1.71543 -0.485663 0.921957 -0.266858 1.97447 0.095327 1.06057 -0.378527 0.0410334 0.272725 0.157402 -0.0321167 
1.93618 -1.03424 1.3591 0.410734 1.63117 -0.272522 0.289676 -0.609743 0.495528 0.0766722 0.137451 0.083296 
1.94465 -0.791671 0.374526 -0.140994 1.47676 -0.562925 0.927997 -0.734356 0.159391 0.285497 -0.0102731 0.0333924 
1.86624 -0.66034 1.96313 0.545404 1.367 0.0128259 0.412196 -0.371341 0.0586966 0.445 0.310553 0.00292214 
1.84549 -0.64594 1.37591 -0.264654 1.61975 -0.79896 0.563797 0.838021 0.0153392 0.53589 0.377637 -0.00745799 
1.81331 -1.22592 0.768022 0.0404534 1.74575 -0.583047 0.0282638 -0.965675 0.327149 0.109583 0.393068 0.108304 
2.00718 -0.812831 1.0776 -0.163628 1.4219 -0.0613144 0.520702 -0.994788 0.307342 0.360158 0.237328 0.0284314 
1.93385 -1.32267 1.43539 0.812214 0.86222 -0.186113 0.427727 -1.2365 1.1528 0.237619 0.224566 0.0972403 
1.90574 -0.967227 1.61692 0.413957 1.13182 0.0868491 0.241578 -0.520137 0.381721 0.0424907 0.223315 0.0650211 
1.54491 -1.11539 0.87113 0.227219 1.24211 -0.0487138 0.121561 -0.655291 0.489856 0.234333 0.202197 0.0533322 
2.0735 -0.856665 1.46671 -0.350053 0.597479 0.63909 -0.0675443 -0.937817 0.319272 0.361989 0.282014 -0.0252173 
1.99956 -1.17676 0.828255 0.293057 1.03804 -0.127099 0.370773 -0.228406 0.141771 0.186 0.35099 0.0586354 
1.81756 -0.608647 0.909028 0.213965 1.81067 0.0260167 0.409747 -0.464168 0.221143 0.463802 0.090132 -0.0459218 
1.56267 1.01661 -0.0372522 0.586121 0.625216 -0.8584 1.35164 0.326928 -0.983808 -0.619921 -0.253867 0.0513205 
3.02088 3.45682 0.57768 0.488062 -0.77367 -2.63791 2.66738 0.6182 -0.17827 -0.317404 0.327058 0.0526574 
3.11314 2.64591 2.4124 2.21004 1.93389 1.09362 1.02686 0.789623 0.309456 0.161687 -0.0807652 -0.00942741 
3.19412 2.75665 2.57445 2.34463 2.07966 1.27262 0.952266 0.688146 0.353201 0.125112 0.0826112 0.00480593 
3.24692 2.90116 2.66365 2.40913 1.79978 1.14827 1.0155 0.544976 0.26779 0.0789074 0.173571 0.00838269 
3.15085 2.7767 2.49643 2.19657 1.83631 1.34122 0.961973 0.617112 0.376474 0.152861 0.0675372 0.00391988 
3.04987 2.65312 2.36645 2.1369 1.68387 1.43058 0.954788 0.727464 0.387159 0.211614 0.0929216 0.00522475 
3.04897 2.56532 2.40494 2.04402 1.7575 1.36759 0.995547 0.720133 0.39365 0.265427 0.0987711 0.0101092 
4.15807 4.51376 4.37366 3.85682 3.32976 1.6777 1.36604 0.277792 0.248806 0.122722 0.0656294 -0.0164617 
3.19916 2.94052 2.75708 2.53014 2.18681 1.78199 1.31931 0.877617 0.508232 0.213848 0.117034 0.0296276 
3.24879 3.03778 2.8624 2.60659 2.40462 1.81379 1.61764 1.01386 0.673638 0.320456 0.0657935 0.0426335 
3.63408 3.74127 3.57466 3.24373 3.31768 1.97973 1.92093 0.726427 0.591814 0.409545 0.174741 0.0477595 
3.04399 2.73954 2.56194 2.26048 2.13689 1.5729 1.40419 0.901192 0.657438 0.415573 0.168006 0.0522907 
3.07332 2.73694 2.54818 2.26389 2.00856 1.5899 1.20712 0.853851 0.49424 0.297372 0.127019 0.0360465 
3.24694 3.13643 2.77524 2.63169 2.40761 1.70016 1.4903 0.655782 0.551267 0.19882 0.103704 0.0264117 
3.47839 3.66966 3.30563 2.89713 3.12259 1.56421 1.82539 0.419477 0.534366 0.270721 0.0756876 0.0223917 
3.36337 3.15093 3.07892 2.53491 2.46091 1.68515 1.32713 0.91896 0.372064 0.280428 0.0309985 0.0137038 
3.55656 3.52376 3.14915 2.8984 2.78161 1.81629 1.65278 0.795626 0.531947 0.376725 0.0472459 0.0286348 
3.81074 4.00795 3.73056 3.1789 3.19507 1.70401 1.72237 0.769658 0.511377 0.448651 0.0773745 0.0349197 
3.57883 3.56376 3.4549 3.16384 3.11466 2.12856 1.73428 1.07163 0.567179 0.448495 0.0974152 0.0436827 
3.09041 2.73872 2.62031 2.3604 2.08878 1.64831 1.25602 0.883787 0.501721 0.274182 0.074604 0.0314217 
2.88788 2.4808 2.24824 2.00839 1.78005 1.38913 1.12764 0.768689 0.487096 0.291146 0.098347 0.0218689 
2.95218 2.54686 2.39009 2.09507 1.89062 1.5062 1.16813 0.834629 0.483618 0.313522 0.119071 0.0296119 
3.37898 3.26795 3.2055 3.0064 2.81274 2.2027 1.70208 1.11963 0.62866 0.337309 0.104465 0.0475242 
3.38449 3.20492 3.23846 3.05133 2.78154 2.25073 1.67433 1.12388 0.594054 0.368546 0.127929 0.0522891 
4.74752 4.46748 4.01388 3.4062 3.41271 1.80191 1.36463 0.626989 0.324833 0.273035 0.107329 0.0213691 
3.30436 3.02891 2.86725 2.61022 2.23319 1.89968 1.40797 1.01398 0.652948 0.29158 0.112894 0.0445946 
3.06931 2.73076 2.56048 2.40173 2.08801 1.72528 1.3609 0.93709 0.6435 0.303923 0.12905 0.0416344 
3.18968 2.91645 2.91182 2.64958 2.36124 1.94329 1.51554 1.07808 0.637304 0.378731 0.0944114 0.0509394 
3.29221 3.12259 3.14979 2.93599 2.69244 2.07978 1.68836 1.07921 0.621944 0.42321 0.115478 0.0573943 
3.91118 3.69193 3.78504 3.31812 3.21014 2.21467 1.69433 0.850231 0.582861 0.723027 0.127039 0.0564841 
3.20155 2.86582 2.74523 2.57043 2.30511 1.84222 1.3861 0.950877 0.657763 0.410391 0.209295 0.0707546 
3.03796 2.54395 2.45802 2.45423 2.25611 1.77622 1.11148 0.737058 0.592197 0.433016 0.204402 0.0666466 
3.01937 2.66879 2.53726 2.50512 2.40834 1.88399 1.42246 1.04228 0.77588 0.519298 0.208943 0.0857712 
2.79724 2.28663 2.12459 2.06303 2.02796 1.70282 1.21371 0.874952 0.699392 0.560478 0.320638 0.0763492 
2.77638 2.2827 2.07744 1.93709 1.85979 1.69182 1.4344 1.03721 0.713041 0.553271 0.377963 0.0826384 
2.80013 2.24141 1.94473 1.82157 2.0357 1.88922 1.39726 0.909357 0.668493 0.706537 0.493724 0.0947719 
2.73544 2.11437 1.81831 1.73859 1.7284 1.62236 1.23505 0.828725 0.641953 0.540294 0.395474 0.0738241 
3.02862 1.5935 1.59433 2.0648 2.93627 2.33405 1.24055 0.565208 0.41343 1.05154 0.766207 0.101822 
2.55708 0.587472 1.61111 1.83489 2.95959 1.40121 1.65767 0.352142 -0.0371418 0.57933 1.13408 0.0561095 
2.41469 0.571251 1.02487 0.475256 2.66149 1.46826 0.28586 0.261544 0.169041 0.491707 0.988219 0.0121874 
2.2786 0.4129 1.85971 1.18868 2.76078 2.27039 1.14576 0.5871 0.688221 0.741229 0.809578 0.028356 
2.36601 0.818672 1.97023 1.59147 2.46828 1.77992 2.10462 0.830084 0.551128 0.561091 0.745762 0.0678326 
2.41631 0.996368 2.20138 2.02939 2.78127 1.40433 1.1945 0.512612 0.634812 0.628323 0.659993 0.0517383 
2.25125 0.952919 1.52772 1.70784 2.33424 1.78193 1.54483 0.582986 0.870095 0.647717 0.536875 0.0448243 
2.30477 -0.0113453 1.35169 1.44785 1.83224 1.10206 1.17529 0.150784 0.917701 0.497744 0.61917 0.032393 
1.99563 -0.323261 0.460712 0.979345 1.93413 0.421445 1.25457 0.247163 0.59558 0.323569 0.630852 0.0474312 
1.6802 -0.595809 0.912329 1.03806 1.66583 0.718335 0.846781 -0.102979 0.0745746 0.327477 0.514798 0.00745987 
1.80571 -0.986755 0.400287 0.426415 0.557678 0.091215 0.513136 0.0116231 0.182834 0.449849 0.401608 0.0083865 
1.72018 -0.417065 1.02886 0.906654 0.962487 -0.374223 0.466896 -0.453462 0.474138 0.512672 0.572998 0.101914 
1.72649 -0.425981 1.04548 0.246675 1.59598 0.023465 0.226744 0.15466 0.570173 0.388793 0.396148 0.0603355 
1.67983 -0.643552 1.15318 0.318089 1.27029 -0.282857 0.267047 -0.532911 0.957083 0.475396 0.335882 0.098571 
1.61043 -0.755645 0.559353 0.371568 1.16968 -0.0637436 0.328932 0.166405 0.634755 0.512598 0.230299 -0.00340891 
