1.71863 -0.260644 1.15377 0.175159 1.16571 0.489544 0.843535 0.0028783 0.590074 -0.150226 0.160289 0.0322723 
1.91734 -0.0609706 1.26657 -0.377665 0.908232 0.353199 0.963752 -0.243734 0.422435 0.169562 0.166152 0.0973595 
1.79889 -0.291052 1.15573 0.386777 1.30639 0.205094 1.99979 -0.201593 0.323953 0.062426 0.111416 0.0317435 
1.88539 0.0932802 1.58276 -0.0882438 0.868512 -0.351151 0.151181 -0.739554 0.222407 -0.0946316 -0.0311232 0.0185199 
1.7508 0.178422 1.51642 -0.428209 1.26888 0.111512 1.19019 -0.462136 0.484 0.0521189 -0.0818942 0.0641948 
1.83336 -0.268775 1.09236 0.660548 1.34486 0.249787 1.21189 -0.102585 0.385795 -0.114757 -0.0610535 -0.00744596 
1.67205 0.300395 1.09785 -0.161156 1.17299 0.718929 0.624995 -0.454134 0.548657 -0.138255 0.168812 0.0474028 
1.7485 -0.139408 1.60795 0.074327 0.560728 -0.349518 0.756909 -0.0499286 -0.0141679 -0.181789 -0.00995532 -0.0364648 
0.0467103 1.30406 0.182024 0.50163 1.35952 -1.28899 1.06666 -0.12412 -0.0963803 -0.459562 0.0646479 -0.094201 
-3.95334 4.13203 1.08385 0.260057 0.641693 -1.85389 2.11601 0.69881 -0.790694 0.198671 0.0147462 -0.0921429 
-1.75351 2.116 1.33089 -0.240394 2.7724 -0.492299 0.547346 0.168934 -0.330083 0.00587333 0.17216 -0.0148151 
0.376514 1.8415 -0.362537 0.649646 1.13239 -0.409224 1.13711 0.153709 -1.12471 0.698363 0.0895289 0.0693654 
1.46233 -0.586497 0.850729 1.61541 1.00242 -1.13034 1.25676 1.5825 0.134185 -0.242335 -0.0463759 0.0508076 
3.53396 -2.54763 0.78055 4.61671 0.02393 -0.869931 3.1476 1.80453 -0.819903 -1.0329 -0.100266 -0.0277924 
2.34183 0.254409 0.370659 2.33089 1.73749 -0.416214 3.05237 0.483906 -0.561316 -0.475253 -0.0483188 0.0681208 
-2.97179 1.38183 0.413549 -0.532594 4.0601 -0.383997 2.7712 1.00398 0.119367 -0.487261 0.0167294 0.11683 
-0.980651 0.655449 0.636012 0.78525 2.13966 0.526533 4.25944 0.506497 0.382304 0.419122 -0.314674 -0.126435 
-2.37647 0.00599326 -0.281364 1.55546 -0.325623 -1.7637 3.95628 1.39666 0.571973 -0.0862767 -0.550911 -0.217522 
0.196602 0.694318 -0.780031 -1.49811 2.49128 -2.77382 2.82183 2.21215 -0.00586868 -0.130845 -0.765979 0.0200614 
1.138 0.812373 1.00826 -0.958383 1.8529 -1.80874 2.88141 1.17938 -0.226 -0.0662272 -0.663427 0.0763941 
1.88877 0.231176 1.64735 -0.181216 0.76479 0.689083 1.07342 -1.42233 0.316334 0.239238 -0.25956 0.00868887 
2.31651 -0.177776 1.36371 0.58947 0.354838 0.379793 1.33193 -0.905362 0.418269 0.105483 -0.156784 0.0503521 
2.031 -0.777207 1.35401 0.191455 0.853859 -1.02251 0.751373 -0.558274 0.0247333 0.140995 -0.142486 0.0495728 
1.85377 -0.313421 1.4725 -0.746108 2.91157 -0.722222 1.52183 -0.151433 0.165249 0.205824 -0.310393 0.109435 
1.32948 0.529733 1.34808 -0.896777 2.77309 -0.582501 0.901378 -1.2013 -0.504893 0.341615 -0.363291 0.166393 
1.88674 -0.0487583 1.46914 -0.104607 0.96824 0.207466 0.486966 -0.655806 -0.00809503 -0.406312 -0.302502 0.0615352 
1.90552 -0.326063 1.36453 -0.262537 0.173512 0.0284334 0.924076 -0.541083 -0.235255 0.279631 -0.00515295 -0.0416303 
2.04819 0.017377 2.20488 -0.632659 1.61721 0.582232 0.989915 -0.520056 0.108395 0.118387 0.0223891 0.0574214 
1.83694 -0.215035 1.63484 -0.530512 0.664817 0.476113 0.371843 -0.872827 -0.025261 -0.244558 -0.0319974 0.0602983 
1.87118 -0.539327 1.02692 -0.31992 0.622343 0.377747 0.93438 -0.297977 -0.139622 -0.0370818 0.092194 0.0651508 
1.90583 0.309924 1.03596 -0.0849918 0.511684 -0.167864 0.997312 -0.502515 0.130281 -0.390876 0.144601 0.0320172 
1.76822 -0.103766 1.75601 -0.706705 1.33047 0.330932 0.210967 0.0507271 0.343201 -0.0249737 0.13745 -0.026482 
2.03678 -0.0971846 2.01976 -0.0609395 0.86169 0.584495 1.02675 0.0532575 -0.0816837 -0.194192 0.024833 0.0751959 
1.9211 0.241353 0.909265 -0.373927 1.00933 0.776763 0.582262 -0.709967 0.0134602 0.0705354 -0.147222 0.00426225 
1.72845 -0.0150035 1.28394 0.0704753 0.871123 0.357278 0.827985 -0.704276 0.376724 -0.237515 -0.0836358 0.0433569 
1.57938 0.155047 1.84701 -0.0216022 1.29698 0.965245 0.551659 -0.852307 -0.243517 -0.0506632 0.180024 0.0435546 
1.80256 0.322323 1.27895 -0.279967 1.28834 0.4401 1.17451 -0.366314 0.713912 0.0211691 0.100089 -0.00183853 
1.76865 0.00715665 1.60764 -0.568903 1.28578 0.168954 0.612873 -0.204334 -0.379531 -0.141789 -0.0455186 0.00127629 
2.03054 0.130541 1.37496 0.170862 1.11418 -0.212452 0.807453 -0.196322 -1.05925 -0.0622366 -0.0207905 0.00326387 
1.74242 0.387259 1.43748 -0.195169 0.724823 -0.137297 0.930164 -0.694095 0.197863 -0.0352452 0.117729 -0.022361 
1.5585 -0.0604973 1.44698 -0.0814656 1.08686 -0.181466 0.351958 -0.19445 0.731109 0.0940677 0.138846 0.0473887 
1.98495 0.271311 1.69433 0.289957 1.33173 0.246277 0.877058 -0.111322 0.362928 0.21102 0.0473564 0.0660757 
1.66789 0.0354741 1.0873 0.339926 1.15136 -0.811697 0.779377 0.12871 0.312351 0.158364 0.0685346 0.0166182 
2.59253 0.965129 2.3669 0.473913 1.22533 -0.549922 0.672547 -0.253968 -0.680158 -0.29112 0.371033 0.00192122 
3.46177 3.20169 0.602499 0.278284 0.475265 -1.13704 2.17062 1.36623 0.0150342 -0.117986 0.220919 0.0688152 
3.22796 2.61801 2.48958 2.43221 2.8173 0.205149 1.04855 0.585705 0.643361 0.11132 0.112617 0.030712 
3.43717 3.25141 2.40809 2.88355 3.38836 0.22824 1.30273 0.776597 0.438723 -0.0439498 0.13309 0.0401387 
3.79189 4.27726 3.164 3.84235 3.5603 -0.831008 1.8748 0.571335 0.27251 -0.378994 0.128973 0.0757241 
3.39472 3.3916 3.02346 3.44699 2.67967 1.2169 1.4591 0.805342 0.687727 -0.106324 0.228073 0.0237448 
3.60607 3.6415 3.28879 3.10765 2.89795 1.38099 1.6686 0.354958 0.680447 0.104219 0.126897 0.0186356 
3.64202 3.75152 3.51353 3.29659 2.78069 1.84134 1.42876 0.61683 0.409881 0.110313 0.142118 0.00588816 
3.75477 3.87938 3.73573 3.18379 2.8134 1.5212 1.12285 0.325737 0.026097 0.109769 0.120043 -0.00920769 
3.4315 3.38498 3.12227 2.7551 2.38661 1.48949 1.15517 0.467628 0.331253 0.161842 0.133968 0.0145324 
3.41956 3.44817 3.17676 2.71624 2.60105 1.33979 1.34725 0.404517 0.353023 0.226292 0.112339 0.0203746 
3.99137 4.14566 3.79679 3.44156 2.79839 1.68142 1.3921 0.267115 0.128422 -0.0866797 0.184336 -0.00854304 
3.40877 3.26203 3.09136 2.83239 2.29149 1.73022 1.30495 0.738848 0.43142 0.183621 0.102294 0.0196873 
3.42522 3.28962 3.14781 2.77956 2.42147 1.63121 1.28146 0.600627 0.319184 0.120475 0.133278 0.0108841 
3.69246 3.78574 3.61474 3.23945 2.76785 1.63872 1.08195 0.285309 0.16716 0.0893556 0.151282 -0.00499205 
3.57431 3.66924 3.43852 3.24348 2.68771 1.69749 1.18112 0.380443 0.334713 0.0756104 0.184544 0.00425827 
3.09759 2.79268 2.53621 2.31249 1.88866 1.52521 1.05067 0.722307 0.437064 0.24459 0.13985 0.0255162 
2.84776 2.3895 2.18199 1.87662 1.66034 1.26287 1.01071 0.68352 0.444689 0.270643 0.112177 0.0142102 
2.9789 2.60192 2.37728 2.12747 1.80906 1.38916 1.02979 0.6527 0.386917 0.209734 0.0934647 0.0180962 
3.81005 4.06903 3.78739 3.62982 2.85615 1.85675 1.1813 0.269005 0.201359 -0.0627319 0.227777 -0.0111508 
3.74425 4.00324 3.83766 3.35881 3.03811 1.68647 1.28194 0.378283 0.146258 0.162695 0.179408 0.00412528 
3.58297 3.63686 3.44824 3.03051 2.70097 1.58473 1.2993 0.476291 0.249398 0.2235 0.162648 0.0170425 
3.69862 3.70499 3.6332 3.2244 2.7432 1.8293 1.20975 0.566645 0.218153 0.255132 0.179378 0.0182001 
3.78497 3.7008 3.62146 3.29694 2.70861 1.96124 1.15256 0.612406 0.295346 0.169481 0.184663 0.0168512 
2.9354 2.51972 2.28965 2.02832 1.70646 1.33762 0.986058 0.672153 0.414394 0.232869 0.111288 0.0251648 
2.89509 2.45847 2.24648 1.9939 1.6895 1.3658 1.02929 0.721845 0.468482 0.272346 0.137769 0.0278756 
3.26931 3.03977 2.91751 2.68532 2.32087 1.8675 1.41459 0.897542 0.579128 0.265643 0.126924 0.0402546 
3.26492 3.02834 2.90775 2.63642 2.23843 1.69976 1.26776 0.757074 0.462643 0.271211 0.152299 0.036123 
3.51678 3.44496 3.5436 3.21903 2.76893 2.13344 1.40535 0.898259 0.534155 0.308032 0.202087 0.0421995 
3.41739 3.24401 3.22418 3.00559 2.52565 2.09456 1.48005 0.988755 0.635095 0.361416 0.193173 0.0577021 
3.42759 3.24424 3.27888 3.05551 2.53586 2.09694 1.54201 0.96749 0.656422 0.382021 0.200658 0.0614102 
3.36759 3.19069 3.15158 2.87488 2.58517 2.13783 1.53883 1.14349 0.754513 0.413594 0.236308 0.0765844 
3.72067 3.6684 3.88322 3.56915 3.18266 2.67357 1.89 1.17238 0.848777 0.515797 0.305583 0.0870399 
3.4774 3.32553 3.50729 3.3062 3.05571 2.78178 2.09313 1.35036 1.20578 0.582306 0.221972 0.113523 
3.24523 2.96764 3.1005 3.04898 2.53626 2.46794 1.9647 1.39737 0.968589 0.685901 0.260657 0.12447 
2.93639 2.58586 2.87043 2.22119 2.15477 1.88631 1.60524 0.936975 0.950992 0.609192 0.179809 0.0917009 
3.20057 2.45282 4.03469 2.46958 2.78454 1.4454 1.6696 -0.298083 0.639403 0.303788 0.209814 0.065446 
2.81794 1.67578 3.96177 2.589 1.85748 0.653639 0.767972 0.00992001 0.182004 -0.418485 -0.0274514 0.0128046 
2.26512 1.00102 2.134 1.30649 2.23604 1.48656 1.76091 0.480962 0.709797 0.222134 0.00488129 0.0614802 
2.26994 1.16109 2.36248 1.62102 2.11216 0.798509 1.57708 0.856919 0.776686 -0.025555 0.414236 0.0539076 
2.23723 1.10868 2.85292 1.54281 2.13318 0.887098 1.50801 0.539052 0.378855 0.275422 0.211989 0.0401001 
1.65852 0.93569 2.06907 1.03879 0.986113 1.02716 1.63045 0.62626 0.96429 -0.0431819 0.282677 0.0357544 
