1.8413 -1.26926 1.17292 -0.619413 1.44059 0.320666 0.693557 -0.900855 0.721915 0.355237 0.177657 0.0221164 
2.07311 -0.5617 0.664256 -0.454255 1.48624 -0.985039 0.105149 -0.633782 0.189317 0.0338803 0.483768 0.0695601 
1.93059 -1.08785 1.05606 0.608495 1.74701 0.275065 0.782853 -0.908923 0.535255 0.112493 0.243588 -0.00691863 
1.76416 -1.00615 0.828201 -0.157073 1.25598 -0.022495 -0.0913611 -0.629968 -0.507278 0.552508 0.219368 -0.0314949 
1.97342 -0.657428 0.804368 -0.755177 1.4021 -0.368278 -0.00425719 -0.626825 0.171208 -0.0784692 0.376427 -0.0175751 
1.99122 -0.842684 0.979423 -0.0119792 1.16659 0.318462 0.712927 -0.432615 0.337749 0.368459 0.3571 0.0404782 
2.11295 -1.27241 1.30128 0.398988 1.97706 0.703442 0.458255 -0.160468 0.339099 0.160848 0.397106 0.00144507 
2.02529 -1.66258 1.06844 -0.147128 1.06983 -0.435513 0.78482 -0.428695 0.227068 0.445593 0.277947 0.0430821 
2.07584 -0.938533 0.63374 0.340423 2.30049 0.45003 0.593025 -0.901116 0.522091 0.15558 -0.0885167 -0.0536573 
1.94746 -1.07113 0.718773 -0.166719 0.951284 -0.354349 0.323148 -0.500796 0.642566 0.412875 0.31931 0.0585134 
2.07674 -1.01941 0.756275 -0.256516 1.57276 -0.265305 0.162268 -0.465113 0.358044 0.0382412 0.412298 0.0347536 
1.86027 -0.881298 0.340295 -0.234957 1.24687 0.0817989 1.01819 -0.944638 0.0933164 0.209455 0.348212 0.0397916 
1.9977 -1.19205 0.483723 -0.172736 1.36688 0.0518387 0.315153 -0.416192 0.420678 0.159028 0.22007 0.00323388 
1.8016 -0.836862 0.582859 0.212497 0.964609 0.118907 0.249754 -0.681327 0.2579 -0.0888964 0.341186 0.0340861 
1.72232 -0.613105 1.00887 -0.315743 0.826028 -0.623795 0.817826 -0.569014 0.338312 0.270326 0.331267 -0.0448803 
1.89108 -1.05563 0.849069 -0.327289 0.877428 0.522512 0.80456 -0.869627 0.300522 0.403534 0.427022 0.0098969 
1.91968 -0.941733 0.802971 0.00741922 1.46214 -0.17892 0.593311 -1.01886 0.068234 0.239243 0.249248 -0.00713925 
1.92156 -1.06623 1.05146 -0.16764 0.674893 -0.229549 1.21493 -0.646413 0.252172 0.422467 0.300778 -0.0291269 
2.30015 -0.899288 1.31272 -0.327876 1.3996 -0.101761 0.0326288 -0.224866 -0.138258 0.521762 0.352836 -0.02001 
2.13912 -0.917379 1.35621 0.0242289 0.905537 0.166291 0.464693 -0.776735 -0.261848 0.130202 0.436605 0.0512153 
1.89724 -0.791341 0.000560039 -0.433606 1.5551 -0.251074 0.0967921 -0.564021 0.130932 0.0984748 0.0841824 -0.0666995 
2.1211 -0.867543 0.822221 0.152668 1.7775 -0.370902 0.395716 0.178385 -0.0333104 0.229892 0.433555 0.00434235 
1.95594 -0.645045 0.989955 -0.320926 1.14127 0.69735 1.05398 -0.984081 0.283978 0.745705 0.233962 -0.000571294 
2.1248 -0.685142 1.84401 0.00913282 1.89402 -0.0424041 0.737584 -0.387853 0.0671964 0.534199 0.47059 0.0339232 
3.59611 1.05554 4.03515 0.498838 1.88495 -1.25495 -0.46678 -0.185646 -1.05437 -0.156992 0.594008 0.0873262 
2.78338 2.06514 2.03346 1.88553 1.37289 0.295521 0.680992 0.691751 0.0600328 -0.0219408 0.122075 -0.023717 
3.10128 2.55106 2.48117 2.59529 2.06072 0.621311 0.961348 0.719401 0.230878 -0.129304 0.0467287 -0.010909 
4.73871 3.31041 2.56612 5.07199 4.63895 -1.61908 2.09144 0.919091 0.104759 -0.3922 -0.135431 0.196784 
2.99356 2.61865 2.37489 2.11871 1.8686 1.32384 1.045 0.569095 0.423203 0.149428 0.073094 0.00308008 
3.02502 2.65898 2.45611 2.17382 1.78754 1.28266 0.922891 0.632961 0.308633 0.198384 0.0419513 0.0036344 
3.60083 3.54179 3.46213 3.11329 2.5256 1.64296 1.26129 0.563311 0.179082 0.157958 0.118149 -0.000569574 
3.31506 3.1189 2.9947 2.72208 2.44173 1.71926 1.32994 0.730021 0.403509 0.257276 0.0674438 0.0168634 
3.26857 3.30646 3.17776 2.37154 2.48967 1.30009 1.29504 0.675823 0.10542 0.520019 -0.0102243 0.0189736 
3.37585 3.47537 3.19697 2.86394 2.54423 1.45858 1.23659 0.40029 0.229843 0.245271 0.0932316 0.00868051 
3.04157 2.67439 2.4807 2.18176 1.94427 1.44905 1.01257 0.691863 0.389088 0.21087 0.0636733 0.0156925 
3.06451 2.68068 2.49152 2.189 1.69838 1.26531 0.902595 0.513434 0.202753 0.0927939 0.0568759 0.00455991 
3.61727 3.49426 3.4554 2.9582 2.61036 1.5407 1.22415 0.629125 0.181873 0.1954 0.0289857 -0.00738281 
3.60464 3.46253 3.37261 2.93938 2.38299 1.50862 1.25332 0.534706 0.132174 0.0847443 0.0405182 -0.0194429 
3.15545 2.81522 2.6659 2.40221 1.996 1.49374 1.04401 0.625732 0.257126 0.0410934 -0.0337713 -0.0132335 
3.18161 2.87533 2.72554 2.50982 2.12792 1.63383 1.12611 0.702372 0.335476 0.0956731 0.0028908 0.00630241 
4.82386 4.64651 5.04737 5.26733 3.46707 1.5004 1.60223 1.40602 0.0106813 -0.226246 0.0971411 -0.0171078 
3.78113 3.737 3.73018 3.39849 2.75871 1.9605 1.31055 0.619613 0.114018 0.0590484 0.12493 -0.0142464 
3.50931 3.33716 3.39451 3.19853 2.70061 1.87068 1.50245 0.938285 0.283525 0.0860185 0.0595737 -0.00331786 
3.64896 3.40267 3.47818 3.26758 2.66866 1.51694 1.38064 0.953582 0.19294 0.0575267 0.0759244 -0.00496676 
3.6426 3.5687 3.55323 3.04025 2.81608 1.60552 1.53069 0.846929 0.144696 0.235958 0.0268638 -0.00528812 
4.64495 4.70426 4.65028 4.03284 3.27536 1.91155 1.79368 0.758727 0.0722873 0.0957123 0.0684621 -0.0231936 
3.76341 3.71631 3.638 3.49915 2.9419 2.27525 1.52211 0.921399 0.503353 0.22016 0.164582 0.0226927 
3.65613 3.60896 3.58959 3.25322 2.86378 2.14824 1.56006 0.800978 0.348118 0.212757 0.0903697 0.00372095 
4.16495 4.08845 4.01313 3.85689 3.56971 2.7467 1.57014 0.516223 0.270365 0.13872 0.198657 -0.0065256 
4.45655 4.47923 4.27551 4.08876 3.57755 2.8347 1.60434 0.487926 0.379614 0.196837 0.16269 -0.00241143 
3.94712 3.88603 3.69681 3.37923 2.88296 1.91253 1.11887 0.62205 0.197473 0.0823332 0.0913151 -0.0154166 
3.82366 3.68239 3.58697 3.17024 2.76776 2.04685 1.33009 0.725892 0.316863 0.187564 0.118287 0.00774833 
3.44139 3.07553 2.97531 2.78263 2.54317 2.17535 1.37653 0.940731 0.68219 0.287251 0.0313015 0.0343908 
4.69035 3.50075 3.99826 1.99838 2.67613 2.06579 0.225913 1.95212 1.22769 0.172494 0.334488 0.0683047 
3.39569 3.01143 3.17673 2.75241 2.59316 2.19876 1.53821 1.10576 0.756304 0.485978 0.210946 0.0837586 
2.8869 2.31487 2.18998 1.57687 1.29169 1.23136 0.622056 0.984029 0.923853 0.769006 0.576172 0.0892807 
2.79164 1.63573 2.13784 1.13919 2.29045 0.894835 0.190452 0.598531 0.476487 0.910248 0.803851 0.0381796 
2.47276 0.166726 1.41126 0.460845 2.5861 1.09753 0.957685 0.796955 0.0718134 0.362658 0.676497 -0.00445543 
2.39145 0.154475 1.61694 1.25679 1.78818 1.77316 1.10136 -0.195529 0.526332 0.556984 0.856609 -0.00964622 
1.93719 -0.193631 1.23713 1.12331 2.04534 1.57585 0.497437 -0.493489 0.284446 0.375813 0.652868 0.00790299 
1.79688 -0.632161 0.576958 0.51536 1.55377 0.797633 1.16025 -0.226192 -0.10831 0.537284 0.357087 0.0161208 
1.88241 -1.18341 0.845293 -0.331533 1.85781 -0.13352 0.716527 0.0487944 0.426085 0.276373 0.50207 0.104921 
1.70128 -1.12013 0.652022 0.861977 1.58062 -0.602382 -0.24466 0.31209 -0.183704 0.236665 0.519206 0.106916 
1.56871 -0.813458 1.12843 0.211938 0.619242 0.33016 0.188054 -0.298038 0.630485 0.409009 0.529541 0.0470911 
1.84293 -0.796695 0.484807 0.404947 1.13132 -0.33458 0.461081 -0.631632 0.342818 0.614486 0.372404 0.137661 
1.53271 -0.435543 0.235091 0.107282 1.48534 0.381584 0.958725 -0.424277 -0.337964 0.50163 0.641656 0.00989762 
1.76965 -0.972242 0.817128 0.319464 1.77212 -0.526504 0.104473 -0.455745 0.0178334 0.602832 0.490128 0.0519224 
1.58486 -1.24995 0.306717 0.0620882 1.52793 -0.200301 0.19963 -0.987416 0.765924 0.625507 0.421872 0.0478252 
1.70354 -0.998968 0.589433 0.0825287 0.91741 1.00013 0.444721 -0.68966 0.419467 0.776668 0.413936 0.0252362 
1.39834 -1.02291 0.724689 0.0135047 1.10598 0.259982 0.16295 -0.977775 0.462848 -0.0746262 0.295674 0.0297316 
1.50723 -0.836015 0.571794 -0.244995 1.81906 -0.13621 0.705648 -0.354434 -0.0737959 0.506808 0.303713 0.0493675 
1.77771 -1.00759 1.0059 0.0689232 0.916542 0.673445 0.338195 -0.884919 0.0681646 0.451107 0.408405 0.10129 
1.77879 -0.587876 0.129416 -0.196422 1.06087 0.278698 0.909589 -0.27042 0.619926 0.314045 0.486721 0.0454842 
1.28569 -0.451079 0.194062 0.355839 0.0469612 -0.382153 0.37999 -0.484573 0.460096 0.235204 0.489969 -0.0229088 
1.49477 -1.14122 0.0981447 -0.0744823 1.06498 -1.16777 -0.21204 -0.229403 0.0836758 0.320792 0.124105 0.0421663 
1.56705 -1.17047 0.804198 -0.26099 0.849718 0.787007 0.00170217 -0.527234 0.183917 0.365521 0.361367 0.0888435 
1.20151 -0.0572076 0.764658 0.692394 1.76378 1.00494 0.36819 0.746539 0.545465 0.6972 0.369267 -0.0861858 
0.110847 0.682989 0.291609 -0.556596 1.30201 0.4283 -0.113637 0.482891 -0.291278 0.63679 0.912932 -0.15455 
0.423085 0.348593 0.32602 -0.554691 1.65393 -0.0350971 -0.50959 -0.0830304 -0.113149 0.00184373 0.730467 -0.110918 
1.12552 -0.226181 1.57064 -0.585414 1.37523 -0.0643443 0.887537 -0.654597 -0.355036 0.38575 0.639584 -0.00582954 
2.21208 1.73399 3.01896 -2.21955 -0.104373 0.815616 -2.57125 -1.466 -0.630999 0.197104 0.0565405 -0.0123389 
2.31704 1.00596 2.37266 0.0776665 1.8549 0.285751 1.51152 -0.970362 -0.503434 0.291533 0.547451 0.0216163 
1.91327 1.09331 2.57479 0.138032 2.07717 0.982584 2.49414 0.382547 0.822599 0.529957 0.537684 0.0355982 
2.22496 0.3294 1.12937 -0.845158 0.195966 0.504944 1.66229 -0.763964 0.736979 1.027 0.11506 -0.0636709 
2.30854 1.4411 0.510767 -0.108674 1.29487 -0.200032 1.57186 -0.588508 0.290204 0.392133 0.242225 -0.0192831 
