2.91573 -0.290317 2.34123 0.516542 1.68632 1.77141 1.61297 0.647159 -0.373997 0.734045 0.282077 -0.0554442 
4.68664 -3.24881 0.647872 2.46936 -0.000746226 0.400888 3.80882 1.11046 -0.454598 -0.161814 -0.0967666 -0.131395 
3.56201 -1.4709 0.518747 2.35064 -0.556492 0.0463475 3.2689 1.93156 0.00861416 -0.220515 -0.0988896 -0.125178 
2.9474 -0.954373 0.549753 1.49421 0.571853 -0.116997 3.51898 2.47287 0.0890024 -0.367179 -0.114381 -0.0622402 
-0.0974256 2.10429 1.78511 -1.5898 4.91676 -3.28358 4.81414 1.74864 -1.17264 0.426338 -0.680081 0.194081 
0.520605 2.58948 1.84952 -2.18672 3.38718 -1.60226 2.60687 -0.242798 -0.291196 0.928802 -0.452981 -0.0010103 
1.71796 0.948559 1.60538 -0.467582 1.64519 0.811306 2.09217 0.365441 0.574098 -0.250114 -0.23864 -0.0694342 
2.07812 1.07138 1.45699 -0.36169 1.06904 -0.0826539 0.619512 -0.424229 0.738288 -0.470999 -0.432814 -0.0718122 
2.12957 0.682526 1.19036 -0.131368 2.37393 0.0271011 0.890599 0.0254734 0.522386 -0.319229 -0.298985 -0.00654557 
2.44836 0.302287 -0.513041 -1.51166 1.49213 0.888936 0.954088 0.477354 0.218662 -0.568943 0.121784 0.198639 
2.34637 0.0571944 0.117514 -0.719378 1.75615 1.16727 2.33079 0.0418742 -0.50581 -0.543321 -0.0182965 0.170757 
1.9666 0.299146 -0.240518 -1.18125 1.39475 0.8075 1.33955 -0.169552 -0.649099 -0.685658 0.0372343 0.182216 
1.92845 0.280944 -0.00595948 -1.48861 1.21534 1.13068 1.65087 -0.438975 -0.758491 -0.695589 -0.102979 0.172015 
1.73479 0.878842 1.18433 -0.298329 1.12276 0.140542 1.12019 -0.0625115 0.182868 0.290807 0.14268 0.00451346 
0.349076 2.44228 -0.988029 0.573355 0.95334 -0.41269 1.69161 -0.602203 0.635545 -0.563069 0.225617 -0.049951 
-1.10779 4.52276 -2.45636 2.28552 0.343834 -0.204633 2.68651 -1.88527 1.45198 -0.295719 0.474421 -0.161569 
0.555084 1.94849 -0.748535 1.32084 0.185793 0.83103 1.14052 -0.106031 0.182832 -0.488053 0.355366 -0.0588409 
1.64676 -0.00564234 1.20464 -0.22306 0.989927 0.127406 1.09786 0.0836123 -0.171503 0.471657 0.189505 0.0231492 
1.87426 0.42881 1.1986 -0.350235 1.13863 1.09371 0.848312 -0.409414 0.806797 -0.264649 0.0460282 0.0912185 
1.77852 0.225667 0.98614 -0.11243 1.53754 -0.15643 1.29915 0.104503 -0.499635 -0.243386 0.174559 0.0981765 
1.58553 0.0852367 1.82847 -0.258177 1.03918 -0.38843 0.913269 -0.147758 0.382058 -0.107522 0.17524 -0.018057 
1.69587 0.384419 2.25211 0.511585 1.40949 0.0260284 1.26199 0.0207253 0.450181 -0.142799 0.329971 0.017841 
1.77538 0.106668 1.84979 0.317865 1.72136 -0.454862 0.469026 -0.0659031 0.331157 0.293602 0.021193 0.0732759 
1.44043 0.0123435 1.92159 -0.921352 1.54021 0.465668 0.654598 0.304228 0.611146 -0.4932 0.55694 0.0239134 
1.65535 0.0213901 2.13516 -0.134285 1.6068 -0.283488 1.42958 -0.0127533 0.364421 0.136139 0.0861596 -0.00108484 
1.97203 0.182937 1.69442 0.516473 0.97728 -0.660391 0.976307 -0.479922 0.0997503 -0.0255002 -0.195 0.0457854 
1.49329 0.09685 1.61932 0.570634 0.437546 0.0676072 2.18887 -0.4076 -0.396106 0.252862 0.22337 -0.0563078 
1.61804 -0.139352 1.73498 -0.0214965 -0.241508 0.386462 1.67803 -0.153735 -0.469423 0.690664 0.428089 -0.0980509 
1.27828 -0.494086 2.63751 0.0496461 0.064445 -0.115357 1.4824 -0.297143 0.185484 0.283169 0.1417 -0.119602 
1.13455 -0.233111 1.99011 0.372087 0.26951 0.330469 1.71117 0.0213203 0.0901667 0.580341 0.273361 -0.205571 
1.40802 0.289901 1.85421 1.18965 -0.470389 0.224426 2.16766 -0.848247 0.190988 0.54421 0.377464 -0.1292 
1.46661 0.0324171 1.3365 -0.167483 1.01631 -0.397003 0.848335 -0.172742 0.35532 0.18277 0.1223 0.0705366 
1.59314 0.298029 1.95926 0.109329 0.728385 0.374543 1.03569 0.120749 -0.111616 0.141626 0.254677 -0.040264 
1.35672 0.115085 1.36954 0.157264 0.879759 0.106488 0.673734 0.0505159 0.176865 0.264717 0.0395051 0.0586469 
3.14853 2.12543 -0.799846 -0.157634 0.554547 -0.75313 0.160862 -0.695754 0.646782 -0.194993 0.091561 -0.0653108 
2.92447 2.25614 1.03404 1.28339 1.14162 -0.919138 1.14063 0.222459 -0.114179 0.173226 0.362448 0.0737407 
3.76095 2.78472 2.52085 2.58649 3.25425 -0.479979 1.638 0.838164 0.295203 -0.377895 0.117301 0.0840563 
4.01328 3.64417 2.86987 2.78103 2.75677 -1.12143 1.0103 0.258169 -0.574803 -0.309784 0.15463 0.0777282 
3.47307 3.36155 3.0582 2.81327 2.13936 0.608104 0.814225 0.246018 0.0472952 0.0104009 0.265877 0.0166345 
3.14104 3.40194 3.02833 2.63151 2.83472 0.791496 1.63217 0.310953 0.334808 0.178546 0.0898543 0.0194526 
3.02041 2.78614 2.49496 2.18935 2.01502 1.35228 1.10574 0.679157 0.326124 0.236919 -0.00924726 -0.00317189 
3.06648 2.82662 2.65472 2.3158 2.14176 1.54445 1.21368 0.758301 0.364223 0.208587 0.0258561 0.00694224 
3.63664 4.18822 3.64438 3.67362 2.99013 1.99068 1.4709 0.616733 0.343216 0.199975 0.190318 0.00770473 
3.73916 4.05747 3.71506 3.58152 2.93896 2.02176 1.42625 0.633804 0.365715 0.149606 0.190414 0.00609677 
3.50033 3.50387 3.33589 3.19997 2.67372 2.12856 1.44178 0.966316 0.441027 0.343982 0.121018 0.0280167 
2.96339 2.60161 2.32053 2.13541 1.73732 1.39482 1.0466 0.644752 0.471162 0.196867 0.134334 0.00882853 
2.82031 2.36128 2.12027 1.86569 1.57673 1.28233 0.940001 0.681086 0.413551 0.226339 0.112588 0.00029294 
2.94802 2.6012 2.36797 2.07386 1.84592 1.33469 1.06343 0.664026 0.385057 0.240048 0.078752 0.00836647 
3.28444 3.21424 2.92801 2.82421 2.37333 1.7651 1.37367 0.749597 0.478142 0.232848 0.103965 0.0198777 
4.14848 5.60954 4.52824 3.36039 4.52602 0.523881 2.11385 0.0622204 -0.608354 0.551218 -0.371185 0.0337557 
3.32252 3.22589 2.99024 2.63007 2.35454 1.46344 1.20641 0.579886 0.337935 0.22801 0.101976 0.0122708 
3.30036 3.15999 2.97796 2.5074 2.39979 1.45716 1.14515 0.654544 0.222927 0.309036 0.0757754 0.0123111 
3.04686 2.68174 2.5243 2.10925 1.88989 1.39235 0.959641 0.746358 0.293326 0.293152 0.0772793 0.0133467 
3.00853 2.7097 2.45516 2.10868 2.01211 1.25833 1.19723 0.630264 0.392319 0.287694 0.0406642 0.0164972 
2.90901 2.45791 2.31412 1.93964 1.74886 1.31627 0.964649 0.700099 0.384685 0.25365 0.104219 0.0126243 
2.9231 2.62599 2.31234 2.05497 1.83348 1.19784 1.04442 0.549113 0.359814 0.239811 0.0601848 0.0121553 
3.32735 3.59234 3.27924 2.83727 3.04717 1.47771 1.67646 0.819657 0.28811 0.514814 0.00511225 0.0348852 
3.17149 3.18117 3.04294 2.53497 2.7128 1.58028 1.576 0.848545 0.424105 0.385588 0.0484046 0.035013 
3.06979 3.321 3.08546 2.7072 3.13745 1.56959 2.09721 1.00506 0.512814 0.583268 -0.053283 0.0650827 
3.25189 3.08674 2.91346 2.74746 2.36109 1.844 1.37308 0.876716 0.522217 0.298943 0.121527 0.0386806 
3.42179 3.24948 3.15482 2.79231 2.46678 1.79518 1.38322 0.803974 0.478925 0.310592 0.179255 0.0434507 
3.69004 3.94187 3.99407 3.26291 3.6319 1.69587 1.87658 0.84945 0.247842 0.748745 0.134245 0.0617826 
3.46538 3.4754 3.45312 3.20737 3.08977 2.20277 1.88247 1.14084 0.656488 0.490201 0.161444 0.0629967 
3.21738 3.33317 4.12517 2.17711 3.36717 2.66494 0.815562 1.77833 0.645646 -0.167069 0.373157 0.0122675 
2.91852 2.61839 2.47487 2.26817 2.09431 1.69499 1.39337 1.02761 0.690843 0.371427 0.155912 0.0654029 
2.80662 2.36319 2.13031 1.97379 1.78821 1.52441 1.34152 1.03769 0.7364 0.52469 0.26356 0.067607 
2.92723 2.48523 2.37106 2.08038 1.82704 1.46838 1.31772 1.10219 0.660655 0.556117 0.353918 0.0758932 
3.2141 2.95475 3.09608 2.62863 1.91613 1.29412 1.11656 0.645598 0.456021 0.202321 0.0953773 0.0281169 
3.32898 2.09451 3.39301 2.1211 1.76544 1.02993 0.980791 0.347141 0.270966 0.00565246 -0.207334 -0.00420075 
2.51746 1.5137 2.00959 1.1937 1.71824 1.43124 1.31132 1.09146 0.560468 0.414907 0.304088 0.0268317 
2.37132 1.07148 2.10477 1.35381 2.19735 1.91388 2.00584 0.797119 0.780942 0.197415 0.307779 0.0710677 
1.7635 0.787766 2.39146 1.25889 1.55856 1.25329 2.0781 -0.00489206 0.713665 0.0611022 0.172216 0.0593754 
1.63684 0.0416578 1.47289 0.893271 1.09967 0.916411 1.32163 -0.126749 0.587408 0.499762 0.0964409 -0.00495265 
1.56505 0.542966 1.60749 1.31732 1.55189 0.354578 1.31859 0.0748617 0.41451 0.0578524 0.0233765 0.0552491 
1.39463 0.718351 1.17722 0.20329 0.990855 0.0902826 1.98518 0.458512 0.286305 -0.406091 0.360633 0.00539513 
1.42059 -0.101804 0.867358 0.0197311 1.29566 -0.115287 0.749964 -0.0420233 0.758166 0.145957 0.14113 -0.00111103 
1.35607 -0.23502 0.685451 0.413228 0.630432 0.754059 1.54095 0.893168 0.234214 -0.594236 0.431164 0.0495629 
1.35909 -0.388109 1.20945 0.726657 0.744283 -0.00429403 0.470049 -0.134928 0.303855 -0.121707 -0.0598958 0.0469607 
1.13847 -0.677091 1.60408 -0.0328307 1.10408 0.17215 1.25539 0.623697 0.529972 -0.162791 0.152962 -0.087241 
1.0947 -0.818104 1.21078 0.448249 0.606709 0.0362361 0.783638 0.379119 0.754343 -0.284789 0.0937754 -0.0559818 
1.06666 0.0951935 1.30419 0.139498 1.3444 -0.449043 0.821321 0.535936 -0.21048 0.244906 0.257683 -0.0327548 
1.28166 -0.555265 1.60277 -0.231965 1.05854 0.788073 0.655725 0.159048 0.413608 0.0632905 -0.137935 0.104834 
1.49707 -0.17944 1.21489 -0.274769 0.982039 -0.651543 0.906844 -0.121232 0.229827 -0.368541 0.0706291 0.143814 
1.42992 0.0515554 1.40332 -0.185948 0.406 0.632557 0.637711 0.0244834 0.545625 -0.167621 0.354462 -0.0446054 
1.26336 0.203289 1.19836 -0.692289 0.34384 0.0482217 0.73377 -0.342805 0.252675 -0.250691 0.289747 0.0458138 
