2.05895 -0.499939 0.721444 -0.701779 0.629644 -0.250477 0.360614 -0.66562 0.739734 0.2917 0.23669 0.0693023 
2.27233 -0.519189 1.13148 -1.40132 1.34794 -0.424202 0.398238 0.382341 0.558973 0.50714 0.105726 0.0324355 
2.06325 -0.441363 0.572804 -0.402531 0.823036 0.0966291 0.671417 -0.173716 0.852291 0.279465 0.27549 -0.00517194 
2.04621 -0.340413 1.44861 0.00644736 0.918975 -0.623305 0.53751 -0.648787 0.998348 0.574468 0.159707 0.00565169 
1.65611 -0.787725 1.591 -0.113835 1.68233 0.476931 0.219172 -0.635407 0.480909 0.246068 0.167369 0.0138662 
1.64301 -0.694502 1.29873 -0.190088 0.927453 0.13633 0.78461 -0.943243 -0.0384775 0.264189 0.235209 0.136497 
1.89549 -1.13555 1.31472 0.46666 1.04559 -0.416627 0.289786 -0.608798 0.803939 0.34671 0.38393 0.0954899 
2.05781 -0.946303 1.33639 -0.121332 1.63843 -1.11692 0.888151 -0.273698 0.343441 0.260717 0.123426 0.040218 
1.91251 -0.686556 1.25034 0.110207 1.44851 0.123705 0.339646 -0.438552 0.692179 0.184566 0.105174 -0.00519897 
2.0636 -1.02786 1.20394 -0.616906 1.75842 -0.43874 0.64558 0.0616438 0.522306 0.395365 0.204648 0.0331492 
2.15012 -0.911529 1.08792 0.0657595 1.16924 -0.373012 0.550632 -0.425806 0.0611885 0.476343 0.280357 0.0721067 
1.6468 -0.614346 1.69155 0.135448 1.60659 -0.504769 0.140953 -0.425306 0.665774 0.273323 0.223629 -0.00193058 
1.87153 -0.770737 1.28017 -0.424682 1.90038 -0.433204 0.510792 -0.253077 -0.0825833 0.235765 0.151683 0.0258073 
2.07492 -0.660561 0.997275 -0.53494 1.22438 -1.22687 0.7959 0.16519 0.0391239 0.282403 0.228519 0.0328169 
2.27102 -0.789949 0.587998 -0.576086 0.330542 -0.19661 0.606053 -0.956994 0.201711 0.360679 0.436958 0.030027 
2.12938 -0.690299 0.887059 -0.116334 1.12145 -0.860285 0.400402 -0.462324 0.049383 0.429309 0.200637 0.0326801 
2.17445 -1.08931 1.29273 0.104688 1.594 -0.328865 0.220204 -0.515805 0.3445 0.37959 0.197932 0.041721 
1.68903 -0.945449 1.34263 -0.262362 1.54314 -0.232255 -0.0756801 -0.373626 0.444504 0.172696 0.440326 0.0609153 
1.92149 -0.896877 0.99544 -0.135897 1.28788 0.146755 1.3371 -1.02827 -0.00550368 0.420443 0.280223 0.0320686 
1.93 -0.782636 1.52874 -0.329937 1.40905 -0.0496463 1.31945 0.0067629 0.156193 0.428399 0.42049 0.0810707 
2.01914 -0.572101 1.50022 -0.692802 0.785474 -0.916582 0.970441 -0.716565 0.031785 0.378842 0.291097 0.120396 
2.04147 -0.455919 1.19519 -0.0130413 0.631796 0.0228188 -0.274308 -0.812993 0.116056 0.273708 0.44593 0.0422528 
2.30249 -0.848529 0.811119 -0.8152 1.31246 -0.147806 0.655693 -0.343843 0.653887 0.385627 0.278897 0.0684454 
1.6728 -0.998535 1.54428 -0.301593 0.85957 -0.450612 0.472847 -0.593844 0.30064 0.334068 0.287333 0.0336653 
2.28103 -0.612708 1.19193 0.462001 1.43963 0.429972 0.96539 -0.493318 0.825197 0.221862 0.31283 0.0656386 
1.89283 -1.05809 1.23815 0.0618922 0.968353 -0.0389212 0.94041 -0.388105 0.506207 0.0076641 0.26005 0.0244618 
1.73486 -1.05391 1.62321 0.253657 1.7015 -0.341795 0.404316 -0.649268 0.42518 0.0562371 0.299277 0.0533731 
1.54852 -0.297351 1.09724 0.0510216 1.13426 -0.195526 0.604843 -0.392868 -0.302997 0.551464 0.241078 -0.0196777 
1.98608 -1.12343 0.781363 -0.235482 1.89945 -0.395246 0.948394 -0.761155 -0.318868 0.29755 0.243865 0.0519063 
2.00268 -0.979061 1.19826 -7.0341e-005 1.17673 -0.284983 0.7369 -0.319966 -0.222532 0.473723 0.311466 0.03705 
1.74886 -0.659557 0.237706 0.385264 1.10351 -0.540481 0.349193 -0.114326 0.589026 0.540839 0.232175 0.00728549 
2.00466 -0.775825 1.29058 0.646129 1.37612 0.135451 0.950563 -0.801258 0.135311 0.468778 0.307047 0.00325815 
2.01264 -0.969238 1.25607 0.125581 1.20464 -0.371364 1.46362 -0.35944 0.414601 0.215645 0.246369 0.0685323 
1.76773 -0.66645 1.38292 0.343227 0.999464 -0.177312 1.07335 0.0146422 0.636469 0.296213 0.33562 -0.00754567 
2.56095 2.41874 0.833309 -1.84723 2.12095 -1.49055 0.506797 1.08729 0.695608 0.235061 0.245056 -0.023743 
3.63475 4.35824 1.73188 0.019908 1.58347 -0.814896 2.27018 1.79529 0.422377 -0.259991 0.288683 -0.0454977 
4.18274 3.86086 2.43241 3.09615 3.16752 -0.113749 1.29328 1.44977 0.243405 -0.673846 0.133168 0.0504754 
3.11456 2.62111 2.34131 2.02187 1.67915 0.798741 0.646331 0.421314 0.289896 0.0843481 0.103874 -0.0154509 
2.94623 2.50922 2.15707 2.03666 1.5122 1.09259 0.76833 0.522143 0.303881 0.0870587 0.123731 -0.019707 
3.53488 3.41705 3.25013 2.94271 2.45478 1.47617 1.17 0.404922 0.386974 0.00477249 0.134229 -0.00675239 
2.91333 2.49623 2.26916 2.00991 1.6915 1.34364 0.984035 0.639744 0.394482 0.196921 0.086861 -0.00387863 
2.99309 2.5969 2.37352 2.0909 1.72397 1.34484 0.952267 0.630937 0.385639 0.241052 0.133224 0.00886903 
3.86052 3.83711 3.65237 3.2527 2.49445 1.61669 0.882828 0.224442 0.00441528 0.00685051 0.187939 -0.00436064 
3.0747 2.7075 2.43581 2.15656 1.72603 1.31891 0.918942 0.591035 0.34222 0.189354 0.120275 0.00573394 
3.09868 2.70455 2.46851 2.13371 1.78141 1.32393 0.962928 0.580448 0.348304 0.174482 0.0875906 -0.00477989 
3.49947 3.22161 2.93772 2.60739 2.05721 1.50305 0.939052 0.536765 0.249914 0.128833 0.0911817 -0.00622989 
3.35502 3.09261 2.87472 2.53636 2.07376 1.49665 0.976733 0.562846 0.270505 0.124039 0.078324 -0.00905343 
4.42198 4.17498 3.79163 3.29445 2.59341 1.68884 0.973151 0.357927 0.0410867 -0.054671 0.0600889 -0.0218626 
3.44238 3.19262 3.02103 2.67889 2.21601 1.65916 1.11304 0.634939 0.302974 0.134512 0.0726546 0.00061148 
3.23457 2.94672 2.80019 2.55581 2.19779 1.7563 1.30038 0.848526 0.463423 0.213496 0.0717698 0.0193959 
3.61944 3.41727 3.33158 3.0886 2.65432 2.11428 1.51318 0.956691 0.5598 0.295683 0.126209 0.0301541 
5.1424 5.1082 4.6701 3.8888 3.0929 2.03554 1.22011 0.442324 -0.0443895 -0.095698 -0.0493216 -0.0520213 
3.39446 3.16014 3.02129 2.71893 2.23032 1.65114 1.10907 0.652757 0.33674 0.203362 0.147196 0.0152291 
3.10028 2.7646 2.58641 2.35214 2.01871 1.60337 1.16991 0.782587 0.487091 0.279724 0.138432 0.0239133 
3.37786 3.11697 2.96124 2.65301 2.21064 1.70401 1.16185 0.690711 0.372779 0.186222 0.109903 0.0147807 
3.02205 2.62233 2.45645 2.23562 1.92072 1.57252 1.18891 0.828541 0.50671 0.262058 0.101614 0.0260106 
2.89342 2.45695 2.23254 1.98581 1.68306 1.35954 1.01999 0.708716 0.459423 0.260991 0.131303 0.0216652 
3.16249 2.86278 2.75307 2.5003 2.12721 1.79594 1.31163 0.878305 0.536479 0.281193 0.133449 0.0355594 
3.24554 2.94957 2.82594 2.57458 2.14041 1.62856 1.16567 0.698746 0.398631 0.227077 0.152099 0.0250921 
4.93002 4.52402 4.89017 4.34626 3.38883 2.43486 1.13483 0.0497752 0.047358 -0.0675378 -0.0124592 -0.055486 
3.31043 2.98721 2.9195 2.62081 2.36733 1.90524 1.3742 0.930017 0.599912 0.381578 0.187796 0.0529258 
2.93371 2.52518 2.32765 2.13075 1.78908 1.52999 1.20071 0.760411 0.642675 0.400729 0.267938 0.0485719 
2.96153 2.50118 2.38191 2.17121 1.75768 1.35972 1.27203 0.601079 0.324125 0.173267 0.104155 0.0172184 
2.98401 2.55933 2.50312 2.24429 2.18247 1.4362 1.19399 0.992019 0.619446 0.4182 0.168289 0.0521962 
3.77428 2.35579 4.38576 3.60772 2.7813 1.36573 1.01184 -0.69982 0.267797 0.108762 0.245313 0.00197741 
3.1882 2.12815 2.75206 2.5789 2.66701 1.81194 0.919739 -0.105444 0.164572 0.208333 0.254425 0.0199785 
2.54604 1.00181 2.23598 1.51976 2.24995 1.09584 1.70878 0.679217 1.09659 0.633663 0.52495 0.0447927 
2.00253 0.0274117 1.79282 1.26888 1.31531 0.769124 1.1553 0.368813 0.526068 0.366908 0.299052 0.0215518 
2.07397 0.435212 1.81874 0.648736 1.84593 0.719388 1.3862 -0.37463 0.491236 -0.309992 0.34452 0.111072 
2.09847 0.0550599 1.45833 1.2303 1.74734 0.829671 1.42292 0.685017 0.297086 0.299515 0.241756 0.0491907 
2.25178 -0.321263 1.47409 0.57408 1.56397 0.528399 1.23114 0.284484 0.876926 0.853837 0.309511 -0.00700299 
2.00606 -0.139639 1.30824 0.709774 1.49844 0.500356 0.611641 -0.165096 0.669388 0.437085 0.414306 0.0450798 
1.93193 -0.28752 1.46721 0.453019 0.97806 0.497217 0.996246 0.365003 0.54902 0.357485 0.15364 0.060791 
1.80565 -0.521752 0.999944 0.16811 2.08764 0.380144 0.606354 0.0723608 0.738957 0.409484 0.344114 0.0394477 
1.79474 -0.40801 1.21895 0.851687 0.587143 -0.0623472 1.43921 -0.300977 0.82641 -0.0290056 0.126883 0.0481684 
1.56822 -0.761191 1.10225 -0.219393 0.896173 -0.175713 0.0479152 -0.348693 0.959908 0.229863 0.156905 0.0513961 
1.66161 -0.535156 0.816026 0.214959 1.65714 -0.275163 0.86587 -0.586419 0.552572 0.477064 0.292323 0.0982392 
1.69755 -0.42515 1.10776 0.693243 1.97714 -0.56951 1.18112 0.532959 0.297013 0.443618 0.318493 0.0358092 
1.55234 -0.958025 1.12043 0.268737 1.21441 -0.39834 0.998856 0.0185051 0.333777 0.183756 0.125849 0.0486705 
1.55927 -0.522742 1.07009 -0.454386 1.09888 -0.922239 0.578925 -0.231579 0.180252 0.594814 0.208216 0.0543491 
1.49931 -0.233798 0.494375 0.280315 0.604933 -0.249469 0.617766 -0.844477 0.297553 0.267336 0.500234 -0.0464177 
1.34119 -0.452957 1.15962 0.148078 1.44318 -0.558032 0.294829 -0.213546 0.196989 -0.0480447 0.272734 0.0165548 
1.68253 -0.978327 1.42793 -0.612964 1.88334 -0.552742 1.03674 -0.360582 -0.152534 0.399741 0.147766 -0.00497927 
1.68539 -0.406414 0.96539 -0.46695 2.01734 0.323905 0.0796314 -0.492325 0.0883264 0.570252 0.124665 0.039253 
1.4925 -0.0982587 1.37333 0.243367 1.41744 0.367473 1.06529 -0.869711 0.018453 0.170709 0.13473 0.0132773 
