2.09291 -1.0619 1.16005 -0.630141 0.818426 0.0937722 1.01817 -0.420004 0.393728 0.200369 0.248261 0.0500395 
2.19348 -0.782644 1.3297 0.302427 1.25286 0.383232 0.725704 -0.426292 0.840919 0.0221373 0.13396 0.0303283 
1.71691 -1.27841 1.26246 -0.436118 2.00003 -1.04071 -0.0871809 -0.190903 -0.367902 0.545155 0.38691 0.106177 
1.8544 -1.51987 1.25319 0.685306 0.8112 -0.0869016 1.04577 -0.759714 0.185329 -0.43228 0.448517 0.144708 
1.89742 -0.946443 0.850278 0.347986 0.882392 -0.130225 0.501189 -0.774241 0.136145 -0.0260057 0.255775 0.0141444 
1.79925 -1.16609 1.29884 -0.167154 1.14366 -0.469491 0.107056 -0.648974 0.263313 0.156857 0.308138 -0.018687 
2.02871 -0.743227 1.12629 0.207249 1.7454 -0.723008 0.340263 -0.545718 -0.671298 0.65197 0.264849 -0.0545453 
1.92718 -0.940261 1.05093 -0.388359 1.52372 -0.418917 0.569166 -0.501728 0.119381 0.0141108 0.0710139 0.0707329 
2.06587 -1.0774 1.26016 -0.0503197 1.35406 -0.478478 0.0313392 -0.579943 0.178241 0.172388 -0.0348281 -0.015437 
1.79775 -0.838435 0.933169 -0.361453 0.926496 -0.254296 0.173166 -0.563392 0.391133 0.054972 0.372084 0.0404427 
2.13643 -0.514981 1.15941 -0.395832 0.8018 0.234599 0.670683 -1.38698 0.0547067 0.348713 0.367167 -0.064002 
2.21969 -0.794828 1.02554 0.478697 2.09731 -0.636429 1.10532 -0.233216 0.0499933 0.281013 0.106949 0.00931434 
1.72165 -0.265091 0.857286 0.771715 2.02825 -0.499953 0.861071 -0.38826 0.251713 0.0691254 0.459353 -0.0705119 
1.61106 -1.32048 1.83985 0.611522 1.38376 -0.148188 0.563773 -0.552821 0.0932277 0.356161 0.0960229 0.0127157 
1.8882 -0.901749 0.42095 -0.0634072 0.551948 -0.551595 0.323138 -0.661085 0.500769 0.269161 0.263365 -0.0478398 
1.43394 -1.58561 1.01465 0.357594 1.82842 -0.33039 0.437804 -0.329771 0.337847 0.567379 0.23798 -0.0323232 
1.52066 -0.742751 0.5315 -0.321521 1.9935 -0.382505 0.0630359 0.362635 -0.218983 0.14818 0.348522 -0.0889374 
1.59485 -1.36497 0.737605 -0.813333 1.00285 -0.269778 0.0552962 -0.489138 0.203395 0.145873 0.331222 0.0475055 
2.05457 -0.893412 0.638922 -0.404551 0.754072 -0.202651 0.274828 -0.626482 0.507997 -0.0289372 0.430613 0.0552329 
1.75056 -0.099126 1.12722 -0.342836 1.82355 -0.151254 0.336618 -0.554639 -0.248053 -0.188459 0.131303 -0.035429 
2.66366 2.86814 1.45062 -0.060591 -0.728128 0.159744 1.45625 1.92676 0.00407448 -0.883557 0.451695 -0.14514 
2.95944 2.37634 1.93197 2.12673 1.7301 0.757317 0.734795 0.758214 0.505608 -0.0844179 -0.0753752 -0.024824 
2.98171 2.40411 2.28583 2.24501 1.89255 1.03531 1.09022 0.896955 0.383162 -0.0146572 0.0237145 0.00471102 
3.29246 3.12352 3.05691 2.93361 2.48597 1.34432 1.54839 0.679688 0.361396 0.0146138 0.0952632 0.00545197 
3.32868 3.1657 2.96572 2.9386 2.48757 1.68364 1.28032 0.838158 0.468769 0.139915 0.0169825 0.00733734 
3.41468 3.69487 3.39836 3.35467 2.80534 1.39253 1.84434 0.963889 0.316001 0.289662 0.0672149 0.0222023 
3.08923 2.72624 2.5608 2.33482 1.9678 1.4934 1.09269 0.736151 0.343692 0.136605 0.0223083 0.00596358 
3.07546 2.71426 2.56663 2.33141 2.02601 1.59839 1.1584 0.770572 0.402448 0.154196 0.0201456 0.0123368 
3.67599 3.85184 3.55337 3.40881 2.83412 1.88235 1.57256 0.729668 0.320434 0.212336 0.116158 0.00692121 
3.71629 4.03571 3.85504 3.43197 3.13584 1.77846 1.47013 0.73535 0.0938976 0.353277 0.0686851 0.00102058 
4.36089 5.82475 4.746 4.02027 4.01326 0.966861 1.91973 0.455818 -0.367839 0.293436 -0.242707 -0.0181815 
3.35923 3.159 3.00806 2.60362 2.36987 1.546 1.30545 0.607399 0.394278 0.134 0.0426172 0.00330026 
3.16541 2.86598 2.63819 2.39364 1.93399 1.52559 1.025 0.658628 0.300493 0.0977903 0.00644435 -0.00270464 
3.17329 2.91688 2.69868 2.4832 2.07588 1.67453 1.17914 0.764993 0.376985 0.134573 -0.0200553 0.00373494 
3.60795 3.46594 3.36853 3.01891 2.66051 1.86679 1.37243 0.713793 0.354257 0.135163 0.03903 -0.00383669 
3.97505 4.31118 4.26119 4.10151 3.23713 2.40174 1.34684 0.543041 0.0990664 0.0407898 0.141518 -0.0377172 
3.39111 3.32024 3.16663 2.90737 2.54893 1.94649 1.35912 0.858438 0.383305 0.198664 0.00630564 0.0035446 
3.2582 3.09888 2.93782 2.59934 2.41355 1.7472 1.36368 0.826498 0.397482 0.16448 0.00215357 0.00715811 
3.7259 3.7901 3.4599 3.47248 2.679 2.01151 1.31096 0.614521 0.391844 0.0986878 0.12773 0.000404886 
4.17761 4.79594 3.59947 4.46585 3.01496 3.05873 1.5813 0.797603 0.289587 -0.146564 0.271919 -0.0165695 
3.50742 3.45314 3.40249 3.19056 2.81545 2.20881 1.65296 1.02778 0.581652 0.247257 0.0744858 0.0243597 
3.39757 3.21599 3.17721 2.9673 2.60836 2.0784 1.52719 0.970523 0.519686 0.181761 0.0163113 0.0125846 
3.49124 3.33347 3.168 2.97784 2.46473 1.92315 1.26572 0.80469 0.385297 0.12972 0.0167288 -0.00571083 
3.59807 3.59027 3.33737 3.22122 2.50578 2.12496 1.42714 0.754333 0.441342 0.140181 0.0601179 -0.000849222 
3.62452 3.61983 3.3233 3.11787 2.46998 1.9834 1.27354 0.584768 0.249433 0.0545839 0.10353 -0.0078996 
3.20329 2.95806 2.75794 2.54075 2.24591 1.79078 1.34705 0.823253 0.454282 0.201027 0.0122745 0.0122232 
3.36741 3.1588 3.02319 2.80621 2.32849 1.79431 1.21814 0.678156 0.369234 0.124479 0.0529566 0.00138195 
3.79567 3.66038 3.61458 3.31687 2.79427 2.18872 1.49868 0.806108 0.470687 0.194002 0.0995378 0.00757419 
3.08287 2.74531 2.63563 2.47052 2.17671 1.78478 1.29698 0.861931 0.508826 0.234537 0.0556528 0.0256461 
2.99423 2.61197 2.40963 2.19542 1.95525 1.5099 1.13311 0.818986 0.535616 0.32572 0.159016 0.0435012 
3.47534 2.92313 2.8289 3.03905 2.99595 2.39334 1.4279 0.697692 0.480124 0.521236 0.235521 0.0609821 
3.25188 2.57378 2.47412 2.58274 2.88082 2.3935 1.38061 0.578674 0.391037 0.687696 0.369529 0.0881088 
2.87981 2.21116 1.76695 1.87037 2.1845 1.95454 1.38814 0.717954 0.624893 0.667694 0.48981 0.0927468 
2.81348 2.01915 1.82688 2.10352 2.40381 2.11114 1.22345 0.704266 0.725486 0.877015 0.652881 0.0960163 
2.79789 2.13037 2.16194 2.13607 2.30542 1.97705 1.38819 0.832649 0.940789 0.800614 0.526304 0.0998004 
2.78164 2.14514 2.01882 1.87215 2.11587 1.96002 1.09978 0.609254 0.662693 0.791672 0.430217 0.0813784 
2.94929 1.47955 2.19842 1.77478 3.64857 2.30387 1.0843 -0.515106 0.181999 0.662572 0.593677 0.0843369 
2.35331 0.0425383 1.41068 0.755772 3.60911 0.547228 0.72314 -0.269945 -0.307079 0.384781 0.597564 0.0638105 
2.06436 -0.144873 0.845467 0.303703 1.54933 0.722621 1.04028 -0.709306 -0.128318 0.82763 0.393053 0.0103941 
1.74946 -0.643926 0.344131 0.497181 1.24115 0.78394 1.02923 -0.34578 0.614807 0.465322 0.512101 0.0186169 
1.79451 -0.449104 0.560615 -0.0902931 1.19773 0.372739 0.403313 -1.25904 0.330074 0.627684 0.635773 0.0971376 
2.0087 -0.945116 1.14077 0.184928 1.12315 0.890365 0.677821 -0.484705 0.898368 0.607805 0.253701 0.0494781 
2.02022 -0.411337 0.21531 0.0213273 1.01407 -0.128907 0.938147 -0.455814 0.342537 0.70487 0.480525 0.063962 
1.73446 -0.900449 0.537935 0.616623 0.970825 -0.176066 0.0534533 -0.493956 0.558605 0.475865 0.185225 0.0521096 
1.64924 -1.00886 0.937215 -0.321056 1.45486 -0.017336 0.478297 -0.371621 0.836062 0.154066 -0.0378859 0.0608579 
1.84872 -1.28774 0.505394 -0.323967 1.19006 0.499529 0.126717 -0.442674 0.218606 0.179072 0.165746 0.0576451 
1.7219 -0.793643 0.811743 0.344068 0.460384 -0.162453 0.672779 -0.520756 0.153907 0.175804 0.497718 0.0521915 
1.66889 -1.24554 0.83985 0.340854 0.695673 -0.371192 0.959367 -0.326554 -0.0931179 0.291964 0.533757 -0.035027 
1.76923 -0.819732 0.832045 -0.143036 1.55291 -0.0337836 0.84816 -0.500923 0.236945 0.409709 0.405215 0.0395465 
1.38176 -0.714855 0.642798 -0.0246231 1.08575 -0.486067 0.0122224 -0.933274 0.0608191 0.695211 0.143851 0.0391024 
1.48813 -0.730029 0.327114 -0.513963 0.762237 0.151311 0.153241 0.18859 0.114437 0.0918511 0.296767 0.0157388 
1.6767 -0.865373 0.40195 0.117921 1.11547 -0.394585 -0.742939 -0.0877457 -0.0250549 0.0352554 0.158192 -0.038167 
1.39735 -0.753887 0.656027 0.62609 1.65201 0.0749716 0.483436 -0.359472 0.449413 0.146816 0.174655 -0.0660203 
1.83189 -0.94981 0.786807 -0.030005 0.99181 -0.176726 -0.466491 -0.709959 0.0402182 0.173128 0.500135 0.0308903 
1.61292 -1.02819 0.242306 0.180623 1.15053 -0.445907 0.379795 -0.806485 0.195097 0.316552 0.416172 0.0239418 
1.80357 -0.915679 0.59329 0.410143 1.08727 -0.230698 -0.185393 -0.828738 0.710528 0.403246 0.219686 0.0438341 
1.7102 -0.913646 0.705159 -0.173834 0.918709 -0.770497 -0.0659038 -0.453511 0.278841 0.33888 0.304059 0.00947949 
2.06109 -0.579665 0.92736 0.351274 1.38907 0.2688 0.176448 -0.369359 0.082931 -0.147028 0.311019 0.0326169 
1.79588 -0.698207 0.772087 0.396311 1.25017 -0.274776 0.327551 -0.191838 -0.0794906 -0.36353 0.251913 -0.041603 
1.76139 -1.02604 0.539238 0.0531683 1.85609 -0.310353 0.267855 -0.148769 -0.0625191 0.276997 0.267958 -0.00997893 
1.86365 -0.839429 1.17467 0.572838 1.4157 -0.443889 0.296665 -0.116317 0.264892 0.0109765 0.226455 0.00360063 
1.86334 -0.368577 0.720066 0.33414 0.499788 0.145 0.554489 -0.608744 0.434108 0.602964 0.254982 0.0137488 
2.01573 -0.623558 1.17978 0.352125 0.58163 0.496339 -0.125418 -1.04735 0.410236 0.103006 0.312524 0.0801467 
1.9808 -0.836014 0.729301 0.139025 0.754669 0.00464269 0.263562 -0.694225 0.624983 0.0687255 0.293803 0.0497069 
1.72343 -0.964003 1.14668 -0.228597 0.591028 0.551716 0.269712 -0.10942 0.315978 0.0773503 0.135476 -0.0300964 
