0.964888 0.208838 -0.0518472 0.718603 -0.131101 0.728335 0.17541 -0.173178 0.0341567 0.274109 0.522374 -0.0412959 
1.4261 0.0513254 0.429279 1.60194 0.125067 0.663369 0.410371 0.503168 0.139224 0.44176 0.389889 -0.0385216 
1.67193 -0.18047 1.97496 9.20658 -2.28126 -0.0945728 2.46458 1.6772 -1.53401 -0.321412 0.526697 -0.0942329 
1.45477 -1.1349 3.29069 5.95276 -0.242347 -0.197498 3.05975 1.91267 -1.11828 0.172683 0.374091 0.03268 
1.84708 -0.795554 1.60938 2.70315 1.21853 0.030889 1.49065 0.395557 -0.606842 -0.591157 0.31515 -0.0907615 
1.02009 1.64585 0.43969 3.32706 0.578822 0.495408 1.90569 -0.371629 -0.651875 -0.748228 0.536275 -0.179657 
-3.43216 -1.59149 0.183155 3.54463 0.505929 -1.26574 0.734053 -0.492383 1.23747 -0.0741334 -0.00630618 -0.23458 
-1.71224 -1.6985 1.21842 1.56282 1.22056 -0.636156 -0.264968 -0.674977 0.739476 0.292054 0.0110141 -0.30923 
-0.788996 -0.355636 0.518709 1.2486 0.68609 -0.902196 0.667659 -0.568016 1.0308 -0.0862802 0.238024 -0.169659 
0.0549133 0.286726 -0.245127 0.45838 1.03866 -0.763354 1.07389 -1.53134 0.402253 -0.0619363 0.22281 -0.1811 
-0.853729 2.2563 -1.13318 0.0645937 2.35874 -2.1067 3.01728 -2.11851 1.14749 0.435302 -0.0208428 -0.0639754 
2.22843 -0.814356 0.840523 -0.84841 1.88579 -0.233605 0.66824 -0.557678 0.00756691 0.186008 0.144486 0.0517788 
2.47367 -0.990276 1.12707 -0.686201 1.01476 -0.817175 -0.185804 -0.681138 0.378338 0.388346 -0.0403659 0.0646545 
1.88265 -0.0631278 0.498268 -0.37597 1.83682 -0.320348 0.973167 -0.684562 0.793005 0.248154 0.642471 0.0461147 
0.704739 0.849642 0.326933 -0.459338 1.9519 -1.0967 1.87131 -1.55903 0.767922 -0.0022812 0.114588 0.092 
1.516 0.00602459 1.18972 -0.148741 1.75603 -0.868643 1.51831 -1.38429 0.61381 0.323976 0.139427 0.0599977 
2.238 -1.31399 0.883593 0.287819 1.52252 -0.117375 0.962578 -1.26563 0.810063 0.300248 0.200604 0.0241659 
1.88727 -0.939756 1.54256 -0.0640144 1.52542 -0.587176 0.753073 -0.607307 0.643694 0.0863241 0.118704 0.118237 
2.39641 -1.61576 0.854516 -0.578443 1.69335 -0.0503514 0.197075 -0.365103 0.155087 0.0467668 0.26023 0.0466241 
2.18855 -1.23552 1.11533 -0.000601576 2.27999 -0.490228 0.331966 0.142838 0.452078 0.261129 0.162507 -0.0436052 
2.10911 -1.01748 1.13087 0.277012 1.48763 0.368586 0.363402 -0.332156 0.161179 0.254155 0.207038 -0.00853479 
2.17376 -0.713865 1.40186 0.161016 1.67685 -0.0056381 0.489467 -0.328814 0.203608 0.201467 0.445182 -0.0352497 
1.93692 -1.55278 1.02882 -0.907158 1.48054 -0.0879178 1.20544 -0.248521 -0.281947 0.175962 -0.0593142 0.021732 
2.19538 -0.834021 1.16422 -0.339872 1.38916 -0.340276 0.739923 0.44287 0.394768 0.327305 0.141789 -0.0235848 
1.75894 -1.30827 1.3353 -0.612648 1.18578 -0.708086 -0.434602 -0.903043 0.0986696 0.438031 0.215185 0.0492641 
2.17016 -0.834707 1.06127 -0.0536926 1.01334 0.289552 0.397497 -0.371288 0.259921 0.181649 0.393232 0.0028482 
2.01735 -0.848772 1.7101 -0.0381365 1.46893 -0.465024 -0.331318 -0.26535 -0.0641694 0.047042 -0.122041 -0.0550948 
1.986 -0.885114 1.15447 -0.428089 0.79242 -0.26137 0.662139 -0.756864 0.261986 0.218332 0.178068 0.0489153 
1.81717 -1.15189 1.03473 -0.255655 1.51297 -0.216448 1.24854 -0.168572 0.136492 0.430461 0.336562 0.0998708 
2.1075 -1.18656 1.19503 0.0422689 0.703511 -0.228217 0.954397 -0.376237 0.0877729 0.244409 0.200173 0.0179966 
1.79245 -1.20015 1.35267 0.429466 1.47031 -0.259514 0.818262 0.245 -0.222439 0.112986 0.308103 -0.0416052 
1.79641 -0.46484 1.40244 -0.153362 1.73097 0.314098 0.3622 -0.271314 0.15927 0.296278 0.406747 -0.0836215 
2.0108 -1.10284 0.815969 -0.166141 0.730407 -0.178951 0.911734 -1.27527 0.389699 0.335033 0.242957 0.0877263 
1.89107 -1.37155 1.336 -0.062758 1.62727 -0.0168113 0.51465 0.0767136 0.139952 0.116205 0.483621 0.0665102 
1.85463 -1.08228 1.17964 0.211842 2.27793 -0.823168 0.222763 0.334217 -0.00953088 0.181455 0.154903 -0.0187965 
2.23707 -0.964928 1.29436 0.400241 1.83546 0.104891 0.741148 -0.329532 -0.134265 -0.0692291 0.0232821 -0.025773 
3.39542 4.27019 2.92616 0.160592 0.578585 -3.06895 0.38219 -0.724027 -0.400094 -0.524377 -0.0165031 0.00645389 
2.87763 2.58012 2.09685 1.96913 1.98268 0.0494472 0.117815 1.29956 1.11071 -0.593379 0.0840684 -0.030132 
3.32725 2.53453 2.53623 3.02713 2.63408 0.131159 0.683315 0.850872 0.780695 -0.0764917 -0.1154 0.000655511 
3.09898 2.57586 2.81833 3.01048 2.04141 0.197346 1.2143 0.906104 0.425872 -0.189265 0.117627 0.026685 
3.39358 2.95245 2.63952 3.29457 2.63954 0.169152 1.06169 0.841031 0.777472 -0.238134 -0.00693986 0.0187033 
3.57803 3.07749 3.17797 3.72382 2.70605 0.388915 1.07107 0.998069 0.381675 -0.413656 0.171271 0.0287989 
3.35988 3.08308 2.94849 3.0771 2.55098 1.22789 1.00671 0.828367 0.417636 0.0285291 0.0338274 0.00595502 
3.34482 3.02645 2.86203 2.87829 2.32131 1.76737 1.31712 0.856995 0.354252 0.105191 0.0189034 0.00713126 
3.28161 3.06677 2.90223 2.74838 2.37749 1.48813 1.21946 0.684425 0.488297 0.0673608 -0.0479743 -0.00781039 
3.39404 3.20565 3.04167 2.93572 2.46025 1.83968 1.24008 0.765771 0.486704 0.0967818 0.00865003 0.000250948 
4.87582 5.5858 3.93553 5.29033 4.51424 0.809013 1.05169 -0.0572942 1.36841 -0.207945 -0.0568419 -0.0800102 
3.44432 3.27117 3.04505 2.65827 2.40553 1.71114 1.35691 0.668054 0.36202 0.166674 -0.00724294 -0.000581668 
3.12412 2.75488 2.56275 2.29337 1.9484 1.53965 1.10294 0.677292 0.315237 0.0872213 -0.0152956 -0.0040126 
3.15085 2.83516 2.63568 2.31821 1.88726 1.34667 0.982292 0.588655 0.275191 0.0879788 -0.021361 -0.0154773 
4.19239 4.18972 3.77361 3.20915 3.26537 1.90334 1.412 0.276178 -0.270678 0.0178606 0.0639826 -0.0316378 
3.30453 3.03181 2.83349 2.43676 2.12874 1.49058 1.10462 0.588996 0.230307 0.0889006 -0.0157153 -0.013849 
3.15546 2.86797 2.61849 2.4163 2.09189 1.6247 1.18514 0.668189 0.321494 0.0813273 -0.0268622 -0.00846975 
3.65231 3.69629 3.40929 3.04187 2.99517 1.93896 1.63974 0.530902 0.271985 0.0855013 0.118143 -0.00134784 
3.78779 3.61619 3.07402 2.78528 3.13253 2.19885 2.03625 0.631851 0.119878 0.0706684 0.139448 0.0185342 
3.40137 3.04253 2.84871 2.7055 2.4371 1.97306 1.36022 0.764664 0.305958 0.0555655 0.0124316 -0.00474672 
3.29374 2.93115 2.72725 2.56815 2.2807 1.84123 1.30186 0.757831 0.333033 0.0897814 -0.00129668 -0.00230519 
3.38449 3.10224 2.85262 2.6812 2.26614 1.79765 1.19151 0.658582 0.304039 0.0561658 0.0150371 -0.0112379 
3.46494 3.17925 2.91916 2.71595 2.42381 1.80349 1.2874 0.554572 0.258474 0.00439468 0.037839 -0.0156582 
4.01454 3.46959 3.13598 3.06469 3.07133 2.15406 1.26977 0.411735 0.117237 -0.120163 0.154215 -0.00836071 
3.33234 2.99545 2.77008 2.47065 2.18101 1.71861 1.16302 0.586417 0.212024 0.0711193 0.0328753 -0.00859351 
3.21672 2.88557 2.69074 2.47769 2.13427 1.66032 1.18925 0.700296 0.356031 0.117197 0.0393796 0.00255494 
3.62587 3.46088 3.40382 3.04039 2.52953 1.90782 1.24076 0.685839 0.26299 0.15076 0.0808253 -0.00314827 
4.65601 4.37937 4.11096 3.70406 3.22523 2.68123 1.63571 0.503984 -0.113608 -0.13868 0.112931 -0.0286018 
3.69944 3.46107 3.24737 2.97494 2.62963 2.096 1.40258 0.77906 0.302307 0.0930505 0.0691886 -0.00455817 
3.37468 3.05039 2.88598 2.62861 2.30972 1.96187 1.49031 0.937017 0.460126 0.151324 -0.000269694 0.0106889 
3.57385 3.42372 3.18307 2.90839 2.8898 2.57918 2.12874 1.17796 0.439778 0.17912 0.160608 0.0472199 
3.32834 2.93497 2.79836 2.89135 2.90067 2.55483 1.69753 0.887772 0.502522 0.221021 0.0368575 0.0357097 
4.12809 3.06525 3.05847 2.53446 3.52724 3.44556 2.46215 1.00477 0.0513726 0.0181773 0.249733 0.0896993 
3.65179 1.92021 3.19999 2.72113 3.22349 3.04444 2.24814 0.573522 -0.132927 0.0244427 0.270908 0.0727011 
3.23748 1.7805 2.29414 2.0032 3.19493 2.00334 1.78786 0.608455 0.113592 0.0881096 0.0855261 0.0570024 
2.6769 0.433826 2.07203 1.35301 2.54711 2.24922 1.70348 0.53397 0.625681 0.347294 0.356599 0.0738347 
2.27681 0.520159 1.52357 1.20043 2.39761 1.45616 1.93021 0.340943 0.431579 0.292246 0.373117 0.036934 
1.90419 0.0168441 1.75784 0.402023 1.96356 1.3111 0.926486 0.0124372 0.847606 0.257613 0.175203 0.0380019 
1.80556 -0.502869 1.64778 1.21354 2.00232 0.529993 1.52468 0.185001 0.533809 0.223004 0.398891 0.0350476 
1.72609 -0.36371 1.56395 0.702248 1.20135 -0.168855 0.443126 -0.21121 0.287058 0.560028 0.600024 -0.015045 
1.53548 -0.404532 0.744665 -0.247468 1.02058 -0.182477 0.531946 -0.210928 0.295101 0.755438 0.167227 0.0379135 
1.70278 -0.53188 1.07613 -0.0701295 1.13497 -0.0857092 0.591994 -0.476035 0.929549 0.2363 0.38074 0.0998911 
1.72077 -0.550026 1.26535 0.370539 1.61218 -0.0492572 0.720885 0.150105 0.299764 0.415757 0.202342 0.00531731 
1.46747 -0.130333 1.1119 -0.56413 0.9995 0.167254 0.679236 -0.375269 0.716078 0.203079 0.264658 0.103175 
1.56654 -0.657768 1.21777 -0.396374 0.63076 0.112367 0.515323 0.0692082 -0.0264108 0.333962 0.133595 0.0293909 
1.68815 0.0535878 0.900542 -0.148812 -0.065991 -0.458173 0.523379 -0.364655 0.479631 0.164366 0.38035 0.131766 
1.82027 -0.378496 0.360847 -0.326935 0.247016 -0.368449 0.143315 -0.0130612 -0.0840841 -0.0230488 0.247722 0.0255338 
1.40713 -0.400697 0.991484 0.0279519 0.674592 0.587416 0.367652 -0.324922 -0.0664179 -0.0664789 0.121522 0.0483349 
1.64024 -0.576186 0.554989 -0.76197 0.843552 0.0601979 0.936649 -0.193608 0.162792 0.346972 0.253768 0.0770901 
