4.80758 -0.673965 0.402014 4.31612 -0.860622 -1.04215 3.13295 2.72367 0.381433 -0.69891 -0.109677 -0.0672326 
1.76133 -1.36541 2.71586 1.28058 -1.13901 -0.409545 3.03795 2.33998 -0.0976178 -0.503322 -0.0793486 -0.131819 
-0.868806 -1.43845 4.87743 -0.682158 -0.528135 -0.795817 3.19599 1.79051 -0.774734 0.0234 0.16082 -0.317998 
1.29164 -0.185614 1.8914 -0.603406 0.875395 1.26844 1.65204 0.940876 -0.253446 0.186462 0.116643 -0.2258 
-2.116 -1.2325 -2.9967 -3.43401 -0.109365 -0.387688 1.37642 -0.923369 1.32867 0.00726968 -0.0477087 -0.0445013 
-0.241777 -1.40299 -2.20916 -3.58078 -0.914614 -0.944716 2.38773 -0.513581 0.539846 0.337591 -0.0532217 -0.0746602 
-1.04164 -1.10919 -4.23553 -1.89888 0.233319 -0.308181 2.38444 0.107098 1.07725 -0.803957 -0.092128 -0.0124285 
0.262112 1.59128 -1.26196 -1.50279 0.0576097 -1.08764 3.99468 -0.679689 0.742132 0.327742 -0.0994939 -0.102122 
2.08226 1.02823 0.628602 -0.974971 0.434426 -0.0319263 1.60022 -0.297413 0.34074 -0.0101407 0.306813 0.0485215 
2.34305 -0.0847378 1.40225 -0.113173 0.268645 -0.517019 0.698551 -0.391835 0.31594 0.320114 0.50947 0.0522099 
2.39966 0.522212 1.48746 -0.226708 0.285475 -0.373509 0.243927 0.0285714 0.967868 0.284818 0.499887 0.057149 
2.254 0.0395278 1.24665 -0.527543 -0.0347721 -0.658872 -0.739113 -0.514344 0.484534 0.708237 0.487281 0.0820028 
2.15567 0.372187 1.62585 -0.028069 -0.0576531 -1.58205 0.0870984 0.0512488 0.573014 0.17009 0.374221 0.128656 
2.28678 0.0785503 1.7998 -0.789467 0.457111 -0.880865 -0.0094317 -0.949426 0.137829 0.129016 0.273361 0.119943 
2.15591 0.229415 1.39446 -0.322518 0.628395 0.0920641 0.708476 0.0697965 0.673957 0.222211 0.359229 0.0827904 
1.9668 0.382474 1.79319 -0.24006 1.15142 -0.115824 0.392813 0.486663 0.251384 0.0611756 0.0996608 0.0121165 
1.84601 -0.311493 1.7665 -0.733793 0.971275 -0.113855 0.572183 -0.0842313 -0.0313121 -0.11176 0.0157516 0.041037 
1.51053 0.0233981 1.28022 -0.652 0.711818 -0.0870057 0.365871 -0.134619 0.328428 -0.552203 0.163993 -0.0247372 
2.22999 -0.128832 1.36201 0.39576 1.01285 0.378575 0.512596 -0.222041 0.512818 -0.333234 -0.00572514 0.0177529 
1.77876 0.10372 1.51625 0.395168 1.35026 0.416505 0.281033 -0.581764 0.261365 -0.0925936 0.275585 0.0217935 
1.42102 0.371398 1.91673 -0.439863 0.395536 0.158469 1.05386 -0.500469 -0.0522363 -0.252763 0.248975 0.0303686 
1.64848 -0.16226 1.37579 -0.154223 0.772647 0.469364 0.434322 -0.928561 0.345297 0.0143569 -0.063125 -0.0422089 
1.8115 0.119469 1.22014 -0.891064 0.926726 0.203078 0.293058 -0.4692 -0.17713 0.341356 0.292645 0.0223572 
1.47433 0.284561 1.43224 -0.105329 0.971577 -0.366953 0.514172 0.272236 0.160281 -0.183218 -0.0458896 -0.00152016 
1.49711 0.00210685 1.69066 0.106772 1.30617 0.174869 0.458504 -0.318405 0.158786 -0.204619 0.176036 0.0576993 
1.86384 -0.170415 1.51697 0.282201 1.06852 0.816634 0.650663 -0.227106 0.22302 -0.229766 0.208049 -0.0702366 
1.86062 0.0795387 1.32935 -0.360916 0.934778 0.153345 0.54635 0.00538816 -0.148519 -0.509667 0.132853 0.0150002 
1.69026 -0.161035 1.4253 0.0758087 1.32392 -0.207706 0.559384 -0.589945 0.165226 0.108205 0.0580678 0.0413568 
1.76798 -0.543517 1.0441 0.115009 1.21765 -0.38793 1.28514 0.0391042 0.628541 -0.136577 0.0534934 0.0485714 
1.63051 -0.13987 1.71686 0.025111 0.962824 -0.421972 1.12313 -0.462521 -0.117187 -0.102133 0.184639 0.0999764 
0.977682 1.15795 0.616029 -0.809994 0.489654 0.10073 1.38323 -1.45839 0.829671 -0.410204 0.266171 0.0382527 
0.30044 1.16315 -0.0421832 -0.383295 1.36766 -1.28999 2.33711 -1.67365 0.220045 -0.0345729 0.294957 0.02777 
1.2382 0.0101862 1.77859 0.0872077 1.87953 -1.50684 1.27632 -0.786555 0.394267 0.168378 -0.214707 0.0786887 
1.70614 -0.0906219 1.4693 -0.847357 1.96845 -0.179311 0.687573 0.0997736 0.373262 0.106383 0.177237 0.0682622 
1.65172 -0.252757 1.83409 -0.979166 1.32634 -0.48238 0.395625 -0.0499765 0.189072 0.170833 0.147388 0.0278613 
1.75912 -0.492178 1.62478 -0.0594383 0.860526 0.909487 0.834809 -0.439518 0.238862 0.380664 -0.0334347 0.00545909 
1.84745 -0.274537 1.03025 0.0987068 1.18419 -0.00954355 1.06872 0.0696751 0.366727 0.2981 0.0588649 -0.0710829 
1.42013 0.153654 1.55922 -0.465702 1.10123 -0.403163 0.686655 0.446961 -0.164596 -0.179657 0.155003 -0.031633 
1.54411 0.237945 1.30993 -0.128806 0.82656 -0.132322 0.52115 -0.590802 0.273295 0.247037 0.104228 0.0165557 
3.49169 3.17941 1.69689 0.437157 0.277713 -0.607917 -0.126519 -1.1502 -0.704421 -0.369889 0.376532 0.0670154 
4.12593 2.91972 1.30398 2.86341 3.462 -1.22487 0.46304 0.309154 0.593214 -0.141187 -0.0263353 0.0700087 
4.76901 3.26547 1.5273 3.97116 4.13659 -1.74207 1.28625 0.381905 0.792163 -0.803916 -0.281938 0.117485 
3.41849 3.02363 2.26705 2.92251 2.68153 -0.213437 1.28937 0.188971 0.571466 -0.463034 -0.0473676 -0.0277807 
3.16168 2.7763 2.37936 2.90877 2.19124 0.367499 0.984459 0.392314 0.526594 -0.535152 -0.00311221 -0.0432918 
3.40642 3.21984 2.93304 3.3409 2.74264 1.0009 1.37487 0.482054 0.392173 -0.336785 0.136062 -0.0197 
3.85634 3.63392 3.38152 3.70072 2.80718 1.2355 1.49229 0.698968 0.104095 -0.18284 0.190169 -0.00366954 
3.3087 3.71014 3.25318 2.91618 3.10555 1.16673 1.95655 0.171078 0.371439 0.135218 0.0827487 0.0129704 
3.05449 2.63845 2.42366 2.31875 1.87874 1.41843 1.04429 0.69516 0.370335 0.111471 0.0646466 0.00961491 
3.05308 2.59959 2.46046 2.27692 1.88169 1.37825 1.02455 0.7092 0.335967 0.135064 0.0467259 0.00529655 
3.99032 3.76728 3.69688 4.22041 3.00843 1.93892 1.6713 0.786275 0.0468082 -0.335272 0.32531 -0.00647064 
3.48865 3.22605 3.16031 2.89976 2.40758 1.83036 1.33325 0.861337 0.309529 0.0939724 0.060497 0.00341256 
3.42257 3.23044 3.10964 2.8816 2.50158 1.93745 1.54105 0.773417 0.317089 0.144192 0.0524916 0.00691482 
3.81391 3.72587 3.62353 3.27681 2.93806 2.0504 1.53169 0.743116 0.172164 0.206424 0.119818 0.00253528 
3.85749 3.77553 3.5873 3.23963 2.82603 2.17949 1.47831 0.938196 0.272815 0.171443 0.155649 0.0141437 
4.07679 4.29338 3.6735 3.8171 3.13009 2.38902 1.5995 0.323143 0.156669 -0.262618 0.28219 -0.0194101 
4.07729 4.03076 3.76777 3.46754 3.14193 2.43031 1.67222 0.543688 0.177132 -0.0891628 0.243866 0.0013466 
4.73209 4.51215 2.71119 4.69773 3.34619 2.65829 1.98677 0.762674 0.25027 -0.839052 0.349261 0.00192172 
4.5778 4.2763 2.81776 4.84285 3.40214 2.29218 2.64508 0.608139 0.378048 -1.00804 0.487379 0.00711634 
3.38724 3.10096 2.86881 2.79555 2.4915 2.01924 1.44984 0.845785 0.412733 0.197419 0.0877364 0.0202975 
3.07512 2.6575 2.52073 2.18453 1.86962 1.54509 1.11349 0.804242 0.444698 0.309865 0.0672116 0.0196732 
2.98449 2.5526 2.27612 2.09173 1.73182 1.50396 0.981495 0.733638 0.345911 0.250836 0.0999067 0.0145947 
3.06652 2.67874 2.46876 2.17767 1.82437 1.30045 1.11534 0.613376 0.397696 0.112975 0.0977522 0.00945153 
3.42101 3.18455 2.76103 2.5742 2.18629 1.53535 1.35778 0.676389 0.476967 0.0114306 0.0984763 0.00920428 
4.92828 4.86633 2.49214 4.1135 1.72967 2.318 1.63964 -0.00542592 0.766178 -0.434731 0.223774 -0.0697793 
4.09129 4.0983 2.95888 3.26306 2.59786 2.00618 1.65761 0.201843 0.700514 -0.435115 0.262243 -0.015367 
3.82822 3.83042 2.99798 3.06677 2.4432 1.88351 1.40419 0.458958 0.419863 -0.0548784 0.143346 -0.00279086 
3.5827 3.50527 2.98414 2.90618 2.34329 1.82089 1.26395 0.557962 0.495713 -0.0110372 0.102371 -0.000758714 
3.1878 2.81541 2.58444 2.31164 1.98696 1.54798 1.11554 0.664056 0.371116 0.167409 0.0431496 0.00910666 
3.00125 2.57302 2.3302 2.04447 1.68681 1.29977 0.916144 0.618484 0.364316 0.186675 0.0744421 0.00617144 
3.02173 2.61381 2.40139 2.11536 1.76375 1.38733 0.99804 0.692976 0.401247 0.222972 0.0796743 0.0117306 
3.15673 2.83374 2.67465 2.39738 2.02132 1.58066 1.1552 0.746718 0.424733 0.192626 0.0700203 0.0177116 
3.37895 3.16836 3.05327 2.83574 2.49825 2.00725 1.45541 0.975518 0.544727 0.210084 0.0214491 0.0194124 
3.0686 2.74662 2.62541 2.4837 2.22389 1.8759 1.47017 1.04905 0.586296 0.260377 0.0590938 0.0460329 
2.80093 2.36185 2.19576 1.97842 1.81549 1.62981 1.39931 1.10391 0.782319 0.515051 0.303308 0.0759414 
2.95096 2.60136 2.47489 2.24489 2.07211 2.00286 1.71043 1.19521 0.879319 0.641743 0.364845 0.109429 
2.79564 2.30804 2.15185 2.05142 1.81647 1.68467 1.4185 1.26331 0.9345 0.61801 0.38671 0.0920127 
2.77447 2.35402 2.09023 1.8233 1.8426 1.56844 1.2982 1.12613 0.822514 0.571463 0.397017 0.0834177 
2.74236 2.24799 2.11306 1.80878 1.7849 1.60717 1.21675 1.01515 0.947272 0.548355 0.377051 0.0849116 
2.81076 2.38438 2.51676 2.20984 2.00744 2.10569 1.77833 1.08573 0.962858 0.618607 0.427563 0.110912 
2.72982 2.3265 2.36639 1.8997 1.65666 1.28231 1.09753 0.905888 0.70745 0.566606 0.318568 0.0780355 
2.80032 2.15296 2.56856 1.99684 2.27521 1.38933 1.04683 0.336867 0.633484 0.364601 0.156552 0.0654434 
2.01817 0.944748 1.95293 1.28875 1.34043 1.0133 0.767767 0.586953 1.08998 0.241958 0.235921 0.0504487 
1.6461 0.687653 1.32542 0.551112 1.09104 0.464219 1.22846 0.873699 0.626306 0.342607 0.291303 0.0275475 
1.65313 0.0524176 1.55616 0.78863 1.77808 0.195336 1.28199 0.0900119 0.518429 0.10633 0.0813903 0.138357 
1.53536 0.316009 1.03365 0.433288 0.914704 0.0429764 0.685828 0.11816 0.692222 0.0541569 0.254488 0.0333325 
