1.0623 -0.0318828 -0.270511 0.649483 0.540056 -0.270285 0.655338 -1.28334 0.520186 -0.0310576 0.340657 -0.015825 
-1.53129 1.22218 -0.197919 0.097375 1.06495 0.237666 -0.322607 0.394983 0.17118 -0.346383 0.361105 -0.023834 
-4.29977 3.6369 0.852932 -1.16601 2.62342 -0.368195 0.5987 -0.131336 0.653736 -1.06042 0.232332 -0.0858547 
-0.805554 1.60061 -0.516234 0.21701 1.74229 -0.211039 0.13215 -1.14885 0.228359 0.0221144 0.295286 -0.0499186 
1.91034 -0.00966557 -0.951913 2.92966 1.27055 -0.815668 1.5676 -0.194485 0.329875 -0.0868545 0.809692 0.00678387 
5.38888 -2.58693 -1.52913 4.14619 0.641838 -0.70407 2.84138 2.03858 0.2461 -0.705609 -0.0059702 -0.0493772 
3.20482 -1.11428 -1.17694 2.81269 0.622256 -0.588037 2.7656 1.38018 0.277831 -0.388496 0.242961 -0.0546776 
2.67517 -0.177894 -0.000344189 1.21107 0.282281 0.494709 4.0989 1.17428 0.904005 -0.918558 0.212797 -0.0591276 
1.22138 -0.279721 1.08901 -0.0619847 2.4478 0.624895 0.489763 0.429897 0.48105 -0.778031 0.0418985 -0.0510145 
-2.18213 -1.22658 -0.946588 -0.700904 1.88865 -1.04328 0.54283 2.57566 2.01738 -0.925025 -0.0233672 -0.143048 
-0.996344 -0.870288 0.0954095 -0.837117 1.66143 0.190476 -0.792244 0.742198 2.43227 -0.974925 0.0222898 -0.105428 
1.65063 -1.3052 1.17366 -0.914209 1.29595 1.05336 0.0714378 -0.581679 0.957627 -0.0989162 0.403603 -0.00748208 
1.37385 -0.822834 0.902211 -0.426229 1.36473 -0.000225825 1.27211 -1.57921 0.285705 0.0983909 0.555752 0.0716722 
2.51318 -1.41299 1.07357 -0.959301 1.66531 -0.117002 0.548432 -0.735181 -0.135744 0.466791 0.153553 0.0157254 
2.07889 -1.46111 1.08596 0.187871 1.69664 0.671448 0.409084 -0.707649 0.17577 0.268333 0.387343 0.0331784 
1.94238 -1.29508 0.982097 -0.301154 1.56678 0.502552 0.116297 -0.68299 0.267106 0.220848 0.270153 0.0016131 
2.34221 -1.22045 1.49657 -0.0494958 1.00928 0.218261 0.767926 -0.944983 0.167071 0.431156 0.404804 -0.0107617 
1.67658 -1.12029 1.37301 0.427218 1.15423 0.259566 0.243492 -0.837626 0.185099 0.203311 0.389137 0.0271964 
2.29943 -1.38017 1.34157 -0.649185 1.126 -0.274804 0.256565 -0.894426 0.0661514 0.551035 0.174742 0.0306175 
1.67172 -1.23414 1.11673 0.498873 1.55576 -0.30296 0.696122 -0.857917 0.137865 0.562241 0.127298 0.019613 
1.79792 -0.878797 1.67968 0.0987195 1.72651 0.346477 0.37037 -1.10666 0.308259 0.263792 0.238638 0.0659542 
1.85482 -1.12464 0.694494 -0.204168 0.806855 -0.199968 0.536894 -0.535812 -0.00104874 0.212834 0.31775 -0.0267886 
2.17191 -0.913549 1.0653 -0.0213654 1.69258 0.0883698 0.674906 -0.585968 0.0965198 0.548908 0.465954 0.0628405 
2.05525 -1.21956 1.01406 -0.406611 1.68905 0.828756 0.717495 -1.04792 0.262192 0.340887 0.232035 0.0255531 
1.78607 -0.883 0.472918 0.00444774 1.63784 -0.103195 0.556648 -0.408404 0.220588 0.0512555 0.321036 0.0426428 
1.90765 -1.06835 0.686689 -0.323953 1.70533 -0.554262 -0.0205629 -0.579591 0.0439392 0.291665 0.251717 -0.000270388 
1.90952 -1.10126 1.34396 -0.552183 0.955841 -0.328387 0.686743 -0.898059 0.175019 0.516209 0.343902 0.068125 
1.8762 -1.02062 1.24321 0.331736 1.27455 -0.261352 0.0886328 -0.103504 0.493145 0.178661 0.220862 -0.0310768 
2.04055 -0.87709 0.894329 0.0900901 1.72706 -1.1801 0.629701 -0.734154 -0.0878676 0.241899 0.249308 0.0555676 
1.69965 -0.857556 1.19956 0.148354 1.67669 -0.408759 0.590075 -1.1287 0.167846 0.515253 0.284454 -0.0150691 
1.79805 -1.28052 0.977667 0.261838 0.941365 -0.0996343 0.713546 -0.930519 0.329478 0.0325418 0.382701 0.0488923 
1.93184 -1.39813 1.09493 -0.0958315 1.21513 -0.382523 -0.300171 -0.301591 0.0204225 0.00979477 0.367082 0.0158487 
2.03105 -1.09839 0.866875 -0.0494899 0.934341 -0.534312 1.37477 -0.559864 0.429019 0.16444 0.262918 0.0538966 
1.98218 -1.20369 1.22515 0.509142 0.959765 -0.897271 -0.0213913 -1.00891 0.433091 0.0686074 0.17933 -0.000721188 
1.82824 -0.686011 1.18117 0.00759739 1.58395 -0.165475 0.369358 0.0454267 0.138148 0.207831 0.275363 0.0196116 
2.06558 -0.39696 1.49549 0.484759 1.04195 0.20418 0.788599 -0.457395 0.394884 0.084614 0.409464 0.0889167 
2.11521 -0.939102 1.79243 -0.207983 1.12753 -0.051344 1.20228 -0.122899 0.198426 -0.0302794 0.0235941 0.0425849 
1.79598 1.76203 1.94973 -0.412648 0.354423 -2.19076 1.38945 1.75785 0.592926 -0.380679 0.187324 0.0620745 
2.74942 2.78636 2.30131 1.80671 1.82308 1.09498 0.0970182 0.717451 0.43891 -0.341539 0.290353 -0.0333326 
3.48146 2.4815 2.0606 2.91414 2.80226 -0.50144 0.469076 0.618597 0.959354 -0.324461 -0.179851 -0.0183395 
3.18733 2.37516 2.31173 2.39533 2.06534 -0.183246 0.425952 0.267761 0.403938 -0.205786 -0.0340607 -0.0300627 
3.06752 2.61129 2.12137 2.52937 1.98726 0.727656 0.674584 0.336509 0.541978 -0.214797 -0.086118 -0.0504234 
3.25871 2.83457 2.49114 2.57356 2.17355 1.06758 0.900543 0.521502 0.488801 -0.0926165 -0.0548229 -0.0267517 
3.20822 2.82296 2.43885 2.33881 2.02152 1.18969 0.861349 0.396355 0.381614 0.0504021 0.00487678 -0.0140414 
3.13346 2.66327 2.25815 2.29175 1.70315 1.23268 0.636973 0.631018 0.348422 -0.00499398 -0.0500815 -0.0199349 
3.13552 2.52064 2.29743 2.17579 1.86321 1.33633 0.909134 0.682415 0.287412 0.03219 -0.0540226 -0.0135453 
3.41401 3.03068 2.83622 2.77277 2.56669 1.58427 1.58575 0.779326 0.415914 -0.00208911 -0.0354474 -0.00404618 
3.27603 3.01498 2.82048 2.62888 2.13729 1.35312 1.07893 0.528734 0.27229 -0.0189683 0.0287317 -0.0129979 
3.23146 2.98188 2.77746 2.67889 2.20069 1.55854 1.16322 0.648563 0.349084 -0.00386773 0.00475981 -0.0114039 
3.92758 4.05591 3.48201 3.45019 3.05831 1.7031 1.42913 0.060808 0.108702 -0.282894 0.159915 -0.0421096 
3.99405 4.82121 3.43378 3.71744 4.29321 0.445899 1.78566 0.00131957 0.267797 -0.0498983 -0.0410251 -0.00588233 
3.98279 3.9405 3.62284 3.09961 3.19429 0.761219 1.8276 0.170731 0.0882792 -0.151189 0.0576421 -0.00984955 
3.03522 2.63823 2.42533 2.14736 1.79769 1.36022 1.08992 0.615569 0.276733 0.0401423 -0.0329478 -0.0127388 
3.07454 2.6948 2.41364 2.10056 1.74809 1.31246 0.925194 0.549075 0.242489 0.0574176 -0.0183805 -0.0137708 
3.85503 3.91087 3.53778 3.13848 2.87761 1.6341 1.44059 0.278212 0.0656773 -0.00498698 0.065187 -0.0271387 
3.90742 4.07938 3.4473 3.09507 2.82259 1.69015 1.51766 0.101887 0.0641939 -0.151093 0.101276 -0.0325526 
3.5051 3.33959 3.13699 2.71844 2.38293 1.56782 1.10028 0.382203 0.115861 0.0541682 0.0356476 -0.0205626 
3.4967 3.378 3.04966 2.92775 2.46064 1.71742 1.3858 0.495264 0.196745 -0.0925236 0.134131 -0.0104391 
4.0607 3.80745 3.24618 3.25095 3.1524 1.36355 1.73993 0.432147 -0.385968 -0.42768 0.254523 -0.00128541 
3.81651 3.91285 3.27132 3.34221 3.14388 1.41003 1.70969 0.102467 0.092526 -0.179204 0.224696 -0.00728016 
3.79979 4.20369 3.5182 2.87646 3.56591 1.38131 2.54777 -0.159613 0.178828 -0.147993 0.227711 0.0256335 
3.87179 4.74755 3.77937 3.46591 3.76388 1.07079 2.18767 -0.428847 0.220183 -0.104302 0.0926252 -0.0123111 
3.65979 4.09149 3.20136 3.132 2.97986 1.57341 1.98704 0.107195 0.531024 -0.0802165 0.135967 -0.012883 
3.60515 3.9684 3.23514 2.85567 3.15388 1.6126 2.08389 0.133353 0.419283 -0.15954 0.175064 -0.00568123 
4.642 5.18566 3.70848 3.69942 3.01772 2.43994 2.00613 -0.422109 0.083158 -0.728766 0.123662 -0.0841685 
3.58968 3.45448 3.34498 3.03049 2.52818 1.8915 1.29921 0.706693 0.265655 0.105914 0.0850708 -0.00253589 
3.12297 2.81689 2.72823 2.51774 2.22386 1.881 1.38393 0.892799 0.506632 0.198769 0.000757297 0.0218938 
3.08123 2.75083 2.61392 2.42583 2.0914 1.71691 1.33372 0.867523 0.521759 0.274234 0.0793324 0.0351303 
3.07067 2.69327 2.56463 2.52866 2.3379 1.86063 1.52876 1.22038 0.75307 0.424681 0.210436 0.0765359 
3.42008 3.24134 3.35031 3.29787 2.85485 2.59248 2.14663 1.35799 0.78106 0.539128 0.228901 0.0946064 
3.20986 2.92643 3.01449 2.93921 2.52327 2.09988 1.72885 1.17402 0.847439 0.536674 0.242829 0.0970875 
2.83191 2.37314 2.47259 2.24921 2.09881 1.89498 1.47392 1.17023 0.942505 0.65807 0.427952 0.102381 
2.82914 2.2718 2.55918 1.93222 1.98873 1.90596 1.73259 1.18151 1.15393 0.763317 0.417697 0.112402 
2.44897 2.14288 2.274 1.7146 2.16313 2.18452 1.38889 1.30271 0.603376 0.670587 0.473607 0.0871849 
2.19193 0.689766 1.91117 1.50795 2.07575 1.51367 0.673106 0.344525 1.14918 0.713728 0.316422 0.0163897 
2.00199 -0.464661 1.25135 0.142262 1.73609 0.393098 0.0419526 -0.187949 0.902833 0.456221 0.278764 0.0361745 
1.80307 -0.856366 1.21652 0.392365 1.13045 -0.0484332 0.187714 -0.665924 0.318852 0.393896 0.106546 0.0333874 
1.83044 -0.469425 1.26686 0.460999 1.4955 -0.301748 0.843458 -0.713547 0.673456 0.710594 0.346553 0.01617 
1.58709 -0.645286 0.851187 0.405369 1.0692 0.129751 0.408171 -0.091134 0.445355 0.425319 0.361007 0.0663815 
1.84292 -0.53947 1.20748 0.313148 0.740025 0.576901 -0.0194324 -0.266874 0.961445 0.667135 0.41014 0.0255886 
1.7205 -0.954857 0.573878 0.145306 0.90936 0.332711 0.507953 -0.535089 0.140706 0.330323 0.497021 0.061161 
1.52905 -0.894241 0.64657 0.183508 0.984837 -0.314477 0.190332 0.422276 0.510632 0.509096 0.45823 0.0509179 
1.69922 -0.475955 0.502203 -0.136168 1.45238 0.1746 0.619622 -0.880926 -0.162248 0.736419 0.455003 -0.0253701 
1.61843 -1.23634 0.221065 0.130628 1.14715 -0.592702 0.330729 -0.970136 0.0177585 0.280977 0.356849 0.022406 
1.75818 -1.04269 0.455643 0.643699 1.04343 0.257268 0.820151 -0.236873 0.745715 0.144731 0.370386 0.0116894 
