2.67741 -2.07293 2.14674 2.7411 1.15413 -1.89677 2.41038 1.56912 -0.874856 -0.460526 -0.030601 0.0309463 
2.55066 -1.05734 1.55591 0.239463 1.39451 -1.50005 0.337296 0.379675 0.373342 -0.581128 -0.388048 -0.0370618 
2.97264 -0.796713 1.43748 0.812336 2.33052 -0.827907 -0.0487723 -0.756529 0.529045 -0.661847 -0.144357 0.00168456 
2.44668 -1.02633 1.83309 -0.355787 2.03019 0.268706 0.158004 0.189092 0.0567662 0.129411 0.0118453 -0.0780493 
2.09379 0.287426 -0.623737 -1.52065 0.467132 0.314072 2.65624 0.21489 0.30141 -0.669277 -0.351275 -0.200281 
-1.25013 0.408906 -2.20712 -1.91635 -0.992832 -1.60326 1.74187 0.973804 1.05749 -0.805599 -0.0295753 0.0266708 
-0.92092 -0.933321 -2.39338 -2.86011 -1.02736 -0.967906 2.24456 0.991857 1.54411 -1.13681 -0.380389 0.100102 
0.865114 0.162781 -1.08556 -0.868224 0.380899 0.452278 2.69051 -0.0367624 1.17497 -0.251753 -0.0439492 -0.123678 
1.69908 -0.898274 1.0664 -0.772166 0.742283 1.07427 1.02542 -0.900404 0.453201 0.187062 -0.222114 0.0445852 
1.09999 0.286431 0.109483 0.716953 0.870483 1.17403 0.725399 -1.06176 0.263174 -0.397349 0.570991 -0.101119 
-0.184112 2.08584 -2.61966 2.18882 0.000632489 -0.112523 1.62485 -0.777625 1.19518 -0.528018 0.270294 -0.206934 
1.07569 0.589457 -0.0154631 1.01644 -0.285823 -0.000150897 -0.23 -0.33125 0.0749795 -0.442388 0.404312 -0.0784131 
2.16828 -0.895015 1.1899 -0.0722491 0.777994 0.262736 0.323448 -0.795795 0.418826 0.13957 0.402591 0.0776382 
2.12411 -0.763648 0.921804 0.594966 0.20746 -0.145181 -0.310414 -0.400812 0.15707 0.345825 0.126581 -0.0116518 
2.02664 -0.856996 1.39567 -0.435173 0.844454 -0.508319 0.782008 -0.0924299 -0.204047 0.200407 0.432773 -0.0108766 
2.01746 -1.10514 0.539232 0.0867325 1.20947 -0.419346 0.115677 -0.364966 0.157434 -0.00389266 0.0471683 -0.00385223 
2.17253 -1.07506 0.701463 0.89931 0.959606 0.211974 0.331994 -0.761665 -0.0300397 0.301711 0.11766 0.03196 
1.97222 -1.11007 1.42095 0.194793 1.29887 -0.409571 0.129753 -0.743348 -0.245253 0.139724 0.245184 0.0059593 
2.12606 -0.821559 1.30765 0.61004 0.784325 -0.231132 -0.268679 -0.636706 0.252684 0.014204 0.32175 0.0225063 
1.76516 -1.22891 1.23292 0.147055 1.32179 0.103871 0.762045 -0.56433 0.0305192 0.380959 0.29322 0.0543196 
1.56038 -1.09429 0.651602 0.0152308 1.98952 0.0271442 0.498075 -0.129748 0.653989 0.211282 0.156579 0.0036941 
1.84705 -1.2276 1.10819 0.404737 1.15874 -0.0825241 0.822519 -0.726886 0.130116 0.114005 0.165778 -0.0233726 
1.76606 -0.931455 1.05658 0.251832 1.06906 -0.117115 0.26379 -0.580463 0.574453 0.118539 0.0778767 0.0834563 
1.84997 -1.21672 1.20459 0.416125 1.39023 -0.390966 0.468155 -0.212758 0.299343 0.164904 0.149832 0.0102065 
1.76426 -0.453554 1.34112 -0.363269 1.24539 0.471649 0.0795969 -1.24391 -0.0940391 0.301976 0.0591125 0.0264326 
2.07301 -1.00281 0.635436 -0.198882 1.49941 -0.539287 0.520902 -0.278021 0.277986 0.347142 0.291652 0.00546673 
1.98349 -1.02088 1.19701 0.251202 1.96483 0.431287 1.02924 -0.833462 0.116807 0.304202 0.0852081 0.00596118 
1.86288 -1.03787 0.884776 -0.244743 1.54659 -0.79163 -0.0640276 -0.439786 -0.210796 0.00654291 0.10313 -0.0101409 
2.04802 -0.836311 0.751575 0.107256 0.883665 -0.469906 0.468235 -0.689299 0.410335 0.483203 0.0784457 0.00944379 
2.00978 -1.01732 1.21444 0.0215634 1.05743 -0.166298 0.444436 -0.975332 0.0471574 0.121084 0.0552119 0.0728941 
1.91685 -0.597155 1.14024 -0.0756617 1.55572 -0.125845 0.200342 -0.739017 0.119559 0.287216 0.207316 -0.0555602 
1.91731 -0.786985 1.37002 -0.0496384 0.870562 -0.241769 -0.213395 -0.220146 -0.229473 0.168645 0.350778 -0.0504223 
1.78748 -0.345953 1.52564 0.394936 1.409 -0.128993 0.239903 -0.483561 0.667391 0.250741 0.278871 -0.00638869 
2.23068 -0.750377 1.4237 0.0666493 1.38563 -0.359078 0.957637 -0.613779 0.263148 0.433289 0.411864 0.0855267 
2.11555 -1.09147 1.8597 0.613026 0.898513 0.013998 0.886318 -0.874612 0.511153 0.132066 0.236329 0.0789441 
1.90586 -0.882534 1.29464 0.760826 1.60065 0.706987 0.7314 -0.276242 0.457189 0.463646 0.384308 0.051384 
1.93184 -1.20409 1.33176 -0.117685 1.12585 -0.651209 0.812522 -0.656454 -0.0154898 0.44186 0.243417 0.0254415 
1.75337 0.801488 0.882212 0.172112 -1.00778 -1.4166 1.47814 -0.481839 -0.428309 -0.538616 0.411613 -0.0287656 
2.46082 1.66956 0.975248 -0.0185201 -0.867984 -0.820609 1.45034 -0.165906 -0.145172 -1.15835 0.807655 -0.0392306 
3.57512 2.50479 2.22068 2.59004 2.30016 0.90943 0.579219 0.572164 0.437898 0.143473 -0.0424128 -0.0183728 
3.43785 2.70985 2.54095 3.08327 2.19909 0.55205 0.437477 0.825462 0.780812 -0.0861304 -6.4912e-005 0.0091701 
4.16424 2.8998 2.97529 4.23673 3.56662 -0.634504 0.68971 0.613021 0.766968 -0.538479 -0.078838 0.0446705 
3.364 2.62777 2.04237 2.51306 2.1931 0.241068 0.276994 0.180525 0.422554 -0.376783 0.0195301 -0.045857 
3.31195 2.89922 2.78478 2.9846 2.236 0.599676 0.805063 0.572506 0.532187 -0.21503 0.0604829 -0.00389964 
3.36848 2.96607 2.85249 2.80736 2.32672 1.37991 1.09268 0.752237 0.469359 -0.00448924 -0.0059037 -0.00771437 
3.36051 2.99497 2.81933 2.77877 2.2152 1.64086 1.22832 0.889105 0.386368 0.0201072 0.0278595 0.000221984 
3.82479 3.67987 3.12137 3.52728 2.92154 1.68218 1.3465 0.558556 0.742371 -0.272656 0.170551 -0.0107442 
3.29993 3.13733 2.90667 2.70998 2.15531 1.47298 1.13464 0.594459 0.466192 0.0478773 0.05451 0.00313978 
2.91012 2.50445 2.26053 2.011 1.69105 1.28493 0.957838 0.590274 0.398756 0.186937 0.0832161 0.0130804 
2.90786 2.48477 2.21647 2.00514 1.69678 1.32424 0.939763 0.5532 0.326975 0.140812 0.069663 0.000814738 
3.71809 3.67413 2.91228 3.11745 2.85694 2.01146 1.41139 0.292619 0.1692 -0.143519 0.21274 -0.00720444 
3.90829 4.31148 3.32804 3.56474 2.52477 2.09282 1.52447 0.219605 0.243604 -0.446015 0.298362 -0.0347129 
3.71632 4.61993 3.42625 3.49603 3.45161 1.81137 2.14109 0.03076 0.163893 -0.207817 0.272934 -0.0233786 
3.99229 5.5727 3.10414 3.45795 3.6016 2.475 2.95284 -0.206716 -0.0858807 -0.765069 0.340249 -0.0630674 
3.42723 3.47143 3.05341 2.84657 2.51222 1.52577 1.46371 0.405575 0.491103 0.0667286 0.0849374 0.00481043 
2.9322 2.56174 2.28257 2.12507 1.71367 1.40804 0.936887 0.634439 0.362486 0.139724 0.0626891 0.0104178 
2.96019 2.55844 2.33724 2.08023 1.842 1.39865 1.06342 0.607574 0.376041 0.179143 0.0789564 0.0120673 
3.38934 3.8944 3.09396 3.22684 3.06337 1.88668 1.83561 0.514648 0.336946 0.168586 0.161002 0.0134399 
3.57829 3.95448 3.28347 2.99841 3.05321 1.85312 2.0243 0.313887 0.399428 -0.122295 0.243439 0.0035525 
3.41569 3.5235 2.9831 2.95768 2.50909 2.05703 1.56589 0.64636 0.451095 0.0244136 0.132242 0.00795314 
3.37383 3.44297 3.13613 2.98463 2.85967 2.08696 1.83194 0.697706 0.609656 0.0726834 0.15606 0.0241945 
3.80711 4.40494 3.23349 3.69945 3.20101 2.49733 2.57602 0.168197 0.873576 -0.501808 0.621503 0.0123141 
3.93384 4.60084 3.8718 4.17255 2.96436 1.90845 1.41257 0.194339 0.578697 -0.263634 0.340362 -0.0127819 
3.91049 4.20018 4.08238 3.97794 3.31955 2.15855 1.80783 0.44092 0.740182 0.0856902 0.327458 0.0312248 
3.98032 4.24639 4.35566 3.9668 3.18572 2.46165 1.50187 0.38575 0.58367 0.0627136 0.265687 0.0130768 
3.24953 2.98524 2.89095 2.67556 2.38215 1.95689 1.50232 1.02887 0.677009 0.412762 0.211102 0.0673746 
3.20167 2.86319 2.69377 2.45995 2.13397 1.65125 1.25522 0.89519 0.606064 0.419198 0.229473 0.0608884 
3.60205 3.36306 3.17174 2.93908 2.48398 2.03139 1.47939 1.00253 0.670427 0.443296 0.2123 0.0666665 
3.11063 2.75821 2.60342 2.40038 2.111 1.72514 1.35204 0.967287 0.657112 0.412652 0.202611 0.0606128 
2.822 2.37691 2.17695 1.94981 1.72888 1.48587 1.17867 0.870048 0.598774 0.384737 0.197471 0.0406159 
2.74071 2.24959 2.05754 1.84987 1.6393 1.41824 1.16766 0.904961 0.636894 0.429692 0.236078 0.0543972 
2.89202 2.42481 2.21808 2.2959 2.24092 1.90825 1.60261 1.22522 0.946363 0.668936 0.34482 0.103571 
2.89486 2.4558 2.41842 2.31689 2.26932 1.93998 1.58253 1.24296 0.848237 0.659384 0.400596 0.107073 
2.82723 2.27152 2.14173 2.03199 1.83043 1.63055 1.51435 1.1462 0.779037 0.692091 0.447994 0.0941544 
2.66685 2.04307 2.10426 1.68621 1.40462 1.47208 1.38027 0.980613 0.651632 0.614599 0.412501 0.0718111 
2.45079 -0.289786 2.45896 0.926989 1.79921 1.92117 2.33554 1.01454 0.807241 0.745573 0.515035 0.0168249 
2.23477 0.0237634 1.37137 0.389802 1.3011 0.52946 0.547469 -0.479788 0.669707 0.403742 0.596832 0.0905096 
2.2628 -0.514198 1.20771 0.997113 1.39154 0.661394 0.873344 -0.458521 0.90872 0.176181 0.500259 0.0481426 
1.8634 -0.7744 1.22603 0.447892 1.80818 0.315141 0.801606 -0.153251 0.450806 0.375995 0.220754 0.0660779 
1.65801 -0.613064 0.837287 0.318135 1.68982 0.107317 0.723869 -0.202567 0.255284 0.641956 0.366161 0.054035 
1.77011 -0.648014 1.06716 0.115857 1.42672 0.0634722 -0.0922768 0.0628326 0.253004 0.270917 0.469844 0.0117514 
1.69667 -0.606234 0.605709 0.221638 0.456692 0.531714 0.541674 -0.41857 0.837833 0.609472 0.251907 -0.0112472 
1.8389 -0.891903 0.728671 0.0895513 0.785926 -0.0201687 0.0934008 0.0646432 0.0540527 0.393857 0.487511 0.0698081 
1.64685 -0.948694 0.817957 0.593911 0.711472 -0.497036 0.451268 -0.00876278 0.44844 0.415421 0.644178 0.0110329 
1.73887 -0.934725 0.751899 0.277757 0.980158 -0.238362 0.27594 -0.521941 0.367565 0.492744 0.416879 0.0218287 
