-1.55643 -1.03857 1.90127 0.987753 -1.15383 -0.288002 3.7744 2.46093 -0.726564 -0.728091 0.415797 -0.365964 
0.184737 -0.282006 -0.0914518 -0.420463 -0.447433 0.92519 3.17731 0.897378 0.0358934 -0.228978 0.361954 -0.458748 
0.466498 0.630953 -0.862411 -2.09557 -1.12918 0.0339149 4.81223 0.0392561 0.254911 0.120413 -0.00936346 -0.263654 
-0.0559029 0.937986 -1.82796 0.50302 -0.980298 0.272821 3.66096 -0.730785 0.925103 -0.29094 0.137435 -0.360568 
1.35621 -0.0320833 0.114433 0.226207 -0.351687 -0.381619 1.19784 -0.200227 1.09131 0.163891 0.495392 -0.118324 
2.4049 -0.784526 1.32886 -0.862381 0.964065 0.00547531 0.362008 -0.717458 0.495649 0.380797 0.23015 0.0106308 
2.28755 -1.55093 2.03491 -0.624255 0.356907 -0.193509 1.47419 0.531147 0.181306 0.931177 0.23449 -0.13687 
1.89738 -1.2808 1.55274 -0.413273 0.397876 -0.358038 0.914734 -0.832244 0.0695076 0.751017 0.366659 -0.0232491 
1.81691 -1.53891 2.02535 -0.17722 0.892538 0.153817 0.507901 -1.54398 0.159185 0.541837 0.200245 0.0027981 
2.21373 -0.774804 1.20828 -0.665758 1.12804 0.0385588 0.192472 -0.65367 0.274384 0.508488 0.35998 -0.0145941 
1.97065 -1.09381 1.67348 -0.367792 0.539874 -0.604484 1.21045 -0.68959 0.175071 0.783354 0.477671 -0.00649032 
1.87431 -0.950593 1.83856 -0.709638 0.888266 0.484954 0.436966 -0.41351 0.098024 0.675364 0.376972 -0.026346 
1.88939 -1.23961 1.36663 -0.64623 1.47848 0.0245621 0.29265 -0.625252 0.662741 -0.183383 -0.0415773 0.0687138 
2.15748 -1.26636 1.66367 0.642071 1.50773 0.652214 0.997965 -0.746399 0.870999 0.343769 -0.0281881 -0.00512782 
-0.351436 2.4 -2.58729 3.18874 -1.73523 1.12079 0.0907203 -0.681433 0.462751 -0.104944 0.339432 -0.107489 
0.401037 1.4115 -1.57213 1.35118 -0.118014 0.827957 0.551174 -0.945826 1.06962 -0.43373 0.369586 -0.0513802 
0.922942 0.382154 0.221436 1.05726 1.25849 1.411 0.834202 -1.07106 0.45867 -0.164004 0.42357 -0.103157 
1.44502 -0.520392 0.229534 0.890636 1.03352 0.517843 0.505709 -1.11625 0.841736 0.163644 0.212844 0.0139515 
1.90936 -0.519331 0.971372 0.0165447 1.71036 -0.0822859 0.693542 -0.208389 0.378234 -0.196836 0.377353 -0.0200733 
1.89941 -0.703078 1.47397 -0.353821 1.28135 -0.455473 0.465234 -0.669599 0.332681 0.220918 0.331604 0.0826851 
2.12733 -0.896885 1.40264 -0.207286 1.81121 -0.0351998 0.988875 -0.362409 0.0408817 0.429267 0.0974423 0.00313932 
1.65725 -1.64809 1.47162 -0.169641 0.887335 -0.458073 0.0565293 -0.793346 -0.235761 0.444941 0.167419 0.0445779 
1.99078 -0.956383 1.00422 -0.00474354 1.3148 -0.155914 0.446395 -0.956453 0.0229982 0.44084 0.161803 -0.057722 
2.01977 -1.11232 1.15513 0.0108007 0.701702 0.526649 0.0677319 -0.237064 0.485171 0.130962 0.297213 -0.0506133 
1.67883 -1.29776 0.922039 -0.01286 0.416055 -0.926985 0.763936 -0.140213 0.599836 0.372265 0.33113 0.0171315 
1.79423 -0.672132 1.60348 0.356459 1.14257 -0.225885 0.183575 -0.720423 0.476299 0.21779 0.419207 0.0385599 
2.08276 -0.741034 1.5015 0.846123 1.67877 0.494976 0.886259 -0.658974 0.180111 0.254131 0.392982 0.0728491 
2.07457 -0.76762 1.23985 -0.383654 1.72685 -0.118896 0.290333 -0.367906 0.558988 0.453234 0.296698 0.0242703 
1.90664 -1.10946 0.807977 -0.0265937 1.16477 -0.400628 0.196869 -0.703027 -0.0335565 -0.216155 0.158552 -0.00519174 
1.58237 -1.15165 0.843968 -0.0463329 0.905717 0.161806 1.01008 -0.424664 0.118142 0.195804 0.516673 0.0155184 
1.95164 -0.481346 0.882477 -0.748411 0.287644 -0.438731 0.243904 -1.23298 0.01827 0.366774 0.359296 -0.0348244 
2.0243 -0.84108 1.06731 0.183596 1.4344 -0.0476265 0.480548 -0.802289 0.569017 0.431429 0.0885612 0.00752469 
2.05449 -1.1219 1.28587 0.122538 1.07387 0.0658461 0.78944 -0.692721 0.609973 -0.188661 0.26847 0.096458 
1.43946 -0.432767 0.86962 -0.222616 1.12898 -0.172532 -0.0859691 -0.648278 0.85895 0.0310605 0.255434 0.00695343 
1.65128 -0.66046 1.2392 0.172432 0.702681 0.0857226 0.413691 -0.601242 -0.00108593 0.131213 0.174228 0.0144757 
2.26746 -0.43681 0.810402 -0.160924 0.782034 0.172431 0.591616 -0.0593874 -0.264481 -0.0535256 0.243418 -0.0304572 
2.52172 3.57577 0.666876 0.947538 0.530148 -1.76363 0.311904 0.663795 0.593724 -0.556445 0.629329 -0.0391346 
3.44073 3.30244 3.16639 1.36219 2.95946 -0.767157 1.33285 1.81605 1.17111 -0.497879 0.208339 0.0570607 
4.22252 2.71843 2.01311 4.30269 5.4357 -1.74943 1.55919 0.819048 0.500192 -0.263791 -0.287071 0.208526 
3.19453 2.75121 3.03499 3.65833 3.02315 -0.281121 1.79296 1.33996 0.62364 -0.279952 -0.00288866 0.079072 
2.9474 2.82414 2.51882 2.72634 2.05466 0.667487 1.55105 0.692764 0.633806 -0.0985724 0.132608 0.0201881 
3.15198 3.11388 2.89979 2.69592 2.4565 1.27243 1.68895 0.778019 0.629967 0.112179 0.128968 0.0317882 
3.31216 3.87992 2.61876 5.46459 4.90596 -1.34749 1.53025 1.01316 0.766954 -0.496174 -0.0657561 0.117851 
3.15026 4.02108 3.18189 6.56443 5.87762 -1.85364 1.05372 1.1836 0.475213 -0.436644 -0.395785 0.0833522 
2.8758 4.59689 2.2875 6.60964 6.68347 -1.96982 0.887439 0.828126 0.409693 -0.391596 -0.426101 0.0359341 
3.42503 2.89754 3.1104 4.03951 2.82323 0.174064 1.20114 1.27269 0.499261 -0.20546 0.019456 0.0463365 
3.11881 2.48761 2.41485 2.73572 2.14529 0.831291 0.881877 1.15816 0.661092 -0.011529 -0.0251104 0.0235962 
3.05243 2.44237 2.53738 2.88411 2.21753 0.673927 0.896887 1.0248 0.502978 -0.103685 0.00946253 0.0201074 
3.55267 3.25393 3.05999 4.48916 4.35807 -0.488943 0.832614 1.32976 0.38802 -0.296117 -0.0561184 0.0517282 
3.69719 3.03468 3.29416 4.15914 3.96037 -0.18888 0.786243 1.57211 0.579041 -0.146058 -0.0934594 0.0543501 
4.08737 3.96443 2.86693 4.32574 5.41435 -0.49097 0.970118 1.50672 0.196662 -0.387987 -0.131611 0.0641872 
4.13785 4.33208 3.55626 4.48945 5.50846 -0.819779 0.467142 1.2576 0.11082 0.0473824 -0.399967 0.0210976 
3.24418 2.8534 2.61292 2.43585 2.11275 1.39459 0.8219 0.71359 0.346497 0.118195 0.020958 0.0039444 
2.99134 2.61378 2.31657 2.09899 1.88779 1.29428 1.08646 0.630385 0.419638 0.173557 0.00929877 0.0129659 
2.9095 2.47337 2.27815 1.96558 1.67179 1.35111 1.01043 0.707615 0.397954 0.185467 0.0845098 0.0149266 
3.09565 2.74346 2.50019 2.17392 1.89127 1.42822 0.973028 0.585283 0.263629 0.159871 0.0492248 0.00829146 
3.53902 3.59119 3.33035 3.31202 3.26264 1.82691 1.66141 0.901402 0.318515 0.220068 0.146168 0.0208097 
3.39007 3.55801 3.41658 3.23237 2.96796 1.82035 1.55861 1.05603 0.357601 0.220991 0.149737 0.0239932 
3.28057 3.08801 2.95669 2.7707 2.65103 2.11856 1.66425 0.88073 0.383756 0.227779 0.131517 0.0354638 
3.1405 2.95984 2.79819 2.68426 2.39967 2.02631 1.5599 1.01637 0.593767 0.262991 0.100855 0.0438403 
3.2995 3.10933 3.06059 2.86868 2.64775 2.146 1.65809 1.10919 0.588616 0.301217 0.090162 0.0427435 
3.71947 3.56338 3.53321 3.33449 3.06771 2.57847 1.79582 1.04172 0.462189 0.215889 0.205102 0.033834 
4.00261 4.1347 4.03879 3.81949 3.17794 2.38797 1.51999 0.725238 0.283462 0.0833989 0.203648 -0.00275077 
3.94149 4.00851 4.06434 3.77008 3.57564 2.31149 1.81569 0.601674 0.436763 0.0991369 0.243365 0.00725129 
3.86557 4.04108 4.01297 3.91602 3.42013 2.6442 1.87788 0.602807 0.426015 0.114054 0.299269 0.0110583 
3.98283 3.95153 4.12459 3.97244 3.33693 2.41183 1.73759 0.762907 0.546905 0.179565 0.262724 0.0250422 
4.26768 4.25085 4.0487 4.56787 3.71803 2.38589 2.64767 0.229079 1.21047 -0.15754 0.406256 0.0223411 
3.76191 3.69909 3.87219 3.4327 3.21811 2.78521 1.77271 1.07494 0.858552 0.117886 0.254565 0.0451564 
3.213 2.95974 2.91102 2.83631 2.54593 2.21692 1.64696 0.954207 0.737144 0.148314 0.0523137 0.0412658 
2.76144 2.23626 2.14144 1.9295 1.80701 1.44034 1.26799 1.02868 0.707101 0.414455 0.323183 0.0738661 
3.10917 2.75421 3.16803 2.62777 3.51588 2.66373 1.98124 0.601481 1.08252 0.264864 0.474466 0.124633 
2.85968 2.35296 2.25919 2.10608 2.28818 1.8304 1.29608 1.23783 0.956921 0.642719 0.340478 0.095127 
2.70611 2.00393 1.95846 1.98272 1.56945 1.20212 1.0114 0.852394 0.878539 0.609439 0.283876 0.0665146 
2.90494 1.62393 2.35414 1.69349 1.35159 0.535236 0.56033 0.518553 0.534756 0.278626 0.269567 0.0588711 
2.51754 0.251856 1.79177 0.661662 1.14902 -0.540269 -0.273544 -1.47244 0.150609 -0.124042 0.334255 0.0242279 
2.53739 -0.0394704 1.91275 -0.30543 0.688729 -0.389008 -0.438346 -0.598709 -0.29777 -0.176877 0.295905 0.0655714 
2.07051 -0.504049 0.959845 0.729767 1.47877 -0.355027 0.19632 -0.35723 -0.0293751 0.263155 0.279957 0.0545645 
1.84113 -0.746652 1.18079 -0.22342 1.5354 0.115364 0.164471 -0.162344 0.126696 0.2975 0.417003 0.0478664 
1.61164 -0.567965 1.02823 0.333054 0.852315 -0.463568 0.518757 -0.573746 0.262691 -0.0481454 0.363974 -0.0281152 
1.53259 -0.745067 0.927757 0.245823 1.34041 0.00492586 0.40175 -0.541949 0.260148 0.177057 0.164036 -0.00419471 
1.50577 -0.773314 0.536406 0.783649 0.0275481 -0.536256 0.181275 -1.19445 -0.374487 0.239851 0.288793 -0.0327301 
1.74338 -0.476263 0.631444 0.40649 1.31662 0.728948 0.168851 -0.345026 0.366953 -0.197066 0.332385 0.0451654 
-0.0878416 1.01722 -0.226384 0.364739 1.42423 -0.969702 -0.143895 0.571553 -1.71479 0.500547 0.160745 -0.0579656 
-1.97089 2.31079 -1.08309 0.145146 1.45744 -0.634034 -0.705469 0.701072 -1.037 0.780364 0.150725 -0.0515749 
0.839608 0.00145493 0.12262 -0.58059 2.00777 0.251177 -0.981697 -0.00656471 -0.680212 1.17509 0.130741 0.0303633 
