1.65536 -1.30909 0.981551 -0.672475 0.680099 -0.691651 0.24983 -1.05654 0.500323 0.226397 0.401065 0.122165 
1.91673 -0.6944 1.0084 -0.138345 1.50697 0.276109 0.734162 -0.91674 0.488123 0.344021 0.228395 0.0234822 
1.64346 -0.963651 0.239373 -0.517561 1.09806 -0.802351 0.977101 -0.486499 -0.0873025 0.375778 0.105107 0.0387765 
1.57431 -0.956385 1.10774 -0.606882 0.42282 -0.436836 0.212654 -1.21446 0.830111 0.16382 0.0129775 0.0488719 
1.89111 -0.588007 0.994122 -0.440419 0.899625 -0.520877 0.0680839 -0.45496 0.354626 0.16667 0.325921 0.0799644 
1.74508 -0.884484 0.918675 -0.0725028 0.62998 -0.452095 0.717577 -0.812255 0.655713 0.320529 0.085061 0.00243086 
2.05021 -0.9917 0.98543 -0.696063 1.6557 -0.441805 0.199339 -0.437556 0.217913 0.19589 0.245459 -0.0113249 
1.8047 -1.01188 0.551249 -0.201981 0.785926 -0.26512 0.496558 -0.820743 0.370396 0.0561214 0.118618 0.0697825 
1.8454 -0.735397 1.10496 0.836082 1.11977 0.259013 0.650659 -0.783537 0.211924 0.522276 0.305962 -0.0770538 
1.74253 -1.07573 0.553068 -0.236124 1.11583 0.29467 0.478114 -0.860708 0.818492 0.243497 0.0138917 0.0588738 
1.87625 -1.16432 0.822199 0.0698733 1.12687 -0.128444 0.438126 -0.0959507 0.306976 0.410221 0.189523 0.0544524 
1.37419 -0.232746 0.314541 0.214099 0.466899 0.533693 0.877706 -0.413595 0.303448 0.152201 0.304676 -0.0683309 
-0.555011 1.06036 -5.69279 0.483778 -2.95375 2.06731 4.30105 1.0542 -0.388221 -0.882225 0.162839 -0.178724 
1.21824 0.755382 -1.40476 0.787454 -1.33257 1.22136 0.739316 -0.349337 -0.0865804 -0.439806 0.226523 -0.0414241 
1.95378 -0.740278 0.654432 -0.551876 1.13608 -0.275127 0.78222 -0.730011 0.597661 -0.0602704 0.2219 0.127743 
2.18385 -1.12235 1.43841 0.353592 1.24562 -0.147075 0.759352 -0.0271855 0.109064 -0.0411711 -0.023684 -0.0233033 
4.60088 -0.780053 -1.61805 5.16085 1.87669 -0.268902 2.06036 2.31132 0.861017 -1.03569 -0.298125 0.0186309 
2.89989 -1.88863 -0.560848 3.20163 1.34702 0.360416 2.19182 3.13302 0.403163 -0.784096 -0.338459 0.0141579 
0.502097 -1.58943 0.484541 -0.611461 0.666292 0.554557 2.24132 1.11284 1.61826 -1.96428 0.155283 0.00874531 
-1.06659 -0.712206 -2.5511 -1.48675 0.641367 0.811797 3.20465 1.64875 1.34544 -1.13344 -0.0430357 0.0452582 
1.71468 -0.217557 -0.330743 -0.940603 -0.435131 0.298301 3.72144 1.10526 0.655847 -0.751339 0.117592 -0.168213 
2.96445 -0.96645 0.482676 -1.92746 1.13035 0.804044 2.65021 0.988965 0.636983 -0.188232 -0.504435 -0.0620606 
2.34756 -1.30936 0.74049 -1.85528 1.77092 0.893647 1.44546 0.20741 0.431366 0.097146 -0.0798247 0.0230153 
2.41345 -0.849242 0.837199 -0.251674 1.55711 -0.155873 0.928578 -0.528997 -0.0409163 0.863945 0.201462 -0.000246217 
1.46289 0.128672 0.494236 -0.236237 2.56189 -1.82212 1.87768 -0.65805 0.816831 0.397484 0.0109001 0.0269271 
1.68028 -1.03152 0.651722 -0.128922 1.65887 -1.33201 1.13007 -1.54108 -0.0797287 0.0880839 0.0700044 0.1033 
1.81059 -1.30545 0.7998 0.0248233 1.17507 -0.589986 1.0098 -0.93928 -0.160886 0.346915 0.130679 0.0520209 
2.02559 -1.0567 0.897411 -0.0461034 1.61018 0.0519478 0.29353 -0.571718 0.207789 0.21437 0.402987 0.067803 
1.85358 -0.809382 0.561589 0.0122786 0.556647 -0.769988 0.348533 -0.825673 0.441324 0.521647 0.587168 0.0762333 
1.91698 -0.877001 0.991456 0.172016 1.35755 -0.0129943 0.743646 -0.848096 0.135342 -0.0399126 0.105452 -0.0191374 
1.81859 -0.940443 0.869688 -0.108109 1.44911 0.128918 -0.00702203 -0.458125 0.105749 0.316723 0.0303362 -0.0397416 
1.89466 -0.802336 1.46676 -0.248649 0.824278 -0.429567 0.241457 -0.160927 -0.285365 0.443031 0.392362 -0.0152945 
2.17265 -1.00063 1.24637 -0.0133236 0.946712 -0.319965 0.274253 -0.310183 0.583144 0.520259 0.321909 0.0229062 
1.80445 -0.932395 1.33981 -0.0585278 1.42911 -0.403632 0.264523 -0.53173 0.790602 0.294268 0.225874 0.051235 
1.80185 -0.830894 1.03721 -0.518787 1.05226 -0.875621 0.557999 -0.166342 0.097901 0.24667 0.348133 0.0171032 
1.73064 -1.18683 1.26387 0.096256 1.48804 -0.125165 1.23072 -0.354449 0.165503 0.220105 0.111802 -0.0397694 
1.90636 -0.736337 1.20234 0.107488 1.63493 -0.881185 -0.0849994 -0.422362 0.173447 0.4449 0.411531 0.0481103 
1.74792 -0.923269 0.941798 0.638875 2.17794 -0.036329 0.0246573 -0.647339 0.150498 0.104128 0.183017 0.045579 
1.97969 -0.492214 0.895834 0.628548 1.52024 -0.601929 0.99291 -0.77509 0.0785432 0.403181 0.337455 0.0555618 
2.1391 -0.96213 0.84637 0.211039 0.131818 -0.034443 -0.0192701 -1.01815 1.24171 0.0864299 0.416049 0.10337 
1.81871 -1.00767 0.922359 -0.427976 0.894922 -0.8731 0.209449 -0.753792 0.16288 0.271474 0.277322 0.0634673 
1.98191 -0.939767 0.876899 0.535561 1.42713 -0.343885 0.949694 -0.380011 0.307371 0.0754622 0.179009 0.0154667 
1.73938 -0.610926 1.04971 0.0422412 1.81732 0.161548 0.449122 -0.521705 0.397108 0.429116 0.200137 -0.00180934 
1.97817 -0.660538 0.84084 0.367536 1.39035 0.314652 0.674036 -1.18849 -0.370815 0.0639716 0.186313 -0.00736068 
1.79036 -0.911733 0.875598 -0.318496 1.38109 -0.602376 0.165696 -0.274528 0.0501719 0.153898 0.33615 0.0332662 
2.05221 -0.471773 0.581734 1.11235 0.989784 -0.0884306 0.977695 -0.892269 0.594113 0.197897 0.266828 -0.0556122 
1.9263 -0.681164 1.31346 0.352468 1.04291 0.030098 0.522024 -0.933957 0.859093 0.233762 0.250944 0.0253193 
1.6366 -0.842597 0.862942 0.0419604 1.62258 -0.199104 0.562842 -0.551408 -0.13933 -0.115854 0.332763 -0.052331 
1.73744 -1.22433 1.46054 -0.267498 1.38139 -0.312193 0.757808 -0.0354735 0.638379 0.364616 0.258265 0.0136629 
2.03724 -0.811226 1.50052 -0.589446 0.997827 0.114015 0.503188 -0.620903 0.111409 0.181574 0.0413358 -0.0101194 
1.84709 -0.978967 0.99222 0.209971 1.29581 -0.163476 0.76057 -0.29672 0.100976 0.32514 0.321084 -0.064252 
3.44449 2.9757 1.62285 -1.24483 0.247353 -0.0735652 0.919405 1.84508 1.06417 -0.0479641 0.0764852 -0.158158 
3.58784 2.84108 2.3887 2.59245 2.32773 0.49284 1.19598 0.956524 0.693798 -0.279811 0.0432488 0.00907546 
3.52633 2.74826 2.43997 2.94024 2.98442 0.453133 0.972258 1.14761 0.326021 -0.23429 -0.071185 -0.00221507 
3.61791 2.97179 2.89233 2.94744 2.34782 0.702237 0.836182 0.736087 0.380064 -0.308465 0.0811894 -0.00236769 
4.06392 3.05981 2.60266 3.49063 3.7687 1.20215 0.793281 1.01685 0.517942 -0.28648 0.00835936 -0.00814661 
3.48214 3.14105 2.98688 2.92937 2.5184 1.44268 1.04453 0.834858 0.306052 0.0772131 0.00628574 -0.00561794 
3.4508 3.13666 2.93867 2.87333 2.91366 1.77653 1.30231 0.838789 0.386362 0.202747 0.0566231 0.0118285 
3.34083 2.95208 2.81355 2.53673 2.28379 1.60958 1.07286 0.651366 0.289616 0.159314 0.0566789 0.00347881 
3.25012 3.03329 2.79916 2.54044 2.242 1.52682 1.1679 0.685218 0.311553 0.195605 -0.0212279 -9.73818e-005 
4.64767 4.39309 3.26564 3.91792 5.12404 0.714603 1.23445 0.636963 -0.0477857 -0.00892318 -0.0807905 -0.00420977 
4.31741 4.82529 3.59812 2.7216 4.75555 0.841455 2.14085 0.21741 -0.787714 0.433577 -0.190431 0.0437493 
3.19442 2.90324 2.65963 2.33611 2.0739 1.30955 1.09542 0.540874 0.24077 0.131041 -0.013569 -0.00504404 
3.10711 2.68372 2.51934 2.17206 1.89586 1.42869 0.942663 0.616076 0.205335 0.0598231 -0.0483174 -0.00860166 
3.06378 2.69554 2.44043 2.19027 1.86705 1.3797 1.00428 0.603773 0.310932 0.0761787 -0.0456288 -0.00462098 
3.23397 2.86008 2.63165 2.29798 2.16506 1.39118 1.03874 0.585954 0.226843 0.0816059 -0.0268622 -0.00619063 
3.83561 3.94552 3.48682 2.76494 4.01602 0.916258 1.73102 0.225988 -0.47776 0.383193 -0.0474946 0.00978186 
3.58386 3.66568 3.28271 2.69804 3.20873 0.973277 1.59266 0.359867 -0.139082 0.222529 -0.00364178 0.000904785 
3.55152 3.70786 2.99512 2.41607 3.45883 1.09375 1.87317 0.285691 -0.37286 0.324112 -0.0241782 0.0214443 
4.52249 5.21771 1.88499 2.39406 8.30933 -1.09673 2.62877 0.314225 -0.333761 -0.101586 -0.743666 0.161764 
4.62626 5.04985 2.07102 2.67845 7.34686 -0.446894 2.47289 0.644749 -0.573013 -0.0413868 -0.554557 0.156942 
4.17479 5.37509 3.902 2.89021 4.83479 1.62047 2.80706 0.397888 -1.05019 0.503158 -0.167804 0.0633084 
3.19643 2.87096 2.87864 2.26399 2.39368 1.57716 1.29672 0.994865 0.306238 0.388111 0.0266927 0.0259615 
3.21162 3.04358 2.75651 2.33002 2.264 1.36375 1.34194 0.666234 0.374108 0.314392 0.0292136 0.0243642 
3.01532 2.62404 2.46631 2.20887 1.8971 1.55512 1.14995 0.813404 0.474765 0.231666 0.0889531 0.0297554 
2.8099 2.34017 2.12679 1.91484 1.66452 1.38902 1.06239 0.752369 0.498391 0.279743 0.12721 0.0247262 
2.96792 2.56546 2.36187 2.14115 1.83974 1.49744 1.16345 0.825265 0.531196 0.322918 0.158224 0.0407533 
3.63417 3.45869 3.29297 3.03881 2.65298 2.10487 1.58285 1.01815 0.627607 0.316016 0.184581 0.0511274 
3.16049 2.83314 2.70439 2.5176 2.19321 1.82265 1.39951 0.985287 0.613451 0.315666 0.110289 0.0463432 
2.90367 2.49978 2.32773 2.11825 1.86149 1.53543 1.18869 0.87909 0.552316 0.293252 0.12386 0.030833 
2.89696 2.47912 2.29093 2.10702 1.82626 1.51536 1.17422 0.811265 0.518459 0.285899 0.119778 0.0244527 
2.96664 2.58401 2.44959 2.24918 2.01492 1.63755 1.26311 0.896604 0.583195 0.3114 0.103975 0.0337584 
3.05122 2.70489 2.59979 2.39087 2.09984 1.75901 1.27575 0.907591 0.555358 0.277697 0.0942135 0.03603 
2.98101 2.59497 2.54492 2.30216 1.98376 1.80314 1.3648 0.931326 0.595695 0.276128 0.13354 0.0440443 
2.93884 2.53062 2.41856 2.22587 1.97219 1.65253 1.28483 0.985883 0.619844 0.394953 0.222597 0.0653336 
