2.1078 -0.178428 1.24475 -0.565359 1.68627 0.254463 0.337612 -0.592273 0.236415 0.103424 0.122443 0.0625357 
1.97623 -0.00801827 1.32413 -0.871449 0.998697 0.113163 0.546648 -0.140133 0.234585 -0.12335 0.0692342 -0.0616857 
1.76237 -0.125841 0.507223 -0.657864 1.22017 0.327391 0.597413 -0.463325 0.577503 -0.140859 0.136219 0.0746802 
2.03783 -0.333336 1.19561 -0.68022 1.2178 0.0202098 0.669218 0.159385 0.270343 0.322966 0.219443 0.0554054 
2.10577 -0.213277 1.14873 -0.507198 0.655988 -0.29225 0.967191 -0.0112705 0.0401092 0.419152 0.354298 0.04071 
1.98695 -0.36229 1.39652 -0.771354 1.32366 -0.210457 0.274682 -0.830325 0.419145 0.352027 0.189795 0.127136 
1.70751 -0.641296 0.791392 -0.774977 0.580102 -0.0130534 0.0477746 -0.646976 0.397801 0.0449422 0.0833956 -0.00467309 
2.02609 0.0214059 0.735095 -0.5943 1.37365 -0.102146 0.68014 0.186577 0.121908 0.0115084 0.125405 0.07607 
2.19327 -0.476093 1.26124 -0.175925 1.54695 -0.0390029 0.601883 0.173363 0.46807 -0.14656 0.554405 0.14758 
1.92573 -0.0749684 0.634072 -0.0717258 1.33965 -0.182669 0.28769 -0.662748 0.513454 -0.402416 0.437329 0.0402841 
1.95321 -0.520524 1.08706 -0.0712588 1.04455 0.679077 0.59784 -0.797459 0.486791 0.0431596 0.297726 0.117861 
2.06698 -0.36822 1.21054 0.411582 1.35352 -0.00775458 0.77345 -0.399704 0.450215 0.20447 0.265683 0.0393817 
1.67488 -0.73186 1.06963 -0.535341 0.683241 -0.310504 0.453035 -0.571371 -0.0720707 0.157957 0.318356 0.106587 
2.05794 -0.299711 0.797853 -0.0253448 0.761379 -0.111275 0.160268 -0.738571 0.556037 0.19 0.454877 0.0429535 
1.8005 -0.611182 0.912006 -0.865739 0.803948 0.299888 0.519041 -0.276026 0.588108 0.068421 0.443567 0.0510011 
1.73568 -0.438536 1.1167 -0.131819 1.40886 0.425984 1.1225 -0.101901 0.368122 -0.151328 0.322694 -0.000579938 
1.90691 -0.763718 1.09943 -0.358535 0.660851 -0.0658438 0.425343 -0.560731 -0.0749951 -0.273011 0.276935 0.069555 
1.74868 -0.425117 1.53801 -0.173946 1.41628 -0.016564 0.285469 -0.466411 0.493203 0.199254 0.604054 0.0797743 
2.20191 -0.130464 0.831419 -0.296124 0.543239 -0.262353 0.297572 -0.416362 0.319393 0.0826522 0.429945 0.0971616 
1.90981 -0.181523 0.917505 -1.00314 1.22948 -0.417105 -0.00206233 -0.30383 0.233455 0.0721944 0.160947 0.0373811 
2.21488 -0.289522 1.373 -0.132244 1.24422 0.503863 0.743339 -0.280333 -0.204828 -0.113159 0.233915 -0.0819284 
2.29356 -0.114876 0.838849 0.230371 1.50271 0.285935 0.868455 -0.102715 0.12715 -0.111405 0.316681 -0.0752903 
2.15343 -0.314738 1.20718 -0.366128 0.931855 -0.498876 0.593518 -0.808651 -0.494887 -0.086701 0.281864 0.021297 
1.72654 -0.531695 1.20392 -0.288407 1.18812 -0.292962 0.0750761 0.0364721 0.011852 0.0956384 0.0926006 -0.00616966 
1.85854 -0.299285 0.974035 -0.583767 1.48959 -0.103981 0.222414 0.18001 -0.237802 0.320644 0.212168 -0.0306269 
2.03156 0.161044 1.22202 0.0272718 1.76509 -0.157145 0.429827 -0.197456 -0.190346 -0.205695 0.279166 -0.0370614 
1.40453 0.242747 0.285481 0.839505 1.45494 0.699086 0.856481 0.0484234 0.673271 -0.059358 0.480191 -0.0318277 
2.50372 1.92232 1.96051 1.58267 1.83215 0.898806 0.780179 0.453034 0.65806 0.599073 0.335396 0.0447002 
2.67515 2.17366 1.96059 1.72187 1.53497 1.29339 1.02371 0.768666 0.573301 0.342295 0.18275 0.0324133 
2.81088 2.38247 2.19881 2.03242 1.82229 1.59524 1.29304 1.01652 0.752847 0.495017 0.271607 0.0650185 
4.29332 3.75086 3.37402 3.51326 3.65764 3.01114 2.03666 1.4982 1.12921 0.748319 0.324637 0.116515 
3.66479 3.12108 2.79812 3.0881 3.03884 2.87066 2.16368 1.40014 0.890271 0.5581 0.292696 0.120879 
2.1918 0.747607 0.591718 3.24202 3.81408 1.45648 1.47719 1.0901 1.50332 0.538194 0.386621 0.0576531 
-0.00420698 0.323766 1.0877 3.44735 4.02839 0.743247 1.44706 1.44175 0.535367 0.202254 0.678892 -0.0487973 
-0.826066 -0.687274 -0.136428 3.60644 3.60563 1.372 1.58324 0.500589 0.544024 0.210793 0.584579 -0.204465 
-0.278691 -1.01141 -0.0969808 3.27717 3.98764 2.40205 0.936514 1.09217 0.606078 -0.447551 0.652999 -0.106678 
0.683399 -0.0266767 -0.674105 2.57916 3.03262 2.59539 2.52685 1.66566 0.130489 -0.315713 0.611462 -0.0980376 
1.58891 -0.226981 -0.665986 1.31975 4.16413 2.93979 2.76918 1.37007 0.281941 -0.69374 0.756371 0.0479186 
2.13872 -0.510351 -0.91264 2.1615 3.43242 3.12172 2.77552 1.53992 0.0339372 -0.0345002 0.272671 0.0758584 
3.46589 -0.719105 -1.51078 1.96241 3.75301 2.58565 2.6171 1.11455 0.963773 -0.445103 0.128998 0.111335 
4.12669 -0.835193 -1.70772 2.46879 3.28 1.99988 2.92791 1.14935 0.80532 -0.624536 0.00785496 0.133101 
4.61954 -0.468287 -2.55073 3.10158 3.68827 1.82759 2.97553 1.14133 0.819653 -0.613138 0.0985515 0.137878 
4.48705 0.0201863 -1.7446 2.41634 3.5141 2.18334 2.73452 1.4892 0.254638 -0.321035 0.0443405 0.156563 
3.59291 -0.0438146 -1.09115 2.08001 3.29212 2.66153 2.84143 1.41822 0.214995 -0.266029 0.116463 0.152141 
4.39301 -0.254905 -0.780857 3.69739 3.46836 1.75483 3.34937 1.43018 0.429786 -0.333542 0.0372162 0.136756 
4.63315 0.182415 -0.923716 3.04913 3.59088 1.99644 2.833 1.67582 -0.167678 -0.154509 0.0956792 0.164131 
3.47625 1.31405 0.739088 2.28601 2.95679 2.31017 1.83079 1.32605 0.303721 -0.265497 0.0788935 0.113655 
3.12911 1.59628 1.25595 2.18242 2.54587 2.227 2.01785 1.44046 0.298822 -0.21975 0.117663 0.0995511 
3.22984 1.60131 0.928485 1.93173 2.9248 2.85193 2.17038 1.21498 0.278282 -0.159849 0.0275431 0.108605 
3.49986 1.66926 0.901827 1.77886 2.59031 2.6996 2.44664 1.5902 0.291782 -0.247829 0.0354318 0.103371 
4.55449 1.31403 0.11803 2.47447 3.24294 2.67616 2.95566 1.66774 0.121216 -0.210708 -0.021872 0.133413 
4.90209 0.789789 -0.391452 3.9761 3.26021 2.30314 4.33945 1.13884 0.0781365 -0.3119 0.232189 0.101387 
4.94201 1.44653 0.0482155 3.21992 3.9994 2.87749 3.49263 1.62495 0.216073 -0.176518 -0.0249598 0.146187 
3.35033 2.06944 1.35199 1.76521 2.98375 3.39614 2.89282 1.41637 0.127204 -0.25306 0.0654512 0.144115 
3.06154 1.80245 1.7453 2.45769 2.50426 2.57723 2.48472 1.20161 -0.0527446 -0.106106 0.231311 0.112311 
3.00842 2.091 1.92611 2.14793 1.89057 1.66375 1.73557 1.25099 0.352719 0.0217906 0.14721 0.0500093 
2.83839 2.17852 1.84896 1.73963 1.68934 1.56691 1.27567 0.798352 0.394297 0.254953 0.218392 0.0345179 
2.70748 2.18066 1.90002 1.66264 1.40289 1.09034 0.800087 0.561604 0.379755 0.257275 0.156715 0.017945 
3.32028 3.25731 2.58672 1.43065 1.5832 0.271277 0.497704 0.620166 0.0930115 0.711788 0.128416 0.0426327 
3.07127 2.6964 2.49172 2.11591 1.64876 1.16378 0.705824 0.424458 0.190751 0.119875 0.063636 -0.00262927 
3.1035 2.75623 2.54341 2.18181 1.72327 1.25541 0.767052 0.506088 0.283585 0.157661 0.0836062 0.00564997 
3.69248 3.4988 3.28832 2.80261 2.10786 1.45377 0.850171 0.489072 0.253025 0.121908 0.0655254 0.00147688 
5.30563 5.35802 4.85191 3.91948 2.59347 0.343512 -0.102258 -0.146257 0.0780476 0.128949 -0.146282 0.0066065 
5.30249 4.88857 6.24853 4.63842 3.53273 -1.0924 -0.0911883 2.51576 -0.764762 -0.312937 -0.000797762 0.0595791 
3.36946 3.04671 2.91828 2.66659 2.09504 1.46575 1.05141 0.738778 0.369556 0.120378 0.0777701 0.0150692 
3.18587 2.87343 2.7015 2.3002 1.82687 1.41142 0.95843 0.560229 0.278154 0.162993 0.100849 0.0169187 
3.52714 3.1752 3.40253 3.34955 2.34665 1.17568 1.12728 1.0477 0.193127 -0.0931086 0.232304 0.0247688 
4.79698 4.04078 4.96264 4.94883 2.67403 0.0643796 0.784734 1.88996 -0.140234 -0.747546 0.159516 0.0754924 
4.17054 3.96794 4.34959 3.87153 3.12773 1.20005 0.821705 1.26807 -0.0769147 -0.187891 0.196271 0.00186707 
4.18267 4.20335 4.25148 3.57074 2.99025 1.96466 1.11325 0.642311 0.00710673 0.0409861 0.14265 -0.0101796 
3.84063 3.91401 3.8132 3.41854 2.65454 1.6407 0.898421 0.344607 0.124648 0.113264 0.180192 0.00900081 
3.80445 3.65263 3.54301 3.05343 2.50702 1.72883 0.995682 0.605853 0.240089 0.162869 0.177597 0.0219646 
3.07537 2.69852 2.50916 2.28078 1.95249 1.56497 1.14406 0.7716 0.450128 0.199092 0.0448767 0.0239168 
2.9761 2.58567 2.39916 2.16227 1.84623 1.47782 1.10168 0.76264 0.469514 0.24143 0.100749 0.0267029 
3.34582 3.09908 2.97645 2.73354 2.29675 1.79267 1.30609 0.830805 0.472961 0.202449 0.0732899 0.024449 
3.19932 2.91194 2.78852 2.51874 2.13728 1.71008 1.22292 0.795064 0.441908 0.200541 0.0636483 0.0242895 
3.31854 3.06418 2.97404 2.72199 2.23397 1.68571 1.21314 0.758961 0.41504 0.199272 0.0934949 0.0226469 
4.11708 4.10889 3.934 3.49 2.69185 1.76394 0.88981 0.274038 -0.0198075 0.00712934 0.105251 -0.0151991 
3.87696 3.78589 3.65752 3.16654 2.41887 1.56506 0.837589 0.293018 0.0124503 -0.00017593 0.0910277 -0.0167786 
4.00181 3.94187 3.81681 3.29312 2.58065 1.70257 0.926761 0.334947 0.0234597 -0.0235479 0.0778339 -0.0230786 
3.83692 3.70463 3.54632 3.16542 2.37047 1.53569 0.848885 0.272017 -0.0282437 0.0106403 0.0614926 -0.0224213 
3.93902 3.98721 4.05255 3.47021 2.58651 1.92888 0.892488 0.0922019 0.0210478 -0.0454766 0.119349 -0.0231758 
4.07742 3.98711 4.02392 3.5079 2.6343 1.79947 0.739094 0.0420809 -0.15501 -0.0372296 0.187548 -0.00436824 
3.76389 3.59028 3.50257 3.23485 2.52498 1.68644 1.20489 0.652397 0.39925 0.222423 0.244545 0.0432822 
3.35215 3.5444 3.49085 2.90992 2.21987 2.15638 1.12772 0.46691 0.77452 0.298314 0.230798 0.0576631 
