1.68894 -0.140677 1.21585 -0.53528 0.265995 -0.547501 0.550408 -0.536696 0.134323 -0.0574136 -0.0648974 0.124905 
1.52917 -0.121583 1.46949 -0.791209 0.633079 -0.278769 0.439534 -0.742503 0.461464 0.00949061 0.3572 0.110005 
1.52535 0.0432241 0.904938 -1.11571 0.426632 -0.824494 0.785237 -0.173909 0.530558 0.101748 0.197043 0.021748 
1.57003 -0.114992 1.42968 -0.0271891 0.577925 -0.601399 0.774999 -0.972832 0.641383 0.332755 0.216857 0.0563244 
1.58748 0.0897865 1.85224 0.316506 1.87235 0.427818 0.981906 -0.0913625 0.315165 -0.0410827 0.0854498 0.070716 
1.81146 0.225628 1.30946 -0.0148085 0.485216 -0.256278 0.955489 -0.437763 0.247006 0.0356379 0.212452 0.0785095 
1.62967 0.1156 1.35387 0.14681 1.47117 -0.339788 0.645142 -0.338215 -0.0678574 0.0166988 0.234514 0.0870925 
1.44473 0.376191 1.69924 0.258483 0.87997 -0.54031 0.608049 -0.076104 0.0696038 -0.0636743 0.00517967 0.0197008 
1.73463 0.0140504 1.71258 0.0847632 0.784415 -0.801255 0.615816 0.055004 0.218191 -0.218232 -0.0151447 0.0947702 
2.01329 0.0418026 1.75729 -0.494981 1.5581 -0.404443 0.541104 -0.473236 0.452201 -0.0979702 0.226458 0.10243 
1.22659 0.474888 1.21504 -0.989264 0.461814 0.122864 0.757535 -0.0893695 0.78768 -0.545769 0.333635 0.0640544 
1.34882 0.311794 0.646877 -0.763619 0.581371 -0.474006 0.849948 -0.714268 0.607545 -0.226404 0.350639 -0.0339998 
1.76282 -0.0911544 0.977413 -0.256057 0.391034 -1.10954 0.679518 -0.483836 0.241065 -0.249553 0.0207366 0.0550646 
1.77333 0.248087 1.39074 -0.325479 1.11975 -0.568113 -0.0451234 -0.548915 -0.0330204 -0.393744 -0.0890298 0.110786 
1.77446 0.0479964 1.56452 -0.495724 0.885209 -0.601558 0.647785 -0.084133 -0.0746472 -0.0376255 0.0711427 0.0755519 
1.63661 0.518078 1.55859 -0.31197 1.04735 -0.218793 0.480307 -0.00299279 0.354766 -0.150335 0.106551 0.0411542 
1.52893 0.231322 0.827587 0.0511825 0.828386 -0.401372 1.07392 -0.532312 0.224621 -0.0613556 0.0183071 0.0743623 
1.82753 0.314905 1.49121 0.222209 0.729114 -0.786309 0.858737 -0.128144 0.313382 0.299512 0.0990612 0.0758936 
1.396 -0.0296058 1.03759 -0.332837 0.0989476 -0.263376 0.317846 -1.10302 -0.043824 -0.562243 0.131863 0.0120203 
1.36522 0.275326 1.29104 -0.268081 0.0465813 -0.122586 1.20671 -0.279387 0.115078 -0.399712 0.189349 0.0608441 
1.70605 0.327291 1.17316 -0.573298 0.68059 -0.370293 0.0429923 -0.76254 0.220643 -0.576193 0.0817116 0.0346626 
1.66383 0.108312 1.99392 -0.195196 1.35327 -0.361122 0.385103 -0.463965 0.351811 0.280666 0.0245819 0.0436485 
1.67833 0.590002 1.33806 -0.501351 0.472226 -0.624024 0.339222 -0.249843 0.179346 -0.417568 0.080534 -0.038988 
1.51065 0.226897 1.36982 -0.285407 0.646905 0.0822481 0.914129 -0.942137 -0.232406 -0.196745 0.107426 0.0630043 
1.75149 0.17409 1.32057 -0.603817 1.17058 -0.0172255 0.32778 0.137514 0.555007 0.039686 -0.0842992 0.0171863 
1.43882 0.499976 1.38035 -0.508271 1.08731 -0.0552892 1.10719 -0.286697 0.438897 -0.378782 0.0389681 0.0306239 
1.72545 0.107614 1.52651 -0.274963 0.558918 -0.0185966 0.878242 -0.511331 -0.0777288 -0.210437 0.148074 0.0282135 
1.48416 0.49733 1.51923 -0.668486 0.578798 0.264446 0.840926 -0.0781168 -0.143873 -0.0958155 0.193322 -0.0258159 
1.67038 0.481431 1.75002 0.351084 0.711584 0.187821 0.17235 0.218451 0.445442 0.128517 0.127754 -0.0212402 
1.99542 0.599541 1.69633 0.310078 1.06446 0.43037 0.780795 0.572816 0.505207 0.0556597 0.229984 0.0434796 
2.63653 2.11086 1.90786 1.71167 1.55324 1.35207 1.12663 0.931367 0.677022 0.534604 0.286572 0.0584024 
2.95013 2.47751 2.73565 2.59483 1.8907 1.83424 1.89019 1.11533 0.581711 0.651286 0.379438 0.0899473 
2.92756 2.55059 2.42 2.27089 2.05523 1.76837 1.45652 1.09266 0.770105 0.49462 0.268444 0.0742466 
2.84827 2.42281 2.28244 2.13467 1.90837 1.67575 1.40316 1.11196 0.823326 0.553359 0.320913 0.0830127 
2.87877 2.43123 2.32682 1.98069 1.8763 1.68633 1.35358 1.14607 0.721365 0.437114 0.356937 0.0784605 
2.15882 0.823879 1.47209 2.28299 2.74924 1.01109 1.45362 1.43952 0.143751 1.02447 0.0762361 0.0279642 
0.302724 -0.957818 0.762889 2.93139 3.79233 0.831259 1.61967 0.612087 0.287361 0.671389 0.13164 -0.0419954 
-0.0698865 -1.2339 -0.160634 2.19697 4.10613 1.33198 2.27298 0.28948 -0.403076 0.762312 0.260118 -0.0717253 
1.05332 -1.20857 0.0464344 1.92174 3.97001 1.72232 2.92842 0.751424 -0.1602 0.56228 0.0825706 -0.0256958 
1.9779 0.012776 0.259004 2.07174 4.20372 2.51192 2.49414 0.671213 0.0382278 0.581565 0.194939 0.130761 
3.25879 -0.38569 -0.162932 1.88963 3.76226 2.24631 3.5301 1.43306 -0.706326 0.370006 0.0480231 0.112794 
4.05833 -1.43108 -2.01404 1.65283 5.37666 2.03009 3.55924 0.411946 0.394407 -0.118863 0.0138992 0.18041 
3.98412 -0.866472 -1.94257 2.6828 4.02083 2.3534 3.58107 0.374421 0.391197 -0.145749 0.19757 0.0843202 
3.6937 -0.692665 -0.324509 4.04484 3.666 1.22503 3.50536 1.05731 -0.333308 0.110688 0.138953 0.097577 
3.80427 -0.192999 -0.238975 3.40312 3.62718 1.90166 3.11576 0.936616 0.0455588 0.061524 -0.0302502 0.0879694 
3.95189 0.589436 -0.116731 4.07363 4.29315 1.05093 3.31438 1.09706 0.0683174 -0.0633101 0.046752 0.175319 
3.36299 0.862033 0.512469 2.86577 3.88886 1.93766 3.07153 0.475228 0.144496 0.309224 -0.0519818 0.114635 
3.29444 0.426731 0.59598 3.46939 3.35833 1.90709 2.84535 0.663331 -0.27545 0.30192 0.107365 0.104448 
3.04945 0.454459 0.610609 3.61148 4.35425 1.84636 2.64511 0.575023 0.418746 -0.025135 -0.125881 0.178451 
4.33577 0.0610058 0.328088 3.45559 3.54635 1.49346 4.44746 0.508147 -0.203709 0.0505296 0.0411134 0.0577945 
3.93271 1.04169 0.647173 2.87298 3.24402 1.58927 3.31809 1.31706 0.11567 -0.163662 -0.187394 0.0882262 
3.35891 1.86418 0.941838 1.46476 2.29158 2.23392 2.32532 1.00403 0.0418508 -0.262608 0.0153226 0.0615193 
2.883 1.99361 1.84041 2.00228 1.89151 1.52784 1.3546 0.797061 0.194932 0.041261 0.0760426 0.0228276 
3.07319 2.44918 2.20859 2.14582 1.73709 1.72225 1.67184 0.97938 0.181253 -0.048817 0.102827 0.026133 
3.63318 2.99662 2.49093 2.36095 2.40999 2.12051 1.96067 1.10296 0.479842 0.1128 0.0790984 0.0403986 
3.20398 2.70211 2.29367 1.79929 1.83917 1.3658 1.35913 0.964851 0.606761 0.514264 0.316271 0.0666018 
4.66673 3.57634 0.927851 0.19845 1.32423 1.43692 2.50563 0.245071 0.514856 0.289434 0.197056 0.0950836 
5.05217 4.05667 1.59821 1.166 3.20908 1.08358 2.80688 -0.015834 0.791991 -0.398669 -0.150333 -0.00695673 
3.57488 3.01488 2.27548 1.83959 1.88489 0.835017 1.17319 0.425626 0.349713 -0.113009 -0.0135396 -0.0163202 
3.39805 3.29023 2.63904 2.09169 2.02568 1.07766 1.32056 0.301287 0.294401 0.0394556 -0.0333496 -0.00879144 
3.22153 2.90119 2.57549 2.26638 1.66615 1.19425 0.869489 0.400376 0.205531 -0.0498237 0.00319072 -0.0171413 
3.11818 2.67912 2.24834 1.74347 1.25305 0.803899 0.373581 0.0956463 0.0198989 0.048332 0.0550516 -0.0133854 
3.31277 2.8887 2.72093 2.1368 1.34138 0.725822 0.342635 0.111793 -0.148237 -0.118147 -0.0273111 -0.0447583 
4.08582 3.87376 3.65159 3.1885 2.17329 0.614658 0.0818767 -0.157734 -0.284509 -0.281326 -0.0877735 -0.0626628 
3.84948 3.5087 3.18445 2.60736 1.71093 0.672389 0.0965436 -0.0401088 -0.0660312 0.0125683 0.195384 0.0327909 
3.16949 2.78403 2.51068 2.12065 1.65518 1.2056 0.791417 0.507058 0.346321 0.205862 0.113895 0.0240374 
3.20416 2.865 2.65139 2.30609 1.8398 1.34396 0.891092 0.540614 0.318829 0.208633 0.150706 0.0329657 
4.20808 4.23586 3.94499 3.39263 2.56936 1.69072 0.724422 0.34419 0.0438315 0.0844619 0.194387 0.0303264 
3.35242 3.15888 3.05997 2.75595 2.34321 1.72018 1.1894 0.769262 0.434244 0.294002 0.224891 0.0528543 
2.92429 2.53363 2.36084 2.09734 1.78748 1.45462 1.08204 0.834543 0.580049 0.408205 0.263035 0.0630093 
2.76706 2.29759 2.09614 1.90467 1.64976 1.40937 1.13608 0.85926 0.626548 0.415794 0.233897 0.0610757 
2.77412 2.38966 2.26513 2.15273 1.98731 1.80541 1.56046 1.27807 0.942411 0.626333 0.379683 0.0970687 
2.85405 2.54439 2.53202 2.14346 2.01168 1.67904 1.64559 1.30841 1.11447 0.777474 0.471067 0.118183 
2.86209 2.40798 2.32122 2.20955 1.95266 1.90221 1.53231 1.25487 1.10673 0.746753 0.436281 0.112214 
2.82725 2.48967 2.34222 2.06349 2.02248 1.78894 1.53407 1.27914 1.06711 0.701844 0.417611 0.10853 
2.69099 2.35259 2.14814 2.18254 1.85493 1.79422 1.68137 1.18716 1.11536 0.653523 0.429542 0.0999262 
2.52981 2.30356 2.51307 1.67272 1.80363 1.79478 1.38119 0.903241 1.20544 0.78589 0.312892 0.097175 
2.29129 1.57848 2.60638 1.50825 2.79283 1.88502 1.73077 0.298289 1.17221 0.705526 0.475013 0.0970513 
1.85086 1.27682 2.90957 1.38533 1.92641 1.47223 1.48203 0.87207 0.617326 0.501988 0.378734 0.0505106 
1.42491 1.06086 1.27852 0.842379 1.38889 0.207771 0.908052 0.0560523 0.345318 0.272302 0.181965 0.0684934 
1.38313 1.32546 1.74464 0.852016 1.25049 1.32357 1.50055 0.332266 1.02002 0.564656 0.512519 -0.0294135 
1.86115 0.936931 1.77971 1.31856 1.52165 1.18182 1.85689 0.381638 0.883664 0.27616 0.203164 0.0612374 
1.618 0.963037 2.04151 0.4881 1.69223 1.29356 1.30448 0.432948 1.01612 0.522039 0.292319 0.0299822 
1.57896 1.25106 1.49422 0.683756 1.55209 0.879668 1.25844 -0.725805 0.684365 0.640686 0.112796 0.0738195 
1.24092 0.594499 1.59738 0.509749 0.690333 0.608116 1.13434 0.140547 0.708996 0.273321 0.099645 0.0497437 
