0.915414 0.524948 2.28982 -1.144 0.770285 1.10908 0.134653 0.691167 -0.800277 -0.00974471 0.538043 -0.109217 
-1.63758 -0.270119 2.66258 -1.2232 0.10123 0.777796 -0.449591 0.933591 -1.65987 1.32637 0.599565 -0.0998692 
0.769791 0.106653 1.93536 -0.677443 -0.145559 0.0770411 -0.520828 0.129522 -0.316616 -0.183657 0.271542 -0.0427227 
-2.89592 1.96283 2.17412 1.68099 -1.31561 0.574454 4.68854 -0.128454 -0.251062 0.135378 -0.0247923 -0.24707 
-0.161791 0.210288 0.445783 1.27681 1.48277 0.487608 3.52957 0.339829 -1.38113 0.374046 -0.348201 -0.037771 
-0.738998 -1.40748 -0.680874 0.302558 1.78102 -0.780693 2.95934 -0.301572 -0.740637 -0.231296 -0.340259 -0.157029 
-0.911301 1.44746 0.517478 -2.22479 0.87963 -0.137388 4.52109 0.211524 -0.858143 0.464736 -0.322614 -0.113838 
-1.53325 -2.35506 0.144511 -0.716021 1.25297 0.486967 1.57775 -0.144729 -0.736427 0.0847173 -0.121666 0.0180554 
-2.5255 -2.96752 -0.997045 -2.46888 0.934324 1.61141 2.66194 -0.842218 -1.28026 0.467796 -0.366656 -0.00103862 
-0.139588 -1.99781 0.395745 -0.658512 -0.148556 1.34916 2.40237 -0.5636 -1.32739 0.942752 -0.368948 0.169716 
-0.202264 -2.56758 0.107805 -0.684588 0.24556 1.72491 3.13034 -1.78978 -0.803699 0.560494 -0.296225 0.147376 
1.2094 -0.565568 2.749 -1.70218 0.0462936 -0.34505 1.80017 -0.845878 -0.236024 1.11852 0.081589 0.0967708 
1.72236 -0.0758039 2.05442 -0.390664 -0.712495 -0.49432 1.50225 -1.62546 0.157198 0.749486 -0.218884 -0.0126336 
2.01415 -0.639177 2.51795 -0.813801 -1.5181 0.73848 1.22155 -1.21376 0.159548 0.791653 0.103721 -0.108579 
1.8175 -0.481621 2.21464 -0.626081 -1.07285 0.104413 1.07854 -1.27825 -0.0742334 1.07386 0.204244 -0.0822 
2.15595 -0.0671067 2.34967 0.247449 -1.06795 0.558158 2.00638 -1.10703 0.0632533 1.00391 0.234508 0.0181237 
2.01293 0.081143 3.17775 0.526555 0.617295 1.05043 2.10015 -0.528923 0.590893 1.31646 0.296916 -0.0324383 
2.5057 1.21418 2.34396 0.490048 -0.187482 0.755023 1.91483 -1.04331 0.645213 1.14878 0.410584 0.0405942 
2.32137 0.900458 1.87042 1.02053 0.68599 0.299393 0.73395 -0.437997 0.955386 0.58846 0.535395 0.0469558 
1.90931 0.752269 1.97673 0.191349 1.45335 1.1708 1.1472 0.541765 1.18755 -0.222438 0.27596 0.084334 
2.16704 0.92798 2.25385 0.85084 0.720056 0.835676 0.40089 -0.225316 0.966928 0.329014 0.537133 0.0777001 
1.89544 0.777997 1.89204 -0.113505 2.46191 0.388495 0.688097 -0.469127 0.7799 0.0146404 0.170393 0.139513 
1.78819 -0.0538142 1.43047 -0.178611 1.15217 0.626942 0.46063 0.132743 0.569861 0.0986128 0.325607 0.00300664 
1.70371 -0.227907 1.19817 -0.483998 0.771419 -0.169704 0.618067 -0.644326 0.490696 0.018914 0.16171 0.0883718 
1.74585 -0.123082 1.51846 -0.1807 0.723257 0.232851 0.344737 -0.196039 0.688882 0.135161 0.0645946 0.00489443 
1.98619 0.458152 2.00664 0.139837 0.972341 -0.0633709 0.173344 -0.167834 0.281086 0.137062 0.344659 0.0697012 
1.68103 0.38394 1.29654 -0.0155872 0.989001 -0.334018 0.341096 -0.263182 -0.0445433 -0.989598 0.135952 0.0347502 
1.64163 0.543203 1.3337 -0.472841 0.692513 -0.327785 0.336621 -0.156122 0.479749 -0.106234 0.0508231 0.0279893 
2.28492 1.27272 2.3885 0.820636 2.77151 0.915439 1.00907 0.508643 0.950723 -0.27474 0.233549 0.0593001 
3.29544 3.25107 2.54996 3.06931 1.72185 2.17346 1.37789 0.838038 0.693998 0.545463 0.332541 0.0879359 
3.03333 2.75998 2.57619 2.064 2.35481 1.54453 1.33858 1.35088 0.581757 0.527714 0.259141 0.0708368 
3.03631 2.66205 2.81011 1.93376 2.04652 1.80165 1.40166 1.20139 0.558623 0.685467 0.245362 0.0739542 
4.48769 2.58431 3.85336 2.14498 2.75034 1.54344 3.66406 3.16874 0.183135 1.08644 0.164129 0.0052177 
-0.46787 -0.181636 1.29391 2.91931 4.04264 -0.018598 2.50243 2.15026 -0.0602928 0.660459 0.238459 -0.0296016 
-0.9181 -1.48098 0.781756 3.65032 3.83435 1.71289 1.53972 0.981157 -0.354746 0.557535 0.465424 -0.0330794 
-0.587559 -1.02424 -0.330809 2.83004 3.99611 1.66731 1.83898 1.27671 -0.234159 0.165549 0.38489 -0.0887017 
0.129173 -0.714861 -0.143383 2.04948 4.90814 1.54556 2.61893 0.705239 -0.59317 0.497917 0.401202 0.0159266 
1.46338 -1.29604 -0.202786 1.54942 4.68053 2.45694 3.14908 1.09118 -0.871614 0.348736 0.442684 0.0431834 
2.52493 -1.52498 -0.798001 1.62301 4.71982 2.71708 3.47 0.889333 -0.64146 0.195624 0.414427 0.129228 
3.03024 -1.5319 -1.36791 3.10996 3.7477 2.48782 3.9544 0.595577 -0.372054 -0.0167456 0.477795 0.123141 
3.10244 -1.1482 -1.44166 2.92187 4.4156 1.5932 4.02894 0.927194 -0.436578 0.05937 0.251628 0.175166 
3.36806 -0.479529 -0.700682 2.57286 3.99221 2.40651 3.52723 0.0810377 -0.0175639 0.270429 0.230076 0.125114 
3.81759 -0.493002 -0.901311 1.81568 4.48846 2.44024 3.69421 0.790908 -0.893974 0.507841 0.185263 0.140493 
4.13988 -0.119181 -1.48138 2.82756 4.97813 1.1425 4.74728 0.483939 -0.601581 0.260699 0.163441 0.222768 
3.88999 -0.277546 -1.34569 3.46921 4.9 1.45657 3.49029 0.406417 -0.0770715 0.188704 0.259162 0.18652 
4.10147 -0.0271537 -0.0435253 2.72819 5.25303 2.10101 3.95882 0.121469 -0.871663 0.861406 0.193863 0.15753 
3.24589 0.629442 0.776029 3.3062 3.54522 2.09889 3.5062 1.06713 -0.351174 0.129954 0.120005 0.18722 
4.09445 0.75851 0.287328 2.69621 2.99157 2.62336 3.65756 0.565231 -0.458926 0.417888 0.226432 0.08287 
4.40353 0.733168 -0.00116636 2.65669 4.34864 1.04982 4.8539 0.606156 -0.676582 0.314402 0.160713 0.207195 
3.2827 1.24981 1.07434 2.56095 2.80717 2.23743 3.7184 0.913692 -0.546173 0.0808057 0.253123 0.158282 
2.98367 1.80075 1.37939 1.65907 1.99615 1.91564 1.79716 0.868218 0.0623013 0.0907457 0.281205 0.0569829 
3.01064 1.94622 1.23592 1.24877 2.1037 2.3944 2.12623 0.980525 -0.0732733 -0.0721585 0.164947 0.068716 
3.29386 2.15324 1.07739 1.43904 2.63037 2.602 3.02601 1.02426 -0.242866 -0.232935 0.181053 0.128108 
3.35432 1.75327 0.993861 1.47365 2.35556 2.87144 2.78007 1.24503 -0.360806 -0.251484 0.242731 0.135328 
3.19183 1.81226 1.27328 1.6117 1.83775 2.37361 2.75786 1.53317 -0.146343 -0.325639 0.256574 0.0932467 
3.53382 1.97057 1.4115 1.80933 1.94542 2.62744 2.91996 1.26856 -0.399481 -0.202677 0.353475 0.126149 
4.00607 1.89658 0.127969 0.0860406 1.66767 3.06801 2.58436 0.977006 -0.081499 0.055109 0.170452 0.100936 
4.2235 2.59535 0.532862 0.0311956 2.79568 2.21857 -0.0734263 0.526481 -0.497049 0.560472 0.835399 0.172503 
6.19434 3.43274 0.414902 -0.659038 2.56683 2.73152 1.57917 0.425565 0.00971164 0.316504 0.464339 0.182258 
5.78544 4.87935 3.03013 1.83476 1.61237 1.75561 1.29939 0.322741 -0.0577268 0.222231 0.0416697 0.0368899 
3.81867 3.66471 3.33624 2.60281 1.68137 0.863014 0.285591 0.0487068 0.046289 0.154903 0.197238 0.0401972 
3.62671 3.41285 3.16089 2.57387 1.7755 1.1078 0.513831 0.145088 0.0550203 0.141481 0.173763 0.0222812 
3.1252 2.77036 2.53257 2.19049 1.82051 1.41947 0.955006 0.571617 0.342499 0.170994 0.0450045 0.0149884 
3.00584 2.59249 2.36472 2.03241 1.5882 1.16187 0.792338 0.466456 0.248275 0.136264 0.0847794 0.00770059 
3.24792 2.97126 2.78865 2.481 1.98066 1.38511 0.874558 0.474885 0.232446 0.130096 0.0851929 0.00512524 
4.16809 4.16663 3.91162 3.26116 2.29222 1.29 0.51103 0.0223578 -0.111351 -0.0567638 0.0483392 -0.0157218 
4.10744 4.08743 3.94475 3.27485 2.3751 1.32123 0.466261 -0.000514414 -0.143701 -0.0696764 0.0700162 -0.0155167 
3.80864 3.77639 3.62735 3.12734 2.28575 1.34805 0.544652 0.0176128 -0.0877278 -0.01408 0.102282 -0.014484 
4.00645 4.03715 3.89479 3.26701 2.36005 1.2645 0.535036 0.0607951 -0.125834 -0.0507616 -0.0240016 -0.0385461 
3.93063 3.75353 3.45356 2.79365 1.92573 1.0671 0.330827 -0.0152147 -0.184602 -0.0549951 0.0237196 -0.0172164 
3.12252 2.75038 2.49718 2.12585 1.6793 1.18385 0.736317 0.417674 0.222731 0.1332 0.0971065 0.021374 
2.97703 2.56213 2.31111 1.96116 1.59205 1.2177 0.856226 0.613799 0.42468 0.298393 0.197535 0.0380572 
2.94329 2.58371 2.39456 2.2177 1.90779 1.638 1.1996 0.850694 0.581483 0.350455 0.188082 0.0567123 
3.3742 3.06989 2.81531 2.83362 2.24627 1.32813 0.335514 0.221314 0.76395 0.0483981 0.131704 0.0276631 
3.31233 2.57168 2.6448 2.64928 1.94346 0.283159 -0.109845 0.0632225 0.48849 0.192351 0.0768425 0.0300675 
2.71174 1.62994 1.97158 2.5104 1.85793 0.384036 0.423944 0.253456 0.969286 0.579658 0.125847 0.0245248 
2.28362 0.970431 2.80485 2.11232 1.99754 0.584027 -0.46988 -0.438287 0.491344 0.148464 -0.0669902 0.000734766 
1.87239 0.729756 1.58452 0.476794 1.37794 -0.0569129 0.225263 -0.219027 0.656736 0.186657 -0.168037 0.059008 
1.71513 0.545643 1.22444 0.329476 0.446019 0.409012 0.0402987 -0.340348 0.635073 0.363632 0.12988 0.0214952 
1.77186 0.878652 1.78113 -0.0747225 0.704456 0.0753873 -0.785509 -0.352875 -0.512535 -0.426977 -0.0230596 -0.00519894 
1.4863 0.704875 1.37701 0.283242 0.689426 0.0941342 0.214033 -0.578839 0.170282 -0.363158 -0.00777262 0.0870936 
1.48674 0.74136 1.73959 0.374702 0.638382 0.488273 0.9533 -0.220293 0.0705453 -0.438625 0.317554 0.0436961 
1.29504 0.483134 1.02377 0.31739 0.919864 0.0790142 0.273901 0.386133 0.531361 0.226225 0.207213 0.0307698 
1.272 0.0901229 0.714735 0.0943198 0.897388 0.0954108 0.63309 0.121748 0.42879 0.209473 -0.0727272 0.0459915 
1.37586 -0.0883432 1.16083 0.00463859 0.406388 0.311072 0.927731 -0.480323 0.944799 -0.167506 0.205984 0.0943104 
