1.7182 0.0338894 0.0395397 -1.0984 1.73338 0.324146 0.905795 0.0451299 0.534226 0.287287 0.0318511 -0.035893 
1.77208 0.43031 1.07257 -0.602032 1.17051 -0.663332 0.496782 -0.118759 0.496311 0.244998 0.164324 -0.043704 
1.85926 0.408628 0.881068 -1.02545 1.88394 -0.351793 0.123089 -0.0727283 0.321729 0.225784 -0.00460486 0.0141389 
1.79131 0.169362 0.601806 -1.4056 1.22381 -0.699571 -0.0387155 0.366559 -0.0561853 0.0225434 0.30378 0.0485515 
2.20456 0.830817 2.05214 -0.13945 1.55415 0.578923 1.49679 0.543935 0.93184 0.307552 0.0447173 0.0475755 
1.81388 0.678224 1.32514 -0.0778112 1.38293 0.0653628 0.749912 0.0278835 0.857252 -0.160448 0.287685 0.0719557 
1.56959 0.54681 1.00931 -0.0932463 1.46112 -0.101182 0.690457 -0.107236 0.729183 -0.121999 0.252215 0.0531051 
1.65279 0.403673 0.777254 -0.664061 0.688104 0.0248432 0.42235 -0.115821 0.464295 -0.355386 0.662197 0.0374679 
1.35063 0.417692 1.11867 -0.362386 0.66515 -0.24659 0.151379 -0.0322576 0.446265 -0.358643 0.0260736 0.0843211 
1.59562 0.049474 1.0983 -0.710428 1.2765 -0.991153 0.354113 0.151881 0.148834 -0.00825174 0.0482731 0.0729674 
1.68439 0.587499 1.29832 -0.547423 1.20845 0.486532 0.838485 -0.540765 0.239051 0.469099 0.183197 0.103331 
1.67355 0.330581 1.52528 -0.341131 1.92586 0.240073 0.943817 0.0131657 0.317224 0.418504 0.141725 0.0582009 
1.74414 0.467982 1.54995 -0.193251 1.41019 0.82405 0.946662 0.0289568 0.873668 -0.132997 0.374019 0.0771946 
1.67575 -0.0695318 1.20816 -0.160981 1.31135 -0.627183 0.0201793 -0.190836 0.303789 -0.0486184 -0.0546708 -0.0171587 
1.60108 -0.058323 1.1514 -0.232577 1.16436 0.30221 0.863645 -0.0702471 -0.21233 -0.185009 0.229091 -0.0471591 
1.64908 0.0786639 1.56409 -0.15769 1.11461 0.690791 0.69449 -0.753049 0.283754 -0.219203 0.21144 0.0532806 
1.69129 0.344952 1.46238 -0.0271644 1.50914 0.296165 0.838389 -0.14973 0.0844272 0.200697 0.34083 0.0165936 
1.73159 0.238235 1.33227 0.186455 0.535729 0.0856535 0.892062 -0.475429 0.737307 0.0402987 0.0602398 0.0350588 
1.70795 0.257331 1.28986 0.0732708 1.00371 -0.107342 1.00583 -0.19234 0.225375 -0.0971637 0.16208 0.0233962 
1.68331 0.108009 1.80673 0.117506 1.06511 -0.200042 1.08671 -0.226867 0.429407 -0.135265 0.18898 0.0419125 
1.87158 0.348621 1.37496 -0.0280603 0.515294 -0.360886 -5.66517e-005 -1.18444 0.231063 0.0490808 0.182817 0.0652464 
2.02673 0.528812 1.43187 -0.769527 1.60671 -0.210815 0.291585 -0.159781 -0.136896 0.18079 -0.111874 0.0637054 
1.71284 0.478769 1.25308 -0.586336 1.17523 -0.121102 0.775756 -0.277616 0.329675 -0.153548 -0.0283617 0.0757174 
1.54554 0.00371471 1.52405 -0.434351 1.34124 -0.0814353 0.915452 -0.482562 0.412367 0.116033 0.0662195 0.0781659 
1.48744 0.476129 1.96032 -0.462801 1.55028 -0.487425 0.834816 -0.233408 0.130744 -0.160493 0.355714 0.103485 
1.8192 0.178226 1.46939 -0.444132 0.552693 0.242148 0.584681 -0.105521 0.302412 -0.17079 -0.106826 0.0252812 
1.42807 0.214736 1.08359 -0.194085 0.542097 -0.502609 0.131947 -1.05286 0.244846 0.0719352 0.159261 0.113976 
1.44252 0.380025 1.73247 0.539393 1.23123 -0.103638 0.892148 -0.191006 0.644935 -0.0884552 0.294454 -0.00433639 
1.61912 0.430799 1.61059 -0.336183 1.64084 0.185331 0.171432 -0.579017 0.36838 0.505734 -0.0113286 0.0539834 
1.53717 0.285292 1.00816 -0.212706 1.56053 0.0534216 1.01788 -0.39612 0.274774 -0.292895 0.0728746 0.012799 
1.83376 0.0531008 1.50404 -0.489398 0.858989 0.475424 0.574612 -0.356779 0.150532 -0.430246 0.0876212 -0.0211876 
1.76029 0.247807 1.76566 -0.0687112 1.60921 0.607922 1.16887 0.0968665 0.513877 0.106631 0.0400912 0.0744202 
1.57343 0.546439 1.98541 0.422276 1.40847 -0.222791 1.1498 0.267467 0.852102 0.433356 0.270692 0.0426553 
2.79077 2.34352 2.33035 2.05035 1.67325 1.64034 1.29781 0.926139 0.655413 0.425644 0.264379 0.071625 
3.90161 3.78217 3.78212 3.61116 3.25 2.68312 2.30743 1.73109 1.1121 0.665321 0.292959 0.115837 
3.86334 3.00169 2.59798 3.26294 3.79415 2.71616 1.55931 0.965228 1.28141 0.848592 0.146559 0.0680891 
3.47296 2.75587 1.99404 2.85269 3.35252 2.89415 1.44495 0.810905 1.07744 0.78232 0.115265 0.071026 
3.13848 2.09322 -0.167547 3.4365 3.20093 3.37552 1.27585 0.498871 1.19508 0.415931 0.265967 0.0410822 
2.73762 1.78623 1.00091 2.16253 2.76796 1.83071 2.11782 0.00729782 1.27511 0.446582 0.66299 0.0579484 
0.397769 -0.662714 -0.226107 2.20329 4.4958 2.23881 1.51383 -0.128876 0.733659 -0.111888 0.759911 -0.0241588 
-0.454699 -1.05751 -0.769579 1.05557 3.29752 1.13371 0.868558 0.104744 0.43769 -0.485182 0.682619 -0.10727 
0.654506 0.0447707 0.165129 1.2119 3.70656 1.83537 2.14142 1.33607 0.465976 -0.643225 0.477878 -0.0637309 
2.52343 -0.2184 -0.42346 2.30974 2.85629 1.47071 3.13177 0.713007 0.297996 -0.432876 0.0951765 0.0968775 
2.99762 0.891261 -0.571847 1.74953 2.63983 1.6311 2.98392 0.628722 0.43363 -0.736037 0.281243 0.107964 
3.37996 1.64698 -0.358431 1.57723 2.97939 2.73275 2.36333 0.477459 0.851242 -0.757759 0.337854 0.0963578 
3.28724 1.48187 0.108325 2.57799 3.00375 2.60016 2.77057 0.64239 0.852512 -0.667288 0.204045 0.121609 
3.84107 1.26119 -0.822498 3.2658 3.33317 1.79478 3.13733 0.319374 1.01738 -0.712077 0.332205 0.11675 
3.20115 1.40438 0.484359 1.88565 1.79944 1.97939 2.07483 0.489281 0.102693 -0.302375 0.302033 0.0787813 
3.12532 1.56836 1.07318 1.86989 2.2705 1.87989 1.67473 0.883565 0.208009 -0.0800333 0.197991 0.0629612 
3.27414 1.74316 1.10824 2.38496 2.42206 2.12269 2.34287 1.23901 0.231379 -0.226599 0.228966 0.106983 
3.12609 1.55024 1.4195 1.92824 2.98766 2.36835 2.16222 0.664363 0.282368 0.0564039 0.243313 0.102602 
2.90861 1.97804 0.925279 2.51169 2.27653 2.14297 2.01624 0.57417 0.619113 -0.216856 0.492921 0.0654238 
3.52494 1.27528 0.181034 3.65483 2.74231 2.01362 3.38123 0.6026 0.394013 -0.41015 0.388767 0.128349 
3.77272 0.96221 -0.847208 4.66926 3.37906 1.60307 3.79607 0.349236 0.823965 -0.68922 0.431532 0.0939907 
4.39459 0.647661 -1.10686 6.20323 4.23661 1.28549 4.36069 0.871166 0.83721 -0.740151 0.490817 0.0854711 
4.37711 0.892162 -1.0608 5.5661 4.05182 1.69652 4.31549 0.112469 0.581009 -0.548105 0.700309 0.0687702 
4.77918 0.746814 -1.3621 5.28483 4.65291 1.23693 4.26212 0.574295 0.784549 -0.596413 0.400249 0.0968163 
2.90015 0.678947 0.849706 3.12519 3.24829 2.41168 2.15399 1.11953 0.298776 -0.126818 0.0645109 0.151853 
3.08543 1.50665 0.920403 2.29164 3.13818 2.48762 2.18869 0.945522 0.214267 -0.223061 0.164333 0.119709 
4.03707 1.41635 0.546659 2.35363 3.57312 1.54071 3.16225 0.881224 0.286653 -0.475334 0.147523 0.185478 
2.89944 1.66453 1.29007 1.88842 2.52869 2.59739 1.7265 0.854188 -0.0124129 -0.0203623 0.127656 0.0811484 
2.80259 2.14676 1.71676 1.78268 1.57257 1.54269 1.43825 0.882505 0.405211 0.0621656 0.199304 0.0223567 
3.1566 2.18408 1.69671 1.83194 2.15503 1.63651 2.08322 1.04728 0.300831 -0.140661 0.286705 0.0628235 
3.58484 2.68119 2.0184 2.44848 2.46236 1.58348 2.76893 1.26015 0.589774 -0.158706 0.212153 0.0776023 
3.00213 2.38448 1.21611 1.55641 1.82952 1.26208 1.86687 0.248124 0.508326 0.106184 0.492187 0.056168 
3.81661 3.35879 1.70814 1.82001 1.79801 1.50921 1.77573 -0.0202413 0.582881 -0.086688 0.310642 0.0395501 
4.78867 4.43133 1.99132 1.8594 2.70614 0.50627 2.2497 -0.708167 0.512176 -0.291495 0.209917 0.081251 
3.25884 2.9008 2.52013 2.30969 1.99886 1.16319 1.14662 0.463534 0.414109 0.0720903 0.218231 0.0278395 
3.29528 2.98453 2.75803 2.47141 1.94212 1.13737 0.924356 0.609761 0.44889 0.166544 0.167161 0.0284061 
4.98028 4.58415 3.90661 4.11881 3.10621 -1.60426 1.78465 0.01135 0.645332 -0.750419 0.0119935 0.106828 
4.92475 4.45964 4.26157 4.79301 2.59214 -1.0568 0.667702 0.658637 0.478702 -0.943831 0.00228947 0.0737887 
4.33006 4.16186 3.86193 3.6585 2.39753 0.457847 0.369152 -0.0432975 -0.080623 -0.418273 0.103648 -0.00185514 
4.35858 3.84245 4.16016 4.22189 2.38137 -0.337955 0.353441 0.587586 -0.16612 -0.670397 0.132221 0.0459652 
3.87116 3.68235 3.79229 3.34085 1.96226 0.784198 0.502941 0.261016 -0.209395 -0.204979 0.186389 0.000720942 
3.18321 2.72332 2.48719 2.26734 1.84951 1.24792 0.794328 0.595434 0.365997 0.138467 0.0514412 0.0140024 
3.06907 2.61917 2.43569 2.1647 1.56909 1.00075 0.743549 0.534159 0.255274 0.117174 0.147525 0.0205221 
3.52039 3.21499 2.99279 2.59921 1.84956 0.9815 0.436112 0.197047 0.0221037 0.0249356 0.171087 0.013963 
3.55376 3.26752 3.08823 2.78092 2.07379 1.09519 0.440987 0.241486 0.087606 0.0271904 0.170008 0.0118398 
3.65079 3.58715 3.49163 3.01692 2.21729 1.38681 0.693974 0.217228 0.00526778 0.0800172 0.202339 0.0116542 
4.13373 4.13963 3.99507 3.45139 2.57468 1.69713 0.871379 0.253544 0.0903994 0.050685 0.128977 0.00329635 
4.20004 4.23668 4.10274 3.50099 2.61916 1.63297 0.946143 0.388289 0.147109 0.160321 0.114406 0.0131485 
5.70915 5.99919 6.03034 4.42426 2.42183 1.01634 0.739574 -0.0297506 0.169074 0.116727 -0.0364992 0.0273052 
3.38234 3.08925 2.84919 2.45116 1.98315 1.46293 0.985476 0.651457 0.376045 0.227241 0.162633 0.0325534 
3.11569 2.74871 2.54718 2.24513 1.84912 1.42009 0.983987 0.601624 0.327689 0.148947 0.058984 0.0175788 
3.06446 2.70119 2.50012 2.20279 1.79234 1.35554 0.912457 0.560499 0.319365 0.167415 0.0883649 0.017021 
