1.4762 -1.84722 2.60354 2.43369 -1.55076 -1.94133 1.28907 0.774074 -1.07094 0.0492998 0.347126 0.0237875 
1.90182 -0.512969 1.64906 -0.0869216 -0.0155087 -0.59451 1.23259 0.235009 0.0827296 -0.272316 0.340838 0.0652606 
2.11313 0.19898 1.73457 0.412098 -0.000373199 -0.0541138 1.55197 0.178338 -0.465513 0.00773554 0.291456 -0.0122748 
0.233708 2.56396 -3.38695 -1.47644 0.742401 0.752916 4.38326 1.56699 -0.875587 -0.239251 -0.0669185 -0.0803084 
1.54307 0.879474 -0.594639 -2.18009 1.25409 0.641253 2.07597 0.7055 -0.688941 -0.09808 -0.435085 -0.0879461 
1.96286 0.246217 1.00525 -0.663772 0.615568 0.653096 0.918951 -0.618009 0.126951 -0.167996 -0.246455 0.027693 
2.00934 0.166694 1.45501 -0.801961 1.3365 0.0247693 0.633836 0.0501114 0.0970596 -0.267789 -0.212803 -0.00713432 
2.04694 0.558403 1.57716 -0.530952 1.2016 0.416257 0.734327 -0.306786 0.491971 -0.0183149 0.408057 0.0374888 
1.90922 0.400539 1.76638 -0.389778 0.6731 0.34987 0.514665 -0.0265341 0.628816 -0.0828419 0.276262 0.0652672 
1.80781 0.166418 1.85843 -0.658597 1.47787 -0.437797 0.381321 0.236027 0.174545 -0.176619 0.19031 0.0522143 
1.85782 0.153453 2.03164 -0.247763 1.27657 0.234136 0.165684 0.0146518 0.419265 -0.129205 -0.0700829 0.0402617 
1.75608 0.364954 1.14739 -0.449192 1.34895 -0.501149 0.563302 -0.201135 0.255951 -0.368454 -0.0421545 0.039208 
1.83899 0.345042 1.53327 -0.396964 0.703 -0.119841 0.695936 -0.0929766 -0.103582 -0.0773911 -0.00442192 0.022437 
1.92989 -0.00741038 1.26806 -0.62768 1.02733 -0.469247 1.2146 0.452355 0.754098 0.10515 0.0439791 -0.0579114 
1.6541 0.335214 0.892103 -0.635026 0.483494 -0.548463 0.730656 -0.479639 0.534697 -0.223596 0.0434383 -0.0374686 
1.84749 -0.0408211 1.70452 -0.491263 1.067 -0.444036 0.799259 -0.0789154 0.194169 0.0219273 0.265231 0.0609383 
1.88052 0.166658 1.63867 -1.53439 0.143458 -0.436162 0.360687 -0.0487701 0.559115 0.0496078 0.582126 0.146241 
1.94589 0.735414 1.03311 -0.16889 -0.0368266 0.366598 0.511554 0.770068 0.711477 0.0454416 0.459072 -0.0109198 
1.96415 0.627842 1.70472 -0.17126 0.789771 -0.612176 0.95671 0.0425385 0.12325 -0.161946 0.0985101 0.0486483 
1.97655 0.643253 1.97963 -0.378823 0.662866 0.335443 0.582026 0.172062 -0.0338244 0.0536469 0.0979793 -0.0359978 
1.83971 0.324764 0.984064 -0.221075 0.295644 -0.918896 0.262058 -0.326885 0.24774 0.25373 0.581632 0.0442621 
2.33472 0.977909 1.534 -0.159912 -0.075474 -1.27946 -0.336199 -0.497866 0.313998 0.153568 0.232719 -0.0160809 
2.03913 0.502705 1.54683 0.122889 0.617457 -0.445788 0.485241 -0.490396 0.147193 -0.412101 -0.0639984 -0.0963475 
1.87622 0.425928 1.63024 0.219124 1.08595 0.204207 1.16861 0.00668393 -0.534866 -0.378228 -0.11776 -0.0327443 
2.31556 0.577659 1.87142 -0.0161204 1.56651 -0.0396912 0.214932 -0.453559 -0.467359 -0.0889253 -0.199948 -0.0100382 
2.0679 0.484428 1.98766 0.0826676 0.922506 -1.1085 0.518227 -0.589613 -0.0216273 0.11848 0.179491 0.0603221 
1.54372 0.239653 1.65484 -0.672985 1.2767 0.334333 1.14689 -0.250324 0.496121 -0.149936 0.00668741 0.0342205 
1.40295 0.517403 1.38057 -0.608171 0.86 -0.219644 0.839987 -0.100046 -0.127699 -0.315661 0.101744 -0.0429958 
1.73327 0.355015 1.02367 -0.57611 0.391509 0.614417 1.0076 -0.487495 0.289394 -0.536072 0.0531503 0.0157017 
1.84645 0.335369 1.76547 -0.212449 0.578519 -0.0335729 0.930298 -0.348627 0.0954222 0.0380971 0.124034 -0.0358073 
1.93982 0.645384 1.0717 0.175652 0.0511447 0.10185 0.911803 -0.25929 0.152868 -0.399757 0.210278 -0.0116787 
1.68876 0.306079 1.4878 0.283197 1.66387 -0.487259 -0.113572 -0.318395 0.489067 0.182773 0.0769556 -0.00631227 
1.86369 0.104536 1.43816 -0.264216 0.854915 -0.0584893 0.266467 -0.656431 0.746957 0.193831 0.0652978 0.0327036 
1.77932 0.343019 1.40864 -0.209587 1.40822 -0.2662 0.562734 -0.296069 0.0420512 -0.176566 0.107537 0.063257 
1.79721 0.533713 1.65629 -0.0485164 1.17483 0.633789 0.449578 0.163606 0.675155 -0.155192 0.245909 0.00992535 
1.74853 0.387239 1.68576 0.213685 2.63536 0.283321 0.743955 0.108871 0.593807 -0.102482 0.0500586 0.105129 
2.05892 0.602989 2.16401 0.0611492 1.91977 0.144131 0.108387 0.23754 0.858964 0.174481 0.260563 0.0448054 
1.89463 0.389915 1.891 0.602626 1.82826 0.112489 1.61617 0.657903 0.397943 0.36013 0.158253 0.0110219 
1.99092 0.19671 1.90711 0.425476 2.09658 0.0164256 0.815998 0.172741 0.95934 -0.113836 0.502506 0.0623528 
1.64462 0.902617 1.97809 0.268384 1.62704 0.333735 0.508077 -0.0243637 0.650196 0.320213 0.216596 0.00338001 
2.78755 2.38845 2.13129 1.88092 1.74764 1.46269 1.19998 0.994381 0.613818 0.449966 0.215247 0.0639415 
2.80227 2.34918 2.15368 1.97922 1.76107 1.51695 1.22469 0.936581 0.728946 0.516301 0.303792 0.0598263 
2.7378 2.25299 2.05276 1.8755 1.67483 1.44333 1.19323 0.924 0.675089 0.447368 0.245346 0.0500599 
2.89226 2.46072 2.26023 2.07999 1.90651 1.71286 1.46078 1.11471 0.74522 0.463421 0.254482 0.0714408 
2.8552 0.766329 0.628663 2.22746 3.67497 2.02872 1.20153 0.67831 0.643759 0.854764 0.0526863 0.0290276 
0.146115 -0.71922 0.472463 3.16176 4.55334 1.04002 1.30864 1.29059 -0.0164503 0.979474 0.233154 -0.0697557 
-0.918471 -1.9411 -0.106629 2.71647 4.55511 1.37788 1.05203 0.436996 -0.287551 0.53535 0.697153 -0.161525 
-0.981291 -2.26544 -1.76125 0.712743 3.02401 1.83136 1.9655 0.237501 -0.492041 0.411864 0.51293 -0.0286705 
0.716087 -0.147266 -0.523783 1.51035 3.15026 2.11454 1.93569 0.907653 -0.65916 0.515576 0.2238 -0.038136 
1.99125 0.432761 -0.475556 1.12996 3.85179 2.20618 2.85036 1.28077 -0.390869 0.0964091 0.286523 0.108933 
3.02415 0.452772 -0.0826584 0.301894 3.71873 3.50651 2.51314 1.06408 -0.223348 0.0676902 0.132984 0.115892 
3.36137 1.13683 -0.375696 1.41287 2.78635 2.42259 2.99588 1.09712 -0.102493 -0.126972 0.0397347 0.110035 
3.61805 0.985585 -0.366732 1.41155 3.31132 3.06456 2.21694 1.0745 0.25524 -0.10379 0.00590293 0.093679 
4.01453 0.542885 -1.03014 2.20567 3.10997 2.9378 3.72777 0.317703 0.125792 -0.0921857 0.260171 0.114085 
4.22885 0.640107 -1.15405 1.93976 3.8184 3.53159 3.15095 0.164615 0.0859255 0.0542182 0.221549 0.129806 
4.6686 0.60397 -1.50273 3.10502 3.62859 2.89995 4.56957 0.21637 -0.539882 0.0665051 0.475414 0.115854 
5.91339 0.212682 -2.50019 4.80678 3.28999 2.83485 4.25248 0.494342 -0.202928 -0.524693 0.838619 0.0530674 
4.52158 0.110691 -0.569204 3.16046 2.75907 2.2413 3.7945 1.22202 -0.20213 -0.289685 0.254079 0.138817 
3.40365 0.317332 0.109578 2.20143 2.59171 2.56094 3.01065 1.42201 -0.430971 -0.165124 0.232938 0.150942 
3.48923 0.872404 0.202094 2.02711 2.79515 2.35205 2.45957 1.57059 -0.0967171 -0.342756 0.090457 0.142376 
3.25365 1.45023 0.764832 1.38977 2.04241 2.42199 2.57965 1.1898 -0.208028 -0.255289 0.134983 0.0897723 
3.49793 1.11899 0.352649 1.87189 2.41126 2.25648 2.36625 1.4069 -0.163684 -0.3486 0.190148 0.1292 
3.36721 0.793763 0.525839 2.35021 2.73142 2.5323 2.69006 1.47574 -0.249868 -0.333648 0.107543 0.158059 
3.33922 1.19954 0.657843 1.76526 2.23104 2.35418 2.68389 1.50226 -0.250225 -0.446498 0.209422 0.129371 
3.54055 0.761477 0.242303 2 2.30498 2.53984 3.03882 1.60741 -0.392041 -0.428747 0.247702 0.169004 
4.96589 -0.179909 -0.762966 3.2032 3.30301 2.17017 3.68702 1.65632 -0.605794 -0.390552 0.268709 0.19267 
5.22224 0.234071 -1.26965 3.37599 3.19298 1.74469 4.11201 1.76151 -0.488918 -0.701995 0.30515 0.230265 
6.19299 -0.129208 -1.3817 4.02737 2.49308 1.09755 4.69413 0.962195 -0.0274376 -0.910151 0.518155 0.132357 
6.28218 -0.224879 -0.157276 4.71326 2.37935 1.25306 4.14547 1.31669 -0.489928 -0.822456 0.428471 0.180431 
4.60183 0.940701 1.0313 3.3804 2.50954 1.90269 3.22512 1.68635 -0.803507 -0.688354 0.328998 0.219735 
4.63141 2.27906 1.01609 1.58483 1.94817 1.81386 1.75041 0.653473 -0.11718 0.0556407 0.393988 0.143821 
4.59265 2.68687 1.3028 0.988276 1.2709 0.92593 1.0878 0.853966 -0.440967 -0.36652 0.195046 0.0727131 
5.13399 3.38504 1.52412 1.25855 1.45679 1.02651 0.67899 0.302234 -0.176817 -0.359975 0.0746259 0.0450033 
5.25783 3.37296 1.67613 1.82161 2.20263 1.40264 1.2038 0.618388 -0.382504 -0.853725 -0.0897638 0.0255879 
4.86926 3.47461 2.31992 2.25806 1.93266 1.03744 0.8822 0.645336 -0.526686 -0.997724 -0.055411 -0.0129563 
5.05819 3.22206 2.32362 2.71052 2.61908 0.490034 0.721018 0.940139 -1.01788 -1.27596 -0.100287 0.0320222 
5.42933 3.13325 2.56335 3.38574 2.02259 -0.124525 0.866639 0.967789 -0.970222 -1.46407 -0.121954 0.0665573 
5.62581 3.05479 2.40846 3.71863 2.27443 0.426482 1.18185 1.06144 -1.10194 -1.62679 -0.130624 0.0979156 
5.42455 2.93524 2.55314 3.89095 2.62381 0.972256 1.57311 1.05743 -1.038 -1.46083 -0.0471045 0.0806903 
6.11616 2.5585 2.32761 4.71379 2.74852 1.13235 1.98673 1.21667 -0.93094 -1.52869 -0.0857977 0.132964 
6.35593 2.46065 3.0583 4.93559 2.95567 0.848174 1.76352 1.39606 -0.907046 -1.19111 0.0119925 0.118554 
5.98584 2.73697 3.49533 4.49052 2.5176 1.30197 2.19599 1.3777 -1.06827 -1.35474 0.0565796 0.101817 
5.88047 2.84546 3.75552 4.75418 2.55114 0.111115 1.43211 1.39701 -0.940099 -1.06236 0.017503 0.0580139 
4.56831 3.53967 3.99769 4.27809 2.37649 0.159088 0.943056 1.41088 -0.593631 -0.979511 0.0830765 0.00545823 
4.06694 3.33022 3.51363 3.77461 2.18125 0.37449 0.697691 0.926906 -0.349431 -0.800792 0.0804304 -0.0157543 
