1.3949 -0.354984 1.17931 -0.899147 0.534119 -0.168893 0.0380398 0.296274 0.44446 0.256688 -0.039486 -0.0181933 
1.65927 -0.261818 1.0974 -0.193845 1.98157 -0.247191 0.306047 0.0924148 0.363593 -0.163134 0.0731406 0.0134548 
1.7107 -0.0533516 1.04483 -0.275194 0.432243 -0.371299 0.31506 -0.795035 0.23465 0.298756 0.112641 0.0253178 
1.46585 -0.23605 1.22383 -0.931164 0.977235 0.226795 0.756099 0.104058 0.630657 -0.512613 0.194162 0.06108 
1.60619 -0.119365 1.61566 -1.0988 0.467862 -0.21319 0.0127162 -0.171937 0.527441 0.0641699 0.337305 0.0834916 
1.77857 0.241323 1.57819 -0.0328006 0.94456 -0.0831515 0.559965 -0.735183 -0.0506758 -0.135389 -0.109845 0.127359 
1.72868 0.327903 1.262 0.262554 1.02 -0.138821 0.53555 -0.498556 0.348535 -0.182436 0.339122 0.0113829 
1.81526 0.338779 1.70662 -0.355118 0.994408 0.257966 0.554355 -0.423907 0.101536 0.197469 -0.0643935 0.0308017 
1.71907 0.393862 1.55962 -0.837746 1.68262 0.0819477 0.753165 0.0823574 0.188273 0.287062 0.122944 0.026906 
1.66026 0.492798 1.29228 0.108359 1.19312 0.161222 0.812343 -0.651507 -0.0785974 -0.0715871 0.0836129 0.0387937 
1.78347 0.51752 1.73044 -0.306401 1.16879 -0.561618 0.875874 -0.0797257 1.02288 0.314507 0.122274 0.0785179 
1.94146 -0.248754 1.9206 0.37547 1.37561 -0.227303 0.133574 0.216292 0.410481 -0.274462 0.126057 0.0920636 
1.72053 0.341745 1.94014 -0.289988 0.728551 0.384074 0.375181 -0.278872 0.304658 -0.0908385 0.0733847 0.0364605 
2.00197 0.0270005 2.00395 -0.750923 -0.122516 0.482429 0.232492 -0.394477 0.257308 0.236082 0.268678 0.0055984 
1.60286 0.328408 1.24813 -0.349376 0.856069 0.144316 -0.0623942 -0.537773 0.460808 -0.0937287 0.0599388 0.0769315 
1.74973 0.0668997 1.38317 -0.63255 1.23698 -0.0724813 0.874216 -0.29246 0.348733 -0.114335 0.0334509 0.0911385 
1.86389 0.842941 2.00544 -0.200813 1.18113 0.324536 1.16358 0.0392441 0.94498 0.197292 0.306014 0.0734758 
2.40496 0.815079 2.29691 0.803551 1.63249 -0.167494 0.625053 0.332689 0.568542 0.0723364 0.442805 0.0742783 
1.82612 -0.130006 1.99832 0.211175 1.35701 -0.28182 1.13588 0.35872 0.231252 -0.137266 0.113546 0.110147 
1.9297 0.128073 1.5356 0.329476 1.00257 -0.0957461 0.927475 -0.350703 0.726324 0.0868268 0.0671405 0.10423 
1.96962 0.581327 2.33822 -0.142822 0.401575 -0.233668 0.720864 0.291945 0.348732 -0.0300858 0.235748 0.0693989 
2.53725 1.83869 2.44372 1.02748 1.42442 0.971001 0.424465 0.529094 0.700281 -0.415649 0.433898 0.0170174 
4.50703 5.10577 2.72813 4.54502 0.236921 1.53627 2.78131 0.311478 0.052962 -0.697633 0.578053 -0.0938693 
2.8119 2.48952 2.07819 2.02487 1.96556 1.52131 1.33812 0.877656 0.801539 0.359972 0.362887 0.0621144 
2.68922 2.23049 2.00797 1.92119 1.64546 1.49579 1.22218 0.928937 0.692868 0.454157 0.296587 0.0464555 
2.7656 2.3208 2.1138 1.9295 1.70465 1.57234 1.2937 0.976127 0.734964 0.464657 0.228737 0.052412 
2.95419 2.49065 2.23439 2.09954 1.94639 1.74169 1.40506 1.0236 0.69946 0.434888 0.222252 0.0675953 
2.85902 2.42792 2.2258 2.07826 1.80965 1.64493 1.48899 1.09839 0.785535 0.583776 0.324418 0.0702732 
0.280604 0.358691 1.33807 3.25834 3.28484 1.1212 0.843327 1.53408 1.0376 0.0216962 0.535618 -0.0642469 
-1.33214 -1.41336 -0.943301 2.79815 4.1189 1.26082 0.702886 0.840249 -0.32775 0.446456 0.478726 -0.111976 
-1.56915 -2.22873 -0.916995 1.25718 2.4518 1.57057 1.23259 1.0101 0.688327 -0.364022 0.348974 -0.153267 
-0.798598 -0.749842 -1.07484 2.02568 3.06146 1.31675 2.47001 0.905264 -0.568947 0.105146 0.452019 -0.0747733 
1.06131 -0.719292 -0.889007 1.37925 4.19571 2.9602 3.04393 1.42352 -0.943079 0.231896 0.550313 -0.0774473 
2.36349 -0.799674 -1.06184 1.82863 3.76338 3.15445 3.00752 1.0422 -0.195501 -0.125781 0.403525 0.0965164 
3.43069 -0.544065 -0.44393 1.58602 3.33297 2.77412 3.39519 0.858962 -0.313688 0.166816 0.239277 0.10577 
3.54929 -0.231138 -0.851065 1.72127 2.97119 3.33245 3.52954 0.588365 -0.444145 0.0785958 0.344246 0.131907 
3.32297 0.890377 0.533609 1.98867 2.209 2.8443 3.39505 0.954256 -0.36447 -0.0481054 0.21888 0.132094 
3.49917 1.75007 0.596811 1.32986 1.96765 2.34433 2.39695 1.26212 -0.157829 -0.36537 0.25218 0.109234 
3.00639 1.43669 0.939695 1.59137 2.18331 2.46924 2.35627 0.831039 -0.263271 -0.125037 0.219697 0.0961635 
3.28933 1.26699 0.645717 2.07778 3.2388 2.59137 2.36244 0.871717 -0.116258 0.00761205 0.234806 0.143212 
3.36451 1.79207 0.959095 1.69826 2.77109 2.46379 2.04658 1.1145 0.188707 -0.0143659 0.148356 0.0901702 
3.00187 1.81421 1.23979 1.61655 2.26352 2.51918 2.0927 0.903453 0.139232 0.0701738 0.198559 0.0770431 
3.24948 1.86875 1.23676 1.86571 2.58884 2.81634 2.84504 1.21912 -0.168855 -0.25343 0.276337 0.141087 
4.62163 1.03372 0.572186 4.02704 3.54397 2.71597 4.54878 1.27474 -0.269596 -0.00586091 0.2297 0.136698 
4.72445 1.44009 -0.360011 3.74678 4.53937 2.57522 4.50847 1.09377 -0.202943 0.0215928 0.182803 0.199662 
5.25497 0.741666 -0.228229 3.39874 5.32243 2.16741 4.04399 1.86441 -0.614234 0.0672318 0.138001 0.242425 
4.42933 0.986052 0.191383 2.70629 3.80882 2.45078 3.39667 1.45715 -0.413745 -0.0832427 0.0921402 0.181005 
3.4365 1.36284 0.585419 1.79147 3.05575 3.2124 2.57809 1.22122 -0.0620567 -0.202266 0.0606513 0.145147 
2.84953 1.58718 1.17271 1.81966 2.72766 2.90422 2.30633 0.932476 -0.190481 -0.239892 0.18235 0.128528 
3.08438 1.90118 1.08351 1.36502 2.38933 2.82526 2.42489 1.07581 -0.19813 -0.304601 0.217594 0.113599 
3.29442 1.78461 1.12195 1.69989 2.40109 2.79434 2.82551 1.5512 -0.170449 -0.506237 0.234466 0.146341 
3.33148 1.78605 1.13771 1.77462 2.493 2.75267 2.85732 1.45941 -0.263796 -0.431347 0.265765 0.153094 
4.58095 1.36387 0.737308 3.04496 2.78008 1.82945 3.35055 2.04891 -0.595889 -0.642873 0.190245 0.222034 
4.43489 1.69176 1.33938 3.01005 2.93792 2.25307 2.92054 1.83035 -0.578248 -0.762878 0.270824 0.22471 
4.04113 2.73039 1.76356 1.94451 2.54422 3.01794 2.51929 0.992044 -0.338158 -0.353791 0.343702 0.141314 
3.29467 2.66092 2.08127 1.72373 1.58506 1.46625 1.26078 0.969886 0.67254 0.42519 0.258076 0.0494114 
3.75556 3.27448 2.57258 1.77952 1.25309 0.91013 0.658267 0.368859 0.156007 0.151272 0.211566 0.0334683 
3.66304 3.28731 2.73126 2.08311 1.57279 1.20801 0.804071 0.321894 0.0035128 -0.022177 0.145783 0.0110502 
3.0783 2.64516 2.35389 1.92908 1.47738 1.02636 0.595158 0.338055 0.163461 0.0988504 0.0826278 0.00283218 
3.09173 2.76857 2.52283 2.08401 1.73243 1.10795 0.720694 0.441803 0.151765 0.142721 0.0618755 0.00253398 
3.8697 3.78379 3.69101 2.9001 2.22961 1.1576 0.314084 0.0336554 -0.253524 -0.0181752 0.11359 -0.00965128 
4.16911 4.08934 3.88618 3.20783 2.24334 1.26977 0.465761 0.033363 -0.0913254 -0.0414824 0.0531716 -0.0116288 
3.31695 3.00554 2.74009 2.32507 1.7672 1.19211 0.709187 0.336345 0.161684 0.114514 0.111839 0.00775698 
3.32049 3.01819 2.77297 2.34851 1.78148 1.19926 0.679562 0.311136 0.13729 0.0997623 0.11853 0.0063341 
4.52816 4.64044 4.40966 3.55425 2.41612 1.14891 0.233892 -0.134545 -0.198161 -0.117473 -0.0723659 -0.0308983 
4.81252 4.59396 3.9382 3.02815 2.14736 1.31057 0.531729 -0.0988278 -0.404754 -0.205405 0.0108111 -0.0107637 
4.30213 4.19184 3.87362 3.145 2.22218 1.21151 0.419421 -0.104849 -0.316741 -0.143105 0.11622 0.00151694 
4.24919 4.20419 3.89751 3.21728 2.27715 1.32628 0.394603 -0.215822 -0.399938 -0.184865 0.141354 -0.0019563 
3.79283 3.65606 3.40172 2.86148 2.04204 1.14152 0.374805 -0.0699621 -0.175975 -0.00884708 0.212552 0.0132701 
3.73808 3.51591 3.22265 2.65151 1.83374 1.01413 0.354924 -0.0585731 -0.153711 -0.0053339 0.184826 0.0125333 
3.31224 3.03337 2.8375 2.48375 1.9417 1.34112 0.776836 0.352985 0.150163 0.0958659 0.105434 0.00820474 
2.92296 2.4915 2.259 1.96384 1.58202 1.21038 0.817024 0.508258 0.281515 0.141538 0.0738755 0.0112755 
2.93283 2.47991 2.19892 1.85006 1.43998 1.01175 0.647911 0.366113 0.199447 0.126754 0.0911134 0.0155337 
3.06813 2.70948 2.47556 2.21418 1.82144 1.36764 0.961522 0.607754 0.417853 0.259231 0.178991 0.0410028 
3.71737 3.68417 3.54833 3.07997 2.27072 1.29824 0.478263 0.0374549 -0.0944924 0.0625003 0.250562 0.0212523 
3.2799 2.97987 2.76907 2.45645 1.96257 1.45793 0.995675 0.64063 0.409543 0.281593 0.215544 0.0448211 
2.97902 2.59195 2.37597 2.13477 1.8025 1.43491 1.10507 0.780493 0.520972 0.345001 0.198607 0.0472621 
2.8068 2.3734 2.14611 1.97449 1.71325 1.40709 1.1537 0.871463 0.632146 0.47075 0.265776 0.0593326 
2.79204 2.35923 2.15398 1.99329 1.7836 1.4568 1.25843 0.959364 0.758993 0.529877 0.343241 0.0802188 
2.7305 2.21734 2.09331 1.90096 1.81239 1.55992 1.39328 1.15683 0.87049 0.62052 0.396835 0.0879535 
3.29905 2.53873 3.00026 2.4768 1.62137 0.257733 0.432744 -0.0959158 0.303591 0.273428 0.135617 0.0573518 
2.4603 2.09763 2.27883 1.07108 0.438377 0.325866 0.22949 -1.17996 -0.144366 -0.568966 0.0256577 0.0598392 
1.87549 1.24908 2.03725 1.16949 1.40174 0.240428 0.644753 -0.34544 0.481995 -0.0892936 0.107231 0.0883528 
1.74805 0.722786 1.77344 0.389334 0.73273 0.445345 0.922023 -0.26114 0.155294 0.0203534 -0.0135906 0.123946 
1.58343 0.841224 1.54968 1.0341 1.52697 0.906529 0.302975 0.523115 1.05651 0.133792 0.205743 0.0578296 
