1.55345 0.661072 1.03096 -0.875661 0.96416 0.0395544 0.518372 -0.578501 0.0413837 -0.116718 -0.0120986 -0.0361239 
0.42591 1.56448 -0.345976 0.587929 -0.153484 0.514523 -0.123711 -0.391852 0.174062 -0.152803 0.51311 -0.126914 
-1.94037 4.12065 -1.56388 1.83125 -0.052004 -0.202057 0.253508 0.597501 -0.44137 -0.264818 0.43037 -0.0451932 
-0.018868 1.74449 -0.771819 1.68835 -0.330084 0.91695 0.289115 -0.472276 0.634346 -0.499479 0.282753 -0.084172 
1.38301 -0.108542 0.629863 2.50528 0.163954 1.27981 2.0856 0.690185 -1.62186 -0.219429 -0.0332305 0.144175 
2.70656 -2.15909 -0.162798 5.30204 -1.48724 2.04139 4.04866 1.5624 -1.60794 -0.612587 0.136717 0.00763525 
2.78355 -0.851407 1.80947 3.29693 0.765906 1.07263 4.35042 1.12922 -0.766377 -0.275784 0.301877 0.042655 
2.92354 0.954569 1.83343 0.817924 1.20145 0.235243 3.3979 1.82659 0.554463 0.0615722 0.259293 0.0359286 
2.54412 1.41752 1.94221 0.829899 1.51813 1.69258 1.54235 1.27062 1.23461 0.125552 0.110897 0.0478923 
2.33939 1.11087 2.1098 0.602699 1.81055 0.737801 1.62865 0.613568 0.695188 0.1831 0.241455 0.0522075 
2.03506 0.777852 1.93056 -0.647199 0.853758 0.405213 1.49916 1.41562 1.07925 0.0438042 -0.169269 0.0376467 
2.00119 0.552767 0.994516 -0.344026 1.33198 0.538502 1.05318 0.579755 0.673318 0.129205 0.0272053 0.0393111 
1.84574 0.010082 1.46201 -0.582981 1.46879 -0.133113 0.682429 -0.0814603 0.307774 -0.0715168 0.0699876 0.0150587 
1.55067 0.421511 1.51491 -0.718537 0.688289 0.204699 1.15161 -0.242947 -0.0200139 -0.0310221 -0.210688 0.0378449 
1.72065 0.273266 0.794715 -0.971274 1.02443 0.49078 1.01997 0.23588 0.508987 0.0790239 0.133252 -0.0457352 
2.07286 0.0514334 1.58955 -1.55967 1.08705 -0.000431796 1.74116 0.359293 0.072965 -0.0170846 -0.0290261 -0.00981205 
2.01421 0.31039 1.0197 -1.21017 0.417034 -0.415844 1.73919 -0.0840431 0.368956 -0.163052 -0.0645018 -0.0371159 
1.96806 0.0614196 1.07684 -1.07149 0.673705 0.297557 1.11745 -0.0105819 0.323754 -0.0536344 0.180145 -0.100734 
2.26052 0.482352 1.46565 -0.569867 0.297361 -0.566087 -0.0668252 0.575597 0.597032 0.680606 0.377845 0.066656 
2.17282 0.471053 1.95044 -0.318898 -0.439737 -0.58977 0.908025 -0.0687232 1.09882 0.502086 0.462234 0.0423969 
2.22181 0.487733 1.32196 -0.902738 -0.490159 -0.882493 0.359622 -0.0899405 0.17026 0.616737 0.329086 0.0343585 
1.8974 0.0421497 1.05373 -1.74694 -1.17052 -0.731451 0.81029 -0.136234 0.327116 0.502732 0.460613 0.0961346 
2.13442 0.440759 0.665907 -1.87468 -0.192402 -0.803655 0.236661 0.228838 0.702351 0.556012 0.413792 0.121484 
1.97899 0.14302 0.985131 -0.758405 -0.329443 -1.02215 0.467503 -0.421864 0.613045 0.326631 0.396902 0.0376769 
2.22199 0.4692 1.40092 -1.515 -0.406796 -1.03443 0.284138 0.443126 0.456274 0.736441 0.577939 0.0349077 
1.92212 0.174772 1.0826 -1.50949 -0.431 -1.28078 0.901373 0.45155 0.324226 0.343687 0.141354 0.02877 
2.07717 0.065081 0.669592 -1.46803 -0.743861 -1.30387 0.151658 0.222747 0.296045 0.75201 0.477388 0.0478361 
2.00898 0.388707 1.35839 -1.25323 -0.752257 -0.960507 0.587175 -0.185003 0.560451 0.257901 0.247011 0.0215469 
1.66451 0.0854539 1.1633 -0.501299 0.666444 -0.501638 1.17113 -0.0698784 -0.00998123 0.34616 0.130498 0.0546335 
1.78287 0.342087 0.100306 -0.055648 1.14554 -0.963597 0.773312 -0.0571329 0.0218665 0.657907 0.219164 -0.00110501 
1.95043 0.344798 0.952008 -0.731028 0.971643 -0.33307 0.824106 0.112423 0.403195 0.08409 0.246611 0.0498467 
1.613 0.303377 1.48915 0.278446 0.506442 -0.0455084 0.699716 0.221059 0.275681 -0.0402236 0.117546 0.00763104 
1.50188 0.208058 1.32377 -0.126493 0.250185 -0.582099 0.187336 -0.5276 0.15118 0.234111 0.252948 0.0590708 
1.83718 0.183093 1.38654 -0.923176 1.10402 0.32347 0.453147 -0.235048 0.10926 0.0104458 0.349753 0.0718013 
1.77219 0.456262 1.74761 0.193049 1.1247 0.930131 2.14608 0.272085 0.713544 0.0104437 0.437633 0.0538496 
1.91361 0.427081 1.78266 0.184561 1.75717 0.351354 0.833387 0.0443289 0.884792 0.219316 0.457329 0.060363 
1.94448 1.00524 2.24029 0.297156 1.59327 0.879131 1.36277 0.60597 0.550786 0.396405 0.446071 0.0351768 
2.13019 1.14634 2.31489 0.735248 2.27664 1.13737 1.25948 0.249202 0.680338 0.159283 0.477638 0.0787247 
1.89782 0.424558 1.7252 -0.398491 1.59373 0.366893 0.972341 0.144889 0.228751 0.335857 0.00750934 0.0810361 
1.91365 1.05143 1.63989 0.379104 1.85731 1.07664 1.32367 0.550387 0.773863 0.186882 0.559746 0.0234557 
2.08105 1.21425 1.93308 0.76103 1.83073 1.39642 1.07455 0.385918 0.869041 0.256731 0.375871 0.0601589 
2.09907 1.13769 2.22256 1.28808 2.29206 1.70687 1.65529 -0.138564 1.21732 0.296386 0.454339 0.0822927 
2.57797 1.94054 1.67527 1.68631 1.33749 1.17129 0.963566 0.547567 0.610311 0.254452 0.208824 0.057369 
2.83504 2.41761 2.2977 2.01271 1.89895 1.59643 1.29206 1.06803 0.690029 0.472469 0.288709 0.0624321 
2.7688 2.30836 2.11931 1.90308 1.69839 1.46962 1.17641 0.965266 0.694012 0.44583 0.266756 0.0492701 
2.70366 2.1944 1.95459 1.76976 1.58573 1.37125 1.1646 0.906302 0.648882 0.420679 0.255287 0.0443633 
2.62608 0.805895 1.51873 2.16879 2.86577 0.825772 0.833831 1.52265 0.375665 0.862204 -0.012606 -0.00204247 
-0.262359 0.168432 1.35172 3.35473 3.98643 0.291599 1.6849 1.87396 0.0513173 1.00817 0.216236 -0.0648205 
-0.666555 -0.557393 0.231919 2.90645 3.89319 1.28447 2.85439 1.38934 0.0984694 0.221332 0.376793 -0.113844 
-0.202169 -0.631966 0.0691499 2.24568 3.24977 1.27605 1.80813 0.938794 0.110149 0.0959624 0.0566079 0.00723016 
1.89051 -0.458453 -0.655545 1.24315 3.54051 1.68458 2.61199 1.418 0.0931595 0.121843 -0.00976148 -0.0242252 
3.21087 -0.412628 -0.372 1.42402 2.26089 2.80376 3.28792 1.24029 0.00486003 -0.189836 0.124496 0.0598184 
3.46768 -0.0658866 -0.867144 1.30558 3.24953 3.19364 2.91474 0.661774 0.421525 -0.246124 0.1293 0.0977218 
3.7627 0.00722492 -0.397314 2.06364 3.18537 2.85291 3.38198 0.645945 0.173831 0.0147901 0.0065049 0.0881165 
3.59027 0.264255 -0.734187 1.60594 3.81154 3.14744 3.1302 0.407676 0.232541 -0.0221941 0.13052 0.14191 
3.42001 -0.130559 -0.985979 2.51849 3.12833 2.62564 3.77436 0.495031 0.187845 -0.156388 0.211175 0.113403 
3.91336 -0.0186257 -0.787902 2.59491 2.99021 2.8804 3.47368 0.612521 -0.336313 0.00970748 0.171419 0.101358 
5.15275 0.447687 -1.34288 2.30527 3.08696 3.10591 3.87387 0.805278 -0.835569 -0.113466 0.291285 0.125885 
4.44171 0.999949 -0.359402 1.70391 3.00455 3.26467 2.7873 0.981582 -0.301638 0.0823878 0.0528292 0.0948455 
3.63627 1.46151 0.284433 1.23194 3.06132 3.68082 2.25086 0.515747 0.113522 0.280583 -0.0359062 0.0773341 
3.32975 1.03153 0.625144 1.82251 2.89373 3.2718 2.51923 0.829795 -0.0633476 0.134165 0.0147752 0.111959 
3.61416 1.52896 0.770536 1.79649 2.59696 3.00506 2.45113 0.964043 -0.234149 -0.119302 0.201761 0.135195 
2.99056 1.71046 1.06316 1.38793 2.1769 2.70923 2.2243 0.74308 -0.303805 -0.18905 0.199924 0.0957522 
2.80245 1.58062 1.22231 1.63371 1.99986 2.18197 1.89314 0.810348 -0.214685 -0.262173 0.152488 0.0643901 
2.9187 1.52724 1.013 1.60842 2.19238 2.37904 2.09145 0.865762 -0.361584 -0.336462 0.224891 0.0935994 
3.33489 1.32507 0.931742 1.93357 2.27297 2.64096 2.91433 1.39518 -0.385841 -0.405212 0.162543 0.140568 
4.45927 1.03536 0.270264 2.33929 2.6116 2.37332 3.20127 1.77362 -0.600701 -0.335111 0.158243 0.175351 
3.47631 1.18164 0.644393 1.88974 2.29721 2.27477 2.71253 1.81516 -0.191093 -0.628985 0.164646 0.151623 
3.49449 1.41659 0.695954 1.38316 1.96919 2.67024 2.80607 1.3153 -0.257374 -0.358197 0.187011 0.113979 
4.05424 1.3346 0.369141 1.55357 1.72683 2.30377 3.21539 1.74357 -0.449012 -0.431991 0.236515 0.148005 
4.96287 0.62045 -0.20121 2.20461 2.0436 2.35419 3.96516 1.82038 -0.878555 -0.314335 0.262288 0.147111 
5.59725 0.432155 -0.219521 3.07837 2.55771 2.43111 4.23471 1.56676 -0.898592 -0.423517 0.346701 0.15247 
4.58759 1.35449 1.18818 3.16077 2.49628 2.16951 3.53989 1.83885 -0.974652 -0.575514 0.299964 0.195917 
5.00877 1.64062 1.25027 2.93179 2.41885 2.13972 2.91337 1.42225 -0.638988 -0.538937 0.253258 0.174402 
6.95932 2.21177 0.19458 2.53402 2.94104 1.412 1.93289 1.27318 -0.493073 -0.15974 0.231667 0.162073 
5.49963 3.6244 0.933307 0.157117 1.3169 2.06502 1.41913 0.187671 -0.256454 0.0681279 0.0376545 0.0412333 
4.11215 3.26886 2.14711 1.4996 1.57762 1.61826 1.138 0.432438 -0.103695 -0.20641 -0.0279307 -0.0217493 
3.62595 3.0006 2.24269 1.80018 1.63294 1.15828 0.796117 0.244329 -0.0816551 -0.109759 -0.0712197 -0.0411976 
3.46045 2.76907 2.31775 1.80493 1.52425 1.11059 0.531685 0.313774 -0.119785 -0.246237 -0.0825983 -0.0510569 
3.30844 2.70233 2.2947 1.92172 1.37876 0.711249 0.428487 0.116327 -0.288905 -0.310025 -0.0605064 -0.0578042 
3.42573 2.74089 2.43355 2.26983 1.60476 0.920921 0.700034 0.411255 -0.228589 -0.448538 -0.0727598 -0.0581561 
3.59838 3.05051 2.7352 2.40874 1.76231 1.10385 0.777457 0.409789 -0.124225 -0.318837 -0.0884002 -0.062304 
3.46795 2.95535 2.93728 2.79617 1.88434 0.91372 0.771212 0.537686 -0.184364 -0.388135 -0.0611246 -0.0630492 
3.56977 3.31564 3.15696 2.69578 1.91477 1.22362 0.608253 0.154276 -0.0978354 -0.211977 -0.111826 -0.0735604 
4.11606 4.0749 3.92591 3.2403 2.13363 1.09314 0.431691 -0.0436339 -0.342533 -0.280639 -0.143747 -0.0926938 
