2.62137 2.18842 1.88843 1.60978 1.62742 1.3543 1.10775 0.999664 0.784973 0.487337 0.323399 0.0571023 
2.90055 2.50709 2.46812 2.26905 1.97176 1.81079 1.5361 1.14554 0.827668 0.589395 0.384899 0.0902961 
3.20027 2.76666 2.97853 2.82766 1.94914 1.57127 1.74095 1.116 0.408382 0.476871 0.408902 0.0823612 
3.44948 2.89949 3.15941 3.24202 2.02718 1.70064 2.14548 1.17593 0.191499 0.471531 0.408843 0.0793543 
3.28079 2.74289 2.90006 2.91313 2.41191 2.00523 1.90065 1.26494 0.60872 0.48493 0.281932 0.0899568 
3.74429 2.22632 3.0564 3.45893 3.43187 2.0553 1.82126 0.559989 0.773698 0.542103 0.43807 0.10627 
0.127248 -0.478425 1.20348 4.01864 4.27241 0.191479 3.00203 0.757344 0.620996 1.22121 0.0507788 0.0663179 
-0.405447 -1.48536 0.543843 3.28819 4.72896 0.1916 2.67581 0.0869361 0.028444 0.86182 0.168331 -0.0249912 
0.250556 -0.560224 -0.20298 1.90187 4.05871 0.971471 3.61093 0.60302 -0.109117 0.657967 -0.109574 -0.0669719 
2.12013 -0.299339 -0.784886 1.25113 5.05153 1.92067 3.2672 0.093069 0.181956 0.388649 0.102051 0.11955 
3.64209 -1.31208 -1.81972 1.57834 4.79908 2.71346 4.2216 -0.153626 -0.384693 -0.0146235 0.397288 0.203646 
3.93285 -1.18684 -2.2136 2.57373 3.95128 2.87259 3.56235 0.449337 -0.630651 -0.180207 0.478952 0.171259 
3.20152 0.206132 -0.14829 1.9042 3.85793 2.44688 3.36835 0.191468 -0.291112 0.070224 0.181228 0.178796 
3.02168 1.45507 0.854333 1.92352 2.74112 2.45878 1.96401 0.397564 -0.0692897 0.156935 0.335024 0.0956687 
3.08938 1.61172 0.707668 1.64424 2.51047 2.77273 2.19443 0.673024 -0.194808 -0.19397 0.294563 0.118646 
3.39415 0.939652 0.610501 2.91561 3.22977 2.3989 2.61633 0.81619 -0.178152 -0.0657425 0.261173 0.160558 
3.12058 1.55368 1.13645 1.99044 2.72186 1.83804 2.19111 0.75368 -0.0907778 0.108939 0.401881 0.100212 
3.24732 1.36447 0.685548 1.74481 2.95606 2.42827 2.71887 0.887796 -0.393709 -0.0817549 0.289447 0.148825 
4.20003 0.605696 -1.15367 2.82565 4.66661 2.52473 3.94875 -0.00729992 -0.611488 0.31023 0.321535 0.199943 
4.88385 -0.101355 -1.11906 1.78072 5.85706 2.22874 4.30213 -0.38559 -0.678665 0.447345 0.240077 0.26595 
4.40995 0.112927 -1.89685 1.853 5.1984 2.59894 3.54318 0.16349 -0.261094 0.0589698 0.21168 0.223393 
4.81165 0.763316 -1.45883 2.19539 5.04422 2.62443 5.66605 -0.297044 -1.39836 0.219574 0.452997 0.314366 
5.35715 0.576264 -1.51451 2.30268 5.81199 2.23333 5.87058 -0.00150545 -1.49211 0.0182569 0.482879 0.413791 
5.54703 0.382351 -0.70288 2.53299 5.16966 2.24549 5.99503 -0.054925 -1.33416 0.0760784 0.55057 0.305983 
5.46804 0.666946 0.116857 2.48943 5.23968 1.92435 6.18109 0.0366654 -1.24094 0.322136 0.399833 0.307433 
5.1486 1.15353 0.510063 2.5645 4.07219 1.30475 6.11485 -0.0925151 -0.939987 0.0470748 0.342399 0.233937 
5.55107 1.16392 0.686627 1.98455 3.29192 0.726525 5.75795 -0.229071 -0.808417 -0.0813452 0.211442 0.19332 
5.44153 1.28247 0.353485 2.43977 3.29015 0.786955 3.48681 0.0718559 -0.812583 -0.456797 0.218585 0.16996 
6.11513 2.27796 -0.398785 1.57539 3.24418 2.45361 0.977859 -0.17038 -0.368606 -0.0593011 0.270404 0.130346 
3.5295 3.18126 1.68081 1.86323 2.22055 1.49147 1.44794 0.162248 0.357271 0.676439 0.490374 0.115319 
3.67568 2.59587 1.8667 0.127189 3.43611 1.2052 0.367254 -0.150001 -0.893451 1.29746 0.341027 0.0736289 
4.16006 3.80366 2.54987 1.61643 2.91496 0.154894 -0.0367829 -0.963419 -0.299896 0.763169 -0.0702812 0.0273883 
3.94243 3.82007 3.70072 1.94775 3.42224 0.183382 -0.552409 0.0863401 -0.838262 0.648937 -0.268889 -0.072695 
4.33249 4.01426 3.92476 2.59877 2.75403 -0.0949725 -1.25637 -0.0415722 -0.556724 0.158917 -0.290504 -0.0798378 
3.9951 3.81753 3.50681 2.64584 1.93544 0.133702 -0.387909 -0.476238 -0.616471 -0.243054 -0.190203 -0.0797648 
4.24342 4.18435 3.64577 2.76888 1.67802 0.0877688 -0.30615 -0.704783 -0.598541 -0.331665 -0.213796 -0.07704 
4.44036 4.08651 3.64607 2.90546 1.65675 0.361557 -0.231138 -0.339675 -0.458281 -0.428604 -0.181493 -0.0809898 
3.95936 3.73825 3.43149 2.79062 1.81648 0.873112 0.211121 -0.172775 -0.32438 -0.261415 -0.102139 -0.0707835 
4.20949 4.18688 3.88631 3.15006 2.11767 1.03825 0.197378 -0.249394 -0.34901 -0.269711 -0.14917 -0.0811397 
5.0299 5.2624 4.86091 3.7233 2.04537 0.520685 -0.31844 -0.587653 -0.304077 -0.125747 -0.319368 -0.0593043 
4.02959 3.94546 3.69707 3.03792 2.12851 1.17179 0.37838 -0.0952617 -0.255951 -0.192798 -0.0705012 -0.0607944 
3.86621 3.72924 3.4588 2.88059 2.01786 1.11745 0.398574 -0.0851323 -0.259412 -0.197876 -0.0743731 -0.0647176 
4.21973 4.1449 3.82275 3.06634 2.04346 0.980173 0.140261 -0.312498 -0.383625 -0.300772 -0.169043 -0.0882908 
4.62558 4.50729 4.0259 3.06137 1.75885 0.561317 -0.255186 -0.555659 -0.506504 -0.358924 -0.264298 -0.0939041 
4.48327 4.30116 3.83986 2.93644 1.77374 0.666949 -0.0777896 -0.475352 -0.475071 -0.326236 -0.229079 -0.0921189 
4.67247 4.59258 4.16884 3.2191 2.01196 0.873751 0.110945 -0.255924 -0.266531 -0.204787 -0.230806 -0.0833989 
3.81705 3.71215 3.47811 2.99319 2.29684 1.38909 0.648538 0.209281 -0.142723 -0.173521 -0.0661856 -0.0670322 
3.62968 3.46438 3.37219 3.04764 2.48848 1.86253 1.2353 0.601495 0.218257 0.00319029 -0.0900823 -0.0410487 
3.69023 3.57795 3.43665 3.00138 2.39359 1.69331 0.986588 0.486203 0.192801 0.0779487 0.116421 -0.00245308 
3.13429 2.82603 2.6955 2.44243 2.11019 1.70532 1.22748 0.831391 0.492373 0.259344 0.123042 0.0336841 
3.01408 2.65716 2.4876 2.29297 1.98636 1.57564 1.16679 0.759491 0.403665 0.171595 0.0488826 0.0232379 
3.23143 2.93683 2.87103 2.61452 2.20365 1.74837 1.40155 0.804353 0.539749 0.275227 0.0985768 0.0386298 
2.91934 2.48918 2.2942 1.96999 1.74554 1.44786 1.04544 0.820055 0.624537 0.39591 0.267801 0.0530649 
2.81983 2.37805 2.2067 1.96954 1.82044 1.46632 1.21864 1.03715 0.718994 0.516236 0.337386 0.0695164 
3.02848 3.10152 3.27507 2.4834 2.22041 1.41238 0.64239 0.298578 0.183993 0.485424 0.26058 0.0463237 
2.92391 2.35675 3.07685 2.02554 1.40345 1.0477 0.789461 0.366656 0.25069 -0.042505 0.353841 0.0356129 
2.25656 1.75479 2.48701 1.82349 2.02946 1.1729 0.873582 0.305138 0.95143 0.497136 0.224281 0.0292243 
1.56711 1.10252 2.58098 1.12423 1.95394 1.55488 0.505747 0.382493 0.197959 -0.0101395 0.103272 0.0329778 
1.82381 1.27734 2.32914 0.0735645 0.887541 0.0900772 0.219498 0.446242 0.514755 -0.00157652 0.140043 0.0442285 
1.78765 1.06084 1.60353 0.484085 0.90101 0.729978 1.47291 0.140303 -0.0427695 0.00465696 0.225522 -9.74406e-005 
1.36326 0.795619 1.74485 0.44745 0.521618 0.0786564 1.25315 -0.0916654 -0.111518 -0.133788 0.135881 -0.00750308 
1.58368 0.354643 1.52847 0.631484 1.21768 0.594046 1.14069 0.46135 0.130458 0.173637 0.245889 -0.0234709 
1.51874 0.496147 1.28788 0.567577 1.09809 0.503361 0.949701 0.0262812 0.704286 -0.0922563 0.175082 0.0205448 
1.44219 0.542802 2.29105 0.177986 1.02248 -0.064328 0.448035 0.698434 0.527793 0.0643623 0.111322 0.03978 
1.52288 0.211606 1.67042 0.271547 1.44212 0.459738 -0.235368 0.169837 0.461935 0.33271 0.269752 -0.0207254 
1.43228 0.582931 1.62903 -0.464173 0.636388 0.104396 0.753761 0.191159 0.106215 -0.116943 0.134425 0.0809056 
1.2813 0.649437 1.63826 0.0850478 1.80585 0.789798 0.833146 0.18677 0.154294 0.380537 0.200566 -0.013081 
1.54877 0.316752 1.20322 0.0784726 0.836761 0.860085 0.41238 0.231291 0.799969 0.11019 0.112698 -0.0128045 
1.46457 0.580054 1.29249 0.644335 1.41584 -0.16755 0.339456 0.867405 0.233966 0.284012 0.0543591 -0.011525 
1.53343 -0.276203 1.55598 0.124516 0.416175 0.40309 0.798873 0.942115 0.388544 0.140795 0.263943 -0.0179115 
1.47093 0.0398293 1.34919 0.106219 1.30349 0.0114544 0.699734 -0.0132649 0.971387 -0.0558235 0.0501388 0.0199436 
1.78053 0.114074 1.65759 0.533737 1.04483 0.5688 0.684395 0.0895405 0.292272 0.0516875 0.285326 0.0361825 
1.70889 0.508227 1.31415 -0.0571569 0.800702 0.0555973 0.870477 -0.0545863 0.71121 0.415119 0.274015 0.0479183 
1.52515 0.688415 1.73431 0.992591 2.16525 0.612646 0.646419 -0.0256345 0.914876 0.256372 0.206691 0.0537456 
1.75851 0.869103 1.96294 0.552997 0.352907 0.522925 1.12124 0.493741 0.498038 0.0786099 0.166446 0.0519725 
1.58509 0.157967 1.48297 -0.114894 1.3473 0.900804 0.695153 0.741258 0.243429 0.211939 0.220716 0.0287176 
1.62272 0.531083 1.17991 0.478777 1.03646 0.523857 0.953492 -0.238136 0.614941 -0.0929686 0.288637 0.056152 
1.71888 0.554354 1.59995 0.231513 1.26885 0.37587 0.612334 0.149738 0.529936 0.283736 0.133163 0.0739722 
1.66801 0.397501 1.0128 0.386564 1.08746 0.125697 0.66575 0.590767 0.498194 -0.135201 0.295366 0.0147819 
1.6789 0.483349 1.58096 0.00871945 1.17001 0.797167 1.07132 0.192171 0.444659 0.162809 0.171573 0.0514335 
1.80789 0.963363 1.79218 0.0938418 1.41996 0.770145 0.86828 0.0912906 0.064858 0.109425 0.0784366 0.0912915 
1.67662 0.60966 1.34061 0.46819 1.2465 0.583346 0.612692 -0.174617 0.060521 -0.049476 0.349514 0.0159615 
1.82315 0.746782 1.61324 0.605364 1.21306 -0.132419 0.640725 -0.369247 -0.4706 -0.23659 0.108771 0.0342416 
1.72848 0.984793 2.02261 0.443805 1.01835 0.509603 -0.231474 0.0983687 -0.290039 -0.431327 -0.0511997 0.0299973 
1.66381 0.445896 1.75659 -0.00127453 1.08466 0.437239 -0.162913 -0.439891 0.363667 0.00412361 0.0472223 0.0219747 
