1.76564 -0.0187292 1.53334 -0.627504 0.298094 -0.179202 0.760487 -0.514673 0.0719159 -0.0359067 0.185103 0.0624398 
1.65116 0.331283 1.10643 -0.0519928 0.364073 -0.347534 1.02273 0.139885 0.467637 -0.130182 0.063822 0.0242356 
1.56627 0.518988 1.31804 -0.0409369 0.636427 -0.360904 0.196041 -0.397607 0.0846187 0.016576 0.24525 0.0675269 
1.606 0.119317 1.63151 -0.385668 0.69768 -0.515523 0.515142 -0.219553 0.0603167 0.0616043 0.121936 0.0564167 
1.5507 0.0331831 1.32543 -0.677139 0.819664 -0.816549 -0.0674167 -0.365409 0.279853 -0.22719 -0.0189834 0.0739063 
3.59902 0.603641 0.303632 0.0634967 2.50987 1.15656 0.0617861 -0.898599 0.21159 -0.360862 -0.494974 -0.0866739 
4.32052 -0.0859462 -0.418055 1.44498 2.0984 1.26638 0.527779 0.716468 0.744974 -0.183088 -0.39266 -0.100391 
4.71708 -0.410441 -0.859382 1.27097 1.88745 -0.211515 -0.161528 0.208569 0.205739 0.0665122 -0.30421 -0.158113 
3.9937 0.960894 0.467822 0.653721 2.31536 1.06907 0.846902 -0.09797 0.0354003 0.387056 -0.276514 -0.117482 
3.30793 1.6676 1.83471 1.51733 1.3758 0.0235859 -0.429675 -0.625697 0.159593 -0.313303 -0.363892 -0.0608403 
3.04253 1.38729 3.18987 0.962019 1.57618 -0.485818 -0.219254 -0.896757 -0.560052 -0.683665 -0.386069 -0.040716 
2.40832 0.989164 2.236 0.0851652 1.2503 -0.367185 0.155602 -0.253775 0.221821 -0.517374 -0.110099 0.0555393 
2.04206 1.04673 2.00172 -0.117634 0.873553 0.418812 0.511615 -0.313271 0.046773 -0.431678 0.270637 -0.0279547 
2.07996 1.0785 1.88765 0.148232 1.47851 0.342361 0.0522184 -1.09341 -0.466428 0.0656653 0.142641 -0.0255921 
1.94673 0.301725 1.14721 0.234507 0.879963 -0.621439 -0.171786 -1.2807 -0.272734 -1.01182 -0.0588134 0.00761976 
2.28586 1.11048 1.94991 1.09534 1.42345 1.69255 1.09095 -0.0407425 0.594839 0.368147 0.120957 0.0164626 
2.57574 2.08812 1.95704 1.849 1.63069 1.52679 1.38981 1.0972 0.866248 0.593063 0.390585 0.0574867 
2.86508 2.4352 2.45139 2.24505 1.76463 1.74591 1.61834 1.11269 0.739817 0.597215 0.342314 0.0794515 
2.84499 2.50371 2.25485 2.10129 1.87274 1.66912 1.28859 1.03876 0.829831 0.565411 0.312812 0.070425 
2.92142 3.446 3.48619 2.49509 3.47685 1.31776 1.94405 1.72081 -0.281544 1.01076 0.219843 0.0904891 
2.92917 2.55681 2.41868 2.26304 2.10274 1.82656 1.50085 1.22712 0.901368 0.596286 0.338428 0.0990326 
2.80247 2.391 2.27934 2.11177 1.91603 1.77116 1.48543 1.07654 0.875262 0.657504 0.310187 0.0871817 
1.15789 -0.308496 0.557962 2.04124 5.08084 1.60083 1.91526 1.53691 0.0334869 1.216 0.241027 0.0264904 
-0.68258 -0.522656 -0.266253 2.28745 5.48949 1.63944 1.89192 0.261607 -0.31112 1.02509 0.31834 -0.040825 
-0.775252 -1.51094 -0.522181 1.99397 4.183 1.33408 1.178 0.146613 -0.182775 0.661671 0.330997 -0.0518745 
0.0768697 -0.938629 0.0669663 1.07892 4.22331 2.03487 1.70356 1.15044 -0.425495 0.659579 0.0842792 -0.00785919 
1.82261 -0.383327 -0.151568 0.922539 4.00238 2.69394 3.76144 0.606861 -0.392474 0.232614 0.447117 0.083677 
3.05798 0.334124 -0.368919 2.239 2.99969 2.24938 3.92706 0.271055 0.287902 -0.124801 0.324228 0.139835 
3.13719 1.37773 0.485807 1.9252 3.11657 2.52897 2.28517 1.04874 0.333531 -0.17963 0.181118 0.137923 
3.03951 1.11809 0.554275 2.43383 3.05007 2.17 1.68997 0.744768 0.129679 0.126024 0.485434 0.140754 
2.8483 1.02962 0.89398 2.91857 2.34203 2.07997 2.71017 0.520259 -0.113202 0.202657 0.445721 0.123424 
3.10734 1.71897 0.922771 1.79114 2.41586 2.5231 1.76251 0.385515 0.196008 0.305024 0.334964 0.0864439 
3.1088 1.74135 1.16481 1.83688 2.29112 2.49938 2.26267 0.934658 0.0721977 -0.0303955 0.279796 0.104626 
3.68027 1.03099 -0.748408 4.16973 3.5745 3.07419 2.8399 0.254689 0.22328 0.0955033 0.379093 0.137318 
3.33858 1.02773 0.31292 3.28224 3.21578 2.6243 3.86549 -0.10373 0.127798 -0.0948199 0.48457 0.179523 
3.29861 1.07249 0.740977 3.71467 2.90573 2.2348 3.70409 0.501524 -0.146734 -0.109619 0.54649 0.189253 
3.01593 0.878255 0.309484 3.24094 2.73284 2.23446 3.71837 0.545809 -0.157214 0.0283235 0.590455 0.187306 
2.92321 1.10183 0.517615 3.15607 3.32503 2.49953 2.80797 1.05447 0.564084 -0.380162 0.203065 0.208124 
3.3312 0.371249 -0.162735 3.19906 4.03174 2.18375 2.84792 0.381838 0.518939 -0.00486672 0.48007 0.221 
3.41152 0.782352 -1.05461 5.12178 3.64482 2.53781 4.15721 -0.165203 -0.138144 0.305671 0.768999 0.139027 
3.09168 1.16975 0.975696 2.26373 2.60473 2.24619 2.58583 0.931731 0.250741 -0.154351 0.179473 0.138121 
3.19435 1.57269 0.904194 1.73024 2.23255 2.59105 2.72811 0.944602 -0.270711 -0.223526 0.266273 0.13413 
3.09124 1.53841 1.11951 2.36895 2.03228 1.98269 3.49064 1.21343 -0.18771 -0.327058 0.30031 0.126077 
3.04408 1.30457 0.482497 3.20557 2.5972 2.17491 4.04304 0.174475 0.113026 -0.505555 0.631336 0.161191 
4.31064 -0.323508 -1.55068 3.5577 2.89836 2.40807 5.38093 -0.196822 -0.462525 -0.338367 0.868801 0.113349 
4.18495 -0.129253 -1.23818 3.89206 2.12302 1.81553 5.37211 0.392019 0.14877 -0.711579 0.703214 0.0546072 
3.76372 1.08815 0.692285 2.69409 2.53026 2.19717 3.83403 0.903735 -0.227279 -0.101642 0.280743 0.146581 
5.04729 1.06825 -0.00692382 2.48301 3.07707 1.92957 4.2752 0.280946 -0.273556 0.0199905 0.627599 0.236164 
3.0208 2.23079 1.53033 1.44771 2.20889 2.08703 1.89585 1.18127 0.0116363 0.10493 0.483756 0.0892248 
3.13158 2.4868 1.79365 1.52984 1.80935 1.79875 1.49115 0.773565 0.273343 0.380995 0.409243 0.0646805 
3.75102 3.1495 2.52962 2.15759 2.12784 1.84683 1.34166 0.634621 0.264939 0.186789 0.333931 0.0719825 
3.22544 2.92631 2.60909 2.19836 1.82587 1.33002 1.05876 0.614596 0.504677 0.368587 0.250935 0.0556231 
3.35384 2.91114 2.90874 2.63279 1.48038 0.940642 0.951482 0.485371 -0.0189928 0.234138 0.406199 0.0517816 
3.46367 3.17229 3.26162 3.00976 2.38804 1.70077 1.37267 1.1063 0.390311 0.247986 0.237855 0.0501938 
3.48901 3.09887 3.39394 3.20757 2.26934 1.7435 1.61786 0.95323 0.283863 0.24173 0.18708 0.0332049 
3.63022 3.05534 3.95673 4.01208 1.80919 1.08079 2.06229 0.972434 -0.496014 0.187853 0.400818 0.00513396 
3.54771 3.26902 3.27999 2.98241 2.58189 2.08371 1.36435 1.03905 0.625148 0.26299 0.170558 0.0461977 
3.56372 3.58674 3.5694 3.01129 2.72943 1.84009 1.3019 0.949361 0.259441 0.30854 0.170491 0.0296882 
3.55231 3.28498 3.08921 2.65056 2.21805 1.60618 0.995721 0.651715 0.349753 0.198124 0.117016 0.0215027 
3.19236 2.84954 2.64171 2.3063 1.87011 1.43491 0.997191 0.582249 0.302253 0.139606 0.0574696 0.0141838 
2.9282 2.51234 2.29332 2.05115 1.73433 1.3653 0.993549 0.654693 0.361202 0.14949 0.024672 0.0120761 
2.98677 2.5787 2.37784 2.12254 1.74753 1.35382 0.976651 0.611071 0.322344 0.113819 0.0104721 0.00468578 
3.19916 2.90115 2.74555 2.47925 2.07246 1.59895 1.07092 0.563884 0.237782 0.0224776 -0.0971468 -0.0132933 
3.16585 2.91592 2.77554 2.47627 2.05118 1.5402 1.04103 0.519536 0.200453 0.0181811 -0.0779612 -0.00836138 
3.40851 3.1866 3.05459 2.69643 2.06076 1.09912 0.428042 0.104281 -0.050618 -0.0715835 -0.0369152 -0.0294878 
3.60349 3.38725 3.21749 2.63095 1.94468 1.15648 0.405244 -0.0843045 -0.180532 -0.138743 -0.0330955 -0.031223 
3.48072 3.18504 2.98799 2.50126 1.89897 1.27749 0.60005 0.147313 -0.0433767 -0.118956 -0.0490884 -0.0224182 
3.7034 3.53128 3.27514 2.72655 2.06417 1.24221 0.541597 0.115759 -0.128897 -0.168961 -0.0275786 -0.0316574 
4.45255 4.20571 3.9822 3.29911 2.71392 1.70974 0.932354 0.230095 -0.422768 -0.161813 0.0761589 -0.0233897 
3.18703 2.90911 2.76402 2.50966 2.17002 1.68466 1.3184 0.915282 0.687183 0.537377 0.325927 0.0823832 
2.65304 2.1893 1.99059 1.70903 1.47681 1.21327 1.12995 0.823908 0.64846 0.401739 0.228218 0.0324772 
2.61373 2.20556 2.138 2.01449 1.34167 1.02922 0.810285 0.17153 0.568546 0.467407 0.0922854 0.0103115 
2.69462 1.94078 2.72289 1.72852 1.62878 1.08489 1.03578 -0.171089 0.486203 -0.0629346 -0.0272722 0.029526 
2.25059 1.877 2.15169 1.67265 1.63711 0.56505 0.373985 -0.0652171 0.0272295 -0.740522 0.0512769 -0.00132624 
1.71695 1.05816 2.02907 -0.0455987 1.06213 -0.0613326 -0.854588 -1.10472 0.0552078 -0.0966096 -0.187362 -0.101053 
1.38626 0.776286 1.60768 0.444198 0.914438 -0.256374 -0.573308 -0.661549 0.0525215 -0.683624 -0.225146 -0.116539 
1.57105 0.0757218 1.29342 0.0579285 -0.126167 -0.950417 0.579729 -0.312852 0.084698 0.206496 -0.269926 0.0312977 
1.62909 0.150751 1.21086 0.0363611 1.24579 -0.285159 0.953336 -0.342757 0.528544 0.471893 0.0399953 0.0542875 
1.56145 0.625883 1.72606 0.032103 1.3726 0.00484309 0.276951 -0.474955 0.438232 0.168909 0.153984 0.0746394 
1.23425 0.664638 1.59908 -0.0574074 0.699263 0.0132744 0.918151 -0.129435 0.232118 0.0756902 0.0683535 0.0565509 
1.25844 0.505668 0.582113 -0.713901 0.758103 -0.478872 -0.290635 0.0343324 0.0562296 -0.00729768 0.0792502 -0.0589591 
1.19312 0.132471 0.608889 -0.0762062 -0.0701081 -0.496174 0.513089 -0.205719 0.0413295 0.0673772 0.197188 0.129708 
1.44841 0.151404 1.07398 0.396828 0.603161 0.46661 0.194141 -0.798344 0.448139 0.110583 0.125269 0.0853881 
1.387 0.307766 0.592041 -0.159932 0.6166 0.392496 -0.0507179 -0.408786 0.723809 -0.287755 0.124504 0.0674542 
1.48556 0.316035 0.6759 0.046523 0.952252 0.16844 0.542625 -0.322638 0.334766 -0.0191724 0.0512938 0.00281447 
