1.59787 0.668816 1.499 -0.511299 1.34789 -0.386558 1.11598 0.170535 0.277383 0.347236 -0.109253 0.0367905 
1.5325 0.512254 2.04653 -0.284799 2.06777 -0.00381476 0.210778 -0.137093 -0.17955 0.123762 0.0169658 0.00493571 
1.39872 0.694712 2.10125 -0.205413 1.06165 -0.375024 0.834423 -0.165188 -0.301926 -0.074174 0.138324 0.0553557 
2.09811 0.0763861 1.61194 -0.733563 1.17259 -0.222559 0.857219 0.0049198 0.247539 0.27473 0.164153 -0.0288463 
1.45121 0.284526 1.90775 0.172025 0.988618 -0.0684931 1.32111 -0.0649087 0.228251 0.0917213 0.270145 0.0525041 
1.66478 0.833753 1.74362 -0.0866768 1.11993 0.29521 0.650094 0.171009 0.715836 -0.381572 0.179717 0.0966526 
1.61809 0.389699 1.27222 -0.581376 0.686079 0.46587 1.03007 -0.208179 0.258162 -0.240162 0.342979 0.0453506 
1.43454 0.140712 1.39479 -0.0624889 1.67491 0.797874 0.952771 0.354728 0.751543 -0.0689069 -0.0611511 0.0259428 
1.63679 0.472472 1.56894 -0.103454 0.933969 0.683697 1.69758 -0.346143 0.478516 0.184927 0.0947514 -0.0151824 
1.59951 0.840857 1.70937 0.145168 1.18019 0.0645439 0.861081 -0.0705429 0.470291 0.190304 0.00398328 0.0861321 
1.42924 0.536296 2.23309 -0.000187217 1.48209 0.155118 0.99856 0.679039 0.313188 -0.211111 0.144579 0.00817376 
1.37899 0.240501 1.61094 -0.150864 -0.0397947 -0.240111 0.689268 -0.67105 0.0385632 -0.0307233 0.245271 0.0140575 
1.79671 0.309824 1.13574 -0.510455 1.0856 0.449276 0.107304 -0.534322 0.135225 -0.0899915 0.128322 -0.0198029 
1.40505 0.495777 2.01098 -0.0778148 1.57184 -0.844907 0.585413 -0.573127 -0.169934 -0.171281 0.0809552 0.0740482 
1.40293 0.421084 1.92784 -0.09453 1.24364 -0.560072 0.462523 -0.409395 0.0583735 -0.48073 0.275756 0.124679 
1.56056 0.375096 1.55628 0.418162 1.03712 -0.00537871 0.0155474 -0.281024 0.0493986 -0.645707 0.167921 -0.0166586 
1.52514 0.441303 1.56936 -0.196757 1.08812 -0.42264 0.23455 -0.259721 0.325676 0.0199203 0.279269 0.0504469 
1.62242 0.378606 0.955837 0.162941 1.07152 -0.673874 1.07386 -0.490557 0.0830698 0.295341 0.0940951 -0.0056688 
1.6588 0.492983 1.37924 -0.391154 1.31627 -0.505149 0.775471 -0.709316 0.258486 -0.179169 0.131757 0.153463 
1.46536 0.45125 1.18789 -0.361247 1.33126 -0.325505 0.653049 -0.0682863 0.179357 -0.0329341 0.0511621 0.0298256 
1.57887 0.563982 1.34917 -0.141671 1.0125 -0.000101018 0.6968 0.00945311 0.252946 -0.319712 0.0796203 -0.0173103 
1.30802 0.630732 1.39 0.162543 1.47619 0.0925065 0.310966 0.120911 0.316403 -0.402622 0.453731 0.0231383 
1.40575 0.31815 1.48583 -0.359982 1.02334 0.357019 0.188317 -0.781322 0.653396 -0.222901 0.097598 0.0205153 
1.4077 0.429365 2.09893 -0.429878 1.211 0.426901 0.668078 0.00614902 0.140758 -0.326286 0.150401 0.112741 
1.83688 0.573368 1.64639 -0.355917 1.14598 -0.388732 -0.00329132 0.0720387 -0.0348891 -0.224282 0.162317 0.0662641 
1.6383 1.12269 1.57872 -0.396164 1.09337 0.139994 1.87191 0.800048 0.608961 0.159305 0.0776532 -0.0325673 
1.48996 0.591776 1.59815 -0.224821 0.751989 0.271214 0.694628 0.0297717 0.536972 -0.329373 0.0902846 0.0502894 
2.14313 1.63053 1.68466 0.613155 1.45719 0.684962 1.14939 0.111117 0.406429 0.0672517 0.0607149 0.0552611 
3.68018 3.32038 5.8062 3.61108 0.757394 1.19534 2.9343 1.33273 0.233305 0.477044 0.632694 0.0306968 
3.15588 2.46877 2.35712 3.44753 1.99377 1.30785 1.79284 1.12189 -0.1163 0.356328 0.665214 0.0955744 
3.14504 2.33381 2.74513 2.87892 1.47347 1.4365 2.02013 0.522052 0.109165 0.520447 0.532457 0.0556356 
3.67916 2.64297 2.68989 3.53309 2.1601 2.2399 2.51065 1.49532 0.135656 0.711607 0.246932 0.0836995 
3.20942 2.64974 2.49991 2.63202 2.29527 2.05978 1.90965 1.10096 0.361952 0.446776 0.315806 0.0844181 
1.60976 1.75954 -0.606929 1.37196 3.58969 2.14433 2.60252 0.845702 0.268037 0.742547 0.546954 0.0237874 
-0.479622 -0.115711 -0.436247 2.67929 4.92574 1.93389 1.61524 0.848317 -0.108485 0.535155 0.643724 -0.090263 
-1.35494 -1.43844 -1.85116 -0.0272734 3.09163 1.56892 2.4056 0.470281 -0.83928 0.242195 0.574344 -0.0699 
-0.633001 -1.47904 -1.22222 -0.0129518 2.6384 2.10293 2.31153 0.678629 -0.65111 -0.0276324 0.768882 -0.100163 
1.02323 0.0872708 -0.0998341 0.743501 3.60298 2.50287 3.33424 1.67286 -0.450156 0.018886 0.537639 -0.088847 
2.28052 0.196467 -0.769377 0.803825 3.78124 2.70758 3.8823 1.09352 -0.477759 0.119002 0.285312 0.113406 
2.81968 0.48662 -0.552274 1.79665 3.48259 2.71443 3.59241 0.81283 -0.119554 -0.135522 0.211842 0.178001 
3.07752 0.947837 0.342181 1.61672 3.57651 2.95425 3.07031 0.419379 0.29738 -0.213818 0.201591 0.177672 
3.53328 1.78613 1.19175 1.3254 3.03353 2.92375 3.11969 0.988623 -0.248035 -0.0285111 0.19584 0.15715 
3.28349 1.57808 0.821779 1.93433 2.61415 2.8417 2.83923 0.945087 -0.13885 -0.111845 0.285447 0.152591 
3.16391 1.47053 0.950866 2.20914 2.40925 2.52164 2.44697 0.780236 -0.00378679 -0.0804806 0.457263 0.137194 
3.20277 1.33965 0.701173 2.46536 3.00654 2.9016 2.6299 0.848084 -0.0933288 -0.125708 0.408321 0.184948 
4.0306 0.720687 -0.657682 4.67278 3.67964 2.49165 4.33384 -0.374148 0.07156 0.0655047 0.696048 0.0806313 
4.06402 0.575806 -0.189979 4.28051 3.21975 2.1067 4.60251 0.614277 -0.257231 -0.118466 0.495776 0.149056 
2.97879 1.27293 1.22959 2.30214 1.91925 2.11195 2.76566 0.927847 -0.443802 -0.0362051 0.452489 0.12223 
3.08999 1.60024 1.34951 1.94418 1.90577 1.82824 2.70737 0.905449 -0.123493 0.0097735 0.330214 0.0923002 
3.28618 1.66787 0.961311 2.01901 2.25162 2.80438 2.98442 0.685117 -0.245873 0.095139 0.393674 0.139475 
3.58463 1.0618 0.463169 2.95256 3.08014 2.42892 3.88102 0.643398 -0.206954 -0.209016 0.339392 0.195033 
4.84435 0.579503 -0.412366 4.72341 4.39865 1.91195 5.0692 0.459539 -0.0575573 -0.2075 0.557923 0.15229 
3.34932 0.498934 0.50962 2.56131 2.96717 2.91389 3.47917 0.869957 -0.28872 0.159232 0.168743 0.1541 
3.58297 1.07825 0.492178 2.8668 1.96543 2.81494 4.00897 0.472764 -0.429758 -0.0369221 0.404163 0.123454 
3.06388 1.91389 1.55072 1.83401 1.48221 1.91718 2.66414 0.658724 -0.163826 0.141912 0.417751 0.0626991 
3.04539 1.63948 1.38284 1.93626 2.08044 2.18629 2.34321 1.02973 -0.383305 -0.126844 0.366531 0.09854 
3.4418 2.0678 1.76499 2.03753 1.28861 1.89131 3.72955 1.73458 -0.136097 -0.178498 0.0974427 0.0397672 
3.20395 2.06056 1.73 2.0362 1.98618 1.98501 2.63655 1.23942 -0.0869312 -0.0794794 0.310884 0.0822463 
3.1597 2.29545 1.78737 1.7549 2.15696 2.36439 1.98191 0.881678 0.0946995 0.161414 0.323933 0.0798373 
5.4839 2.5337 1.62325 1.81105 2.76687 -0.164504 1.95828 1.00201 -1.54669 0.937506 0.556905 0.198627 
4.28062 3.34358 2.01715 1.46196 3.72249 0.946465 2.5076 0.122639 -0.547061 0.675171 0.0488672 0.136944 
3.80906 4.22099 3.23022 1.7787 3.64633 -0.485527 1.72091 0.471407 -1.22228 0.673239 -0.0426293 0.114655 
3.96395 4.57596 4.4014 2.40412 3.7498 -1.01735 1.54471 0.950321 -0.873073 0.232913 -0.0576324 0.0534163 
3.98515 4.65614 4.84407 3.31761 3.71854 -1.89004 1.92933 1.22697 -1.21474 0.135898 -0.145915 0.0909134 
4.18483 4.703 5.40021 4.36771 3.67761 -2.08903 2.08615 1.49638 -1.21863 0.120145 -0.217251 0.115457 
3.34342 3.03174 3.16179 2.74516 1.88877 0.856874 1.29451 0.659197 -0.234558 0.0446814 0.109409 -0.0110254 
3.42355 3.16461 2.91164 2.37165 1.6786 1.24767 0.746339 0.195871 0.0228577 0.0271573 0.0538039 -0.00988394 
3.43788 3.10495 3.17358 2.73022 1.71179 1.14028 0.935633 0.321157 -0.21825 -0.0796467 0.105308 -0.0165239 
2.97429 2.501 2.40073 2.17334 1.65221 1.11925 0.889121 0.579943 0.0981957 -0.0525075 -0.0191686 -0.00467095 
3.05304 2.60246 2.43125 2.12104 1.59377 1.03164 0.749131 0.45001 0.0830175 0.0514041 0.0822832 0.00100784 
3.41633 3.06761 3.18835 3.0133 2.01577 1.07037 1.07731 0.766579 -0.0323277 -0.0453163 0.227825 0.0111539 
3.93148 3.40092 4.03909 3.95646 2.29262 0.726376 1.06318 0.847131 -0.51432 -0.26852 0.290443 0.00370106 
5.59378 2.93897 8.02574 6.6567 3.54526 -2.21826 0.833251 3.18389 -1.87879 -0.385634 0.160346 -0.0186698 
4.05252 3.32892 4.28304 4.77767 2.4517 0.60994 1.34839 1.30413 -0.273699 -0.538082 0.159541 -0.00489394 
3.79133 3.02292 3.73085 4.258 2.15699 0.522589 1.36718 1.25488 -0.390431 -0.572901 0.148367 -0.00921506 
4.03731 3.23698 3.88075 4.45633 2.54747 0.625575 1.10568 1.28848 -0.102933 -0.544248 0.124095 0.0106842 
4.63024 3.23284 5.41665 6.39831 1.83757 -0.814716 1.40801 1.32305 -0.822497 -0.384617 0.053192 0.0122898 
4.28165 3.36944 4.97029 5.22413 1.6865 -0.00150461 1.5482 1.26041 -0.511884 -0.536877 0.151746 -0.00687491 
3.77883 3.26074 3.79697 3.81511 1.93918 0.867142 1.38402 0.930548 -0.522344 -0.485175 0.183663 -0.0392273 
3.26197 2.8499 3.01365 2.90925 1.9687 1.36548 1.37202 0.76584 -0.038417 -0.146023 -0.0160711 -0.0240825 
3.23651 2.7264 2.75575 2.71727 1.95005 1.15073 1.14328 0.828601 0.101423 -0.108704 0.0377983 -0.00204048 
3.2646 2.82683 2.84315 2.77329 1.95206 1.25248 1.16755 0.83911 0.180742 0.0165108 0.144 0.0216493 
3.20929 2.89414 2.69943 2.58204 2.22902 1.69099 1.2101 0.856617 0.586069 0.280468 0.135911 0.0478651 
2.99509 2.65901 2.48123 2.30171 1.92675 1.57625 1.22334 0.765335 0.462766 0.322211 0.199937 0.0555924 
2.9263 2.55607 2.40146 2.05162 1.81928 1.43767 1.03534 0.837248 0.560923 0.354338 0.253838 0.0672278 
