1.86439 0.561938 1.24041 -0.138976 1.24186 0.4025 0.463933 -0.217272 0.661116 -0.251602 0.0835248 0.0813899 
1.51497 0.130773 1.07169 -0.268651 0.701948 -0.332356 0.516461 -0.420052 0.2922 -0.120645 -0.0609733 0.0932071 
1.58319 0.752221 0.824695 -0.367076 1.17472 0.201169 1.16421 -0.237805 0.471053 0.125448 0.185393 0.0311384 
1.449 0.0479149 1.89394 -1.22478 0.295794 -0.229876 -0.222282 -0.142318 0.487824 -0.0353917 -0.103634 -0.039562 
1.40879 0.319613 1.44316 -0.327238 0.97721 0.405707 0.968237 0.235604 0.33911 -0.140315 0.474728 0.0843685 
1.62266 0.210104 1.7081 -0.17168 1.44551 0.148889 0.822519 -0.348962 0.384455 -0.384919 -0.0695237 0.0309811 
1.37631 0.304983 1.13113 -0.24028 0.866781 -0.367089 0.671262 -0.565098 -0.0301565 -0.361147 0.082891 0.0475055 
1.6255 0.0150779 1.32632 -0.151902 0.492889 0.567244 1.30081 -0.384012 -0.0465572 0.267309 0.0402096 0.0605333 
1.56808 0.0170079 1.05133 -1.11074 0.839038 -0.405074 1.21966 -0.193763 -0.0656438 -0.470416 0.136308 0.0793086 
1.45087 0.219121 0.846199 -0.238313 0.63 -0.445216 0.771654 -0.402633 0.0625497 0.108841 0.286733 0.00213145 
1.51217 0.213366 0.981099 -0.404222 1.41802 -0.531874 0.266386 -0.152879 0.19047 -0.173753 0.194285 0.0466431 
1.49937 0.59403 1.41113 -0.611524 0.785905 -0.0211536 0.111302 -0.434782 0.274023 -0.3828 -0.0531812 0.00787076 
1.4317 0.108767 2.02113 -0.569 0.549693 -0.128226 1.00903 0.0949335 0.0595773 -0.185459 0.0096118 0.0552667 
1.51995 0.550273 1.40016 -0.259255 1.21526 -0.400556 1.27751 0.0387812 -0.301499 0.148363 0.0203156 0.0548285 
1.24284 0.137743 1.84742 0.0734442 1.21994 0.330034 1.16157 0.0870191 0.374266 -0.22995 0.353951 -0.0224004 
1.21318 0.48755 0.982588 -0.000183848 0.181432 0.533515 1.01305 -0.175471 -0.141534 -0.105548 0.537351 -0.000114577 
1.39279 0.578735 2.22858 -0.500319 1.15114 0.451342 1.29528 -0.705036 -0.108646 0.377596 0.183353 0.00367384 
1.41934 1.01845 2.41624 0.441062 1.47696 0.378567 1.37551 0.533637 -0.102962 0.320867 0.255186 -0.0228343 
2.24435 1.7534 3.17776 0.712503 2.20661 1.9606 2.10092 1.28882 1.09845 0.453907 0.443774 0.0912267 
2.6636 2.21096 2.14779 1.85552 1.76348 1.65803 1.27146 1.17556 0.910723 0.594497 0.353091 0.0790458 
3.23066 2.70161 3.1832 2.25132 2.69653 2.28074 2.27159 1.50204 0.128901 0.807492 0.272649 0.0921774 
1.76806 -0.406694 0.332963 1.37054 4.00623 2.62655 2.01147 1.57818 0.0136294 0.784517 0.34423 0.00959245 
-0.721085 -1.16836 0.332242 2.96529 4.98557 1.92213 1.56448 0.533013 -0.425825 1.45272 0.435331 -0.100643 
-0.988565 -1.63482 0.182023 2.97528 4.55006 1.31744 1.86096 0.655835 -0.778039 0.931597 0.538471 -0.025733 
-0.364688 -1.44014 -0.316136 2.91347 3.50222 2.73639 1.67524 0.223903 -0.333002 0.766325 0.495532 -0.0846803 
-0.117076 -1.102 -0.252625 2.58188 5.11783 2.09444 2.50582 0.505298 -0.909216 1.16245 0.451898 0.00810597 
0.870926 -0.549071 -0.450231 1.90438 4.83545 1.98524 3.53868 0.275997 -0.270794 0.388892 0.493341 0.0823808 
2.12605 -0.548446 -1.29523 1.96814 4.4871 2.34031 3.53152 0.864063 -0.645241 0.351405 0.477205 0.134382 
2.72543 0.491672 -0.428737 2.11216 3.43597 2.35687 3.21401 0.347658 0.385837 0.0398088 0.231763 0.112769 
3.00525 1.62598 1.05716 1.32804 2.5339 2.29829 2.39601 0.859713 -0.0236135 -0.0129337 0.310707 0.0998675 
2.8415 1.54823 1.21835 1.75545 2.00125 2.38087 2.62772 0.960894 -0.0478976 0.166873 0.188936 0.0807974 
3.47953 1.34465 0.340556 1.58889 2.74645 3.01797 2.57909 0.985264 0.112497 0.129162 0.118983 0.111064 
3.52789 1.61448 0.584334 1.46789 2.67529 2.90947 2.78728 1.3517 0.495413 -0.125056 -0.0662205 0.0885733 
4.45533 0.275837 -0.826089 3.0542 3.63487 2.0045 4.12546 1.3119 -0.502835 0.0742563 0.308219 0.170433 
3.38111 1.17463 0.916695 2.8159 2.95172 2.29394 3.70717 1.56502 -0.155085 -0.135581 0.102793 0.181534 
3.15559 0.576601 1.86108 3.84776 2.88226 2.28437 3.15822 1.25444 -0.626504 0.151883 0.434914 0.166341 
3.09697 1.31697 1.16022 2.26412 2.55044 2.41581 2.44185 1.23457 -0.239848 -0.167804 0.373293 0.144788 
3.03369 1.29434 0.975888 2.22672 2.726 2.30639 2.10428 1.44399 0.200904 -0.209716 0.147227 0.122301 
3.32162 0.870492 0.651591 2.99837 3.74027 2.49308 1.59726 1.0717 0.338707 0.0185567 0.257503 0.152004 
3.37749 0.738657 0.615909 2.89844 3.48222 2.71689 2.56529 1.43398 0.0590029 -0.254579 0.165001 0.211608 
4.82493 -0.125568 -0.310031 4.33291 4.11678 2.44754 2.94317 1.62072 -0.0869356 -0.172395 0.157494 0.196089 
4.28019 0.706807 -0.0406661 2.71475 3.07816 2.46789 2.9991 1.82903 -0.277127 -0.221073 0.164957 0.197365 
3.26892 1.41926 1.10656 2.45969 3.06262 2.76404 2.41457 1.44693 0.0402589 -0.351471 0.2139 0.171077 
3.00903 1.82772 1.36595 1.89922 2.35791 2.4199 2.14824 1.12484 -0.040041 -0.18513 0.291119 0.101564 
2.94419 2.10776 1.69633 1.80256 1.98942 2.04434 1.80602 1.06997 0.361048 0.159304 0.242575 0.0596601 
3.19654 2.03904 1.65738 2.00298 2.1196 2.32245 2.56985 1.61185 0.165833 -0.180829 0.276676 0.101265 
2.97764 2.05803 1.71867 1.90443 2.21856 2.3892 2.06038 1.02222 0.19391 0.131998 0.387454 0.0874467 
3.08371 2.4463 2.25644 2.25628 1.90991 1.71838 1.99097 1.70023 0.612679 0.0514359 0.224131 0.0656586 
6.07363 2.54914 1.75498 3.92769 4.20437 2.6963 2.69928 1.83924 -0.296318 -0.554903 0.280011 0.280142 
4.72777 3.41548 2.16368 0.466331 1.73437 0.871931 1.1898 1.33236 -0.509194 0.605779 0.199527 0.0683292 
5.16274 4.97542 3.76711 2.2339 1.43722 0.530139 0.232251 0.257195 0.3327 0.735498 0.162923 0.0929095 
4.73165 4.86389 4.35205 3.31401 1.78616 0.666689 0.0784264 -0.0745602 0.374679 0.401065 0.0485206 0.076959 
4.29498 4.25815 4.13031 2.85089 2.17755 0.937752 0.206839 0.286737 -0.0481565 0.280328 0.115547 0.0471958 
3.99407 4.27463 4.08722 2.93294 2.94604 1.13692 0.880694 0.47589 -0.204547 0.46396 0.0284297 0.0197764 
3.56248 3.47369 3.40517 2.98248 2.48407 1.62324 1.11098 0.677342 0.246542 0.213482 0.155027 0.0191111 
3.68753 3.48038 3.29332 2.76259 2.28149 1.46584 0.785342 0.378195 0.116155 0.107541 0.0982564 0.00130633 
3.12693 2.75404 2.58581 2.28683 1.93527 1.54656 1.02111 0.682979 0.370213 0.109708 0.0190042 0.0109287 
3.02441 2.70825 2.56103 2.24446 1.92254 1.42353 1.04434 0.642618 0.270606 0.154916 0.0402017 0.0102566 
3.77615 3.74208 3.6997 3.20989 2.62209 1.81564 0.93868 0.453699 0.12075 0.0442567 0.107855 -0.0122714 
3.33689 3.07805 2.93972 2.60608 2.14558 1.5957 1.01524 0.580944 0.263713 0.100657 0.0466307 0.00320356 
3.34386 3.10987 2.946 2.58128 2.08368 1.45806 0.893709 0.480133 0.196678 0.107844 0.0889569 0.00434903 
3.98944 4.18446 4.36463 3.31079 3.12935 1.87554 0.629019 0.686742 -0.19138 -0.0650899 0.153195 -0.0348247 
4.00838 4.13 4.20871 3.17171 2.93119 1.65837 0.607963 0.597944 -0.244108 0.0152921 0.123801 -0.0237692 
4.71985 5.43306 6.09155 1.60848 4.26125 0.7408 -0.877122 1.50014 -0.933865 0.186246 0.0842871 -0.145497 
4.823 5.65827 6.98278 1.73239 4.31597 0.855901 -1.31504 1.3564 -0.947913 0.0925297 0.0449231 -0.156474 
4.1666 4.27662 4.26958 3.27334 2.85073 1.511 0.589708 0.39589 -0.306818 -0.0462704 0.0714556 -0.0305089 
3.94679 3.85702 3.712 3.1453 2.45609 1.54681 0.795575 0.337618 0.0289394 0.0262886 0.129811 -0.000575029 
4.44574 4.40296 4.23442 3.43623 2.95324 1.84429 0.878444 0.62535 -0.207969 -0.00621674 0.0511749 -0.0262242 
3.81751 3.81002 3.62314 3.17957 2.45412 1.67993 0.856383 0.285835 0.0077137 -0.0455282 0.0453395 -0.0251902 
3.39489 3.10925 2.97906 2.54733 1.92525 1.37549 0.807995 0.411537 0.231818 0.153758 0.140074 0.0287408 
3.13241 2.776 2.60815 2.37456 1.91419 1.41122 0.986387 0.605546 0.379658 0.29063 0.22162 0.0554736 
2.86477 2.45032 2.41851 2.02396 1.77449 1.61923 1.17172 0.888768 0.729631 0.424533 0.286841 0.077995 
3.26044 2.94648 3.37076 2.48973 2.0444 1.60007 0.877214 -0.0660108 0.333379 0.193363 0.352925 0.05667 
2.56964 2.28565 3.35439 1.19094 1.87837 0.310354 0.589915 -1.05399 -0.118625 -0.632057 0.0463716 0.0430217 
1.93491 1.77544 2.22672 0.522962 1.03947 -0.176773 0.0527391 -0.490708 -0.764531 -1.04703 -0.0333436 0.0208528 
2.24378 1.40961 1.79228 1.64712 1.90738 -0.174327 -0.458702 -0.900004 -0.0228117 -0.31594 -0.0281976 0.0602641 
3.26066 -3.16107 0.0315227 1.59085 0.205494 -1.07308 -2.35262 -1.57404 -0.354241 -0.5211 0.192727 0.206827 
3.41564 -1.97541 -0.157247 0.879761 -0.949277 -2.61025 -1.91614 -1.67942 0.00301531 -0.350725 0.228607 0.070871 
2.17566 -0.855521 1.55284 1.94315 2.54616 -1.50791 0.14325 -0.545783 -1.08194 0.393906 0.719565 0.0536261 
1.88936 0.651397 0.81396 0.658156 2.15132 -0.934412 -1.01655 -0.871676 0.11227 0.420042 0.172105 -0.0420071 
1.22139 -0.101085 0.930234 0.0562856 1.43084 0.319006 1.12406 0.0735756 0.232081 0.347674 0.277584 -0.00830106 
1.42919 0.76903 1.52779 -0.128606 -0.0205179 0.0155605 0.777102 0.21384 0.390109 0.454301 0.322897 0.0326901 
1.27625 0.546255 1.75821 -0.363387 0.662724 -0.000389826 0.635786 0.849242 -0.0835282 -0.123616 0.233642 0.0358956 
1.09294 0.0588562 1.47509 0.13248 1.49964 -0.0512617 0.598761 0.255509 0.596466 -0.208458 0.0717637 0.0566445 
0.857752 0.295244 1.36288 0.111488 0.71124 0.0812375 -0.0380985 0.277966 0.502691 -0.19944 0.276046 -0.013544 
