1.69586 -0.506041 1.42773 -0.617748 1.76017 0.157187 0.674895 -0.323233 -0.18144 -0.0708343 0.119018 0.129637 
1.73647 -0.137316 0.825278 -0.889428 0.987929 0.261559 0.222445 0.0838662 0.0588996 -0.130709 0.0976081 0.0285533 
1.75428 -0.138221 1.36457 -0.783348 1.2036 -0.374635 0.324341 -1.14405 0.201832 0.11956 0.180664 0.021745 
1.44661 -0.225261 1.13107 -0.645068 0.113118 -0.652708 0.494175 -0.259579 0.381954 -0.166024 -0.0382489 -0.0189345 
1.79883 -0.420341 1.3642 -0.660211 1.17384 0.42742 0.487069 -0.225218 0.729962 -0.306629 0.248772 0.0914102 
1.4915 0.0779474 1.50192 -0.99422 1.11004 0.433961 0.285508 0.148788 0.461468 -0.46055 0.101936 0.0258569 
1.93663 -0.266896 1.76676 -0.918881 0.535299 -0.0599362 0.116536 -1.11439 0.325341 0.0220117 0.704575 0.0637199 
1.70916 -0.233899 0.541236 -0.592084 0.869386 -0.730757 0.844208 -0.844633 -0.258677 0.13276 0.224686 0.0719711 
1.9463 0.238569 1.48004 -1.22147 0.721502 -0.0552106 0.438196 0.0621642 0.198069 -0.289298 0.140615 -0.0311713 
1.76526 0.00179212 1.49021 -0.557992 0.668713 1.04034 0.0845381 -0.712656 0.774259 -0.153446 0.409862 0.0601875 
2.36312 1.18345 2.60871 0.403273 2.59215 1.48686 1.3138 0.357149 1.12828 0.410122 0.470818 0.080966 
2.74476 2.26983 2.04267 1.85084 1.61331 1.3515 1.13243 0.812148 0.601478 0.39436 0.176464 0.0377488 
2.76287 2.51332 2.35835 1.85503 2.15696 1.42498 1.21876 1.15426 0.462587 0.540421 0.202327 0.0502049 
2.89429 2.53607 2.70335 1.85648 2.27218 1.60228 1.00479 1.2083 0.275789 0.409602 0.174277 0.0251559 
2.71527 2.67543 2.53275 1.6979 2.60822 1.32646 1.35443 1.38328 0.317614 0.726431 0.15219 0.0567503 
2.90522 1.78641 4.07257 2.1376 4.26225 2.99576 1.49935 1.15774 0.587295 0.162015 0.423062 0.105667 
-0.242944 -1.95207 3.35119 3.78715 1.49885 0.970102 2.32414 0.817834 0.785607 -0.0928376 0.0938045 0.106598 
-1.649 -3.31648 3.75594 3.73477 2.32085 -0.379976 1.85527 0.364713 0.72806 0.0637945 -0.0580877 0.126633 
-0.517973 -2.44864 2.69578 3.4839 1.8117 0.472093 3.41161 0.230438 0.054465 -0.393966 -0.0561932 0.122118 
0.665217 -1.43724 2.62364 2.35437 2.56979 0.399475 3.0008 0.191433 1.11058 -0.539256 -0.39687 0.176716 
2.34428 -0.631684 2.41429 2.26533 2.37469 1.81427 2.82935 0.236332 0.275899 -0.31018 -0.41057 0.160279 
2.73422 0.69287 2.66076 2.53958 2.32921 1.59058 3.11264 0.894548 -0.161745 -0.292079 -0.169866 0.0961562 
2.37329 0.558052 3.79444 2.81137 3.1817 2.48025 3.6667 0.274122 -0.423571 0.247493 -0.0637386 0.161027 
2.69648 0.584979 3.73671 2.19088 2.84753 2.41474 3.78463 1.10301 -0.268484 -0.216779 -0.129633 0.179557 
2.76311 1.56915 2.69715 2.01436 2.37173 2.03117 1.67955 0.731774 0.277304 0.094927 0.100528 0.0367017 
2.83874 1.91246 2.17777 1.93788 1.79713 1.77338 1.9207 0.927274 0.353866 0.124374 0.103132 0.0251696 
2.79643 1.42686 2.21513 2.33327 2.29257 1.89527 2.77911 0.91956 0.251798 0.0651337 0.0723484 0.0724424 
2.83033 1.18371 2.68633 2.3848 1.47119 2.22165 2.86959 0.794916 0.025844 0.440633 0.0417206 0.0180207 
2.78224 2.11232 2.22036 2.16852 1.41326 1.68809 1.3835 0.692729 0.359702 0.335735 0.179916 0.0129582 
2.85423 1.76265 2.61165 1.92901 1.26435 2.11848 1.87921 0.181954 0.748824 0.568644 -0.150196 0.0108473 
3.03883 1.07595 3.25894 1.72844 1.39969 3.33793 3.58276 0.174884 -0.0670588 -0.037493 0.164979 0.0838822 
2.96928 -0.362964 3.11921 2.79961 2.11735 2.96553 3.39651 0.252395 -0.517499 0.172822 0.0748432 0.103247 
2.71588 0.615636 2.46888 2.41084 0.765523 2.62004 2.57916 0.0362996 -0.188021 -0.118079 0.156975 0.0124734 
2.8423 1.72926 1.88148 2.05605 1.57966 1.88877 1.6169 0.474704 0.253691 0.146362 0.0889237 -0.000263262 
3.01452 0.956323 2.1801 1.96441 0.971655 2.92854 2.77648 0.416757 0.193926 -0.0682229 -0.184206 0.0270564 
3.27581 0.879054 1.83841 1.98582 1.78344 3.12641 3.25634 0.887943 -0.305957 -0.145857 -0.0674348 0.0753461 
4.43653 0.387671 2.71952 1.94976 2.7753 5.50288 2.85416 -0.350225 -0.307749 0.566979 0.0138944 0.0980041 
4.37451 -1.40358 3.66025 2.52949 -0.14214 4.91511 3.67289 -0.324314 -0.46739 0.195894 -0.14961 0.0825749 
3.74335 0.980884 2.04936 1.717 1.30793 4.26441 3.51209 -0.296385 -0.534398 0.34507 -0.063146 0.0636595 
3.93103 2.37342 2.46263 1.26917 0.781509 4.0724 3.82517 -0.391585 -0.796297 0.421958 -0.201254 0.0312217 
3.14334 2.22571 2.09716 1.73624 1.78933 2.8977 2.35434 0.305604 -0.236992 -0.020252 -0.0780758 0.0310617 
3.00989 2.44705 2.16819 2.17056 2.2421 1.92689 1.20933 0.464651 0.0547552 0.0295381 0.0759434 0.00611791 
4.56026 2.98676 1.65093 1.80158 2.83377 3.33305 2.547 0.883014 -0.151854 -0.10516 -0.0490374 0.0480369 
4.98205 3.90418 2.39571 1.40681 1.14807 0.726575 0.00144563 -0.576059 -0.329539 0.163483 0.14383 0.0598971 
5.48644 4.15816 2.03373 0.473117 0.564793 0.709054 0.0718301 -0.446099 -0.521974 -0.294097 0.0211635 0.0348408 
4.54265 4.13131 2.82496 0.9873 0.747456 0.31253 0.768369 0.318727 -0.412108 -0.36521 -0.0289031 -0.0515734 
4.42002 4.65361 3.21932 0.944217 1.90795 -0.623971 1.14085 -0.806863 -0.93606 -0.127402 -0.29551 -0.0126994 
4.5105 4.65027 2.92496 0.958249 1.96958 0.0295119 1.42702 -0.409996 -1.56022 -0.503905 -0.324757 -0.0514095 
4.85815 4.90698 3.26104 0.599235 2.13409 -0.280145 1.73818 -0.433644 -1.6249 -0.500796 -0.500799 -0.0539287 
4.95722 4.74062 4.04451 2.61836 1.79755 0.937285 0.0394216 -0.436101 -0.753683 -0.423209 -0.257916 -0.102285 
4.79203 4.75518 4.24548 3.33356 2.00043 0.848274 0.11494 -0.509463 -0.552128 -0.362423 -0.240367 -0.0921509 
4.59259 4.40156 4.09497 3.04037 1.72533 0.847922 0.0707861 -0.584708 -0.530416 -0.279416 -0.160207 -0.0625579 
4.09238 3.89563 3.80568 2.92182 1.68626 0.904475 0.128884 -0.684634 -0.583409 -0.187369 -0.109107 -0.0668163 
3.75787 3.59463 3.69291 2.85149 1.59927 1.09007 0.240819 -0.713087 -0.521841 -0.0835098 -0.0232288 -0.0576754 
3.76079 3.58729 4.46189 3.01061 0.919289 1.41649 0.712837 -1.57053 -0.922644 0.300658 -0.222371 -0.113144 
3.88356 3.64154 4.75993 3.32589 0.955919 1.26069 0.520002 -1.54891 -1.06409 0.046853 -0.32678 -0.168274 
4.03659 3.97543 3.98733 2.99991 1.57045 0.776317 -0.31693 -1.23983 -0.820897 -0.42282 -0.279493 -0.130833 
4.56621 4.26866 3.7938 3.06152 1.84309 0.540636 -0.459932 -1.08992 -0.995714 -0.545618 -0.318987 -0.134435 
4.04601 3.85234 3.60271 2.8804 1.88888 0.816687 -0.39018 -1.10442 -1.02425 -0.600493 -0.142864 -0.127721 
4.40556 4.22534 3.85228 3.03359 1.78913 0.652933 -0.61336 -1.11778 -1.08104 -0.723069 -0.277808 -0.139923 
4.00413 4.49204 4.20965 2.02552 2.89405 -0.280076 -0.359556 -0.567854 -1.83281 -0.119456 -0.446103 -0.140843 
3.75993 3.74064 4.39386 1.42267 3.03442 0.416985 -0.432094 0.346807 -1.61484 -0.0877206 -0.141424 -0.17128 
3.79301 4.66465 4.70924 1.34427 4.02499 0.13199 -0.19167 0.192796 -1.49669 -0.00488184 -0.27317 -0.149428 
4.18505 3.66665 4.25539 3.43892 3.7535 1.62866 0.0367304 -0.360248 -0.669406 -0.00445825 0.0158759 -0.105829 
3.44134 2.52085 2.77017 2.33019 2.39027 1.44407 0.408214 0.549818 0.302097 0.368795 0.28619 0.0366518 
2.95711 2.38585 2.31677 2.19319 3.08606 1.47366 0.738442 0.582553 0.533823 0.280113 0.561177 0.0499939 
2.99755 1.21148 2.68159 2.12565 2.9472 1.88559 1.04379 0.327857 0.606463 0.364959 0.543882 0.0717088 
2.32082 0.590391 1.98858 1.42561 2.57257 1.17283 0.816155 -0.669945 -0.110265 0.000934771 0.56614 0.0371919 
2.27129 0.441625 1.79025 0.658972 1.51794 0.532641 0.174303 -0.551353 0.282561 0.0247126 0.393165 -0.0212302 
1.77965 0.366146 1.23121 1.18231 2.3671 0.3766 0.282841 -0.789076 -0.256247 -0.0254464 0.409134 -0.0551814 
1.60545 -0.38329 1.29609 0.805764 2.09156 0.25769 0.189426 -1.07799 0.0480772 -0.150035 0.159239 -0.0130566 
2.08797 -0.236538 0.767628 -0.324796 0.601572 0.464837 -0.163725 -1.05987 -0.00694766 -0.335206 0.457944 0.00593558 
1.663 -0.576099 1.14391 0.235883 1.47713 0.451182 -0.242465 -0.810884 0.140575 -0.0695097 0.402661 0.0289209 
1.70005 -0.632355 -0.0169221 0.108447 1.33285 0.148198 0.287284 -0.874947 0.597844 0.318136 0.530903 -0.0102108 
1.60963 -0.479142 0.0499707 -0.920009 1.45792 -0.175838 0.284713 -0.425685 0.111197 0.662524 0.323784 0.00875344 
1.41347 -0.874379 0.481573 -0.561183 0.908639 0.565907 -0.660153 -0.935003 -0.0322236 0.670053 0.506726 0.0374376 
1.39244 -0.557976 0.539705 -0.298577 1.70423 0.67397 -0.674648 -0.376097 0.136408 0.421307 0.567641 -0.00199687 
1.76857 -0.646603 0.646584 -1.14501 1.10651 0.474344 -0.526921 -0.714154 0.310306 0.197531 0.603312 0.0257821 
1.58898 -0.708074 -0.0410418 -0.589847 0.391337 0.149201 -0.084525 -0.874987 -0.0758433 0.0811711 0.36692 0.00900588 
1.43627 -0.161371 0.290697 -0.597504 0.436371 0.612918 -0.224856 -1.23768 -0.00965187 0.328701 0.521602 -0.0642245 
1.53222 -0.379601 -0.295826 -0.114456 1.24277 -0.17559 0.225991 -0.919117 -0.0761407 -0.00153094 0.5952 -0.0633886 
1.53253 0.00562036 -0.170937 -0.706407 0.530772 -0.0973918 -0.243915 -1.48543 -0.140206 0.501853 0.475131 -0.0558434 
1.46877 -0.629083 -0.236641 -0.523405 0.618614 0.302669 -0.280929 -0.84401 -0.148077 0.645398 0.508246 -0.0146483 
1.62267 -0.32774 0.329122 -0.882052 0.590033 0.610686 0.28151 -1.24708 0.473169 0.893577 0.479894 0.0586501 
1.8771 -0.684176 0.442984 -0.244389 0.618944 0.521034 -0.530217 -0.664955 0.139991 0.150175 0.728282 0.03232 
