2.20593 -0.404404 0.386357 -0.49973 1.50828 -0.281855 -0.00079986 -1.01549 -0.263376 -0.0229223 0.492881 0.0645754 
2.13759 -0.382913 1.18683 -0.8052 1.31463 0.200139 0.0466431 -0.874594 0.222346 0.262186 0.657404 0.0333886 
1.93432 -0.349816 1.31235 -1.85413 1.82768 0.464838 -0.430298 -0.926457 0.743996 -0.0533815 0.58696 0.123044 
1.90423 -0.696425 0.891038 -0.967729 0.953333 -0.0461727 -0.337416 -1.13768 -0.465394 0.337898 0.565394 0.0449444 
2.06067 -0.561385 0.48968 -0.394203 1.35238 0.159052 0.144729 -0.996799 0.0447856 -0.257542 0.545434 0.08866 
2.04052 -0.456177 1.00653 -1.48355 0.907335 0.00576791 0.434329 -0.737058 -0.194115 0.450732 0.559768 -0.0162184 
1.64334 -0.295299 0.639527 -0.56099 1.68565 -0.0942961 0.168069 -0.497878 -0.110772 0.52878 0.649002 0.0753355 
2.03759 -0.353 0.828063 -0.374879 1.09428 0.718461 0.539528 -0.960753 -0.0218697 0.0670633 0.435211 -0.00358757 
1.84412 -0.321565 0.638579 -0.254746 0.99727 0.425476 -0.0754922 -1.16376 -0.147348 0.10266 0.634623 0.0758055 
2.15821 -0.247601 0.723583 -0.288583 1.49402 0.225669 0.687318 -1.15792 0.0656999 0.0695125 0.419299 0.0479484 
2.05593 -0.361899 0.649234 -0.402398 1.3608 0.300935 0.316755 -1.2619 -0.206972 0.0534354 0.447406 0.0176176 
2.05122 -0.413566 0.949972 -0.308976 1.17883 0.383784 0.584242 -0.596372 -0.0510641 0.103839 0.556744 0.037914 
1.82021 -0.603934 1.53115 -1.3304 1.50466 0.873288 -0.674568 -0.846965 0.306954 -0.23615 0.639541 0.0929519 
1.93212 -0.199998 0.893958 -0.483472 1.34479 0.244695 -0.586069 -0.856922 0.0710656 -0.401576 0.486241 -0.0359262 
1.9295 -0.418102 0.889954 -0.187965 1.90522 -0.0859658 0.780824 -1.06123 -0.0469197 -0.142052 0.463205 0.0360895 
2.04977 -0.452749 0.827037 -0.129903 1.48268 0.019119 0.860792 -1.36935 -0.0243771 0.0229871 0.405003 0.0371035 
2.14348 -0.637835 0.845753 -0.293805 1.71881 0.685338 -0.0269668 -0.994884 0.212802 0.237632 0.380221 0.0611425 
1.95485 -0.270745 0.398873 -0.128617 1.85172 0.174207 0.102305 -0.60334 0.365814 0.0123009 0.550163 0.0580017 
2.05828 -0.496003 0.624746 -0.0226925 1.3355 -0.62056 0.667856 -0.868456 -0.441095 0.318215 0.534052 0.0561658 
1.96311 -0.513575 0.646243 -0.743406 1.40409 -0.319869 0.319832 -0.85976 -0.332182 0.206807 0.696763 0.091196 
1.8188 -0.391524 0.496726 -1.07284 1.52379 -0.200101 -0.519747 -1.07783 0.204076 0.085846 0.599118 0.0758931 
2.06613 -0.128307 0.975846 -1.36546 1.56225 0.0811915 0.169023 -0.829633 -0.0490612 -0.00182991 0.789519 0.042793 
2.37243 -0.421391 1.2481 -1.20225 1.23384 -0.0147014 0.113388 -0.852661 0.368306 0.584294 0.632893 0.0707639 
2.05222 -0.253809 1.11656 -0.824422 0.98627 -0.280951 -0.21113 -1.00778 0.0561843 0.286062 0.666318 0.0201962 
1.83003 -0.688168 0.369039 -0.952886 1.36394 -0.433877 0.0979948 -1.05768 -0.410005 0.182365 0.547069 0.00173217 
2.02355 -0.681002 0.373028 -0.818313 1.10283 -0.0600067 -0.343788 -1.23466 0.0421152 0.155606 0.459767 0.0474802 
1.92789 -0.899116 0.601996 -0.75901 1.16953 0.17812 0.176496 -1.11526 0.228876 0.302098 0.479983 0.0192286 
2.43605 0.969361 1.04979 0.898991 1.84936 1.00813 0.794975 -0.186483 0.127458 0.361635 0.414501 0.0363426 
3.86798 3.19013 3.54882 3.62315 3.72486 2.88674 1.96281 1.18857 0.698327 0.41258 0.440489 0.10686 
3.24285 2.85927 2.59059 2.33516 2.43827 2.36848 1.85359 1.27916 0.795024 0.394414 0.179984 0.0839375 
3.35821 3.14333 3.10487 2.77786 2.49193 2.32379 1.86476 1.30272 0.924444 0.501839 0.140652 0.0838893 
3.54957 3.26016 3.31471 3.03616 3.09118 2.82868 2.23963 1.57266 1.06446 0.599123 0.189812 0.111342 
2.8959 2.35341 2.34241 2.41277 2.16067 2.0492 1.43847 0.87001 0.755139 0.629967 0.353732 0.090544 
2.16238 -0.338339 1.63876 2.04169 2.55399 0.859179 2.49059 -0.185392 0.56468 -0.185456 0.0508654 0.146841 
-0.69827 -1.32022 1.74125 2.51325 3.72223 2.47764 2.99603 -0.505738 0.603999 0.397244 0.360954 0.0558736 
-0.464473 -2.00267 0.409654 2.12751 3.11572 0.444041 2.7081 -0.013278 0.687912 0.0821134 -0.174693 0.153225 
0.204839 -1.80237 0.0903934 2.3221 4.13439 1.12076 2.58206 -0.562744 0.332779 0.118034 0.183342 0.0689279 
1.75509 -1.83246 -0.545978 2.55942 4.84782 2.10899 2.33373 -0.256405 0.900799 -0.273638 0.239993 0.109302 
2.12074 -0.885813 -1.16561 1.2301 5.00535 2.9766 2.03567 0.352128 0.112971 -0.0099591 0.351401 0.0486391 
2.72646 -0.620096 -1.73406 1.72243 4.26954 2.97465 2.14536 0.512617 0.220983 -0.420081 0.36572 0.105524 
3.22485 -0.463468 -1.41325 1.71306 4.39022 2.51611 2.24723 0.162609 0.242676 -0.132023 0.147434 0.102631 
3.50966 -0.323604 -2.0716 1.65914 5.00681 1.8842 2.54895 0.433373 0.405171 -0.241213 0.0837895 0.146115 
3.83478 -0.741456 -2.59867 2.0197 5.54774 1.36808 2.97138 0.522333 0.8025 -0.440341 0.00144153 0.203831 
4.39959 -0.442181 -3.42791 2.55841 6.25209 0.978388 3.3805 0.234254 0.510825 -0.25285 0.00719142 0.287511 
4.11303 -0.338154 -2.86183 2.36559 5.94816 0.878222 3.51237 0.42068 0.543584 -0.168111 -0.0500486 0.262744 
4.29595 0.0619591 -3.74642 2.4094 6.26478 1.02635 3.30222 0.439134 0.743654 -0.195095 -0.164093 0.275126 
4.38596 0.100173 -3.19593 1.65677 5.84199 0.982054 3.26778 0.42673 0.682322 -0.108019 -0.0933333 0.240971 
3.70941 0.620398 -1.37252 1.00479 3.77635 2.27118 2.37103 0.777213 -0.0645021 0.0873087 0.0259387 0.0767511 
3.98639 0.309789 -1.71032 0.962954 4.6478 1.74738 2.33006 0.703252 0.597965 -0.134461 -0.0231925 0.101715 
4.35585 -0.365831 -3.10253 1.23285 6.14443 1.20782 3.29795 0.829542 0.503217 -0.0555491 -0.232356 0.232353 
4.26761 -0.0420127 -3.11071 0.837999 5.69214 1.72835 3.36346 1.09446 0.306217 -0.0997012 -0.175651 0.208439 
4.07278 -0.05765 -3.23371 1.1322 5.77819 1.65382 3.32055 0.824439 0.876564 -0.247631 -0.109941 0.191047 
3.87525 1.59999e-006 -2.939 0.76636 5.81545 1.80745 3.4019 0.634161 0.680543 -0.0112374 -0.0718184 0.168352 
3.64841 0.952346 -1.26227 0.456768 3.6052 2.60458 2.64991 0.555322 0.29917 0.0200066 0.00577465 0.0619108 
3.57202 0.780411 -1.01672 0.520452 3.68088 2.17346 2.5298 1.08626 0.161171 -0.125525 -0.0649143 0.0785575 
3.84883 0.961184 -2.15369 0.0184439 4.68025 1.78624 3.53319 1.12508 0.481922 -0.173904 -0.124015 0.132198 
4.12019 1.43242 -2.30758 0.138275 4.80093 0.712284 3.80042 1.23114 0.702551 -0.311995 -0.332088 0.200079 
4.19448 2.16636 -1.95864 0.0475579 4.9724 0.0602086 2.91176 1.45289 0.442652 -0.0547245 -0.542607 0.173373 
4.61255 2.0857 -1.33801 0.514489 4.42649 0.727048 2.49747 0.567639 0.902504 -0.097178 -0.312568 0.0304681 
4.57669 1.75536 -0.549308 0.358567 2.64696 1.3538 1.45218 1.66104 1.11818 -0.115105 -0.0906266 -0.0265186 
6.49683 3.44397 -2.6404 0.23794 2.76272 -0.252879 2.38836 0.223957 1.67107 -0.530987 -0.380817 -0.0983363 
5.21432 4.95657 -1.02292 -0.172478 2.62974 -0.35665 3.01048 -0.266779 0.452839 -0.69578 -0.256533 0.0788739 
3.73276 3.37785 1.62068 0.573947 2.13717 0.233414 2.08617 -0.485975 -0.259513 -0.280614 0.14473 0.0800931 
2.88347 2.71416 2.07769 1.12327 2.69424 0.251583 1.89293 -0.0993076 0.0030957 0.158343 -0.212141 0.0321439 
2.93064 3.14177 2.01831 1.48676 2.01303 0.232599 1.3943 -0.339286 0.156379 0.145703 -0.0392196 0.0124907 
3.72584 4.69069 2.72026 1.1084 3.59683 -0.591205 2.79063 -0.75013 -0.345702 -0.0501027 -0.242636 0.110509 
3.18868 3.36703 2.40336 1.86219 2.26124 0.390212 1.56747 -0.380772 0.191908 -0.0345878 -0.0382316 -0.0121623 
3.26008 3.59311 2.59574 1.54155 2.53565 -0.178174 1.74739 -0.858437 -0.0668191 0.0705603 -0.0879783 0.0270421 
4.17918 5.58606 2.44543 0.571975 3.49949 -0.532311 3.12434 -1.11023 -0.96161 -0.608617 -0.431322 0.116701 
4.37602 5.63234 2.75774 0.687936 3.34505 -0.74634 2.77716 -1.22006 -0.820073 -0.46072 -0.437238 0.11612 
3.29544 3.22339 2.55689 1.88463 1.74222 0.287514 0.716084 -0.406959 -0.0529486 0.0287583 -0.00288461 -0.0139505 
3.04141 2.74576 2.3228 1.78874 1.5286 0.576235 0.608852 -0.0205813 0.0353058 0.0472024 -0.0211537 -0.0186699 
3.04854 2.81196 2.52039 1.97718 1.8816 0.780541 0.822388 0.151008 0.108817 0.157845 -0.0179332 -0.0075245 
3.78902 4.00507 3.388 2.79759 2.22349 0.471619 0.524039 -0.581811 -0.180396 -0.0311453 0.0566921 -0.00720232 
3.8388 3.76421 3.42942 2.65225 1.94038 0.838625 0.281435 -0.139378 -0.233871 -0.0209213 0.161248 0.00833826 
3.78863 3.53906 3.32114 2.56911 1.74425 0.952661 0.230038 -0.11909 -0.280039 -0.10468 0.112841 -0.0149887 
3.78626 3.51312 3.22496 2.48668 1.62447 0.819637 -0.0274247 -0.279348 -0.322987 -0.220396 0.0514803 -0.0417359 
3.53036 3.25021 2.91514 2.22901 1.53063 0.700369 0.0748535 -0.222404 -0.383966 -0.242594 -0.0106057 -0.0540204 
3.93213 3.79585 3.62229 2.71249 1.92314 0.963504 0.068736 -0.271864 -0.43246 -0.201475 0.0293899 -0.0426487 
4.06507 4.02473 3.91379 2.91236 2.27158 0.934727 0.157782 -0.192146 -0.55075 -0.0678258 -0.0185005 -0.0437821 
3.85384 3.79155 3.64539 2.94105 2.33035 1.26688 0.400319 -0.0700453 -0.193461 -0.10933 0.0374362 -0.0396465 
3.15322 2.78037 2.53577 2.14944 1.69152 1.14536 0.772328 0.381508 0.0992256 -0.00767276 -0.0488034 -0.0312332 
3.0452 2.62044 2.34802 2.02289 1.59001 1.14725 0.675679 0.340481 0.111953 -0.0460725 -0.0599099 -0.028539 
3.09635 2.69568 2.43708 2.11162 1.72783 1.21604 0.831856 0.436779 0.165129 0.0108924 -0.0781438 -0.0265945 
3.00843 2.56756 2.36594 2.03973 1.6449 1.25272 0.873768 0.559003 0.257649 0.0446392 -0.0474017 -0.0154067 
