-0.0111466 0.599102 1.11559 -0.23473 2.13176 -1.07861 3.39483 -2.59763 -0.423389 0.908567 -0.123602 -0.0792595 
1.51583 -0.362942 0.381034 -0.522216 2.38357 -0.110575 0.54969 -1.01403 -0.230058 -0.0869196 0.31375 -0.0111402 
2.10542 -0.60988 0.560974 0.0556091 1.24526 0.580824 0.128508 -0.774163 0.222457 -0.143228 0.46237 -0.0225886 
1.86738 -0.571117 0.661791 -0.46599 1.06666 -0.419973 -0.132338 -0.818757 0.117189 0.369619 0.455382 0.0715335 
2.04876 -0.347739 0.681882 -0.455973 1.29561 0.0881026 0.319129 -0.948216 -0.299907 -0.113248 0.339339 0.00266054 
1.56402 -0.453292 0.704636 -0.763091 1.57989 -0.145373 0.103613 -1.03865 0.277785 -0.0943786 0.617466 0.029053 
1.24506 -0.302549 0.619857 -0.832384 1.91004 -0.420591 0.482009 -1.11372 0.999033 -0.0685705 0.507827 0.0990374 
1.89492 -1.11254 1.57542 -1.80696 0.866445 0.798178 -0.521354 -0.696554 0.633448 -0.315624 0.521943 0.0989502 
1.84625 -0.310623 1.40124 -0.971685 1.72745 0.927436 -0.506385 -0.708999 0.201697 0.00304203 0.646103 0.0898379 
2.1622 -0.444374 1.09879 -0.180382 0.892497 -0.0581107 -0.134538 -0.883816 0.521222 0.192785 0.504064 0.0537313 
2.04292 -0.647047 0.661629 -0.135518 1.55662 -0.402737 0.635935 -0.459091 -0.0592464 -0.0871627 0.496337 -0.0199428 
2.143 -0.573324 1.60744 -0.172494 1.98854 -0.0801254 0.455689 -0.309425 0.0517643 0.409967 0.436292 0.0984356 
1.97857 -0.169273 0.656056 -0.224616 1.04942 0.443935 0.292594 -1.12209 0.172916 -0.0592011 0.481187 0.00894594 
2.28131 -0.289524 1.32357 0.456512 1.3133 0.49522 1.15157 -0.889874 0.204777 0.328323 0.4965 0.0302183 
2.46322 0.395924 1.64083 0.215409 1.8344 0.272512 0.732239 -0.227388 0.553325 0.0861398 0.646023 0.0708975 
2.35796 0.268584 1.08499 0.331927 1.82332 1.20634 0.500241 -0.150899 0.307354 0.11595 0.344609 0.0321675 
1.89637 -0.544889 1.55016 -0.677501 1.24555 0.658692 -0.538374 -0.761634 -0.0164236 -0.0508478 0.543834 0.00451041 
1.92272 -0.591374 1.03503 -0.784496 1.18436 0.536432 0.126872 -0.569952 -0.427016 0.114837 0.511433 -0.0215328 
1.85815 -0.572857 1.08825 -0.641711 1.4295 0.657119 0.859541 -0.829114 0.272715 0.248065 0.747845 0.0999182 
2.49344 -0.206484 1.25876 -0.0990364 1.87131 0.159096 0.498616 0.229738 0.677339 0.394092 0.769652 0.0969081 
2.36292 -0.0101773 1.6854 0.359074 2.07533 1.09568 0.992142 -0.735916 0.259823 0.483913 0.530732 0.0907001 
2.05268 -0.0502465 0.835529 0.166192 1.5722 0.296844 0.408705 -0.83424 0.150455 0.382726 0.761132 0.115017 
2.71783 1.52566 2.01043 1.75104 1.61425 1.54726 1.26474 0.914451 0.636801 0.449419 0.577337 0.0581958 
2.86449 2.457 2.23832 2.0515 1.76777 1.54243 1.27961 0.951999 0.656075 0.444902 0.249773 0.0664291 
2.97594 2.59405 2.43533 2.26174 2.04527 1.75407 1.39603 1.05422 0.740235 0.430448 0.214481 0.0667062 
3.06692 2.79125 2.79036 2.49629 2.35582 2.08065 1.5898 1.30632 0.795346 0.466199 0.273547 0.092154 
2.97896 2.54334 2.42465 2.19064 2.03213 1.90793 1.49807 1.15253 0.79088 0.533456 0.32849 0.092077 
2.88492 2.09581 2.3635 2.21833 2.29431 2.09928 1.43225 0.730078 0.55369 0.537171 0.536132 0.0877396 
-0.210033 -0.463148 1.53564 2.80193 3.62895 1.01783 3.48777 0.241317 0.773907 0.308664 0.350554 0.108314 
-1.46498 -2.31555 0.977316 3.65142 3.84441 0.599243 2.63389 -0.225177 0.0977701 0.51543 0.289668 0.175478 
-0.400794 -1.73265 0.453733 2.32358 4.20434 1.06911 2.41036 0.0807082 0.273037 0.414422 0.10869 0.137017 
0.98899 -1.37836 0.383086 3.06597 4.12231 1.46735 2.7918 -0.465281 0.878055 0.0707619 0.445782 0.12791 
2.66051 -0.00477162 0.34575 2.02988 3.66394 2.0266 2.8039 -0.619272 0.4481 0.139695 0.197277 0.113703 
3.12802 -0.0857868 -0.845213 2.44181 3.90482 1.60184 2.66179 0.272052 0.341314 -0.045636 0.273419 0.110445 
3.28337 -0.312062 -1.01541 2.10052 4.95771 1.74668 2.71848 0.232412 0.28431 0.186573 0.322576 0.178065 
3.56353 -0.545582 -0.347179 3.85898 4.64472 0.653157 3.69717 0.334126 0.173189 -0.169162 0.277406 0.254906 
4.0709 -1.26089 -1.25392 5.14791 4.44244 0.821991 3.16122 0.263207 0.702281 -0.400989 0.456477 0.177506 
3.96289 -1.17336 -0.875438 3.64224 5.09898 0.696151 3.32862 -0.0657648 0.382867 0.0561613 0.249434 0.200895 
3.48468 0.404977 -0.326262 2.38954 3.37956 1.79201 1.86726 0.587573 -0.0449131 -0.085787 0.242999 0.120782 
3.45301 0.273919 -0.331337 2.69179 3.61667 1.08089 2.02273 0.531149 0.158304 -0.270684 0.200603 0.138792 
4.56128 -0.390715 -1.44804 3.76369 5.05773 0.0985816 3.48305 0.689686 0.246653 -0.593678 0.0657844 0.269309 
3.9428 -0.0108825 -1.37617 3.39459 4.86347 0.929331 2.60823 0.50629 0.264201 -0.28092 0.128884 0.215382 
4.12543 -0.291429 -1.16691 3.34211 4.90009 1.27454 1.39669 0.944729 0.381393 -0.229381 -0.000927522 0.178627 
3.89222 -0.586333 0.0143176 4.56958 5.88453 0.361932 3.20143 0.244624 -0.208492 0.187052 0.0928184 0.23546 
4.28502 -1.07718 -1.70325 3.13665 5.78535 0.44853 3.22917 0.208866 0.161711 -0.115075 0.179136 0.284935 
3.06584 -0.208766 0.213961 2.5306 3.85889 1.94691 2.09444 1.27664 -0.154421 -0.121563 0.0314191 0.146519 
3.3202 0.639639 0.00670186 3.21112 3.33908 1.74751 2.47523 0.694082 0.191396 -0.479233 0.149337 0.15007 
3.13737 0.995478 0.587502 2.03002 2.97261 1.72782 1.36249 0.949803 0.0439324 -0.287018 0.228073 0.0863711 
3.06719 1.24857 0.658325 1.95385 2.65542 1.89993 1.62721 0.744719 -0.110725 -0.293442 0.13201 0.0700296 
3.56758 1.69329 0.780439 2.06119 2.68967 1.88556 2.17014 1.02523 -0.352808 -0.632289 0.0737244 0.0921553 
3.63968 1.83118 0.844396 1.6414 2.23904 1.79963 1.67931 1.06705 -0.0201484 -0.642799 -0.0652434 0.0220078 
3.54666 2.20156 1.07075 1.29514 1.69269 1.16695 0.995551 0.868991 0.613586 0.0191165 -0.0673566 -0.0343607 
3.319 2.6635 1.75565 0.997466 1.18488 1.02772 1.3265 0.499595 0.232327 -0.0312581 0.0924881 -0.0169075 
3.18659 2.5034 1.60033 1.0043 1.05054 0.818148 0.932729 0.194237 -0.0128468 -0.0642021 0.0846041 -0.0304343 
3.02669 2.40186 1.8667 1.18409 1.09655 0.497472 0.54959 0.107756 -0.129591 -0.0435445 -0.0287838 -0.031007 
3.3063 2.43147 1.44977 0.690241 0.542381 0.586257 0.279007 -0.122482 -0.554573 -0.301389 0.103112 -0.0120561 
3.26861 2.60959 1.65276 1.10222 0.373886 0.344707 0.0451259 -0.184128 -0.27972 -0.312572 0.0781924 -0.040701 
3.25464 2.59662 1.82293 1.29576 1.16784 0.804936 0.544361 -0.29782 -0.462631 -0.309497 0.0557486 -0.0469557 
3.67334 3.24185 2.75494 1.91068 1.39012 0.429257 -0.0517664 -0.513559 -0.547644 -0.152007 0.0281666 -0.0385674 
4.59013 4.08305 3.08883 1.93002 1.65697 0.607063 0.310841 -0.522613 -0.736659 -0.464209 -0.0815016 -0.0467689 
4.02073 3.67433 3.11069 2.33407 1.51086 0.815659 0.191828 -0.325171 -0.522636 -0.348731 -0.0428282 -0.0614317 
3.39516 3.0663 2.63277 2.16407 1.74192 1.10717 0.677845 0.0530142 -0.128467 -0.141201 -0.0788122 -0.0543546 
3.37843 2.99796 2.59219 2.08773 1.49297 0.929668 0.465282 0.069604 -0.056592 -0.0996984 -0.0218403 -0.0390463 
3.34906 3.01512 2.6255 1.94105 1.44368 0.665266 0.337731 -0.00794406 -0.132616 -0.0195807 -0.00195596 -0.0326719 
3.22537 2.78891 2.41661 1.91151 1.28114 0.632497 0.200151 -0.0949063 -0.108835 -0.0241867 0.054133 -0.025689 
3.12946 2.67765 2.27965 1.75293 1.15075 0.591805 0.123144 -0.138674 -0.154373 -0.084743 0.0276088 -0.0342291 
3.11218 2.68577 2.33712 1.8725 1.30316 0.760002 0.28488 -0.0520735 -0.166049 -0.105693 -0.0135305 -0.041733 
3.43455 3.16192 2.93105 2.40955 1.72499 0.936458 0.220427 -0.148333 -0.234589 -0.138751 0.0378217 -0.0425753 
3.70434 3.52309 3.25627 2.54074 1.71403 0.809114 0.171051 -0.251744 -0.327445 -0.141816 0.0415484 -0.0326318 
3.65871 3.37238 3.06172 2.40379 1.79749 1.0602 0.472815 0.0909751 -0.0872893 -0.0934357 -0.00758068 -0.0366247 
3.75668 3.44242 3.01184 2.2984 1.6671 1.02586 0.484742 0.0548821 -0.193998 -0.134558 0.0154988 -0.0388122 
4.40355 4.05955 3.72715 3.42428 2.54346 1.19593 0.0221706 -0.505479 -0.211182 -0.036754 -0.155076 -0.0774955 
3.67992 3.37681 3.45757 3.21677 2.49665 1.92742 1.37368 0.650289 0.0621643 0.00928262 0.0341172 -0.0286958 
3.49612 3.26726 3.12477 2.8091 2.24741 1.30093 0.597982 0.318325 0.243639 0.158358 0.0874267 0.00439337 
3.34026 2.92897 2.87357 2.50486 1.58154 0.696687 0.031471 -0.222348 -0.183116 0.103998 0.317601 0.0463972 
3.119 2.77642 2.719 2.16206 1.32823 0.820706 0.243936 -0.0345781 -0.00452171 0.0968687 0.296326 0.0517267 
2.99703 2.66496 2.51646 1.82967 1.56935 1.18927 0.436585 0.378567 0.406552 0.367468 0.377577 0.0753537 
2.87361 2.40791 2.26459 2.16406 2.16832 1.80145 1.05976 0.224702 0.715968 0.707506 0.449327 0.086022 
2.75826 1.52612 2.27162 1.52349 2.63325 2.19773 1.13732 -0.275285 0.753515 0.811945 0.808499 0.0959024 
2.31302 0.503213 1.56118 0.0602406 2.12802 1.19736 1.26569 -0.582285 0.300432 0.669724 0.655517 0.0554786 
1.66545 -0.038248 0.704148 -0.239052 1.81161 0.720694 0.0742586 -0.905055 -0.129522 0.229019 0.562535 0.0356234 
1.90949 0.0154883 0.166904 -0.116609 1.25817 1.19191 -0.224909 -0.429347 0.428231 -0.172792 0.679083 0.0574645 
1.5426 0.00577712 0.989201 -0.180768 0.851446 1.32828 -0.890001 -1.09494 -0.26557 0.0307176 0.706911 0.0419487 
1.60622 -0.362519 0.674763 -0.902815 1.00488 0.516363 -0.44308 -0.79908 -0.174601 0.379563 0.605018 0.0528383 
1.57371 -0.857907 -0.232041 -0.826746 0.37978 0.26194 -0.250409 -0.492058 -0.115062 0.192313 0.689072 0.00117019 
