1.70214 0.464647 1.34897 -0.0587053 1.14561 0.581335 1.221 -0.311109 0.171614 -0.0964713 0.277331 0.0185853 
3.24625 2.47783 3.6619 0.821185 1.28341 -0.0511219 -0.0547621 -1.7896 -1.03272 -0.582894 -0.236527 -0.089567 
3.49486 3.13791 2.7227 1.55543 0.873078 -0.42605 -1.16572 -1.4935 -1.18915 -0.731201 -0.237329 -0.122942 
3.66677 3.30167 3.17923 1.75297 0.829768 -0.133152 -0.710291 -1.08041 -0.919062 -0.829719 -0.105354 -0.116391 
3.61284 3.08655 2.64237 1.64274 0.784381 -0.263043 -0.630393 -0.743635 -0.91778 -0.511586 -0.0587965 -0.0658888 
3.61639 3.07218 2.66032 1.74221 0.647696 -0.139865 -0.662086 -0.859288 -1.03067 -0.398519 0.0449751 -0.0387116 
3.6091 3.22275 2.73511 1.73223 0.898457 -0.0184585 -0.693275 -1.09315 -0.923907 -0.476557 -0.0462245 -0.0631554 
4.36304 3.57037 4.73508 1.42652 0.744451 -1.1518 -0.0553644 -1.09318 -0.821332 -0.33267 -0.133892 -0.00994239 
2.33351 1.82958 5.85817 3.7259 -3.12588 -0.0109715 1.08671 -0.943668 -1.44518 0.438909 -0.234036 -0.177536 
2.75322 0.777435 3.80483 4.45034 -2.0907 1.18077 2.44842 0.114641 -1.35324 0.0850535 -0.0415993 -0.191475 
2.91375 1.02875 3.86094 2.96555 -0.110648 0.745762 2.07096 -0.929482 -0.749347 0.12671 -0.219525 -0.182355 
3.06148 2.83586 3.30859 2.65143 0.83975 -0.00346606 0.162909 -0.864643 -1.31469 -0.489436 0.108238 -0.167302 
2.84727 1.68129 3.65634 0.786474 2.00535 -0.537763 -0.641308 -1.37808 -0.578108 -0.655805 -0.147751 -0.0780487 
3.05189 2.0609 3.38287 0.954451 1.27892 0.904785 0.176841 -0.873261 0.157915 -0.807531 -0.123982 -0.0669109 
3.03161 1.83954 3.69671 1.13233 1.6749 0.0600915 0.231938 -1.31065 -0.362676 -0.460143 -0.234102 -0.0708331 
2.28974 1.54684 2.81885 0.440305 0.412455 -0.126278 1.14882 -1.46491 -0.508934 -0.186681 -0.423402 -0.0532991 
2.31242 1.06832 1.99344 0.279384 1.20301 0.645655 0.957904 -0.509372 -0.0344065 -0.366239 -0.155534 -0.101779 
2.26409 1.34162 2.27404 0.771731 1.77971 -0.0293276 0.656513 0.127504 -0.312699 -0.601088 -0.0933519 -0.107738 
2.00631 1.0432 1.93893 -0.0371086 1.57216 0.430693 0.503343 -0.409374 -0.102673 -0.353164 -0.28182 -0.091373 
1.45129 0.62782 1.1667 -0.630281 0.884036 -0.874997 0.588625 -0.874396 0.109083 0.0926707 0.192697 0.041408 
1.64084 0.314121 2.1426 -0.72627 0.990752 0.438843 0.879775 -0.399643 -0.209621 -0.080053 -0.080588 0.0550171 
1.60214 0.144798 2.03349 -0.475971 0.91968 0.13197 1.1049 -0.448471 0.317219 0.0105057 0.0343352 -0.0762164 
1.71229 0.582105 1.44639 -0.590234 0.552059 -0.224687 0.489553 -0.65741 0.188179 -0.194623 0.402703 0.042191 
1.32162 -0.0433466 1.67443 -0.316926 0.989167 0.237709 0.388665 -0.512332 0.471496 0.497759 0.187208 -0.00628567 
1.30523 0.273021 1.84148 -0.729458 -0.0321534 -0.0449657 1.69243 -0.832717 0.104521 0.392882 -0.0454756 -0.0414578 
1.66498 0.185768 1.56348 -0.711754 -0.115318 -0.212762 1.3145 -0.682269 -0.123589 0.474554 0.0479701 0.00405 
1.36868 0.562663 1.37739 -0.107288 0.875602 0.00513536 0.413096 -0.740664 0.187511 -0.283654 0.0896678 0.0379442 
1.38854 0.0359287 1.82999 -0.126505 0.859224 -0.186327 0.873588 -1.04872 0.456817 0.0563391 -0.0306835 0.0167716 
1.68161 0.0879939 1.91976 -0.496884 0.119807 0.241674 2.36057 -0.960031 -0.0109432 0.370231 -0.126249 0.0133431 
1.06598 -0.19268 2.31326 0.034244 0.384653 0.305987 1.10621 -0.445372 0.218772 0.773946 -0.0927638 -0.0521839 
1.40983 -0.405516 1.63229 0.228966 0.779574 0.0257316 0.977852 -1.05842 0.0504297 0.292768 -0.117351 -0.0169595 
1.46799 0.347622 1.83103 -0.103499 0.96314 -0.125469 0.511647 -0.537087 0.514682 0.320101 0.0193877 0.0132024 
1.38757 0.447178 1.7467 -0.251385 0.899934 0.143633 0.643101 0.080304 0.0310796 -0.274792 0.029368 0.0394626 
1.47835 0.0205227 1.15918 0.0982442 0.689226 0.18125 1.15563 -0.515388 0.328901 0.28948 0.265541 -0.0238491 
1.72596 0.353224 1.45433 -0.402891 -0.132652 0.312838 1.36516 -0.696049 0.145096 0.110952 -0.0444156 0.0372915 
1.40659 0.0761561 1.00639 -0.344592 0.735014 -0.366101 0.418321 -0.677923 0.697167 -0.0432277 -0.00918697 0.0651473 
2.57846 1.94756 1.67403 1.3762 1.3561 1.20245 1.06281 0.871069 0.552665 0.343371 0.190107 0.0314793 
2.9837 3.83559 2.90274 3.97459 1.73068 2.67551 2.00454 0.988012 0.92651 0.0998307 0.561979 0.0501164 
2.87767 2.8589 2.81639 3.19105 1.36745 1.22009 2.24135 0.858112 -0.0862803 0.487207 0.727055 0.0544313 
2.99373 2.63437 3.20056 2.60409 1.76208 1.87516 1.96702 1.03508 0.203633 0.717899 0.376317 0.0668438 
3.05715 2.56405 2.46481 2.45983 2.14234 1.89026 1.53928 1.30286 0.782475 0.509714 0.2498 0.0856311 
2.06349 1.13808 1.41512 3.17037 3.11415 1.36055 0.941555 0.9256 0.672634 0.949638 0.487643 -0.00568537 
-0.0196586 -1.25477 -0.0447684 3.01132 4.43963 1.92632 1.77344 0.935956 -0.420053 0.67326 0.366423 -0.035747 
0.0939835 -0.748675 -0.502286 2.62617 4.87146 2.02007 1.72161 1.07482 -0.508154 0.752498 0.449773 -0.0530515 
0.71704 -0.654704 -0.277158 2.12311 3.70136 3.60896 2.38069 0.526584 -0.486427 0.684565 0.534543 -0.046993 
1.85562 0.0274415 -0.821561 1.08406 4.02907 3.17521 3.30078 0.861953 -0.835666 0.296895 0.38151 0.106294 
3.00412 -0.212804 0.0748434 2.47022 4.78389 2.37596 2.42439 0.656536 -0.284511 0.582376 0.237362 0.168318 
3.43416 -0.47685 -0.933876 1.96389 3.67989 2.78106 4.19449 0.201704 0.0397612 -0.0591999 0.379235 0.178336 
3.70501 -0.390546 -0.666843 2.82819 3.22514 2.84546 3.54064 0.148335 0.515165 -0.160935 0.217492 0.123813 
3.92446 0.581208 -0.660666 2.1423 3.07686 3.24309 3.40819 0.354134 -0.108117 0.0739791 0.2485 0.130084 
4.59416 1.14328 -0.852696 2.53001 3.20802 2.72541 3.37759 0.728825 -0.100765 0.0917791 0.284691 0.133203 
3.42655 1.59155 0.565232 1.4121 2.48797 2.83367 2.47203 0.941504 0.0736354 -0.0232203 0.157689 0.108568 
2.99775 1.83201 1.23633 1.42787 1.77105 2.52411 2.25767 0.788626 -0.0579063 0.0299328 0.202451 0.0694886 
3.36403 1.71366 0.87753 1.35365 2.33899 2.92501 2.7706 1.03567 -0.177874 -0.109717 0.151498 0.119377 
3.81975 1.84434 0.652123 1.68666 2.37236 3.20085 3.20523 1.04274 -0.202299 -0.0579216 0.0984122 0.130145 
3.34122 1.62506 0.789082 1.31336 2.2895 2.8028 2.60329 0.874005 -0.259481 0.00236601 0.308687 0.127206 
3.11568 1.58008 0.825584 1.32617 2.15097 3.10494 2.87284 0.904517 -0.406656 -0.156619 0.211339 0.136309 
3.34101 1.27634 0.752725 1.60641 1.93233 2.80096 3.20844 1.18274 -0.582984 -0.193887 0.168979 0.128062 
3.68358 0.935601 0.27391 1.71064 2.14617 2.86129 3.44487 0.733992 -0.679759 0.0135078 0.186849 0.124175 
3.6155 1.2242 0.518208 1.80025 2.00263 2.46633 3.63292 1.29583 -0.709395 -0.284461 0.204095 0.147927 
3.659 1.12081 0.878787 2.37718 1.86831 2.62548 3.83896 0.900028 -0.833537 -0.175398 0.307142 0.136273 
3.5069 1.31828 1.08606 2.43139 1.95034 2.33543 3.5992 1.27609 -0.814362 -0.386019 0.286454 0.14402 
3.75901 1.3851 1.10373 2.53566 1.49454 2.43062 4.17854 0.809178 -0.938451 -0.330169 0.31774 0.101679 
4.59102 1.09365 0.989455 2.85881 2.58844 1.93925 4.26549 0.609939 -0.994332 -0.234803 0.350251 0.135579 
3.24008 2.27461 1.72763 1.72375 1.7071 1.99392 2.11988 1.0643 0.0247061 -0.0853904 0.28964 0.061065 
2.90727 2.35171 1.9892 1.79304 1.86589 1.52844 1.13056 0.631545 0.22587 0.229266 0.208238 0.0278505 
2.89487 2.43746 2.12752 1.98821 1.84604 1.48033 1.14501 0.52608 0.234942 0.0505895 0.0668522 0.0141985 
3.2612 2.75574 2.43192 1.97006 1.79846 1.31058 1.12721 0.435701 0.028739 0.0696855 0.118303 0.013888 
4.43533 3.62508 3.43804 2.79574 2.35888 0.958786 4.11947 0.726463 -0.811056 -0.669778 0.280069 0.028268 
4.68593 4.22875 3.94512 3.34295 2.89163 0.355718 3.29138 0.210391 -0.157843 -0.401359 0.143651 0.0299872 
3.24123 2.79256 3.06389 2.96019 2.03154 1.55087 1.5721 0.91567 0.0954405 0.0745404 0.14709 0.0165234 
3.13226 2.70467 2.87774 2.67724 1.90826 1.51449 1.32593 0.773733 0.135246 0.158309 0.144147 0.0193795 
3.6232 3.06924 3.07146 2.91269 2.59599 1.81896 1.51296 1.06284 -0.15324 -0.0865392 0.260342 0.0255275 
4.20408 3.83975 4.45842 2.48428 2.48153 2.34658 1.85768 1.21844 -1.4569 -0.440841 0.414119 -0.0594858 
4.64694 3.56046 3.94621 2.64325 3.28607 1.77923 1.55844 1.99386 -1.45857 -0.776267 0.427705 0.019956 
3.74066 3.38495 3.68283 3.11107 2.29976 1.05895 1.22212 1.2551 -0.59954 -0.294648 0.37545 0.00635253 
3.43284 3.0412 2.93798 2.43046 2.0194 1.33244 1.08334 0.573716 -0.295696 -0.0862161 0.142734 -0.00582727 
3.22241 2.78382 3.09707 2.77092 1.88191 1.14801 1.23184 0.977528 -0.00921342 -0.0681035 0.166964 0.0118484 
3.58995 3.19892 3.06635 3.04913 2.58885 1.46789 0.990143 0.753603 0.0285957 -0.110115 0.121389 -0.00366718 
3.52763 3.22898 3.27513 3.18978 2.43423 1.54148 1.04786 0.65458 0.178349 0.0135998 0.148553 0.00469038 
3.42753 3.09278 3.24652 3.17523 2.45422 1.79046 1.40001 0.80681 0.271709 0.183583 0.199075 0.027735 
3.97775 3.85149 3.79405 3.52946 2.73585 1.83138 1.23041 0.717706 0.171143 0.0678878 0.223659 0.0176427 
3.99738 3.85935 3.72024 3.30556 2.48632 1.54317 0.962867 0.495143 0.148709 0.0532582 0.183536 0.0157629 
3.399 3.10323 2.92697 2.59871 2.05297 1.46504 0.935903 0.519195 0.259575 0.130764 0.126193 0.0165203 
3.03984 2.65004 2.45433 2.20139 1.80405 1.40159 1.01996 0.663736 0.397896 0.221244 0.0848691 0.0259724 
