1.56772 0.182213 1.20947 -0.730043 0.576223 0.292345 0.579243 -0.479694 0.548638 -0.0306411 -0.0601089 0.0148192 
1.38821 0.183809 1.90786 -0.156695 1.06916 -0.264555 -0.0248877 -0.779404 0.177717 -0.0969786 0.158219 -0.0572331 
1.55316 0.260982 1.33388 -0.166547 0.68884 0.557712 0.814712 -0.530134 0.0156148 -0.0955952 0.328952 -0.0260767 
1.59926 0.0930977 1.57601 -1.15007 0.494718 -0.430396 0.290613 -0.378947 0.273149 -0.225861 0.120776 0.0311075 
1.3325 -0.0192781 1.42466 -0.00796555 0.874375 -0.440094 0.100078 -1.25639 0.120446 0.0749777 -0.0338366 -0.00460951 
1.48103 -0.329354 1.12487 -0.57767 0.695207 -0.0928994 0.569373 0.0758835 -0.155161 -0.442373 0.107905 0.0017229 
1.4366 0.355763 1.73621 -0.449567 0.901413 -0.428141 -0.219459 -0.0317354 0.33258 -0.459085 0.245904 0.0388396 
1.3196 0.0902265 1.52671 -0.875663 0.668033 0.636227 0.611906 0.167787 0.394682 -0.317098 0.269527 -0.0759612 
1.24615 0.296621 1.73338 -0.501883 1.10538 -0.43108 0.0502314 -0.0747622 0.576264 -0.234918 0.232968 0.000350496 
1.59043 0.357382 1.24884 -0.611645 1.07235 0.540635 0.135485 -0.158338 0.0556922 -0.412679 0.465956 0.0419471 
1.52723 -0.164255 1.42813 -0.846343 1.00483 0.389542 0.464668 0.0380382 -0.464276 -0.299002 0.18868 0.0601094 
1.25132 0.276439 1.09185 -0.869857 0.823426 0.515996 0.958897 -0.113808 0.156634 -0.62479 0.266282 0.0272303 
1.78442 0.21695 1.01621 -0.754788 1.2885 0.719746 0.577995 0.166066 -0.0547954 -0.300182 0.0947045 -0.00558694 
1.32767 0.111992 1.14767 0.0232534 0.503439 0.428829 1.18493 -0.49286 0.00290501 -0.500087 0.040915 0.0603719 
1.3573 0.218686 1.60762 -0.725117 1.23844 0.113352 0.755628 0.0909118 -0.0852037 -0.189747 0.249271 0.0194747 
1.57581 0.0370971 1.72141 -1.75194 0.523294 1.00058 0.364303 0.0644585 -0.33212 -0.630961 0.169745 0.0057772 
0.928579 0.225765 2.83978 -3.42749 1.41446 0.465593 -1.45722 1.11601 -0.701451 -0.283745 0.405056 -0.0426076 
0.687625 0.209822 2.38 -1.87898 2.14977 0.487906 -0.644729 0.686938 -0.706351 -0.00528256 0.0403091 -0.174233 
1.04568 -0.117607 2.20736 -1.99904 1.80073 0.114093 -0.31835 0.217674 -0.604355 0.0223965 -0.0675854 -0.0962016 
1.37713 1.3684 2.72226 -0.492409 3.11247 -0.331565 0.554096 1.12959 -0.255874 0.664857 -0.0112176 0.0229026 
3.18975 4.59952 4.67689 0.781858 5.57125 0.921748 1.85275 2.10903 -0.261083 1.05555 0.120005 0.0393231 
4.28601 4.00747 5.17053 1.93518 4.17202 1.59591 1.33396 1.79259 -0.412406 0.881631 0.189179 -0.0156235 
2.87218 2.46219 2.26913 2.09758 1.83574 1.62355 1.30922 1.06547 0.782382 0.530809 0.307203 0.061084 
2.85986 2.42589 2.24306 2.06904 1.82905 1.55047 1.3171 1.03191 0.752821 0.51178 0.287259 0.0578354 
3.11503 2.7326 2.91824 2.18112 2.44009 2.16459 1.36352 1.21932 0.935141 0.44861 0.272455 0.0852124 
1.33951 -1.84534 3.11675 4.00371 1.29343 2.32578 1.52439 0.980299 1.28174 0.279686 -0.0351091 0.105544 
-0.497406 -3.68176 3.10336 5.0434 2.73562 0.893701 2.18964 0.0864482 1.05156 0.121324 0.316926 0.114096 
0.335599 -2.93955 2.03101 3.28892 3.42031 2.20464 2.88649 -0.785148 1.45396 0.0523717 -0.0441016 0.200704 
1.26423 -2.32808 1.45296 3.37326 2.43659 2.11611 2.55161 -0.177117 0.163134 -0.178474 0.088181 0.122164 
2.72267 -0.877338 1.24228 2.27744 2.84271 2.55621 1.78417 0.349892 0.496732 -0.259545 0.0269957 0.132973 
3.47131 -0.196277 1.02204 1.24412 2.86483 2.34334 2.93856 0.900209 -0.0533726 0.19141 -0.114736 0.035672 
3.67571 -0.0677253 1.71308 2.50567 3.16167 1.88041 2.64574 1.03137 0.314652 -0.193622 -0.128237 0.124722 
3.37334 -0.558719 2.16421 2.3899 3.8011 2.24902 2.44821 0.671225 -0.472471 0.22637 0.074284 0.1051 
3.34471 0.772686 1.68961 0.846262 2.9444 2.29337 2.99354 1.70541 -0.531983 0.06551 -0.339085 0.0128708 
3.23457 0.789016 2.51864 1.55463 2.94137 2.71388 2.69614 1.19859 -0.721173 0.225011 -0.15921 0.0288038 
3.65195 0.587839 3.02665 1.61034 3.21356 3.2483 2.12303 1.71765 -0.5941 -8.02929e-005 0.0336092 0.0183595 
4.50138 -0.629611 4.09516 0.827519 3.11496 4.10956 2.49316 0.895301 -0.248236 0.262445 -0.168723 -0.0330966 
3.47486 0.727045 2.61464 1.67741 2.67559 3.70168 2.34056 1.52184 -0.594495 -0.00133223 -0.0681615 0.0448405 
2.95326 0.998752 2.86605 1.23084 1.64153 3.70134 2.97559 0.500644 -0.105737 0.290681 -0.331291 0.0434586 
2.79675 1.40341 2.43543 1.17899 1.37451 3.05119 2.60605 1.01544 0.0466022 0.082529 -0.168238 0.0270023 
3.06804 1.57705 2.16912 1.35601 1.95501 2.62992 2.04553 1.23348 -0.199397 -0.0641554 -0.026149 0.0342386 
2.9697 1.41294 2.46413 1.90406 1.05805 2.79077 2.77924 0.440101 -0.0151059 0.231169 -0.113442 0.0160178 
3.15511 1.72555 2.1871 1.70666 1.18596 2.94406 3.16699 0.6757 -0.0787729 0.279214 -0.17354 0.0156163 
2.88522 1.83598 2.32979 1.81206 1.51314 2.51169 2.01175 0.646975 0.38323 0.258484 -0.047258 0.0322498 
3.06221 1.82565 2.43591 2.17765 1.68581 2.55467 2.51771 0.48186 -0.0814691 0.34832 -0.0378275 0.0160292 
3.37178 1.92747 2.25273 2.15619 1.84758 2.57656 2.27174 0.836119 0.291274 0.0389477 -0.0796303 0.0244142 
3.18367 2.04427 2.74162 1.88908 1.32036 2.40857 2.37619 0.808268 0.17309 0.214021 -0.33854 -0.0312983 
3.84375 1.64726 3.30996 1.51416 1.35854 3.52324 3.46953 0.873987 -0.640648 0.327653 -0.378527 -0.0946986 
3.67622 0.759877 3.69046 2.46693 0.643707 2.78672 3.63328 1.17712 -0.0685995 0.239305 -0.509814 -0.116409 
3.69514 1.63336 3.27212 1.66452 0.468944 3.34844 3.36448 0.365107 -0.182557 0.20559 -0.47964 -0.105247 
3.53297 1.80047 2.86018 2.04197 0.561823 2.52911 2.99107 -0.0216936 -0.433382 0.549089 -0.362371 -0.134193 
3.98557 2.33305 2.36082 1.72866 0.600533 1.78883 2.54612 1.08397 -0.192888 -0.021867 -0.220664 -0.104084 
4.08707 3.24903 2.13782 1.38664 1.49089 2.0413 2.05445 1.21476 0.344319 -0.00972146 -0.0884151 -0.0271475 
3.95044 3.66105 3.00332 2.09163 1.56446 1.41247 1.4417 1.26841 0.719451 0.162775 -0.0321024 -0.0214264 
4.80039 4.43645 3.49793 2.05113 1.21871 1.16638 1.14516 0.698692 0.311279 -0.128792 0.0358497 -0.028633 
4.29074 4.32219 3.45278 2.58541 1.46917 0.487881 0.269003 -0.356484 0.0529833 -0.0986029 0.0139358 -0.00819741 
4.00878 3.86286 3.33244 2.4276 1.92933 0.727299 0.587377 -0.111123 -0.214404 -0.0671773 -0.0482042 -0.0402384 
4.40259 4.19205 3.72276 2.74386 1.89847 0.792645 0.157634 -0.16498 -0.367362 -0.1486 -0.109742 -0.053384 
4.61335 4.49843 3.92913 2.90854 1.75956 0.934411 0.198714 -0.251819 -0.305784 -0.222563 -0.133227 -0.0577299 
4.78256 4.74077 4.30815 3.07466 1.5373 0.761852 0.13426 -0.545374 -0.552527 -0.264262 -0.167279 -0.0552154 
4.43203 3.89238 4.4966 3.19599 0.344508 0.399893 0.886946 -1.31059 -1.43893 0.127009 -0.229695 -0.152834 
4.03297 3.80621 3.81932 2.97899 1.38856 0.631118 0.111339 -0.77717 -0.74961 -0.178854 -0.147019 -0.0893616 
3.76517 3.51501 3.43707 2.74284 1.64339 1.0093 0.397272 -0.373564 -0.388526 -0.0637229 -0.0178013 -0.0575926 
3.7897 3.51124 3.74448 2.91453 1.47625 0.981904 0.478117 -0.592523 -0.656231 -0.0535888 -0.0423381 -0.0797204 
4.19174 3.49894 4.55005 3.40472 0.632173 0.893122 0.825333 -1.24435 -1.1579 0.0846649 -0.195876 -0.156733 
3.62111 3.29884 3.22252 2.60694 1.46214 0.7347 0.206517 -0.495763 -0.661126 -0.24909 -0.0355156 -0.0858003 
3.44859 3.1728 2.8918 2.26013 1.52487 0.779836 0.143684 -0.276213 -0.333434 -0.180802 -0.0515099 -0.0698091 
3.82976 3.58991 3.30821 2.70086 1.84791 1.03459 0.321728 -0.147705 -0.278957 -0.196406 -0.0521387 -0.0650725 
4.36596 4.47255 4.13086 3.33275 2.18954 0.931139 0.0851317 -0.319362 -0.467818 -0.395534 -0.174849 -0.0946182 
4.28992 4.13264 3.88508 3.10692 1.79608 0.772328 0.00117362 -0.637337 -0.596555 -0.369445 -0.195502 -0.098677 
4.59707 4.49471 3.8759 3.11873 2.1955 0.993414 0.169802 -0.176551 -0.51779 -0.474809 -0.198618 -0.108243 
3.74598 3.52978 3.24929 2.73427 1.94547 1.1661 0.480215 -0.100385 -0.311328 -0.314483 -0.040184 -0.0757904 
3.55177 3.40185 3.36059 2.33757 1.3073 0.51388 -0.417995 -0.96445 -0.687918 -0.252031 0.0204813 -0.0611927 
3.49885 3.24318 4.31745 1.80595 1.74619 1.9085 -1.30178 -0.316689 -0.552469 -0.831301 0.369555 -0.0461327 
3.29462 2.76402 3.97628 1.04421 1.53167 1.12499 -1.34205 0.10807 0.0450394 -0.739416 0.617776 0.0601312 
3.01202 2.81518 2.92355 1.28428 1.50161 0.323137 -0.413789 -0.577953 -0.22252 0.0543122 0.256347 0.054247 
2.81733 2.08175 2.83735 0.869414 1.569 -0.139317 -0.771527 -0.951567 -0.39057 -0.284021 0.191569 0.0668532 
2.70995 1.9736 3.03006 0.416652 1.50475 -0.611324 -0.164025 -0.509082 -0.126683 -0.696431 0.147954 0.10208 
2.4926 2.18927 2.14616 0.47158 0.550495 -0.134211 -0.883173 -1.3091 -0.391064 -0.537057 0.104412 0.0762359 
2.23739 1.75575 1.84059 0.198357 1.03993 -0.336603 -0.701024 -0.944822 -0.627724 -0.566976 0.1927 0.10438 
2.02389 1.11166 1.59689 0.575092 0.159947 -0.618176 -0.269798 -0.293463 -0.427462 -0.53273 0.0779989 0.125512 
1.5309 0.932517 1.29637 0.0526639 -0.0632363 0.251815 -0.0955246 -0.669838 -0.265751 -0.461287 0.147025 0.0158644 
1.48089 0.787336 1.47878 -0.188958 1.36155 0.316495 0.467189 -0.414693 -0.339316 -0.459337 -0.203788 0.0402593 
1.2271 0.347962 1.22984 -0.492771 0.373225 -0.055075 -0.581474 0.25768 0.156345 -0.248017 0.109476 -0.0204334 
1.30547 0.0711695 2.04479 -0.280782 0.893044 0.717256 0.499524 -0.00819109 0.140927 -0.663944 0.125949 0.0376516 
