1.38881 0.581932 1.51849 -0.956878 0.469068 0.632913 0.786405 -0.315961 -0.00754733 0.356441 0.30429 0.0568955 
1.75006 0.316355 1.73566 -0.104297 0.554259 0.482438 1.08604 -0.330158 0.80577 0.268588 0.255999 0.0336229 
1.7584 0.789964 1.43101 -0.113623 1.63785 0.0829615 0.432598 -0.0658275 0.114626 -0.458822 0.294966 0.0705148 
1.83772 0.640339 1.73898 -0.252007 0.809263 0.150591 1.07964 0.0494626 0.257951 0.0461967 0.135113 0.132667 
1.84265 0.635278 1.23281 -0.140689 1.76846 -0.030636 0.361953 0.0029217 0.465762 -0.00935863 0.155317 0.0732291 
1.83261 0.706853 1.50332 0.171098 1.11956 0.0911377 0.928688 0.0442517 0.870286 0.0349712 0.335885 0.0712839 
1.94343 0.706411 1.78927 -0.135207 1.20392 0.593717 1.22029 -0.480025 0.349804 0.153548 0.265428 0.0927498 
1.92093 0.935348 1.91246 -0.12348 1.56077 0.58931 1.43466 0.141088 0.870213 0.453645 0.154397 0.0577754 
2.12606 1.06309 1.60916 0.167708 1.81374 -0.0565504 0.807747 0.508277 0.148656 0.0658571 0.149876 0.0994578 
1.99912 0.411084 1.8975 0.784158 1.47225 -0.358153 1.1002 0.475154 0.879578 0.262231 0.264037 0.0702001 
1.90085 0.285842 1.89984 1.23673 2.07669 0.100763 0.906477 0.28864 0.857666 0.597504 0.222786 0.0195406 
2.00047 0.532033 2.07374 -0.84661 1.39905 0.272374 0.790202 -0.189343 0.396298 0.0824912 0.191765 0.141356 
1.77182 0.439028 1.57985 0.481706 1.54232 0.64537 1.03351 -0.443693 0.196132 -0.383743 0.0816933 0.114289 
1.65815 1.21015 1.78861 0.401869 1.71192 0.6613 0.609611 0.481911 0.191459 -0.2191 0.404387 0.0190521 
1.95872 0.471464 1.8282 -0.332222 1.27645 0.484005 0.999848 -0.0377662 0.417902 0.374516 0.222323 0.0664252 
2.11365 0.181216 2.12274 -0.482395 1.18767 1.18679 1.50237 -0.247423 0.25552 0.189854 0.249617 0.0698241 
2.44628 1.33034 2.30906 0.0437294 1.88379 0.266644 1.86323 0.865381 0.621467 0.553865 0.249155 0.0611377 
2.44799 1.26103 1.66859 1.12663 2.55289 0.53672 0.98382 0.483891 0.83604 0.261491 0.681943 0.0653091 
2.41874 1.56204 2.28998 0.584067 2.08011 1.14986 1.14486 0.487599 0.900683 0.673166 0.343853 0.0695551 
2.66776 2.21607 2.26843 1.86691 1.66301 1.68696 1.52699 1.00984 0.871341 0.562131 0.506177 0.0844146 
2.59345 2.25196 2.30688 1.75754 1.42903 1.46639 1.42271 0.729045 0.481432 0.554427 0.327654 0.0435547 
2.66984 2.21277 2.34836 2.10996 1.52795 1.41058 1.58423 0.986413 0.219103 0.645023 0.420537 0.0464324 
2.64883 2.38884 2.2744 1.97171 1.80139 1.38799 1.65062 1.07996 0.447887 0.746103 0.306912 0.0653147 
3.02685 0.677686 1.71504 3.69953 4.21135 1.61609 2.79857 0.473909 0.200895 1.1341 0.142051 0.089677 
1.35744 -0.783898 1.38366 3.38234 4.87798 0.552878 2.27293 0.489171 0.805146 0.999645 0.116942 0.0768427 
0.0738575 -2.13905 0.337311 1.66744 4.98547 0.563847 2.17327 0.318632 -0.682762 0.788374 0.351252 -0.031999 
0.605214 -1.12668 0.401324 0.715063 5.19474 2.17891 3.22241 -0.556962 -0.614562 1.13356 0.366946 -0.0351285 
1.50309 -1.14904 -0.868442 1.25838 5.45038 2.05091 4.10133 0.0503024 -0.749052 0.571034 0.461167 0.100151 
2.88653 -1.72603 -1.08916 1.74877 4.74658 2.46927 4.06409 -0.0174548 -0.374695 0.312836 0.309846 0.118365 
3.07067 -1.54777 -1.14877 0.689799 5.26578 2.85325 4.41978 -0.0499407 -0.971933 0.313267 0.366139 0.223219 
3.41378 -1.03763 -1.37907 1.50368 4.67493 2.70983 4.42258 -0.2847 -0.69519 0.284794 0.339931 0.183833 
3.70538 -0.647816 -1.31169 1.79569 4.19441 3.36507 3.75046 0.283863 -1.07801 0.483057 0.377435 0.144393 
3.28212 -0.59542 -1.18086 1.38184 3.81311 3.96437 3.05695 0.543153 -0.501065 0.133004 0.349629 0.147081 
2.66989 -0.17197 -0.965843 1.47199 3.51592 3.86443 2.63736 0.720161 -0.215489 0.0315418 0.286641 0.123825 
2.90387 0.0286202 -0.682898 1.03152 3.07122 3.81483 3.1731 0.673783 -0.34898 0.0725582 0.250865 0.125431 
3.98121 -0.426874 -1.01367 1.26029 2.82884 3.68089 3.49016 1.08961 -0.835467 0.048582 0.33235 0.140946 
4.45593 -0.113915 -1.18035 1.0583 2.56504 3.39077 3.90904 0.728944 -0.764323 -0.00870529 0.297318 0.128697 
3.47791 0.555598 -0.595694 0.884096 2.3652 3.07237 2.91047 0.942168 -0.498224 -0.176722 0.220448 0.127465 
2.81271 0.698739 0.0355519 1.08708 2.3343 3.07422 2.57149 0.655953 -0.508185 -0.209507 0.107433 0.115336 
4.52293 1.08279 -0.827393 0.650411 1.67124 2.26327 3.1178 0.986813 -0.854668 -0.216551 0.135371 0.115139 
4.04432 0.918685 -0.472439 0.654788 1.37253 2.3549 2.95272 0.940475 -0.767239 -0.359442 0.0973437 0.0902188 
3.85029 1.06853 -0.0977412 0.959814 1.30569 1.79853 2.62555 1.31761 -0.759898 -0.637443 0.142183 0.105521 
3.49712 1.17388 0.625756 1.45798 1.05849 1.54908 2.75751 1.0833 -1.22423 -0.687557 0.334307 0.100108 
3.47283 1.45119 0.779005 1.04873 1.01714 1.93328 2.37018 0.448927 -0.999592 -0.429613 0.150632 0.0509758 
3.69973 1.77427 0.33566 0.865705 1.99612 2.20732 1.41316 0.160886 -0.52797 -0.16994 0.24588 0.093188 
3.15203 2.10549 1.37971 1.05659 1.97231 2.26532 2.21319 0.958333 -0.198777 0.0622026 0.376884 0.0929712 
3.32633 2.90007 1.32886 0.0784212 0.595897 1.07885 1.57073 0.369625 0.0315582 0.277182 0.293751 0.0566255 
3.81361 2.5318 1.41353 1.21087 1.38076 1.02002 0.217518 0.0354521 0.196429 0.0946899 -0.00768939 -0.0292351 
3.80649 3.00004 2.1971 1.56888 0.989178 0.54553 0.398777 0.130727 -0.246378 -0.290778 0.103427 -0.016336 
4.11343 2.94737 2.14536 2.0041 1.23624 0.323211 0.523397 0.569864 -0.512019 -0.949376 0.0465427 -0.0281514 
4.5149 3.15606 2.62843 2.98794 1.95276 0.322354 0.222491 0.550292 -0.284385 -0.812389 -0.00542007 -0.00919026 
6.44126 2.66484 2.30224 4.16443 2.11736 0.128086 1.10092 0.7554 -1.02183 -1.41167 -0.106995 0.140049 
6.07141 2.87849 2.48362 4.0332 2.35332 0.530434 1.39982 0.840673 -1.16081 -1.52615 0.00506716 0.180342 
4.74218 3.42773 3.13764 3.65314 2.42384 0.758389 0.897893 0.863009 -0.746433 -1.15599 0.207214 0.0573795 
4.38548 3.62221 3.39172 3.43778 2.37771 1.05979 0.742633 0.394641 -0.624333 -0.739004 0.187812 -0.00967001 
3.47999 3.07768 3.03491 2.87597 2.03878 1.03449 0.683133 0.471768 0.00963845 -0.203198 0.0316523 -0.0253424 
3.36902 3.03026 2.79576 2.45094 1.91777 1.26329 0.676132 0.247474 -0.00928201 -0.0676268 -0.00325197 -0.0251452 
3.85882 3.58952 3.56421 3.22116 2.07584 0.95816 0.611351 0.251526 -0.286198 -0.278483 0.0558556 -0.042966 
3.36577 3.01859 3.00404 2.64942 1.71117 0.948704 0.664393 0.288494 -0.185912 -0.225218 0.000290858 -0.0449314 
3.05308 2.66246 2.43972 2.25139 1.95349 1.44389 0.928561 0.564749 0.245392 -0.0284972 -0.127663 -0.0171819 
3.49804 3.26528 3.04572 2.66568 2.05693 1.22778 0.51639 0.165069 -0.0277365 -0.103545 -0.0129456 -0.0379161 
4.69914 4.5576 4.7675 4.35929 2.36517 0.641588 0.415023 0.227089 -0.227339 -0.310017 -0.099566 -0.0377559 
4.05512 4.05886 4.2035 3.80773 2.81072 1.54059 0.565212 0.0753037 -0.138565 -0.0975393 0.0891837 -0.0342173 
3.2477 2.9913 2.81969 2.51525 2.14529 1.5911 1.12313 0.732741 0.418226 0.25192 0.142672 0.0336791 
2.80326 2.31355 2.09516 1.8182 1.51858 1.19763 0.864403 0.654831 0.440745 0.229479 0.134448 0.0265853 
2.93298 2.52861 2.36347 2.3326 1.9192 1.68879 1.40874 0.980689 0.765084 0.540125 0.314722 0.0778178 
2.80637 2.49993 2.43102 2.08911 2.01535 1.49474 1.30335 0.952946 0.59195 0.655043 0.274284 0.0686572 
2.61242 2.2419 2.46239 1.62364 1.63934 1.45638 1.04072 0.879542 0.902085 0.345087 0.366858 0.0549288 
2.14314 2.05872 3.12146 1.87361 1.63158 0.478988 0.705539 0.637665 0.137285 0.0124495 0.165067 0.0129323 
1.67109 1.02997 1.92093 0.626333 1.55462 0.674307 1.37063 0.262108 0.95676 0.172588 -0.00436756 0.0266532 
1.96783 1.09569 2.00504 0.801331 1.36285 1.4353 0.445891 0.15745 0.0443807 0.529223 0.0311696 0.0188296 
1.91662 1.15059 1.34688 0.439996 1.71872 0.815976 1.34689 0.686162 0.853646 0.372249 0.27137 0.012646 
1.93628 1.03348 1.7405 1.25756 1.52122 0.902479 1.36574 0.711803 0.799624 0.0125694 0.241394 0.0261631 
1.59056 0.448237 1.84258 -0.246711 0.918046 0.602547 1.16132 0.242669 0.630743 0.337497 0.110409 0.0170221 
1.71834 0.401219 1.93867 0.15021 1.23925 0.298987 1.37982 0.463283 0.165237 0.367135 0.144768 0.0548337 
1.51411 0.633242 1.6424 0.621494 0.752208 0.646908 1.1035 0.377802 0.510006 0.247413 0.224815 0.019787 
1.66856 0.797406 1.91157 -0.153303 1.42911 0.0776199 0.142623 -0.0884966 0.275068 0.111691 0.309722 0.0734568 
1.8016 0.659416 1.77398 0.699045 0.654192 0.713718 1.25013 -0.0814936 0.53423 0.391906 0.366091 0.0176258 
1.46171 0.792656 0.979415 0.525842 0.951211 0.0834006 0.455321 -0.143039 -0.0466622 0.171987 0.165277 0.0922162 
1.76797 0.523185 1.29863 0.473055 1.44076 0.563074 0.849195 1.13036 0.486259 0.0527843 0.246301 0.0421857 
1.53035 0.230468 1.74251 0.404524 1.12264 0.917126 1.28877 0.207233 0.803809 0.111389 0.221346 0.0648189 
1.56215 0.728034 1.1577 -0.383588 0.781413 1.23218 0.387731 0.218355 0.386573 0.162713 0.268758 0.0441077 
1.69893 0.636479 1.60247 0.434736 1.53388 0.264492 1.05213 0.0802474 0.216305 0.0302008 0.281788 0.0739477 
1.77088 0.693769 1.25914 0.442711 0.668805 -0.2078 0.468347 0.475197 0.346467 0.0911988 0.33047 0.114993 
1.69571 0.324241 1.3584 0.0427116 0.699895 -0.401867 0.624586 0.18399 0.0800416 0.31693 0.294239 0.083898 
