1.12802 1.85855 1.16296 0.519989 1.71403 0.082314 2.16044 0.318808 0.460679 0.82802 0.225864 0.0251261 
-3.9951 3.51202 3.08866 -1.18475 2.64932 -1.42713 3.31392 0.960247 -0.624413 1.0014 0.035918 -0.0040304 
-1.83778 3.01145 1.53588 -0.117398 2.3708 -0.279645 1.69992 0.388335 -0.607009 0.413501 0.342699 0.014514 
1.864 0.432157 2.18938 -0.416967 2.47654 0.0826964 1.65395 -0.0517962 0.268987 0.595766 -0.0395784 0.14005 
1.57783 -0.55726 2.27025 -0.153146 1.97292 -0.702135 2.41328 1.03908 -0.437352 0.443354 0.0656004 0.108952 
-0.255663 -1.75418 3.33949 2.28325 -0.470044 -0.566371 5.31208 2.44999 -2.04791 0.977699 0.00738362 -0.0316449 
1.71583 -1.87384 4.63493 2.36625 -1.91129 0.0388924 3.62086 0.375418 -1.34601 0.725884 0.315945 -0.0592683 
2.23475 0.371399 2.31032 1.35047 1.80991 0.325059 1.12709 0.682973 0.799578 0.246625 0.430723 0.0413023 
2.15687 0.381847 2.15052 0.332408 1.46521 0.916984 0.752944 0.232915 0.551345 0.220491 0.320317 0.0471651 
2.30147 0.862237 1.78356 0.22063 0.913555 0.88352 0.787989 0.293859 1.06407 -0.267967 0.424303 0.092431 
0.576614 2.29058 0.3526 0.500551 2.44577 -0.117073 1.12907 -0.258585 0.334922 0.677862 -0.230307 0.176329 
-1.39126 2.79164 0.803276 0.134856 0.790145 -0.26766 4.51986 -1.24117 -0.292362 0.939506 -0.247179 0.068298 
0.620079 1.34946 1.42798 0.334615 1.24258 -0.79515 1.99675 -0.251605 0.122188 1.13471 -0.117534 0.064131 
2.28156 0.343163 2.16856 0.297885 1.75905 0.506657 0.953287 0.423078 0.848928 -0.290045 0.284133 0.119856 
1.7931 0.354427 2.06539 -0.287176 1.24596 0.947755 1.18872 0.581297 0.78141 0.0666385 0.278716 0.0515795 
2.13359 0.552613 1.80525 -0.0130057 1.34026 0.777005 0.89555 0.216737 0.660715 0.170588 0.494153 0.0121202 
2.21602 0.803115 2.29517 0.318724 2.33713 0.788863 0.955683 0.259369 0.529659 -0.16174 0.124137 0.105115 
2.29941 0.843684 2.07532 -0.399182 0.750679 -0.259684 0.567283 -0.326415 0.400514 0.331748 0.578288 0.0890235 
1.99919 0.615508 0.891222 -0.287016 1.14898 0.86174 0.89756 -0.59047 0.92391 -0.222653 0.461741 0.0838681 
2.22262 0.606982 1.81503 -0.244894 1.11781 0.28904 1.64231 -0.0406086 0.340911 0.309657 0.457286 0.0598181 
1.98303 0.244728 1.81867 0.123677 0.5954 -0.162712 0.670642 -0.0210714 0.107087 -0.0411436 0.186526 0.0888115 
1.77367 0.44857 1.74009 0.404397 1.69384 0.249795 0.876364 0.184423 1.06306 0.311122 0.355153 0.0377851 
1.97599 0.863037 1.69289 0.348143 1.54732 1.03245 0.807946 0.810933 0.413018 -0.123348 0.309706 0.0710604 
2.22495 0.814292 1.98999 -0.167964 1.40225 0.248 0.504457 -0.339967 0.472574 -0.113362 0.298131 0.110136 
2.01405 0.613598 1.39518 0.443924 1.7864 0.432075 0.52845 0.572282 0.429777 -0.0438051 0.352907 0.0482849 
2.03507 0.695199 1.3223 -0.0829078 1.42494 0.19463 0.609219 0.261172 0.0132058 -0.197214 0.350863 0.0944211 
1.88058 0.569868 2.07275 0.0534913 1.99431 0.845826 0.604771 0.221827 0.198885 0.378387 0.324043 0.0454927 
2.55332 1.94726 1.80385 1.56243 1.55576 1.03318 0.810389 0.597664 0.429932 0.497946 0.569129 0.0460797 
2.79274 2.29471 2.21952 2.18521 1.59509 1.2777 1.53174 0.790536 0.662242 0.418404 0.42809 0.0607213 
2.84552 2.43019 2.47052 2.41392 1.61774 1.94013 1.57226 0.870892 0.504212 0.653183 0.318246 0.0689234 
3.07342 2.56171 2.35034 2.28849 2.13639 2.06692 1.75385 0.963316 0.483738 0.471373 0.370356 0.0817519 
2.85045 2.15821 1.99644 2.14546 2.20201 1.80979 1.24872 0.683602 0.654642 0.640542 0.348604 0.0672268 
2.12976 0.527273 0.256098 2.87109 3.29426 1.6199 1.2908 1.40688 0.670867 0.955128 0.164143 0.0408512 
0.522676 -0.727922 0.636204 2.61817 4.01473 1.85373 2.14184 1.81736 -0.0678979 0.613428 0.50479 -0.0580515 
1.43375 -0.294962 -0.691981 1.56395 4.21546 2.04595 2.89337 0.802492 -0.111516 0.67079 0.232687 -0.0404703 
2.61874 -1.29882 -1.22456 2.33321 4.1112 2.57441 3.47212 0.75861 -1.01099 0.535402 0.384565 0.0792142 
4.23051 -2.16256 -1.58733 2.41787 4.46673 2.18895 4.13051 0.348076 -0.558599 -0.142022 0.393002 0.188816 
4.54653 -1.82017 -2.22117 3.78409 3.38531 2.66507 3.95583 0.495558 -0.417494 -0.317132 0.58881 0.133756 
5.05132 -1.9385 -1.78989 2.96118 4.73899 2.01899 4.05149 0.432295 -0.574833 -0.0770868 0.510753 0.209725 
5.33929 -1.3631 -2.51411 2.91389 5.90337 1.37525 4.05466 0.0900639 -0.219283 -0.262582 0.424468 0.327799 
5.2317 -0.860942 -2.1809 3.02903 5.81257 1.49774 4.02794 0.0255792 -0.18215 -0.0852794 0.371347 0.253076 
3.42188 -0.105838 -1.23001 2.26613 4.30603 3.1408 2.23514 0.708101 0.150793 0.049751 0.151584 0.140268 
2.84041 0.574135 0.0359673 2.17416 3.90734 3.37447 1.81148 0.583887 0.228996 0.0904455 0.118531 0.148251 
3.37722 0.786293 -0.206149 1.8764 3.67928 3.00337 2.33684 0.804918 0.124137 -0.00792176 0.1414 0.144412 
3.03585 -0.138307 0.80631 2.8129 3.10075 2.57886 2.91873 1.55093 -0.559273 0.073603 0.208875 0.181817 
3.35531 0.00490034 0.443004 3.06343 3.38598 2.61122 2.96416 0.847268 -0.551795 0.226804 0.306255 0.168898 
3.014 -0.967517 -0.730057 2.57021 4.15367 2.64019 2.27173 1.11766 -0.257926 0.118442 0.251295 0.152217 
3.079 -1.02122 -0.724834 2.81231 3.79506 1.75303 2.64154 1.2953 -0.134984 -0.156822 0.178906 0.167814 
2.89917 -0.397934 -0.278453 2.5846 3.61365 2.37345 2.42428 1.29418 -0.269703 -0.215815 0.124607 0.184871 
3.61103 0.0801959 -0.315018 2.27028 4.06735 2.216 2.64763 1.22146 -0.353099 -0.103378 0.116957 0.194972 
4.56417 -0.429882 -1.53501 2.83341 4.59422 1.93812 3.12317 1.2547 -0.73366 -0.215099 0.22186 0.247023 
4.26845 0.701136 -0.229488 3.14757 3.76797 2.2355 3.11819 1.37546 -0.339273 -0.359338 0.0669575 0.204402 
4.15225 0.732708 1.41544 3.75675 3.28153 1.79778 3.68675 2.34108 -0.552851 -0.65274 0.0989373 0.228715 
3.95713 1.45713 1.67725 4.20557 3.8236 1.15218 4.46219 1.76925 0.122646 -0.338074 0.018724 0.199269 
3.46674 2.60269 3.35583 4.23343 3.04691 1.06814 1.75883 2.12665 0.974264 -0.0153037 0.0490517 0.109987 
3.33751 2.7131 2.53914 2.51676 1.58519 0.839758 0.858312 1.31788 0.89944 0.18459 0.153558 0.0544744 
3.06728 2.80769 2.45213 1.74488 1.91812 0.620959 1.09262 0.96477 0.610572 0.532414 -0.0173725 0.034306 
3.07527 2.69352 2.39336 2.02776 1.57406 1.09783 0.711148 0.383507 0.213538 0.0832574 0.0259826 -0.00561926 
3.52211 3.19361 2.87209 2.26151 1.55562 0.788894 0.235484 -0.0266809 -0.0997807 -0.0300972 0.0381166 -0.0235021 
4.13016 3.97071 3.4953 2.80453 1.96532 0.990675 0.24049 -0.204887 -0.164958 -0.108504 -0.0709318 -0.0458549 
3.93622 3.92769 3.70313 3.10959 2.39871 0.995103 0.43841 -0.20233 -0.0941794 -0.127085 -0.0622018 -0.0551094 
3.19561 2.89559 2.73224 2.44396 2.03712 1.50067 0.999969 0.543148 0.213125 0.0260047 -0.0482915 -0.0136549 
3.25128 2.95968 2.7337 2.38705 1.94712 1.33135 0.882427 0.424708 0.197896 0.0490002 0.00849338 -0.00408552 
3.1274 2.86724 2.46368 2.36803 1.85547 1.48405 1.14548 0.600801 0.487142 0.121113 0.0721088 0.0191479 
3.21451 2.7996 2.64827 2.19478 1.82004 1.30118 0.846024 0.576954 0.2358 0.203945 0.0727803 0.0148698 
4.13168 4.31753 4.15844 3.53624 2.84296 1.50047 0.965808 0.114572 0.0444635 -0.0101278 0.0841703 -0.0153488 
3.60257 3.5031 3.36548 2.9348 2.42389 1.52154 1.05232 0.463208 0.239345 0.209006 0.15627 0.0191146 
3.69654 3.65588 3.45775 3.05509 2.38706 1.48647 0.92819 0.318836 0.194995 0.0924647 0.163411 0.00939103 
4.6689 4.80465 4.74953 4.03453 3.17612 1.88927 0.97711 0.386812 0.0116905 -0.0434089 -0.0512544 -0.0543835 
3.19864 2.88284 2.71788 2.41961 1.99837 1.51861 0.999122 0.568915 0.229508 0.0118204 -0.0616864 -0.0177491 
3.06041 2.69415 2.49103 2.2206 1.86799 1.4318 1.00967 0.588516 0.276286 0.0692208 -0.043468 -0.0102374 
3.5169 3.31102 3.18042 2.86081 2.35439 1.7767 1.20959 0.699485 0.311063 0.0838964 -0.00361026 -0.0100665 
3.14868 2.77445 2.57653 2.27383 1.86508 1.42057 0.93622 0.524739 0.234744 0.0356309 -0.0445418 -0.00997155 
2.96366 2.5713 2.35215 2.09566 1.81897 1.4059 1.08141 0.730378 0.410191 0.207187 0.0634777 0.0213145 
3.17793 2.85801 2.66398 2.42596 1.99428 1.58735 1.20615 0.742736 0.43545 0.225785 0.074857 0.0250745 
3.26587 2.99788 2.90554 2.67282 2.23028 1.74661 1.37975 0.981389 0.541028 0.380016 0.186514 0.0567084 
2.90676 2.49318 2.41566 2.19159 2.05325 1.72747 1.49352 1.13652 0.84372 0.640973 0.344856 0.0885578 
2.79961 2.35774 2.25373 2.06504 1.84732 1.64662 1.41753 1.12539 0.871967 0.574636 0.3449 0.0765025 
2.78105 2.36769 2.26165 2.04198 1.86624 1.72116 1.45925 1.11189 0.822146 0.595051 0.332312 0.0838868 
2.8571 2.65939 2.65913 2.13724 2.2364 1.96174 1.67892 1.18968 0.799373 0.682 0.437318 0.112232 
2.41501 1.99938 1.94663 1.65365 1.91859 1.48559 1.56134 1.12036 1.02785 0.478071 0.301965 0.0744048 
1.95438 1.58838 2.03284 0.9049 2.1972 0.80177 1.05711 0.753815 0.339234 0.502211 0.10485 0.0419765 
1.84031 1.2389 1.45064 0.39959 1.2945 0.191084 1.47775 0.123285 0.196187 -0.157862 0.217376 0.0284894 
1.82068 0.729903 1.44928 0.464092 1.39802 0.807385 1.15885 -0.0528212 0.699741 -0.0109053 0.0965599 0.0682659 
1.61055 1.10022 1.62768 0.436672 0.971398 0.694493 1.24962 0.665834 0.405767 -0.0439762 0.305759 0.0282886 
