1.9442 0.593562 1.54106 0.487454 2.09866 0.341471 1.69551 0.429977 0.600795 0.481519 0.419756 0.0302673 
2.04966 0.865908 1.88289 -0.14764 1.34914 0.0769899 0.300996 -0.273438 -0.0483567 0.0840107 0.0770062 0.117971 
2.08475 1.08554 2.40279 0.18816 1.56598 0.414677 1.06367 0.288366 0.500152 -0.150395 0.177409 0.091056 
2.15027 0.879032 1.84787 0.235798 1.63633 0.270175 0.870989 0.17272 0.789712 -0.0945306 -0.0343041 0.067091 
2.10541 0.777116 2.4175 0.249897 1.8941 0.430019 1.41575 0.361172 0.24179 0.0802516 0.197884 0.072194 
2.26621 1.06753 1.56278 0.529129 1.16251 0.403698 1.16786 -0.106385 0.0502345 -0.179474 0.261885 0.0606748 
2.20066 0.608001 1.64716 0.138726 1.33333 0.603451 1.07622 -0.111566 -0.21745 -0.15855 0.166959 0.0801879 
1.94395 0.494682 2.03565 0.12759 1.69388 0.328703 1.55911 0.0594334 0.0666647 -0.215542 0.241145 0.0860534 
1.9066 0.784491 2.03744 0.406542 1.47855 1.0214 1.74717 0.225803 0.972655 0.160963 0.291986 0.0548827 
2.3847 0.95259 2.18864 -0.225057 1.00081 1.00856 0.773635 0.30809 0.645595 -0.0591635 0.429698 0.0997524 
1.91738 0.93181 1.4781 -0.020178 1.91131 -0.095459 0.806619 0.234729 0.881737 0.0955652 0.421805 0.0607235 
2.16091 0.977462 2.33553 0.516251 1.7317 0.389225 0.552011 0.325391 0.286538 -0.0949488 0.134912 0.072238 
0.523542 0.470564 1.84941 -1.20464 1.90292 1.71107 2.39653 -0.460768 -0.0820661 -0.254938 0.41088 0.110423 
-3.84171 0.199202 -0.512611 -3.51056 3.05048 0.780213 4.50042 -0.372475 -1.0872 0.385427 -0.125632 0.0863782 
-2.56761 1.5618 1.52351 -0.907211 2.21938 0.281943 3.74817 -1.09662 -0.770797 0.0184333 0.370055 -0.0269839 
-0.653256 4.73338 1.6252 0.505934 3.93404 -0.764384 3.3605 -0.425602 1.25246 0.367224 0.231348 0.0717932 
0.0354452 2.47914 -0.288592 1.35676 3.78171 -0.883094 3.60798 -0.851094 0.262138 0.0231368 0.454427 0.0543318 
0.615979 -0.968984 0.598181 1.45741 2.00321 -0.272432 4.3806 0.690534 -1.22917 0.130101 -0.168806 0.0222245 
0.511607 -2.88205 -0.933267 1.31802 -0.267743 -0.457551 4.68632 0.351582 -0.0454657 -0.244449 0.12397 -0.0151708 
2.3838 -2.55035 -0.795367 1.1891 -0.46833 0.383235 5.05929 0.536137 0.0486534 -0.321654 0.21529 -0.0533795 
3.18983 -2.49146 -1.57786 0.508234 -1.19449 0.768993 4.476 0.177343 -0.695906 -0.486117 0.147815 -0.146606 
3.39086 -2.66293 -1.15163 1.48704 -0.445921 1.10659 5.22869 -0.0693982 -0.143552 -0.185571 0.447903 -0.0982979 
2.96411 -1.25582 0.11084 -0.178404 0.191674 1.35756 4.72549 1.1042 0.228996 0.226821 0.251923 -0.088961 
1.50374 1.03939 -1.55616 -2.23895 0.372381 1.29657 3.02294 2.32516 -0.878324 0.830574 -0.640899 0.00308667 
2.56545 0.691471 -1.58858 -3.86065 1.04364 0.7218 3.13021 1.52319 -0.215102 0.487491 -0.503032 -0.0222295 
1.72591 1.79523 -1.04636 -1.98792 -0.337266 1.71732 2.44478 2.61534 -0.0822736 0.411804 -0.188065 -0.0580545 
2.38658 1.56972 -0.697984 -1.60765 -0.162269 2.11278 1.60511 1.97266 0.691111 -0.0484095 -0.0799025 -0.0784905 
0.76059 2.54317 -0.702572 -1.22625 0.968251 0.910465 1.24216 1.53441 0.945042 -0.458191 0.603641 -0.270917 
-1.76183 4.41111 -0.858343 -1.2563 2.83478 1.0149 0.612063 1.25013 -0.0524313 -0.0147055 0.633995 -0.156184 
0.312507 2.84351 0.452392 -0.181391 2.04438 0.0150119 1.19948 0.948445 0.069552 0.352451 0.617973 -0.136501 
1.79677 1.30951 1.17196 0.467929 0.652834 1.3656 0.111594 -0.943652 0.982226 -0.123362 0.311781 0.0661442 
1.75709 1.44491 1.16349 0.519823 1.35146 1.00339 0.581658 -0.456596 0.908832 -0.425303 0.139267 0.0788944 
1.95859 1.19801 1.07693 0.400816 1.26396 1.03677 0.587106 -0.743855 1.38136 -0.37283 0.377192 0.0870326 
2.42781 0.824144 1.7995 -0.341198 1.1419 0.773388 0.736052 0.238053 0.0397859 -0.0917234 0.539811 0.0791859 
2.1258 0.527164 1.83262 0.481565 1.26495 0.507297 0.70304 -0.532579 0.808745 -0.0376107 0.26144 0.0403348 
2.12143 0.23022 1.98993 0.284379 0.775108 1.85016 0.694079 -0.616517 0.752806 -0.129469 0.207986 0.0974104 
2.23322 0.193389 2.14021 0.578567 1.30875 0.544856 0.337844 -0.117649 0.157885 -0.239186 0.357225 0.111617 
2.33821 0.200538 2.07612 0.304756 1.1697 0.259382 0.941996 -0.0121657 0.361609 -0.0396537 0.228196 0.121678 
2.12507 0.414749 2.12623 0.707692 1.56555 0.427304 1.1463 -0.281768 0.602609 0.282456 0.272449 0.0851103 
2.06661 0.620471 1.8976 0.394578 1.03152 0.282845 1.19384 0.156801 0.608913 0.0467483 0.247265 0.0808696 
1.87695 0.538729 1.11571 0.224033 1.66483 0.489532 1.74348 0.2609 0.32675 -0.177751 0.306477 0.00555422 
2.1328 0.819173 1.41376 0.344917 1.38378 0.299908 1.27546 -0.419107 0.513475 0.242076 0.144033 0.0857475 
1.61306 0.76515 1.75713 0.591792 1.58797 0.911385 0.522694 0.79831 0.571611 0.0493048 0.290666 0.0344735 
2.23485 1.58873 1.87596 1.04568 1.6824 1.37331 0.981195 0.399223 0.662382 0.272266 0.320549 0.0232296 
3.05649 2.77568 2.7056 2.53836 2.34782 2.10679 1.75132 1.37202 0.920087 0.559427 0.250003 0.102127 
3.39515 2.90129 3.33227 3.47831 1.7807 1.56746 2.2164 1.23185 -0.0706109 0.445351 0.539633 0.0735784 
3.46829 3.42267 4.05525 4.43611 1.77376 1.6686 2.56652 0.837594 -1.32757 0.806294 0.608331 -0.0165058 
2.73758 3.74591 3.29126 3.12527 1.59064 2.28141 3.24467 1.10714 -0.772903 0.507157 0.66608 -0.0104776 
3.39074 2.68926 2.98877 3.33848 2.39527 2.10462 2.06223 1.62957 0.104353 0.633087 0.332816 0.0933538 
3.17067 2.51871 2.55106 2.61089 2.59117 2.22519 1.37812 0.89423 0.959741 0.672834 0.141296 0.0749193 
0.492498 -0.458541 0.320357 2.56327 3.94899 1.52971 1.18075 1.18834 -0.177638 0.800842 0.293463 -0.0635823 
-0.39267 -1.39457 -0.471035 2.71024 4.99743 1.60977 2.52575 0.164391 -0.58673 0.77813 0.616344 -0.102638 
-0.595518 -2.09266 -1.094 1.39119 3.85851 1.63795 1.66488 0.0688198 -0.71442 0.628681 0.634914 -0.0839975 
0.146782 -1.00852 -0.777953 0.964528 3.32012 2.77193 2.01501 0.440489 -1.09985 0.351422 0.685362 -0.108371 
2.47158 -0.997634 -0.805547 1.4617 3.51013 2.40391 3.36621 0.557063 -0.846858 0.444986 0.297851 0.0256218 
3.30025 -1.49272 -1.05438 1.96147 3.98382 2.38022 3.66718 0.607923 -1.25166 0.553393 0.380157 0.0503853 
3.39744 -1.74079 -1.26446 2.77205 3.41454 2.47234 3.87406 0.290014 -0.696421 0.185625 0.4901 0.0558057 
3.53043 -1.30861 -1.41087 2.9251 3.1059 2.20723 3.94205 0.410542 -0.658927 0.0612047 0.467728 0.0551523 
3.91593 -1.47405 -1.71976 3.36556 3.79492 1.73058 4.31149 0.133161 -0.351714 -0.0574426 0.546047 0.0872227 
4.26418 -2.1198 -1.68489 3.56182 4.02801 2.17065 3.80141 0.339842 -0.54247 0.0282303 0.622126 0.119888 
4.47515 -0.865269 -2.29034 3.35379 5.0338 1.48365 3.83923 0.265821 -0.0669098 -0.12986 0.462978 0.202351 
4.88834 -0.560513 -1.74005 2.92359 4.95217 1.49742 4.56643 0.111155 -0.209558 -0.0207217 0.417104 0.197689 
5.10499 -0.282135 -1.73381 3.89902 5.08617 1.42604 4.42957 0.237478 -0.0871575 -0.151802 0.520253 0.179135 
5.12007 -0.343627 -1.15115 4.20071 4.48706 1.1788 4.42195 0.672213 0.199039 -0.285038 0.377635 0.138643 
4.64251 0.051276 -0.600513 3.96219 3.76766 1.95175 4.13184 0.886879 -0.173687 -0.0796944 0.329385 0.123276 
4.37749 0.956577 -0.649297 2.40068 3.19743 2.81091 3.54404 0.890772 -0.219325 0.104417 0.208291 0.133039 
4.11015 1.74817 0.153586 0.875787 3.37445 2.40757 3.1353 1.26509 -0.041337 -0.0493192 0.0377619 0.13813 
3.30074 1.53131 0.698541 1.65144 3.15644 2.72781 2.56458 1.00967 0.0110909 0.00774987 0.202394 0.13953 
3.82602 1.83208 0.376419 1.67837 3.25813 1.32494 4.04664 1.02482 -0.0189277 -0.253665 0.104703 0.193156 
3.96058 1.14367 0.156597 2.6753 3.09369 2.31039 3.62112 0.969591 -0.405006 -0.0809614 0.224268 0.17228 
3.73041 0.926555 0.354004 2.17309 3.0532 2.44401 3.95956 0.659586 -0.66404 0.20871 0.247331 0.159605 
4.32453 1.09138 0.13555 2.50268 3.20536 1.89601 4.71871 0.663581 -0.465608 -0.00476115 0.182733 0.145294 
4.44732 1.80645 0.348863 2.52489 3.65659 0.76198 4.82688 0.878434 -0.468749 -0.266202 0.0749378 0.231368 
5.03898 1.91956 0.157906 1.98371 3.86871 -0.00381271 4.57715 0.789918 -0.596471 -0.292267 0.0153856 0.294241 
3.71364 2.43792 1.05241 2.01044 2.49529 1.21813 3.5353 0.371829 -0.337236 -0.276473 0.238624 0.121568 
3.05342 2.33608 2.37881 2.67733 3.10138 2.49925 1.64972 0.56559 0.127676 0.370707 0.39168 0.0772289 
3.67509 3.37568 2.47673 1.61224 1.28403 0.966627 0.767945 0.25805 0.118084 0.440378 0.514183 0.114632 
3.22068 2.56677 1.93586 -0.108233 2.27541 -0.935656 0.36294 -1.22054 -0.612326 0.77204 0.283847 0.141781 
5.80817 5.08571 1.95036 0.96958 4.97705 -1.65803 0.938153 -0.530572 0.517796 0.194511 -0.466605 0.0531615 
6.35982 5.48305 1.96233 0.786244 5.30723 -1.91446 0.769035 -0.417339 0.632821 0.221041 -0.676072 -0.00355614 
4.09777 3.98342 3.5623 3.02652 2.30649 1.10608 0.552671 -0.0430162 0.0540613 -0.112723 -0.0487502 -0.0438275 
3.88691 3.73267 3.45024 2.86489 2.11132 1.26063 0.612041 0.145613 -0.0561083 -0.0979725 -0.0346265 -0.043895 
3.7634 3.57754 3.34493 2.90364 2.25507 1.54986 0.869156 0.365673 0.0843242 -0.0342548 -0.0328959 -0.036863 
3.64224 3.48091 3.28896 2.87659 2.34643 1.54794 1.03406 0.459344 0.176201 0.021939 -0.0235942 -0.0275192 
3.49596 3.38601 3.24024 2.96882 2.5256 1.82076 1.22764 0.594507 0.25643 -0.00286109 -0.0257769 -0.0255403 
