2.00714 1.05835 1.68972 -0.599039 1.43455 0.926004 1.30963 -0.397739 0.68482 -0.248784 0.0248709 0.152409 
2.14412 1.19569 2.27017 -0.0737472 1.82528 0.743422 1.56828 0.679519 0.370164 0.035973 0.0913791 0.0724892 
1.97163 1.04197 2.13854 -0.130228 1.6955 0.920794 0.93464 0.0811611 0.642174 0.054752 0.170262 0.0689479 
1.83951 0.724685 1.70955 -0.0460432 0.916192 0.463212 1.25338 0.573938 0.333544 0.0103979 0.0532715 0.0789611 
1.7529 0.224164 1.99678 0.401636 1.5452 0.648621 1.21724 0.396045 0.494792 -0.462407 0.349344 0.0990528 
1.94541 -0.0348502 2.12174 0.190798 1.07652 0.154933 1.14483 0.613759 1.02524 0.0213334 0.257635 0.0848393 
1.97678 0.453012 1.08723 0.60376 2.06403 -0.0316216 1.74391 0.425319 0.396602 0.246914 0.3896 0.0194005 
2.13618 0.641262 1.89562 -0.0901727 1.268 0.962285 1.24497 0.713243 0.476993 -0.0779366 0.0203906 0.0398528 
1.79772 1.02285 1.58976 0.0250669 0.800211 0.639655 0.910799 0.458245 0.720121 0.29218 0.460883 0.00681772 
1.86771 0.794604 1.60968 -0.0361123 0.805786 0.682937 1.86106 0.70258 0.601352 0.0384678 0.107832 0.035429 
2.07341 0.679976 2.2185 0.167168 1.73657 1.02928 2.14938 0.356881 0.708063 0.14745 0.227295 0.0846002 
1.86451 1.30268 1.80939 -0.673637 1.20319 0.105212 1.10049 0.406688 0.158804 -0.0287591 0.188713 0.0612266 
1.92675 0.868581 2.48256 0.535833 1.46321 1.15159 2.27838 0.351945 1.05068 0.643136 0.114769 0.0391824 
0.08148 2.35699 1.07231 1.05261 1.5122 0.0602064 0.947001 0.461668 0.462118 0.722738 0.534471 -0.147001 
-2.43627 2.36764 0.730263 -0.173266 3.16731 -0.335198 0.804952 -0.879113 0.572239 0.247737 0.385921 0.0679194 
-0.177053 2.51204 1.07418 -0.189578 1.68959 -0.334077 2.52512 -0.389619 0.338248 -0.115851 0.344788 0.0457417 
1.75359 1.61892 1.45462 -0.0835382 0.996337 0.0927182 2.34607 -0.273961 0.491742 0.407719 0.545219 0.0248806 
1.93575 0.721716 2.29506 0.669838 1.37115 0.71552 1.58748 0.0983474 0.9469 0.188275 0.48438 0.0497928 
1.9117 1.07755 2.16017 0.0367186 1.08897 1.127 0.785976 0.367318 0.355497 -0.376695 -0.000773708 0.0937494 
2.05557 0.74349 1.92375 0.811585 1.28061 1.16222 1.24746 0.303975 0.508877 0.137948 0.306206 0.0293441 
2.04648 1.02275 1.92651 0.470786 1.35386 1.25593 1.40463 0.243004 0.259028 0.0433074 0.199375 0.0533448 
1.92279 0.750725 2.24366 -0.0230856 1.4722 0.753102 0.933493 0.295009 0.148329 0.108448 0.278486 0.0565879 
2.07112 0.799028 2.18368 0.239724 0.474274 0.649719 0.991129 0.496202 0.400282 -0.218555 0.00537542 0.0784797 
2.12685 1.15853 2.59195 0.985387 1.41549 0.117367 0.944804 0.601722 0.290079 0.184413 0.120056 0.0509868 
2.04962 1.11355 1.62798 0.16364 1.35901 0.969188 1.40624 0.45241 0.368672 -0.253465 0.211064 0.0697031 
1.92038 1.14209 2.00387 0.321789 1.12103 0.422137 1.93612 0.60617 0.442367 0.387433 0.152349 0.0449415 
1.83282 0.35372 1.82972 0.17153 1.88283 -0.058715 1.10707 0.228649 0.364047 -0.100676 0.313439 0.0819838 
2.65969 2.21484 1.73587 1.67499 1.86843 1.32981 1.50509 0.866055 1.01405 0.464021 0.257337 0.064649 
2.98993 2.61662 2.53428 2.4841 2.21984 1.99408 1.69608 1.31614 0.942858 0.574664 0.292623 0.10215 
2.94631 2.66801 2.50414 2.32542 2.27321 1.77112 1.61065 1.20659 0.793884 0.623853 0.267075 0.0925926 
2.86685 2.46165 2.36384 2.0941 1.99747 1.6721 1.3845 1.13688 0.745533 0.568743 0.293853 0.0814697 
2.78805 0.909469 1.14406 2.33481 2.6551 1.58199 1.50188 1.10555 0.546085 0.566317 0.053623 0.0678531 
0.30551 -0.409533 2.00884 2.96092 4.02309 -0.0421675 2.47818 1.17955 0.416771 0.555068 0.551017 0.0249092 
-0.529933 -1.55055 0.401483 2.83877 4.08628 0.643509 2.84536 0.786477 -0.493607 0.47716 0.370868 0.0435707 
-0.641278 -1.80958 -0.127605 2.5611 3.58534 0.115274 2.49457 -0.0106402 -0.231282 0.586183 0.142824 0.0622457 
0.71498 -0.942051 0.584386 1.59573 4.25709 1.71044 2.73151 0.587568 -0.28651 0.689557 0.348722 -0.0222575 
2.55675 -0.356625 -0.573546 1.60103 3.86684 2.00721 3.63623 0.762215 -0.127127 0.127924 0.174679 0.125265 
3.37383 -0.0517139 -1.08558 1.51259 4.05337 2.28725 3.77401 0.58105 -0.126379 0.087144 0.222186 0.170306 
3.39572 -0.527382 -1.28898 2.44608 4.42584 1.79736 4.86741 -0.0778788 -0.549504 0.438486 0.359695 0.184077 
3.20736 -0.173613 -1.24428 1.80663 4.59894 2.09439 4.27617 -0.243794 -0.0262189 0.448531 0.305195 0.19037 
3.41461 0.0159208 -0.670459 1.87109 4.32356 1.79102 4.22978 0.542521 -0.524595 0.568344 0.223956 0.204235 
3.45688 -0.0192233 -0.989734 2.64297 3.67764 2.01678 4.40907 0.926547 -0.71783 0.297138 0.392393 0.210648 
3.34359 0.0865005 -0.12824 2.39825 2.96207 1.94484 4.36991 1.63817 -0.783307 0.00091816 0.396658 0.223919 
3.67648 -0.333326 -0.392108 3.13473 3.17672 1.43888 4.30655 1.39506 -0.534015 -0.0563029 0.417339 0.206831 
3.49354 0.216404 0.750638 2.87018 2.17461 1.82691 4.06801 1.70483 -0.873052 -0.0331004 0.391974 0.163601 
3.50915 0.190036 -0.567853 2.55688 2.82295 2.1631 4.14768 1.36047 -0.819834 0.0137997 0.444042 0.217213 
3.69345 -0.123862 -0.998029 2.08646 3.94034 2.14378 4.39276 1.00703 -0.927016 0.320695 0.338712 0.231239 
3.37426 -0.225558 -1.314 1.94007 3.97185 2.56072 3.82852 0.842695 -0.635553 0.203549 0.309587 0.218361 
3.26909 -0.134057 -0.94141 0.775665 3.37411 3.13144 3.08647 1.12444 -0.475124 -0.135252 0.269665 0.181223 
2.70878 0.163933 -0.492258 1.31438 2.93422 3.34129 3.23752 0.888798 -0.452552 -0.0669025 0.308261 0.179004 
4.16361 -0.0150927 -1.58391 1.64208 3.981 2.01216 4.47097 1.06697 -0.858458 -0.11659 0.324003 0.286218 
4.05237 0.197413 -1.48327 1.40282 3.75258 1.97424 4.80377 1.2971 -1.13834 -0.0511964 0.327439 0.299705 
4.34313 -0.49001 -0.918948 1.76908 4.25282 1.05852 5.11016 1.22344 -0.989309 -0.157409 0.315608 0.329016 
2.81762 0.764545 0.620104 1.69706 2.70998 2.02472 3.56311 0.877305 -0.498358 -0.301121 0.150713 0.158642 
3.06551 1.3738 1.15974 1.84861 2.75858 1.55893 2.80391 0.665426 -0.883439 -0.352198 0.279061 0.129566 
3.63684 2.00339 0.593962 1.26497 2.10551 1.54461 1.7471 0.581715 -0.0210444 -0.202175 0.473953 0.119822 
3.70031 2.45651 0.445544 0.87093 3.25951 0.595359 2.19208 1.11211 -0.435708 0.236745 0.27122 0.182039 
4.74935 2.92516 1.80491 0.59115 2.38627 -0.265059 0.641623 0.939643 -0.232307 0.015367 0.114729 0.0607734 
5.30983 3.70897 1.49343 1.0134 2.26277 -0.647573 1.58907 -0.0449582 0.0538288 -1.03061 0.00790311 0.136689 
4.49073 3.527 1.68278 1.91454 3.32684 -0.998558 1.9671 0.0262567 -0.356977 -0.88965 0.0457609 0.160673 
4.31817 3.55516 2.14935 2.17339 3.38448 -1.38522 2.23831 0.153786 -0.683504 -0.822543 0.0447029 0.175068 
4.48567 3.67585 2.87083 4.03042 3.32381 -2.33472 2.20273 -0.210525 -0.122847 -0.667268 0.0318867 0.183931 
5.38331 4.08841 2.3784 5.04652 3.20068 -2.02683 2.10788 0.0972559 -0.660179 -0.685515 0.0336889 0.177682 
5.5202 4.21003 4.5913 4.66407 1.87432 -1.05233 0.528684 0.570084 -0.631302 -0.391967 -0.0353167 0.0349871 
3.65406 3.14565 3.22172 3.06085 1.69213 0.477788 0.451249 0.506773 -0.119113 -0.275881 0.143973 0.00063064 
3.6373 3.00215 3.17084 3.3046 1.77425 0.142637 0.170714 0.56547 -0.162229 -0.483642 0.160503 0.00985252 
3.41377 2.83326 2.73566 2.57601 1.51932 0.435044 0.266027 0.262688 -0.129407 -0.220982 0.0911622 -0.00234647 
3.39725 2.8796 2.69159 2.41771 1.47542 0.476154 0.234056 0.229293 -0.0847181 -0.157654 0.131694 0.00637549 
3.97998 3.40959 3.49667 3.46563 1.81353 0.0116927 0.0192862 0.31063 -0.411492 -0.562177 0.217319 0.0230008 
4.05005 3.73871 3.68548 3.34603 1.93439 0.433232 0.0163874 -0.0545891 -0.473824 -0.407398 0.182019 0.00372728 
4.43853 3.95366 3.80052 3.92238 2.33392 -0.010668 -0.409331 0.339935 -0.239514 -0.618334 0.0588069 0.0212407 
3.53898 3.21429 2.9137 2.32795 1.58025 0.883245 0.261735 -0.0428548 -0.0728971 0.00693621 0.173503 0.0133364 
3.22874 2.87125 2.58935 2.13538 1.63275 1.05237 0.56148 0.285519 0.100854 0.0884881 0.109558 0.0113433 
3.32893 3.10714 2.91785 2.47233 1.82809 1.09823 0.489737 0.0971614 -0.0208144 0.0580127 0.156751 0.00549343 
3.66937 3.63003 3.50931 2.99216 2.10521 1.09287 0.239769 -0.232473 -0.276712 -0.045423 0.207691 -0.00115899 
3.32077 2.98293 2.6937 2.2268 1.61471 0.978925 0.46707 0.17353 0.0722357 0.10204 0.164944 0.0179671 
3.25401 2.91544 2.6324 2.21704 1.66648 1.08924 0.619831 0.291362 0.158101 0.143802 0.158387 0.0194773 
4.34865 4.37778 4.14262 3.45376 2.47831 1.47202 0.630587 0.1519 -0.0818422 -0.0310582 0.0419497 -0.0143343 
4.19653 4.18718 3.92162 3.24116 2.26439 1.18069 0.315447 -0.167159 -0.299624 -0.152386 0.0372743 -0.0248703 
4.54423 4.60172 4.28623 3.3613 2.17274 0.881331 0.121042 -0.328116 -0.381692 -0.17855 -0.07932 -0.0303947 
3.7959 3.67549 3.50914 3.06743 2.351 1.59791 0.893037 0.416203 0.157801 0.0965044 0.0926107 -0.00437367 
3.88705 3.83213 3.73246 3.22364 2.47429 1.55658 0.817307 0.316595 0.0360104 0.0425683 0.0965817 -0.0122883 
4.0381 4.0054 3.85783 3.34174 2.50879 1.61304 0.790116 0.220989 0.0189392 0.0213301 0.129974 -0.00218528 
3.86835 3.86665 3.74171 3.19143 2.4435 1.46492 0.749278 0.280112 0.0401725 0.0956306 0.221611 0.0222563 
3.82356 3.74066 3.56224 3.09576 2.23955 1.3488 0.589133 0.0984195 -0.0265768 0.0985492 0.306974 0.0410606 
