0.481925 -0.170509 2.21109 1.18544 2.55184 -0.295607 0.418699 0.42778 0.817874 0.0331615 0.215873 0.0557267 
-2.39659 -2.5467 1.62186 1.67606 2.73836 -0.981312 2.90816 0.136766 -1.41636 0.607563 0.174382 -0.0119949 
-0.434094 -1.8398 2.2371 1.95386 2.27953 -1.2178 3.5912 2.03711 -0.568535 0.378388 -0.0374979 0.0180293 
-0.907208 -1.94108 2.12297 2.25314 3.13447 -1.15373 3.51318 2.09786 -1.08523 0.205862 0.134936 0.106069 
-0.171207 -2.07535 3.19165 1.14897 0.521482 -1.75687 2.68605 3.2669 -1.46761 -0.0648857 0.000337159 -0.116673 
0.775265 -1.79155 3.9675 1.18718 1.25894 -1.48042 3.76762 3.63872 -0.660301 0.476067 0.142356 -0.0193143 
-0.273758 -0.521574 3.72532 -0.305686 2.824 -2.3847 5.17203 3.44992 -0.20142 0.934295 -0.236046 0.0119493 
0.710995 1.44881 2.56683 -0.62624 1.20362 -0.176795 3.93999 1.40636 -0.111348 1.18346 -0.0464843 -0.0668535 
1.86568 1.69875 2.93663 0.611678 1.09121 0.860216 0.779151 1.33463 0.182839 0.316176 0.349282 0.00416648 
1.72393 1.77939 2.29623 0.267858 2.26696 0.909788 0.724001 0.78693 0.894911 0.464874 0.388529 0.0259613 
1.83194 1.42776 2.17864 0.157449 1.12223 1.67789 0.675404 0.684171 0.694162 -0.160473 0.316876 0.0513046 
2.34169 1.28289 2.25777 -0.280763 1.69324 1.06477 1.07673 0.628507 1.18061 0.284426 0.112077 0.0633275 
1.75836 -1.04213 1.95323 1.93301 1.14953 0.684511 0.807789 0.876899 0.735336 0.436699 0.173419 -0.0544186 
2.18718 -7.62173 -0.00918916 5.8042 2.01304 -0.204215 2.83302 -0.524842 -0.981966 0.668875 0.60873 -0.0296189 
2.15886 -3.99734 -0.209119 4.21482 2.38431 1.00238 2.12908 0.158901 -0.513238 0.325641 0.57823 0.0762905 
2.00251 -3.03679 1.12696 3.29236 1.44921 0.241576 3.64142 0.539379 -0.968654 0.0701499 0.494709 0.114301 
2.07989 -0.991301 1.42235 1.75244 0.342858 1.44142 3.54714 -0.429357 -0.419687 0.0156027 0.448313 0.0909369 
2.01625 0.461327 1.75544 0.451387 1.47655 1.73804 1.99373 0.498062 -0.220691 -0.359371 0.347699 0.0941226 
1.9656 0.998094 2.04201 0.231004 0.932651 0.529027 1.16707 0.370048 0.632838 0.476421 0.257218 0.0493743 
2.02629 1.28317 1.64277 0.182566 0.998112 0.248466 0.675678 0.260273 0.631495 0.268556 0.378205 0.0496503 
1.91564 1.35474 2.5808 -0.0500732 1.01664 1.06427 0.952594 1.19371 0.983238 0.0266908 0.326845 0.0322731 
1.53545 1.67739 1.89371 0.596232 1.63126 -0.075772 1.48467 0.216634 1.03296 0.216517 0.553538 0.0140746 
2.601 2.07413 2.12036 1.82273 1.4884 1.01227 1.31749 1.05932 0.37565 0.511624 0.377694 0.0584739 
3.28006 2.21667 4.61516 4.24943 2.12791 0.152758 3.09034 2.4827 -0.8297 0.901885 0.612332 0.0642589 
3.02003 2.6609 3.28768 3.17943 1.80328 1.12246 2.47442 1.26247 -0.680559 0.829154 0.524177 0.0458322 
2.9501 2.86231 3.86681 2.92614 1.77604 1.4673 2.54787 1.12573 -0.821441 0.99404 0.488938 0.00547831 
3.07407 3.0461 3.36162 2.55666 2.84055 1.84446 1.99213 1.51486 0.450922 0.838454 0.272388 0.108432 
2.93655 0.533843 1.81561 2.89522 2.93 1.71192 1.94673 1.87278 0.220181 1.21626 0.0389244 0.0406857 
0.23255 -0.780907 2.03746 3.33549 3.23154 0.795015 2.37703 1.43773 0.401473 0.62219 0.382539 0.0195064 
-0.413261 -1.83817 0.628487 2.87104 4.05325 1.19882 2.16809 0.514223 -0.295484 0.745192 0.391672 -0.0310005 
0.205685 -1.15942 -0.158672 2.20203 4.09717 1.81847 1.75386 1.73972 -0.407891 0.524065 -0.103587 -0.0590377 
1.08863 -1.05361 -0.654235 1.81555 3.57952 2.79107 2.88395 0.306093 -0.958874 0.789002 0.199776 -0.08465 
2.21986 -1.17164 -0.435027 1.81238 3.707 2.76546 2.96294 1.60819 -0.899179 0.354894 0.234013 0.0498131 
3.29388 -1.25454 -1.25351 2.63207 3.86778 2.03823 4.51444 0.556841 -0.368598 0.0406629 0.492896 0.166821 
3.52656 -1.15356 -0.858927 2.90503 3.43128 1.97534 4.01997 0.91314 -0.57335 0.251809 0.450862 0.127282 
3.0769 -0.311903 -0.0757448 2.74369 3.45246 1.92376 3.43839 1.21235 -0.261693 0.0999303 0.241569 0.193783 
3.26446 -0.182551 -0.314579 2.76762 3.56113 1.88083 3.62104 1.07517 -0.237453 0.184724 0.251794 0.187776 
3.33675 0.00530808 0.026592 3.17047 3.51243 1.12915 4.13863 1.17585 -0.406987 0.0572754 0.160041 0.212676 
3.62013 -0.0785832 -0.50761 2.93947 3.39604 1.724 3.99446 0.850842 -0.411971 0.182109 0.314408 0.169271 
2.99788 0.499321 -0.0753274 2.07444 3.25321 2.30693 3.3004 0.83842 -0.278606 0.259246 0.151062 0.172324 
3.64088 0.293296 -0.184116 1.96468 4.10524 1.74342 3.05312 1.22295 -0.22768 0.226882 0.0553358 0.179098 
3.32361 -0.17806 -0.759463 2.57048 3.46106 2.05575 3.50859 1.20991 -0.426418 0.0776092 0.301681 0.195505 
3.18368 0.411933 -0.184585 2.30558 3.90864 1.8785 3.39377 1.28635 -0.379594 0.120382 0.0430181 0.2175 
4.28272 -0.428414 -1.35828 2.54172 5.61726 0.907624 4.42521 1.00214 -0.781571 0.235921 0.1932 0.357038 
4.33264 -0.925158 -1.4646 2.28092 5.19758 1.2727 4.05787 0.937176 -0.485023 0.0569315 0.26411 0.2975 
3.44285 0.408965 -0.487095 2.10736 3.54567 1.21854 3.55184 1.24946 -0.507616 -0.227471 0.194667 0.24449 
3.3663 0.611773 0.150356 1.81158 3.18692 1.90218 2.98711 1.34449 -0.515653 -0.224249 0.208057 0.196404 
3.53367 0.62327 0.243641 2.72101 2.67126 1.83185 3.10107 1.48663 -0.271619 -0.518042 0.305658 0.213711 
3.90564 0.954437 0.109717 2.58274 3.46312 0.881009 3.45902 1.4325 -0.517305 -0.538153 0.189903 0.258582 
4.22624 1.69643 0.125887 1.80934 3.89122 0.770066 3.30585 1.06061 -0.383676 -0.344893 0.0870161 0.249709 
3.69502 1.67072 0.980907 1.25202 1.90969 1.0464 1.50439 1.92293 0.847249 0.346075 0.494943 0.0973117 
4.41102 1.73571 0.756566 -1.05638 2.93981 -0.85784 1.95065 1.49027 0.989315 -0.468681 -0.0404648 0.171819 
4.81171 2.96513 0.927853 1.12374 0.698714 0.591398 0.7239 1.21316 0.509651 -0.472108 0.291712 0.112056 
4.26215 3.22709 2.29568 1.91338 1.35559 0.918388 0.346096 0.426275 -0.155528 -0.265475 0.314999 0.072425 
3.7674 3.42007 2.83737 2.06827 1.42378 0.644576 0.265666 -0.133986 -0.20167 0.0103967 0.236189 0.0359878 
3.35723 3.14168 2.8417 2.28282 1.59437 0.779557 0.496051 0.148085 0.14568 0.133591 0.213304 0.0273268 
3.638 3.43982 3.12721 2.50495 1.79546 0.8965 0.387809 -0.0212899 -0.0477405 0.0896233 0.189571 0.0222845 
3.67282 3.4433 3.23569 2.71365 1.87283 1.057 0.545599 0.215762 -0.0112889 0.012214 0.148797 0.00628063 
3.65367 3.45787 3.32424 2.75805 1.73906 0.865794 0.432316 0.0716366 -0.165305 -0.0391239 0.199125 0.00961532 
3.95972 3.82303 3.63644 2.92932 1.85519 0.920436 0.360408 -0.0492465 -0.257166 -0.0865232 0.169095 0.0125678 
4.3226 4.42061 4.17917 3.18905 2.09748 0.912014 -0.0343159 -0.176519 -0.190962 -0.108242 0.0427581 0.00945826 
3.85899 3.70533 3.49744 2.80878 1.86398 0.936204 0.148368 -0.232156 -0.227605 -0.0237299 0.224034 0.0269335 
3.64707 3.44076 3.18742 2.53644 1.69109 0.83732 0.129729 -0.240489 -0.243722 -0.0448983 0.187402 0.0125422 
3.46363 3.34813 3.16059 2.63786 1.9015 0.970222 0.295609 -0.111659 -0.167752 0.0137582 0.196104 0.00513975 
3.528 3.41068 3.25125 2.72777 1.96583 1.07838 0.369109 -0.029386 -0.0677942 0.0844682 0.221989 0.0170348 
3.61549 3.43276 3.21321 2.70094 1.9963 1.26229 0.640154 0.262458 0.108815 0.123639 0.182861 0.0221347 
3.25581 2.91506 2.64089 2.22832 1.69868 1.15956 0.672875 0.360558 0.199181 0.15392 0.148188 0.0200302 
3.25067 2.94114 2.7242 2.36532 1.87055 1.30698 0.80232 0.440469 0.214867 0.124244 0.0915389 0.00961953 
3.71942 3.62105 3.40764 2.88692 2.08426 1.21457 0.512453 0.0659827 -0.0534746 0.0327087 0.138347 0.000434454 
3.83976 3.75579 3.50086 2.9276 2.17723 1.28123 0.567911 0.162202 -0.0571638 -0.00345829 0.0740249 -0.0105415 
3.80654 3.72114 3.48963 2.90708 2.12711 1.20494 0.59094 0.142853 -0.0426116 0.0174597 0.0651883 -0.0103526 
3.42139 3.19965 3.00461 2.58404 2.00144 1.35258 0.745337 0.355639 0.17843 0.084934 0.113064 0.0120592 
3.00802 2.63516 2.4911 2.19353 1.83207 1.42209 0.970019 0.592741 0.295142 0.0976839 0.0176266 0.0186571 
2.9049 2.49883 2.28408 2.04446 1.8125 1.47194 1.1461 0.841995 0.622276 0.40954 0.235072 0.0623914 
3.06482 2.78818 2.59343 2.45439 2.09262 1.77261 1.36772 1.0434 0.68214 0.447505 0.239395 0.0803348 
3.26989 3.05224 3.13255 2.98063 2.63398 2.02831 1.83682 1.47041 0.837069 0.598341 0.236852 0.107522 
3.3077 3.17802 3.70421 2.61958 3.12142 2.43487 1.70163 1.24579 0.873378 0.627328 0.402004 0.122886 
2.75288 2.54901 3.05416 2.27262 3.15659 2.6723 1.95363 0.984273 0.850109 0.717571 0.384078 0.135745 
2.44145 2.05695 2.7325 1.39053 2.00564 1.68727 1.87593 1.65239 0.928545 0.462715 0.374542 0.0741587 
1.65304 1.30454 2.80029 1.52691 2.37855 2.07742 2.0032 0.3811 0.926898 0.789539 0.327629 0.0540413 
1.31664 1.19577 1.22464 0.798986 1.57381 0.225305 0.787571 -0.0199952 0.847832 0.232349 0.38683 -0.0233235 
1.32808 0.991909 1.66019 0.410633 0.839148 0.531587 1.76659 -0.339283 0.803506 -0.0108036 0.0256082 0.016202 
1.33786 0.818745 2.51381 0.520649 1.53234 -0.137261 1.26623 0.647711 0.736077 0.212776 0.0634458 0.0716779 
1.48269 1.26547 1.74539 -0.123883 1.4719 0.523175 1.21237 0.0657004 0.342608 0.109912 0.138292 0.0834064 
1.59837 0.888387 2.02971 0.530979 1.32025 0.507092 1.33669 0.904699 1.29627 0.357446 0.0958619 0.0338681 
