2.35811 1.00378 1.66874 3.10596 2.66615 0.877101 2.21342 1.03632 0.584541 0.990165 0.180599 0.0678525 
-0.12801 -0.143187 2.08504 2.94626 3.3702 0.204903 3.31222 0.953341 0.863114 0.920873 -0.202524 0.14276 
0.536995 -1.17419 0.587321 2.27944 3.47546 1.48103 3.63377 0.394667 -0.0514415 0.821886 0.0184872 0.0305461 
0.744566 -0.422627 1.14713 2.03863 3.2925 1.35168 4.05724 -0.356065 -0.15217 0.671473 0.469868 0.029157 
1.90912 -0.390802 -0.329561 1.7284 3.452 2.32304 3.5209 0.538209 -0.0726561 0.246539 0.422829 0.0388707 
2.83951 0.240151 0.859547 2.3494 4.07335 1.49533 2.87035 -0.0663381 0.0561491 0.383632 0.250265 0.150969 
3.06318 0.587497 0.214637 2.82317 2.96961 1.30511 2.61608 0.498606 -0.3312 0.158312 0.528381 0.124116 
3.13903 0.620017 0.666301 2.41663 2.80549 1.32081 3.4958 1.05036 -0.52719 -0.0488227 0.306769 0.156116 
2.93015 0.776838 1.16047 3.0219 2.96154 1.26449 2.54132 1.19132 -0.349 0.0206049 0.396063 0.143505 
2.95229 1.01874 0.999536 2.74313 3.15848 0.728985 2.90436 1.25383 -0.00682695 -0.017142 0.111545 0.145791 
3.45954 0.41765 0.728347 3.77739 3.60406 1.07318 4.00461 1.2876 -0.495944 -0.220867 0.330116 0.250239 
3.58647 0.18574 -0.43161 3.48772 5.14289 1.4663 3.69408 0.27802 -0.801888 0.621841 0.401665 0.264277 
3.84464 -0.340038 -1.08553 3.13575 5.31815 0.724183 4.57503 0.895392 -1.08939 0.235223 0.319365 0.367844 
3.19313 -0.738202 -0.427482 3.78105 4.90105 0.938763 3.15969 1.63585 -0.876927 0.435352 0.15013 0.254282 
2.3323 -0.201141 0.856288 4.25452 3.31762 0.766214 4.0858 1.24577 -0.531641 -0.0366481 0.266838 0.27235 
2.92769 0.0238533 0.404998 2.93533 3.13461 1.63765 3.02779 1.40516 -0.567393 -0.294084 0.302005 0.226363 
3.03547 1.10016 0.473459 2.41993 3.30078 1.2081 3.09427 1.00864 -0.273557 0.00465273 0.233791 0.177243 
3.10557 0.67409 1.10041 2.82093 3.5914 0.624539 3.05148 1.47273 -0.204578 -0.0113279 0.138248 0.193848 
2.69331 0.56096 1.23464 3.48216 3.29742 0.745882 2.94587 0.967643 -0.173367 0.0892219 0.355162 0.161427 
3.16345 0.242231 0.940002 4.66901 4.1318 0.0459782 4.63039 1.37632 -0.353146 0.04875 0.0530562 0.275022 
2.99824 -0.184403 0.989532 5.06042 3.61253 -0.306314 5.3642 1.94898 -0.707759 -0.327552 0.0246628 0.33482 
3.67062 -0.125959 0.919697 5.58314 4.28887 0.00233417 5.40218 1.64878 -0.111395 -0.533248 0.135811 0.316314 
4.00782 -0.524428 1.31303 5.01057 4.02322 0.129543 5.52515 1.46579 -0.34003 -0.352804 0.150667 0.254276 
4.13155 -0.903746 0.833441 3.56049 4.40328 -0.000855768 5.2562 0.929307 -0.657938 -0.0574128 0.0700942 0.276463 
3.09926 1.01052 1.66217 2.74722 2.38999 1.62184 3.29352 1.31424 -0.493305 0.0649854 0.249557 0.10715 
3.14615 1.72595 1.21064 2.96734 3.26255 1.61958 2.10467 0.86795 -0.0362954 -0.129513 0.422006 0.128601 
2.77947 2.22743 0.912817 2.22172 3.76233 0.276056 1.90201 1.63674 0.247541 0.162963 -0.0497965 0.111627 
3.55772 2.69942 1.76495 0.569994 3.61368 0.109246 2.19972 0.356509 0.0608201 0.693272 0.139427 0.147945 
4.0193 2.87463 2.19042 2.46175 2.59962 1.45687 0.227561 0.106969 0.481744 0.450578 0.173657 0.0182124 
3.81457 2.98797 2.69625 3.49021 3.00876 0.577928 0.364747 0.450188 0.92116 0.0993368 -0.157496 -0.0278 
3.81127 3.50565 2.53034 2.99788 4.63494 -0.969289 1.47289 -0.358569 1.07647 -0.203287 -0.369877 0.0148748 
4.28082 3.92977 3.57951 3.71575 4.05893 -1.14197 0.145073 0.732502 0.716529 -0.464778 -0.400474 -0.0166364 
3.51872 3.7614 3.53928 2.71814 3.63152 0.0622689 1.45302 -0.00690465 0.577437 -0.0782265 -0.223407 -0.00574952 
3.5513 3.63905 3.20631 2.72551 2.79251 0.976697 1.13838 0.0979819 0.241132 0.0751299 -0.192471 -0.0418448 
3.40308 3.1832 2.90801 2.71225 2.14945 1.1822 0.841248 0.423598 0.240642 -0.174309 -0.174096 -0.0551817 
3.35528 3.26221 3.00498 2.33911 2.28673 0.934774 1.13006 0.114116 0.143101 -0.118377 -0.190174 -0.0527236 
3.48335 3.43851 3.05642 2.45734 2.16976 1.12642 0.904507 0.144866 0.146394 -0.185767 -0.111857 -0.0552191 
3.58887 3.57123 3.0895 2.66054 2.26285 1.27546 1.1283 0.217195 0.264735 -0.126108 -0.150997 -0.0571083 
3.61337 3.89784 3.56844 2.19289 2.74418 0.763616 0.742689 0.36237 -0.115419 -0.150298 -0.11321 -0.0652366 
3.93792 4.0943 3.77639 2.65107 2.73517 0.742662 1.04783 -0.0260894 0.0670894 0.00545802 -0.188283 -0.0519677 
3.77761 3.63941 3.31768 2.82223 2.09082 1.27077 0.673768 0.174399 -0.113254 -0.138029 -0.109243 -0.0673596 
3.67061 3.62295 3.56111 2.44581 2.4024 1.19536 0.547262 0.377745 -0.257581 -0.16182 -0.091251 -0.0761571 
3.54742 3.86181 3.58518 2.49212 2.89511 0.94433 0.997928 0.20943 -0.0504649 -0.146909 -0.106307 -0.0650796 
3.45191 3.46613 3.15786 2.37896 2.4982 1.42887 1.12286 0.537149 0.029877 -0.194728 -0.0610365 -0.0532049 
3.53679 3.27255 3.23366 2.20244 2.65941 2.00726 1.03111 0.957675 -0.148327 -0.207068 0.0271401 -0.0440704 
3.41993 3.13464 2.8562 1.9136 2.4733 1.65481 0.927331 0.663341 -0.485039 -0.0603221 0.102123 -0.0266435 
3.42666 3.33508 3.3821 1.90761 2.43812 1.21944 0.231245 0.813081 -0.571379 -0.00388386 0.24302 -0.0280707 
4.47733 4.14864 3.87397 1.06372 3.08153 1.7941 0.25987 1.21719 -1.46906 -0.465582 0.223419 -0.0804067 
3.23546 2.75957 2.52055 1.97072 1.99191 1.4685 0.730185 0.386298 -0.224776 -0.120373 0.0142163 -0.0344762 
3.21608 2.96617 2.7217 2.08066 1.8042 0.937712 0.447244 0.278472 -0.125307 0.000818912 -0.0398828 -0.0361134 
3.75035 4.14358 3.80527 1.96725 3.57675 1.29796 0.532638 1.09378 -0.987127 0.0334361 0.0789347 -0.0831301 
4.2107 4.54635 4.7736 1.744 3.61295 1.22572 -0.21313 1.08204 -1.26224 0.0151071 0.02252 -0.142445 
3.82443 3.66991 3.45677 2.68192 1.99019 0.991865 0.226898 -0.0931844 -0.319245 -0.124063 0.0314857 -0.0341921 
3.59728 3.32809 3.10287 2.65249 2.00301 1.33424 0.704558 0.288034 0.0670038 -0.0126177 0.014884 -0.0235378 
3.65064 3.55184 3.37002 2.96208 2.20405 1.4612 0.746431 0.272878 -0.0172838 -0.089133 -0.0257876 -0.0439336 
3.30223 3.03843 2.86548 2.42871 1.90346 1.23247 0.647815 0.225224 -0.0960208 -0.14548 -0.100189 -0.0482998 
3.43001 3.17616 2.93099 2.44804 1.83551 1.26678 0.690132 0.338359 0.0336086 -0.00913461 -0.0267809 -0.0273021 
3.19101 3.42234 2.3232 3.0776 1.57166 1.46843 0.832748 0.0929094 0.377966 -0.206024 0.0593979 -0.0282208 
1.22492 4.70986 1.42122 2.14163 3.28674 -0.110608 2.37325 0.340122 0.496664 0.360468 0.360348 0.0339687 
1.61317 4.38521 1.75009 2.40764 3.07394 0.563552 2.00045 0.868584 0.287454 0.438054 0.535335 0.0173318 
2.10733 2.93919 2.03501 2.06716 1.42801 1.48763 1.16132 0.52859 0.792473 -0.0231606 0.735519 -0.0149661 
2.37389 2.33907 2.92646 1.98204 1.54384 1.63157 0.829682 0.409302 0.944587 0.0694447 0.436068 0.0427314 
2.10343 1.64183 3.17762 1.31061 2.66496 1.44347 1.04956 1.01826 1.07719 0.600141 0.183727 0.0708922 
1.86588 1.53598 2.12368 2.00306 2.07589 0.958496 2.03344 0.168099 1.10773 0.305945 0.497595 0.0207888 
0.535187 2.1225 0.839272 2.19316 0.571369 1.25729 1.57352 0.294625 0.409852 -0.137596 0.752247 -0.142837 
0.380935 1.56325 1.27774 1.56414 2.32421 0.637246 2.04744 0.72603 0.0397895 0.830225 0.191971 -0.0243772 
0.383976 1.79595 0.861484 -0.0621366 2.26499 0.511127 1.05486 1.01721 -0.248702 0.936165 -0.0801901 0.0290634 
0.384966 1.81912 1.27645 -1.32835 0.695491 -0.0791003 1.26595 1.18211 -0.333745 1.19954 0.0813693 -0.00882812 
0.0130834 1.72809 0.812866 -1.13295 -0.0471066 0.446086 1.60696 1.31148 -1.31835 0.762421 -0.195896 0.142568 
0.130916 1.45982 0.423906 1.43375 -0.887263 1.38705 1.0419 0.90866 -1.00515 0.143032 0.148838 -0.0367772 
0.238563 1.22379 -0.242496 -1.57197 1.03103 -0.35869 2.45415 1.48647 -0.693241 0.243455 -0.693749 0.101576 
-0.226347 0.607842 0.200624 -0.638095 -0.0656341 -0.300346 2.4417 1.32723 -1.45001 0.19033 -0.487392 0.0514068 
0.311805 1.04251 -0.963068 -0.0181383 -0.68496 1.01002 1.17334 2.63532 -0.740682 -0.452413 0.179257 -0.0388349 
-0.132193 0.98834 -0.498289 -0.479123 0.103489 0.203531 1.92073 1.7173 -1.14928 0.107605 -0.523172 0.0525196 
0.27103 0.683383 0.243677 -1.3494 0.962247 -0.292039 2.37182 1.56207 -0.742685 -0.0951514 -0.564378 0.112607 
0.724719 1.09821 0.468728 -1.71122 0.520585 -0.800755 2.00231 1.57911 -0.622205 0.0809869 -0.486064 0.171131 
0.896222 0.237083 0.101339 -1.39851 0.545304 0.253214 1.50297 1.49883 0.185641 -0.0740113 -0.155553 0.057722 
0.709444 0.0607736 0.473736 -0.824494 1.15641 0.23318 1.3721 0.950943 0.461455 -0.474081 -0.207001 0.0421071 
1.19298 0.489865 0.807737 -0.988633 0.633266 0.266543 2.01036 0.987361 0.0572101 -0.397161 0.132254 -0.0263481 
1.10367 0.302843 0.245771 -1.13162 0.26284 0.831102 1.71833 1.4346 0.132882 -0.728231 -0.0358182 0.0261196 
0.565247 -0.181898 0.948413 0.61158 0.902501 0.575049 1.74333 0.615366 0.272152 -0.25807 0.220931 0.0412191 
1.16797 0.30517 0.364954 -0.358045 1.20758 0.237215 0.949479 0.102086 0.12746 -0.141009 0.107086 0.103083 
1.11249 -0.398315 1.48591 -0.227228 1.67913 -0.410838 0.614509 1.13002 0.183832 0.143461 0.00542035 0.0964488 
0.436314 0.160125 1.37247 -0.575743 3.39856 -1.79494 1.79546 0.804607 -0.760546 0.44215 -0.0683165 0.188379 
0.017555 -0.994031 1.78568 -0.711656 5.33041 -1.04594 1.0294 1.76831 0.039107 0.63181 -0.271137 0.0670066 
