2.85405 2.41496 2.29164 1.97433 1.90468 1.63551 1.34075 1.15385 0.728855 0.512984 0.289883 0.0683228 
2.87823 2.56048 2.3823 1.95877 2.08482 1.53083 1.34134 1.14625 0.580441 0.601313 0.277962 0.0667726 
3.15119 3.09917 3.16941 1.70669 3.40827 2.05688 1.64942 2.3725 0.383007 0.674412 0.176297 0.0683399 
3.15036 2.91989 2.87895 2.63374 2.75664 2.24823 1.88978 1.53864 0.89582 0.55116 0.15415 0.0994459 
2.96672 2.61509 2.48761 2.34842 2.27809 1.99194 1.69136 1.32236 0.843784 0.50951 0.247094 0.0861945 
2.12384 -0.446711 0.010025 1.79595 3.80696 1.5048 2.39619 0.290487 0.197582 1.05695 -0.133452 -0.00674119 
0.250515 -0.732508 0.327132 1.83412 4.30117 1.78779 2.59914 0.707299 0.0178134 0.876145 0.254225 -0.161124 
0.350841 -0.463511 -0.0330694 1.64834 4.4167 2.07162 3.12311 -0.0955432 -0.211495 1.1747 0.150286 -0.0523294 
1.00621 -0.205139 -0.959499 0.926507 5.01016 1.29006 3.68235 0.572959 0.0779813 0.557815 0.0147121 -0.0602329 
1.97398 -0.335771 -0.795221 0.294133 4.90973 2.48221 2.95192 1.16273 -0.697859 0.445291 0.203157 0.0359063 
2.85424 -0.0838844 -1.29571 1.27604 4.55507 1.94665 3.25028 0.629087 0.0602074 0.217618 -0.137017 0.097147 
3.29089 -0.229805 -1.23431 1.77844 4.18561 2.45207 2.32921 0.858357 0.269388 0.0575111 -0.0885879 0.0666837 
3.36732 -0.0689025 -1.37156 1.65552 4.52743 2.5271 1.80402 0.95541 0.399701 -0.0169254 -0.0473678 0.0813781 
3.5059 -0.56415 -2.00898 2.04345 4.78334 2.42615 2.03357 0.799211 0.498867 -0.0825987 -0.0346673 0.090026 
3.82844 -0.460375 -2.08862 1.56057 4.59587 2.78591 2.3515 0.98183 -0.055119 0.0337833 0.0895829 0.116768 
3.95705 -0.491705 -2.08986 1.47081 4.46834 2.63592 2.25666 1.28622 0.314242 -0.217783 -0.0481619 0.102647 
3.47569 0.390392 -1.07707 1.16589 4.40336 1.94806 2.77206 1.05571 0.167231 0.0466868 -0.190458 0.107227 
3.52182 0.288649 -1.21926 1.30671 3.91472 2.73751 2.40715 1.12361 0.0774769 -0.053563 -0.00363889 0.106881 
3.74995 0.857335 -0.48425 1.58225 3.12326 2.52888 2.72173 1.333 -0.0331151 -0.0843264 -0.031193 0.110833 
3.68137 0.124345 -0.454214 2.45457 3.50794 2.01033 2.7444 1.4034 0.0950595 0.0107874 -0.0802881 0.110222 
3.86215 0.00548134 -1.07108 2.28567 4.3475 1.81738 2.3506 1.46152 0.456977 -0.0638677 -0.177102 0.11901 
4.35415 0.107619 -1.50589 2.30806 5.23082 1.22652 2.47337 1.41994 0.513339 0.0353997 -0.338371 0.137843 
4.37 0.261922 -1.41024 2.30482 5.61458 0.63266 2.89476 1.49491 0.453989 0.103503 -0.46837 0.185745 
4.73313 0.120012 -1.63776 2.93421 5.54949 0.883443 2.56915 1.67237 0.586492 -0.00237077 -0.426761 0.153387 
5.90508 -0.515156 -1.47042 2.65727 5.84122 0.947078 2.5732 1.54076 0.547792 -0.194443 -0.337012 0.180886 
3.8864 0.664085 -0.701122 1.84816 4.36848 2.14393 1.82653 1.37873 0.436226 -0.198832 -0.265471 0.0874646 
3.43121 0.611963 -0.271868 1.71827 3.76916 2.05607 1.97974 1.33371 0.247824 -0.270811 -0.275018 0.0891318 
3.23583 0.950884 -0.12877 1.64056 3.49457 2.07107 1.94547 1.19721 0.346519 -0.346748 -0.366213 0.0669663 
3.47968 1.19729 -0.233899 0.990376 2.92248 2.67405 1.6666 0.884084 0.0748066 -0.414991 -0.17114 0.0512761 
2.98713 1.14586 0.543595 1.41258 2.10002 2.02592 2.07139 1.29686 0.0903149 -0.547707 -0.312012 0.0543774 
3.32967 1.45311 0.410312 1.34776 2.05298 1.99623 2.05149 1.16443 -0.0949722 -0.575805 -0.0974942 0.0593165 
3.13496 1.0839 0.930247 2.09539 2.3225 2.06608 1.81382 0.797548 -0.200234 -0.235006 -0.19527 0.0588786 
2.89884 1.87289 1.51771 1.87091 2.06665 1.48873 1.17775 1.11273 0.710493 0.260666 0.141286 0.0329064 
3.15937 2.38989 1.88617 1.79173 1.80491 1.56186 1.15287 0.815467 0.554915 0.352224 0.232622 0.0402544 
4.3995 3.65237 2.40355 1.39503 1.21496 0.536671 0.890961 0.653447 0.563955 0.410441 0.163999 0.0419898 
5.07182 4.17803 2.44293 1.82437 4.28047 -0.646375 0.339017 0.250886 1.03327 0.51162 -0.191538 -0.0178558 
4.85522 5.4758 2.15261 1.06263 6.00286 -2.55914 0.107028 0.345561 0.488663 0.423163 -0.635871 -0.0733378 
4.7436 6.49758 2.735 0.130751 4.78188 -2.15232 2.06091 -0.433324 -0.269785 -0.173993 -0.616247 0.0287326 
4.31126 5.37511 3.02734 1.90886 2.93756 -0.298323 2.1585 -0.307329 -0.338063 -0.078607 -0.326839 0.0068785 
4.81651 4.86628 3.89169 1.009 3.86752 -0.16448 2.56108 -0.269904 -0.490073 -0.0519379 -0.460915 0.0467534 
3.73366 3.51234 2.93766 2.11868 2.11751 1.22765 1.25032 0.309382 -0.00133994 -0.0654464 -0.114544 -0.044601 
3.26418 3.0366 2.52287 2.06569 1.75349 0.979573 0.918064 0.248521 0.13415 -0.0375742 -0.126537 -0.0361199 
3.19853 2.87815 2.68568 1.9336 1.90069 1.04369 0.582972 0.376315 -0.116843 -0.0503155 -0.0866388 -0.0386351 
3.40076 3.28152 3.09635 2.05221 1.98164 0.843946 0.611649 0.176191 -0.000817788 -0.150876 -0.0955275 -0.0450794 
3.86576 3.63926 3.20079 2.41219 1.91055 0.892496 0.428423 -0.00435546 -0.24657 -0.132427 -0.0928838 -0.0524922 
3.51276 3.16409 2.75726 2.14102 1.54226 0.793436 0.371785 0.0354897 -0.160058 -0.142016 -0.0880567 -0.0499379 
3.34853 2.9074 2.61366 1.96197 1.36796 0.83617 0.247614 0.104798 -0.110179 -0.144888 -0.046804 -0.043339 
3.29386 2.93353 2.57309 1.95299 1.58023 0.91673 0.474274 0.273537 -0.074945 -0.0533509 -0.0758595 -0.0415805 
3.53957 3.37638 2.98224 2.30249 2.01091 0.963258 0.43198 0.135054 -0.318499 -0.0767396 -0.0647187 -0.056684 
3.72063 3.5007 3.43463 2.5374 2.23431 1.40256 0.305422 0.103684 -0.419537 -0.292088 0.00171757 -0.0732281 
4.46008 4.51888 3.85103 2.45552 2.38466 1.13861 0.384398 0.12308 -0.784003 -0.337685 -0.147876 -0.0946311 
4.69083 4.31945 3.86216 1.64296 2.22539 1.63705 0.397352 0.746369 -1.12789 -0.687767 -0.0778264 -0.120249 
3.60829 3.64553 3.65226 2.04179 2.86904 1.38615 0.522783 1.09398 -0.641186 -0.0216402 -0.0222722 -0.0875357 
3.85113 3.84869 3.93169 2.39271 2.6378 1.30215 0.257712 0.770936 -0.38206 -0.0484519 0.0346679 -0.0574948 
4.20039 4.54355 4.3309 2.83515 2.89777 0.865014 0.167427 0.462035 -0.685722 0.107678 -0.028335 -0.0325635 
3.24444 2.99833 2.85909 2.38114 2.01478 1.32603 0.772795 0.468464 0.0893885 0.0721324 0.0504417 -0.00702754 
3.29417 3.0373 2.88483 2.49245 2.03877 1.41988 0.869249 0.459618 0.131108 0.0204863 -0.0267065 -0.019558 
5.02954 5.01278 4.57275 3.47489 2.35875 1.08236 0.18634 -0.0269224 -0.0470318 0.0543694 -0.153097 -0.0374478 
3.56754 3.30468 3.0392 2.55337 1.85214 1.15901 0.555233 0.179179 0.0439573 0.0134687 0.066319 -0.0120642 
3.3536 3.05436 2.79712 2.34953 1.76042 1.10979 0.583339 0.195769 0.0455612 0.0310646 0.0736555 -0.00409718 
4.39114 4.38927 4.10632 3.25229 2.18225 0.996683 0.236736 -0.19012 -0.210518 -0.0977254 -0.0831013 -0.0368948 
4.10693 4.01627 3.70209 2.9576 1.9576 0.91136 0.0877266 -0.296602 -0.401099 -0.225815 -0.0418596 -0.0492558 
3.94641 3.73434 3.36242 2.68688 1.68468 0.713081 0.0226123 -0.352097 -0.367668 -0.167812 0.0485805 -0.0207408 
3.89962 3.72145 3.34258 2.65845 1.67969 0.647607 -0.0836432 -0.56538 -0.501135 -0.191874 0.0839775 -0.0146509 
3.54257 3.38905 3.15532 2.3393 1.51302 0.436328 -0.119283 -0.504333 -0.362676 -0.121027 0.150222 0.0145581 
3.33359 3.06984 2.5793 2.00903 1.55022 0.867704 0.420135 -0.0951823 0.228661 0.133413 0.312286 0.0550409 
3.38306 3.30778 3.50229 2.40393 1.83505 0.513992 0.481817 -0.0573716 0.269409 0.100787 0.204257 0.0472092 
2.91448 2.60083 2.92601 1.84867 1.77258 0.872456 0.461599 0.258771 0.258005 0.126579 0.193981 0.029275 
2.38306 2.1121 2.41379 1.62806 1.9443 1.06175 1.09446 -0.249711 0.462313 0.0895379 0.0977399 0.0331948 
1.71995 0.802019 2.08565 1.34419 1.34254 1.04877 0.628651 0.668598 0.84522 0.0651459 0.277715 -0.0143901 
1.90247 0.658757 2.32733 0.716141 1.60294 0.853611 0.860308 0.330236 0.465363 0.213139 0.32698 0.000437378 
1.74882 0.728434 1.8742 0.779181 1.72613 1.08101 1.18068 0.850813 0.467144 0.0600377 0.280862 0.0131256 
1.23429 1.17925 1.36805 1.06675 1.65043 0.904438 0.679685 0.69022 0.997158 -0.00617962 0.478037 -0.0462645 
1.56468 0.769463 1.26347 0.603974 1.3261 1.08743 1.46001 0.356423 0.729709 0.684132 -0.0635481 -0.0113384 
1.20462 0.302482 1.10426 0.20137 1.13441 -0.346699 0.974951 0.592182 -0.32393 0.195337 0.278419 0.0591672 
1.40169 0.045827 1.27102 0.75604 1.07084 0.871939 0.959172 0.171178 0.243583 -0.0495574 0.30785 0.0408522 
1.33101 0.0198534 0.998971 0.0694183 1.06621 0.102602 1.14011 -0.153476 0.752957 -0.316043 -0.0482377 0.0569689 
1.36701 0.419818 1.16109 0.383227 0.869849 0.808504 0.960484 0.421297 0.494468 0.203539 0.434404 -0.0344209 
1.26145 -0.00612988 1.51126 -0.391587 0.206452 0.888205 0.793144 0.633474 -0.0160361 -0.342644 0.168277 0.0147031 
1.19515 0.369637 1.34247 0.0386601 1.02979 -0.525658 0.980351 0.421408 0.0242408 0.240488 0.0277202 0.028728 
1.37332 0.243814 0.932729 0.150694 0.86403 0.906603 0.676365 0.239064 0.508669 -0.166332 0.341609 0.0318387 
0.982402 0.608127 1.2591 0.0956433 0.874727 0.0362772 0.713373 0.261344 0.183967 -0.0368877 0.121412 0.0537527 
1.16229 0.764175 0.890977 0.0398857 1.01064 -0.366296 1.02423 0.291994 0.658096 -0.0492048 0.0103194 0.0973513 
1.23798 0.356986 0.263217 -0.285688 0.0909339 0.25034 0.904997 -0.59923 0.0672018 -0.0429038 0.235965 0.095771 
1.24964 0.257585 0.898399 -0.174459 0.0499815 -0.289016 0.591705 -0.0167982 0.414649 0.290737 0.239103 0.0102348 
