0.263828 -0.922108 1.52636 -1.52804 2.13536 -0.659138 2.37171 -0.826524 -0.0737442 0.703686 -0.252215 -0.0978666 
1.81028 0.377458 1.60395 -1.30715 1.64671 -0.659645 0.657536 0.113975 0.479424 0.105378 -0.2145 0.0245344 
2.10003 0.0635779 0.991997 -0.363691 1.14756 -0.652709 0.0930123 -0.340286 0.636972 -0.324551 -0.00569277 0.0150706 
1.86003 0.0929062 1.14198 -0.269065 0.47754 0.0294455 -0.048354 -0.922651 0.292856 -0.381487 0.191593 0.0269702 
1.94968 0.757317 1.02408 0.184018 0.641247 -0.213428 0.138942 -0.542906 0.836328 -0.249676 0.394737 0.0224855 
1.97897 0.561015 0.737983 -0.10761 0.421036 -0.259885 0.519223 0.121055 0.425486 -0.949134 0.236219 0.0315483 
1.85931 0.469713 1.61515 -0.626681 0.903482 -0.164009 0.0218724 -0.438356 0.819681 -0.501736 0.261015 0.08104 
1.86035 0.292696 2.0595 -0.574316 0.407355 -0.354964 0.22226 0.00132866 0.405016 -0.213214 0.241069 0.0932508 
1.68438 -0.043032 0.817855 -0.0723162 1.26409 0.673722 0.267214 -0.455411 0.147478 -0.324492 0.217181 0.0510425 
1.86717 0.207474 1.36306 -0.277321 0.518016 0.665098 0.259963 -0.682147 0.718833 -0.511575 0.184849 0.073668 
1.5648 0.13421 1.31691 -0.645613 0.0209993 -0.542773 0.269861 -1.08511 0.495472 -0.389861 0.131013 0.0287968 
1.94201 0.440468 1.25789 0.299893 1.16514 -0.288867 -0.18959 -0.588695 0.750921 -0.534716 0.279961 -0.00329208 
1.37963 0.179818 1.07372 -0.359791 0.583719 0.453848 0.784293 -0.132924 0.340245 -0.292535 0.269137 -0.0133262 
1.52085 0.395554 1.3845 -0.0892673 0.656945 -0.421767 0.395182 -0.261046 0.212435 -0.349352 -0.124063 0.130941 
1.68351 0.276795 1.76428 0.132849 0.353685 -0.49058 0.63705 -0.611289 0.146113 -0.199116 -0.00159499 -0.0167263 
1.72226 0.598184 1.67693 -0.0611414 1.22623 0.654156 0.147004 -0.354147 0.960627 -0.192184 0.473632 0.0325903 
1.56248 0.369169 1.32937 -0.169702 0.613251 -0.0297186 0.153727 -0.23942 0.554111 -0.155544 0.133153 -0.0201775 
1.53342 0.390759 1.4552 -0.0336525 0.645449 -0.67443 0.168849 -0.301012 0.017275 -0.53266 0.295673 0.00494962 
1.79243 0.244432 1.89051 -0.120594 0.24365 -0.50625 0.256864 -0.716249 0.533894 0.131791 0.0576021 0.0124576 
1.37952 0.346359 1.60527 -0.751649 0.178877 -0.264454 -0.0361003 -0.213207 0.346609 -0.113584 0.273044 0.038978 
1.45262 0.619045 1.40697 -0.226363 0.853174 -0.379128 0.512341 -0.904243 0.662508 -0.0922027 0.224541 -0.0113804 
1.80597 0.670546 2.13991 0.0909273 1.97288 0.22474 1.23462 -0.300707 0.792629 0.575939 0.258052 -0.00518453 
2.60309 2.03711 1.82773 1.63414 1.36575 1.08764 0.914126 0.70919 0.487602 0.331135 0.192113 0.0375955 
2.83766 2.65434 2.70038 2.96828 1.7111 1.67878 2.17185 0.997286 0.557253 0.297946 0.548453 0.0720191 
2.94362 3.42711 2.89066 2.93739 2.26791 2.14038 2.24496 1.1889 0.511923 0.229418 0.45296 0.0688835 
3.47724 3.5434 3.35077 2.02072 3.78711 2.14212 2.66637 2.51367 0.645667 0.648024 0.114874 0.0966501 
4.60819 4.10666 3.09637 2.86436 4.24291 2.93405 1.89233 1.16721 1.22783 0.939327 0.327411 0.107136 
2.49668 -0.361763 1.25734 2.01299 4.23764 1.88746 1.51196 0.988576 0.302502 1.2096 -0.000562867 -0.0157679 
0.0493628 -0.0187357 0.40476 2.64771 4.4758 0.716167 3.02165 0.809419 -0.501034 1.32414 0.192695 0.00140996 
-0.718909 -1.11585 -0.407126 2.98837 4.91918 1.52411 2.44477 -0.592173 -0.224944 1.29936 0.170403 0.00768067 
-0.052519 -1.57598 -0.375862 1.32979 4.67624 0.957905 2.4704 0.169043 -0.516645 0.704282 0.128398 -0.0604353 
0.675484 -0.681383 -0.298333 1.85382 4.02079 1.3322 3.68541 1.16647 -0.31825 0.395303 0.0954332 -0.0636986 
1.80849 -0.591309 -0.986566 2.18862 4.40289 2.52447 3.48973 0.292579 -0.21864 0.734341 0.0898951 0.0865441 
2.73855 -1.22604 -1.41266 2.36875 4.28403 2.33476 3.57627 0.750662 0.173301 0.00456841 0.244151 0.085783 
2.8968 -1.37996 -1.44387 2.88455 4.02333 2.57215 3.28999 0.682875 0.074957 -0.0520202 0.305009 0.102217 
3.59746 -0.283644 -1.09097 2.54084 3.99232 2.20661 3.32067 1.37836 -0.415945 0.365971 0.0091523 0.10719 
4.51369 -0.541837 -0.552413 3.45526 3.89149 1.09879 3.61978 0.835495 0.573191 -0.0301311 0.067576 0.0880876 
3.94666 0.33418 -0.440715 2.65139 2.82826 2.23497 2.87419 1.0187 -0.159146 0.290218 0.299032 0.0959655 
3.60246 1.36741 0.696784 2.19398 3.06917 2.45347 2.18996 0.997283 0.236928 0.139833 0.127839 0.10079 
3.05216 1.70907 1.05408 1.62679 2.50284 2.55702 1.89477 0.965213 0.299394 0.00430446 0.0695365 0.072316 
3.32712 1.4934 0.673938 1.75244 2.69059 2.551 1.89923 1.13067 0.319587 -0.0693437 0.138127 0.0909642 
3.6135 1.02109 0.118701 1.98155 3.3098 2.97946 2.23653 1.19008 0.191631 -0.0422966 0.0377713 0.122156 
3.50683 1.05715 0.238356 1.79401 3.04214 2.45465 2.98475 1.12862 -0.099643 -0.0155927 0.0928104 0.13293 
4.27892 0.179208 -0.508992 2.96272 3.66718 2.48587 3.41995 1.06214 -0.311314 0.0856654 0.138903 0.129169 
4.70186 -0.149353 -0.347757 3.29553 4.32395 2.28389 3.60528 1.16113 -0.553508 0.165086 0.202026 0.130523 
5.74207 -0.618642 -0.745058 3.91467 4.19403 2.18962 3.62668 1.17747 -0.183699 -0.182636 0.25231 0.120047 
5.31312 -0.194791 -0.487796 3.45664 3.84353 3.009 3.38299 1.5397 -0.804252 -0.0501366 0.31187 0.149471 
3.86379 0.841116 0.430654 2.08552 2.70885 2.81168 2.91813 1.65639 -0.00548749 -0.350389 0.00363832 0.14178 
3.19227 1.43196 0.578325 1.07423 2.41977 3.47793 2.87831 1.01378 -0.113634 -0.102184 -0.0247424 0.116239 
3.26694 1.35562 0.781946 1.6897 2.63819 3.06411 2.60152 1.16373 -0.0405533 -0.173568 0.053901 0.124463 
2.8694 1.42419 0.93286 1.64466 2.5145 2.84319 2.4196 1.11986 -0.107282 -0.316076 0.0559257 0.120151 
2.95215 1.76509 0.993882 1.16542 1.95868 2.57038 2.27264 0.961215 -0.256246 -0.395169 0.0823958 0.0767448 
3.18456 1.8638 1.03544 1.22622 1.89547 2.59611 2.59952 1.27286 -0.197346 -0.40102 0.090028 0.0829595 
4.20445 1.8125 0.989407 1.73661 1.85451 2.50596 3.21133 1.50495 -0.475008 -0.262813 0.188931 0.13036 
3.34769 2.2239 1.49947 1.73477 2.31018 2.42758 1.96625 1.03283 0.0356694 -0.228308 0.171941 0.0829532 
2.81662 2.3786 1.9791 1.0853 1.85877 1.40849 1.55334 1.65633 0.504749 0.631818 0.236674 0.0391759 
3.68519 3.29503 2.83595 2.12594 1.73472 1.51165 1.06648 0.767294 0.285733 0.0518254 0.0911916 0.00608284 
4.24739 3.9419 3.30244 2.24869 1.53267 0.953594 0.527214 0.331804 -0.00729059 -0.0352683 0.0423389 -0.00878494 
3.99181 3.96854 3.66538 2.94909 2.14511 0.58258 0.310556 0.0732659 -0.0648415 0.0494646 -0.0707475 -0.0221562 
4.02908 4.03641 3.99819 3.32194 2.18761 0.881433 0.374807 0.128284 -0.0860766 -0.14416 -0.0842829 -0.0490614 
4.44202 4.44185 4.18332 3.41797 2.1772 0.795606 -0.0482502 -0.188271 -0.16594 -0.161495 -0.19506 -0.0631493 
4.57435 4.54671 4.35351 3.56942 2.81046 0.805739 -0.123235 0.313975 -0.0444681 -0.125284 -0.14764 -0.0500136 
3.39812 3.12057 2.92776 2.47082 1.93781 1.34733 0.799785 0.399745 0.100714 -0.00062254 -0.00698477 -0.0192686 
3.23032 2.8561 2.55568 2.08956 1.5517 1.03782 0.556414 0.23984 0.0720186 0.00899457 0.0131007 -0.0147842 
3.53619 3.33891 3.10663 2.52708 1.97319 1.17284 0.567087 0.276937 -0.0343385 -0.0246448 0.0313759 -0.0211497 
4.96999 5.15497 5.47822 2.3472 2.75342 0.602725 -1.23369 0.844303 -0.731861 -0.0637877 -0.0415992 -0.083543 
4.2337 4.30112 3.83094 2.47736 2.09153 0.569687 -0.11032 0.00137196 -0.595959 -0.0734061 -0.0559826 -0.0308079 
4.26854 3.98854 3.81807 2.58583 1.77545 0.890211 -0.119977 -0.00395986 -0.28037 -0.173518 -0.00415747 -0.0226426 
4.90722 4.697 3.97058 2.90914 1.58799 0.563553 -0.0262104 -0.403887 -0.269816 -0.0623773 -0.105025 -0.0182304 
5.25617 4.96386 4.04538 2.26622 1.64708 0.537798 -0.252021 -0.0474406 -0.485109 -0.15316 -0.0914803 -0.0261085 
6.37866 4.88673 4.33663 0.685332 2.72452 0.79131 -1.10382 1.24386 -1.34937 -0.131628 0.0778288 -0.15299 
5.6092 4.87173 4.05703 1.9169 1.49776 0.555992 -0.395237 0.106401 -0.65921 -0.171918 -0.0973829 -0.0409377 
6.3429 5.03875 5.06116 -0.389297 3.21821 0.413097 -0.879017 0.930735 -1.38989 -0.00474271 0.0947535 -0.135416 
3.90762 3.98441 3.93511 2.6154 2.3615 0.894148 -0.0428635 0.186785 -0.619464 -0.164039 -0.0421398 -0.0689 
3.5109 3.28904 2.99858 2.46921 1.79652 1.02141 0.431191 0.0959635 -0.0874227 -0.0435468 -0.00997819 -0.0381084 
3.37133 3.07484 2.86161 2.40961 1.84864 1.27487 0.707048 0.412374 0.158022 0.0500929 0.0379032 -0.0119595 
3.95181 3.88197 3.62232 2.85739 2.00766 0.911443 0.272455 -0.13001 -0.211449 0.0452469 0.0965873 0.00410791 
3.3443 3.0278 2.72958 2.2111 1.61216 0.930475 0.416077 0.149347 0.0530246 0.119368 0.198683 0.0199617 
3.19017 2.84996 2.59515 2.11543 1.58365 0.976123 0.492949 0.23334 0.0966651 0.130961 0.171477 0.0224735 
3.13837 2.7615 2.4828 2.09847 1.62586 1.11826 0.701761 0.385503 0.209503 0.165819 0.151204 0.0267969 
3.17272 2.79863 2.52901 2.18846 1.80363 1.38027 1.00615 0.686557 0.454256 0.296962 0.150919 0.0382931 
4.40607 4.59553 4.33627 3.57917 2.82121 1.45921 0.759625 0.316674 -0.322923 0.125399 0.0370762 -0.00562959 
4.32288 4.67679 5.13808 3.37262 2.65412 1.18116 0.790881 -0.320325 0.322444 0.0656842 0.0467576 0.0475978 
3.37532 3.05734 3.00531 2.20128 1.44382 0.198408 -0.113899 -0.607119 -0.309377 -0.177643 0.202803 0.0352408 
2.93076 2.65362 2.87191 1.91962 0.914168 0.441476 -0.460215 -0.434971 -0.297413 -0.0254101 0.103508 0.0318719 
