2.40517 -0.325128 1.86166 -2.32673 1.61916 1.7522 1.10142 1.56693 0.456896 -0.115037 -0.15481 -0.142569 
1.34349 0.0803514 2.05069 -1.2117 0.971084 1.95813 0.397698 1.52824 1.19032 -0.462157 0.372663 -0.101234 
2.74375 -0.711681 0.867792 0.304955 1.46577 0.571329 1.23617 0.174764 1.20976 -0.036664 -0.0759134 0.00680134 
2.74972 -0.240763 1.99789 0.750058 1.4758 0.141574 1.24912 -0.269328 0.240062 0.301545 0.208497 0.0484131 
2.44796 0.0640288 1.84328 0.578449 0.85874 0.162014 1.18956 -0.08172 0.799996 0.548209 0.307035 -0.00835277 
2.32795 -0.496068 0.6872 -0.607467 1.22653 1.00093 1.33543 0.722459 1.14984 -0.0659529 0.212698 -0.00823431 
2.57534 -0.686969 1.16391 0.400822 1.32958 0.297231 1.65665 0.00195521 0.741105 0.469265 0.316188 0.00758666 
2.31823 -0.295726 1.13319 0.855792 1.27185 0.537088 1.13431 -0.0472846 1.0504 0.199871 0.530215 0.0310207 
2.30543 -0.703137 1.13306 -0.265439 1.67755 -0.105902 0.612635 0.443842 0.209868 0.0585548 0.174701 -0.0291612 
2.63694 -0.0310479 1.7728 -0.236812 0.68555 0.252017 0.937657 -0.138543 0.645395 0.287396 0.418373 0.09952 
2.718 0.12666 1.9488 0.36472 1.48145 -0.0280894 0.833559 0.248683 0.457739 0.679257 0.351702 0.022192 
2.63849 -0.388588 1.49808 0.235712 1.50739 -0.186086 1.44663 0.078559 1.31032 0.390881 0.167535 0.0412861 
2.48262 0.280963 0.877409 0.451377 1.13982 0.0256419 1.21865 -0.251296 1.1467 0.654965 0.325851 0.00385974 
2.26135 0.614844 -0.126622 0.797159 -0.19031 0.472816 0.31072 -0.0725602 0.848167 0.335383 0.418474 -0.0150019 
1.75482 1.76516 -1.34071 0.167321 -1.00246 0.629684 0.281966 1.19812 0.864543 -0.136671 0.25843 0.0489486 
1.99609 3.3728 -1.62291 1.31943 -1.99508 0.652086 -0.0141492 0.960523 0.481379 -0.246473 -0.0200434 -0.0645232 
0.899596 3.3324 -1.41462 2.0609 -1.2908 0.758502 0.364077 -0.121652 0.814941 -0.637103 0.00131261 -0.156852 
0.775037 2.90887 -1.58245 2.65571 -1.09476 1.13383 0.666065 -0.315683 0.766738 0.0513237 0.253749 -0.117244 
0.923094 1.82628 -0.670676 2.635 -0.240377 2.06958 -0.0765875 0.608423 0.0317551 0.275008 0.292488 -0.132884 
1.488 1.45199 0.0597422 1.93342 0.127252 1.59018 0.805263 0.275709 0.295473 0.148344 0.359229 -0.0887646 
2.17176 -0.42692 2.37743 0.661392 2.17626 0.288859 0.914645 0.252925 0.30012 0.0276628 0.361749 0.0366311 
2.37287 -0.371471 1.692 0.654055 2.36508 0.0198623 0.367673 -0.553879 0.351116 0.386885 0.174745 0.00230778 
2.2032 -0.288871 1.7482 0.892504 1.46264 0.353952 0.698634 -0.205857 0.930208 0.408887 0.0866602 -0.00909511 
-1.60775 3.44355 0.310941 -0.399225 2.88051 0.460056 1.30784 -0.524867 1.78382 -0.0237638 0.187712 0.034694 
-2.66014 3.38628 1.78543 -1.57438 1.81659 -0.369828 -0.0884517 0.731427 1.71144 0.0118631 0.357531 0.0521502 
-1.80854 2.38275 1.61974 -2.44264 -0.41242 -1.03467 1.40547 1.32529 0.962235 0.264502 0.328942 -0.049063 
-1.69609 1.62509 0.436528 -1.83287 0.505707 -0.197391 1.51922 1.01947 1.02827 -0.513045 0.290656 -0.121781 
-2.20096 0.434025 -0.297194 -3.54261 0.34407 -1.00319 1.57734 0.927343 0.641154 -0.467973 0.0366234 -0.089704 
-1.28501 1.18511 -0.114839 -2.22997 0.715298 -0.531514 0.913128 0.949592 1.21654 -0.359296 0.264318 -0.0776517 
-1.52356 0.239521 -0.237936 -1.49466 -0.0063045 -0.650482 0.636721 -0.039875 0.444093 -0.837819 0.129136 -0.054365 
-1.14579 0.422276 -0.0689869 -1.45012 0.548555 -0.289017 0.520501 0.351938 1.07191 -0.993937 0.363141 -0.107195 
-0.0376056 1.1931 -0.0205972 -2.11481 0.268045 0.290744 0.128057 -0.139937 0.317188 -1.06033 0.0962316 -0.220505 
0.611973 1.58297 0.453834 -1.1449 0.21877 -0.169168 -0.159467 -0.0699601 0.375408 -1.27155 -0.0362405 -0.107376 
1.07343 1.46846 0.42961 -0.513081 1.2676 -0.510426 0.357083 -0.0672299 0.0197624 0.0564991 0.122931 -0.174327 
2.8505 3.38375 3.45113 2.1128 2.60584 0.942342 2.21329 0.858829 0.384275 -0.48993 0.251991 -0.0168566 
4.1009 4.04533 4.45177 4.29197 3.6456 -0.349265 1.74919 1.36778 -0.337446 -0.63037 0.0844328 0.00961275 
5.04676 4.04583 4.30832 4.73071 3.36902 -0.0377024 1.2573 2.05679 -0.554168 -0.598977 -0.0356691 0.0291119 
3.97449 3.4819 3.57041 3.61696 2.46423 1.17076 0.979877 0.872338 0.0177907 -0.383367 -0.0106454 -0.045536 
3.56895 3.14864 3.19376 3.14877 2.24109 1.22051 0.983365 0.725258 -0.0348501 -0.354096 -0.0718034 -0.059111 
3.74232 3.30429 3.17337 3.14854 2.39683 1.13834 0.628446 0.582449 0.138154 -0.310263 -0.132355 -0.0675942 
4.5611 3.74027 3.57831 3.80918 2.93489 1.21175 0.391082 0.699226 0.125564 -0.661214 -0.0492862 -0.0562974 
3.45409 3.07758 2.88554 2.65468 1.98977 1.18495 0.799969 0.549143 0.0969808 -0.19501 -0.0914785 -0.0375732 
3.3849 2.90751 2.70344 2.59862 2.11505 1.43402 1.04203 0.674819 0.0849111 -0.239519 -0.133833 -0.0346935 
3.97214 3.11395 3.20963 3.51567 2.32783 1.02004 1.0961 1.01499 -0.17541 -0.663923 0.0438159 -0.0256926 
3.63321 2.90575 3.09595 3.42295 2.22447 0.857477 1.02544 1.1048 -0.0364177 -0.629901 -0.0320379 -0.0300762 
3.7333 3.11219 3.26907 3.37594 2.05809 0.622077 0.744477 1.01075 0.0444868 -0.592152 -0.0819265 -0.0435305 
3.91132 3.4208 3.36715 3.40479 2.42087 0.869905 0.397881 0.529781 0.152049 -0.337074 -0.166754 -0.0685295 
3.42746 2.93203 3.0951 3.18601 2.22351 1.08639 0.875194 0.82125 0.163716 -0.329659 -0.146019 -0.042533 
3.59151 3.04592 3.24739 3.5525 2.54404 1.06231 0.791895 1.05211 0.408837 -0.318157 -0.137937 -0.0266493 
4.14511 3.47855 3.19243 3.4503 2.72011 1.06464 0.493457 0.88725 0.511094 -0.218125 -0.0874684 -0.0310429 
4.51906 3.42434 3.565 4.27675 2.81637 0.40345 0.232915 1.2452 0.604197 -0.525535 -0.149995 -0.000844259 
4.64287 3.23989 3.16055 4.97181 3.80075 0.0957201 -0.281691 1.14208 0.470179 -0.728981 -0.287566 -0.0183364 
3.62802 2.7867 2.96817 3.5567 2.4615 0.503916 0.263708 1.10042 0.585948 -0.36161 -0.208004 -0.0164708 
3.79508 2.86811 2.87537 3.61571 2.52573 -0.0555138 -0.059067 0.998996 0.469325 -0.541581 -0.180278 -0.0122832 
4.18168 3.75496 4.12589 3.76954 3.99506 -2.19965 0.342758 0.24394 0.353377 -0.541456 -0.497515 0.0674876 
3.31633 3.00383 2.65284 2.54029 1.69408 0.168877 0.437376 0.144815 0.121788 -0.239243 -0.127206 -0.034417 
3.17779 2.75542 2.35763 2.17369 1.56024 0.462798 0.495935 0.148466 0.121738 -0.218065 -0.129667 -0.0349276 
3.2654 2.80727 2.53329 2.12972 1.67427 0.752721 0.756719 0.445422 0.202103 -0.0492338 -0.0613899 -0.0103006 
3.18717 3.24817 2.71749 2.24499 1.68867 0.965791 1.08821 0.286074 0.780157 -0.28489 0.0627809 -0.00732416 
3.13384 2.67629 2.44638 2.05113 1.8424 1.32653 0.940694 0.516355 0.183692 -0.0407684 -0.122056 0.0025781 
4.23704 3.82979 0.125927 -1.63086 -0.903017 -0.563077 3.03394 0.29903 1.29457 -0.832796 -0.076415 -0.160584 
3.94133 3.04099 1.94699 0.784215 0.638611 1.92468 2.11064 1.76489 0.89218 -0.0821929 -0.356873 -0.0849918 
3.41461 3.00445 2.63555 2.06004 1.91716 2.05323 1.83687 1.36102 0.760537 0.277198 0.120218 0.0619834 
4.68981 3.75039 1.87622 0.569657 0.973489 2.07077 2.26199 1.10388 -0.19024 -0.382519 -0.0689068 0.0136878 
3.77519 3.00435 2.01189 1.4559 1.67722 1.94224 1.55545 0.838695 0.24465 0.197371 0.374049 0.0955371 
2.87997 2.3793 2.05623 1.82904 1.67333 1.55233 1.25837 0.908975 0.663462 0.543867 0.388226 0.0743907 
2.78943 2.12181 1.96668 1.99023 1.99405 1.9667 1.34941 0.812723 0.739708 0.84383 0.540833 0.0920939 
2.77596 1.88382 1.98035 2.01825 1.96426 1.86303 1.46896 1.06587 0.843948 0.611752 0.551225 0.0901467 
2.55299 1.09251 1.68184 1.90647 2.68 1.63328 0.889381 0.780929 0.647111 0.850375 0.743055 0.0355919 
2.64418 1.00341 2.43791 1.406 1.98693 1.11586 1.0065 0.0746603 1.62217 0.294806 0.393195 0.105249 
2.37898 0.525894 2.07577 2.29084 2.52214 1.35686 1.54236 0.700756 0.915 1.01214 0.525716 0.0217645 
2.79199 1.57672 1.79391 1.99121 2.39405 1.46494 1.4343 1.08164 0.703054 0.960903 0.649586 0.080877 
2.47246 1.21306 2.17459 2.03313 2.04964 1.98761 1.69251 0.908435 0.522239 0.640425 0.615892 0.0674392 
2.13855 0.495042 2.10596 1.84652 2.09134 1.48429 0.800869 0.225426 0.173792 0.564161 0.643387 -0.000649669 
1.9073 -0.631633 1.68973 1.43185 2.90353 0.330097 0.859902 -0.235815 0.520682 0.503067 0.298604 0.0510697 
2.02074 -0.216633 1.34565 1.00463 1.447 0.814274 1.57815 0.053859 0.534025 0.767293 -0.0014041 -0.00659013 
1.79472 -0.295875 1.85452 0.916505 1.49494 0.395526 0.395827 -0.562494 1.08092 0.579087 0.319564 0.000923097 
1.70488 -0.0433928 1.5936 0.517174 2.81622 0.0725187 2.01345 0.150181 0.731973 0.45348 0.108956 0.099549 
1.98391 0.188351 1.88836 0.452369 2.25093 0.169805 2.07888 -0.552118 1.01973 0.783824 0.518427 0.0567629 
1.97351 0.0495707 1.52136 1.02772 1.89596 0.308554 1.39078 -0.28601 1.26533 0.245676 0.178825 0.0400506 
1.50453 -0.603904 1.26951 0.375533 1.45848 0.53589 1.125 -0.582602 0.840035 0.339933 -0.0617817 0.0479875 
1.77545 -0.318526 1.29692 0.738319 1.27233 1.05602 0.4889 -0.802992 0.959552 0.272059 0.330526 0.0460134 
2.0778 -0.0317664 2.13816 0.94269 2.25598 0.936711 0.870026 -0.804116 0.451514 0.386822 0.20856 0.0498626 
2.2518 0.0485385 1.9427 0.53216 1.22498 0.381621 1.77132 -0.782852 0.422554 -0.0413091 0.289798 0.151162 
1.75806 -0.233238 1.28567 0.795921 1.95378 0.168081 1.08739 -0.150125 0.670408 0.0210847 0.307206 0.100719 
