2.73558 -0.865818 0.45659 -1.18446 -0.118341 0.0547369 0.6174 0.259609 0.841168 1.15236 0.342755 -0.117646 
2.67798 -0.854889 0.829812 -0.854791 0.790706 0.110875 0.66738 0.919193 0.897206 0.816289 0.436165 -0.122527 
2.79566 -0.725016 1.2834 -0.191313 0.958101 0.0750828 1.45523 -0.229084 0.957993 0.301023 0.220219 0.029769 
2.81461 0.0244627 0.773595 -0.152927 0.601223 0.447712 1.02506 0.844831 1.60001 1.01361 0.501281 -0.103034 
2.77583 -0.544493 0.877666 -0.251121 -0.0293985 -0.63949 1.21345 0.659688 1.54357 1.06272 0.419645 -0.00881491 
2.86448 -0.314675 0.482519 -0.907789 0.108365 0.0714654 0.478817 0.78488 1.43133 0.724152 0.296286 -0.0921616 
3.07518 -0.481714 0.559677 -0.942224 -0.643672 -1.04466 0.869865 1.15287 1.62214 0.88813 0.032306 -0.0459953 
3.65947 -0.0487456 1.16044 -1.31101 -0.633947 -0.712025 1.29315 0.87559 0.944248 0.733651 0.0207378 -0.120566 
3.49053 0.174492 0.244296 -0.862521 -0.471821 -0.820086 1.22098 0.96832 1.23648 0.897641 0.0765566 -0.0910855 
3.39669 0.277763 0.653539 -1.2641 0.789784 -0.315968 1.34184 0.896999 1.41945 0.886053 0.218764 -0.0252058 
2.87731 0.201988 0.208619 -0.946274 0.0503502 -1.08942 2.10204 0.694914 0.997422 0.854364 0.460955 0.00715673 
3.01723 -0.301386 0.712176 -0.87881 0.240437 -1.05791 1.33605 -0.184755 1.1463 1.02575 0.264035 -0.00713147 
2.67932 0.00914124 0.876414 -0.878913 0.0194723 -0.560167 1.23293 0.19482 1.59788 0.798576 0.084788 -0.0398696 
2.16528 0.498181 0.246553 0.078081 0.965491 0.0378994 0.72083 0.303723 1.02432 0.710239 0.0775314 -0.018817 
1.58994 0.042478 0.300355 0.623699 1.71578 0.343847 1.13191 0.0663298 0.342657 0.805364 0.261558 0.00545022 
1.94639 -0.396774 1.14169 0.672787 1.61511 -0.554365 0.76663 -0.0464963 0.910495 0.326537 0.214306 -0.0555891 
2.19557 -0.423405 1.64157 0.417076 1.82941 0.374641 0.900407 -0.347707 0.386714 0.442933 0.321595 0.00524143 
2.45509 -0.414073 0.659728 0.713028 1.7861 0.169839 0.807196 -0.421388 0.631781 0.460071 0.286803 0.045919 
2.55415 -0.572789 1.88311 0.624587 2.25509 -0.0365144 0.964287 -0.14673 0.161863 0.495339 0.420648 0.0456834 
2.38454 -0.279563 2.26203 0.631252 2.2111 0.616547 0.578113 0.0179492 0.820808 0.48128 0.24944 0.0416866 
2.24163 -0.941218 1.7554 0.855442 1.48222 0.620839 0.873383 -0.2745 1.04764 0.389294 0.240044 0.0186912 
2.01205 -0.67215 1.38865 0.536906 2.42997 -0.176491 0.966141 -0.857774 0.34876 0.36208 0.309509 0.11578 
-0.251111 2.51694 0.171036 0.972791 3.81394 -1.38863 2.86744 -1.32784 0.662261 0.65498 -0.0194668 0.117209 
-1.40448 3.35457 -0.793684 -0.201602 3.83995 -2.04762 2.94337 -1.2093 0.977937 0.360606 0.00785859 0.0771994 
-1.87006 3.87619 -0.612414 -1.98551 4.27229 -2.11727 3.16889 -0.752814 1.47778 0.150373 -0.379368 0.0168047 
-2.14116 4.51599 0.183894 -2.80953 0.756797 -1.54075 2.81718 -0.464467 1.73684 -0.0107082 -0.220558 -0.0383053 
-2.48231 2.53685 0.545416 -2.79435 -0.2984 -1.12465 3.12778 -1.1153 1.67001 0.372766 -0.382818 -0.0439048 
-2.72358 1.61677 0.217643 -2.26271 0.287006 -1.01098 2.45387 -0.531352 2.5705 0.0684822 -0.34322 -0.0158403 
-2.41311 0.334422 -0.441455 -1.16692 0.14296 -1.30827 1.63528 0.0374919 2.44908 0.140203 -0.436915 -0.103249 
-2.16248 0.538414 -1.26842 -2.66286 -0.896933 -2.04094 1.40277 -1.38924 1.54712 0.211156 -0.270254 0.00454287 
-0.927108 0.991507 -0.963596 -1.82993 -0.0493088 -1.34779 0.646324 -1.49112 1.32512 0.326233 -0.264698 -0.0992768 
-0.707401 1.05336 0.12392 -1.98545 0.377166 -0.92675 1.64484 -1.76143 1.20933 0.209083 -0.252864 -0.0548538 
-0.66611 0.279106 -0.534978 -2.57019 0.021765 -0.724793 0.906085 -1.33243 1.30791 -0.170906 -0.267614 0.00461974 
-1.20243 0.478834 -1.35041 -2.74709 0.413815 -1.16773 1.07759 -1.73638 1.20443 0.272475 -0.0767025 -0.00628011 
-1.6845 0.994501 -0.929198 -2.28997 0.339254 -1.00499 0.975501 -1.7128 1.41251 0.292327 -0.162851 -0.0300217 
-1.59981 0.323257 -0.590217 -2.41005 1.13976 -1.8216 0.928089 -1.43793 1.19498 0.356827 -0.409961 -0.00980573 
-1.97054 0.283357 -0.708096 -2.93708 0.804984 -1.70747 1.44235 -2.01232 1.03793 0.680177 -0.379551 -0.00512949 
-2.03729 -0.0677942 -1.58023 -3.1937 1.10272 -0.954972 1.59587 -1.49249 0.918751 0.547816 -0.158988 -0.0268922 
-0.692455 0.825626 -0.278069 -3.2453 0.351875 -0.802132 1.50206 -1.32861 0.994869 0.395708 -0.0991862 0.00312483 
0.595069 0.418812 0.581328 -2.07131 0.728819 -1.09351 0.493133 -1.19596 1.00611 0.390337 -0.237791 0.0249573 
1.82312 0.722436 0.10449 -2.0753 1.1246 -0.900454 0.996072 -1.23482 0.928181 0.288716 -0.218751 0.00357437 
2.47653 2.05159 1.29264 0.56899 1.56601 0.351328 1.60112 -0.727287 1.46047 0.294041 -0.286099 0.0101368 
3.15698 2.75476 2.7359 2.30802 1.84027 0.714887 1.18398 0.180615 0.752729 0.0390726 -0.063704 0.00658476 
3.87966 3.42875 3.37368 2.81109 2.71258 1.07816 1.51826 0.729292 0.658517 -0.303815 -0.00987128 -0.0172926 
4.99054 4.52666 3.0172 4.46208 4.62191 -0.665306 1.21088 0.538752 1.65302 -0.530603 -0.243602 -0.00766176 
3.88386 4.201 3.00296 3.29938 2.50281 1.08501 1.78617 -0.0421248 0.811037 -0.193061 0.0094351 -0.0465001 
4.20913 4.10051 3.82339 2.86472 3.21599 0.612975 1.98735 0.102694 0.512183 -0.141805 -0.0594129 -0.00554205 
3.43631 3.31066 3.07553 2.78468 2.3984 1.53377 1.12557 0.429816 0.253233 -0.02255 -0.0685346 -0.0288275 
3.19422 3.21227 2.86846 2.78195 2.71328 1.17405 1.61491 0.344584 0.63151 -0.070157 -0.146185 -0.0123577 
3.20109 2.88389 2.9377 2.73009 2.27709 1.61513 1.24554 0.840591 0.287694 -0.0660194 -0.169199 -0.0192063 
3.28369 3.26878 2.94519 2.65894 2.26124 1.4621 1.31756 0.300736 0.205056 -0.140423 -0.116906 -0.0417852 
4.58177 4.34952 4.5361 4.21757 4.15632 -0.539334 1.08561 -0.050899 0.876979 -0.486238 -0.310041 -0.00845171 
4.28693 4.23539 4.35142 4.89231 4.10916 -0.158879 1.44775 0.546935 0.766563 -0.597427 -0.12098 -0.0067373 
3.32798 3.03262 2.88453 2.49549 1.94566 1.32814 1.00338 0.485935 0.0767158 -0.119438 -0.141102 -0.0398922 
3.45686 3.19413 2.95963 2.5487 2.01834 1.38446 0.967458 0.452347 0.102329 -0.105319 -0.134003 -0.0434831 
3.82222 3.48329 3.6549 3.55927 2.41637 1.12385 0.773217 0.749461 0.202894 -0.253443 -0.0338659 -0.0354561 
3.52242 3.07054 3.15581 3.28099 2.44874 1.23175 0.866263 0.938522 0.513402 -0.0620126 -0.0584734 -0.00495462 
3.77094 3.38138 3.44552 3.56636 2.62033 1.12823 0.626461 0.619731 0.25739 -0.166428 -0.000227407 -0.0253828 
4.42031 3.87323 4.18048 4.48153 3.53334 -0.291219 0.176497 0.960541 0.140554 -0.360538 -0.283685 -0.0288251 
4.68181 3.85445 4.47872 4.77805 2.70798 -0.82429 -0.782153 0.762619 0.435686 -0.409526 -0.431859 0.00865378 
4.09761 3.77602 3.52024 3.48199 2.29555 -0.0163028 -0.186509 0.0915786 0.185066 -0.272901 -0.140347 -0.0320697 
3.72692 3.25064 2.8417 2.48898 1.87029 0.822729 0.0971734 -0.0629824 -0.0792982 -0.109059 -0.0918859 -0.0479656 
3.40783 3.04188 2.73247 2.1746 1.46801 0.907023 0.690956 0.529107 0.199 -0.106768 -0.218609 -0.0419512 
3.07711 2.65751 2.35685 1.90955 1.30906 0.725528 0.358506 0.212871 0.171904 0.0686215 -0.0259311 0.00275893 
4.44153 2.41239 2.22964 1.63279 1.02191 1.16109 0.66713 0.890448 1.36347 -0.497458 -0.478101 -0.108476 
3.44771 2.35187 1.72167 0.966899 0.965632 1.56795 1.27347 1.16051 0.821192 -0.0480713 -0.324381 -0.0544288 
3.09201 1.53028 1.85756 0.579929 -0.250378 1.60906 1.38209 0.610137 1.41775 0.0957591 -0.412788 -0.0412991 
4.61262 -0.878867 0.0103739 -0.869618 -0.580534 2.47226 1.35411 1.49933 2.33092 -0.251484 -0.186432 0.119333 
4.06126 -0.134944 -1.11704 -4.11399 -1.22545 3.23143 0.9374 0.376963 1.69047 0.250785 -0.138036 0.0263613 
3.49374 0.647911 -1.53864 -2.25365 -0.546664 0.992354 1.96858 2.24516 0.985654 0.412539 -0.193229 -0.0878655 
4.16161 0.346997 0.0375097 -1.58496 -0.0095831 0.78234 2.77127 2.38092 1.18369 -0.0494327 -0.0395191 -0.0218932 
3.17059 -0.0609187 1.09774 -0.146164 0.288946 0.946087 2.37378 1.34109 1.71184 0.770248 -0.155838 -0.0939764 
2.77818 0.027446 0.859242 -0.284583 1.71246 1.93664 2.40482 0.446261 0.914788 0.945815 0.390174 -0.0352386 
2.19817 -0.00969769 0.818267 0.699335 2.00712 1.03022 1.14495 -0.088015 0.837979 0.366199 0.411765 -0.0157965 
2.56012 -0.207831 1.02604 0.421348 2.078 1.19325 1.57696 0.769324 0.455149 0.310252 0.4098 -0.0147353 
2.17619 -0.185083 0.918815 0.483312 2.208 0.835171 0.922865 -0.377782 0.453191 0.489671 0.143762 0.0080953 
2.45232 -0.524579 0.9717 0.116842 1.58694 0.777411 1.78977 0.7873 1.22357 0.401792 -0.0264262 -0.0577866 
2.34799 -0.488649 1.23629 0.932062 1.59666 0.720736 1.6573 0.522894 0.677945 0.362558 0.3317 -0.00925257 
2.12239 -0.610718 0.114192 0.221409 0.982061 0.888684 2.1995 0.6069 1.17876 0.335386 0.195168 -0.144234 
2.23422 -0.536872 0.565193 0.325179 1.60386 0.841284 1.92052 1.14762 1.01224 0.599189 0.206048 -0.111964 
2.22326 -0.888572 0.877732 -0.145342 1.18392 1.41722 1.33633 0.556432 0.779015 0.603777 0.241018 -0.0589895 
2.33795 -0.212534 0.972056 0.541008 1.14226 1.11005 2.19476 -0.0717169 0.962188 0.879782 0.21933 -0.0594982 
2.13996 -0.117215 1.09198 0.16156 1.9244 1.25445 1.04983 0.106963 0.681339 0.657652 0.27417 -0.00432368 
2.24056 -0.0833188 1.68672 0.922442 2.4116 0.32738 0.927854 -0.119019 0.570482 0.645267 0.342768 0.0262869 
1.96218 -0.168859 1.17278 0.48176 1.36175 0.333689 1.05482 -0.458444 -0.18528 0.656019 0.347972 0.0198601 
