1.88318 1.1758 1.13254 1.46894 2.32466 -0.144216 1.16797 -0.222402 0.966195 1.01179 0.00950473 0.00191987 
2.73301 -0.0192484 1.59005 0.424399 2.19056 0.767881 0.779598 0.217513 0.964601 1.04483 0.0268616 -0.0604452 
2.54909 -0.603579 2.43808 0.927138 2.62727 0.12071 0.835138 -0.433838 0.165713 1.26859 0.361363 -0.0491402 
2.10585 -0.452454 2.39176 1.42615 2.20108 -0.445007 0.693163 -0.83637 0.381936 1.10166 0.285007 -0.0732864 
2.21487 -0.510754 2.40243 1.638 2.44362 0.245315 1.03134 -0.393198 0.656176 0.955325 0.432998 -0.0767107 
2.71001 -0.112631 2.04753 1.03265 2.74709 0.23358 0.825286 -0.236789 1.0299 1.21186 0.294522 -0.0194052 
2.82444 -0.712095 2.50975 1.41623 3.2193 0.145573 0.940796 0.200497 0.494991 1.16736 0.429845 -0.00827907 
2.49784 -0.10073 1.96271 1.23249 2.6338 0.649268 0.920152 -0.233874 0.889079 0.996035 0.216041 -0.0294379 
2.43671 -0.0480494 1.84098 0.911685 2.38668 0.195276 0.741373 -0.760665 0.776501 0.949039 0.205772 -0.0164162 
2.34545 -0.392664 1.95513 0.777985 2.84744 0.900899 0.183872 -0.0476223 0.880298 0.647155 0.163556 -0.0328105 
2.65528 0.29852 1.81669 1.37805 2.39681 0.10567 0.0405159 -0.537653 0.341262 0.861909 0.170531 -0.0689121 
2.42089 -0.950604 1.64454 1.06223 2.85297 -0.100482 0.188657 -0.698224 0.0404317 0.77596 0.146743 -0.037036 
2.42396 -0.393688 1.97437 0.50193 2.48527 -0.210251 0.359619 -0.501228 0.745892 1.18252 0.111731 -0.0224299 
2.7891 -0.808038 2.10264 0.376279 1.67457 -0.49619 0.808964 -0.440027 0.516324 0.84411 0.294513 0.0404244 
2.6023 -0.499045 2.11228 0.968343 2.25893 0.203933 0.710451 -1.00363 0.293238 0.623778 0.229584 0.0139102 
2.52178 -0.332064 2.14875 0.985732 2.65958 0.306416 0.404971 -0.69014 0.314411 0.574316 0.142158 -0.0276568 
2.61204 -0.654247 2.57293 0.733056 2.51912 0.861845 0.331543 -0.689762 1.77425 0.467029 0.273529 0.0698094 
2.77281 -0.180988 2.29099 1.40523 2.20385 0.387685 1.34684 0.0335557 1.05385 0.97941 0.236165 -0.0768514 
2.70533 0.737476 1.85199 1.89568 2.51598 0.762627 0.903053 0.273323 0.778354 1.00465 0.34479 -0.070032 
2.77352 1.80089 1.88589 1.84996 1.58068 1.34814 0.849787 0.484274 0.740872 0.630668 0.205473 -0.0183126 
2.79624 1.92397 1.92645 1.94087 1.76433 1.38484 0.921326 0.500635 0.643248 0.556595 0.281212 -0.00689627 
2.93984 2.14075 2.24601 2.25835 1.92254 1.53632 0.607396 0.562543 0.887576 0.442055 0.244539 0.0126899 
3.03347 2.21255 2.21864 2.50676 2.48758 1.41604 0.798709 0.448915 0.648491 0.692125 0.134886 0.00473455 
2.85326 2.24726 1.91122 1.91901 1.7174 1.26793 0.97956 0.720155 0.599939 0.465232 0.273435 0.00652972 
2.81224 2.23559 2.0667 1.91202 1.73859 1.37811 1.08604 0.73291 0.518318 0.447724 0.245536 0.00565986 
3.07572 2.55976 2.37555 1.96272 1.6957 0.962776 0.575099 0.393323 0.49964 0.568139 0.377518 0.0275092 
3.13849 2.51506 2.12576 1.66806 1.33502 0.932419 0.55724 0.342251 0.623785 0.769287 0.396277 0.0360038 
3.16103 2.61423 2.26536 1.49855 1.19448 0.710418 0.300942 0.160265 0.377537 0.737664 0.494108 0.0459097 
1.80457 4.6919 1.61899 1.77383 1.0027 -0.124398 0.450461 -1.29579 1.61927 0.276523 0.498094 0.0525012 
0.40782 5.39361 1.89159 -1.54914 1.15715 1.73089 1.07371 -0.445272 1.89976 -0.408527 0.384279 0.0898053 
-0.259504 5.19084 1.21757 -1.83427 0.561549 2.49561 1.99902 0.317799 2.00428 -0.684034 0.0768807 -0.0345212 
-0.894997 4.53567 1.52197 -0.699018 0.703047 2.17585 1.89959 0.837497 1.93922 -0.45099 0.0646831 -0.0455299 
-0.190662 4.09406 0.493442 -1.04171 1.12079 1.23912 2.91624 -0.691245 2.21201 0.382232 -0.0709669 0.00771417 
-0.151263 3.09469 -0.137293 0.498433 1.10613 1.22999 1.84544 0.0466952 1.86172 -0.322099 0.016822 -0.0740829 
-0.0949216 3.47219 0.5737 0.731063 0.910074 1.35181 2.22267 0.836622 2.05697 -0.687054 -0.0756943 -0.0290064 
-0.21624 3.37281 0.6545 1.36636 -0.0493685 1.49408 1.70377 1.17822 2.2465 -0.569312 -0.117254 -0.0122192 
0.286753 2.75315 0.200881 0.0773663 1.62293 1.4059 2.2932 0.729543 1.95291 -0.506173 -0.147039 -0.0672762 
0.308566 2.33807 0.14219 -0.217167 0.342289 0.310433 1.96302 0.765054 1.25126 -0.528126 -0.159787 -0.013801 
0.71606 1.95319 0.611169 -0.625785 0.234447 -0.0910562 1.52361 -0.00209919 1.5673 -0.0688239 0.0871436 -0.0470627 
1.9938 3.12037 1.20126 -0.831716 0.509794 1.30569 2.25177 0.511006 1.55272 -0.200698 0.160232 -0.0668336 
3.0012 3.54635 2.30068 2.40702 2.15581 1.43988 2.38716 0.368026 1.51104 -0.796621 0.105901 -0.0483538 
3.83805 3.78676 2.78646 2.49491 2.41474 0.788078 1.76567 0.280022 0.422396 -0.580347 0.04751 -0.0401053 
4.27133 3.60262 3.18581 2.97321 2.40464 1.67667 1.16966 0.888383 0.152903 -0.416489 0.0382244 -0.0252753 
3.88405 3.56619 3.24685 2.93931 2.39773 1.59299 0.919314 0.467477 -0.0671556 -0.266571 -0.00481959 -0.0449542 
3.37041 3.09293 2.9635 2.71728 2.25159 1.63931 1.01143 0.389262 -0.0707914 -0.201597 -0.121043 -0.0527121 
3.64618 3.38932 3.1687 2.77895 2.22747 1.5681 0.927504 0.371573 -0.0251371 -0.172168 -0.111021 -0.0536251 
4.0473 3.7812 3.41805 2.96966 2.40153 1.67242 0.927563 0.296023 -0.139634 -0.245691 -0.0442719 -0.058245 
3.92759 3.57752 3.38072 3.15366 2.47135 1.4809 0.772194 0.4002 0.0177732 -0.204159 -0.0314055 -0.0487936 
5.83761 4.57042 3.73986 3.0039 2.45559 2.43668 1.42497 0.672363 -0.0207748 -0.896088 -0.178742 -0.059271 
3.28852 2.90073 2.71583 2.44805 1.84388 1.08326 0.585355 0.31589 0.0714438 -0.112824 -0.12694 -0.0424676 
3.13596 2.69232 2.33192 1.96756 1.56809 1.07325 0.533253 0.122731 -0.107273 -0.21971 -0.195433 -0.0551778 
3.28179 2.92209 2.6909 2.30935 1.67761 1.0613 0.606071 0.202143 -0.156664 -0.290538 -0.167889 -0.0650479 
3.81589 3.339 3.01342 2.84491 2.11445 0.90004 0.239247 0.1511 -0.0920526 -0.323252 -0.115926 -0.0682232 
3.62492 2.7544 2.62614 3.10551 2.2863 0.526147 0.141392 0.703329 0.327679 -0.473591 -0.222644 -0.0494614 
4.37333 2.80899 2.33031 3.32158 3.1908 0.406698 -0.48551 0.918798 0.602845 -0.766126 -0.238837 -0.0453478 
5.0538 2.42394 3.5824 1.90011 4.854 -0.330897 -0.136463 0.687236 0.637371 -1.0606 -0.506989 0.0386975 
3.59446 2.96513 2.83948 2.70895 1.7561 -0.0477379 0.0256839 0.520548 0.164814 -0.443098 -0.249226 -0.0532138 
3.31661 2.59427 2.27139 1.96013 1.53532 0.551554 0.116152 0.164866 -0.207934 -0.348935 -0.230322 -0.0671839 
3.16337 2.61306 2.27406 2.2053 1.93474 0.958138 0.534817 0.272291 0.145982 -0.1111 -0.270618 -0.0428959 
3.62064 3.18155 3.03511 2.42416 2.61514 0.692004 0.754006 0.548604 -0.151439 0.0376031 -0.0896097 -0.0223243 
3.77342 3.50386 2.89456 2.32435 2.48111 0.351955 0.901357 0.108892 -0.152868 -0.0488333 -0.102775 -0.0232167 
3.67922 3.7253 2.90929 2.13777 2.38295 0.569535 1.17682 -0.285932 -0.155494 0.0771645 -0.101164 -0.00779664 
3.58877 3.6211 3.13053 2.12138 2.17434 0.240431 0.90416 -0.265628 -0.0955558 0.0785451 -0.0414739 0.00649331 
3.46975 3.33264 2.9498 2.45853 1.88594 1.00286 0.695412 0.19161 0.168892 0.0682038 0.0450148 0.00202327 
3.39319 3.23366 2.74995 2.30956 1.69637 0.929576 0.770093 0.226118 0.356265 0.140554 0.14923 0.0327963 
3.54899 3.76671 2.73176 1.94686 1.6115 0.170305 1.22758 -0.102343 1.17614 0.124922 0.286696 0.0747828 
3.18145 2.78484 1.71198 1.39966 1.07454 1.37897 1.81822 1.2773 1.28028 0.374668 0.312988 0.0586104 
3.30449 1.70218 1.10129 0.219123 -0.0885489 1.40671 4.17394 2.76442 1.06499 -0.608887 0.369285 -0.0634041 
3.93508 1.4452 1.03887 -1.29404 -0.751434 1.37606 4.52279 2.70858 1.92364 -1.08901 0.220785 -0.0484046 
3.75246 1.6168 1.27638 -3.7314 -2.00264 2.01175 3.01104 2.77679 1.69631 -0.882659 0.0964391 -0.165279 
3.97128 -0.121945 1.13172 -1.63199 -2.03605 2.8351 3.73296 2.4258 0.658242 -1.16904 -0.0894097 -0.0324897 
4.07831 1.37603 -0.427852 -0.33381 1.89694 3.14223 3.63745 2.01253 0.0790309 -0.292897 -0.161741 0.0330944 
3.77368 1.46453 0.361209 0.679011 2.43224 3.08971 2.88241 1.33607 0.226818 0.0331171 -0.135571 0.0416726 
2.92384 1.44153 0.717033 0.879816 2.48043 2.75785 2.04213 1.00012 0.308571 0.174705 -0.0660868 0.0237851 
3.00442 1.6632 1.78555 2.26373 2.31239 1.68122 0.783737 -0.25761 0.640093 0.926835 0.34211 -0.0188594 
3.08492 1.55637 1.87721 2.59545 2.73853 1.87521 0.650115 -0.419894 0.781969 1.15593 0.203937 -0.0441488 
2.89022 1.48409 1.73795 2.34471 2.60586 0.925709 0.185538 0.291158 0.634429 0.914134 0.373946 -0.0412101 
2.89386 1.79202 1.98859 1.99601 2.24519 1.49403 0.37296 0.245527 0.711279 0.749957 0.379745 -0.00499468 
2.89516 1.02729 2.45512 2.20938 3.42034 1.26597 0.461681 0.223387 0.619664 0.999265 0.238353 -0.0489079 
2.7681 1.377 2.46625 2.53166 2.56572 1.15713 0.656737 0.172791 0.713857 0.818054 0.235151 -0.0207325 
2.67417 1.59728 2.21682 2.01712 2.58543 1.30576 0.651887 0.388189 0.532584 0.929341 0.284985 -0.00577995 
3.04912 1.00297 2.8055 2.21377 3.30322 1.85005 1.03846 0.178919 0.538174 1.12039 0.25703 0.00261824 
2.87486 1.13875 3.09301 2.27099 2.89075 0.625971 1.04661 -0.214258 0.878591 0.708684 0.390504 0.0560739 
2.60593 1.13123 2.44977 2.05813 2.68865 1.27609 0.911797 0.407278 0.423205 1.27513 0.307369 -0.0115837 
2.53568 0.412955 3.04741 1.88678 3.71935 0.879756 1.14799 -0.392295 1.08648 1.19066 0.261388 0.0580097 
