0.850378 -0.124014 0.504336 0.943565 0.659078 -0.784918 0.409201 0.537283 1.83402 -0.50648 0.375867 0.0504395 
-1.39914 -3.54953 4.61561 2.75986 1.9777 -2.97662 -0.198924 1.65827 1.57487 -0.777801 -0.195265 0.431223 
1.17969 -2.82238 3.68483 2.4754 2.70008 -0.704809 -0.299172 1.02451 1.85737 -0.418802 -0.313985 0.219281 
1.93477 -0.0381721 0.814896 1.01226 1.5669 -0.15218 1.35476 -1.03072 0.817521 0.253489 0.684744 0.0572137 
2.38419 0.218433 1.10597 0.96755 1.96587 0.343313 1.20784 -0.490106 0.645916 0.567577 0.501054 0.0190487 
2.26974 -0.0237728 1.01135 0.251863 1.47401 0.422212 1.10806 -0.905538 0.299062 0.804357 0.199558 0.0187974 
2.32122 0.197345 1.404 0.664167 1.64969 0.209821 1.03436 -0.490645 1.10582 0.675559 0.670447 0.00289603 
2.50625 -0.308836 1.25614 0.252347 1.35308 -0.263768 1.01345 -0.253027 0.287279 0.871821 0.30629 -0.00805671 
2.54364 -0.395452 1.3394 0.974415 1.80014 0.266003 1.08955 -0.149472 0.995363 0.493391 0.262698 -0.0112959 
2.3371 -0.319407 1.88145 0.402244 1.7778 1.13842 0.738454 -0.4234 0.25379 0.605752 0.233645 -0.0407767 
2.37466 -0.399825 1.735 0.284111 1.0996 0.105004 1.24537 -0.0678895 0.525412 0.588411 0.600905 0.0320836 
2.83455 -0.168825 1.86862 -0.0829084 1.26673 0.173949 1.02629 -0.217058 0.442713 0.903596 0.402817 0.0247398 
2.6485 -0.503355 1.66742 1.1366 1.42064 0.127519 1.80597 0.513495 0.518279 0.0520546 0.374453 0.0722312 
1.65764 0.379969 1.62501 0.387721 1.10915 0.827896 -1.03938 0.957294 0.565697 0.564278 0.492105 -0.110868 
0.773015 1.48602 0.482417 0.407287 1.94959 0.227265 0.70212 0.898464 0.851821 0.695814 0.167999 -0.0641403 
1.17677 2.04235 0.146331 0.865955 2.07629 -0.300909 1.62485 0.781812 0.509958 1.22565 -0.101196 0.0694501 
2.20202 0.233483 1.56668 1.0798 1.26974 0.0689186 0.683033 0.865118 0.301083 0.602461 0.326803 -0.0246195 
2.63043 -0.418307 1.46679 0.590625 1.63653 -0.302755 0.693964 -0.823055 0.608645 0.397047 0.113867 0.0490549 
2.54481 0.435893 1.06095 0.485273 1.00453 0.320402 0.215464 0.0187452 0.542879 0.442074 0.603418 -0.0124948 
2.91993 -0.336723 1.49096 0.410231 1.75292 0.502238 0.80723 0.109701 0.757183 0.558171 0.217509 0.0390269 
2.50348 -0.392302 0.808919 1.38946 1.02786 -0.0823695 1.25304 -0.161527 0.531331 0.403826 0.397232 0.0317726 
2.3979 -0.226701 1.02154 0.696451 1.62631 0.00805236 0.709599 0.139735 0.848606 0.317803 0.258869 0.0521624 
2.59347 -0.0993463 2.05829 0.681832 2.02954 0.464185 -0.00146654 -0.26672 0.608006 0.64341 0.437437 0.0187473 
2.38641 0.009587 1.5313 1.85822 2.24824 1.20465 1.23454 0.172812 0.836498 0.311355 0.480391 0.0415332 
0.757805 2.4466 0.309388 2.41138 2.71333 -0.170105 2.96784 -0.468131 1.53967 0.332252 0.397652 0.00595014 
2.13171 0.542692 1.15474 1.71758 2.01366 -0.0181469 1.63722 -0.811421 0.97498 0.312743 0.559426 0.0100793 
2.04701 0.54922 1.73747 1.02584 1.88235 0.582099 1.26905 -0.480874 0.596534 0.370465 0.537658 0.0110911 
2.22747 -0.00300068 -0.168617 -1.45021 -0.175189 2.29888 1.53027 1.81454 0.475953 -0.304704 0.108812 -0.043513 
-0.0304846 1.96669 -0.861714 -3.63225 -1.68538 0.312875 0.817168 0.355481 1.37224 -0.838385 -0.0444046 0.0644616 
-0.459195 0.638347 -0.752002 -1.31815 0.220375 -1.16073 0.0819482 1.1687 1.10858 -0.90379 -0.347627 0.0427017 
-0.269645 0.0263306 -0.283733 -0.574702 0.232563 -1.0397 0.468894 1.16471 1.43743 -0.426735 -0.0307193 0.0949407 
-0.849361 -0.083106 -0.13752 -0.924393 0.00734577 -0.134674 0.139733 0.831498 1.52759 -1.16629 0.0378695 -0.0987304 
-1.0242 -0.609157 -0.0233042 -0.332719 0.250138 -0.414087 0.690763 0.296926 0.834546 -1.13663 0.0705656 0.0510504 
-1.83952 -0.960078 -1.74043 -0.664752 -0.509773 -1.59271 -0.151394 -0.765211 1.39715 -0.642505 0.0648873 0.142083 
-0.850178 -0.654704 -0.777999 -0.671737 -1.29637 -1.30804 1.09116 0.202751 1.132 -1.20612 0.0533561 0.0464953 
0.694649 0.0353662 0.125753 -1.25236 -0.249986 -0.987741 0.902729 -0.0905191 0.90715 -1.32094 -0.0461976 0.106683 
1.16368 1.44629 1.31109 0.537455 1.3316 0.0918119 1.75553 1.41179 1.10345 -0.969462 -0.00010013 0.0503958 
3.10444 3.16902 3.90356 3.0916 1.94779 -0.022448 2.11563 0.939424 0.407075 -0.933378 0.41791 0.0104785 
4.48421 2.87338 3.48919 4.70241 2.09677 0.365959 2.29699 0.476237 -0.621416 -0.571402 0.282288 -0.00626659 
4.60402 2.52961 3.63329 5.12386 1.6212 0.331089 2.13617 0.79854 -0.433753 -0.216494 0.188445 -0.0332601 
3.82157 2.97053 3.62093 3.97843 1.9612 0.674019 1.17265 0.631729 -0.46074 -0.321588 0.105103 -0.0360979 
3.80989 3.17671 3.80618 4.15625 2.12243 0.54548 0.81281 0.538765 -0.562664 -0.517361 0.130071 -0.0463163 
4.00838 3.11792 3.75275 4.2899 2.15482 0.214864 0.53564 0.597548 -0.343264 -0.532155 -0.0510464 -0.0421458 
3.99802 3.0147 4.48362 5.06741 1.92867 -0.0287377 0.999696 0.749355 -0.711196 -0.624558 0.0325529 -0.0562454 
3.84148 2.96999 3.91913 4.53565 2.10662 -0.0360264 0.547347 0.818284 -0.39002 -0.748117 -0.0274382 -0.0343574 
3.80552 3.1265 3.54384 3.80665 2.06083 0.300086 0.487953 0.718038 -0.285123 -0.694152 -0.0114521 -0.0450043 
4.49084 3.20385 4.17106 5.16054 2.48578 0.0163968 0.547718 0.928748 -0.0765675 -0.456524 -0.162768 -0.0227521 
3.82422 2.93829 3.66297 4.52109 2.663 0.419369 0.660868 1.17973 0.147878 -0.545741 -0.0758467 -0.00759945 
3.91756 3.16804 3.66845 4.63238 3.18642 0.699689 0.553066 1.33512 0.409086 -0.53266 -0.0338883 0.000475818 
3.49565 3.02082 3.25032 3.11447 1.87979 0.910551 0.944683 0.707359 -0.0906247 -0.305593 -0.0064908 -0.0346671 
3.11706 2.66374 2.56953 2.28968 1.5969 0.972736 0.707739 0.418792 0.00261191 -0.199609 -0.150406 -0.0400078 
3.24226 2.57983 2.63346 2.69436 1.70931 0.698079 0.722926 0.674926 -0.0811608 -0.414777 -0.133022 -0.0466325 
5.45096 3.04971 4.06054 6.53322 3.17505 -1.41657 0.173457 1.4652 -0.325332 -0.65546 -0.347884 0.0240803 
3.39703 3.27653 3.02314 2.41736 1.72702 1.01612 1.05671 0.387642 -0.177949 -0.266576 -0.163322 -0.0707228 
3.34032 2.86441 2.85256 2.34929 1.65022 0.727453 0.687628 0.485395 -0.213703 -0.317462 -0.168744 -0.0652124 
4.33699 2.86254 3.07706 4.13691 2.76005 -0.211525 0.122441 1.13775 0.121692 -0.753125 -0.242942 -0.0128151 
4.82641 2.82104 2.89176 4.55176 3.1168 -0.393546 -0.262121 0.882573 0.166262 -0.8218 -0.351081 -0.0198702 
4.63072 2.79795 2.75821 4.32259 3.58561 -0.429017 -0.362029 0.557592 0.0470763 -0.785758 -0.298427 -0.0306095 
4.71503 2.96687 3.09193 3.36484 4.19357 -0.503511 0.196902 0.201246 -0.150785 -0.733075 -0.279129 -0.0251265 
3.59888 2.79199 2.85008 3.50533 2.79254 -0.981665 0.45845 0.191367 0.0977777 -0.622691 -0.249916 -0.0313439 
4.26029 3.14984 2.45785 3.33487 2.83188 -1.04203 0.0923824 -0.30326 0.322291 -0.859562 -0.198313 -0.0329961 
4.4637 3.09533 2.11442 3.21373 2.40998 -1.35528 -0.00154196 -0.373429 -0.059531 -1.07708 -0.0557569 0.0250704 
4.39075 2.80645 1.98983 2.97237 1.94213 -0.769277 -0.495525 0.0385805 0.0647686 -0.940951 -0.0180478 0.0236009 
3.60765 2.50996 2.36577 2.58403 1.62725 0.0959797 -0.343376 -0.0136783 0.0349095 -0.19925 -0.0526906 -0.0323186 
3.54944 2.88919 2.13031 1.64267 1.32224 0.756769 0.266615 0.0113997 0.144051 0.149564 -0.0370445 -0.0177343 
5.12844 3.68187 1.48339 1.45343 1.23052 -0.407909 1.67056 1.44754 0.901233 -0.382642 0.0238468 0.0243392 
3.72993 3.12164 2.80189 2.28771 1.26907 0.683334 0.773967 0.662161 0.0756681 -0.0340783 0.261938 0.0489868 
3.55769 2.69479 1.6448 0.927991 1.02777 1.71278 1.87372 1.19194 0.246497 -0.237581 -0.0751691 0.00789096 
3.69956 2.2788 1.27098 1.09344 1.47506 2.36176 2.89018 1.83842 0.403553 -0.171786 0.0140942 0.0598172 
4.59319 3.57425 1.91007 0.706021 0.743545 1.67924 2.08483 1.1318 0.202848 -0.0629301 0.0113331 0.0132724 
5.05467 3.81833 1.48114 0.0170917 0.626159 2.1792 2.37995 0.820064 -0.0656756 0.0595273 -0.0201316 0.0755551 
3.57207 2.88265 2.07125 1.37477 1.12149 1.12415 1.08744 0.943145 0.807031 0.635859 0.420707 0.0945795 
2.72588 2.19673 1.99443 1.915 1.85703 1.66284 1.44216 1.18032 0.880488 0.638505 0.363794 0.0783543 
2.77734 2.27104 2.09321 1.93138 1.81572 1.75083 1.51746 1.25007 0.87988 0.68482 0.441497 0.0943751 
3.59299 1.66993 3.89225 2.14178 2.15917 1.8131 1.40622 -0.403718 1.35558 1.32749 0.289061 0.129173 
2.75547 1.24952 3.38942 2.19877 1.86321 1.97068 1.08464 -0.137674 1.90377 1.14068 0.153308 0.103588 
2.29231 0.574132 2.53828 1.63799 1.74146 1.70346 0.322115 -0.301243 0.722171 0.713249 0.341031 -7.91049e-005 
2.41046 -0.0822537 2.28321 1.0697 2.15294 0.629802 0.936673 -0.137563 0.64446 0.855623 0.470194 0.0162513 
1.90206 0.0341225 1.6072 0.910527 1.1743 0.362648 0.441421 -0.00868647 0.471606 0.71504 0.327391 -0.0462811 
1.80319 -0.185999 1.81959 1.05815 1.50245 0.466036 0.247669 -0.529484 0.684413 0.725995 0.389955 -0.0295885 
1.72639 0.121794 1.82649 0.283323 1.87407 0.233475 0.378082 -0.102295 1.0025 0.616983 0.0489574 -0.0631843 
1.67485 -0.298509 2.10109 0.798505 2.41574 0.846895 1.17214 -0.505945 0.200631 0.536249 0.136308 0.0728689 
1.93677 0.197089 1.92846 0.798574 1.94314 0.34499 1.3896 -0.475717 0.585801 0.794483 0.218117 0.0405695 
1.90309 0.0775015 1.40362 0.912824 1.95291 0.774476 1.37576 0.268962 0.851394 0.717927 0.0308206 2.10904e-005 
1.9685 -0.352444 1.87435 0.742541 2.14944 -0.275291 1.92051 0.148461 1.03606 0.689033 0.0301466 0.013092 
