2.32591 0.0998184 2.18819 1.10509 2.69468 0.601138 0.909405 0.290416 0.871637 0.527519 0.393067 0.0447642 
2.67483 0.182868 2.41108 0.777568 2.25485 0.22376 0.68738 0.0627581 0.970636 0.48359 0.321857 0.0623494 
2.28292 0.221929 1.9701 1.11944 2.40048 0.840706 0.358043 -0.305501 1.13535 0.451678 0.0640168 0.0414708 
2.50147 0.0881296 2.07132 0.943079 1.99413 0.64116 1.31605 0.0336682 0.508036 0.255394 0.339007 0.0634007 
2.15367 0.170203 2.20103 0.473292 2.25735 0.453487 0.675762 0.454786 0.325203 0.164651 0.10515 0.0697028 
2.67682 -0.332006 1.39754 0.983208 1.245 0.200008 1.97731 0.0695099 0.89494 0.273083 0.003999 0.0128569 
2.14734 -2.49904 2.02268 3.15168 -0.000518542 -1.96758 2.54417 0.68243 -0.869431 0.185785 0.359072 0.0308473 
2.8913 -2.27293 2.19826 2.35004 -1.32703 -0.799963 1.58949 2.87269 -1.25675 -0.669065 0.115815 -0.0599991 
2.56021 -2.07916 2.7699 2.16836 0.260262 -0.680261 1.02586 1.79073 -0.5779 -0.298653 0.202269 -0.0685926 
1.48428 -1.68 1.66344 4.09418 -0.859695 -2.81978 2.73541 0.685232 -0.522439 0.071941 0.461809 0.0790945 
-0.769277 0.922719 1.30393 1.22248 0.189931 -2.21433 3.29914 1.10726 -0.857368 0.957045 0.0224807 0.048764 
1.90205 1.71364 1.5797 -0.290456 0.622711 -0.0124971 3.99991 0.294639 0.359291 0.386956 -0.0671081 -0.091153 
2.89454 0.20398 1.29472 -0.684593 1.45032 -0.00840185 1.11599 0.7909 0.925464 0.336994 0.0496441 -0.0158588 
3.15976 -0.408049 0.774703 -0.163563 1.56625 0.906973 1.4568 -0.295269 0.788247 0.610657 -0.0233614 -0.0470748 
2.7636 0.846605 1.26399 0.582171 1.89611 0.384363 1.28655 0.109339 1.04001 0.353532 0.0363407 0.00101781 
2.12756 1.24807 1.04174 1.1252 1.35201 0.798086 0.577077 -1.224 1.29919 -0.0973009 0.389693 -0.040467 
2.16203 0.630534 1.31102 0.869601 1.96494 0.733376 0.716873 -0.67587 0.528443 0.341809 0.488798 0.00596573 
2.19937 0.209965 1.45613 0.519608 1.80468 0.737882 0.581406 -0.766396 0.928226 0.156372 0.349287 0.0766771 
2.17548 0.348136 1.58794 0.550331 2.41771 1.25362 0.655534 -1.02877 0.920589 0.338811 0.315301 0.0948588 
2.3042 0.597943 2.24842 0.757011 2.0338 0.75401 0.262674 -0.936294 0.622219 0.617666 0.309677 0.0411533 
2.57654 0.040761 1.98139 0.226178 2.52074 0.837817 0.835003 -0.220518 0.613744 0.542654 0.0730955 0.0749318 
2.33909 -0.497687 1.56086 0.629804 2.79147 0.381626 0.230957 -0.0317861 0.450773 0.496216 0.084394 0.011246 
2.78846 -0.316239 1.86492 0.562007 1.99254 0.658707 0.841012 -0.160519 0.111622 0.619964 0.231254 0.0108913 
2.37796 -0.201577 1.82135 0.30677 2.15284 0.363841 -0.163083 0.245815 0.773085 0.195616 0.253417 0.0210467 
2.44699 -0.23005 1.55577 0.952218 2.17217 -0.322816 0.0289317 -0.515967 0.466624 0.27603 -0.0386286 -0.0178305 
2.43856 -0.411149 2.21112 0.22189 2.18589 0.936887 0.272422 -0.439885 0.56689 0.416558 0.167017 0.04324 
2.35473 0.159408 1.68552 0.943277 1.95257 0.273963 0.188059 -0.428944 0.433714 -0.0111673 0.070076 0.0560501 
2.63624 0.573288 2.11791 1.29767 2.48993 0.811407 0.682024 -0.325842 0.782035 0.14121 0.399886 0.0535706 
2.68124 0.233442 2.11102 0.666885 2.50559 0.844943 1.72872 0.270129 0.83438 1.08072 0.494012 0.0207996 
2.89257 0.534675 2.56592 0.872057 2.82603 1.24295 1.71534 0.507542 0.560429 1.12476 0.389416 0.0367246 
2.66935 0.382135 2.24346 1.32539 2.75409 0.919933 1.25777 0.33908 0.925738 0.33713 0.155673 0.0616544 
2.60175 -0.320688 1.61989 0.463128 2.3525 -0.456397 0.480174 -0.472086 0.245882 0.546649 0.362129 0.0742626 
2.48113 -0.037826 1.65199 1.11828 1.88245 0.792569 0.967708 0.181908 0.301154 0.300831 0.279225 -0.00647781 
2.514 0.0929592 2.28113 1.37925 1.66185 -0.111917 0.0343358 -1.36489 0.50915 0.677282 0.375753 0.0236358 
2.72007 0.341514 2.43679 1.2813 2.05627 0.389092 0.583271 -0.236716 0.592571 0.435763 0.530848 0.0572842 
2.50803 -0.16294 2.14821 0.97801 2.45514 -0.151454 0.845128 -0.208464 0.335376 0.246653 0.279954 0.0391604 
2.5645 0.110748 1.65059 1.21757 2.21097 0.169823 0.169347 0.30493 0.478545 0.334658 0.311392 0.00702957 
2.70103 -0.0861052 2.35996 1.13974 2.76655 0.264676 1.06182 0.0912616 0.625762 0.334325 0.479775 0.104379 
2.59277 0.112461 1.65435 0.801637 2.09151 0.0851444 1.09844 -0.15212 -0.0291777 0.276728 0.532639 0.0448067 
2.74945 -0.4732 2.39349 0.951221 1.92534 0.380336 0.883386 -0.302378 0.544049 0.435109 0.541021 0.0822611 
2.50707 0.040854 2.66557 1.1382 2.05928 0.151889 0.806321 -0.780281 0.844425 0.416862 0.382658 0.0879221 
2.49729 -0.2382 2.21763 0.0439332 1.41145 1.14838 1.59115 -0.553129 1.2935 0.751737 0.204027 0.0616737 
2.60161 -0.209403 1.9973 0.895164 2.37521 -0.361784 0.885565 0.394666 0.458501 0.4751 0.37368 0.0492361 
2.36822 -0.00748304 1.91934 0.830611 1.56673 0.104355 0.254382 -0.370791 0.80335 0.322651 0.48113 0.0310138 
2.42658 -0.176881 2.42119 0.817756 1.99713 0.632937 0.605539 -0.265689 0.47451 0.257113 -0.0990536 0.0595094 
0.789647 2.37867 0.0388964 1.50838 1.62287 0.228792 1.759 0.0456024 0.879909 0.131189 0.382671 -0.0349466 
-1.01187 4.16753 -0.870801 1.23071 1.12511 0.295803 1.25497 0.12403 1.83522 -0.170284 0.417078 -0.0932284 
-1.95395 2.25909 0.575553 -1.62754 -0.396599 0.688471 2.50677 1.45023 1.82404 -0.844154 0.188283 -0.113783 
-2.05314 0.594809 -0.270128 -2.25701 0.249721 0.572428 2.69218 1.50485 0.967054 -0.753281 0.0279365 -0.0178021 
-1.37371 1.15117 -0.438825 -1.7157 0.27695 -0.203368 2.47053 1.48312 0.811412 -1.37901 0.213807 0.0337168 
-0.869844 1.10216 -1.10681 -1.69726 -0.684338 -0.0779369 2.23507 2.30281 1.64046 -0.92287 0.380679 0.0882883 
-1.51782 0.218054 -1.51735 -2.76152 -1.46232 -1.35543 1.30687 1.28578 0.874605 -0.849848 0.210375 0.0309063 
-1.9352 0.178755 -2.13294 -2.86223 -0.788013 -1.9865 1.532 0.673428 -0.243891 -0.486474 -0.0086454 0.100841 
-1.47134 0.935914 -1.09445 -1.88431 -0.920036 -2.53928 0.624725 0.645444 0.500118 -0.57624 -0.00926467 -0.0553887 
-0.669228 1.27814 0.18339 -1.11252 -0.0173474 -1.40477 1.1479 0.776147 -0.164795 -0.720587 0.0475327 0.0588828 
0.014378 1.87583 0.671893 -0.473955 0.179021 -0.820638 1.16022 0.676613 0.247773 -1.25824 0.204843 -0.0584947 
0.923244 1.36736 1.35072 -0.412 0.189141 -1.2013 0.467529 0.884509 0.250178 -0.860699 -0.149112 -0.108915 
1.61176 2.02487 1.74764 0.44605 0.721048 0.295369 1.35122 0.90662 0.537736 -1.41354 -0.106656 0.0212052 
2.98157 2.45168 2.58056 2.44601 1.52221 1.03991 1.09198 0.532634 -0.0454733 -0.162231 0.00538242 -0.0198506 
3.26503 2.56182 2.70365 2.92732 1.84723 0.862671 1.06525 0.887471 0.0517921 -0.321657 -0.0231449 -0.0106707 
3.75217 3.29873 3.41734 3.47119 2.20619 1.47958 1.15955 0.766377 0.0508108 -0.133991 -0.0163453 -0.0350269 
4.82262 3.37085 4.17551 5.41256 2.54857 0.701787 1.53593 1.37062 -0.440653 -0.534856 0.126755 0.0110686 
4.44477 3.32146 4.27339 5.12278 2.72278 0.634696 1.28901 1.16564 -0.327838 -0.555707 0.123084 -0.00172071 
3.71442 3.28915 3.09727 2.98294 2.28259 1.28062 0.73675 0.424915 0.0150865 -0.138833 -0.00330437 -0.0332718 
3.51435 3.15799 3.0216 2.81102 2.22548 1.43355 0.868793 0.514419 0.163145 -0.0515699 -0.0285476 -0.0241639 
3.36105 3.02096 2.8386 2.58052 2.0673 1.37418 0.834556 0.480638 0.153484 -0.087273 -0.107148 -0.0353951 
3.21224 2.77725 2.59953 2.41281 1.90737 1.22728 0.790151 0.493092 0.111231 -0.170331 -0.163636 -0.0414773 
3.44632 2.96744 2.85569 2.77877 2.07149 1.12661 0.739433 0.556651 0.0898191 -0.233974 -0.121417 -0.0478551 
3.86856 3.20397 3.4771 3.77046 2.28193 0.635016 0.779902 0.936192 -0.165858 -0.637763 0.0313062 -0.0339886 
4.35854 3.29012 4.13184 4.95836 2.68262 -0.14327 0.0896344 1.25907 0.165611 -0.834594 -0.163744 0.0137041 
4.29186 3.7287 3.58621 3.38042 2.19527 1.03429 0.810286 0.441202 -0.190149 -0.4236 -0.0116966 -0.0518642 
3.9089 3.33491 3.02461 2.89625 2.57331 1.12618 0.866447 0.643163 -0.0440956 -0.226735 -0.067519 -0.0477411 
3.78426 3.57899 3.57358 3.16895 2.19237 1.18336 0.806798 0.34547 -0.21474 -0.321959 -0.0190659 -0.067165 
3.51922 3.16845 3.09907 2.82871 1.98269 0.911196 0.665336 0.382789 -0.0958198 -0.306411 -0.117099 -0.0665727 
3.82983 2.94416 3.10893 3.60955 2.67178 -0.0195928 0.0807991 0.899689 0.214635 -0.539321 -0.227762 -0.0426953 
4.63025 3.14343 3.278 4.92852 4.45621 -1.69218 -0.130244 0.99741 -0.0193611 -0.415004 -0.61284 -0.0025381 
3.43737 2.62588 2.33537 2.78199 2.31843 0.311351 -0.112057 0.472805 0.383147 -0.287549 -0.356805 -0.0756232 
3.37715 2.39383 2.25811 2.74865 2.26979 0.626714 0.167586 0.604426 0.240974 -0.353373 -0.267416 -0.0560965 
3.9616 2.8035 2.66876 3.04381 2.36961 0.179836 -0.0216551 0.516324 -0.10808 -0.719987 -0.120025 -0.0439095 
3.77505 2.51959 2.16796 3.0204 3.03348 -0.745271 0.210792 0.670494 0.238245 -0.554335 -0.429397 -0.0415048 
5.26244 2.81476 1.34111 3.43062 5.31833 -2.22276 0.444482 0.0145936 -0.0449161 -0.537007 -0.773126 0.0996936 
4.24546 3.28301 2.73854 3.26041 2.98482 -1.6996 0.0892072 -0.136456 0.560915 -0.911106 -0.354617 -0.0216952 
4.12351 2.77713 2.01959 2.69634 3.2362 -1.64185 -0.529462 0.0210208 0.663896 -1.33989 -0.120255 0.0269014 
4.3073 2.97214 1.83234 1.92586 4.06453 -1.7775 0.426569 0.556599 0.352165 -1.27959 -0.000678991 0.159035 
4.68572 3.29103 1.7177 2.06294 2.4781 -0.44031 1.74973 0.748859 -0.212799 -0.904436 -0.0208463 0.0797866 
