2.51836 0.779366 1.41288 0.0214445 1.60554 1.08348 0.794596 0.0369165 0.296975 0.00586185 0.380529 0.0530614 
2.77703 0.0407756 2.10683 0.341381 2.66394 0.0907968 0.0317372 -0.28719 0.294363 0.727802 0.163455 -0.0284655 
2.77766 0.144663 1.57783 0.510971 2.39887 0.0325842 0.767454 -0.259139 0.779733 0.483531 0.238139 0.0424831 
2.92901 -0.0479334 0.946328 0.0722579 1.70669 0.818479 0.531248 -0.458796 0.591322 0.190472 0.217369 0.0139851 
2.84769 0.345976 1.85013 0.301745 2.43465 0.989929 0.184627 -0.390412 0.665004 0.16071 0.000855972 -0.00651174 
2.45387 -0.077076 0.882295 0.330235 1.87762 -0.255441 0.253074 0.0918633 0.929356 -0.0675262 0.479823 0.0036155 
2.49702 -0.258116 1.85708 0.621224 1.85288 0.0847095 0.957083 -0.507332 0.378426 0.255626 0.169035 0.0632273 
2.47236 -0.0939677 1.81043 0.884476 2.01621 -0.203099 1.10776 -0.115463 0.731472 0.711825 0.405197 0.0331507 
2.76306 -0.0890582 1.30026 0.793918 1.59948 0.168484 0.968968 0.0220096 1.03403 0.567477 0.370415 0.033562 
2.82732 -0.0138096 1.46859 0.197774 1.21787 -0.0637404 0.576069 -0.379632 0.317212 0.374663 0.265939 0.124281 
2.47139 0.329326 0.867455 0.0372801 0.763632 -0.401786 0.64331 -0.162115 0.426659 0.0763495 0.367175 0.140628 
2.24226 1.19266 -0.149723 0.363882 -0.520438 0.857429 -0.0421893 0.301204 -0.439766 -0.184775 -0.293818 0.0341208 
1.5624 1.93481 -0.473664 2.29596 -1.4449 1.05802 -1.20104 -0.0974732 -0.68829 0.37169 0.438817 0.156673 
1.71601 2.02404 -1.02834 2.66256 -1.89479 1.98688 -1.06046 0.21219 -0.460665 0.318863 0.365454 0.143783 
1.7034 1.46651 -0.541077 1.68897 -1.17051 0.194636 -1.66603 -0.759832 -0.52764 0.0952605 0.358021 0.104285 
2.56893 0.490354 1.09135 0.483703 0.534706 -0.491192 -1.23287 -1.76746 0.162217 0.225559 0.438 0.184091 
2.61402 -0.0633637 2.25325 0.423457 1.24378 -0.598747 0.416702 -0.933674 0.338059 0.74896 0.227798 0.105186 
2.99504 0.373579 1.88785 0.156658 0.760088 -0.678223 0.801186 -0.985851 -0.110074 0.171278 0.361787 0.165284 
2.18297 -0.586702 1.64053 0.190824 1.38899 -0.0167514 0.567261 -0.717279 0.455529 0.530059 0.464731 0.0390183 
2.28271 -0.260352 1.68824 0.452382 1.84262 0.00653611 1.09203 -0.609852 0.220093 0.653875 0.361397 0.013339 
2.24598 -0.0955311 1.65828 1.03314 1.93298 0.279628 0.333736 -0.374827 1.05201 0.197895 0.363144 0.0523094 
2.78217 0.0658555 2.29723 0.680481 2.43331 0.92502 1.64718 -0.256055 0.938703 0.56915 0.480599 0.137421 
2.4191 -0.158107 2.22758 0.481965 1.90034 0.738903 0.532213 -1.08723 0.558899 0.737015 0.38801 0.0710256 
0.672791 0.19094 3.26543 -1.5691 3.3999 1.71903 -1.64542 1.23997 0.181199 -0.258072 0.446342 -0.0869175 
-0.110082 0.0600545 4.71327 -3.22953 3.32455 2.31517 -1.64522 2.13018 0.880089 -0.0189783 0.482875 -0.0615802 
-1.85979 2.20688 1.98738 -4.02436 3.33239 0.977382 0.989987 1.37344 1.31448 -0.775563 0.266731 -0.140428 
-1.70522 0.0568322 0.588872 -2.64105 1.85327 0.712582 1.35085 1.7606 1.38308 -1.10632 -0.0294427 -0.0549 
-1.96506 -0.351338 -0.255446 -2.81765 1.21239 0.991474 1.11457 1.00496 1.36294 -1.02015 -0.241136 -0.0853616 
-1.81116 -0.266043 -0.599317 -2.26099 0.216856 -0.0629934 1.90456 0.831586 0.946261 -1.61787 0.101408 0.0104637 
-2.7665 -0.475041 -1.5307 -2.7041 0.173458 -1.02945 1.06468 0.240052 1.25793 -1.55544 -0.17875 0.0250658 
-2.03703 0.271845 -1.526 -2.54994 -0.813957 -1.78165 0.375834 0.497759 1.2843 -1.48592 0.102129 0.00626096 
-1.39657 0.580786 -1.40467 -0.820083 -0.110066 -0.0909437 0.0430088 0.0844514 1.54941 -1.42972 -0.240521 0.0287316 
0.290583 2.34088 0.588537 -0.284475 -0.044974 -0.931832 0.680634 0.566955 0.744872 -1.12616 -0.0572254 -0.134748 
1.29042 1.87043 0.578222 -1.07918 0.411702 -1.09817 0.359069 0.629219 0.501785 -1.54813 -0.00274279 -0.0697431 
2.3622 2.42152 1.71799 0.431369 2.5137 0.347058 1.09204 1.43239 1.03965 -0.455939 0.130928 -0.00234627 
3.32113 2.62063 2.98428 3.46529 2.21677 0.0608679 1.61314 1.77199 -0.129978 -0.153724 0.0361528 0.0468758 
4.07846 2.91648 3.04174 3.94243 2.22805 0.680267 1.27108 1.54316 -0.193111 -0.461332 0.098051 0.0302571 
3.09219 2.65953 2.56686 2.31134 1.77175 1.34524 1.24359 0.913304 0.352861 0.00918497 -0.0184894 0.00308538 
3.21117 2.88243 2.69538 2.25636 1.69694 1.32865 1.03735 0.635084 0.260077 0.0842907 0.0282588 0.00179256 
4.05297 3.43587 3.93842 4.39981 2.76774 0.824231 0.898001 1.32109 0.41158 -0.306529 0.0386029 0.0179034 
3.59281 3.15155 3.3442 3.50631 2.40933 1.2617 1.07964 1.05064 0.294799 -0.168165 0.00611232 -0.00765134 
3.61922 3.31598 3.36389 3.30548 2.42892 1.28843 0.794849 0.604549 0.107219 -0.188759 0.00178299 -0.0359095 
3.5562 3.0657 2.95101 2.80403 2.02473 1.17728 0.840803 0.566699 0.0682808 -0.128182 0.019212 -0.0169839 
3.6233 3.13054 3.24246 3.16571 2.13488 1.26194 1.20741 0.882005 0.0585563 -0.184574 0.0109492 -0.021051 
4.5778 3.74851 3.62194 4.12534 2.89027 0.929038 0.734667 1.0367 0.0233701 -0.601445 0.0441931 -0.00564934 
3.83482 3.45618 3.63663 3.45652 2.32449 1.37985 1.10551 0.681789 0.0786202 -0.100554 0.00858783 -0.0327388 
3.66919 3.10261 3.28171 3.61301 2.67607 1.25229 0.956694 1.03725 0.322819 -0.281346 -0.0583652 -0.0264083 
3.17793 2.75913 2.56317 2.33971 1.86393 1.2489 0.7745 0.449182 0.167666 -0.0582815 -0.144749 -0.0359573 
3.2532 2.82811 2.60651 2.39755 1.98416 1.37233 0.846964 0.470983 0.125493 -0.0792918 -0.110338 -0.0342933 
3.87853 3.5446 3.15696 2.85652 2.42649 1.66077 0.941113 0.442448 0.0519571 -0.176755 -0.0762652 -0.0539171 
3.50195 3.10914 2.91486 2.69535 2.08884 1.28158 0.771797 0.440504 0.0244764 -0.239209 -0.159146 -0.0635638 
3.78155 3.41673 3.20986 3.0209 2.33439 1.34465 0.766068 0.397336 -0.0892548 -0.306927 -0.0507892 -0.0626167 
3.16188 2.63538 2.44974 2.22142 1.57553 0.822429 0.536507 0.407735 0.0485606 -0.19649 -0.12045 -0.0458976 
3.13871 2.65298 2.2639 1.92439 1.51092 0.909987 0.37659 0.100643 -0.0382914 -0.126038 -0.117668 -0.0496209 
3.2052 2.65958 2.48616 2.33756 1.72557 0.82002 0.350796 0.233398 0.00969952 -0.196248 -0.13764 -0.0509946 
3.45651 2.28827 2.14707 2.83598 2.58647 0.603579 0.309572 0.746329 0.312635 -0.410116 -0.327977 -0.0560293 
5.15741 1.33789 3.01067 2.03902 5.73925 -0.937783 0.621723 0.757045 0.103053 -0.315883 -0.794578 0.10182 
4.47343 1.89102 2.5553 2.76668 5.07092 -1.3798 0.586195 0.786518 0.220623 -0.447259 -0.625239 0.0543939 
4.40531 3.14898 2.27236 3.12951 3.3213 -1.08179 0.137378 0.283988 0.0635117 -0.595498 -0.338459 -0.0269144 
3.87096 3.25315 3.24458 2.41604 1.94747 -0.436206 -0.00344647 0.00172851 -0.348388 -0.304611 -0.0801014 -0.0337655 
4.30453 2.75004 2.49741 2.91604 2.24662 -0.578997 -0.373237 0.869459 0.196434 -1.03078 -0.0273938 0.0399456 
4.06912 2.55473 2.03144 2.92931 2.27233 -0.0789088 -0.281253 0.80574 0.6943 -0.575874 -0.120675 -0.00220621 
3.91439 2.77433 2.17258 2.323 2.3644 -0.653963 0.814475 1.22748 0.190513 -0.713066 0.0474243 0.0469717 
4.80105 3.90356 2.16312 1.37258 1.48161 -0.0951636 1.16951 1.50862 0.498966 -0.276675 0.011053 -0.0110952 
5.32671 3.58311 0.03492 -0.487811 -1.56555 -1.32363 1.63597 1.64104 1.22857 -0.264655 0.00738272 -0.117911 
4.83046 3.27841 1.00603 0.744007 0.300228 -0.733905 2.46077 1.08511 0.0748337 -1.26962 -0.102095 -0.0168575 
4.12367 2.32669 -0.0576411 -1.0358 -0.77342 -0.121881 2.36458 0.601995 0.0501447 -0.547724 0.0148614 0.0418523 
4.34819 3.16943 1.4661 0.262051 0.461736 1.6437 2.35931 1.72178 0.415038 -0.207649 0.251731 0.0748265 
3.16924 2.5566 2.01414 1.61729 1.82003 2.24359 2.18035 1.68823 0.947327 0.350743 0.240236 0.0907504 
2.75695 2.51294 2.32431 1.70728 2.20363 1.68075 1.22494 1.51162 0.598043 0.433817 0.440637 0.0802774 
2.80599 2.44554 2.48412 1.96494 2.09732 1.98532 1.3698 1.38524 0.925115 0.581553 0.454501 0.104806 
2.80688 2.49951 2.26568 2.06144 2.16364 1.68953 1.6467 1.30549 0.931552 0.732992 0.393885 0.109865 
2.68852 2.2435 2.20644 1.73534 1.90718 1.46354 1.33165 1.20804 0.681902 0.723951 0.345196 0.0847346 
2.65086 2.32527 2.04729 1.95367 1.95127 1.37572 1.40268 1.00516 0.797353 0.7057 0.319872 0.0834546 
2.76512 2.11297 2.14673 1.75875 1.72183 1.7372 1.40014 0.8819 0.858917 0.759609 0.451214 0.0852846 
2.594 1.76254 2.04297 1.79597 1.69115 1.4196 1.20327 0.63608 0.73215 0.759276 0.381506 0.0605226 
2.42277 0.74413 2.67842 2.08453 2.37828 1.9681 1.74934 1.03411 0.824284 0.899414 0.571544 0.0650505 
2.49315 1.24409 2.3321 1.33622 2.10448 1.69949 1.04339 0.557094 0.579979 0.97652 0.446009 0.0407777 
2.23802 0.918035 2.18242 1.6517 2.10973 1.45379 1.32483 -0.0885049 1.13901 0.519929 0.507047 0.0469153 
1.93144 0.0748023 1.43254 1.54115 1.32148 1.16565 1.39966 -0.323721 0.937896 0.380284 0.337324 0.0315421 
1.88991 -0.405527 1.46473 1.01381 1.92038 1.21117 1.17601 -0.673422 0.674184 0.24263 0.50193 0.0498601 
2.14557 -0.205809 1.51019 1.02201 2.08613 0.844987 1.14121 -0.345949 0.64355 0.456039 0.14712 0.0530311 
2.19121 0.225679 1.99799 0.884182 1.64472 0.271192 1.40454 -0.0857256 0.713568 0.69868 0.205153 0.0230728 
2.15983 0.100502 1.50311 1.40577 2.26048 0.468856 0.759821 -0.0023951 0.789007 0.25168 0.348318 0.0343316 
1.7472 -0.0804475 1.86633 1.06773 1.64932 0.270408 0.523788 -0.220875 0.215166 0.607056 0.0211601 -0.0556614 
