2.18737 1.21495 1.31176 0.527342 1.52276 1.24153 2.05578 0.179471 0.922693 0.190038 0.144344 0.0391096 
1.92092 0.866484 1.83865 -0.230612 1.39979 0.640516 1.02229 0.366166 1.11202 0.930321 -0.0819992 -0.0336111 
2.06918 1.16541 1.45566 0.508974 1.5831 1.01996 1.17242 -0.667955 1.05568 0.174149 0.0957141 0.0668707 
2.28946 0.955821 1.5874 -0.182262 1.63863 -0.0144851 0.811752 0.192177 0.5477 -0.165872 -0.164593 0.0213504 
2.5674 1.05313 1.39196 0.573546 0.688581 0.652785 0.584052 -0.496327 0.361664 0.137088 -0.0881704 -0.00237849 
2.99005 1.0037 1.85007 0.872713 1.85739 0.363159 0.454819 -0.511477 0.289772 -0.371856 -0.32399 0.00529481 
2.36582 1.09003 1.77786 -0.0958138 1.52711 -0.145045 0.844437 0.129028 0.477083 0.0483594 0.0133802 0.0730679 
2.37975 0.84691 1.81504 -0.533011 1.93138 0.334407 0.640838 -0.464698 0.491171 0.35316 0.117501 0.0297899 
2.13354 0.725134 1.67735 -0.386258 1.11896 0.125854 0.787932 0.148043 0.175293 -0.0477088 -0.231749 0.0317296 
2.21438 1.27372 1.7008 -0.266754 1.34276 0.749824 1.55758 0.244507 0.628319 0.0796752 0.171346 0.0348461 
2.05979 0.630891 2.01657 0.0658542 1.96057 0.657398 0.699919 0.00903681 0.324101 0.140637 0.115192 0.0647245 
2.52391 0.846477 1.91382 0.491441 1.41569 0.290684 1.5495 0.148588 1.03767 0.209883 0.152353 0.0744579 
2.1691 1.08758 1.58147 -0.103713 0.856657 0.363546 1.28833 -0.107249 0.459275 0.318183 0.142908 0.0261476 
2.07666 0.692261 1.95135 0.124686 1.72273 0.145359 0.83284 -0.555056 0.709249 0.103492 0.0407491 0.0517358 
2.29312 0.604014 2.29987 0.607975 2.13097 0.949518 1.06716 0.151262 0.213598 -0.0754369 0.0196955 0.0814049 
2.18202 0.771295 1.8778 0.283589 1.30818 0.364036 1.97625 0.445265 0.642041 0.0964447 -0.0863163 0.0680615 
2.15097 1.09621 2.22014 0.631447 1.77126 0.00586945 1.53332 0.410557 0.653653 0.456388 0.157423 0.057631 
1.65156 0.86079 1.57581 0.733712 1.12342 1.06256 1.49023 0.210637 0.693989 0.147915 0.148702 -0.0177739 
1.92208 0.604337 2.01125 0.978885 1.53683 0.162983 1.45147 0.266054 0.488795 -0.117755 0.023018 0.100651 
2.19089 1.63669 1.57677 0.58512 2.81741 0.150525 1.19202 1.33789 0.904178 0.126729 0.234822 0.0617453 
-0.0597794 2.65386 -0.510329 1.01406 -2.09756 -0.353154 1.60074 0.547937 0.546474 -1.38976 0.518666 -0.0346532 
-1.0589 0.728655 -1.3636 -2.29028 -2.46838 -0.482897 2.04289 1.1699 0.662425 -0.791311 0.236362 -0.0241098 
-0.731213 0.212939 -0.790313 -1.4273 -0.944385 -0.294852 1.10146 0.774738 0.931375 -1.28845 0.247581 -0.00202259 
-0.303306 1.12055 -0.858481 -0.698983 -0.39247 0.181702 1.98215 1.22091 0.752686 -0.598236 0.0672998 0.0221059 
-0.827904 0.211138 -1.52236 -1.66529 -0.392547 -0.415582 1.40453 1.04731 0.641351 -0.989367 -0.0229528 -0.0737341 
-1.02978 0.222281 -1.48405 -1.14693 -0.780434 -1.49562 1.10873 1.06831 0.554204 -0.64682 -0.161589 -0.0173635 
-0.935666 0.272916 -0.803509 -1.02461 -0.395323 -0.50869 0.591984 0.95842 0.813714 -0.746772 0.0133417 0.00747564 
-1.50084 -0.0842137 -1.22942 -1.81704 -1.61894 -0.814878 0.752973 0.421276 0.616984 -1.13773 0.353977 0.0532872 
-0.969282 -0.375577 -0.798191 -1.89079 -0.661752 -1.18116 1.26063 1.14399 0.666629 -0.811222 0.125787 -0.0162222 
-0.175972 -0.113755 -0.167273 -0.383706 -0.840708 -0.316393 0.576588 0.622268 0.169431 -1.02246 0.274538 -0.0760683 
0.632635 0.595674 -0.536195 -1.27832 -0.489583 -0.789352 1.03819 0.483849 0.221144 -1.09417 0.0192365 -0.0318808 
1.41528 1.11421 0.856872 -0.32859 -0.22526 -0.59511 0.909351 0.615223 0.528621 -1.04791 -0.103831 -0.126249 
2.37445 1.47176 1.78632 0.885471 1.16453 0.511472 0.83244 0.680316 0.624634 -0.44217 0.267524 0.069684 
3.41156 2.84791 3.28927 3.39709 1.9276 0.247615 2.29142 0.556709 -0.254688 -0.359358 0.270895 0.00226881 
4.09674 2.7481 3.83481 4.37491 1.96859 -0.0229333 2.58653 0.742096 -0.424295 -0.322443 0.23186 -0.00786191 
3.57865 2.71354 3.62224 3.96326 1.65106 0.837891 1.92049 1.05251 -0.556918 -0.349791 0.21338 -0.0276127 
3.242 2.55666 2.55306 2.75377 2.00906 1.04401 0.891688 0.703011 0.04158 -0.253249 -0.131678 -0.0278241 
3.15745 2.60001 2.76637 2.76735 1.93807 1.28688 1.13854 0.607839 -0.0447414 -0.108856 -0.00170916 -0.0153937 
3.84881 2.94439 3.48461 3.91658 1.96231 0.575147 1.33939 0.970787 -0.506657 -0.465104 0.169593 -0.0109958 
3.7817 2.77522 3.40632 4.00008 2.04151 0.528499 1.15115 0.965783 -0.237124 -0.367464 0.0576066 -0.0108088 
4.00895 2.97362 3.51541 4.36126 2.49089 0.601381 1.1143 1.0332 -0.400518 -0.59305 0.128974 -0.0055565 
4.67015 2.71815 4.63613 6.35073 2.18871 -0.303086 1.53911 1.02023 -0.661716 -0.392046 0.0690297 -0.0442288 
4.63469 3.03405 5.06647 6.30355 2.27668 -0.369167 1.13382 1.00736 -0.554099 -0.37408 -0.0734257 -0.0377452 
5.32287 2.79688 4.79025 6.48131 1.92424 -0.60823 1.48415 1.16082 -0.550457 -0.573675 0.0666545 -0.000806806 
4.49225 3.01664 4.36784 5.65901 2.421 -0.337232 0.675809 0.99367 -0.265141 -0.512855 -0.103649 -0.00296737 
4.5788 3.01506 4.5925 6.01667 2.39484 -0.60271 0.740006 1.05957 -0.428722 -0.481444 -0.118248 -0.00458516 
5.04335 3.06072 4.44961 6.18929 2.61758 -0.548914 0.805927 1.29742 -0.276488 -0.63672 -0.0983233 0.0278555 
4.82549 3.32489 4.09158 5.51554 2.91746 -0.119323 0.425257 1.07002 -0.212115 -0.732612 -0.153704 -0.00172739 
5.26184 2.94829 4.74997 6.94704 2.45898 -1.41674 0.476909 1.21261 -0.507018 -0.578125 -0.276543 -0.0116462 
5.24796 2.80766 4.65002 6.96462 2.75566 -1.10974 0.541672 1.32052 -0.348718 -0.644083 -0.266183 -0.00906962 
5.47001 3.06725 4.80739 7.55218 3.01699 -1.78935 0.613046 1.7539 -0.413811 -0.709612 -0.299524 0.0461203 
4.63833 3.16751 4.69518 6.45799 3.2492 -0.534291 0.643357 1.56358 -0.0405332 -0.590215 -0.247281 0.0214016 
4.10945 3.04863 3.89575 5.01234 2.8039 0.176831 0.745093 1.27803 0.0363853 -0.605193 -0.0339888 0.00951625 
3.8565 2.99511 3.43761 4.1042 2.53725 0.390249 0.600486 1.15845 0.168677 -0.530304 -0.0549933 -0.00595659 
3.96786 3.09326 3.57096 4.20414 2.37639 0.0769187 0.281555 0.910096 -0.0447795 -0.605725 -0.0563573 -0.0121462 
4.19428 3.31647 4.32588 5.48791 3.36338 -2.48725 1.24733 0.400946 0.112914 -0.594803 -0.36629 0.106969 
4.17867 3.92956 4.68432 5.42003 3.6014 -2.26329 1.68798 0.117865 0.694553 -1.06997 -0.237965 0.127046 
3.56692 3.10159 3.42053 3.9948 2.34046 -0.249734 0.951133 0.967475 0.314559 -0.813744 0.204376 0.038609 
3.23586 2.67783 2.43572 2.87362 2.12194 0.265395 0.891528 0.907179 0.446673 -0.532865 0.102045 0.0181459 
3.08487 2.72843 2.55273 2.21246 1.83651 0.783694 1.02712 0.928879 0.331339 -0.268869 0.156849 0.0120518 
2.90528 2.26303 1.90706 1.75703 1.62106 1.27887 1.29596 1.29467 0.630336 0.267179 0.0674267 0.0470559 
4.04006 2.25409 0.217524 -1.59677 -0.922268 0.345769 3.43416 2.91814 1.14908 -0.328893 0.124378 -0.117101 
2.98142 0.962277 -0.272663 -0.317131 0.352015 2.23334 2.97362 2.17675 0.688727 -0.00522115 -0.0864643 -0.120477 
5.19717 0.47321 -1.52409 -1.97334 -1.05838 1.78321 2.75135 1.98753 0.193129 0.099205 -0.169019 -0.0863092 
4.30954 1.66106 -0.966447 -2.03811 -1.21491 0.590396 1.95343 1.73421 1.00539 -0.0253452 0.0473167 0.00899663 
5.04109 2.64967 0.464355 -2.64024 -0.515559 1.10775 3.18503 2.20338 1.26511 0.131017 -0.120628 -0.0437019 
4.07471 2.32138 1.70394 -1.39815 0.119234 1.12127 2.69217 1.65319 1.20782 0.279795 -0.179922 -0.0631097 
2.86523 1.55519 1.76308 -0.783362 0.215775 0.095108 1.47879 1.15341 0.653291 0.294229 -0.0604273 -0.0141104 
2.07838 1.3162 1.43531 0.159414 0.970753 1.55001 2.01117 0.877 0.949413 0.369094 -0.0454551 -0.0155547 
2.31008 1.24209 2.39664 1.16001 1.72546 1.21925 1.79712 0.697809 1.04426 0.886828 -0.210002 0.0448307 
1.76116 0.726901 1.81591 1.24949 0.900413 1.82569 1.07066 -0.0497933 0.378473 0.509661 0.162951 -0.000399647 
1.64224 0.661028 2.05875 0.891716 0.869556 1.34798 1.03768 -0.463094 0.253364 0.397425 0.184588 0.0182385 
1.41297 0.770254 2.40168 0.456988 1.73015 1.37982 0.587224 0.278256 0.0805813 0.458738 0.13935 -0.024289 
1.3475 0.490635 1.65584 1.22463 1.85417 0.857649 0.600566 -0.456403 0.637837 0.0329816 0.0068668 0.0518612 
1.57275 0.588385 2.66348 0.314871 1.28805 1.32099 1.54705 0.760881 0.53977 0.190675 0.23318 0.0121059 
1.67977 0.683303 1.38997 0.607027 2.28946 1.28992 1.69187 -0.186508 0.60072 0.281406 -0.0591092 0.062254 
1.54878 0.308359 1.60904 0.835937 2.72597 0.766572 1.56514 0.398921 -0.0199541 0.377404 0.0493307 0.0637527 
1.53324 0.664271 2.0015 0.264517 1.72463 0.485746 2.21098 0.36096 0.188903 0.22559 -0.150924 0.0822188 
1.57386 0.783094 1.44701 0.78475 1.35496 0.834626 1.79886 -0.0318398 0.275876 -0.0165451 -0.114895 0.0488816 
1.47996 0.464819 2.50094 1.0502 1.55019 0.884499 1.71739 0.0283526 0.85269 0.103696 0.0222493 0.0816747 
1.54074 0.217116 1.74243 0.481845 1.43419 1.53132 1.98853 -0.190787 0.343619 0.157342 0.0197892 0.0812496 
1.6737 0.419897 1.62836 0.916669 1.08243 0.75879 0.610014 -0.583319 0.177753 0.30142 -0.13034 0.0515309 
1.53518 0.287859 1.98497 0.236005 1.10971 0.523369 2.57519 -0.0831878 0.325397 0.442732 -0.124451 0.118347 
1.85989 0.0266539 2.24858 0.467067 1.08898 1.15444 1.69257 0.360133 0.48946 0.26743 0.101083 0.0379274 
1.99893 0.55729 2.4271 0.487607 1.31863 1.04961 1.59409 0.103533 0.0709776 0.371141 -0.00566914 0.00958198 
