2.10172 0.219483 1.94167 0.0118288 1.29501 0.385169 1.75199 0.181409 0.219879 -0.201129 -0.196928 0.0105579 
1.61481 0.164989 1.15923 -0.0735934 1.37406 0.0983151 1.23885 -0.0051159 0.549409 -0.0763444 -0.0831206 0.00046697 
1.78758 0.100994 1.53923 0.105106 1.11754 -0.173129 0.905075 -0.0814167 0.926349 0.320296 0.0558476 0.0360302 
1.88577 0.405368 2.0342 -0.139946 0.590465 0.0140192 0.584064 -0.0407197 0.421362 0.400531 0.0441769 -0.0441328 
2.01297 0.0903109 1.49185 -0.00458956 1.30383 -0.055901 0.808795 0.168395 0.358282 -0.197225 0.138518 0.0526204 
1.79605 0.215718 1.14694 0.444924 0.54014 0.266273 1.15174 -0.565237 0.88431 0.202069 -0.0947336 -0.0241249 
1.90175 0.397792 1.24671 -0.097901 1.42459 -0.722162 0.422843 0.038776 -0.0208708 0.0597459 0.0464259 0.0655775 
1.8728 0.904642 1.24739 -0.426489 1.10031 0.0535451 1.28711 0.0223527 0.529928 -0.222643 0.0902774 0.0457523 
1.80532 0.886064 2.00629 -0.155411 0.906988 0.506131 1.82946 -0.0530298 0.444833 -0.0266598 -0.0679763 0.057 
1.91769 0.433898 1.22657 -0.311431 0.838554 -0.0799662 0.874454 0.0682636 0.116179 -0.252303 0.409354 0.084241 
2.1802 0.805431 0.807652 -0.595246 -0.0480642 -1.06545 0.579595 0.0863589 0.837071 0.242461 0.44352 0.0530691 
1.99486 0.530705 1.20097 -0.372407 0.00917234 -0.724493 1.16184 -0.126579 1.02916 0.405741 0.362796 0.0465742 
1.81748 0.299709 1.00696 -0.783511 -0.130387 -0.0854366 1.92336 -0.12539 0.431365 0.188405 0.0586186 0.0187036 
1.82224 0.0855171 1.18334 -0.232009 0.743912 0.104856 1.58288 0.17654 0.434021 -0.237515 -0.113218 -0.0124942 
1.76921 0.291536 1.64542 -0.452566 0.399182 -0.0481996 1.57799 0.186299 0.0659575 0.77903 0.0573168 -0.0672991 
1.76024 0.0838918 1.03665 -0.407347 1.01902 0.130626 1.34811 0.0772236 0.654949 -0.166416 0.217197 -0.0428213 
1.6765 -0.224011 1.71155 0.175769 1.11808 0.175871 1.43027 -0.437347 0.0448828 0.32246 0.249391 0.019729 
1.49485 0.231197 1.68661 0.181756 1.75631 -0.223068 1.63194 0.0593857 0.0808525 0.173427 0.220415 -0.00714925 
1.55699 0.540986 1.82602 -0.217742 1.02287 -0.328907 0.829006 -0.00591884 0.299741 0.539461 0.139415 -0.00319943 
1.60475 0.0828073 1.61568 0.193457 0.715649 0.189323 1.20615 -0.233473 0.460827 0.266487 0.170153 0.0299892 
1.7151 0.130949 1.28208 0.523091 1.14784 0.887469 1.20262 -0.363444 0.819824 -0.258862 0.0524098 0.0640028 
1.44142 1.06141 0.990402 0.178289 0.65885 0.00254896 1.15997 0.694284 0.075131 -0.462392 0.40997 -0.0273681 
-0.425784 2.4016 0.506669 -0.385086 1.4739 -0.698953 1.81099 0.535482 1.14144 -0.161316 -0.0316755 -0.0295402 
-2.71259 0.476059 1.9931 -1.19561 0.802694 -0.0758823 2.21852 2.9885 -0.540293 -0.814354 0.270799 0.0176337 
-2.63165 -0.831919 1.49372 -2.03822 1.05052 -0.358168 3.26691 2.32288 0.249528 -0.383211 -0.110514 0.0585507 
-3.28968 -0.184672 -0.0804641 -2.08566 -1.57289 -0.483225 1.05259 1.38792 0.383211 -1.01026 0.247498 -0.196303 
-2.50362 -0.16329 -1.73546 -2.20253 -0.716927 -1.08498 0.439845 0.606707 -0.192292 -0.637229 0.215163 -0.0663794 
-2.65929 0.344034 -2.22496 -1.63499 -0.888755 -1.31116 0.525238 0.642915 0.121262 -0.824865 -0.0495783 -0.0479542 
-1.83607 1.45092 -0.722257 -1.02222 0.753311 -0.735045 0.837098 0.931036 0.323789 -0.0342999 0.127944 -0.0958289 
-1.35576 1.09617 -0.61269 -0.845159 0.65675 -1.4034 1.39351 1.06353 -0.620432 -0.127422 -0.0636341 -0.117769 
-1.26804 0.889431 -0.0956234 -1.20451 -0.11184 -0.0673129 0.625993 1.05679 -0.606865 -0.213034 0.158375 -0.0789504 
-0.300811 1.5334 0.363338 -0.96082 -0.224637 -0.397949 -0.326768 0.854645 -0.15805 -0.225485 -0.0311681 -0.151427 
1.19071 1.84711 0.947509 -0.517922 0.536996 -0.360027 0.744527 1.23892 -0.607464 -0.188596 -0.273983 -0.188695 
1.66978 1.71482 1.02642 -0.216733 1.08825 -1.12457 0.772133 0.693143 -0.217969 -0.596752 -0.215562 -0.131925 
2.48216 2.32103 1.90192 -0.135254 1.68501 -0.603118 1.45898 1.58437 -0.28798 -0.0628854 -0.339486 -0.0237206 
3.30386 2.86336 2.79847 2.69526 1.94914 0.788554 1.09354 0.761335 -0.0306132 -0.132991 -0.00167624 -0.0109047 
3.30363 2.76172 2.71988 2.70826 1.96741 1.39336 1.16694 0.755425 0.0692867 -0.176067 -0.103499 -0.0323437 
4.06012 3.16817 3.37758 3.89501 2.51183 0.825737 1.08541 1.13358 -0.107373 -0.451938 0.0412048 -0.0117633 
3.96003 2.6231 2.80744 3.70297 2.11063 0.256386 0.624374 0.785605 -0.244473 -0.445528 0.0145167 -0.00747558 
3.19101 2.47159 2.8384 2.79101 1.39003 0.563317 0.90622 0.656979 -0.238967 -0.349455 -0.0206378 -0.0373496 
3.42535 2.58155 2.65026 2.98466 1.87832 0.683363 0.841964 0.717478 -0.194855 -0.449374 -0.0854901 -0.0433871 
4.65921 2.8533 3.49212 4.86343 2.56759 -0.0572517 0.600574 1.09919 -0.118759 -0.629398 -0.141464 -0.00477847 
3.45438 2.76623 2.94628 3.09169 2.12111 1.1861 1.17895 0.798098 -0.178522 -0.448396 -0.0621409 -0.0498154 
3.22549 2.85686 2.70342 2.31555 1.62894 1.07402 0.601141 0.0960144 -0.154171 -0.136778 -0.137767 -0.0589911 
3.27275 2.82112 2.8141 2.67796 1.95149 1.25317 0.947351 0.54609 -0.000529507 -0.217382 -0.125242 -0.0459024 
4.61729 3.34095 3.64783 3.99455 2.03264 0.508054 0.846489 0.434797 -0.580634 -0.559837 -0.0607993 -0.0631842 
3.37512 2.86781 2.60438 2.33316 1.689 0.840408 0.388744 0.203225 -0.0581599 -0.248171 -0.143471 -0.0668642 
3.45694 2.94524 2.85712 2.56974 1.75117 0.919864 0.616762 0.323873 -0.0952916 -0.252699 -0.172706 -0.0703404 
3.98568 2.97251 3.22669 3.73006 2.46673 0.538523 0.321927 0.799916 0.221385 -0.375735 -0.148039 -0.0378069 
3.62033 3.1696 3.35457 3.22306 2.14785 0.847771 0.762247 0.520332 0.0939877 -0.170617 -0.0869169 -0.0443514 
3.61363 2.73425 3.07298 3.60315 2.28513 0.476596 0.589799 1.10762 0.310652 -0.425727 -0.188662 -0.0262547 
3.58757 2.58413 2.76636 3.37982 2.21411 0.36464 0.911991 1.03776 -0.0753186 -0.537559 -0.10174 -0.0267298 
4.00204 2.71452 4.16968 4.42226 2.54049 0.561563 1.19116 0.87712 -0.567513 -0.358215 0.117135 -0.0432844 
4.26851 2.20769 3.80379 4.82723 2.27218 0.228499 0.654207 1.06157 -0.1024 -0.715847 0.0295995 0.0284325 
4.10062 2.69656 3.63966 4.71146 3.09977 -0.483052 1.26205 1.10819 -0.0536422 -0.261862 -0.0845692 0.0229535 
3.94057 2.53523 3.78951 4.79893 3.05059 0.0956863 0.761802 1.01062 0.0980471 -0.0559621 -0.188531 -0.0292419 
3.75919 2.92653 3.15965 3.81493 2.67129 0.770419 0.988982 1.03846 0.163552 -0.310121 -0.0353674 -0.0109409 
3.59566 2.98536 3.47546 3.51415 2.646 0.517183 1.33785 0.529957 -0.0909302 -0.0690421 -0.0983226 -0.0388822 
4.03828 3.27345 3.67182 3.88383 2.80121 -0.153922 1.21674 0.696636 -0.103524 -0.508537 -0.0525649 -0.0180747 
3.61924 2.8608 3.0196 3.16368 2.10881 0.908524 0.761121 0.879355 0.288028 -0.367055 -0.193606 -0.0427174 
3.50107 2.69572 2.9997 3.35082 2.3081 0.484323 0.757454 0.62368 -0.0103509 -0.339262 -0.187614 -0.0473811 
4.15407 3.21485 3.7231 3.97486 2.4987 -0.79483 0.895054 0.602072 0.0434524 -0.60085 -0.0904623 0.0124077 
3.81478 3.24158 2.76403 3.44323 2.77485 -0.0151534 0.15764 0.317304 0.328529 -0.262412 -0.185837 -0.0473616 
3.92948 3.14229 2.94386 2.76029 1.66499 0.325218 0.343716 0.0922605 -0.149216 -0.244554 -0.0606833 -0.0495008 
5.07141 3.77592 1.7447 2.91161 0.274903 -0.0689062 1.11967 0.795131 0.722347 -0.502367 0.149264 0.00105706 
5.45006 1.52776 0.0192147 2.33926 0.392124 1.07457 3.02633 1.87313 0.268595 0.213695 0.0376758 -0.0820268 
4.3003 0.740589 0.381522 1.10814 -0.747464 2.87695 2.15955 2.71323 1.77497 -0.4171 0.0970955 0.159022 
4.90069 -0.615697 -0.980274 -0.158466 0.024863 2.97933 2.25852 2.42446 1.53976 -0.306642 -0.33306 0.0107578 
4.21404 2.60027 0.557686 -0.262105 0.4337 2.10572 2.87509 2.08145 0.835797 -0.0461519 -0.186832 -0.0451836 
4.11697 3.65754 1.6329 -0.17033 -0.255162 1.65719 2.9889 2.71802 0.952937 0.0833574 0.152963 -0.0517957 
5.41014 3.4674 3.16515 -1.12787 -1.34033 0.438702 2.37065 2.28833 0.505923 0.423492 0.443279 0.0443843 
4.44434 3.55013 2.11407 0.0192333 -1.32479 -0.406689 0.632366 0.941928 -0.450049 -0.0953925 0.571638 0.133034 
3.36151 2.36884 1.90566 0.412818 -0.473662 0.00182407 1.17736 1.10052 0.493858 0.03252 0.260748 0.0257987 
2.18349 2.17174 1.98278 0.462289 0.498604 1.54503 3.23118 1.26457 0.866481 0.153759 -0.382783 0.0145087 
1.1913 0.679549 2.94338 -0.343423 -0.279539 2.04806 2.46704 -0.248619 1.26492 0.231615 -0.250356 -0.00111301 
1.23333 0.601809 3.2606 0.153237 -0.107985 2.66386 2.21769 -0.581603 1.32533 0.540428 -0.0919318 -0.00311638 
0.745809 0.342717 3.30603 0.971743 -0.463311 1.65884 2.37023 -0.631146 1.38361 0.5899 -0.125355 -0.0105469 
0.411866 -1.37333 4.61275 1.46063 -1.71461 3.50508 2.45521 -2.39384 2.6356 0.614193 -0.319138 0.00393197 
-0.348394 -2.0966 4.41491 0.793271 -1.2285 2.47319 1.86983 -1.13723 2.1055 0.346216 -0.331477 0.0633269 
-0.620143 -3.16157 3.15309 1.60535 -1.60584 1.43686 2.81738 -2.67313 2.36038 0.500595 -0.258927 -0.0673902 
-3.37074 -0.108945 1.99336 -0.121919 -0.124999 0.271513 3.47048 -0.278384 0.562752 0.682426 -0.185926 -0.0385357 
-2.45485 -2.17123 0.6986 -0.845423 0.421113 0.940257 3.40879 -0.220618 1.02249 0.184491 -0.723971 0.0169803 
-1.89405 -2.2436 1.2042 -0.993236 -1.76883 2.1979 3.62547 -0.86611 1.84842 -0.266728 -0.324322 -0.129087 
-1.18423 -3.26209 0.97638 -1.15505 -1.05078 1.65297 3.39405 -1.81087 1.55939 -0.238155 -0.497286 -0.0531906 
-1.49427 -2.89463 0.897118 -0.857507 -0.204262 1.05758 3.76572 -1.02777 1.7118 -0.148302 -0.535102 -0.0809094 
