2.88421 -0.679497 0.472457 -0.628639 1.89655 -0.158154 0.834492 0.716708 0.952253 0.614721 0.0893586 -0.0108121 
2.59914 -0.464495 1.0366 -0.752637 2.04485 0.26523 0.392011 -0.0505069 0.94176 0.277072 0.0569333 -0.00106075 
2.68447 -0.2651 1.62495 0.21091 1.35198 0.398675 0.248151 0.140515 1.12039 0.31065 0.219298 0.00282096 
2.85936 -0.553547 1.01494 -0.0157156 1.10594 -0.618075 0.156594 -0.315875 0.43047 0.568241 0.484683 0.0236487 
2.68815 -0.817871 1.82689 -0.286168 1.52221 -0.504395 0.916669 -0.405861 0.293741 0.545305 0.342087 0.123222 
2.50242 -0.447706 1.19388 -0.361349 1.18739 0.416761 0.0827754 0.333266 0.891445 0.251965 0.364087 -0.0111768 
2.55877 -0.912488 0.978799 0.681016 1.77772 0.254191 1.06826 0.139815 1.22036 0.188617 0.0814618 -0.00291262 
2.43848 -0.291207 1.14861 0.7584 1.04138 0.0934153 0.590959 0.0129029 0.0584325 0.528822 0.333458 -0.0721171 
2.58819 -0.45307 1.57563 -0.736291 1.45379 -0.0229301 0.61586 -0.764531 0.232074 0.581141 0.244832 0.0821932 
2.56055 -1.0587 1.74996 -0.0754368 1.53681 -0.660767 0.03695 -0.828549 0.441733 0.600545 0.258464 0.122819 
2.36502 -0.127366 1.64363 -0.0031144 2.04964 0.593792 0.921611 -0.127063 0.509078 0.317424 0.271041 0.0747938 
2.31006 -0.208857 1.14973 0.385519 2.82801 0.279401 1.00191 -0.135937 0.693952 0.623141 0.332591 0.025368 
2.34429 -0.602382 1.07435 -0.0675217 1.62053 -0.166605 0.365575 -0.794127 0.183067 0.27614 0.379008 0.0598929 
2.37675 -0.611563 0.703141 0.572555 1.57681 0.366506 0.654591 -0.661273 0.213032 0.339126 0.267222 -0.0011235 
2.34728 -0.365194 1.45479 0.431075 2.14753 0.545958 0.590094 -0.445068 -0.176513 0.50991 0.374388 -0.027704 
1.85886 -0.859593 1.26979 0.455 2.058 0.272801 0.707273 -0.919016 0.651925 0.697457 0.433759 0.0213723 
2.07846 -0.72574 1.08663 0.889545 2.20158 0.123695 0.812057 -0.584353 0.323249 0.528365 0.303677 -0.0240986 
2.03835 -0.937476 1.33301 0.128113 1.45906 -0.50609 0.448494 -0.471118 0.0340407 0.221218 0.407249 -0.015677 
1.86609 -0.769222 1.02924 0.724899 1.39764 0.0607266 0.907906 -0.815755 0.215672 0.358192 0.421123 0.000590271 
0.748716 -0.375997 1.99517 -0.773282 3.24924 0.0335861 0.224931 0.88683 -0.671021 0.757151 0.319304 -0.10232 
0.753924 -0.517002 1.32173 -0.71615 3.04476 -0.690688 -0.500771 0.913027 -1.09545 0.755363 0.527141 -0.0895919 
0.292571 1.27424 0.6271 -0.528433 2.38567 0.721563 0.0981137 1.29139 -0.743546 0.563244 0.47744 -0.162288 
-1.02687 3.41891 -1.7605 -3.01827 3.07393 3.14895 3.01604 0.502289 0.317068 -0.804665 0.150267 0.0548839 
-1.33757 1.9035 -1.59659 -3.47691 1.07763 2.01093 2.81847 -0.532679 0.912517 -0.698323 -0.245536 0.0154536 
-1.2299 1.20332 -1.29016 -1.95736 0.2293 0.278088 0.812086 0.775813 0.716445 -0.647105 -0.174466 0.00939306 
-0.613096 1.4281 -2.25538 -2.07187 -2.22755 -1.12866 0.342358 0.330684 1.25686 -0.9096 0.0381629 0.0449266 
-0.24902 0.960039 -2.37377 -2.30078 -2.29787 -1.15761 0.684794 0.160843 1.71017 -0.528195 -0.0829678 0.0575325 
-0.152721 1.53446 -1.58886 -2.04918 -1.76061 -0.94598 0.68219 0.24753 0.810872 -0.897346 0.0364249 0.0632783 
-0.264266 1.42199 -0.996348 -1.0474 -1.48964 -0.702114 1.22602 -0.100713 0.48862 -1.45226 -0.20847 0.0326427 
0.316176 0.926918 -0.808311 -1.06784 -0.312486 -1.23868 1.57514 -0.0805688 0.533909 -0.711467 -0.153295 -0.0693272 
1.23715 0.785425 0.0132951 -0.860819 0.0771214 -0.0429467 0.657506 -0.341876 0.97088 -0.935778 0.0354864 -0.128896 
1.41271 0.195235 0.369481 -0.249009 -0.672125 -0.563502 0.420444 0.431327 0.505777 -1.35654 0.17586 0.0063492 
2.02383 2.3308 1.77865 0.596888 0.745347 0.21552 2.24334 0.993401 1.53183 -0.678941 0.109003 0.0122396 
3.69263 3.79258 2.7156 2.4691 3.03718 0.0022783 1.51645 0.0527518 0.948516 -0.569133 0.082555 -0.00523219 
3.59061 3.42315 2.84659 2.84526 2.40783 1.20259 1.31275 0.57074 0.533402 -0.136225 -0.0465069 -0.0230779 
3.4158 3.6972 2.92937 2.70073 2.93274 0.91625 1.98455 -0.0507043 0.570729 -0.29062 -0.0317838 -0.0249385 
3.76519 4.96667 3.68898 3.2312 3.47181 0.330848 2.51946 -0.840032 0.508265 -0.420046 0.0077224 -0.0278069 
3.43299 3.45587 2.99654 2.99165 2.59694 1.22531 1.22203 0.101042 0.263564 -0.266961 -0.0345998 -0.0474715 
3.37892 3.16196 3.06126 2.6982 2.46481 1.06062 1.01339 0.140859 0.123273 -0.156717 -0.128591 -0.0484198 
3.67942 3.45852 3.11825 2.95634 2.69482 1.01706 0.909377 0.138685 0.246994 -0.157293 -0.0666764 -0.0411999 
3.93741 3.79403 3.20824 3.42926 3.12361 0.517973 0.889778 0.0430796 0.541518 -0.275 -0.0820235 -0.0447852 
3.88834 4.06566 3.67456 3.6992 3.032 1.10851 1.02299 -0.182046 0.347603 -0.264713 0.0320968 -0.052514 
4.38535 3.51218 3.67218 4.20987 3.35919 0.584938 0.476037 0.757962 0.116862 -0.62558 0.0223681 -0.0125478 
3.78076 3.32903 2.86925 2.68817 2.1762 1.17321 0.551246 0.403201 0.305298 -0.0157334 -0.034232 -0.0213897 
3.31535 2.76215 2.6654 2.73917 2.13139 1.10962 0.663164 0.657078 0.335549 -0.109864 -0.102739 -0.0171645 
3.30885 2.88334 2.81127 2.75263 2.18051 1.26894 0.749106 0.563315 0.232051 -0.100253 -0.0843624 -0.0246041 
3.7247 3.07 3.17781 3.55673 2.63415 0.948711 0.485729 0.739376 0.289845 -0.27886 -0.0458752 -0.0267713 
3.35272 3.01658 2.7293 2.47749 2.06557 1.50805 0.934502 0.459837 0.169844 -0.0419908 -0.0601669 -0.0188668 
3.37032 2.97064 2.79919 2.39378 1.97391 1.4545 0.901017 0.473187 0.0529774 -0.00199308 -0.0407328 -0.0216962 
4.00653 3.60629 3.2582 4.21857 3.64931 0.54522 0.699673 0.359819 0.551967 -0.435298 -0.01137 -0.0402011 
3.58578 3.49992 3.40087 3.18853 2.65957 0.638262 0.987657 0.11317 0.277601 -0.158848 -0.023813 -0.0276578 
3.62139 3.65026 3.19645 2.69082 2.47508 0.938626 1.05677 -0.172016 0.170516 -0.0423258 0.0514541 -0.0114313 
3.89891 4.14418 3.22798 2.9956 3.19392 0.911946 1.78191 -0.444559 0.241121 -0.109734 0.174747 0.0175784 
4.02329 4.29038 3.68279 3.14965 3.16547 0.8247 1.84369 -0.443766 0.516241 -0.108943 0.104071 0.0129321 
3.55231 5.64503 3.78848 1.99894 4.24087 1.49298 1.7514 -1.18168 0.817718 -0.626618 0.150798 -0.0254214 
3.48105 3.62266 2.59746 1.48641 2.88754 1.39208 3.08439 0.81814 1.35874 -0.338103 -0.128189 0.0147792 
3.09635 2.37328 1.83606 1.46297 1.41896 1.84984 1.77898 1.36686 0.904122 0.271348 0.142608 0.0545275 
5.07 1.52336 0.139331 -1.84379 -0.389758 3.47248 3.10877 2.15069 2.6777 -0.407156 -0.144821 0.045725 
3.99251 0.711535 0.337434 -0.926668 0.888011 3.90862 2.7276 1.90111 1.53529 -0.223838 0.0529588 0.0655973 
4.74423 1.4026 -1.31535 -1.35088 1.64592 2.30796 2.7276 3.17463 1.68862 -0.288961 -0.0940807 -0.0468675 
4.81267 1.92946 -0.681724 -0.891243 0.84622 2.7746 3.80004 3.01073 1.30936 -0.108569 0.0119746 0.0261461 
3.76942 1.83283 0.344029 0.320513 1.55324 3.15367 3.36867 2.43163 0.997947 0.0719711 0.0649028 0.0580759 
2.82072 2.28638 2.0099 1.77709 1.69173 1.81929 1.8203 1.55075 1.11679 0.649889 0.322965 0.0939283 
2.70657 2.20497 1.98641 1.84894 1.70485 1.62087 1.43378 1.19822 0.965861 0.543373 0.339872 0.0818238 
2.74965 1.90355 1.89011 1.97182 2.02716 1.46867 1.37697 0.783387 0.718692 0.572351 0.487354 0.0779576 
2.48007 1.53051 1.90567 2.05156 2.47516 1.17208 1.56419 0.569279 0.419266 0.635776 0.721324 0.0515512 
2.1608 0.217094 1.48773 1.40423 2.54069 1.27515 0.420534 -0.144802 -0.00727937 0.402554 0.467072 0.0235253 
1.62295 -0.433227 1.14636 1.41852 2.60836 1.41859 1.31653 0.0509621 0.355306 0.674943 0.362268 -0.00138859 
1.94966 -0.811133 1.63287 1.16658 2.76858 0.331251 0.803524 -0.440688 0.142505 0.457048 0.471852 0.0912413 
2.03837 -0.122997 1.62615 0.803822 2.31942 0.623243 0.616784 -0.445707 0.25613 0.759521 0.506259 0.0408316 
1.84129 -0.373619 1.33172 0.988634 2.30451 1.0918 0.754251 -0.244357 0.30506 0.476376 0.477828 0.0391844 
1.63525 -0.480712 1.25276 0.826854 1.34506 0.0195457 0.915873 -0.196723 -0.147194 0.448883 0.455997 0.106806 
1.80099 0.129504 0.767182 0.701936 2.22568 0.0550194 0.666301 -0.583046 0.5182 0.596343 0.543059 0.0337467 
1.82161 -0.269362 0.759351 0.305902 1.74592 -0.05468 -0.0294979 -0.426486 0.728596 0.783249 0.386115 0.03838 
2.16715 -0.548827 1.05138 0.579943 2.06689 0.229118 0.248263 -0.852181 0.945436 0.554887 0.443113 0.0967728 
1.78613 -0.633875 0.741173 0.876804 1.05698 0.502825 0.203062 0.124736 0.0768888 0.397147 0.418015 0.0468648 
1.73459 -0.50247 1.23703 0.682976 1.62696 0.334328 0.8715 -0.768241 0.196623 0.607741 0.452203 -0.00670114 
1.94941 -0.648905 0.911639 0.922816 1.75152 -0.683796 1.0195 -0.185446 -0.102348 0.586425 0.54119 0.0563634 
1.86916 -0.464238 1.13557 0.535183 2.02822 0.524457 0.833524 -0.376829 0.190317 0.609875 0.286244 0.0268523 
1.95233 -0.450656 1.00058 0.539211 2.143 0.503009 0.33291 -0.349067 0.0142277 0.701114 0.328783 0.0636433 
1.95375 -0.346107 0.965485 0.565644 1.59687 0.995576 0.938447 -0.247607 0.347939 0.697697 0.450052 0.02911 
2.03745 -0.333649 1.19476 -0.268322 1.06618 0.0311077 0.657321 -0.315046 0.352299 0.909717 0.321671 -0.00807318 
2.02979 0.0674248 1.18751 1.16365 1.6402 0.618276 0.939153 -0.0323963 0.489084 0.838389 0.29411 -0.0219642 
1.6151 -0.618715 0.954328 1.12635 1.90599 -0.177526 0.680756 -0.118302 0.0588601 0.222623 0.0955956 -0.0447015 
1.67895 -0.182211 1.10698 0.891468 1.7865 0.0346263 1.07495 -1.08166 0.304823 0.41047 0.43018 0.0496505 
