2.26912 -0.105057 1.97265 0.993995 2.14456 0.131512 0.1238 0.142897 0.620616 0.732698 0.463685 -0.0442803 
2.43397 -0.193289 1.95111 0.985713 2.90347 0.00746225 1.54781 0.44078 0.842494 0.88803 0.101499 0.0141792 
2.40046 -0.903462 1.90608 1.28247 1.97655 0.164288 1.13539 -0.92525 0.573198 0.912379 0.169372 -0.0314924 
2.41283 -0.304963 2.16984 0.795862 2.38071 0.0256737 1.09992 -0.734691 0.66246 1.15923 0.168076 -0.0136462 
2.43166 0.0681169 1.84068 1.39989 2.10331 -0.452224 0.677205 0.0995231 0.553864 0.918184 0.446236 -0.0101609 
2.25427 -0.229951 1.90728 1.06097 2.72763 0.144782 1.14301 0.211178 0.65012 0.904937 0.212768 -0.0139601 
2.28712 -0.388085 1.94966 1.27387 1.81002 0.396529 1.0696 -0.323043 0.741158 0.864222 0.295938 -0.0648516 
2.42512 -0.912291 1.54985 0.969646 1.74286 0.306429 0.361452 -0.230199 0.426314 0.397277 0.33605 -0.0575007 
2.27598 -0.584097 2.12065 1.41986 2.34943 -0.341125 1.07273 -0.546123 0.371415 0.629452 0.198185 -0.0372229 
2.1437 -0.847656 1.34222 0.522254 1.29235 -0.373502 1.10083 -0.583761 0.798711 0.550918 -0.0807486 -0.0793622 
2.6109 -0.461947 1.32465 0.907761 2.33589 0.0374793 1.02298 -0.332044 0.660438 0.887393 0.127126 -0.026749 
2.35941 -0.521402 1.76904 1.08092 2.38153 -0.315239 0.711394 -0.311636 0.725559 0.903947 0.316217 -0.00116198 
2.29203 -0.849505 2.30388 1.27045 1.83297 -0.00992737 1.04883 0.314614 0.885193 0.457457 0.3355 -0.00338324 
1.9134 -2.51332 2.4748 2.9523 -0.0343918 -1.61528 1.7503 1.56218 -0.0372815 -0.251967 0.199292 0.0268556 
-0.55883 -2.44188 3.29836 4.91818 -1.20187 0.875972 0.607012 2.99254 0.0623153 -0.993458 0.555861 0.162799 
0.790126 -0.879626 3.04479 3.68503 -0.919835 0.924964 -0.376196 1.05891 0.154898 -0.205137 0.54325 0.0939846 
2.42115 -0.304933 1.89352 1.27751 1.65229 0.0199237 -0.764505 0.342572 0.793307 -0.0951038 0.61513 0.0583698 
2.71982 0.600555 1.89306 1.44108 3.03953 0.66017 0.610118 0.361462 1.29514 0.865298 0.185428 0.0184074 
2.47033 0.286937 1.98055 1.33735 2.01196 1.38089 1.3987 0.0352082 0.969754 0.796545 0.261892 0.0166313 
2.84676 -0.0321565 1.88242 1.21311 1.91488 -0.0156309 1.33755 -0.537477 0.903803 0.800833 0.142478 0.0207678 
2.53791 -0.256274 2.27763 1.04118 2.43696 -0.264033 1.36009 0.122783 0.624235 0.927873 0.185806 0.0184016 
2.46139 -0.575646 1.77003 1.11035 1.91152 -0.0937029 0.754312 -0.456729 0.877574 0.849268 0.378643 -0.014952 
2.80804 -0.100288 1.85912 1.68213 2.04246 -0.72738 0.806559 -0.923749 0.311152 0.447107 0.199566 0.0466536 
2.35222 -0.385585 1.80409 0.428889 2.70696 0.0306171 0.239597 -0.776012 0.784657 0.885309 0.0832654 -0.0268512 
2.23415 -0.532391 1.54771 0.416906 2.05024 0.379428 0.606553 -0.507051 0.742077 0.783887 0.145547 0.0184177 
2.66289 -0.390547 1.78884 0.948965 2.85031 -0.175989 0.689265 -0.16826 0.584274 0.828739 0.129395 -0.0175144 
2.52589 -0.756525 1.71352 1.07794 2.2112 0.323322 0.655446 -0.553349 1.05154 0.543659 0.2631 0.0294689 
2.21054 -0.603656 2.07711 0.705408 2.02868 -0.206193 0.557505 -0.526242 0.386898 0.894543 0.346867 -0.0341727 
2.46508 -0.873475 1.77997 0.456098 2.34098 -1.39746 0.298519 -0.480029 -0.154186 0.664018 -0.0574301 -0.0722332 
2.65289 -0.513447 2.048 0.611313 2.47232 0.378598 1.2505 -0.225793 1.34529 0.900265 0.127443 0.0350834 
2.49138 -0.662613 1.97567 0.604425 2.20285 0.119878 0.47259 -0.24544 1.01428 0.727454 0.242825 0.0301541 
2.59647 -0.285054 2.00239 0.63743 2.19212 0.354028 0.419574 -0.825502 0.127681 1.07702 0.293709 -0.0549618 
2.24022 -0.384413 2.08164 0.648591 1.94515 -0.388881 0.703253 -0.649887 0.561715 0.88319 0.526533 -0.00378797 
2.32128 -0.488272 1.36627 0.582395 2.68457 -0.536991 0.523048 0.0222136 0.581709 0.369662 0.231868 -0.0518758 
2.51546 -0.627744 2.20964 0.665278 2.78618 -0.229748 0.824227 -0.507404 0.161354 0.910675 0.0878392 -0.0122923 
2.24858 0.0589635 1.31017 1.47698 2.61576 0.196014 0.525858 -0.394727 1.08286 0.29841 0.46419 0.0166806 
2.50639 -0.902634 2.23005 0.364932 1.64462 -0.355464 0.508943 -0.674851 0.810408 0.849121 0.134951 0.0097128 
2.67259 -0.572649 2.03215 0.562788 1.86502 -0.351835 1.20222 0.211435 0.72089 0.711431 0.0932241 0.050921 
2.49609 -0.60929 2.12581 1.21267 1.39218 0.256449 0.620025 -0.87119 0.536635 0.617936 0.0858712 -0.0343568 
2.41407 -0.532398 2.31974 0.747032 2.20178 0.131889 0.699029 -0.235894 1.22755 0.634517 0.271373 -0.00502686 
2.12383 -0.411728 2.2047 1.03593 2.43958 -0.188508 0.0677378 -0.449848 0.12808 0.430883 0.305871 -0.0598824 
2.15632 -0.450411 1.59108 0.823618 2.66589 -0.432248 0.967074 -0.19262 0.658493 1.10634 0.417093 -0.0339109 
2.21475 -0.482201 2.2075 1.09379 2.48174 1.14229 0.548256 -0.79222 0.929226 0.81884 0.0970999 -0.0439274 
2.57205 -0.529688 1.69909 1.31145 1.88127 -0.289524 0.561959 -0.653348 1.18982 0.830689 0.441414 -0.011353 
2.10865 -0.924146 1.85743 0.75497 2.85027 -0.0560562 0.372453 0.0494079 0.171463 0.808975 0.228828 -0.103481 
2.23401 -0.651967 1.42605 0.201488 1.76322 0.000605056 -0.204288 -1.23014 0.243966 0.676461 0.192705 -0.04003 
2.32968 -0.287544 1.79128 1.39761 1.80447 0.512402 0.582901 -0.81218 0.674033 0.981314 0.177576 -0.0766883 
-1.23907 2.86711 0.190398 0.513525 1.40678 1.79001 -0.392167 0.138438 1.7966 -1.2897 0.0739246 -0.120869 
-0.889378 2.30292 -0.235311 -1.83987 -0.13247 1.30921 -0.00673467 0.83169 1.54822 -1.13379 0.155991 -0.116132 
-1.07423 1.76085 0.902645 -0.458177 0.752552 -0.264802 1.38815 2.15822 0.550715 -1.8118 -0.143201 -0.0231363 
-2.48705 0.562061 -0.958995 -2.47102 -0.112995 0.662987 1.83621 1.19513 1.05083 -1.07292 0.211193 -0.107796 
-2.3758 0.76563 -1.08971 -2.48158 -0.653332 -0.383967 1.58356 1.412 0.618832 -0.768028 0.115218 -0.0673321 
-1.53858 2.07722 -1.1419 -2.31545 -0.37063 0.721793 0.793837 0.738818 1.1406 -0.482708 0.485047 -0.060651 
-1.83103 0.482247 -1.32702 -1.54429 0.0120578 -0.197466 0.514219 1.19561 0.866981 -0.697031 0.203213 0.00931874 
-0.00169564 0.673095 -0.38409 -1.47194 0.20435 -0.513393 0.530307 0.520123 0.947537 -0.937911 0.0189595 -0.074744 
1.43855 1.52467 0.637914 -0.300937 0.62032 -0.728731 0.866561 1.69632 0.478724 -0.999955 0.0425467 -0.194091 
2.83676 3.69556 2.55438 1.24565 2.45331 -0.855659 1.72418 2.37774 0.996419 -0.594962 -0.183914 -0.061508 
4.182 2.95943 3.21461 4.40449 2.02535 0.0937508 1.1947 1.24043 -0.136408 -0.771726 0.0544389 0.0237005 
4.3231 3.29008 2.95623 3.74859 2.66544 0.802002 0.779375 1.17476 0.129778 -0.884229 -0.00924512 -0.00803479 
4.71992 3.25719 2.96204 4.3423 2.68954 0.835234 1.07048 1.24508 -0.0326786 -1.01216 0.015698 0.031074 
4.13364 3.21874 3.53285 4.03954 2.52701 0.513487 0.650664 1.16743 0.206975 -0.60629 -0.0336402 -0.00618098 
4.32239 3.37342 3.25177 3.53204 2.32657 0.713582 0.68708 1.0089 0.0447078 -0.528294 -0.0381661 -0.0231807 
4.20357 3.36953 2.91134 3.17904 2.61222 1.0339 0.509454 0.698756 0.152255 -0.452006 -0.0667148 -0.0439183 
4.13625 3.55698 3.2672 3.1212 2.25489 1.09797 0.605325 0.428465 -0.0638494 -0.359504 -0.0331857 -0.0481011 
4.40691 3.3972 3.33625 3.96123 2.74821 0.48671 0.161405 0.914281 0.277102 -0.617436 -0.105284 -0.0234282 
3.95297 3.41614 3.19209 3.11956 2.39753 1.35419 0.946017 0.708104 -0.0220347 -0.396042 -0.0117276 -0.0456395 
4.01257 3.2154 3.09814 3.48089 2.58053 1.09121 0.907313 1.13206 0.221724 -0.544177 -0.022653 -0.0232035 
3.62187 2.92977 3.14412 3.66106 2.7103 1.17381 0.862855 0.909849 0.136459 -0.481827 0.00588652 -0.0284843 
3.11619 2.5963 2.80286 2.83078 1.74648 0.682842 0.781716 0.468286 -0.246668 -0.438758 -0.0272151 -0.0486423 
3.22491 2.61425 2.63356 2.59388 2.19368 1.23719 0.815675 0.674486 0.126741 -0.17382 -0.12006 -0.031811 
4.55435 3.0031 2.50688 3.71573 3.73611 0.0268917 -0.0127145 0.927331 0.431743 -0.70247 -0.211881 -0.0130845 
4.14854 2.73314 2.93848 3.92175 3.77667 -0.547815 -0.0463607 1.02272 0.288617 -0.542573 -0.268733 -0.0076602 
4.22873 2.92737 2.60175 3.69061 4.50606 -1.03305 0.24035 0.715534 0.131727 -0.326148 -0.391879 -0.00261867 
4.52567 3.01582 2.54292 3.38538 3.63831 -0.34071 0.167945 1.01054 0.266273 -0.685999 -0.27127 -0.0105389 
5.31879 3.35622 2.04878 3.63921 5.32922 -1.1938 0.680446 0.838167 -0.109996 -0.483845 -0.574374 0.0849276 
3.34991 2.70065 2.65964 2.90956 1.96996 0.38852 0.473106 0.823819 0.565114 -0.207877 -0.202231 -0.00902197 
3.44858 2.74941 2.50937 2.29706 1.90107 0.908934 0.555402 0.454474 0.0594345 -0.0969845 -0.102416 -0.0285737 
3.10169 2.61723 2.4708 2.52797 2.0039 0.97415 0.681568 0.551922 0.350937 -0.10158 -0.177821 -0.0174929 
3.13064 2.61794 2.32526 2.19841 2.01087 0.889464 0.413246 0.270934 0.242686 0.000104992 -0.176212 -0.0202495 
3.5691 2.95084 2.81046 3.85259 3.06492 -0.103909 0.329292 0.659702 0.954136 -0.260113 -0.279745 -0.015091 
3.95883 3.2584 3.12153 3.86882 3.08868 -1.16112 0.336734 0.650096 0.720773 -0.543271 -0.131379 0.057137 
3.91989 3.14169 2.54772 2.96971 3.43392 -0.918785 1.10497 0.500538 1.09532 -0.362737 -0.0265884 0.0818814 
3.47951 2.82389 2.51147 3.0259 2.39269 -0.176703 0.990521 1.02125 0.957277 -0.40617 0.0843059 0.0597275 
3.19506 2.80562 2.50538 2.46417 2.28313 1.05422 1.39085 0.464748 0.514444 -0.0310043 0.164509 0.0324636 
3.28371 2.28304 1.19952 0.916617 1.43907 1.57085 1.4774 1.02199 0.879423 0.290248 0.0534557 0.0336906 
