2.58926 -0.20372 1.3251 0.158094 2.04961 -0.850275 0.708113 -0.856133 0.285458 0.564996 0.464208 0.131898 
2.49567 -0.361152 1.5724 0.0211317 1.8128 0.268138 0.777481 -0.488451 -0.34835 0.791396 0.672023 0.0551888 
2.47612 -0.573257 1.50331 0.918901 1.268 -0.374345 0.24258 -0.406272 0.875609 0.207102 0.427835 0.0763345 
2.32583 -0.244517 1.31151 1.3977 1.65606 -0.386291 0.964114 -0.445898 0.475068 0.297095 0.167415 0.00350772 
2.38515 -0.000260446 1.53653 0.757667 1.4406 0.399907 1.42344 -0.0471494 0.963887 0.542755 0.487152 0.00612514 
2.44014 -0.75979 1.93737 0.103297 1.84539 0.499699 1.03895 0.0101582 0.889919 0.330255 0.211853 0.0532328 
2.35852 -0.460728 0.363743 -0.0923727 1.25904 0.543989 0.487247 -0.0587371 1.18605 0.425686 -0.0660319 -0.072778 
2.3783 -0.500647 1.45336 0.0909499 1.85385 0.349256 1.44742 -0.115893 0.719928 0.428616 -0.0354597 -0.0168426 
2.47264 -0.553621 1.17173 -0.256181 1.58562 0.0466615 1.47843 0.21124 0.799286 0.576268 0.40804 0.00174271 
2.54097 -0.711929 1.38419 1.01511 2.25261 0.750306 1.46696 0.304574 1.03038 0.374215 0.180596 0.00733048 
2.43598 -0.449507 0.789255 0.5057 1.32717 0.674378 2.06011 0.250895 1.03738 0.365433 0.165059 -0.0533549 
2.85331 -0.726445 1.17494 -0.0440934 1.67493 0.2775 1.81803 0.673855 1.57341 0.450472 -0.0700759 0.0172324 
2.93565 0.0569319 1.67033 0.0367519 1.26746 0.0262296 1.19874 -0.140003 0.675663 0.520154 0.281656 0.0865569 
2.74886 0.0710488 0.677523 0.146017 -0.0162936 -0.744131 -0.104211 -0.370856 0.569633 0.705633 0.371876 0.0657715 
2.93544 0.0474804 1.79044 -0.808223 0.259858 -0.682081 -0.0694763 -0.724879 0.487843 1.06079 0.643237 0.137074 
3.05811 0.0868675 1.02928 0.0329128 0.458332 -0.519919 0.725685 -0.531481 0.595684 0.744277 0.557529 0.122689 
2.68288 -0.0872792 1.01152 0.383565 0.845529 -0.13222 0.476224 -0.448647 0.782436 0.344238 0.687827 0.102447 
2.06885 -0.570517 1.56439 0.856929 1.46016 0.674106 0.504026 -0.65555 0.554529 0.664548 0.665625 0.0229378 
2.13506 -0.866533 1.35165 -0.0429636 1.83093 0.0390828 0.986951 -0.656109 0.440355 0.434945 0.315718 0.0448623 
2.00638 -0.464451 0.804119 0.285033 1.73392 -0.0119335 1.11682 -1.07097 0.907372 0.126213 0.311724 0.0424481 
1.03368 2.07464 1.33639 -2.68516 1.3445 -1.26399 -0.531909 0.0506757 0.13638 0.184308 -0.28162 0.159327 
1.23789 2.29975 1.38476 -2.69818 0.642829 -0.826648 1.46113 -0.654191 0.148313 -0.162399 -0.713345 -0.006485 
1.4459 0.805897 1.26395 -2.36392 0.121647 -0.544628 1.42195 -1.31393 0.644176 0.0679703 -0.400564 0.0538069 
1.36338 -0.252362 0.74977 -2.25173 -0.165454 -0.912494 0.147226 -1.51461 0.947858 -0.278489 -0.273957 0.191579 
1.25117 0.460338 1.12239 -1.34562 -0.450676 -1.83116 0.786384 -0.575744 0.684373 -0.625514 -0.631158 0.119439 
0.766332 0.27133 0.429606 -2.21182 0.044745 -1.28506 0.76527 -0.796291 0.880534 -0.666724 -0.638953 0.0248753 
1.09618 0.420285 0.0699954 -1.4903 0.178233 -1.74178 0.842155 -1.04876 1.05245 -0.318838 -0.261884 0.103529 
1.01831 0.266503 0.59347 -2.59139 0.106156 -1.14976 0.198323 -1.20759 1.02498 -0.38678 -0.284977 0.0905891 
1.14999 0.157454 1.142 -1.03105 0.363915 -1.96627 0.853336 -0.216863 0.845342 -0.737163 -0.343381 -0.0607597 
1.67579 0.739173 1.27666 -1.04177 0.550835 -1.78484 0.519018 -0.651604 0.992578 -0.530916 -0.483089 0.0700572 
1.88974 0.991628 1.24395 -1.09846 0.967975 -0.383398 1.45451 -0.588937 1.23584 -0.986943 -0.39837 0.0360306 
3.43577 3.30344 3.2666 1.91012 2.56657 -0.0567124 1.98238 -0.280683 1.13646 -0.400651 -0.065796 0.0385655 
3.32952 3.71584 3.08853 2.67542 2.63191 0.472505 1.8396 -0.328021 0.596345 -0.278108 -0.0266888 -0.0218899 
3.3132 3.58073 3.08827 2.86365 2.78095 0.599401 1.80567 -0.233931 0.741695 -0.416692 -0.0171249 -0.0317027 
3.64183 3.48291 2.72176 3.0484 2.65729 0.399698 1.02936 0.0218811 0.692914 -0.364125 -0.05462 -0.0369204 
3.33199 2.74364 2.68453 2.77776 2.14237 0.683924 0.834851 0.723 0.401717 -0.251072 -0.146396 -0.0200154 
3.35571 2.72024 2.69047 3.00514 2.02615 0.675004 0.536165 0.776295 0.318755 -0.366714 -0.18095 -0.0350031 
3.90089 3.12168 3.47874 4.75314 3.46542 -0.946254 0.444161 0.839355 0.794275 -0.586719 -0.358087 0.0141579 
3.27168 2.39367 2.64543 2.88993 2.10327 0.551727 0.431755 0.78175 0.129348 -0.418825 -0.225597 -0.0378055 
2.8848 2.47654 2.45174 2.39854 1.71303 0.581944 0.876592 0.442406 0.0675224 -0.274063 -0.232724 -0.0324222 
3.17132 2.71731 2.80752 2.71636 2.23999 0.711988 1.03379 0.827633 0.235108 -0.138345 -0.260397 -0.0242237 
4.81976 3.07772 3.99182 6.45024 5.41683 -3.23035 1.49518 1.19678 0.175088 -0.278334 -0.741349 0.187302 
3.81032 3.61688 3.29543 5.25336 4.21981 -2.00628 1.1821 1.0355 0.29919 -0.268792 -0.474487 0.124456 
3.49675 2.52891 3.21029 3.14985 2.92547 -0.415412 0.466281 1.16736 0.452172 -0.070819 -0.328126 0.00789662 
3.40249 3.00749 2.25771 3.03043 2.78244 0.388782 0.848846 0.612627 0.794168 -0.0114845 -0.253667 -0.0212631 
5.03793 3.7386 4.37733 4.3305 5.28256 -2.61202 1.14732 0.47607 0.38241 -0.264724 -0.784889 0.142884 
4.11382 4.06888 3.53171 4.38871 4.87129 -2.66143 1.11782 0.352254 0.375101 -0.0809855 -0.714642 0.146591 
4.41768 3.63377 4.36748 5.62561 4.46999 -2.7686 1.23666 0.199409 0.530729 -0.478311 -0.734781 0.105979 
4.14253 3.42821 3.49039 4.84683 3.60864 -1.75771 0.584839 0.374396 0.784694 -0.542511 -0.464479 0.0324514 
4.4238 2.82464 3.53043 5.22056 3.22329 -1.28003 -0.376638 0.925697 0.561948 -0.515053 -0.437239 0.024485 
4.23248 3.49901 3.94213 4.83737 2.70647 -2.87555 0.832558 -0.207581 0.871873 -0.738546 -0.31425 0.146532 
3.98546 2.96674 3.90583 3.56039 3.04599 -1.70129 0.271076 0.700275 0.118052 -0.424092 -0.184472 0.0775454 
3.72379 4.58093 3.16997 3.01717 2.77998 -0.513576 1.09697 -0.102673 0.493212 0.0896824 -0.0565381 0.049643 
4.80975 3.00247 2.68778 -0.611457 -0.955805 -1.54998 2.22722 0.867992 2.6159 -0.441334 0.335412 0.135171 
4.17344 0.986096 2.32695 -0.109295 1.09628 0.260647 3.28 1.18316 2.18208 -0.559516 -0.340538 0.196074 
3.34633 1.0772 0.996314 0.305396 1.39868 1.21337 2.68315 1.43717 1.7582 -0.0993289 -0.0373901 0.0152313 
3.92562 3.36808 2.45914 1.46958 0.805655 0.424993 0.906903 1.22355 0.714893 0.340101 0.29507 0.0644655 
4.54777 3.74313 2.18759 0.777369 0.486235 1.09224 1.69507 1.39099 0.596541 0.0599056 0.0864119 -0.00666787 
4.20757 3.55878 2.29616 1.11254 0.841412 1.34775 1.6282 1.26388 0.549416 0.202548 0.316422 0.073765 
3.66951 3.17156 2.5061 1.81599 1.3834 1.29836 1.2518 1.00873 0.760045 0.5674 0.504402 0.125418 
3.66814 3.35638 2.96097 2.10875 1.38193 0.840084 0.645108 0.611052 0.626665 0.806164 0.593973 0.166482 
2.84574 2.29901 1.98774 1.72319 1.46576 1.20983 1.026 0.877897 0.694612 0.557019 0.380975 0.0720343 
2.77446 2.25391 2.0518 1.95574 1.7861 1.54983 1.32096 1.03287 0.731749 0.568277 0.38926 0.0697115 
2.71731 1.96957 2.09408 1.83185 1.75621 1.27212 0.775512 0.627211 0.721293 0.647297 0.454762 0.0526828 
2.95087 0.554947 2.35629 0.12617 1.08554 0.551751 0.339476 -1.02803 0.388655 1.38816 0.738697 0.0499159 
2.35193 0.644992 1.58725 -0.126986 0.873376 1.36761 0.112705 -0.787415 0.460538 0.971629 0.799817 0.0608711 
2.32369 0.342195 1.96993 1.15783 1.77437 1.36145 0.422119 -0.399895 0.43465 0.65485 0.768664 0.015192 
2.54032 0.598496 2.36234 0.641278 1.67904 1.68118 0.492971 -0.181437 0.824652 0.917376 0.539909 0.0354313 
1.69122 0.102941 1.3461 1.05 2.13021 1.33411 0.686642 -0.332137 0.375047 0.622218 0.470505 -0.0351714 
2.11017 0.0904441 1.08908 1.06965 2.0798 0.320359 0.291229 0.0557489 0.291018 0.600942 0.717378 -0.0332883 
2.06872 -0.581824 1.35174 1.12358 2.17185 0.399074 0.0874467 -0.330013 0.280588 0.360083 0.377384 0.0783013 
1.72887 -0.185057 1.63484 1.12222 2.08586 0.992595 0.988696 -0.503748 0.590628 0.604736 0.295255 0.0222375 
1.71203 -0.11479 1.33009 0.513409 2.87649 0.244501 1.14895 -0.635014 0.120664 0.788161 0.130911 0.017571 
1.51044 -0.100443 1.48926 1.31422 2.08436 0.845089 1.77018 -1.01324 0.0857056 0.668067 0.332094 0.00332697 
1.8927 -0.524295 1.73205 0.212106 1.53939 0.952124 1.14635 -0.813521 0.410669 0.488369 0.411951 0.0711134 
1.76322 -0.710194 0.79275 0.847741 1.7945 0.896343 0.791749 -0.0482822 0.324962 0.264394 0.283651 0.0179773 
1.76072 -0.382375 1.4383 0.105553 2.10084 0.338887 1.10891 -0.789317 -0.165643 0.718752 0.375301 0.043728 
2.09472 -0.332649 1.66201 0.883707 2.20409 0.152262 0.890389 -0.438596 0.146666 0.54624 0.41874 0.036355 
2.18391 0.497723 1.03988 0.217679 2.22792 0.793549 1.66958 0.43458 0.833601 0.624476 0.267107 -0.020301 
2.18169 -0.257861 1.36429 0.187797 1.53033 1.14093 1.243 0.184468 0.747382 0.47413 0.239034 0.000294384 
1.932 -0.351968 1.78756 0.944763 2.27269 0.267399 1.1148 0.263916 -0.299253 0.667024 0.129799 0.0140682 
2.39324 0.138157 1.46475 0.747069 2.21905 0.597573 1.06234 0.267466 0.310132 0.632779 0.408033 -0.0231546 
2.42273 0.190341 2.51286 1.79002 2.46481 0.69829 1.79815 0.509246 0.940737 0.586938 0.291279 0.0672122 
2.22679 -0.277336 1.65501 0.93071 2.27965 1.1064 1.56834 0.322667 0.373722 0.68266 0.5803 -0.0322329 
1.84898 -0.0813075 1.91025 0.900735 2.47684 1.12294 0.641793 -0.813654 0.297998 0.0481532 0.288376 0.0492261 
