-0.664191 -1.62755 -4.67694 1.3019 1.02277 3.50872 -0.715262 -2.5657 2.48149 0.246322 0.0803573 -0.147604 
0.184439 1.37967 -3.52274 2.4856 0.494424 0.940918 0.175608 -1.82043 1.64307 0.231098 0.302852 -0.280952 
0.668404 2.14017 -1.3386 1.54942 0.524792 0.244925 1.03442 -0.345224 1.24123 -0.0450691 0.155723 -0.26665 
2.23025 0.496659 0.083156 0.501034 1.31565 -0.144867 1.58896 -0.500568 1.5298 -0.0059053 0.401793 -0.0612622 
1.99984 1.20987 0.206962 -1.67461 0.463616 -1.03899 0.73526 1.56268 0.67581 1.07229 -0.207947 -0.0475432 
1.38844 2.53333 0.427892 -6.32981 -2.67169 -2.81494 2.89988 1.90044 1.13901 1.93224 -0.392389 -0.101621 
1.67028 1.87544 0.44229 -4.15866 -0.784829 -2.31887 1.94851 1.80995 0.565619 1.15123 -0.287116 0.0360755 
2.40782 0.89279 0.923643 -1.9658 0.0113807 -2.49171 0.706043 1.61842 0.765037 1.00409 -0.100286 0.00556947 
2.25716 1.02225 1.2201 -0.576641 0.186552 -0.989743 1.94913 0.956206 0.526077 0.480138 -0.161408 -0.0978779 
2.17796 0.413431 0.9434 -0.899183 -0.555836 -0.845812 0.758744 0.310678 0.835933 0.141558 -0.00816043 0.0618212 
2.25771 0.343948 1.49122 -0.26514 0.825793 -1.10075 1.16953 0.556363 0.197999 0.139859 -0.0370782 -0.0726099 
1.99211 0.309966 0.901233 -0.5991 1.66403 -0.618618 1.02095 0.794861 0.682154 -0.0124665 0.00907777 -0.0162971 
1.89713 0.80394 1.59794 -0.204305 0.549637 -0.764277 1.1135 -0.0555176 0.699683 0.591873 -0.0607121 0.0500592 
1.84049 0.409618 1.84588 -0.177402 0.49116 -0.567452 0.914147 -0.443997 0.626786 0.125588 0.214614 0.00290648 
1.41101 0.991596 1.6639 -0.359994 0.806157 -0.406112 1.20341 0.164076 0.521622 0.407449 0.00324703 -0.0423883 
1.70228 0.334133 1.43317 0.219737 1.71846 -0.195829 1.08932 0.272416 0.353299 0.068421 0.111678 0.0644983 
1.62758 0.477361 1.61974 0.359184 1.2383 -0.832797 1.21404 -0.0127984 0.108151 0.0874117 0.158715 0.00227365 
1.56624 1.17506 1.76815 -0.0945312 1.12463 0.414618 1.69329 -0.306091 -0.178779 -0.142066 0.380441 -0.0534874 
1.0837 1.89991 1.60379 0.727808 0.649656 1.12634 1.16641 -0.235993 1.69463 -0.699743 0.175161 -0.140077 
-2.03358 4.53216 0.538849 -0.524659 2.09595 0.719419 1.9019 -0.340402 0.722314 -0.657943 -0.399817 -0.0688606 
-1.39162 2.31854 1.62889 -0.299994 2.33532 1.48373 0.801141 -0.11755 -0.484894 -0.500085 -0.19757 -0.0255742 
-1.75168 1.68958 1.20529 -1.86525 1.13219 -0.497486 0.987224 0.122934 -0.871068 -0.0737324 -0.312993 -0.0298367 
-1.7073 0.972287 0.0845675 -1.99111 0.215737 -0.403964 -0.174171 -0.208488 -0.386807 -0.115143 -0.183981 -0.0165719 
-1.73713 1.15799 0.0159334 -1.62142 0.0884428 -1.05144 0.157391 1.0282 -0.171237 -0.0149799 -0.596994 -0.0974694 
-0.631562 1.56697 0.436609 -0.597607 0.143235 -1.29519 -0.167393 0.444925 -0.297638 0.325248 -0.410789 -0.176304 
0.911056 1.34752 1.22183 -0.489132 -0.159784 0.112807 -0.0991148 0.113372 0.29084 -0.283194 -0.312086 -0.111228 
1.5758 1.46925 1.40801 -0.82609 1.09585 0.0479023 0.416086 0.965819 -0.154683 0.216077 -0.226874 -0.126709 
3.92951 2.96787 3.3766 2.51792 2.42806 0.246056 0.558932 0.863786 0.310271 -0.358137 -0.0457026 -0.00561988 
3.96098 3.05611 3.86865 3.82417 2.06518 0.816483 1.23656 0.606294 -0.0653837 -0.286006 0.120293 -0.0171723 
3.7455 2.69245 3.47602 4.1337 2.138 0.445874 1.12377 1.13455 -0.10033 -0.385165 0.0814979 0.00391822 
3.67842 2.80137 3.42601 4.03763 2.43461 0.642956 1.08372 1.36688 0.168188 -0.37083 0.060557 0.0186986 
4.45149 2.6836 3.97532 5.42668 2.9454 -0.0595908 0.335929 1.41185 0.241379 -0.515586 -0.123314 0.0360981 
3.4599 2.94049 2.77778 2.85653 2.32293 1.40775 1.28821 0.83883 0.206535 -0.0876266 -0.0360252 -0.0157714 
3.16473 2.69917 2.52558 2.53043 1.94711 1.07671 0.853384 0.74379 0.167828 -0.177306 -0.0755185 -0.0223064 
3.15349 2.72721 2.8717 2.75475 2.04772 1.41868 1.05547 0.621622 0.191383 0.0506348 0.0296637 -0.00425054 
4.85934 2.9036 4.41829 5.13155 2.79054 0.756129 0.0952521 1.18691 0.192408 -0.796003 -0.0712298 0.0353307 
3.48039 2.80794 2.98305 3.14599 2.26665 1.10684 0.85024 0.982977 0.286216 -0.251681 -0.0164274 -0.00906599 
3.45402 2.82736 3.05896 3.13693 2.30514 1.08748 0.718879 1.00577 0.318988 -0.276236 -0.00305661 -0.00918377 
4.30159 3.44542 3.59687 4.19534 2.95593 0.407825 -0.05225 0.80894 0.332243 -0.504328 -0.0890196 -0.0183601 
3.83837 3.26553 3.47385 3.64527 2.50489 0.502913 0.418737 0.917754 0.301229 -0.305539 -0.0342225 -0.00952699 
4.0563 3.25379 3.84265 4.10423 2.63868 0.438941 -0.0471732 0.959112 0.381766 -0.506412 -0.0496874 -0.000997136 
4.34219 3.26913 3.91156 4.05455 3.89289 0.539053 -0.103047 1.53669 0.434673 -0.870951 -0.0132901 -0.00531597 
3.96009 2.9194 3.48527 4.24108 3.09376 0.846861 0.244034 1.27715 0.796996 -0.466677 -0.176426 -0.014097 
3.90779 2.7425 3.06335 3.60243 2.90457 0.744655 0.112771 1.12977 0.361702 -0.739872 -0.0752675 -0.0224818 
3.96684 3.36875 3.79621 3.60864 3.47988 0.0116672 0.666023 1.11445 -0.0131738 -0.497706 -0.0303725 -0.0143497 
4.20099 3.18892 3.49561 4.02606 3.91924 0.737743 0.265645 1.04442 0.326819 -0.769981 0.0832643 -0.00432753 
3.38749 2.94139 3.30108 3.20713 2.04059 0.656934 0.603685 0.808985 0.159801 -0.161113 -0.0433783 -0.0110732 
3.53985 3.06883 2.83623 2.79981 1.96541 0.68043 0.131177 0.257721 0.15457 -0.197373 -0.107503 -0.0418943 
5.35784 3.94331 3.32571 3.08372 2.70484 -1.09221 -1.10864 -0.0332833 0.539739 -0.486014 -0.312079 -0.0390577 
4.63316 3.8697 3.76441 2.3587 1.85561 0.522013 -0.0945914 -0.743161 0.284465 0.207508 -0.245437 -0.0503211 
3.79449 2.83777 3.05107 2.91997 1.01799 0.30241 0.340269 0.409159 0.412281 -0.053555 -0.132304 -0.00895113 
4.42155 1.72243 0.382579 -1.43925 -2.09648 -1.76051 -0.0558398 1.2284 1.83285 -0.902005 0.138841 -0.0104347 
3.75108 0.0771293 -0.428685 -1.59472 -1.12702 -0.0627458 1.26414 1.60212 1.32782 -0.851939 -0.102577 0.0198417 
3.81265 0.842023 -0.321687 -0.191976 -0.818901 0.192594 2.67746 2.48007 0.903436 -0.0346679 0.0927442 -0.0452161 
4.35784 2.35407 0.100774 -1.44015 -1.24571 0.157823 1.69623 1.89578 0.882438 -0.0222792 0.103991 -0.00271257 
3.94976 2.76319 1.05296 -0.38095 -0.85044 -0.244072 0.570456 0.730087 0.526406 0.203046 0.37784 0.0996068 
4.67837 3.42378 1.65336 -0.701158 -0.587061 0.0912478 0.667386 0.960073 1.0885 0.378903 0.484269 0.11252 
4.23241 3.19721 2.15775 0.220578 0.502994 -0.638407 0.652065 0.0156975 0.529627 0.586972 0.484267 0.170558 
2.25889 2.14989 2.34722 0.720931 0.948056 0.192378 0.811988 0.270559 1.2243 1.17017 0.33009 0.038937 
2.39664 2.073 2.35793 0.812938 0.758359 -0.0232378 1.48124 1.34352 0.71081 0.648406 0.312622 0.0199453 
1.37224 1.92074 2.44285 0.424016 1.3366 0.836758 1.94617 0.957157 1.03024 0.297684 0.128508 0.0197159 
1.33792 1.13743 2.6826 1.41233 2.13327 0.573555 2.00482 0.122344 1.00805 0.388253 0.28436 0.0178703 
1.35804 1.13961 2.03806 1.1235 1.06485 0.893086 2.00099 0.387695 0.74958 0.154871 0.0634696 0.036193 
0.945221 0.28506 1.97096 0.514607 1.15954 0.740322 1.3236 0.197436 0.518716 0.272149 0.144803 -0.0353811 
0.526047 0.117401 2.87118 0.707966 0.0238466 1.11272 2.23942 -0.0805157 0.917992 0.801065 -0.21686 -0.0365452 
0.538089 0.0516616 2.27065 0.997618 0.848761 0.560283 0.936783 -0.582159 1.66008 0.485365 -0.180156 -0.0305829 
0.462543 -1.05932 2.08263 1.7567 0.661326 -0.0498152 1.69599 0.494858 2.18972 -0.625599 -0.469184 0.189013 
0.663413 -1.7146 2.40539 1.72918 0.106367 0.441387 2.03494 0.00217775 1.45787 -0.192339 -0.832751 0.0195367 
0.0213696 -1.55287 3.48648 1.53808 -0.395458 0.673487 1.40799 0.284668 1.81574 -0.230993 -0.398061 0.0367137 
-0.346689 -2.44669 4.66197 1.22437 -1.5511 2.42047 1.41814 -0.812821 2.30892 0.0487217 -0.484352 0.0424415 
-0.302117 -2.90238 4.12006 0.584701 -0.864881 2.91088 1.61234 -0.738651 2.26758 -0.191511 -0.650107 0.105162 
-0.126283 -2.99631 4.45128 0.941284 -0.707211 2.08934 1.53657 -0.178687 2.41533 -0.240205 -0.731115 0.0963258 
-0.304092 -2.63345 4.59206 1.58619 -1.41473 1.17153 1.56202 -0.319801 2.15407 -0.210383 -0.591805 0.0855524 
-0.178435 -2.11809 4.38925 0.122832 -0.329823 2.3356 1.2249 0.0734649 2.33217 -0.223998 -0.618113 0.131766 
-0.0739268 -2.27388 4.25259 0.62556 -1.07032 1.689 0.998661 -1.21591 2.00778 0.0250925 -0.593611 0.0444116 
0.00443307 -2.32347 4.10638 -0.154061 -0.170381 2.56611 1.85707 -1.12904 1.46903 0.077233 -0.576155 0.0423418 
-0.213422 -1.33772 3.89324 -0.567317 -1.52439 2.68328 1.50044 -1.86002 1.07685 0.248882 -0.307861 0.0316331 
0.474978 -1.44307 3.19436 0.657903 -0.941347 1.78527 1.77119 -1.60286 1.53031 0.330372 -0.208938 0.0481357 
-0.0823509 -1.2989 2.89325 0.516821 -0.55071 2.16138 1.57862 -1.42425 1.76401 -0.10493 -0.366358 0.0475133 
-0.289429 -1.17871 2.29288 1.46306 -1.95077 1.8072 0.876796 -1.20968 1.38557 -0.0870643 -0.32611 -0.00510042 
0.992128 -0.895791 2.17554 0.998117 0.301822 -0.158949 0.957284 -0.419915 1.38741 -0.325674 -0.289863 0.167775 
0.933573 -0.351211 2.6597 0.607625 -0.287545 0.184891 1.3743 -0.679237 1.32095 -0.38263 -0.301502 0.254586 
1.1726 -0.774005 1.91182 0.420289 0.422234 1.24487 0.978701 -0.728071 0.854765 -0.00294882 -0.271231 0.150768 
1.01158 -0.362761 1.55436 0.785487 0.179719 0.22554 1.36073 -0.0114253 0.783688 -0.349024 0.128717 0.0997521 
1.21412 -0.82485 2.23021 0.747029 0.0753727 0.335029 0.770714 -0.517194 1.36911 -0.572161 -0.120026 0.170928 
