2.19862 -0.635974 1.63449 0.192102 1.73057 0.459896 0.456135 -0.804044 -0.295549 0.0558807 -0.011664 -0.00605932 
2.24555 -0.398775 1.30064 0.0174613 1.42467 -0.444636 0.094197 -0.525712 0.760272 0.460076 0.392566 0.0379614 
2.36396 -0.04097 1.28477 -0.36261 0.834831 -1.02881 0.389256 -0.181877 1.02101 -0.157002 0.132606 -0.00786414 
2.39972 -0.0973128 0.930112 -0.780508 0.499481 0.231039 0.0221894 0.488207 1.05555 0.105269 0.224344 -0.0570474 
2.02515 -0.465554 1.55386 -0.750818 0.910833 0.238121 1.31393 -0.383741 0.977113 0.480915 -0.178342 -0.0920725 
2.40789 -0.0448796 1.56293 0.814121 1.51695 -0.602561 0.357467 -0.794707 0.597761 0.381247 0.386479 0.0778163 
2.46803 -0.329829 1.59683 0.109405 1.47913 0.441916 1.16275 0.390067 0.708503 0.0900632 0.172763 0.0527625 
2.11517 -0.538676 1.26289 -0.321581 1.91072 -1.10233 0.0946498 -0.270487 0.132348 -0.00900779 0.0597692 -0.00671914 
2.41907 -0.794296 2.00732 -0.116832 1.35149 0.119137 0.931743 0.0434397 0.157842 0.0127809 0.249174 0.0404891 
2.09321 -0.743549 1.18237 -0.177136 1.40421 0.203154 0.436897 -0.656551 1.01629 0.527011 0.339684 0.0483145 
1.94027 -0.742016 1.63086 1.18818 0.642727 -0.653532 1.04732 -0.66451 0.307784 0.120955 0.228426 0.010012 
2.17586 -0.240495 1.45632 0.445263 1.45541 -0.135853 0.300859 -0.668672 0.648632 0.491621 0.206849 -0.00628001 
2.03767 -0.57701 1.56151 0.709681 1.27795 0.822198 1.11074 -0.744336 0.340605 0.434676 0.0665421 -0.0164731 
2.29458 -0.544869 1.77534 0.187896 1.78285 -0.0718831 0.190562 0.0669208 0.7905 0.182711 0.151256 0.00285674 
1.21854 1.65169 -0.453754 0.982262 0.60749 0.200867 1.47307 -0.54419 0.639273 -0.242724 0.401379 -0.0588453 
0.834456 2.93381 -2.70341 -2.72956 -0.483053 0.161279 2.1869 -1.25284 0.126485 -1.01521 -0.227399 -0.0347486 
0.9263 1.42616 1.21779 -0.948293 -1.54979 -1.56568 1.51558 0.169531 0.72569 -0.941706 -0.39158 -0.0150994 
1.15006 0.765017 -0.498666 -1.40383 -1.0083 -0.948895 0.172692 -0.400558 0.918947 -0.962898 -0.00334761 -0.0114722 
0.406835 0.439735 -0.786928 -0.729785 -0.486017 -0.0524563 0.522658 -1.3237 0.724717 -0.745153 -0.0375973 0.118729 
0.0468417 0.363131 -0.500552 -1.8692 -0.471 -0.125003 0.490434 -0.579658 1.05935 -0.598302 -0.00362566 0.0163002 
-0.186601 0.172183 -0.851888 -1.43756 -0.715438 -0.953328 0.928601 0.151546 0.781529 -0.760523 -0.0230565 0.093391 
-0.532626 0.315075 -0.712185 -1.03894 -0.421671 -0.214459 1.32853 -0.376388 0.864718 -1.09017 -0.0315387 0.0727532 
-0.271967 0.234505 0.37228 -1.27568 0.374472 -0.82783 0.776131 -0.11762 0.297087 -1.35717 -0.0913434 0.106505 
0.476098 -0.00428635 -0.400831 -0.0774502 -0.250216 -1.02582 0.400039 -0.820783 0.0744083 -0.474139 0.15372 0.0397489 
0.0859106 0.515699 -1.01587 -1.15191 -0.396027 -1.79547 0.636446 -0.487178 0.426624 -0.771989 -0.0994521 0.0510596 
1.4196 1.04977 0.206561 -0.138575 0.0842003 -0.577069 0.962521 -0.253353 0.823352 -0.709369 0.0278106 -0.0872364 
1.45691 1.66468 1.81745 0.212822 0.808298 -0.0497238 1.51758 0.401913 0.806451 -0.843436 -0.119108 0.0962946 
3.01221 2.75724 2.71923 2.34855 1.45817 0.993256 1.14424 0.281211 0.0815162 -0.238151 0.0193773 -0.0279134 
3.38604 3.0564 2.97118 2.56401 1.97733 1.17196 0.901798 0.405846 0.136044 -0.18336 -0.0230674 -0.0237424 
3.05415 2.56374 2.33988 1.98442 1.49825 1.10806 0.748944 0.29853 -0.049133 -0.0865796 -0.0025977 -0.0122561 
3.06807 2.63625 2.38205 1.95374 1.38286 0.905534 0.54514 0.222497 -0.0183272 -0.108121 -0.0931753 -0.0339799 
3.41359 3.06132 2.76164 2.36238 1.82693 1.19409 0.62909 0.239869 0.00401286 -0.139742 -0.129796 -0.0497924 
3.06599 2.60506 2.42085 2.13393 1.60878 1.1312 0.771903 0.381651 0.0603839 -0.040777 -0.0189301 -0.0143637 
3.20397 2.83157 2.56969 2.16814 1.63905 1.06823 0.585146 0.229943 0.0119573 -0.0620401 -0.0442508 -0.0216752 
3.93621 3.56545 3.43608 3.34544 2.42988 1.08155 0.401836 0.239199 -0.0591365 -0.270301 -0.0847292 -0.0633035 
4.2663 3.45144 3.64668 4.30937 2.99649 0.575429 -0.0634344 0.551928 0.176175 -0.555383 -0.165698 -0.0633652 
3.34066 2.93477 2.95737 2.86646 2.05784 0.962773 0.487088 0.382068 0.0784731 -0.247136 -0.184469 -0.0597564 
3.39177 2.99827 2.75057 2.52852 1.99617 1.06273 0.388353 0.101509 -0.0683634 -0.211154 -0.179304 -0.0666133 
3.62151 3.31728 3.18424 2.88629 2.15494 0.825782 0.550408 0.297302 -0.0617942 -0.242895 -0.132775 -0.0639903 
3.38584 3.15641 2.99459 2.65642 2.1284 1.27829 0.928272 0.436264 0.0841045 -0.143853 -0.184377 -0.051 
3.33678 3.24969 2.93777 2.48857 2.06668 1.22981 1.01883 0.247753 0.049407 -0.131813 -0.137401 -0.0479822 
4.66892 4.5697 4.1293 3.81277 5.18647 -2.08609 1.09454 0.0714849 0.451116 -0.107462 -0.673044 0.0848446 
3.53252 3.90018 3.51349 2.65393 3.16082 -0.0134848 1.35244 -0.37088 0.00727107 0.239947 -0.292016 -0.00268517 
3.23555 3.06964 2.6767 2.14304 1.86759 0.769113 0.840345 0.0651739 0.0506398 -0.0101267 -0.134805 -0.0239916 
3.33981 3.03294 2.67738 2.27011 1.6769 0.997937 0.590664 0.119111 0.0211267 -0.145398 -0.0911718 -0.0379407 
5.19428 4.71146 2.60656 4.13097 5.06292 -1.90511 1.35332 0.421065 0.878833 -0.486897 -0.578343 0.0879752 
3.85107 3.73218 3.12669 2.7883 2.48271 0.163411 0.785383 -0.266596 0.143636 -0.248933 -0.00626291 -0.0172195 
4.13976 3.69317 3.05232 2.53479 2.52313 0.305548 0.724853 -0.338002 -0.00567325 -0.306077 0.0672323 0.00167191 
3.54222 3.12302 2.78538 2.43669 1.72416 0.0903252 0.485182 0.181937 0.23985 -0.13574 0.0262882 0.00320052 
3.4326 2.92725 2.34585 2.45542 2.24849 -0.0716992 1.0218 0.388531 0.667286 -0.301823 -0.0517707 0.0124654 
3.78638 3.66309 2.52994 1.14332 2.14698 -0.0661938 1.54569 0.709055 0.484309 0.200635 -0.169901 0.00527619 
3.28394 3.06432 2.38341 1.28744 1.11907 0.221742 1.12718 0.906808 0.986911 0.653702 0.410674 0.104742 
4.58136 3.76155 0.156873 -0.990592 -0.719349 1.3299 3.3373 1.54521 1.7783 0.0184066 0.197703 -0.0263385 
3.93633 3.22306 1.03611 0.284466 -0.523504 1.37379 3.05765 1.05278 1.77904 0.0725683 0.327911 -0.0251562 
3.85419 1.89528 -0.586489 -0.786683 -0.260553 2.70144 3.03414 1.75626 1.03453 -0.0159229 0.0386308 -0.0313065 
3.57661 1.74894 -0.122302 -0.796102 0.554241 2.63115 3.28023 2.2083 1.07451 -0.0171557 -0.0246696 -0.0304708 
3.41576 2.37417 1.22203 0.561957 0.9572 1.91898 2.67233 2.48252 1.51826 0.497649 -0.114533 -0.0249705 
2.98275 2.34793 1.84407 1.47432 1.51102 1.87118 1.96013 1.67388 1.16672 0.594808 0.211337 0.0767282 
2.88685 2.4155 2.14136 1.90355 1.77901 1.70923 1.62405 1.32491 0.97113 0.669632 0.414069 0.0991775 
2.82334 2.3764 2.18338 2.08448 1.94833 1.78892 1.62306 1.33136 0.973781 0.688462 0.45628 0.107849 
2.70228 2.15502 1.96678 1.89962 1.7144 1.49403 1.28046 1.11327 0.843548 0.60459 0.353052 0.0799674 
2.81077 1.73823 1.98845 1.29178 1.24212 1.19137 1.62887 1.28392 1.20064 1.02207 0.447165 0.0483101 
2.53243 0.368414 1.34846 1.23663 0.854808 1.16211 0.754308 -0.087767 0.204497 0.649176 0.574934 -0.000944726 
2.63305 -0.0626984 2.12571 0.747379 1.20918 1.29491 1.04626 -0.152381 0.329251 0.524258 0.599345 0.072823 
2.13986 0.171036 2.08056 1.05658 2.32811 0.891749 1.31231 -0.0809722 0.158409 0.680159 0.229456 0.0406859 
1.77269 0.333302 1.90135 1.07535 2.2866 1.30334 0.510732 -0.655197 -0.0850176 0.477745 0.244555 0.0398299 
1.51876 0.276913 2.28756 0.995309 2.46151 0.903951 0.463595 -1.11125 0.110048 0.341365 0.260976 0.0187617 
1.55552 -0.641893 1.68878 1.46664 0.907685 0.469821 1.4855 -0.729665 -0.216071 0.292725 0.298366 0.0161382 
1.51395 -0.400873 2.13797 1.04618 1.9373 0.133669 0.659656 -0.651784 -0.123063 0.609003 0.115698 0.0125701 
1.79458 -0.146298 1.51875 0.243217 1.50245 -0.509617 0.729431 -0.688415 -0.177915 0.280679 0.178336 0.0449977 
1.61893 0.3029 1.44874 0.708867 0.980395 -0.758647 1.19845 -0.166234 0.50693 0.731935 0.0500529 0.00934126 
1.73957 -0.124872 1.48389 0.639403 1.0643 -0.03238 0.767094 -0.2874 0.0204205 0.493163 0.297631 0.0426037 
1.65496 -0.349876 1.63855 0.82675 1.17331 -0.00870628 1.64929 -0.273424 0.372511 0.100561 0.247327 0.0352568 
1.65247 -0.427581 1.39369 -0.031446 1.687 -0.415834 0.294352 -0.470916 0.148187 0.323274 0.0212849 0.085401 
1.63601 -0.971682 1.42588 1.13648 1.69563 -0.325954 1.11632 -0.657758 -0.0723003 0.0473803 0.181786 -0.00534248 
1.84409 0.0201935 1.73616 0.765374 1.62273 0.0756009 1.44226 -0.284339 0.212208 0.346121 0.0906824 0.00865846 
1.66152 -0.34738 1.91166 0.931472 1.87853 0.138995 0.908588 -1.06141 -0.197528 -0.131339 0.217474 0.00914102 
1.82015 -0.545973 1.32044 0.612546 1.98838 0.199823 1.39746 -0.926594 0.362546 0.235227 -0.153644 0.0169788 
1.73873 -0.198966 1.28178 0.358579 1.65375 0.0102042 1.54152 -0.227511 0.437899 0.551111 0.339074 0.00176068 
1.82992 -0.355575 1.07464 0.598764 0.892814 0.259285 0.619368 -0.45559 -0.258402 -0.116171 0.119975 0.0164347 
1.82313 -0.0886398 1.2469 0.551468 1.83829 0.225216 0.935668 -0.721387 0.112524 0.103788 0.1364 0.0101483 
2.18591 0.170677 1.28216 0.628107 0.985461 -0.068562 0.646564 -0.419857 0.860288 0.398333 0.179043 -0.0128175 
1.5328 -0.357645 0.71456 0.118975 1.29592 0.0188311 1.69277 -0.631283 0.341524 0.406699 0.151735 0.0287076 
1.94172 -0.49647 0.923952 1.18205 1.66029 0.14513 0.881539 -0.227875 -0.11225 0.364689 0.242395 -0.0379326 
1.81511 -0.107672 1.6117 0.501683 0.933828 -0.127044 0.376149 -0.251515 0.672661 0.539414 0.086611 0.036639 
