1.85885 -0.450333 1.85037 -0.360999 -0.389879 -1.11536 0.297847 0.432382 1.43195 0.21656 0.377773 0.040702 
2.03848 -0.641149 0.944872 -0.383456 0.644145 -0.641373 0.71867 -0.00402326 0.702562 0.289635 0.142111 0.0864391 
2.7486 -0.637493 1.26629 0.821644 1.29612 -0.134716 0.790783 0.318278 1.00758 0.319235 0.15094 0.0342246 
2.39693 -0.229393 1.43487 -0.125019 1.49113 0.26178 1.19807 -0.146909 0.965808 0.078971 0.286068 -0.00872596 
2.83902 -0.111974 1.33818 -0.602136 1.01273 0.0161031 0.208118 -0.661563 0.950103 0.441863 0.326076 0.0773976 
2.51406 0.152336 1.37073 -0.0278862 1.23322 1.03589 0.630652 0.280716 0.845463 0.0987517 0.387633 -0.027818 
2.32913 -0.648779 1.02511 -0.0240099 1.50175 0.00787817 0.746906 0.106525 0.211246 0.240806 0.276755 0.00749209 
2.21775 -0.483487 0.839853 0.15628 0.846847 -0.437101 0.537713 -0.433645 0.484536 0.312491 0.0515068 -0.0451566 
2.39115 -0.459955 0.433571 0.0333707 0.586162 -0.0344611 0.446063 -0.567977 0.849407 0.133661 0.157594 0.0286212 
2.21996 -0.503977 0.991525 0.0508542 1.6891 0.188375 0.797618 -0.474914 0.117694 0.0669214 0.278455 0.0170496 
2.11279 -0.600226 1.07353 0.211793 1.34292 -0.655895 0.477667 -0.147981 0.170798 0.347342 0.51396 0.034987 
2.33648 -0.693988 1.28889 0.499931 1.059 -0.469354 0.95227 -0.346875 0.793736 0.106323 0.237599 0.0375735 
2.27717 -0.405499 0.987952 -0.421803 1.40511 -0.118728 1.13485 -0.302809 0.389358 0.211086 0.0613141 0.0462363 
1.9842 -0.694048 1.51728 0.52587 1.63947 -0.259454 0.942246 -0.74804 -0.296193 0.3352 0.352519 0.021817 
2.27134 -0.643086 1.8045 0.708733 1.06014 -0.403964 0.522836 0.144017 0.790846 0.342945 0.273152 0.00816544 
2.21281 -0.549543 1.17486 0.637649 1.19799 0.238936 0.0103826 -0.251804 0.656694 0.207347 0.232356 -0.00704131 
2.17317 -0.800955 1.56639 -0.215212 1.06671 -0.592785 0.20402 -1.13904 -0.0112286 0.288876 0.189815 0.0177426 
1.27139 0.108283 -0.794657 0.035591 0.44048 1.37414 0.221143 0.150736 0.300098 -0.139661 0.107058 0.149581 
-0.384113 1.63435 -0.870827 -0.550046 0.475237 0.437827 0.335283 0.26883 0.750666 -1.78336 -0.240344 0.0974795 
-0.42348 1.55538 -1.35684 -2.92263 -2.47169 -0.308296 -0.760785 0.225155 0.138705 -0.879658 0.391583 0.0284843 
-0.51752 0.683185 -1.75051 -2.91975 -1.33564 -0.230984 1.05146 -0.00382393 0.597127 -0.654316 0.147368 -0.0472034 
-0.161384 0.34087 -1.17542 -1.17338 -0.698023 -0.178718 0.981021 0.410275 0.583565 -0.980725 0.181631 0.0475557 
-0.330102 0.804084 -1.0533 -1.1142 -0.45823 -0.42772 1.35742 0.945815 0.393242 -0.343505 0.173252 -0.027411 
0.00597835 0.550695 -0.787678 -1.74801 -0.667028 -1.34197 0.588651 0.461273 1.02791 -0.429813 0.0187534 0.115166 
0.482174 0.189324 0.180562 -1.18474 0.551806 -0.830939 0.525834 -0.179212 0.0476266 -0.536316 0.160832 0.112339 
1.23435 0.271061 -0.591792 -1.4877 -0.193165 -1.41609 0.0375271 -0.0280545 0.260748 -0.714011 -0.0553021 -0.0297644 
1.77257 0.838804 0.00696676 -1.05755 0.295268 -0.472623 0.649821 -0.201321 0.336512 -0.9281 0.0392222 -0.0953722 
2.30834 1.47536 1.26993 0.94014 0.969166 0.26483 0.850727 -0.0113355 0.0408737 -0.583401 0.438212 0.0400777 
3.09332 2.37951 2.56536 2.49969 1.77709 1.01537 1.1488 0.690222 0.0467819 -0.126159 0.181257 0.012053 
3.31543 2.66399 2.80156 2.65177 1.51325 1.27492 1.52217 0.573989 -0.261424 0.0394758 0.163056 0.00610095 
3.85773 2.8906 3.41394 3.45818 1.48995 1.07025 1.76286 0.59186 -0.708533 -0.0614463 0.258792 -0.0152719 
3.20275 2.73627 2.8948 2.58582 1.75989 1.48476 1.32754 0.531969 -0.105594 -0.0421991 0.0420641 -0.0139339 
3.30911 3.05296 3.02934 2.54368 1.86006 1.54234 1.1387 0.407647 -0.0518008 -0.0241797 0.0323097 -0.0164551 
4.19613 3.51663 3.60913 3.51109 2.04892 1.32893 1.78036 0.735471 -0.798779 -0.491713 0.222552 -0.0289995 
3.81271 3.44526 3.40119 3.02476 2.09489 1.56831 1.39348 0.454137 -0.468873 -0.201751 0.148279 -0.0320041 
3.96336 3.83063 3.61844 3.24984 2.45704 1.5622 0.871858 0.191241 -0.283968 -0.220625 0.0794654 -0.0440956 
4.93376 4.78987 3.84901 2.9676 2.50712 0.740925 1.90226 -0.0443125 -0.896443 -0.28275 -0.134315 -0.0459817 
6.42182 4.44135 4.3647 2.40262 3.51296 -0.687192 2.35011 -0.821194 -0.828267 0.268821 -0.359152 0.0429404 
3.76332 3.52824 3.23283 2.6508 1.96257 1.10648 0.706047 0.0656386 -0.151796 -0.100717 -0.0810318 -0.0471553 
3.54135 3.32251 3.15843 2.5771 2.17428 0.963848 0.817259 0.12515 -0.27133 -0.064959 -0.107397 -0.0507322 
3.96877 4.4522 3.94402 3.10907 2.96627 0.524313 1.41552 -0.523052 -0.603068 0.0886045 -0.178015 -0.0378777 
3.33416 3.03118 2.70405 2.16199 1.65111 0.980968 0.779417 0.25015 -0.00605887 -0.0204871 -0.0740679 -0.0140641 
3.43192 3.15058 2.78966 2.31918 2.05309 1.25115 1.00118 0.378221 0.0321501 -0.0399368 -0.0966063 -0.0227324 
3.91844 4.20058 4.03508 2.90587 3.23377 1.01639 1.34277 -0.182886 -0.448252 0.138902 -0.0921052 -0.0337913 
3.93077 3.86529 3.60637 3.15722 2.54739 1.32318 1.06549 0.0568408 -0.394978 -0.202375 0.0704008 -0.0404908 
3.83348 3.77762 3.57837 2.9264 2.67509 1.25126 1.05316 -0.0066684 -0.431062 -0.0432869 0.0240816 -0.0364355 
4.01238 3.61583 3.10283 2.73788 2.32936 1.41079 0.45937 -0.112053 -0.230554 -0.136571 0.00538734 -0.0322227 
3.31888 2.98502 2.89528 2.59135 2.25501 0.800708 0.973094 0.600487 0.262706 0.0461008 -0.133407 -0.00654165 
3.65465 3.22521 2.79163 2.72252 2.57882 0.663619 0.81106 0.110512 -0.060269 -0.12713 -0.0107466 -0.0208999 
4.76604 3.39238 2.30759 2.77266 3.48879 -1.1142 0.214063 0.082008 0.315973 -0.826989 -0.112391 0.064207 
4.54823 3.43588 2.00482 2.70064 2.86083 -0.681458 0.540175 -0.112858 0.365099 -0.946074 0.0955957 0.057943 
4.46289 3.45232 2.45355 2.27072 2.24632 -0.00148657 1.18214 0.0101908 1.1184 -1.00467 0.128842 0.0248171 
4.15904 4.23284 2.47988 1.1555 1.05723 0.412057 1.39449 0.651996 0.641804 0.0310841 0.235665 0.0381489 
3.12008 1.79328 0.542633 -0.540866 0.233119 -0.312955 1.81542 0.767796 1.03194 0.096684 0.0978869 0.0228046 
2.87319 1.58195 -0.82179 -0.634881 -0.523187 0.47242 1.6751 1.33893 1.05697 -0.107912 0.132805 -0.0660204 
3.73414 2.38258 -2.06005 -1.70153 -0.118084 0.525688 1.65115 0.0389054 1.244 -0.883066 0.0716349 -0.0634803 
4.17111 1.26853 -2.67548 -3.47834 -2.3077 -0.373284 1.81555 -0.0339893 0.646969 -0.543592 -0.206752 -0.0641781 
4.05677 1.37372 -1.38656 -1.87492 -0.797354 1.15241 2.62408 1.87512 1.03662 -0.402456 -0.115264 -0.0337217 
3.15508 2.1343 1.36076 0.63075 0.916722 1.6221 2.18682 1.98331 1.30506 0.765967 0.19494 0.025702 
2.87778 1.97741 2.02018 2.05419 1.82159 1.59973 1.41683 1.21076 1.37962 1.12701 0.436952 0.098143 
2.83926 2.28986 2.31629 2.25346 1.9039 1.83318 1.73373 1.38294 0.956358 0.729919 0.582816 0.118628 
2.72224 2.21502 2.24007 2.0193 1.77759 1.80784 1.74926 1.28935 0.932188 0.781038 0.489782 0.10177 
2.52817 1.86474 1.89626 1.64986 1.64958 1.23045 1.25616 1.07622 0.604491 0.567218 0.325075 0.0616085 
2.62876 1.02266 2.63652 1.86422 2.5729 1.51397 1.89658 0.737814 1.22454 0.833808 0.467482 0.0980447 
2.46933 1.16945 2.29177 2.22846 1.89534 1.39949 1.46619 1.08514 0.90958 0.568423 0.503228 0.0711739 
2.18545 0.431688 2.68153 2.22154 1.60816 1.04245 1.66097 1.09808 1.01013 0.52523 0.258318 0.0700833 
2.21349 0.228026 2.15687 1.47877 2.03909 0.858315 1.68369 0.409517 0.615141 0.463978 0.298904 0.0659635 
1.97993 -0.460272 2.02689 0.980021 2.48692 0.992478 1.68293 0.236861 0.513585 0.624204 0.324063 0.0423765 
1.73039 -0.386663 1.31781 0.957412 1.72315 0.291993 1.20325 -0.43619 0.545129 0.413067 0.0140241 0.0683954 
1.60083 -0.213843 1.17644 0.604826 0.786301 -0.443413 0.533788 -0.82567 0.533751 0.423728 0.339602 0.0950978 
1.33013 -0.454742 0.830913 1.10157 1.31869 0.233712 1.5329 -0.488053 0.37011 0.111067 0.158534 0.0816767 
1.32214 -0.611061 1.28455 0.754204 1.00902 -0.776339 0.583678 -1.05196 0.628832 0.160923 0.180613 0.0249742 
1.38103 -0.674818 1.44619 0.0600687 1.34443 0.289543 0.821806 -0.584592 1.01966 0.142316 0.00132974 0.0667582 
1.86426 -0.325737 1.35596 0.0646256 0.737936 -0.50118 0.559184 -1.02073 0.91515 0.0338316 0.309214 0.102706 
1.94762 -0.395579 0.926979 0.536949 0.826621 -0.109815 1.45956 -0.795743 0.121585 0.46432 0.215652 0.0372987 
1.90577 -0.359221 1.12317 0.513031 0.83086 -0.508384 1.01976 0.187058 0.0278486 0.143078 0.306823 0.0370988 
1.7154 -0.602682 1.34568 0.446507 1.00623 0.685138 1.08382 0.106466 0.61524 0.126036 0.289086 0.0312937 
2.15243 -0.560251 1.34523 0.41935 1.30377 -0.123663 1.18717 -0.262637 0.905222 0.186747 0.209928 0.0674463 
1.67933 -0.507619 1.60501 0.575698 1.28318 0.089444 0.615111 -0.308377 0.172971 0.029652 0.0689205 0.0536462 
1.92381 -0.793686 1.20469 -0.230716 1.49443 -0.0393648 0.535166 -0.209783 0.278447 0.287829 0.351765 0.0845014 
1.77053 -0.384145 1.31966 1.00991 1.57828 -0.34517 0.685467 -0.373505 0.32335 0.0841829 0.440801 0.0202475 
1.70213 -0.791043 0.453131 0.588042 1.37925 0.646944 -0.0572934 -0.832075 0.456042 0.0558175 0.342607 0.0488005 
1.43588 -0.902265 1.23207 0.46299 0.907999 -0.10792 0.390063 -0.0752228 -0.0734414 0.0762859 0.175939 0.0223024 
2.01098 -0.373491 1.58675 0.622269 1.21807 0.280536 0.306705 -0.592363 1.12767 0.0914339 0.197419 0.0784588 
1.8397 -0.338968 1.2618 0.15694 1.65683 -0.00660969 0.320167 -0.453929 0.171221 0.488758 0.162015 -0.00232296 
