2.50455 -0.16265 1.40757 0.252072 1.72413 0.0969302 0.0901176 -0.244784 0.144203 0.509466 0.0728326 -0.00630887 
2.50883 -0.427184 2.0938 0.39739 2.3342 0.222609 0.355088 -0.549242 0.144166 0.581483 0.201398 0.0427875 
2.34435 -0.739077 1.79217 0.855627 1.55512 0.819595 0.338298 -1.15537 0.105362 0.394061 0.00900117 -0.0460758 
2.16666 -0.8938 1.5824 0.631947 1.58112 -0.721355 0.0408507 -0.77346 0.227784 0.341573 0.165258 -0.0188075 
2.32058 -0.954114 1.7576 0.458203 2.64505 0.209565 0.40436 -0.474009 0.218149 0.589115 0.0638058 -0.0374287 
2.32649 -0.462341 2.063 0.589683 2.27826 0.778059 1.34617 -0.128821 0.278376 1.06705 0.288855 -0.0529236 
2.00833 1.04312 0.936991 1.23819 1.82481 -0.368047 1.786 -0.768281 1.6787 0.849029 0.53234 -0.0117869 
0.318073 3.09728 -1.30547 1.62757 2.17012 -1.3228 2.48987 -1.65318 1.63152 0.574865 0.705245 -0.0440194 
-1.54634 3.25062 -0.223877 0.294913 3.3726 -1.07441 2.23385 -1.15209 0.923497 0.329152 0.222701 0.0727639 
-2.46956 2.37574 1.19961 -1.34228 3.21457 0.679473 2.67448 0.995269 1.82922 -0.630511 -0.159082 0.136525 
-1.81887 2.14229 -1.3665 -2.29988 0.782096 1.028 3.18051 0.897527 0.820863 -0.490483 0.508564 -0.0290545 
-1.58398 0.489693 -1.99904 -2.05551 0.150826 0.730841 3.13799 0.679217 0.183443 -0.367148 0.598224 -0.0522618 
-1.85709 0.410989 -1.55285 -0.915005 0.60132 1.02159 3.46906 0.884078 0.107852 -0.214842 0.594388 -0.0460543 
-1.44464 0.244279 -1.36236 -1.08804 0.203875 0.794171 3.01361 1.45621 0.843159 -0.576087 0.59892 0.0224337 
-1.39563 0.238626 -1.46533 -0.677053 0.0666089 0.25378 2.1762 0.463951 0.424211 -0.084237 0.717872 0.0220478 
-0.908795 -0.310139 -1.29498 -0.518968 -0.353017 -0.123599 2.04057 0.190381 0.232929 -0.179053 0.608584 -0.12329 
0.267224 0.997056 -0.457724 -0.36833 1.16678 -1.09471 0.878733 -0.523664 0.216962 -0.288246 0.306463 -0.123358 
0.633466 1.18981 0.228227 -0.933986 0.690041 -0.14236 1.65669 -0.55276 -0.534827 -0.626765 0.211828 -0.123295 
0.991172 0.842758 -0.317802 -1.18226 0.397291 -1.72355 1.60265 -0.445718 -0.917571 -0.251401 -0.219178 -0.102096 
1.72327 1.4208 0.814172 -0.899972 1.11734 -0.525612 2.20946 0.13856 -0.769083 -0.513641 0.120614 -0.0261311 
4.0303 3.929 3.47248 2.14054 2.89745 0.606829 2.38049 0.404103 -0.896884 -0.0183525 -0.025101 -0.00423105 
3.84244 3.17493 4.20998 4.13287 1.71799 1.05744 1.6343 0.111595 -0.817114 -0.0351354 0.138582 -0.0976664 
4.88317 3.51422 4.02702 4.8825 2.6448 0.706057 1.15675 0.401908 -0.656708 -0.155041 -0.0299099 -0.0690853 
3.22034 2.69349 2.4164 2.30273 1.87487 1.24517 0.848727 0.452444 -0.00820658 -0.158938 -0.0927877 -0.0353869 
3.28574 2.78191 2.68623 2.40635 1.55592 0.946344 0.782938 0.302443 -0.243914 -0.230922 -0.0888566 -0.0586453 
6.06469 2.70703 4.24132 4.74994 1.17304 1.13607 3.10447 -0.341952 -1.4761 -0.386414 0.167747 -0.140105 
3.97659 2.21888 3.38588 4.46262 1.58194 0.0487649 1.97859 0.682354 -0.750261 -0.480778 0.187415 -0.0285603 
3.68098 2.80592 3.72491 4.14786 2.24891 0.191289 1.51806 0.745527 -0.462833 -0.544135 0.166648 -0.0236381 
3.54532 3.04841 3.89219 3.78286 2.27713 0.85396 1.56937 0.871976 -0.431742 -0.424112 0.21676 -0.0374147 
3.64156 3.50756 3.63541 3.34657 1.54964 0.746469 1.40514 0.131181 -0.256714 -0.292857 0.0450995 -0.0638475 
3.41012 2.79409 3.24055 2.88084 1.9311 0.477133 1.05679 1.00178 -0.223711 -0.381064 -0.0308271 -0.0302937 
3.28835 3.20889 2.8738 3.10793 2.77748 -0.495891 1.25412 0.471297 -0.0814699 -0.246944 -0.133913 -0.00455737 
3.34653 3.00735 2.84879 2.74395 2.41514 -0.0855069 0.963709 0.595402 0.0114491 -0.228694 -0.144097 -0.0192319 
3.29185 2.95046 2.76397 2.55544 2.18191 0.812399 0.892184 0.424201 0.0732104 -0.12267 -0.132022 -0.0329482 
3.46064 3.35447 3.15744 2.64763 2.69704 0.716688 0.885247 0.343054 -0.0759888 0.0551755 -0.128628 -0.0362982 
3.78348 4.22697 3.71618 3.07333 3.68183 0.0719306 1.63797 -0.466157 -0.0366321 0.135697 -0.224489 -0.00831801 
3.55315 3.73747 3.42903 2.73437 2.795 0.792719 1.22381 -0.10443 -0.0967789 0.0814179 -0.133522 -0.0371589 
3.56798 4.16818 3.70407 2.73635 3.17103 0.123452 1.43657 -0.48674 -0.13501 0.223018 -0.254919 -0.00824393 
4.43207 6.5666 5.43899 3.82963 4.95885 -3.35816 1.75301 0.305761 -0.225685 -0.388983 -0.540491 0.196771 
4.23503 6.21601 5.26976 3.44645 5.39671 -3.76393 1.93553 0.827519 -0.259637 -0.469748 -0.543833 0.208948 
3.69768 5.3359 4.71758 3.22407 4.32453 -1.81494 2.0126 -0.420016 -0.030358 -0.381955 -0.342258 0.0640845 
3.62449 3.42977 3.15201 3.51237 3.51063 -1.63994 1.23609 0.502664 0.198899 -0.419818 -0.141816 0.0818251 
3.6653 2.99518 2.5713 3.2626 3.00591 -1.70018 0.686705 0.155008 0.429185 -0.775739 0.0536406 0.0832644 
4.16993 2.79589 2.40754 3.32904 2.84173 -1.21386 -0.122589 0.676355 0.370267 -0.828149 0.14256 0.120931 
3.76214 3.22424 2.72911 2.82723 2.53189 -1.73508 1.04556 0.520008 0.156675 -0.355006 0.290564 0.150383 
3.89031 3.63447 2.72049 1.63921 1.02528 0.496675 0.960513 0.592972 0.652053 0.404239 0.312682 0.0807373 
4.0327 3.48185 2.78427 1.72341 0.821823 0.524779 0.450499 0.259899 0.496414 0.630265 0.591482 0.171952 
5.56707 3.2238 0.319877 -1.0179 -1.55456 1.2298 2.04535 2.53822 1.2888 0.627301 0.106024 -0.0293844 
4.7039 2.46049 0.113134 -1.02171 -0.712576 1.32841 1.58526 1.68725 1.20783 0.147789 -0.0396153 -0.0553016 
4.14942 1.32906 -1.5951 -2.54369 -1.74209 0.0390394 0.984601 0.80588 0.635309 0.109475 -0.236682 -0.0354737 
5.06842 0.995178 -1.62359 -3.03944 -1.69171 -0.0579059 1.28009 0.639993 -0.321078 -0.227535 -0.391483 -0.0965869 
4.22376 1.51471 -0.662864 -1.76368 -0.828364 0.533295 1.45556 0.64159 0.07188 -0.15272 -0.324598 0.00145573 
3.40863 1.30015 0.597562 -0.518643 -0.386186 -0.00892355 0.77859 0.000501141 -0.526471 0.0688429 -0.134665 0.0765969 
2.92725 0.636455 1.7624 0.500305 0.620591 -0.413398 -0.557109 -0.590792 -0.717765 0.28646 0.395427 0.10301 
2.66694 0.53372 1.47557 1.15088 1.24439 0.62887 0.694192 -0.426494 0.302294 0.170467 0.345186 0.0494217 
2.44913 0.0485526 1.58189 1.11067 2.10411 0.566313 0.242341 0.146213 0.385259 0.183698 0.296292 0.00100274 
1.98056 -0.574037 1.39533 0.861859 1.38432 -0.0133136 0.473318 -0.438743 0.42963 0.561074 0.141261 0.00650533 
1.95341 -0.226671 2.11026 0.875799 0.910634 0.0671313 0.639065 0.0923335 0.270149 0.0927427 -0.0733177 0.0896896 
1.82376 0.0500798 1.84042 1.58609 1.97686 -0.173146 0.735358 -0.539763 0.375898 0.37189 0.0951541 -0.00181005 
2.19747 -0.327695 1.30141 0.537511 1.0302 0.146675 0.439644 0.00171411 0.798761 0.110654 0.34543 0.0334091 
1.76352 -0.281224 0.947411 0.670072 1.57062 0.0791518 0.702243 -0.854359 0.471907 0.0591433 0.0335718 0.0407358 
1.85006 -0.680772 1.72975 0.418606 1.97005 -0.384694 1.53778 0.267688 0.00766555 0.501987 0.286521 0.0183567 
1.46303 -0.551278 1.55761 -0.152557 1.52452 0.133307 2.15341 -0.420884 0.654248 0.0775126 0.00285218 0.130853 
1.60601 -0.196509 1.62319 0.120897 1.57961 -0.450647 2.40992 -0.634229 0.841042 0.213002 -0.33213 0.149044 
1.9776 -0.424353 1.31678 0.365689 2.02493 -0.8805 1.38283 -0.2354 0.366128 0.340384 4.91664e-005 0.0853598 
1.80655 -0.101802 1.18023 0.30335 2.29502 -1.28586 1.71313 -0.58382 0.44237 0.24168 0.0798091 0.166067 
1.70336 0.113275 1.16302 0.530886 1.27655 -0.491076 1.16143 -0.735679 1.09608 0.377063 -0.0640452 0.00225945 
1.81007 -0.1665 1.4653 0.362136 1.61997 -0.252501 1.41673 -0.259695 0.667859 0.139269 0.135875 0.0663056 
1.66001 0.524571 1.49976 0.217061 1.75046 -0.87013 1.29809 -0.447854 1.28028 0.451533 0.0956892 0.039058 
1.38975 -0.153871 1.44759 0.303945 0.804795 -0.54106 1.24348 -0.556657 0.776495 0.0295894 0.0557029 0.109572 
2.29479 0.170916 1.30184 0.743469 1.32936 -0.8169 1.21164 -0.722682 0.340852 0.197615 0.0561126 0.124744 
1.79167 -0.185166 1.46767 0.660622 0.963556 -0.212274 0.894871 -0.187978 0.965121 0.0323664 0.110222 0.0851784 
1.93921 0.132811 1.63959 1.06621 1.6437 -0.246835 0.669119 -0.0470285 0.115285 0.267171 0.0714154 -0.0165076 
2.03704 0.404059 1.67831 0.84993 1.27186 -0.226652 0.176983 -0.740003 -0.199751 -0.168556 -0.102047 -0.0671558 
2.40906 0.451102 1.66951 0.811935 1.25391 -0.116698 0.535883 -0.497261 -0.0360897 -0.0255791 -0.0418455 -0.0190847 
2.22541 0.511324 1.27978 1.00187 1.43141 0.0192476 0.506118 -0.274887 -0.116854 -0.150811 -0.189888 0.0104047 
2.36519 0.373032 2.09702 0.795306 0.977301 -0.486007 0.574644 -0.709511 -0.532279 -0.416114 -0.23385 -0.0328159 
2.34157 0.536485 1.90388 0.664892 1.1337 0.3916 1.02058 -0.300346 0.443814 0.282171 0.0303558 0.013229 
2.23978 0.371505 1.91916 1.83191 2.30084 0.680244 0.674652 -0.335983 0.597082 0.367418 0.180867 0.0074029 
2.5548 0.0245468 1.59076 0.924285 1.6245 0.565134 1.18288 0.273489 0.549156 -0.0071806 0.140028 0.0591449 
2.13459 -0.104444 1.1946 0.337869 1.82343 0.860932 1.10715 -0.0295479 0.173609 0.153641 0.1828 0.0255597 
2.23959 0.631275 1.4851 0.873613 1.95046 1.4431 0.95788 0.175236 1.13013 0.332026 0.372412 0.0310893 
2.34346 0.0471098 1.9384 1.29507 2.31379 1.23598 0.72114 0.355893 0.403189 0.237371 0.248289 0.0438267 
2.04949 0.337218 1.46823 0.58879 1.34617 -0.175541 0.795914 0.120248 0.149655 0.260213 0.163388 0.0166411 
2.04587 0.159225 1.34332 1.05446 2.52215 0.0140304 0.498081 -0.426806 0.255131 0.292128 0.155809 0.0140074 
