2.66216 -0.796163 1.89942 1.06515 2.8032 -0.610173 1.16464 -0.00475005 0.683758 1.14093 0.387857 0.00298532 
2.45345 -0.13385 1.93235 1.94193 2.71595 0.479395 0.43258 -0.640575 0.659173 0.826971 0.120065 -0.061643 
2.77516 -0.85686 1.9513 1.05703 2.37807 -0.381073 0.715145 0.06086 0.624491 1.08404 0.337282 -0.026214 
2.37117 0.0565147 1.50876 1.39323 2.04777 0.733446 -0.0264854 0.0620359 0.680181 0.843665 0.35235 -0.0659001 
-0.643595 0.425248 0.0494519 3.74268 -0.951376 1.55238 -1.11722 0.684899 0.052453 0.0273813 0.42242 -0.0533178 
1.66681 -2.28542 -1.038 6.58645 -1.54935 -0.830943 2.53251 3.93632 -0.234137 -1.34115 -0.112382 0.0603586 
2.44317 -0.76417 0.366505 3.27969 0.228469 -0.168026 0.632182 2.50746 0.245807 -0.365793 -0.364518 0.0701189 
3.45263 0.166257 0.358681 1.41494 0.986221 -0.00433224 1.40618 1.71989 0.966458 0.448399 0.228979 -0.000286853 
3.17976 -0.0950317 0.998513 0.0699959 2.00687 -0.241163 0.968037 -0.0712801 0.774137 1.03207 0.13484 -0.0474999 
2.93148 -0.456229 2.19014 0.541628 1.91484 0.849247 0.863777 -0.713605 0.549907 1.44632 0.140229 -0.0456382 
2.54721 -0.35028 1.80232 0.733987 2.43415 0.358094 0.774023 -0.92216 0.972869 0.740809 0.169495 -0.015633 
2.84877 -0.117891 2.23375 0.987846 2.51648 0.43778 0.56704 -0.824528 1.17953 1.21043 0.252779 -0.0161759 
2.53922 -0.495967 2.08622 1.37046 2.18025 -0.13803 0.513022 -0.762666 0.603839 0.967504 0.270762 -0.0274189 
2.62109 0.245549 2.15681 1.07582 2.33572 0.797482 0.914845 0.123961 0.855461 1.23464 0.347058 -0.0430485 
2.50018 0.46339 2.19121 1.64187 2.56204 0.682326 0.600583 0.400419 0.736442 1.38277 0.573007 -0.0507136 
2.65023 -0.170021 2.56325 1.44136 2.50267 0.829728 0.906709 -0.367137 0.808017 1.17155 0.333625 -0.0107914 
2.64383 -0.510889 1.31907 0.899027 2.54978 0.128884 0.661953 -0.544677 0.66122 0.934201 0.150847 -0.00279168 
2.69279 -0.873514 1.7687 1.30831 1.92021 -0.254382 0.108624 -0.672453 0.564578 0.700924 0.288336 -0.0326045 
2.28865 -0.198596 2.13849 0.531744 2.77555 -0.593081 0.424267 -0.512671 0.907479 1.07756 0.248692 -0.0172938 
2.62439 -0.483144 2.0748 0.568828 2.4822 -0.391742 0.626971 -0.0185739 0.652358 0.856277 0.268109 7.94103e-006 
2.65721 -0.311566 2.16178 1.15466 2.16424 0.151678 -0.0433195 -1.6559 0.533543 0.545676 0.0481714 -0.0183353 
2.32991 -0.461443 1.76089 0.517922 2.81301 0.390589 0.822007 0.216107 1.05119 0.837311 0.280596 -0.00456088 
2.59121 -0.429826 1.74844 0.876914 2.73684 0.721896 0.842184 -0.25764 0.602045 0.856123 0.146426 -0.01932 
2.57782 -0.296365 1.75765 0.804425 2.24097 -0.00778072 0.456528 -0.13606 0.115576 0.758327 0.208332 0.00708442 
2.67457 -0.527156 2.06456 0.928103 1.89745 0.152705 0.165286 -0.464828 0.692576 1.13349 0.206184 -0.0611053 
2.73746 -0.69887 2.13281 0.823208 2.92676 0.0497265 0.207416 -0.324201 0.194817 0.910147 0.211703 -0.0428005 
2.49891 -0.153605 1.77573 1.09847 2.61561 -0.329344 0.327848 -0.214885 0.802518 0.87738 0.33898 -0.0650947 
2.39333 -0.144399 2.02786 1.66493 2.65233 -0.246355 0.495932 -0.166626 0.913802 0.519991 0.511851 -0.000829348 
2.56895 -0.842421 1.62483 1.1985 2.45319 -0.309273 0.515822 -0.594564 -0.202 0.72813 0.307738 -0.0409348 
2.35639 -0.290794 2.03852 1.70732 3.30389 0.344692 0.578896 -0.40341 1.08044 0.779252 0.0186253 0.0149013 
2.62183 -0.189545 2.63761 1.02855 2.84294 0.605811 0.232931 -0.372644 0.938618 1.02461 0.404506 0.0112937 
2.15351 -0.437836 1.74183 0.945671 2.84323 -0.181222 0.0288166 -0.952664 0.40637 0.74735 0.166103 -0.00103029 
2.45802 -0.561203 1.9574 1.60494 2.78972 -0.314367 0.811683 -0.721185 0.657387 0.832463 0.216556 -0.0141318 
2.20691 -0.528265 1.95767 0.99354 2.93516 -0.96131 0.836729 0.278376 0.653765 0.751418 0.51762 0.0164841 
0.947548 1.71626 -1.04705 2.42331 0.461518 3.17638 -0.172862 -0.436999 1.33893 0.398138 0.161166 -0.0406316 
-0.474569 3.47783 -0.672097 -2.43972 -0.86568 -0.57294 0.0521685 1.38604 1.97861 -0.501665 0.575925 -0.154714 
-0.661522 1.48101 -0.253447 -3.19943 -2.33586 -1.10521 1.27767 0.971459 1.29066 -0.682161 0.0819629 0.0690277 
-0.316288 1.32438 0.189953 -0.908823 -0.2859 -0.725501 0.957761 0.498596 1.26396 -1.03827 -0.118873 0.142169 
-0.35863 -0.0933032 -1.1245 -1.84951 -0.270372 -1.17863 1.09525 -0.253064 0.986389 -0.624932 -0.0917754 0.167248 
-1.54689 -0.77055 -0.980544 -1.94324 -1.65859 -1.43753 0.031198 1.11854 0.561876 -0.781754 0.1492 0.0912003 
-1.21417 0.0657636 -0.749283 -1.02075 -1.7261 -1.56468 0.207956 0.720766 1.12618 -1.12491 0.0741238 0.0645489 
-1.27347 0.802327 -0.366718 -1.46303 -0.349282 -1.63825 0.26 0.447403 0.939089 -1.0925 -0.0765138 -0.0363244 
-1.29149 0.17376 -0.976918 -2.26165 -0.379769 -1.2757 -0.342918 0.228484 0.947984 -1.42338 0.173822 -0.0436151 
-1.13288 -0.353061 0.00501294 -2.29824 -0.472268 -1.73656 0.187566 0.501278 0.597891 -1.01725 0.30565 0.00274286 
-0.674241 0.116419 0.610669 -1.27017 -0.148843 -0.989702 0.160884 -0.39444 0.370194 -1.36302 0.405802 -0.0544339 
0.584977 1.25696 1.59808 -0.329976 0.855598 -0.671283 0.812987 1.15128 0.324154 -0.657547 0.155533 -0.110649 
2.70943 2.25371 2.69596 1.61625 1.20773 0.965121 1.11765 0.870356 0.231866 -0.155377 0.11659 -0.0126021 
3.15433 2.63433 2.67294 2.54588 1.70739 0.908524 1.06918 0.981699 0.0159309 -0.329659 0.0317814 -0.0108459 
3.79692 2.57411 2.98088 3.7029 1.95082 0.707628 1.56575 1.53145 0.0430994 -0.809834 0.0788855 0.0287194 
3.31673 2.3549 2.34007 2.75988 1.85808 0.515334 0.59783 0.794573 0.050484 -0.303857 -0.0499135 -0.0118336 
3.37666 2.35211 2.3121 2.84556 1.97317 0.471506 0.60576 0.920759 0.00553638 -0.534189 -0.0745942 -0.0110798 
3.83584 2.79925 3.07059 3.51652 2.02689 0.611023 0.971672 0.959326 -0.274025 -0.690514 0.0134518 -0.0231454 
4.16326 2.833 3.01887 3.76657 2.35025 0.602751 0.921889 1.07127 -0.267648 -0.856389 0.0161075 -0.00240264 
3.5253 2.49303 2.72043 3.04284 1.72781 0.534685 0.87655 0.881355 -0.239264 -0.687429 -0.093205 -0.034803 
3.21346 2.76172 2.56419 2.26363 1.59868 0.933186 0.621451 0.358586 -0.0465635 -0.280218 -0.206638 -0.0588081 
3.4604 2.93699 2.74274 2.6941 2.11684 1.1834 0.754402 0.580723 0.0737519 -0.294918 -0.158546 -0.0550222 
4.14508 3.29212 3.17427 3.61042 2.60679 0.833471 0.596698 0.861063 -0.0724036 -0.74533 -0.00436703 -0.0344226 
4.26746 3.27169 3.16128 3.87917 2.94008 0.841445 0.382831 0.843396 0.136862 -0.602408 -0.0572106 -0.0329474 
3.35331 2.70352 2.73139 2.80789 1.92435 0.947056 0.484482 0.262438 -0.0859025 -0.324043 -0.155947 -0.0621946 
3.09955 2.43131 2.61835 2.7667 1.83719 0.785542 0.639883 0.748566 0.143862 -0.409031 -0.181936 -0.0314584 
3.65059 2.61633 2.87996 3.70324 2.50476 0.0886197 0.180858 1.12373 0.321174 -0.726819 -0.184932 -0.0123717 
3.84784 2.70282 3.03284 3.84149 2.78808 0.127091 0.0894002 1.27756 0.398191 -0.861974 -0.115367 0.00530873 
4.1797 2.80677 2.98534 3.88763 3.53147 -0.511993 0.0934836 1.22491 0.262687 -0.912558 -0.204818 0.0161219 
4.26827 2.93938 2.79931 3.40789 4.4568 -1.23451 0.674166 1.02013 0.0722703 -0.639156 -0.363001 0.0477524 
4.24323 2.88512 2.72459 4.48862 3.83502 -1.19989 0.0308784 0.604129 0.221416 -0.679021 -0.306487 0.0163758 
3.92147 2.59644 2.38939 3.5034 3.80091 -1.08519 0.888377 0.762211 0.427984 -0.401315 -0.359071 0.0332003 
3.43834 2.6087 2.56754 3.07852 2.31751 -0.308479 0.31548 0.553276 0.297099 -0.588513 -0.178475 -0.023074 
3.46893 2.90555 2.50621 2.55997 2.02293 0.354989 0.233605 -0.073993 0.0666534 -0.447672 -0.0775737 -0.0532624 
3.88878 3.399 2.69438 2.76285 2.02772 -0.140493 0.539919 0.180313 0.358666 -0.419872 0.00119948 -0.0148469 
4.36787 3.7362 2.08826 2.31353 1.38978 0.129271 0.749281 0.463752 0.547787 -0.674328 0.17062 0.00265164 
5.42238 4.70918 2.2653 1.27279 0.368975 -0.207272 1.36242 0.744489 1.23578 -0.134694 0.260459 0.0195881 
4.06933 1.59594 0.9226 0.746477 -1.16605 0.839982 1.88894 1.47464 1.83013 -1.16583 -0.000993887 0.0162017 
3.20356 0.785853 0.454439 -0.46102 -1.40296 -0.333127 2.11372 1.69252 1.75547 -0.47042 0.000634673 -0.0363212 
2.83363 1.34227 -0.316729 -0.425764 -0.389557 -0.15734 1.77564 2.27952 1.62732 -0.839124 0.297902 -0.0141208 
5.11557 1.92971 -1.80192 -1.70156 -1.66034 0.476291 1.771 2.49671 1.09539 0.182805 -0.0835518 -0.018911 
3.72535 2.2151 0.923761 0.258824 1.12008 2.28203 2.58877 2.17038 1.19862 0.533615 0.230678 0.0427668 
3.11951 2.58044 2.06169 1.79345 1.80681 2.03596 2.2269 1.91022 1.11027 0.373398 0.137903 0.0847286 
3.36957 2.65895 2.07147 1.77358 1.9107 2.07103 1.92368 1.3196 0.664443 0.303782 0.348822 0.100833 
4.69523 3.01911 2.57824 2.41622 3.36346 3.02222 1.71894 1.19418 1.02293 0.875837 0.315405 0.1026 
3.50422 2.42596 2.26825 2.68189 2.9258 2.08684 0.723922 0.6652 1.22555 1.19971 0.364946 0.0958926 
3.21288 2.3145 2.27212 2.61074 2.77565 1.77007 1.03867 0.861277 0.987378 1.15841 0.429646 0.106503 
2.70804 1.71436 1.79286 2.04285 2.40943 1.75762 0.886724 0.393872 0.930446 1.18531 0.402817 0.0483 
2.71308 1.40639 1.40797 1.67164 2.11907 1.14039 0.525125 0.23343 0.536079 0.847273 0.408554 0.034302 
2.5292 0.210316 1.57796 2.15978 3.36819 0.974832 1.24288 -0.243169 0.741732 1.37218 0.339901 -0.02128 
1.92544 -0.29259 1.97414 1.25568 2.88172 0.0101515 -0.00427496 -1.14442 0.321883 0.876538 0.177745 -0.0436424 
