2.21746 -0.304964 1.88356 0.203994 1.63058 0.17494 0.19764 -0.52192 0.383956 0.388727 0.0669246 -0.00657358 
2.73667 -0.090741 1.3855 0.0521185 0.944859 0.25656 0.719379 -0.451451 1.22296 0.191243 0.2566 -0.00589843 
2.37771 -0.116704 1.73341 0.65495 1.67924 -0.329988 0.387308 -0.723149 0.70522 0.269164 0.268035 0.00728428 
2.57589 -0.548397 1.76429 0.378427 1.59206 0.259933 0.185627 -0.930351 0.314306 0.265444 -0.0528158 -0.0473639 
2.26594 -0.393055 1.39018 -0.17674 1.5588 0.471354 0.810789 -0.182084 1.38763 -0.101324 -0.127136 0.033316 
2.69728 -0.287939 1.47723 -0.809295 0.651992 -0.548706 0.221683 0.715526 1.97271 -0.162658 0.051869 0.101735 
2.65648 0.606354 -0.00218723 -1.25355 -1.52018 -0.59134 0.752989 0.31373 2.2954 0.0994321 0.0975036 0.0490977 
2.45726 -0.239128 0.0287057 -0.0224212 -2.37793 -1.40114 1.98881 -0.467492 2.26423 0.524414 0.0207605 -0.0437604 
1.81101 0.765962 -1.08543 -0.64945 -3.34519 -1.65386 1.96181 -0.118356 2.73545 0.120647 0.120892 -0.117637 
1.83248 1.08701 -0.354454 -0.643778 -2.37257 -0.420384 2.35709 -0.661744 2.77414 0.575968 0.25264 -0.011989 
1.63734 0.765803 -0.299061 -0.14742 -0.1899 0.123281 2.01762 -0.379825 2.37267 0.102798 0.425651 -0.228393 
2.03048 0.972642 0.0448476 1.52999 0.0980242 -0.581028 1.63039 0.355874 2.28301 0.119989 0.426326 -0.10722 
2.21987 0.472948 0.834426 0.772802 1.17611 0.0602483 1.82068 0.141024 1.21849 -0.0906047 0.824139 -0.0094894 
2.14856 -0.00927859 1.80406 0.547899 1.30144 -0.257499 0.765093 0.121413 0.0637394 0.263853 0.229524 -0.023681 
2.25993 -0.316803 2.18415 0.0383401 1.83338 0.208255 0.112917 -0.842592 0.344051 0.241377 0.277072 0.0406419 
2.61786 -0.485063 1.74 0.768207 1.38471 0.500862 0.631985 -0.801256 0.293113 0.441964 0.247021 0.0875781 
2.27944 -0.201417 1.75966 1.0694 1.99145 0.408829 0.863732 -0.0771821 0.166696 0.302871 0.294111 -0.0212727 
2.38205 -0.27797 1.70579 0.645719 2.03697 0.184184 0.728707 -0.330821 1.187 0.440798 0.255404 0.0516696 
0.522728 2.28092 -1.12915 2.71676 0.871123 0.0906758 1.24127 -0.78992 1.17323 -0.17002 0.402024 -0.178379 
-2.26257 2.60709 -0.613185 -0.25265 -0.477593 -1.73636 0.331501 -0.625655 1.1445 -0.117175 -0.113028 -0.03884 
-2.66912 1.72211 -1.05772 -2.19351 -2.17248 -0.812725 1.26516 -0.173827 1.69774 -0.565064 -0.231725 -0.132727 
-2.91584 1.88092 -1.90763 -2.69574 -0.89976 1.01121 2.1227 -0.414014 0.772331 -0.629211 -0.241415 -0.0552061 
-1.8151 1.16559 -1.2595 -1.07038 -0.498843 0.539196 1.29728 -0.346996 1.39801 -0.513469 -0.213616 -0.0704888 
-1.60645 0.268484 -1.41755 -1.51491 -0.750598 -1.6131 0.533717 -0.363386 0.958224 -0.287912 -0.291545 0.00415361 
-0.859969 0.688719 -0.758937 -0.828612 -0.372081 0.638691 0.607093 -0.529182 1.26862 -0.787801 -0.00295965 -0.0106625 
-0.326203 1.32083 -0.228357 -0.416095 -0.769141 -0.905467 0.113456 -0.0679857 1.19273 -0.752518 -0.0111754 -0.0441369 
-0.362775 1.15586 0.127949 -0.14843 -0.326654 -1.02401 0.277361 0.0033642 1.27137 -0.752295 0.0676048 0.013676 
0.3501 0.808715 0.0195304 -0.755429 -0.18645 -0.379073 0.109354 -0.386934 0.931117 -0.962412 0.00758777 0.0673383 
1.05375 1.4166 0.412139 -0.594583 0.0708716 -0.172333 0.783717 -0.468211 0.986667 -0.532534 0.0955644 0.0774267 
2.68885 3.1217 3.56562 1.91921 2.44548 -0.0245695 1.85244 0.631804 1.80516 -0.937159 0.00276498 0.070475 
3.27459 2.81475 3.26731 3.04011 1.93948 0.283165 0.715256 0.782618 0.529805 -0.388446 -0.0377799 0.00849011 
3.64568 2.8194 3.00058 3.31962 2.45893 0.768858 0.68717 0.930456 0.510491 -0.389243 -0.0306415 0.00126419 
4.20679 3.12481 2.95374 4.18977 3.41603 0.351086 0.37761 0.936424 0.667064 -0.721716 -0.0607028 0.00225672 
4.56135 3.14046 3.23123 4.76705 3.81196 0.337715 0.0203712 0.761715 0.588172 -0.841927 -0.156102 -0.0165939 
4.7514 3.61351 3.23266 4.24998 4.01386 0.598675 0.339813 0.531236 0.404315 -0.961944 -0.113381 -0.0421889 
5.01418 3.30059 2.94961 4.0562 3.36668 0.00531425 0.145628 0.495973 0.585923 -0.937221 -0.235563 -0.0140252 
3.95447 3.35051 3.08767 3.28631 2.38164 0.705275 0.283366 0.43322 0.27164 -0.365186 -0.135031 -0.0547436 
3.82546 3.30278 3.4351 3.69906 2.61044 0.745866 0.326191 0.649298 0.303188 -0.355649 -0.13364 -0.0482629 
6.66686 3.12504 3.69007 6.27747 4.40578 -0.364385 0.0343765 1.35438 0.611726 -0.699698 -0.508513 0.00241117 
5.33223 3.67098 4.1145 5.39508 3.76089 0.548045 0.0713817 1.25383 0.599124 -0.876129 -0.302245 -0.0115722 
3.06352 2.60074 2.49473 2.33492 1.81564 1.16759 0.800282 0.594824 0.242246 -0.0814542 -0.148469 -0.021665 
3.02032 2.51994 2.20549 1.94121 1.60053 1.08989 0.579608 0.294944 0.138813 -0.0320405 -0.115614 -0.0237569 
3.26205 2.73309 2.57233 2.51164 1.92124 0.992264 0.544854 0.515797 0.246398 -0.141332 -0.169221 -0.0330645 
3.72707 3.16469 3.04603 3.09118 2.27385 0.908083 0.366462 0.63371 0.371841 -0.143983 -0.0962596 -0.0273769 
3.4477 2.83325 2.87778 2.99733 2.04316 0.768933 0.583209 0.838628 0.389634 -0.185203 -0.106281 -0.010182 
3.50899 2.87846 3.01579 3.33328 2.2999 0.607579 0.291586 0.871976 0.570622 -0.201487 -0.157041 -0.0117881 
4.566 3.91412 3.98147 4.79071 3.63166 -1.13545 -0.246935 0.851828 0.456013 -0.670792 -0.414853 0.0059819 
3.94674 3.41671 3.56541 3.78973 2.37063 -0.141423 -0.266794 0.368742 0.209108 -0.479449 -0.24844 -0.0523089 
4.07085 3.21352 3.01523 3.57874 2.65089 -1.11794 -0.667533 0.252897 0.375583 -0.802422 -0.361063 -0.0522961 
4.58024 3.16266 2.39875 3.54156 3.39911 -1.41459 -0.557785 -0.214163 0.510707 -1.09256 -0.27799 -0.0029825 
4.80741 3.11519 2.6609 3.95359 3.50088 -0.99795 -0.0119796 0.0882112 1.07904 -1.15871 -0.238078 0.0402749 
3.39421 2.56559 3.0505 2.70414 2.03064 0.338269 0.0263662 0.678506 0.641865 -0.150708 -0.234865 -0.00231581 
3.28863 2.80836 2.05901 2.25898 1.46846 0.675543 0.8127 -0.0571386 0.619825 0.198513 0.0141922 0.0179525 
3.25337 2.79187 2.22626 1.63729 1.00317 0.907019 0.717892 0.947423 0.78098 0.549267 0.264382 0.0765643 
4.50103 4.23161 0.752252 -0.198114 -1.68498 -0.711134 2.05554 2.12141 2.01489 0.103961 0.51623 -0.0901372 
4.5458 3.25416 1.25986 0.611733 0.0848345 -0.434933 1.36196 1.78141 1.27831 -0.343813 0.128288 -0.00793727 
3.81884 2.58324 1.11147 0.0361051 0.0630417 0.996469 2.05532 1.97341 1.18281 0.253241 -0.0230432 -0.0412036 
4.03975 2.9324 1.43612 0.36388 0.600404 1.55853 2.25103 2.17017 1.35476 0.374771 0.100437 -0.00472894 
3.07617 2.36489 1.73919 1.20347 1.31566 1.86391 2.12017 1.90204 1.2888 0.624245 0.121359 0.0563646 
2.84644 2.32944 2.08513 1.7635 1.63829 1.5398 1.33465 1.16058 0.943535 0.588258 0.330494 0.0850711 
2.67608 2.17891 1.95567 1.78321 1.5479 1.39435 1.26072 0.91472 0.722156 0.562804 0.335274 0.071331 
3.13379 1.61359 3.23594 2.32448 2.39988 1.68107 0.364152 -0.252343 -0.399923 0.0437009 0.46242 0.0138001 
2.50952 0.189125 2.94219 1.54971 2.37872 1.50137 1.74685 0.23758 0.10745 0.584359 0.516755 0.0374256 
2.12008 -0.0298778 2.15224 1.17327 2.21137 1.0113 1.75822 0.474436 0.690252 0.404415 0.512643 0.0566534 
2.11679 -0.0766419 1.70663 1.38466 2.17621 0.201082 1.04121 0.101452 0.304358 0.402302 0.483716 0.0507315 
2.04372 -0.0842896 2.39783 0.739952 2.45686 0.0708785 1.18489 -0.33342 0.346581 0.593554 0.32815 0.0793454 
1.77904 -0.0450109 1.76619 0.962575 2.07564 1.32619 1.65013 -0.476568 0.274226 0.654945 0.220524 0.0595295 
1.93886 -0.516816 1.8028 0.475543 1.80258 0.850715 1.44685 -0.465635 0.517508 0.701902 0.196724 0.0419151 
1.62615 -0.622474 1.55744 0.903928 2.19453 -0.0405521 1.48111 -0.215973 -0.201024 0.587282 -0.022021 0.0676849 
1.9846 -0.531838 1.96914 0.281494 2.73925 0.0492109 1.33394 0.0669068 0.0176808 1.05649 0.176761 0.00720058 
1.69247 -0.0660625 1.92863 0.951622 1.79223 -0.0767875 1.41331 0.0839263 1.00027 0.843022 -0.0137076 0.0104135 
1.64865 -0.345563 1.71513 0.46172 1.83343 -0.0352847 2.11996 -0.609488 0.169222 0.662312 0.15181 0.0787212 
1.6806 -0.176135 1.74021 0.136798 1.50452 -0.0192313 1.51695 -0.588951 0.322777 0.336315 -0.0501134 0.0377428 
1.78456 -0.0434783 1.28069 -0.220754 2.45001 -0.585526 1.50797 -0.236781 0.457829 0.595601 -0.015241 0.136291 
1.70588 -0.203128 1.34777 -0.159123 2.14444 -0.419198 0.967365 -0.101152 0.406801 0.884903 -0.0945186 0.0357656 
1.82135 -0.0587418 1.48612 0.269903 1.08606 0.110361 0.220864 -0.191934 0.356128 0.466177 0.0654167 0.0201628 
1.89547 -0.332565 0.980764 1.24236 1.20209 -0.142536 1.03668 -0.425129 0.332207 0.206345 0.311048 0.0843572 
2.06143 -0.57376 1.32357 0.19085 0.924187 -0.375129 1.33677 -0.928006 0.528058 0.22467 0.150836 0.137202 
1.61082 -0.0505639 1.42959 0.271543 1.76839 -0.529519 1.86259 -0.25614 0.249951 0.405077 0.0793634 0.084884 
1.72516 0.126532 1.28795 -0.452 2.2146 -1.02755 1.21133 -0.2221 0.128108 0.835673 0.0281624 0.0382895 
2.07889 -0.125342 1.13093 0.235433 1.42347 -0.0122346 1.18365 -0.08212 0.372038 0.589668 0.143292 0.0211346 
1.78473 0.33492 1.62292 0.789704 1.87289 -0.0215847 0.697703 -0.420671 0.0457374 0.389519 0.116655 -0.123447 
1.88497 -0.133498 0.98146 0.251692 0.772076 0.320836 0.366586 -0.279311 0.577309 0.521016 -0.0796578 0.000606992 
1.83355 -0.261358 1.17375 0.554467 0.516307 0.385257 1.3808 -0.600908 0.302535 0.255364 0.089651 0.0551004 
1.82459 -0.0641538 1.2128 0.517954 1.35732 -0.107205 0.941557 0.627282 0.885918 -0.100763 -0.110093 -0.0286036 
