2.15969 -0.709811 1.72986 0.719833 1.49716 0.743446 1.48892 -0.798975 0.421158 0.341656 0.265923 0.0355118 
2.12711 -0.277758 2.06496 0.153578 1.28074 -0.463806 1.02663 -0.682573 0.064665 0.266174 0.269463 0.0611032 
2.09494 -0.576901 1.8889 1.45033 0.859574 0.238822 1.22507 -1.19845 0.363276 0.349801 0.194517 0.0352995 
2.34008 -0.870289 1.68808 0.854855 1.32138 -0.874225 2.05661 0.08888 0.115189 0.118198 0.210687 0.0635934 
6.05218 -1.54133 0.133962 3.02985 -1.79987 -2.86696 4.12432 1.93693 -0.182945 -0.737448 0.343709 0.0206281 
2.79753 -1.31308 2.51983 3.82576 -1.45404 -2.36479 2.81125 2.02356 -1.17119 -0.534933 0.124012 -0.0552001 
3.10963 -2.34487 1.08911 2.20049 -1.5452 -2.45778 2.68935 1.42976 -0.477869 -0.712913 -0.018295 -0.0654363 
2.61554 -1.34633 2.00813 1.40476 0.179409 -1.36587 2.19629 0.903858 -0.152469 0.114126 0.393357 -0.0363518 
2.4483 -0.71258 2.0692 0.511817 1.39934 -2.25864 1.29717 1.01398 -0.346003 -0.594353 -0.000916216 0.0575349 
2.26451 -1.02162 1.76433 1.11435 0.833688 -0.760123 0.785973 -0.75209 0.0732915 -0.0536075 0.287707 0.022138 
2.46553 -1.035 1.76324 1.17369 0.757217 -0.105032 0.983863 -0.087719 0.63913 -0.22852 0.35422 0.111863 
2.36231 -0.665163 1.49581 0.959364 0.776043 -1.55912 0.326711 -0.272775 -0.0576611 0.082944 0.341101 0.0638083 
2.68726 0.399712 1.9374 0.500566 1.39045 0.559599 0.629682 -0.406122 0.561944 0.358286 0.313395 0.0927016 
2.40632 0.432496 2.29441 1.11376 2.25358 1.23342 1.38336 0.397766 1.40094 0.694844 0.339088 0.0667516 
2.45492 -0.276176 1.59945 0.664825 0.938472 0.483178 0.640824 -0.176254 1.022 0.456299 0.115835 0.0465176 
2.31492 0.013907 1.11879 0.577066 0.959494 -0.143286 0.304674 -0.313908 0.181579 0.5563 0.0627196 -0.0470594 
2.34293 -0.0690148 1.14073 0.489355 2.12342 -0.0105782 1.32525 -0.0446472 0.209087 0.706852 0.338799 0.0538269 
2.4269 -0.250817 2.06254 0.692058 2.08403 0.288313 0.906887 -0.531073 0.112067 0.295323 0.417954 0.102433 
2.24463 -0.733406 1.36504 0.65463 2.28352 0.0758504 1.7405 0.173132 0.131268 0.444057 0.586733 0.0618213 
2.2232 -0.280165 2.131 0.856715 1.49437 0.272315 0.166219 -0.398455 0.0903581 0.157329 0.399391 0.0348151 
2.35681 -0.308917 1.42373 0.256728 1.12864 -0.270837 0.988974 0.0142236 0.431755 0.656986 0.156598 -0.0290966 
1.4309 0.0140631 2.01204 0.230222 1.70171 0.614078 -0.313371 -0.218267 0.172558 0.454754 0.569916 -0.135097 
2.31889 -0.373329 1.98817 -0.167432 2.09906 -0.0454592 -0.265248 -0.0449581 -0.251162 0.335813 0.229774 -0.0625514 
2.31709 -0.529296 1.86509 0.561219 1.81824 -0.0976949 0.494154 0.0266454 0.709667 0.0490083 0.179458 0.0784621 
2.24271 -0.214261 1.52919 0.345187 1.15105 0.0564003 0.515306 -0.705555 0.688227 0.66232 0.306812 0.0451917 
2.22503 0.0406847 1.33065 0.46902 1.55017 -0.455772 0.713225 -0.778485 0.284096 0.762397 0.00564565 -0.010647 
2.3587 -0.432301 1.808 1.04593 1.5509 0.475108 1.20961 0.145111 0.603946 0.353535 0.338414 0.0318264 
2.47175 -0.107512 1.86151 0.878304 1.55967 0.450462 0.657608 0.337608 0.57332 0.478466 0.21174 0.00573072 
2.80128 -0.200539 1.42964 0.0682286 1.72397 -0.0404265 1.306 0.725215 1.03721 0.187368 0.0777274 0.106406 
2.32106 -0.0743419 1.98438 1.18464 1.07714 0.0575354 1.43713 0.0198444 0.471003 0.235882 0.20882 0.10055 
2.46101 -0.332198 1.45518 0.412182 1.26555 0.787989 0.274671 -0.65487 0.323483 0.426673 0.225977 -0.0206717 
2.37 0.0636446 2.05065 0.679164 1.49862 0.547791 0.705684 -1.02378 0.662907 0.163821 0.382936 0.0763508 
2.17352 -0.502849 1.79475 0.491458 1.92517 0.412237 1.48342 -0.415259 0.556475 0.345291 0.0433169 0.0433484 
2.1881 0.221089 1.95228 0.52342 2.00393 0.256031 0.827619 -0.829856 0.328313 0.161453 0.109884 0.0432706 
2.80695 0.120331 1.51579 1.19493 1.41677 0.154036 0.661021 -0.620726 0.387283 0.304854 0.298322 0.0413303 
2.96153 -0.483432 2.04531 0.270361 0.909251 -0.0320088 0.961208 -0.372935 0.103035 0.312506 0.14933 0.0730636 
2.27803 -0.328705 1.45498 0.101394 2.37679 0.441527 0.472535 -0.295482 0.567452 0.232969 0.190162 0.0600708 
2.21394 -0.359795 1.92498 1.1899 0.799101 -0.0145999 0.71991 -0.643908 0.495331 0.209783 0.386499 0.000465187 
2.46207 -0.438792 2.05438 0.552443 1.97204 -0.068653 0.839023 -0.333484 0.359567 0.647744 0.152218 0.0378613 
2.27802 -0.4967 1.7335 1.71341 1.56581 -0.0746439 1.42246 -0.598214 -0.061343 0.293645 0.457565 -0.00634159 
2.38864 -0.303434 1.832 0.451766 1.29956 -0.295632 0.261324 -0.771882 0.440434 0.657105 0.189143 0.0703952 
2.24035 -0.341039 1.96584 0.276131 1.46798 0.656035 0.866058 -0.494024 0.450151 0.339001 0.148504 0.0400162 
2.388 -0.299673 1.78243 0.482157 0.75785 0.386433 0.552208 -0.240197 0.396409 0.161623 0.641031 0.0926071 
2.2906 -0.580806 1.49524 -0.116358 1.0444 -0.0977494 0.499839 -0.685258 -0.0106378 0.117379 0.0776933 0.0531955 
2.16436 -0.00458116 2.11783 1.32353 1.52589 -0.511421 0.621778 -0.593764 0.19054 0.0376187 0.162179 -0.0369156 
2.13705 0.0186513 1.56397 0.990847 0.967136 0.260798 0.757913 -0.717441 0.638916 0.48069 0.21623 0.0314297 
2.40308 -0.027874 2.03618 1.18169 2.01791 -0.929022 0.125003 -0.354413 0.229968 0.453366 0.216815 0.0666376 
2.75809 0.619723 2.3646 1.62639 1.79544 0.568844 -0.052705 -0.187626 -0.337636 0.0979742 0.134995 -0.0369485 
3.12672 1.84051 1.62069 1.56785 0.704954 -0.460182 0.184092 -0.402873 -0.555827 -0.453014 0.0362071 -0.0478727 
1.97362 2.98916 1.52851 -2.08738 -0.342595 0.916956 1.15406 -0.260144 1.27815 -1.31621 -0.553574 -0.0668195 
1.33252 2.5625 0.822077 -2.02936 -0.420805 1.86415 0.867291 -0.256061 1.18163 -1.67948 0.0734909 -0.071074 
0.861506 2.18274 1.27016 -1.26347 -0.975475 0.586877 2.01671 0.407939 1.21692 -1.28345 0.0678172 -0.131963 
1.37235 1.27419 -0.139405 0.0615761 0.337577 -0.571935 2.26474 0.683964 -0.248765 -0.979157 0.222487 0.000266259 
0.94327 0.315899 -0.120703 0.165119 0.0713148 -0.181693 1.3323 -1.13715 -0.126866 -1.15475 0.0617829 -0.00798212 
0.723514 0.653428 -0.131966 -0.478262 0.73175 0.188165 0.793243 -0.496286 -0.169006 -0.859136 0.221252 0.0192323 
0.645854 -0.156998 -0.0208929 -0.0258143 0.0975249 -0.110995 0.851753 -0.890609 0.277628 -0.814055 0.319301 0.0173939 
0.247082 0.00905445 0.282346 -0.0239122 0.291015 -0.408954 1.6702 -0.338174 -0.196516 -0.999835 0.185859 0.139533 
0.304225 -0.066415 -0.328663 -0.235225 0.104892 -1.15673 1.5002 -0.300689 0.739019 -0.759632 -0.0371407 0.0510558 
0.28333 0.377791 -0.12061 -0.11644 0.880228 -0.561037 1.56402 -0.221186 -0.04043 -0.767506 -0.244919 0.10656 
0.703267 0.603752 0.111825 -0.557587 0.686753 -0.495374 1.64451 -0.825544 -0.404601 -0.254616 -0.112135 -0.0257258 
0.786305 -0.075286 0.0178093 -0.908905 0.345849 -1.77876 1.50478 0.718592 -0.206355 -0.253476 -0.136976 0.0100112 
1.02315 0.643418 0.0677632 -0.554399 1.04557 -0.832346 1.20912 0.132157 -0.935779 -0.507965 -0.364307 -0.0676622 
2.10151 1.19476 1.18985 0.022185 1.67119 0.315241 1.79794 0.487506 0.249543 -0.558786 0.235075 0.0366332 
3.28171 2.94487 2.8279 2.07558 2.16171 -0.080145 2.33078 1.75709 0.244869 -0.790766 0.297037 0.0327155 
4.81243 2.05863 3.48925 4.20655 3.05541 -0.984683 3.43468 -0.23628 -0.0630429 -0.767368 0.10939 0.140827 
3.29462 2.49961 3.30379 3.39309 1.41921 0.00359254 1.8824 0.726425 -0.364692 -0.50667 0.19141 -0.00796218 
3.48822 2.34945 2.76133 3.36377 2.1986 -0.021705 1.82515 1.12005 -0.10629 -0.441519 0.0113995 0.0304021 
3.61581 2.42529 2.85149 3.82434 2.1392 0.500271 1.38794 1.03289 -0.0892473 -0.511478 0.0839913 0.0174443 
3.62453 2.81427 3.0506 3.50226 2.206 0.841604 1.07624 1.06491 0.024174 -0.341914 0.0609046 0.00384721 
3.93327 2.96517 3.4287 3.75441 2.26032 0.972152 0.996355 0.961669 -0.0527493 -0.47702 0.182606 0.0145952 
3.32359 2.84612 2.86088 2.66055 1.96035 1.30104 1.09161 0.751181 0.105592 -0.0530367 0.0722614 -0.000122704 
3.01794 2.63662 2.56839 2.25414 1.57918 1.11766 0.970307 0.546276 0.0274206 -0.0669548 -0.000784571 -0.0127013 
3.09923 2.62484 2.56181 2.48363 1.90246 1.24742 0.938194 0.630143 0.237912 -0.0281645 -0.00498644 -0.00160674 
3.79605 2.97072 3.11216 3.46955 2.53672 1.03115 0.773258 0.834387 -0.0375865 -0.478408 0.209747 0.0103145 
3.55478 3.263 3.12335 3.23035 2.94451 0.510647 1.02877 0.715961 0.266962 0.0135573 0.0370691 0.0120207 
3.9073 3.31947 3.7301 3.3159 4.64686 -0.782577 1.45029 0.962241 -0.422853 0.102567 -0.131478 0.0599438 
3.89373 3.61069 3.75625 3.4356 4.15167 -1.11626 1.13458 0.864682 -0.0829624 0.163245 -0.276484 0.0597846 
3.32106 2.70671 2.64296 2.48075 2.32149 0.409909 0.696768 0.620777 0.206693 0.0342468 -0.0731686 -0.000507109 
3.06445 2.67478 2.10251 2.21552 1.98692 0.678065 0.683658 0.359285 0.392139 -0.0649109 -0.200707 -0.017594 
3.16732 2.6552 2.60456 2.25012 2.0051 0.834976 0.744059 0.522619 0.0256535 0.0095819 -0.0854351 -0.012172 
3.7754 3.75983 3.79373 2.87882 3.94974 -1.28527 1.3683 0.123835 -0.356208 0.0831593 -0.248531 0.0606017 
3.82708 3.29574 3.13487 2.85285 3.79457 -1.31522 0.756403 0.430828 0.173585 -0.000814621 -0.243688 0.0590736 
3.71737 3.27351 2.83728 2.80798 3.73521 -1.20096 1.23121 0.216551 0.16068 -0.108912 -0.125039 0.0785683 
4.22394 3.73702 3.18411 3.09405 5.04094 -2.479 1.4545 0.143518 0.200286 -0.655512 -0.295998 0.20567 
3.85271 3.82694 3.40294 3.72347 4.14398 -2.52851 1.49688 0.076653 0.598055 -0.479942 -0.247437 0.176853 
