1.81441 0.382191 0.891807 0.110292 0.498184 -0.166125 1.11425 -0.415803 0.887746 0.159062 -0.0141603 -0.0323996 
2.1972 0.220595 0.776261 -0.763621 0.562654 0.0469462 0.970177 0.202772 0.348533 0.273387 0.0661318 -0.0177199 
2.21096 0.327794 0.921879 0.44312 0.420268 -0.37234 1.20325 -0.354213 0.506266 0.401451 0.0811144 -0.0482001 
1.80447 -0.178002 1.70043 -1.04867 2.03539 -0.148823 0.332307 -0.232158 0.7434 -0.0430699 0.0607101 0.0413313 
1.86296 0.509797 1.38164 -1.14426 1.39247 0.506962 -0.106145 0.886249 0.754301 0.438819 0.229449 -0.0715543 
2.2881 0.159455 0.511341 -0.166299 1.42032 -0.137707 0.903003 -0.110767 0.680521 -0.254781 0.0243388 -0.040726 
2.37782 0.51193 0.775924 0.395587 1.20365 0.34322 0.586907 -0.416766 0.552894 0.300498 -0.00382909 -0.00119928 
2.35293 0.228599 1.51882 -0.0296122 1.04453 -0.158599 1.06283 1.21379 0.662374 0.405158 0.0296019 -0.0351314 
2.16556 0.17249 1.47177 -0.543982 1.07525 -0.620428 1.04715 0.399388 -0.210378 0.301602 0.29742 0.0336154 
2.1882 0.472394 1.92903 0.230166 1.7999 -0.284355 0.384994 -0.328824 0.450728 0.110101 -0.0236348 0.0301333 
2.60385 0.123393 1.0128 0.00331578 0.66262 -0.205833 0.0452911 0.219668 0.410913 0.211281 0.266464 -0.0454172 
2.11375 0.343405 1.28908 0.363878 0.990038 0.136913 0.767664 0.221655 0.141637 -0.0139427 0.244272 0.021214 
2.44216 0.79396 1.75016 0.0215373 0.736632 -0.31037 0.870303 -0.268245 0.168569 -0.328434 0.446059 0.0174509 
2.36688 0.411957 0.977836 -0.0901673 1.1055 -0.798001 1.22828 -0.180732 0.43839 0.495223 0.382403 -0.0317634 
2.35997 0.74137 1.54561 -0.176712 0.422647 -0.194401 1.09141 -0.447132 0.0929821 0.214141 0.242447 -0.0553856 
2.04624 0.372279 1.38073 0.338194 0.664661 -0.554924 1.26841 -0.0901961 -0.383098 0.275023 0.0898057 -0.023835 
2.26008 0.116336 1.71436 0.422491 1.14985 -0.0567058 0.474917 0.132512 -0.141875 0.307759 0.225809 -0.0297322 
2.2221 0.256023 1.39216 -0.0778035 0.491947 0.0466265 0.822463 0.190626 0.234666 0.379542 0.0254747 -0.0181758 
2.11514 0.0155333 1.30461 -0.702346 0.545371 -0.0591763 0.959408 -0.716514 0.478646 0.289496 -0.0718179 -0.0381466 
2.00951 -0.284231 1.49248 0.18984 0.659683 0.386798 0.851025 -0.508367 -0.0390076 0.0909212 0.04199 -0.0526043 
1.65656 0.0245139 1.67183 0.826805 1.43568 -0.0406622 0.416506 -0.187656 -0.159385 0.177176 0.125795 -0.0364398 
1.92687 -0.0954557 1.87304 -0.258363 0.735365 0.0529379 0.797576 -0.0819719 0.260481 0.17719 0.0252613 0.0166354 
1.68008 -0.134432 1.73343 -0.0960196 0.815318 -0.619416 0.532054 -0.327026 -0.0503277 -0.0413531 -0.0296558 -0.0245005 
1.55753 -0.140918 1.84057 0.0180611 0.817523 0.0569732 0.498867 0.141926 0.164386 -0.0114432 -0.136703 -0.00332626 
1.12586 0.803868 1.12474 0.11459 1.87829 -0.213835 0.973416 -0.331619 0.750158 -0.0384848 0.0666087 0.00767645 
0.968366 0.996062 1.21239 0.18147 1.14365 -0.823882 1.44759 -1.22775 0.87512 -0.349202 0.11045 -0.0015067 
1.61827 0.369308 1.01737 -0.143218 1.09643 -0.530019 1.30846 -0.370638 0.0330377 0.101582 0.15113 0.00540247 
1.29474 0.846887 0.817345 0.410193 1.37955 -0.00695153 0.313694 -1.55368 0.688632 -0.492233 -0.126632 0.0018794 
0.613176 1.38198 0.518075 0.191229 1.59587 0.242702 1.25665 -1.55124 0.656711 -0.120576 0.00855004 -0.0172939 
0.896956 1.21428 0.811579 1.03001 1.96197 -0.0696977 0.504875 -1.5609 0.976745 -0.454841 -0.0362431 -0.0213735 
0.641945 1.36587 0.581756 0.552351 1.80179 -0.395808 0.986929 -0.935638 1.23674 -0.353537 -0.100013 -0.0264151 
0.188989 2.02439 0.540331 0.382063 1.29429 -1.02147 0.543576 -0.835748 1.18082 -0.395854 -0.0382337 -0.045067 
-0.00190597 2.06787 0.192277 0.554733 1.98804 -0.146963 1.17486 -0.802872 1.01894 -0.511174 -0.151266 -0.0590773 
0.446615 1.90959 0.853079 -0.394645 1.29931 -0.368798 0.853369 0.0526415 1.31317 -0.842803 -0.159986 -0.0608873 
0.353109 2.05651 1.08795 -0.221738 1.94278 -0.437384 1.48044 -0.72096 1.14384 -0.354977 -0.0412951 0.0106391 
0.412182 2.07177 1.16192 0.368344 0.869795 -0.0178999 1.54463 0.0754009 1.4984 -0.348557 -0.226552 -0.0458902 
0.497528 1.13912 1.08966 -0.488046 1.55442 -0.0795127 1.54179 0.198928 1.02092 -0.361301 -0.109787 -0.0537046 
1.26418 1.27298 0.965752 -0.467951 1.06817 -0.616856 1.40712 -0.220769 0.878044 -0.340093 -0.0587309 -0.00939704 
1.44821 0.688144 1.12478 0.07572 0.837764 -0.235431 0.901519 -0.492907 0.316995 -0.75835 -0.198201 -0.114729 
2.764 2.26305 1.86462 1.53604 1.22967 0.873919 0.436571 0.108565 -0.0710569 -0.155027 -0.140612 -0.0334411 
3.33171 3.03434 2.83843 2.47557 1.9475 1.34777 0.782799 0.32883 -0.0131317 -0.170351 -0.160065 -0.05796 
3.74303 3.56295 3.36957 2.92956 2.31917 1.56513 0.902631 0.344904 -0.00100109 -0.137971 -0.0989017 -0.0642679 
5.16916 4.47383 4.44241 4.78436 3.11889 0.773346 0.766909 0.994261 0.350034 -0.621449 -0.117002 -0.038994 
3.49688 3.14806 3.21096 3.17103 2.56574 1.47921 0.857825 0.816733 0.412421 -0.118294 -0.0344666 -0.0227751 
3.51064 3.03551 3.17386 3.28492 2.5148 1.53237 1.07872 0.939191 0.572268 -0.0213405 -0.127987 -0.0167637 
3.14501 2.7721 2.77852 2.67655 2.1237 1.38215 0.992711 0.806476 0.348987 -0.0612851 -0.140758 -0.0188801 
3.23684 2.85219 2.71251 2.44207 1.85934 1.29428 0.899466 0.513989 0.0875866 -0.103774 -0.0630527 -0.0290626 
3.3001 2.83879 2.75453 2.68911 2.14595 1.31249 0.87124 0.709161 0.330224 -0.0827302 -0.144969 -0.0277868 
3.46434 3.14846 3.02177 2.984 2.52279 1.68251 0.995341 0.579158 0.26237 -0.0318238 -0.0471738 -0.0278735 
3.38885 3.07935 2.98463 2.77111 2.18916 1.50539 1.09506 0.708348 0.234453 -0.0864631 -0.0921757 -0.0283284 
3.37828 2.83947 2.79165 2.78085 2.07937 1.05169 0.774513 0.731632 0.211805 -0.202888 -0.136665 -0.0334621 
3.37342 2.85085 2.76404 2.70373 2.17982 1.30615 0.873876 0.65792 0.178681 -0.129077 -0.127199 -0.03115 
3.17394 2.78274 2.59953 2.45363 2.18248 1.55377 1.00375 0.663376 0.315354 -0.052303 -0.209047 -0.0256131 
3.30632 2.95974 3.15967 3.19351 2.54048 1.29381 1.2554 1.01768 0.310382 -0.0668413 -0.119605 -0.0135344 
4.15852 3.52501 3.67306 4.52105 4.86947 0.414377 0.504535 1.13845 0.491808 0.0329486 -0.184522 -0.0322085 
3.92336 3.18673 4.17137 5.33375 5.11613 -0.897885 0.585857 1.38176 0.573077 0.122964 -0.505658 0.0171071 
4.36635 3.35777 3.87021 5.16052 5.98687 -1.42127 1.07984 1.11943 0.618602 0.0815813 -0.557172 0.0788321 
5.41966 2.96504 4.15318 4.38923 6.80353 -1.01895 0.866179 0.94951 0.432066 0.205939 -0.670466 0.0432355 
5.22747 3.53032 3.20624 5.10344 4.84464 -0.00129036 0.331635 1.30224 0.484254 -0.490978 -0.356715 -0.00325626 
4.31344 3.19999 3.39921 4.32114 3.4669 0.878313 0.115998 1.07928 0.617329 -0.549347 -0.135608 -0.0328547 
3.79387 2.97928 3.29727 3.37092 3.00852 1.63337 0.262936 0.830576 0.505272 -0.528597 -0.0459622 -0.0468757 
3.64014 2.85114 3.05886 3.33319 2.68034 0.771697 0.368432 1.07009 0.724359 -0.362988 -0.27279 -0.0391283 
2.89679 2.70763 4.91986 1.18461 3.58135 1.43962 0.583246 0.226945 0.549452 -0.132796 -0.240594 0.0116212 
3.91793 3.71203 3.55852 0.701634 2.75475 1.06396 2.56906 0.695152 1.16979 0.0601839 -0.330244 0.0098374 
3.39405 3.11007 2.77096 1.7035 1.05751 1.05734 1.07623 1.41903 0.995741 0.544502 0.272253 0.074101 
4.14402 2.84866 0.71957 -0.775466 -0.491596 1.29841 2.73856 2.42904 1.19602 0.154891 0.0119989 -0.0939531 
3.92974 2.68192 1.17837 0.307009 0.454508 1.30504 2.14916 2.31367 1.65311 0.701117 0.146813 -0.019971 
3.89962 3.15673 1.94994 0.918654 0.819991 1.49115 2.01139 1.75072 0.821813 0.0314794 -0.161617 -0.0625944 
3.20065 2.79038 2.3753 1.87085 1.44949 1.22893 1.15303 1.04149 0.764216 0.456003 0.219128 0.0601021 
3.09136 2.66149 2.28326 1.78203 1.33256 1.23276 1.26108 1.26343 1.03601 0.642247 0.31696 0.0889144 
2.79379 2.30285 2.05488 1.85167 1.54989 1.35551 1.11966 0.980558 0.796567 0.571547 0.400473 0.0776126 
2.74977 2.27518 2.12952 1.899 1.71793 1.54443 1.32133 1.12121 0.834632 0.572184 0.364361 0.0644385 
2.723 2.18563 2.04793 1.87293 1.74268 1.27414 1.13406 0.967477 0.635716 0.474197 0.211222 0.0445851 
2.07491 1.06444 2.40526 1.65258 1.61932 0.729935 1.04167 0.156322 0.738322 0.472671 -0.198377 -0.00325854 
1.72094 0.87697 2.20778 1.31141 1.21739 0.64096 1.39282 0.0987549 0.61556 0.688523 0.127368 -0.0461184 
1.57541 1.11862 2.57389 0.905658 2.33076 0.99396 1.44788 0.295809 0.390743 0.724977 -0.100196 0.0383486 
1.47891 0.766639 2.02394 1.73963 1.29914 0.944225 1.50237 0.507037 0.28182 0.27356 -0.0264333 0.0215861 
1.17356 0.247063 1.9384 0.99813 1.08444 0.622457 1.74856 -0.0787247 0.64128 0.0926501 0.00708655 0.0167407 
1.16854 -0.188746 1.97488 0.71341 1.24888 0.650658 0.567733 -0.0167731 0.370268 0.481748 -0.218904 -0.026928 
0.600881 0.252012 2.47772 -0.166145 0.691506 0.479806 1.77898 -0.385122 0.179546 0.842635 -0.377615 0.0100589 
0.514142 0.00697742 2.97041 -1.55072 2.2266 0.151433 1.39996 -0.352384 -0.388917 1.08993 -0.290052 -0.0463731 
0.699365 -0.0370074 2.72989 -1.12351 0.987686 0.175603 1.42351 0.419455 -0.0956065 0.70451 0.0336798 -0.0826043 
0.712778 -0.0783784 2.24515 -0.682728 1.55993 1.06846 3.25586 0.125495 -0.462576 0.87898 -0.0956762 -0.0968532 
0.453722 -0.387774 2.48156 -0.613295 0.867312 0.377577 1.98649 -0.199229 0.0996176 0.474046 -0.230854 -0.0434514 
-0.0865299 -0.265311 2.52301 -1.37436 1.02639 0.224589 2.16024 -0.787149 -0.0592942 1.10298 -0.675608 0.041041 
