2.23291 -3.03688 3.07445 2.82381 0.471565 -1.7621 1.25035 3.72057 0.733735 -0.815651 -0.0406556 -0.0663244 
2.19455 -1.2225 1.02395 1.73614 0.814088 -0.554039 1.82266 2.41206 1.1415 -0.469179 -0.284049 -0.0761478 
2.47101 -0.243223 0.984929 0.0332484 2.31611 0.446712 0.983252 -0.504116 0.740665 0.0131279 -0.0179283 0.0781232 
1.86601 0.194047 0.61962 1.44112 1.28876 0.154858 1.21129 0.957132 0.835547 -0.54619 0.000499865 -0.112695 
-2.22061 -1.51849 0.263605 0.284691 -0.671043 0.189883 -0.535042 2.88533 2.45992 -0.848418 -0.0403515 -0.102115 
0.860583 -0.0806454 1.10643 0.633388 0.360349 -0.579214 -0.612265 3.20506 1.64383 -0.551206 -0.183129 -0.154577 
3.1134 0.33509 0.833091 -0.0577034 1.57001 -0.101119 -0.610523 3.30382 1.27137 -0.470454 -0.323221 -0.199876 
3.06433 -0.352701 0.458918 0.606908 2.11591 -0.419284 0.30105 2.31719 2.07461 -0.655069 -0.512882 -0.115922 
3.11789 -0.13001 0.926632 0.142585 2.02423 0.24238 0.388703 1.04312 1.4196 -0.558173 -0.149179 0.0389406 
2.62766 -0.00456784 0.605561 0.0204083 -0.40967 -1.70818 1.63823 -0.368158 1.03297 0.409465 -0.20471 0.00365934 
1.05549 0.691794 -0.509714 0.842523 0.396433 -1.34716 1.31482 0.81555 1.99508 -0.183706 -0.64187 -0.0106745 
-2.93319 -0.319572 -0.0663646 -1.80033 2.64514 -0.492557 1.10932 0.810352 1.93003 -0.479208 -0.626956 -0.0173235 
-2.56185 -0.0941198 0.166319 -0.583517 1.89456 -0.242995 1.07698 1.58389 1.42703 -0.233328 -0.763777 -0.0307876 
-1.66951 2.036 -1.02709 -1.54013 1.46984 -1.10782 2.42428 -0.366922 0.504233 -0.0500952 -0.446297 -0.118495 
0.710218 1.53266 -0.0526291 -0.840979 1.18519 -0.182204 1.75467 -0.464171 0.642923 0.227594 -0.196832 -0.157513 
1.88141 0.405113 0.737838 0.623495 0.49237 0.107161 0.81975 -0.575142 -0.211293 -0.137883 0.187497 0.0200944 
2.10934 0.0359458 1.31351 -0.00222832 0.738964 -0.52929 0.81702 -0.547736 -0.0822937 0.119812 0.34227 -0.0329256 
2.26281 -0.193866 1.19291 0.198805 0.922058 -0.335894 1.17588 0.0597062 -0.315136 0.140448 0.161251 -0.0518265 
2.44559 -0.16017 1.36551 0.422694 1.51842 0.371875 0.672708 -0.834838 0.108854 0.334501 0.177117 -0.000712218 
1.93933 -0.467499 0.838132 0.11473 0.973235 -0.166452 0.385993 -0.767037 0.224681 -0.118061 0.190473 0.0831605 
1.70277 -0.51653 2.31233 -0.910324 1.23222 1.17697 0.294482 -0.461152 1.01732 -0.478594 0.0599282 0.0530037 
1.38191 -0.292272 2.39096 -1.24711 1.48682 1.60725 0.0211472 -0.446834 0.947863 -0.49579 0.18241 0.11515 
0.326149 -0.117353 3.29007 -2.00752 1.29896 0.38232 -0.030629 -0.118297 1.35133 -0.265989 -0.0108549 0.100586 
0.56491 -0.120482 2.12032 -2.26326 1.63043 1.21614 -0.926589 -1.07902 0.301297 -0.70275 0.336433 0.061505 
1.2518 -0.212119 0.90401 0.0809553 2.40272 -0.884259 0.56874 -0.538204 0.0382473 -0.378003 0.55292 0.047481 
0.953552 0.745071 0.550392 -0.391484 2.18671 -0.663418 0.703404 -0.187211 0.369476 -0.226043 0.329257 -0.127878 
0.81486 1.1347 1.82303 -0.323702 2.47777 0.0678291 1.27596 -1.03313 0.63459 -0.120976 -0.053288 0.0128128 
0.672465 1.51262 0.99846 0.162236 1.83072 -0.3441 1.28916 -0.597564 0.911686 -0.409431 0.126217 -0.0687144 
1.26182 0.631471 0.648383 -0.146763 1.21039 -0.504635 0.53671 -0.595465 0.210612 -0.218864 0.139587 -0.0710213 
2.5468 1.42118 2.30234 1.23454 2.36847 0.861859 1.02435 -0.191318 0.50121 0.101113 0.0895723 0.00626262 
3.76209 3.50968 3.35579 3.04057 2.44545 1.74285 1.15298 0.628352 0.261277 -0.0193489 -0.0313927 -0.0315654 
3.97325 3.81331 3.67382 3.2121 2.52967 1.68144 0.866917 0.381375 -0.004725 -0.100975 -0.0459423 -0.0591034 
3.79548 3.6102 3.48758 3.20818 2.48872 1.52834 0.840385 0.399214 0.042272 -0.143083 -0.0252584 -0.0554041 
3.08666 2.73146 2.7323 2.47175 1.79436 1.14344 0.949697 0.611057 0.185881 -0.146915 -0.132021 -0.0386059 
3.22893 2.669 2.60884 2.61767 2.00269 1.03256 0.739299 0.589302 0.202575 -0.179715 -0.163408 -0.03779 
3.49039 2.78768 2.91069 3.39286 2.27567 0.849328 0.5963 0.864713 0.445277 -0.346279 -0.137159 -0.0206374 
4.0833 3.01587 3.28514 4.12357 2.98012 0.490054 0.306378 1.13115 0.444202 -0.470673 -0.120399 -0.00887154 
4.37199 3.27249 3.8866 5.00007 3.01992 0.00294645 0.0661908 1.20868 0.436664 -0.624539 -0.20577 0.00768961 
3.3594 2.6859 3.329 3.85854 2.41746 0.590768 0.751157 1.30546 0.527296 -0.356011 -0.125905 0.0150506 
3.12681 2.70984 2.70843 2.6257 1.97359 1.22764 0.925017 0.639339 0.172717 -0.135988 -0.0918432 -0.0220288 
3.14831 2.85771 2.91696 2.65953 1.97975 1.24984 1.07859 0.75901 0.238094 -0.0514721 -0.0076699 -0.00670863 
4.11868 3.31189 3.58121 4.48431 3.08459 0.0558373 0.138339 1.15814 0.703724 -0.523858 -0.128646 0.0154149 
3.81499 3.09376 3.44836 4.2166 2.73383 0.213145 0.0597339 1.14587 0.792661 -0.412315 -0.149911 0.0132737 
4.19816 3.17813 3.82881 5.21338 3.98663 -0.137524 -0.0772978 1.27454 0.803914 -0.482355 -0.25924 0.00875469 
4.01197 3.6938 4.61266 5.51844 3.63051 -0.383074 0.134501 1.27748 0.856381 -0.414636 -0.366372 0.0378087 
3.4284 3.0126 2.78074 2.5503 2.08898 1.35029 0.620398 0.371208 0.156795 -0.0445619 -0.124693 -0.0382699 
3.30606 2.72216 2.61175 2.78527 2.14611 1.05081 0.555192 0.670252 0.429617 -0.157141 -0.224336 -0.0366658 
5.88065 3.96332 4.01069 4.5274 3.80183 -0.906662 -0.201769 0.906587 0.743913 -0.590014 -0.460466 -0.00653309 
4.37632 3.7443 3.8708 4.12724 2.89269 0.422868 -0.00233029 0.653602 0.297956 -0.446193 -0.203074 -0.0557007 
3.8236 3.46801 3.52149 3.74346 2.72275 0.883163 0.282632 0.466858 0.263885 -0.310373 -0.167892 -0.0704142 
3.87983 3.43572 3.43821 3.5369 2.8004 0.75115 0.148111 0.433683 0.227433 -0.210913 -0.18326 -0.0678857 
4.23435 3.79189 3.96802 4.44214 3.75276 -1.11114 -0.0969524 0.639719 0.538803 -0.315919 -0.523943 -0.0218637 
5.25842 3.96645 3.18985 4.3363 3.99534 -1.80241 -0.298066 0.458641 0.586031 -0.621402 -0.60113 -0.0125757 
5.01095 4.23149 3.12127 4.08301 2.48949 -1.42543 -0.81626 -0.195488 1.16498 -0.828495 -0.309344 -0.0385104 
4.62716 4.65683 3.10535 4.23992 2.70271 -2.44516 -0.158339 -0.146224 1.14572 -0.824356 -0.257717 0.0427291 
4.53293 4.65622 3.45668 3.62118 1.81879 -0.367308 0.681503 0.059775 1.13952 -0.515594 0.0773254 -0.0165609 
4.65712 3.99188 2.81223 2.71538 1.79406 0.283026 0.978069 1.08522 1.79315 -0.0210019 0.176809 0.0311285 
3.87751 2.8499 1.71465 1.46442 1.51846 0.553983 1.3843 1.66013 1.42184 -0.12517 -0.278781 -0.0692541 
3.37186 2.53296 1.63031 1.10541 0.869315 1.1242 1.67987 1.73781 1.05961 0.162776 -0.125064 -0.0128332 
3.17692 2.49112 1.6981 1.01743 0.85814 1.12325 1.25468 1.0441 0.638163 0.257337 0.111919 0.0399939 
2.8499 2.39627 2.19571 2.00789 1.86549 1.52338 1.2028 0.967987 0.722271 0.515495 0.324171 0.0844283 
3.62923 3.22391 2.91129 2.14068 1.35101 0.469683 0.546666 0.699694 0.900919 1.02767 0.679489 0.201632 
3.0547 2.52034 2.11235 1.74941 1.1942 0.831193 1.01973 0.911872 1.30931 1.02279 0.705876 0.130663 
2.73876 2.17677 2.12823 1.71073 1.98206 1.59018 1.49833 1.02957 1.01493 0.606651 0.476231 0.0900172 
2.86028 1.56415 2.7124 2.17576 2.79765 2.23765 1.47148 0.720931 0.724355 0.753628 0.512878 0.102855 
2.44577 0.839759 2.40556 2.57394 2.50516 1.55975 1.27062 0.472616 0.889541 0.848478 0.470515 0.0309884 
2.38116 0.0549957 2.1494 1.4049 3.74109 1.92276 1.71125 0.671954 0.790741 0.947499 0.564638 0.0490326 
2.15682 -0.0942669 1.7803 0.84842 1.46078 1.2608 0.715708 0.0818767 -0.0305345 0.312901 0.50902 0.0314006 
1.88898 -0.249924 1.67716 0.559417 1.81104 0.677702 1.34989 -0.31501 -0.304569 0.29415 0.571263 -0.0463478 
1.62873 -0.507132 1.47782 0.599542 1.85816 0.876044 0.531907 0.25282 0.0677066 0.237563 0.20069 0.0181934 
1.79516 -0.483537 1.26447 0.046668 1.24078 0.251944 0.720305 -0.533804 0.78655 0.454498 0.250651 0.0795204 
2.01507 -0.350176 1.07409 -0.748876 0.751604 -0.251192 -0.327498 -0.55694 0.844955 0.887566 0.609915 0.12216 
1.71786 -0.860389 1.24066 0.199111 0.624339 -0.250434 -0.22115 -0.302544 0.266113 0.557173 0.354109 0.0587705 
2.04199 -0.545237 0.814475 -0.0342978 1.27056 -0.552579 0.798878 -0.984484 0.592312 0.557895 0.279517 0.0596914 
1.46949 -0.929951 0.741761 0.304227 2.27033 0.0914498 1.35842 -0.610497 0.118658 0.439536 0.264338 0.071803 
1.66313 -0.588845 1.21191 0.0073155 1.59097 0.201596 1.03905 -0.00801608 0.441175 0.511781 0.117118 -0.0326422 
1.605 -0.873081 0.994117 -0.377865 0.872165 -0.277358 0.671175 -0.218917 0.0363233 0.400322 0.443535 -0.000398995 
1.50609 -0.968032 0.657535 0.391406 0.65533 0.20589 0.759792 -0.541834 0.63288 0.343701 0.462157 -0.000207234 
1.72008 -0.850865 0.861009 0.0649454 1.69672 -0.176277 -0.00780709 -0.578217 -0.118403 0.0700189 0.178274 0.00802052 
1.55521 -0.88635 0.384307 -0.150653 0.950451 -0.15416 0.0456756 -0.683022 0.363815 0.237671 0.354985 0.0165257 
1.77709 -0.358031 1.02106 -0.0968511 1.36624 -0.277844 -0.240178 -0.662847 0.350126 0.843055 0.13893 -0.0593479 
1.63128 -1.08446 0.44788 -0.106931 1.47931 0.106319 0.429275 -0.270652 0.509194 0.354185 0.249654 0.0271017 
1.40028 -0.924902 0.417419 -0.237649 1.29841 -1.46043 0.358117 -0.13025 0.343625 0.511736 0.351437 0.0652104 
1.73598 -0.872709 0.783754 0.23078 1.55762 -0.583256 0.541231 -0.191528 0.505304 0.151924 0.106373 0.00650836 
1.63813 -1.06049 0.850342 -0.147704 1.75268 -0.304575 0.335397 -0.445212 0.644917 0.268083 0.265423 0.0653532 
