2.34025 -2.03882 2.9993 2.58957 1.39089 -1.91367 -0.419935 2.42405 -0.704994 -0.935558 0.0192864 -0.0571255 
2.2256 -1.76995 1.98194 3.15582 0.730611 -2.18107 0.584557 2.02714 0.0727917 -0.914789 -0.0491502 -0.027085 
2.77456 -0.762098 2.05269 1.42273 1.55847 -0.683414 0.158475 -0.027916 0.753599 -0.46819 -0.00601732 -0.0149064 
2.52794 -0.810021 1.40211 0.779701 1.46291 0.259268 0.722327 -0.9274 0.637193 -0.0412417 0.163638 -0.0436635 
2.78518 -0.983509 0.886084 0.318301 1.34735 -0.295484 1.18197 -0.870222 0.399039 0.416718 0.21231 -0.0127812 
2.43452 -0.929551 1.21006 -0.0872302 1.13456 0.310381 0.331445 -0.643958 -0.0211058 0.746081 0.0581037 -0.0878848 
2.45598 -1.12559 0.724919 0.282921 1.37067 0.00847745 0.828315 -0.150679 0.641129 0.352111 0.072918 -0.0264605 
2.40799 -1.05086 1.2928 0.303315 1.45593 -0.00252036 1.22989 -0.717693 -0.169168 0.411116 0.151436 0.00436133 
2.08178 -1.39515 1.01153 0.670195 1.07054 -0.185531 0.961668 -0.407104 -0.0742795 0.290412 0.197035 0.00653658 
2.43498 -0.233502 1.33663 -0.538206 0.794578 -0.031877 0.348919 -1.08948 0.376724 0.317706 0.0414024 0.0132978 
2.47656 -1.29505 1.48867 0.326989 1.62228 -0.396747 0.435577 -0.59869 0.274162 0.704525 0.159151 0.00513286 
2.17458 -0.99958 1.11222 0.98451 1.88602 0.0312458 0.965524 -0.815783 0.120393 0.389398 0.0318135 0.0118289 
1.80136 -0.127372 0.342232 0.237843 1.49843 -0.129963 0.213004 -0.257964 0.156252 0.105175 0.420497 -0.0957478 
-0.551207 2.39317 -2.94549 -1.10455 -0.960408 -4.24776 -0.811357 0.818027 2.36524 -0.191822 0.22482 0.0609936 
1.32956 1.74319 -1.68395 -0.258304 -0.119681 -3.8525 0.213294 0.274448 2.35449 -0.129639 0.221629 0.0382881 
1.77335 0.496266 -0.175075 -0.775088 -0.413784 -1.58289 0.0383203 -1.55849 1.7043 0.31385 0.805292 0.035259 
2.55557 -0.730038 0.857293 -0.901345 -0.0985123 -1.86621 -0.504123 -0.279221 0.298821 0.762354 0.606607 0.00962821 
2.23327 -1.18994 1.02669 -0.287067 0.0719292 -0.633832 -0.00453172 -0.912629 0.832967 0.409786 0.501658 0.0638303 
2.53819 -1.04299 1.78264 -0.408642 1.45473 -0.349067 0.205951 -0.831696 0.146382 0.690992 0.325266 0.0092904 
2.22826 -0.699793 1.87751 -0.433662 0.856104 -0.203652 0.834083 -0.370371 0.333894 0.438335 0.387401 0.0399827 
2.46323 -0.162972 0.743327 -0.215669 0.523023 -0.710366 -0.186082 -0.480078 0.657251 0.474797 0.790122 0.112005 
2.61256 -0.323819 1.55118 -0.512504 0.73734 -0.672229 0.34375 0.118964 0.604663 0.778289 0.433171 0.0393026 
2.33292 -0.730316 1.16455 -0.122543 1.59346 -0.668207 0.569072 -0.0849048 0.20545 -0.0823776 0.114142 0.0486429 
1.99141 -0.726827 1.27268 0.697642 1.24136 -0.398918 0.748402 -0.820155 0.631871 0.230334 0.437899 0.0478013 
2.42465 -0.917199 1.28355 0.05464 0.198175 0.142919 0.0994634 -0.66915 0.960183 0.479507 0.559057 0.0666959 
2.25815 -1.2747 1.12069 0.246076 0.837268 -0.425252 0.614276 -0.49471 -0.147704 0.308771 0.0584887 -0.0727444 
1.81296 -1.19774 1.00408 0.542524 1.20832 -0.944314 1.44783 -0.665842 -0.00765234 0.508729 0.236857 -0.0619768 
2.37517 -1.06456 1.39026 -0.0634765 1.23463 -0.498809 1.15211 -0.660339 0.336193 0.461027 0.350161 0.0174796 
1.93279 -0.879031 1.23761 0.238153 1.29268 -0.256336 0.822718 -0.5497 0.188597 0.110745 0.195022 -0.0436024 
-1.6171 1.54163 0.479632 -0.760373 3.09015 -1.56885 1.69195 -1.4192 0.952026 0.597939 -0.107404 0.0509946 
-3.71639 1.85162 1.2042 -3.03707 1.02933 0.103114 0.91651 0.294302 1.52403 0.180431 -0.297038 0.12214 
-2.72358 -0.162274 0.701173 -3.50323 2.24759 -0.755441 1.03711 1.48905 1.02 -0.363727 -0.604232 0.0611101 
-2.95132 -0.275906 -1.24435 -3.99488 1.2697 -0.671938 1.04117 -0.507993 0.6982 -0.349038 -0.209981 0.0299002 
-2.53101 -0.152239 -2.24542 -2.51481 -0.154483 -2.31286 1.50453 0.104905 1.04548 -0.729446 -0.111017 0.0391799 
-1.85478 0.5717 -0.256067 -1.31084 0.490942 -1.27845 1.64256 0.000439249 1.16862 -0.717282 -0.231847 0.00636739 
-1.98862 0.68286 -0.973727 -2.11718 -0.0996087 -1.72804 1.37825 0.0592078 1.03193 -0.912808 -0.0695262 -0.00890148 
-0.859329 1.15181 -0.413441 -2.25917 0.299394 -1.27866 0.330526 -0.35859 0.817867 -0.810542 -0.119922 0.0220661 
0.519849 1.20171 1.08906 -1.22912 0.225653 -1.14942 1.39297 0.128278 1.03646 -1.17862 -0.164078 0.0109796 
1.90517 2.01492 1.77807 -0.487403 1.02542 -0.0914328 1.14267 0.163182 0.824096 -0.471667 0.0625296 0.0779792 
3.3464 3.14153 2.76834 2.24683 2.37419 0.980282 0.99061 0.800457 0.352125 -0.249807 -4.49899e-006 -0.0151422 
3.78145 3.30977 3.14994 2.95053 2.53649 1.15982 0.833906 0.787498 0.250972 -0.190418 -0.079043 -0.0363489 
4.14878 3.88342 3.64566 3.44292 2.58762 1.30918 0.740238 0.5074 -0.12479 -0.334504 -0.0223668 -0.0588679 
4.91895 3.86944 3.32676 3.98271 3.43287 1.30971 0.592094 0.779872 -0.00456395 -0.99265 -0.0347912 -0.0352691 
3.35028 3.06721 2.86259 2.57795 1.9586 1.19291 0.721711 0.202925 -0.0885119 -0.251445 -0.0999689 -0.0536669 
3.28395 3.02845 2.83916 2.46236 1.95288 1.31131 0.86469 0.302531 0.027374 -0.0795082 -0.0772676 -0.0320625 
3.77728 3.28762 3.10381 3.06849 2.29166 0.944566 0.459056 0.4223 0.0644524 -0.283486 -0.0290775 -0.0372997 
3.61334 2.98056 2.99072 3.1731 2.19263 0.791231 0.536387 0.690195 0.100199 -0.353522 -0.0297875 -0.025721 
4.19126 3.37265 3.44574 4.22145 3.07537 0.549675 0.208137 0.888701 0.109697 -0.581379 -0.0536273 -0.0264699 
5.548 3.59706 4.08764 5.01619 3.7987 0.346647 0.583441 1.72955 -0.213062 -1.01822 -0.189135 0.030565 
4.81637 3.53754 4.87121 5.6948 3.14534 0.0345379 0.416462 1.52158 0.301357 -1.10105 -0.119109 0.056135 
3.28071 2.72056 2.64255 2.64894 2.01012 1.07171 0.661792 0.706075 0.257881 -0.183266 -0.0865601 -0.017051 
3.07207 2.61847 2.39712 2.19969 1.60967 1.01124 0.622203 0.339044 0.0655314 -0.190862 -0.134427 -0.0322653 
3.1048 2.72011 2.68143 2.50722 1.89594 1.31883 0.975199 0.659417 0.179695 -0.111744 -0.11117 -0.0186264 
4.0382 3.66449 3.53272 3.71309 3.07338 0.386352 0.692664 0.684118 0.333186 -0.231407 -0.0918637 -0.0242807 
3.5902 3.25323 3.08317 2.92758 2.39127 1.4603 0.810045 0.579646 0.30071 -0.0413115 -0.0880473 -0.0298868 
3.41354 3.12711 3.08959 2.92573 2.31899 1.4439 0.969007 0.589569 0.211444 -0.0740916 -0.0798345 -0.0290005 
3.68167 3.48009 3.53996 3.34952 2.39041 1.29889 0.846409 0.555235 0.0975128 -0.210845 -0.0392182 -0.047273 
3.71948 3.4794 3.32655 3.15364 2.50756 1.49203 0.726379 0.404226 0.169544 -0.112486 -0.0722277 -0.0469876 
3.91685 3.27935 3.63234 4.27327 2.96255 0.38069 0.246505 1.06497 0.612539 -0.437911 -0.15119 -0.0107814 
4.17299 3.51291 4.05188 4.64853 2.62437 -0.145447 -0.128424 1.17181 0.564376 -0.624426 -0.186487 0.0225467 
4.63561 4.06629 4.73477 4.83437 1.99602 -1.16257 -0.833097 0.685339 0.540209 -0.397466 -0.339487 0.0895569 
4.58147 4.30896 4.00258 4.18357 2.15111 -1.58645 -0.597436 -0.00909174 0.977335 -0.397684 -0.195168 0.0856554 
3.66126 3.23047 2.85853 2.34531 1.48806 0.44959 0.416851 0.424924 0.496875 0.133059 0.0751391 0.0278808 
3.41574 2.60571 1.98827 2.2843 1.65403 1.10295 0.814845 1.2937 1.12644 0.217063 -0.136195 0.0213161 
4.4272 2.206 -0.267766 -0.661016 -0.474096 0.561855 1.21023 1.55203 3.21982 -1.26645 0.13241 -0.0845903 
4.76348 1.4076 -0.668157 -0.521015 0.569456 1.96104 1.30932 0.724562 1.92832 -0.601837 0.010836 0.0278334 
4.83223 1.76101 -1.14232 -0.886015 0.16622 0.910101 1.48584 2.29652 1.0474 -0.424304 -0.203464 -0.0155175 
3.71138 2.42293 0.215777 0.258333 0.466094 1.91511 1.95253 1.90918 1.19687 -0.19761 -0.0446766 -0.0332545 
2.81002 2.28817 1.88354 1.81574 1.67792 1.49965 1.48824 0.872785 0.781132 0.544362 0.392158 0.0815793 
2.75187 2.19043 2.01445 1.95755 1.89638 1.52109 1.3651 1.03881 0.733867 0.660313 0.439193 0.0878724 
2.75701 2.2612 2.16063 2.00687 1.87183 1.63147 1.29768 1.19086 0.881469 0.663237 0.428158 0.0944861 
2.79057 2.27658 2.14106 1.96347 2.02958 1.86506 1.53428 1.19036 0.816615 0.838274 0.554138 0.108467 
2.80081 2.20702 2.08613 1.92738 2.00337 1.84675 1.43136 1.01785 0.902051 0.810044 0.507029 0.101713 
2.62024 1.91212 1.71285 1.48338 1.64594 1.36662 0.934155 0.442522 0.58878 0.476931 0.391832 0.062774 
2.62182 -0.179723 2.2544 0.644256 2.41127 1.18412 1.43228 0.0421464 0.724579 0.909492 0.655381 0.0708155 
1.90206 -0.231457 1.77379 0.990785 1.88527 0.564552 0.436881 -0.312695 -0.335063 0.989293 0.477341 0.00171553 
1.55287 -0.478719 0.9755 -0.430467 1.70401 0.268198 0.0834873 -0.250765 0.0516429 0.758298 0.376164 0.0318753 
1.67176 -1.00056 1.18053 -0.090957 1.67005 -1.03715 0.144671 0.244829 -0.0618282 0.769653 0.351693 0.0726715 
1.38979 -0.703535 1.32439 0.381655 1.98912 -0.725715 -0.367565 -0.0514917 0.431987 0.70079 0.319201 0.0814145 
1.31107 -0.909252 0.710684 -0.29156 1.72583 -0.0798352 0.0758738 -0.443747 -0.240035 0.647855 0.355577 0.126551 
1.50882 -1.17039 1.26286 -0.0911428 1.39944 -0.0299367 1.23325 -0.576217 -0.424847 0.672666 0.138304 0.0128959 
1.3284 -1.2288 1.08895 0.165087 1.61324 -0.0333382 0.235071 -0.133576 -0.215375 0.602464 0.231158 0.00679114 
1.56376 -0.832646 1.51097 -0.0346193 1.78759 -0.099685 -0.213314 -0.347362 -0.363583 0.725995 0.141055 0.0160929 
1.21123 -0.945184 0.740977 0.0740763 0.989025 -0.359544 0.0273865 -0.629801 0.187378 0.761737 0.382166 0.0362502 
1.24333 -1.69019 0.987691 -1.03426 1.65541 -0.372753 0.267221 -0.430519 0.0572508 0.543127 0.328381 0.0607116 
