1.93365 -0.667351 1.85556 0.378389 1.96359 0.0434594 0.958784 -0.32248 0.427741 -0.254352 0.352467 0.0659706 
2.09687 -0.854434 1.32385 -0.0646336 1.5934 -0.39319 0.179286 -0.396464 0.515066 0.125995 0.291329 0.0611225 
2.16063 -0.558499 0.969134 0.825631 1.77389 -0.545674 0.849823 -0.828949 0.394992 0.366637 0.236406 0.0139619 
2.05585 -0.532667 1.52641 0.198179 1.81828 -0.106201 0.815675 -0.0837782 0.331242 0.280237 0.154873 -0.0327223 
1.74344 -0.928838 0.964742 0.212912 1.92975 -0.300004 0.881506 0.0681978 0.340368 0.230491 0.210078 0.0822636 
1.73296 -0.386862 -1.69656 -0.471075 0.569035 1.58775 0.734436 0.615947 0.181004 -0.533804 0.243623 -0.0417674 
1.50359 -0.731614 0.507589 0.204624 1.28507 0.0239582 0.399209 -0.0598042 0.75204 0.123028 0.328891 0.00917603 
2.05472 -0.886177 0.547859 0.288345 1.66119 0.370441 0.820799 -0.200475 0.717021 0.0747488 0.106473 -0.0152492 
1.79503 -0.191692 1.0984 0.430732 0.824443 0.0862128 0.677256 -0.106653 0.397438 -0.0747085 0.236912 0.00502435 
-0.206381 -0.0938055 0.873187 2.70098 -2.18299 1.33039 0.936677 1.49228 -0.204612 0.157185 -0.0468387 -0.266227 
0.0639838 -0.457757 -0.799775 2.04317 -3.03618 0.885222 0.658849 0.111735 -0.0741925 0.311881 0.0778545 -0.227466 
1.24046 -0.468043 0.10126 1.80712 -0.5743 -0.0245485 0.312121 0.499885 -0.259228 0.406921 0.758882 -0.0984175 
2.17935 -0.853775 -0.146322 -0.104646 0.833563 1.233 0.952118 0.528152 0.884063 0.23281 0.0258628 -0.0880613 
2.20655 -0.728385 0.852423 -0.514758 1.30095 0.0879834 0.806429 -0.498394 0.404846 -0.00238083 0.282264 -0.0263111 
2.58275 -0.0436707 1.59396 0.820228 2.10968 -0.244055 1.15742 -0.970997 0.684518 0.13116 -0.178456 -0.0155028 
2.35236 -0.429779 1.46445 0.390245 1.67151 0.226805 1.29496 0.256761 0.337311 0.121293 0.247439 0.0238506 
2.20693 -0.734809 1.47038 0.581851 1.75326 0.0301478 0.474363 -0.278272 0.989886 0.497508 0.13605 -0.0265154 
1.91832 -1.35209 -0.0374373 0.50058 1.34641 0.0263445 0.873774 0.0611976 1.09918 0.0307942 0.0186507 -0.0990658 
1.89895 -0.986556 0.413015 -0.751181 1.65713 0.339881 0.306044 -0.730994 0.346003 0.295984 0.145938 -0.0155627 
1.93959 -0.806674 1.38805 0.130194 1.81834 0.705841 0.978203 -0.883898 0.425109 -0.0777946 0.0509894 0.0757533 
2.0792 -0.829231 1.47356 0.0549737 1.89058 -0.433051 0.818717 0.15338 0.462779 0.387469 0.101272 0.0250864 
2.01682 -0.664454 1.40618 -0.0308272 1.61901 0.58178 0.494244 -0.159509 0.754404 0.273484 0.26395 0.00895442 
2.07212 -1.06621 0.989945 -0.221721 0.63192 -0.756502 0.415329 -0.671685 0.396956 0.0134543 0.104411 0.0675203 
1.99183 -0.824043 0.747562 -0.39771 1.16054 -1.33906 0.463535 0.368257 0.435751 0.296691 0.457525 0.0583615 
2.23913 0.0565978 0.624085 -0.664272 0.000561972 -1.02629 0.603924 -0.39497 1.08879 0.644575 0.444735 0.117876 
2.22351 0.602672 -0.57802 -1.60749 -1.28668 -1.39177 0.404 -0.76995 1.32116 0.499411 0.563445 0.129934 
2.13985 -0.882083 0.966358 0.140405 0.261264 -0.455151 0.917751 -0.490988 0.482623 0.396415 0.269103 0.0060502 
2.05961 -0.866982 1.11978 0.0243584 0.833998 -0.256118 0.518796 -0.877301 0.225348 0.224385 0.0568009 -0.0223354 
2.25764 -0.62051 0.850508 -0.524025 1.17423 -0.252223 0.779356 -1.3649 0.15733 0.364929 0.400909 0.101888 
1.84692 -0.776379 0.375183 0.832925 0.873165 0.521194 0.966122 -0.306754 0.623305 0.223976 0.341545 -0.068399 
1.63419 0.131699 0.472245 0.928721 1.01252 0.465909 0.354678 -0.641987 0.36767 0.199867 0.413287 -0.0812312 
1.80381 -0.468466 1.01765 -0.30798 1.29442 0.349668 0.70858 -0.440134 0.0172633 0.239596 0.490757 -0.0149009 
1.92431 -0.920899 0.89775 -0.058855 1.40776 0.0910784 0.75312 -1.10732 -0.073965 0.198715 0.177799 0.00426905 
1.78194 -1.45133 0.769858 -0.715833 -0.113663 -0.539093 0.910853 -0.868525 0.341922 0.0613127 0.0552345 -0.00476744 
-0.4057 -0.552447 3.22726 -2.31168 1.4019 2.58965 -2.22328 0.140262 0.99383 -0.234277 0.347995 0.0720234 
-1.41563 -0.345001 3.60364 -4.04574 1.9702 1.63488 -2.63583 2.2646 1.48097 -0.780443 0.192729 -0.142391 
-2.38417 0.273339 2.87135 -4.37724 -0.207988 0.82248 -0.995738 1.251 2.48039 -1.10478 0.315802 -0.160354 
-1.71559 -0.233445 1.43369 -5.57729 -1.702 0.352931 -0.525852 0.70039 0.673844 -0.789769 0.189345 -0.0778834 
-1.10708 -0.224173 -0.0183028 -3.70224 -1.53262 -1.05978 -0.840268 0.738957 0.666832 -0.721648 0.266443 -0.0539394 
-0.121894 0.652878 0.523676 -3.23676 0.0771173 -0.280485 0.533546 0.0676139 0.473688 -0.700586 0.0813561 -0.108317 
-0.777164 -0.317627 0.35105 -3.22791 0.116741 -0.787956 -0.157425 -0.00697912 0.28031 -0.71799 0.299343 -0.069311 
-0.608529 1.30305 0.707691 -3.12962 1.30002 0.366314 -0.188 -0.409791 0.477982 -0.835306 0.128302 -0.224753 
0.0549036 1.6637 1.12492 -2.71832 1.07525 0.112658 -0.460355 0.794444 0.0588982 -0.248944 0.083225 -0.119798 
0.716463 1.91421 1.04917 -1.72145 0.66189 -1.19759 0.542224 0.497139 -0.422639 -0.740746 0.183359 -0.234754 
1.7519 2.06375 1.29798 -1.2581 1.46177 -0.4155 0.291767 0.670698 0.330065 -0.612506 0.381768 -0.0502376 
3.16688 3.31857 2.87808 2.01896 2.36126 1.25599 0.894803 1.02463 -0.042539 0.00477123 -0.00476051 -0.0163586 
4.16328 3.981 3.92361 2.64204 2.47468 1.70767 0.517302 0.991391 -0.0416518 -0.39817 0.0806711 -0.0506444 
3.23905 2.93869 2.74887 2.36923 1.97239 1.37644 0.762127 0.365037 0.0197856 -0.141435 -0.0771933 -0.0357535 
3.29138 2.95958 2.75951 2.45414 1.9205 1.36807 0.773481 0.289972 0.0470855 -0.0887534 -0.0984303 -0.03508 
4.04646 3.75063 3.79333 3.03653 2.39261 1.63544 0.523971 0.303098 0.0233898 -0.295034 -0.0133801 -0.0531147 
3.30393 2.96755 2.88135 2.38095 1.80785 1.35365 0.743083 0.372465 0.0913318 -0.162786 -0.123493 -0.0400142 
3.36177 2.98077 2.85377 2.17604 1.69277 1.20917 0.449799 0.195812 0.0239495 -0.252859 -0.108626 -0.0501294 
4.02268 3.64566 3.81821 2.69082 2.27124 1.1381 0.2381 0.370263 -0.212932 -0.487953 -0.0487194 -0.0745193 
3.68482 3.52593 3.29717 2.54848 2.26207 1.18584 0.77627 0.108369 -0.231918 -0.22858 -0.131451 -0.0706742 
3.23807 3.06733 2.90746 2.38437 1.98447 1.31557 0.775937 0.27864 -0.0731752 -0.218913 -0.154029 -0.0503796 
3.1799 2.93063 2.6935 2.23426 2.03336 1.13175 0.709082 0.231117 -0.0170693 -0.139392 -0.193279 -0.0455302 
3.39258 3.33671 3.3096 2.2856 2.54703 0.550225 0.722876 0.155183 0.0507692 -0.0251773 -0.130826 -0.0335241 
3.92946 4.40888 4.53308 1.81861 4.00629 -0.235643 0.189735 -0.136028 0.560899 -0.372028 -0.10893 -0.0043595 
3.35908 3.14226 3.11122 2.05558 2.21238 1.13038 0.589082 0.506659 -0.054888 -0.0838658 -0.103474 -0.0391762 
3.25382 3.019 2.89027 2.1873 2.01568 1.24774 0.525792 0.466661 -0.0301752 -0.377096 -0.143931 -0.0624554 
3.39351 3.83923 4.25119 1.98965 3.637 0.66439 0.860966 0.299356 0.425577 -0.341825 -0.117036 -0.043025 
3.54211 3.80203 4.32004 2.92469 3.92282 0.823157 0.581636 0.602177 0.429828 -0.447576 0.000417695 -0.0632168 
3.26975 3.21229 3.15296 2.52383 2.64011 1.14041 1.08717 0.361308 0.107419 -0.0335964 -0.215171 -0.0435098 
3.20647 3.12808 2.82592 2.31217 2.4466 1.18745 1.17853 0.299963 0.121829 -0.000911763 -0.193516 -0.0283035 
3.48705 3.46389 3.01354 2.82593 2.33494 1.30522 1.13409 0.213685 0.194023 -0.127499 -0.149437 -0.0516982 
3.91783 4.06491 3.82983 2.91759 3.1301 0.973471 1.21584 -0.0137142 0.17797 -0.141724 -0.0915073 -0.046929 
3.70362 3.88337 3.68954 3.02553 2.85099 1.2614 0.865849 0.275412 0.151856 -0.275549 -0.0308187 -0.0617946 
3.23329 3.00284 2.69835 2.34587 1.84136 1.17003 0.889293 0.255769 0.141201 -0.215111 -0.137805 -0.0492355 
3.20911 2.8893 2.48524 2.00717 1.52337 0.926123 0.580473 0.205943 0.120171 -0.0758177 -0.0318763 -0.0261281 
3.54757 3.26742 2.69498 2.25135 1.57951 0.717365 0.331825 0.0998962 0.113012 -0.060669 0.0314595 -0.0181128 
4.43678 4.43359 2.51703 2.28638 2.01543 0.707164 0.540549 -0.207123 0.743044 0.311448 0.035741 0.00212827 
3.58769 3.62806 2.33496 1.9696 1.10163 0.581317 0.754853 0.172309 0.936824 -0.0501703 0.335397 0.0418709 
3.90956 3.93986 -0.575441 -1.60853 -0.0947123 0.878533 2.62657 2.26827 2.10322 -0.600727 0.541164 -0.1677 
5.58357 3.80389 0.736909 1.03086 1.11465 0.324236 2.56516 1.44674 0.688098 -0.921179 -0.135522 0.0180272 
5.80923 4.56559 1.67208 0.234339 0.848461 2.68475 2.98734 1.35235 0.300703 -0.136077 -0.204182 0.0107555 
4.39183 3.54761 1.79521 0.771599 0.828006 1.85535 2.07822 1.40055 0.399772 0.0373338 0.217948 0.0699266 
3.24464 2.76303 2.39233 1.96368 1.7205 1.49479 1.37257 1.06087 0.829461 0.617488 0.387239 0.100944 
2.76037 2.25276 2.09106 1.99403 1.83081 1.6549 1.4392 1.20894 0.9899 0.641121 0.376207 0.0908042 
2.71114 2.24144 2.19435 1.97423 1.71832 1.62762 1.34929 1.18072 0.965703 0.634889 0.367032 0.0840429 
3.03723 2.53427 2.66475 2.46058 2.17368 1.8394 1.5945 1.52441 0.854363 0.329294 0.380004 0.102775 
2.6311 1.95817 2.33745 1.94561 1.77162 1.69055 0.849136 0.486361 0.477194 0.522065 0.11569 0.0353313 
2.36761 0.921883 2.53761 2.47961 2.33312 2.01047 0.733637 0.387855 1.19972 0.601416 0.359521 0.0572705 
2.6406 0.298675 1.8477 1.95128 2.12107 2.21203 1.28294 0.909203 1.37227 0.50644 0.426252 0.0765405 
2.25014 0.183776 2.63673 1.94367 2.52424 1.92654 1.48444 0.498076 0.950295 0.503616 0.317638 0.0909209 
2.13537 0.079685 2.47122 1.7328 2.87824 1.01366 1.56435 0.56027 0.465004 0.359785 0.231102 0.0982855 
