1.66654 0.123579 0.629118 0.90863 2.31834 0.107105 1.37649 -0.110436 0.634275 0.261067 0.358212 -0.0943791 
1.94136 0.0667037 1.63632 1.49682 2.01039 0.0867432 1.04948 -0.670001 1.27005 0.464574 0.370271 -0.109054 
2.04809 -0.649315 1.88775 0.839725 1.6662 -0.0249321 1.25185 -0.46295 0.37402 0.449474 0.161689 -0.0611035 
2.04382 -0.780945 1.50692 0.499637 2.55329 -0.373488 0.594998 -0.0459449 0.847985 0.441534 0.13727 -0.0266823 
1.20673 -0.262923 1.67621 0.827545 1.83132 0.275868 -0.7328 0.893502 -0.850984 -0.302699 0.363391 -0.169335 
3.3545 -1.34151 1.81265 3.66161 1.59395 -0.892858 0.611187 3.09339 -1.51589 -0.936284 -0.129357 -0.0137788 
2.56513 -1.48966 1.3767 1.02447 1.72733 -1.96078 0.513971 0.250739 0.171685 -0.628444 -0.211475 -0.0385793 
2.30346 -0.825914 1.56453 1.01803 2.26245 -0.621389 0.166953 -0.549148 0.48016 0.254811 -0.0163223 -0.104491 
1.20993 -1.13704 1.55206 0.495886 1.8852 -1.0841 0.102231 0.0874373 -0.673442 0.342491 0.0827233 -0.185181 
1.4544 -1.6571 0.792598 -0.42199 1.07087 -0.0248317 0.159758 -1.30116 0.358659 0.5476 -0.180047 -0.117658 
2.00286 -0.87296 1.03002 -0.321866 1.58707 -0.121316 0.851274 -0.316207 0.28222 0.464062 0.157756 -0.0323536 
1.80727 -1.30629 0.975581 -0.0271706 1.76001 -0.490627 0.71257 -0.66117 0.235222 0.490068 0.205712 0.0196123 
1.74645 -1.37891 1.47171 0.0340052 1.62064 -0.877881 0.121547 -0.870862 0.394055 0.792167 0.220991 0.00938937 
1.61127 -1.27361 1.03046 -0.47458 2.06668 -0.458101 0.00303224 0.0872684 0.260521 0.458002 0.12304 -0.110215 
1.95206 -1.13908 0.868129 -0.284185 1.68949 -0.83261 0.0853953 -0.738854 0.125301 0.732769 0.0810519 -0.00840745 
1.55556 -0.758339 0.35586 1.02335 1.48528 -1.23951 -0.132826 0.0192022 0.452311 0.474711 0.358576 -0.0703986 
1.8371 -1.83255 0.827599 0.110895 1.76791 -0.609168 -0.253253 -0.538987 0.491758 0.387266 -0.00432718 -0.054885 
1.76668 -1.23907 0.944212 0.356626 1.37958 -1.03231 0.59703 -0.81138 0.441266 1.04454 0.241116 -0.105891 
1.61889 -1.04849 0.820675 -0.235362 1.54475 -0.973406 0.147157 -1.51399 0.439681 0.636382 0.188135 -0.0292444 
1.92904 -0.945727 1.36667 -0.435453 1.57919 -0.564963 -0.00399535 -0.292702 0.557424 0.670721 0.330974 -0.0371351 
1.9057 -1.15436 1.30625 0.145502 1.47648 -0.424841 0.035261 -0.851395 0.846167 1.08514 0.194379 -0.036479 
1.65401 -0.853016 0.819865 0.828791 2.11866 -0.683 0.401252 -0.609853 0.298623 0.670918 0.257052 -0.0370901 
1.69392 -1.05945 0.708663 0.382204 1.40418 -0.624339 0.0104828 -1.26062 0.579633 0.724116 0.00554004 -0.0707032 
1.71782 -1.20709 1.39808 -0.0715264 2.20871 -0.757497 -0.357557 0.0359723 -0.089078 0.960425 0.0336602 -0.130433 
-2.11446 1.41686 1.29962 -4.01184 4.18889 0.723537 -0.145952 1.4125 1.21737 0.12134 0.112958 -0.0597432 
0.325274 -0.066568 2.02533 -1.62133 2.76309 -0.253728 -0.62432 -0.349811 1.58976 -0.113095 0.4669 0.0371919 
1.32784 -1.26129 1.19595 0.130639 1.84059 -0.228776 0.638756 -1.6243 0.832392 -0.0675331 0.140764 0.0514568 
2.26072 -1.36746 1.1287 0.344775 1.26835 -0.424445 0.137116 -1.00061 0.635235 0.438395 -0.00544978 -0.0401657 
1.89053 -1.36056 1.68591 0.500735 1.09726 0.311396 0.84234 -0.648166 0.433392 0.603373 0.0713762 -0.0610639 
1.64619 -1.53639 1.3565 -0.0934503 1.4864 -0.517556 -0.0117055 -1.1275 0.680034 0.263852 0.124771 -0.000204188 
1.81365 -1.30109 1.38003 0.692747 0.99988 -0.798718 0.742629 -0.75973 0.442997 0.227075 0.039448 0.000355588 
1.91531 -1.38092 1.02432 0.183922 1.03174 -0.231401 0.903749 -1.22945 0.378196 0.416844 0.203937 0.0142861 
2.00964 -1.24029 1.20766 0.0779748 1.62507 -0.354864 1.11604 -0.514691 0.523422 0.73423 0.0193934 -0.0592861 
1.6931 -1.15726 0.721725 0.552497 1.28036 -1.18967 0.442799 -0.895498 0.286277 0.641859 0.18463 -0.0384043 
1.68453 -1.474 1.138 -0.306049 0.627014 -0.773224 0.73454 -0.819884 0.505119 0.606064 0.0501425 0.060321 
0.8874 0.272383 -0.384828 1.25767 0.323888 0.146813 0.729581 -1.37393 1.2791 0.0733344 0.372115 -0.114112 
-2.02561 2.51479 -1.61409 -0.785912 1.55613 0.487206 0.812491 -0.664482 1.67994 -0.561801 -0.0849166 -0.0518662 
-3.10717 2.68732 -2.3519 -3.16694 3.14513 1.3766 1.13533 -0.434779 0.958691 -0.917422 -0.0287395 -0.0388901 
-2.73761 2.28984 -0.336438 -1.74688 1.85745 1.54485 0.831229 1.22213 0.746019 -0.898266 0.130173 -0.0855694 
-1.83024 0.973245 -1.42902 -0.94953 0.485917 1.25068 0.866149 1.00714 1.18044 -0.925817 0.438598 -0.0590698 
-2.0265 0.168733 -2.63987 -0.903279 -0.666047 0.719757 1.30254 1.20845 1.02015 -1.01457 0.79917 -0.0887314 
-1.41256 0.538521 -2.12432 -1.67376 -0.0456597 0.41543 1.45301 1.68654 0.503335 -0.857597 0.391585 -0.0672156 
-0.71334 0.438329 -0.445474 -0.804641 -0.413358 -0.255901 1.20839 0.95384 0.860316 -1.03638 0.402679 0.0338163 
-0.125628 1.31263 -0.262967 -1.23958 -0.76884 -0.313779 0.592782 0.212708 0.255014 -0.791178 0.32225 -0.115659 
0.308791 0.931579 0.369649 -0.843327 1.45119 0.609617 0.637994 -0.356329 -0.070654 -1.04228 0.180424 -0.235431 
1.2057 0.864936 0.334625 -1.22155 0.216317 -0.449512 0.581775 -0.0172868 -0.260064 -0.907827 0.327629 -0.189083 
1.99495 1.98032 1.77362 -0.452895 -0.121078 -0.318251 1.652 0.109413 -0.287666 -1.24612 0.399297 -0.183166 
3.1883 4.03859 2.94287 1.4052 2.4045 1.5898 2.35074 1.1368 -0.341793 -0.89402 0.443918 -0.086034 
3.19324 2.91394 2.71358 2.39333 1.93447 1.50073 1.01835 0.599964 0.245909 -0.00389074 -0.113503 -0.0177859 
3.25354 2.9752 2.78385 2.47752 2.08409 1.54338 1.00865 0.508879 0.118066 -0.0748528 -0.106331 -0.0287818 
3.86738 3.81896 3.71349 3.29702 2.58415 1.85694 1.1495 0.475329 0.0200255 -0.0815745 0.0197417 -0.0439501 
3.93407 3.95452 3.94016 3.56567 2.81267 1.93607 1.1382 0.470118 0.0300808 -0.0568805 0.0513047 -0.04394 
4.135 4.23832 4.27907 3.8332 2.96725 1.91355 0.941242 0.282908 -0.0538152 -0.111788 -0.00945156 -0.0670089 
3.24704 2.98263 2.8468 2.58289 2.14092 1.6108 1.04367 0.522148 0.132918 -0.0746173 -0.127729 -0.0360895 
3.17484 2.87492 2.71987 2.44268 2.03677 1.50882 0.961416 0.489039 0.121642 -0.0881039 -0.144766 -0.0384561 
3.54875 3.36691 3.24172 2.88039 2.3398 1.68663 1.00597 0.463874 0.100616 -0.0568498 -0.0632841 -0.0420681 
3.68274 3.61896 3.55507 3.19922 2.5539 1.64734 0.852535 0.336412 0.00229667 -0.078305 -0.0109986 -0.0487534 
3.48456 3.38334 3.30631 2.9866 2.45874 1.73882 1.02932 0.450046 0.0358881 -0.0903345 -0.0595029 -0.0478596 
3.4886 3.24906 3.06001 2.71645 2.19339 1.51118 0.851392 0.322729 -0.00720732 -0.131932 -0.138652 -0.059448 
3.47751 3.21871 2.96115 2.58211 2.07336 1.41479 0.720132 0.143376 -0.133228 -0.195859 -0.163356 -0.0741519 
3.85909 3.84333 3.74241 3.31215 2.55692 1.57441 0.625401 -0.0304288 -0.294936 -0.220592 -0.0774976 -0.0902741 
3.83782 3.7666 3.64391 3.21808 2.42334 1.42427 0.488883 -0.0950379 -0.286469 -0.232169 -0.0903794 -0.087528 
3.90981 3.80897 3.60238 3.11405 2.42548 1.61049 0.74008 0.0958704 -0.163206 -0.18034 -0.0745075 -0.0698698 
3.96504 3.83928 3.69581 3.30666 2.54858 1.58644 0.714715 0.147148 -0.0986972 -0.126851 -0.0798683 -0.068818 
3.98471 3.92417 3.80212 3.31868 2.52428 1.58327 0.690029 0.097892 -0.179467 -0.183759 -0.055636 -0.0720239 
3.43118 3.17796 2.96924 2.60576 2.08032 1.4647 0.84009 0.337395 0.0212544 -0.117399 -0.131705 -0.0524833 
3.20005 2.84295 2.65201 2.33491 1.77434 1.10301 0.575488 0.216862 -0.0421451 -0.171628 -0.148234 -0.0533619 
3.29266 2.72666 2.61415 2.59259 1.94481 0.888257 0.422009 0.371952 0.0752793 -0.200052 -0.112044 -0.0424194 
3.40943 2.70008 2.42866 2.44123 1.74999 0.666223 0.331266 0.396546 0.0886319 -0.29895 -0.0826454 -0.0439234 
3.81235 3.14653 2.74445 2.63607 2.15904 0.311822 0.15888 0.175895 0.115396 -0.449933 -0.0386963 -0.0446896 
4.76908 4.15539 3.02901 2.34314 3.87859 -1.39948 0.167912 0.38444 0.583693 -1.16206 -0.24801 -0.0267474 
4.60991 3.7961 3.29519 2.54742 3.67707 -0.938259 0.143114 0.60565 0.737221 -1.50048 -0.139298 -0.0191044 
4.14563 3.60243 2.89493 2.41204 1.78582 0.671596 -0.128866 -0.262946 0.222461 0.223416 -0.0832786 -0.0165305 
2.98608 2.52986 2.36347 2.34778 1.91625 1.22089 0.59672 0.468479 0.520815 0.3826 0.186453 0.0424921 
4.04611 4.05107 1.18902 1.27724 1.21509 0.314838 1.78497 0.132319 2.36532 0.391241 0.273667 -0.030058 
4.75672 4.01358 2.802 1.77915 1.98104 0.575258 0.661969 0.349042 1.1664 0.852825 0.0699357 0.0290953 
3.90547 3.19061 2.50031 2.01938 1.57332 0.915117 0.494725 0.539353 0.771514 0.579857 0.166515 0.0597918 
3.44785 2.96594 2.55187 2.13544 1.63293 1.15184 0.82757 0.609587 0.476721 0.353503 0.230798 0.0575698 
3.2584 2.77242 2.42213 2.14975 1.78094 1.10001 0.392642 0.144733 0.308695 0.536439 0.430494 0.0759121 
2.7884 2.27667 2.06346 1.95379 1.82995 1.45918 0.997061 0.739676 0.622945 0.479176 0.278608 0.0636534 
2.70774 2.18573 1.99996 1.90949 1.74211 1.44424 1.17086 0.987408 0.867976 0.637873 0.33722 0.0793413 
2.96071 2.27498 2.24141 2.4223 2.47675 1.94401 1.07757 1.01755 1.16707 0.876774 0.423361 0.105579 
3.2052 0.977766 2.30857 2.639 2.85212 2.34892 0.950144 0.279542 1.12585 1.32361 0.65729 0.0683792 
2.7825 0.802247 1.99522 2.62381 2.88049 2.41378 0.0694134 0.17594 1.67269 1.20103 0.734689 0.022588 
2.71315 0.971328 1.96225 2.56821 2.95106 1.97424 0.65242 -0.0346945 1.27852 1.42291 0.505849 -0.00455238 
