1.62067 -0.628508 1.31117 -0.306028 1.21554 -0.523049 0.0517069 -0.881233 0.559069 0.308363 0.181636 -0.0036927 
1.6944 -0.88777 1.54896 0.117084 1.56326 0.364219 1.17077 -0.567412 0.198344 0.103118 0.135178 -0.0145219 
1.92802 -0.909812 1.19445 0.518151 1.46303 -0.43302 0.102129 -0.448215 0.228826 0.133876 0.187404 -0.0320992 
1.76644 -0.435956 0.453847 -0.0963561 1.67229 -0.615417 0.515816 -0.295069 -0.119498 0.409079 0.349695 0.0457394 
2.03627 -1.24944 1.2526 0.331005 1.48367 -0.503636 0.252525 -0.191325 0.706223 0.0740899 0.0566333 0.0149312 
1.83268 -0.686644 1.66227 -0.29891 1.29047 0.965597 0.844062 -1.02164 0.343314 0.26487 0.286721 0.0157439 
1.77114 -0.938373 1.23354 0.175354 1.32275 0.088561 0.992787 -0.46922 0.311975 0.0247472 0.232227 0.0693512 
1.91713 -0.968594 1.32136 -0.0594777 1.94628 -0.161428 0.517457 -0.935211 0.21041 0.377515 0.14326 0.0621635 
1.93911 -0.803563 1.37422 0.115025 1.38374 -0.555809 0.759119 0.0738498 0.0728491 0.325274 0.342554 0.0270487 
2.23649 -0.887543 0.888778 0.114801 1.38266 -0.21064 0.196693 -0.667921 0.309824 0.532938 0.166418 -0.032905 
2.10262 -1.13022 1.33078 0.410703 0.66333 0.0681323 1.12841 -0.262015 0.185775 0.406505 0.493757 -0.011177 
2.10529 -1.23074 1.239 -0.127553 1.32289 -0.0557577 0.752737 -0.228245 0.40074 0.109843 0.232411 0.132367 
2.01861 -0.739059 1.60389 0.264577 1.40584 -0.399628 0.7558 -0.635285 0.355231 0.277498 0.510071 0.0617118 
2.38167 -0.717003 0.852538 -0.0667925 1.29196 -0.0171768 0.498907 -0.970302 0.638629 0.390043 0.221235 0.00905847 
2.14573 -0.637082 0.620997 -0.803796 1.20813 -0.340522 0.779715 -0.555633 0.661911 0.419488 0.158538 0.0229778 
2.1217 -0.471739 1.13018 -0.046669 0.719106 -0.26314 0.554046 -0.359412 0.688443 0.599622 0.342967 -0.0532 
2.01708 -0.896517 1.07973 -0.458379 1.60945 -0.594432 0.554061 -0.556056 0.0331269 0.454222 0.267566 0.0313784 
2.06395 -0.689076 1.32817 -0.25177 1.67424 0.526818 0.563393 -0.572731 0.243234 0.21503 0.253038 0.0424304 
2.06418 -1.00866 0.961626 0.521273 1.23916 -0.22473 0.046805 -0.610234 0.327331 0.297261 0.299426 0.0611316 
2.01796 -0.824171 1.35393 -0.215284 1.38524 -0.810962 0.0702783 0.0549183 0.324872 0.338586 0.278831 0.0270353 
2.19684 -0.574693 1.6692 0.406357 1.45587 0.234305 0.52274 -1.0443 0.805883 0.431964 0.22143 0.038027 
2.12384 -0.862193 1.23917 0.0320772 1.30069 0.363004 0.539946 -0.431606 0.992604 0.126436 0.308975 0.125675 
1.81596 -1.18353 0.831932 -0.084355 2.08625 -0.45194 1.09402 -0.918731 0.386356 0.917945 0.0748948 0.0814458 
0.854097 -0.466145 1.70523 -0.964216 2.6759 0.137469 -0.37441 0.785677 -0.553499 0.106807 0.567408 -0.0940058 
-1.66879 2.0188 0.818267 -2.74638 2.40868 1.71891 -0.491111 0.81632 0.671013 -0.127696 0.546682 -0.208082 
-2.94792 2.32681 1.28114 -2.99799 0.994565 1.62599 -0.0381473 1.38012 1.67875 -0.455492 0.512202 -0.147444 
-3.29292 1.84555 0.722005 -4.0853 0.238618 0.188722 1.33975 0.786677 1.40531 -0.828764 0.10246 -0.200855 
-3.05551 0.229878 -0.99441 -2.46605 -0.783397 -0.450525 1.20146 0.791959 1.06625 -0.957778 0.173683 -0.204596 
-2.28559 0.588835 -0.693837 -2.48546 -0.515935 1.55331 1.76021 1.10809 1.16878 -0.318537 0.452024 -0.162634 
-1.75109 0.902312 -1.21227 -2.20977 -0.0473527 -1.16024 1.73532 0.894312 0.234874 -0.587828 -0.0290753 -0.0829268 
-1.82784 0.400931 -1.26288 -1.85756 -0.475414 -0.869843 2.16539 0.410853 0.447823 -0.0998138 0.171709 -0.0784626 
-0.860466 0.635079 -0.619908 -1.42112 -0.751411 -0.420814 0.882484 -0.162719 0.0147707 -0.663319 0.262249 0.0424726 
0.253706 0.563805 -0.0470234 -1.42111 1.35943e-005 -1.19699 0.509465 0.123413 0.400374 -0.71823 0.0536023 -0.00782866 
0.756265 1.21627 0.373488 -1.00055 -0.033683 -0.84439 1.08831 -0.280145 0.0493363 -0.882664 -0.0872766 -0.0363757 
2.21006 2.64278 2.31012 -0.0118014 1.33953 0.622426 2.67415 1.93788 1.15334 -0.785567 0.585528 -0.0659262 
4.18327 4.0941 3.23853 2.77677 2.98423 0.960971 1.39485 0.96457 0.046921 -0.62708 0.100202 -0.0368323 
3.76403 2.97297 3.05737 3.30769 2.25922 0.909562 0.93154 0.987743 0.226491 -0.31393 -0.108375 -0.0286113 
3.74372 2.98889 2.94604 3.22957 2.46538 1.22876 0.789486 0.767447 0.245652 -0.278387 -0.136486 -0.043708 
4.35279 3.47572 3.31196 3.84819 3.02697 1.15428 0.531884 0.919675 0.293959 -0.620863 -0.0215173 -0.0316996 
3.70252 3.26925 3.17508 2.9186 2.05572 1.06538 0.623706 0.433455 0.0399081 -0.204631 -0.0784094 -0.0465798 
3.96963 3.59182 3.12364 2.69467 2.29465 1.69689 0.835937 0.0791447 -0.212879 -0.169473 -0.0206885 -0.0448777 
3.63287 3.29732 3.04177 2.72619 2.15244 1.30553 0.616339 0.23438 -0.0116658 -0.136081 -0.0796202 -0.0467677 
3.7864 3.4673 3.20275 2.88433 2.2361 1.29093 0.492711 0.0793339 -0.147752 -0.230267 -0.0649048 -0.0595215 
4.1712 3.98757 4.08175 4.06212 2.93659 1.12795 0.189786 0.159596 -0.074812 -0.391589 -0.107742 -0.0880093 
4.2238 4.20349 4.13049 3.60081 2.71474 1.85901 0.968414 0.0582155 -0.393072 -0.267966 -0.0338722 -0.0866104 
4.36922 4.43322 4.44735 3.90583 2.77394 1.73812 0.870921 0.00718047 -0.345464 -0.223898 -0.109729 -0.0972149 
3.22538 2.8566 2.59891 2.21229 1.70876 1.19209 0.699124 0.268063 -0.011151 -0.12632 -0.134326 -0.042243 
3.04692 2.62148 2.3544 1.99298 1.53137 1.04874 0.613692 0.238838 -0.0363073 -0.151127 -0.157064 -0.0443981 
3.17949 2.85734 2.66695 2.37591 1.92676 1.39966 0.889998 0.414767 0.0655612 -0.108762 -0.134681 -0.037028 
4.01656 3.89347 3.63325 3.04193 2.28477 1.48877 0.777256 0.22663 -0.094443 -0.159196 -0.0428884 -0.0538731 
3.82293 3.65771 3.44633 2.98865 2.32095 1.52054 0.802849 0.235128 -0.115574 -0.181032 -0.0409511 -0.0574 
3.83883 3.79526 3.72404 3.32828 2.57791 1.59298 0.729874 0.163777 -0.164709 -0.197357 -0.0158078 -0.0675827 
4.07333 4.09364 4.01498 3.56623 2.74974 1.67669 0.69235 0.0216657 -0.267919 -0.253257 -0.0273962 -0.0799425 
4.12398 4.12115 4.01453 3.46712 2.58363 1.57854 0.608038 -0.0645096 -0.26271 -0.215259 -0.0649183 -0.0755319 
5.01768 5.00042 4.68764 3.89604 2.80924 1.45167 0.270603 -0.0392586 -0.017228 -0.10002 -0.217168 -0.0787148 
4.95988 5.04693 5.00782 4.52351 2.88822 0.973668 0.031644 0.0536684 0.127441 -0.182641 -0.294642 -0.0757333 
4.34143 4.22637 4.29528 3.87182 2.73051 1.27537 0.265992 0.0413239 -0.0512501 -0.229361 -0.136409 -0.0743747 
3.41347 3.13301 2.87124 2.46343 1.95613 1.3383 0.779725 0.27387 0.0119309 -0.108054 -0.101399 -0.0391765 
3.4717 3.15147 2.82787 2.30271 1.65991 0.92712 0.497247 0.13464 -0.0291005 -0.112301 -0.0460537 -0.0288389 
3.48243 3.21631 2.94489 2.51274 1.93428 0.936664 0.665958 0.0987994 0.118376 -0.0918498 -0.00286637 -0.0172081 
3.00712 2.81366 2.373 2.03178 1.74662 0.890507 0.91254 0.0971952 0.323612 -0.0023472 0.0312818 0.00393494 
2.84891 2.48547 2.06798 1.62785 1.54249 0.894562 0.903313 0.383576 0.442649 0.224509 0.159456 0.0293972 
2.87733 2.53442 2.19079 1.69003 1.47276 0.770819 0.794737 0.30236 0.469878 0.132593 0.19854 0.0347486 
2.90638 2.61463 1.95674 1.78442 1.13344 1.06148 0.96398 0.641918 0.644926 0.159381 0.146595 0.0441743 
3.48509 2.72077 1.28685 0.295039 0.651547 0.830599 2.50752 1.41323 1.29302 -0.054222 -0.123755 -0.054887 
4.54412 3.04379 0.858961 -0.646437 0.0607133 1.88732 2.95858 2.69894 1.41292 0.354376 0.00725162 -0.0561514 
3.2531 2.33637 1.30576 0.751491 1.01639 1.71127 2.37598 2.29983 1.51528 0.541865 0.0133001 0.00204205 
3.58207 3.04416 2.07466 1.10015 0.832906 1.4064 1.94798 1.64781 0.843144 0.267056 0.199487 0.0391271 
3.17138 2.82294 2.5137 2.03908 1.55309 1.3077 1.1502 0.947578 0.729641 0.522292 0.414263 0.0960879 
2.8923 2.41608 2.21182 2.02344 1.71952 1.42827 1.18891 0.971479 0.814924 0.704612 0.509694 0.0960142 
2.74673 2.26743 2.15475 1.96164 1.68116 1.53876 1.43898 1.09684 0.856011 0.561352 0.384781 0.0833456 
2.66037 2.15975 1.89146 1.81382 1.62499 1.42163 1.13985 0.931399 0.789705 0.514844 0.31061 0.0565731 
2.61992 1.51316 2.11312 1.98503 2.43088 1.84877 0.878825 0.741761 1.04714 0.756544 0.444455 0.0644825 
2.43943 0.69178 2.29242 2.01272 2.37464 1.65368 1.34492 -0.268367 0.108981 0.984588 0.643086 0.00194769 
1.71093 -0.414018 1.68535 0.936432 1.61448 0.077206 1.38233 -0.847908 -0.324329 0.697049 0.406931 0.0394736 
1.5517 -0.48076 1.02811 0.491612 1.62197 0.883999 0.432207 -0.498712 0.121302 0.639442 0.431124 0.0199314 
1.70645 -0.269591 1.14662 1.62842 1.99743 0.975313 0.973716 -0.844342 0.201851 0.299759 0.366392 0.0675546 
1.69567 -0.860732 1.18092 0.432108 1.73346 0.877439 0.634894 -0.0410689 0.144825 0.470923 0.359415 0.0468817 
1.51679 -0.816859 0.863406 0.789855 1.62275 0.655372 0.261992 -0.559304 0.0757302 0.554366 0.442936 0.0506131 
1.48875 -0.916323 0.720964 0.244112 1.62161 -0.105111 0.451846 -1.19375 0.563373 0.842803 0.397485 0.134532 
1.45689 -0.538565 0.723187 0.480801 1.72341 0.0101925 0.897083 -0.65021 0.468086 0.413417 0.480945 0.0822457 
1.39734 -0.254084 0.244595 0.112205 0.890839 -0.345597 0.436716 0.185257 0.515744 0.568017 0.565188 0.0198283 
1.55464 -0.699479 0.869582 0.153821 1.1164 0.354166 -0.167264 -0.66771 0.755201 0.544333 0.177175 0.0371525 
1.63641 -0.752126 0.3829 0.103718 0.717538 0.280945 1.39948 -0.553289 0.311509 0.535343 0.214136 -0.0247453 
1.75467 -0.766057 0.521604 -0.161869 0.785932 -0.263515 0.302747 -0.740542 0.374509 0.980261 0.208646 0.0550203 
