2.02156 0.179816 1.98619 0.358479 0.581673 -0.188208 0.271915 0.336813 0.983592 0.0363748 0.0796301 0.0513602 
2.08198 0.79395 1.81371 0.36784 1.51623 0.110541 0.927916 0.421988 0.623785 -0.0835355 0.33 0.0539596 
2.02036 0.18383 1.51014 0.0338848 1.02577 0.510451 1.50624 0.47013 0.466426 0.0525673 0.0377437 0.0548481 
2.04111 0.470765 1.64711 -0.0573001 1.66404 -0.184651 0.872047 0.465673 0.527897 0.184274 -0.107665 0.0598004 
2.1954 0.740433 1.77695 0.447351 1.26691 0.482999 2.12734 -0.246724 0.224352 -0.342001 0.0559648 0.0853243 
1.99294 0.188595 1.3049 -0.579094 0.381072 -0.037195 0.817223 0.0915897 0.154757 0.0409551 -0.121407 -0.00980532 
2.10825 0.521984 1.081 0.288768 0.891174 0.420416 1.15344 0.664002 0.730288 -0.285265 0.261442 0.0332316 
2.12556 0.501247 1.69866 -0.676332 0.751483 0.553735 0.911782 0.669667 0.563099 -0.0657359 -0.0490982 -0.00277827 
2.20035 0.587892 1.26636 0.139231 0.923182 0.213871 1.4629 -0.201904 1.13893 0.0639103 -0.000688829 -0.0194698 
2.12388 0.536879 1.88682 -0.182642 0.798344 -0.29522 1.17252 0.606178 0.519227 0.140142 0.215826 0.0289827 
1.98988 0.661591 1.32742 -0.344766 1.08111 0.141256 0.507684 0.495282 0.520984 -0.360815 0.165565 0.0504862 
2.01988 0.542258 1.26111 0.15848 0.753783 -0.0719298 1.63995 0.716227 0.731517 0.191161 0.112025 0.00109367 
2.36477 0.607225 1.12666 -0.994709 1.17842 0.339648 1.28811 0.241809 0.89854 0.332155 -0.0712425 0.020282 
2.63816 0.666543 1.08551 -0.365955 0.731755 -0.131698 0.782697 0.618348 0.525672 0.0551339 -0.196509 0.0371244 
2.66472 0.437709 1.3245 -0.583661 0.714657 -0.562037 1.04743 1.07385 0.645788 0.288486 -0.134602 0.063585 
2.23984 0.837383 0.546465 -0.334897 0.0471303 0.506834 2.02036 0.645446 0.438647 -0.264864 -0.0319035 -0.00877573 
2.3583 0.112634 1.41688 -0.211235 0.560454 -0.807696 0.913376 0.336869 0.178504 0.0409674 -0.121545 0.0530676 
2.12059 0.915595 1.46672 0.522636 1.9308 -0.099633 1.17438 0.282918 0.373823 -0.042148 0.152095 0.03919 
2.26196 0.606111 1.62801 0.311 1.50564 1.07134 1.47606 0.214026 0.330246 0.0976832 0.12553 0.0180549 
2.17755 0.76037 1.85176 0.932773 1.13759 0.0724561 1.51135 -0.173868 0.774262 0.0198928 0.121422 0.0456205 
2.31099 1.19991 2.37015 0.254224 2.05686 1.19125 1.48996 0.0865876 -0.239482 -0.471006 0.14893 0.0601251 
1.99421 1.06319 1.9572 -0.221426 0.686745 0.391001 0.976247 -0.560676 -0.664928 -0.626711 -0.364157 0.0231331 
1.45839 3.03855 0.614389 2.47308 0.27749 0.4735 0.702235 -1.3097 0.419154 -1.42341 0.0405218 -0.156599 
-0.433268 2.22693 -0.27349 -2.7463 -0.541752 -0.753151 0.973565 0.669519 -0.0617221 -1.27087 -0.135021 -0.155402 
0.121728 1.54177 -0.368371 -0.688208 -0.940281 -1.03578 1.69751 0.61087 0.139322 -0.893188 0.233662 -0.15516 
-0.326869 1.48576 0.240523 -1.04969 -1.63522 -1.28678 0.730388 0.907754 0.357926 -0.67168 0.396947 -0.0826737 
-0.721205 1.10234 0.0563094 -1.19209 -0.962886 -1.22466 0.470671 0.085927 0.475913 -0.89472 0.217341 -0.0634821 
-1.1823 0.932638 -0.354352 -2.4949 -1.12089 -1.5908 0.455931 0.279877 0.0918671 -0.836891 -0.115166 -0.00471417 
-1.39848 0.715617 -1.26316 -2.5892 -0.842409 -1.08201 0.735357 0.444648 0.456017 -0.933695 0.154209 -0.0343576 
-1.48053 0.60926 -1.30959 -2.05603 -0.579229 -1.31823 0.72394 0.726738 0.492482 -0.734821 0.200119 -0.0623424 
-0.816112 0.381485 -0.926902 -1.96166 -1.0062 -1.39887 0.695287 0.907847 0.982711 -0.900883 0.216988 -0.00186238 
-0.239729 0.800055 0.202706 -1.35958 0.623516 -0.834459 1.48525 1.24083 0.137097 -0.891009 -0.0311343 -0.0397136 
0.978958 0.389466 0.697635 -1.21519 0.152146 -0.943642 0.368362 0.657055 -0.348365 -0.947271 -0.087486 -0.0551425 
1.36203 1.04597 0.693332 -0.779269 0.703475 -1.0924 1.09492 0.714062 -0.246382 -0.639625 -0.094892 -0.0988793 
2.59455 2.31828 2.41246 1.01389 1.54664 0.514962 1.03025 1.19163 0.811842 0.0130131 0.162704 0.0303509 
3.22793 2.96211 2.80218 2.46387 2.03993 1.41603 1.07406 0.636139 0.109341 0.0491254 -0.0485172 -0.0172547 
3.37598 3.0752 3.02885 2.741 2.06877 1.58068 1.21246 0.54041 -0.00647413 -0.140971 -0.085566 -0.049534 
3.09566 2.62333 2.59038 2.24536 1.70904 1.2338 0.983582 0.540051 0.0618903 -0.0107767 -0.0849907 -0.0326618 
3.23794 2.81243 2.54227 2.41234 1.86767 1.2418 0.849096 0.497833 0.111461 -0.158205 -0.092923 -0.0388645 
3.78857 3.43842 3.6339 3.29043 2.10675 1.52788 1.31194 0.545559 -0.0761229 -0.037476 -0.0186143 -0.0449704 
4.01104 3.4773 3.60535 3.62802 2.39304 1.34496 1.31533 0.798683 -0.16171 -0.192583 0.0698298 -0.0309397 
4.10096 3.37789 3.69104 4.18032 2.86265 1.30739 1.10979 0.882937 -0.082186 -0.410068 0.121613 -0.0222962 
4.395 3.68755 4.07376 4.42443 2.74368 1.13153 1.15707 0.725823 -0.342035 -0.407981 0.059029 -0.0460927 
4.58273 3.33679 4.03883 4.95075 2.94957 0.840415 0.973322 0.882752 -0.229482 -0.590464 0.0102683 -0.0309609 
4.57398 2.7704 4.12877 5.84567 3.03221 0.205235 0.671523 0.831857 -0.127326 -0.439086 -0.11563 -0.046308 
3.53829 3.02518 3.09904 3.15919 2.27703 1.24942 0.941536 0.682299 0.0960384 -0.238707 -0.140436 -0.0535336 
3.14903 2.5933 2.49284 2.56442 2.07311 1.18523 0.772103 0.655973 0.178889 -0.285455 -0.220551 -0.0436345 
3.05689 2.60401 2.4705 2.22797 1.73391 1.18958 0.6681 0.247693 0.049847 -0.0635543 -0.164551 -0.0447479 
3.24886 2.79138 2.7293 2.56333 1.92873 1.26182 0.795849 0.284873 -0.0798787 -0.115793 -0.10714 -0.0498095 
3.75084 2.67986 2.94841 3.6962 2.59004 1.10746 1.06703 0.996545 0.0215367 -0.463494 -0.0773765 -0.029466 
4.58011 2.77364 2.752 4.3659 3.38874 0.75725 0.373264 0.910953 0.168248 -0.653959 -0.13823 -0.0160604 
4.58985 2.75378 3.05007 4.6711 3.71378 0.952515 0.524358 0.743843 0.227362 -0.599794 -0.0642942 -0.0167387 
5.03441 3.09519 3.19277 4.56219 3.6941 1.11757 0.501176 0.66561 -0.108648 -0.778688 -0.0569162 -0.00790464 
5.10768 3.1169 3.30301 4.85016 4.00037 0.585311 1.35082 0.639376 -0.27335 -0.638981 0.00103823 0.0173546 
4.09514 3.00631 3.02038 4.11811 3.27025 0.448124 1.00305 0.69025 0.038202 -0.618654 0.0117926 -0.0115766 
3.9106 3.12575 3.15336 3.9492 3.36045 -0.11352 0.848573 0.580346 0.321021 -0.646299 -0.0737636 -0.0158298 
3.66096 3.07582 2.69961 3.08543 2.25757 0.58058 0.468448 0.297284 0.227462 -0.413955 -0.0235335 -0.0387525 
3.57572 2.87078 2.39625 2.2158 1.96293 0.781665 0.494747 0.352358 0.146987 -0.205202 -0.0241207 -0.0256208 
3.55484 3.12471 2.5751 2.67334 1.90263 0.768539 0.879395 0.836128 0.339746 -0.346079 -0.00681306 -0.0201343 
3.43712 2.9412 2.86571 1.96196 2.02673 1.25091 1.43952 0.909974 0.275304 0.160165 0.0132023 0.0137888 
4.3866 3.2429 2.24083 1.36449 0.658468 0.771012 2.2019 1.73647 1.51515 0.230762 0.0487024 -0.0269047 
4.56952 3.69733 -0.408199 -0.956736 -1.89338 -1.00945 3.37088 1.7351 2.11896 -0.547146 0.231931 -0.226207 
5.48357 2.64841 -0.0960466 -1.24649 -1.00426 -0.156942 1.94266 1.73641 0.934347 -0.17508 -0.299236 -0.160118 
5.48726 3.28002 -0.123283 -2.09739 -2.02624 -0.665579 0.965079 1.02807 0.156934 -0.561589 -0.361726 -0.142602 
4.67082 2.14814 -0.480812 -2.06448 -1.30337 -0.0142758 1.50266 0.837412 -0.321043 -0.648639 -0.41859 -0.102048 
4.63896 2.07865 0.509846 -2.19387 -1.14578 -0.0791535 0.709657 0.599376 -0.334573 -0.894102 -0.269373 -0.018231 
3.55033 2.16386 1.36769 -1.2379 -0.200661 -0.493206 0.664878 -0.350748 -0.89551 -0.302791 0.129194 0.15041 
2.52129 1.69263 2.15905 0.765279 0.596404 -0.0347906 0.230799 -1.18802 -0.186186 -0.0508499 0.0407065 -0.0153947 
1.81141 1.59591 2.53839 0.49829 0.754361 0.861898 0.813719 -0.377514 0.152495 -0.0013455 -0.0525016 -0.034906 
1.76686 0.630553 2.74263 0.62639 1.59281 1.00585 0.976698 -0.612794 0.247207 -0.0803657 0.00486945 0.0506047 
1.65574 0.255688 2.26017 0.993256 1.3824 1.04966 1.81139 0.013732 0.287141 0.320855 -0.127211 0.0329408 
1.49424 0.0812029 1.91968 0.600882 1.04071 0.618808 1.70909 -0.501252 0.287718 0.433545 -0.177894 0.0597514 
1.08462 0.358398 2.03798 0.230113 0.985801 0.667943 1.68402 -0.72112 0.257363 0.567076 -0.142192 0.0117585 
1.13288 0.608869 1.94716 0.265279 1.19183 0.618684 2.24866 -0.986724 0.808482 0.287666 -0.235196 0.10072 
0.736842 -0.0568483 1.13725 0.207335 2.19024 0.55203 2.28689 -1.38856 1.58404 0.370308 -0.415034 0.030837 
-0.136394 0.619529 1.24716 0.0617378 1.94291 -0.0367782 2.20781 -1.75855 1.76305 0.34431 -0.307154 -0.00875078 
-0.0828449 -0.0483815 1.17219 0.336256 2.11471 -0.196124 2.74145 -1.25696 1.50239 0.232247 -0.347934 -0.0440808 
-0.159743 0.406387 1.14885 1.04882 1.44746 -0.013913 3.70728 -1.08741 1.01253 0.0894315 -0.194076 -0.0435983 
0.338067 0.405168 0.0342549 0.210386 1.82202 0.942672 3.04475 -1.28357 1.45522 -0.465624 -0.324068 0.0811618 
0.72518 -0.321613 1.50976 0.377399 0.459135 1.18529 3.13504 -1.81928 1.06817 0.104259 -0.350062 0.0692594 
1.19751 -0.348453 1.40111 1.39147 1.04016 0.510574 3.21005 -1.42341 1.00766 0.203096 -0.358955 0.122083 
0.527921 -0.265085 1.65414 1.46631 1.26385 -1.17446 2.15298 -1.55027 1.60525 0.53038 -0.391376 -0.0513059 
0.649242 0.615436 1.62547 0.191848 1.12914 -0.200482 3.52567 -0.880515 0.292164 0.109664 -0.0288552 0.0427935 
1.17646 0.28401 1.51841 0.656094 1.45822 -0.51315 1.14919 -0.907166 0.780742 0.301757 -0.433973 0.109523 
1.29461 0.890321 1.0322 0.956474 1.25358 0.35714 0.697517 -0.14752 0.741951 -0.255657 -0.0892776 0.057513 
