1e-030 1e-030 1e-030 1e-030 1e-030 1e-030 1e-030 1e-030 1e-030 1e-030 1e-030 1e-030 1e-030 1e-030 1e-030 1e-030 1.46787e-320 1e-030 1e-030 1e-030 1e-030 1e-030 1e-030 1e-030 1e-030 1e-030 1e-030 8.99912e-009 1e-030 0.597218 1e-030 0.402782 
1e-030 1e-030 1e-030 1e-030 1e-030 1e-030 1e-030 1e-030 1e-030 1e-030 1e-030 1e-030 1e-030 1e-030 1e-030 1e-030 2.09684e-039 1e-030 1e-030 1e-030 1e-030 1e-030 1e-030 1e-030 1e-030 1e-030 1e-030 0.360842 1e-030 4.94513e-006 1e-030 0.639153 
1e-030 1e-030 1e-030 1e-030 1e-030 1e-030 1e-030 1e-030 1e-030 1e-030 1e-030 1e-030 1e-030 1e-030 1e-030 1e-030 0.336774 1e-030 1e-030 1e-030 1e-030 1e-030 1e-030 0.168387 1e-030 1e-030 1e-030 0.32645 1e-030 0.168387 7.01542e-007 1.1408e-022 
1e-030 7.66418e-013 1e-030 3.65148e-121 1e-030 1e-030 1e-030 2.43202e-041 1e-030 1e-030 1e-030 1e-030 1e-030 1e-030 3.15654e-070 1e-030 7.50485e-067 4.14985e-226 1e-030 1e-030 1e-030 1e-030 1e-030 0.168315 1e-030 1e-030 1e-030 3.58147e-023 1e-030 1.53266e-244 0.259421 0.572264 
1e-030 0.0744532 1e-030 0.0248177 1e-030 1e-030 1e-030 0.0248177 1e-030 1e-030 1e-030 1e-030 1e-030 1e-030 0.0744532 1e-030 0.0744532 0.124089 0.0248177 1e-030 1e-030 0.0248177 1e-030 0.124089 1e-030 1e-030 1e-030 0.198542 1e-030 0.0496355 0.0569215 0.124093 
1e-030 1e-030 1e-030 1e-030 1e-030 1e-030 1e-030 1e-030 1e-030 1e-030 1e-030 1e-030 1e-030 1e-030 1e-030 1e-030 1e-030 1e-030 1e-030 1e-030 1e-030 1e-030 1e-030 1 1e-030 1e-030 1e-030 3.06456e-009 1e-030 1e-030 1e-030 1.30211e-076 
1e-030 1e-030 1e-030 1e-030 1e-030 1e-030 1e-030 1e-030 1e-030 1e-030 1e-030 1e-030 1e-030 1e-030 1e-030 1e-030 1e-030 1e-030 1e-030 1e-030 1e-030 1e-030 1e-030 4.48289e-010 1e-030 1e-030 1e-030 0.85557 1e-030 1e-030 2.18791e-211 0.14443 
1e-030 1e-030 1e-030 1e-030 1e-030 1e-030 1e-030 1e-030 1e-030 1e-030 1e-030 1e-030 1e-030 1e-030 1e-030 1e-030 1e-030 1e-030 1e-030 1e-030 1e-030 1e-030 1e-030 0.0480758 1e-030 1e-030 1e-030 0.575519 1e-030 1e-030 1.91117e-112 0.376405 
1e-030 1e-030 1e-030 1e-030 1e-030 1e-030 1e-030 1e-030 1e-030 1e-030 1e-030 1e-030 1e-030 1e-030 1e-030 1e-030 1e-030 1e-030 1e-030 1e-030 1e-030 1e-030 1e-030 0.998856 1e-030 1e-030 1e-030 0.000714795 1e-030 1e-030 1.46555e-024 0.000428948 
1e-030 1e-030 1e-030 1e-030 1e-030 1e-030 1e-030 0.0203897 1e-030 1e-030 1e-030 1e-030 1e-030 1e-030 1e-030 1e-030 1e-030 0.122338 1e-030 0.0203897 0.101948 0.0203897 1e-030 0.0418018 1e-030 1e-030 1e-030 0.28534 1e-030 0.0203897 0.224286 0.142727 
1e-030 1e-030 1e-030 1e-030 1e-030 1e-030 1e-030 1e-030 1e-030 1e-030 1e-030 1e-030 1e-030 1e-030 1e-030 1e-030 1e-030 1e-030 1e-030 1e-030 1e-030 1e-030 1e-030 0.0714807 1e-030 1e-030 1e-030 0.356674 1e-030 1e-030 6.71146e-034 0.571846 
1e-030 1e-030 1e-030 1e-030 1e-030 1e-030 1e-030 1e-030 1e-030 1e-030 1e-030 1e-030 1e-030 1e-030 1e-030 1e-030 1e-030 1e-030 1e-030 1e-030 1e-030 1e-030 1e-030 5.10894e-245 1e-030 1e-030 1e-030 0.00508006 1e-030 1e-030 0.994919 6.9612e-007 
1e-030 1e-030 1e-030 1e-030 1e-030 1e-030 1e-030 1e-030 1e-030 1e-030 1e-030 1e-030 1e-030 1e-030 1e-030 1e-030 1e-030 1e-030 1e-030 1e-030 1e-030 1e-030 1e-030 9.15551e-035 1e-030 1e-030 1e-030 2.34045e-082 1e-030 1e-030 8.2579e-005 0.999917 
1e-030 1e-030 1e-030 1e-030 1e-030 1e-030 1e-030 1e-030 1e-030 1e-030 1e-030 1e-030 1e-030 1e-030 1e-030 1e-030 1e-030 1.24973e-268 1e-030 1e-030 1e-030 1e-030 1e-030 0.552373 1e-030 1e-030 1e-030 3.86304e-170 5.4274e-122 1e-030 0.0920773 0.35555 
1e-030 1e-030 1e-030 1e-030 1e-030 1e-030 1e-030 1e-030 1e-030 1e-030 1e-030 1e-030 1e-030 1e-030 1e-030 1e-030 0.109707 0.137134 1e-030 1e-030 0.137134 1e-030 1e-030 0.054863 1e-030 1e-030 1e-030 0.274267 0.0274267 1e-030 0.201098 0.0583716 
1e-030 1e-030 1e-030 1e-030 1e-030 1e-030 1e-030 1e-030 1e-030 1e-030 1e-030 1e-030 1e-030 1e-030 1e-030 1e-030 1e-030 1e-030 1e-030 1e-030 1e-030 1e-030 1e-030 1.2903e-317 1e-030 1e-030 1e-030 1 1e-030 1.39611e-270 1.16362e-165 2.73617e-013 
1e-030 1e-030 1e-030 1e-030 1e-030 1e-030 1e-030 1e-030 1e-030 1e-030 1e-030 1e-030 1e-030 1e-030 1e-030 1e-030 1e-030 1e-030 1e-030 1e-030 1e-030 1e-030 1e-030 6.48116e-240 1e-030 4.46744e-268 1e-030 0.322009 1e-030 2.6691e-210 5.54102e-012 0.677991 
1e-030 1e-030 1e-030 1e-030 1e-030 1e-030 1e-030 1e-030 1e-030 1e-030 1e-030 1e-030 1e-030 1e-030 1e-030 1e-030 1e-030 1e-030 1e-030 1e-030 1e-030 1e-030 1e-030 8.0833e-085 1e-030 1e-030 1e-030 0.766768 1e-030 0.116616 0.116616 3.07009e-010 
1e-030 1e-030 1e-030 1e-030 1e-030 1e-030 1e-030 1e-030 1e-030 1e-030 1e-030 1e-030 1e-030 1e-030 1e-030 1e-030 1.68903e-245 7.72503e-188 1e-030 1e-030 1e-030 1e-030 1e-030 0.253565 1e-030 0.036225 1e-030 4.39237e-104 1e-030 1.19335e-010 9.71079e-020 0.71021 
1e-030 1e-030 1e-030 1e-030 1e-030 1e-030 1e-030 1e-030 1e-030 1e-030 1e-030 1e-030 1e-030 0.0230442 1e-030 1e-030 0.092177 0.0460885 1e-030 0.0230442 0.092177 1e-030 1e-030 0.138272 1e-030 4.21755e-191 1e-030 0.138265 1e-030 1.83859e-225 0.253487 0.193445 
1e-030 1e-030 1e-030 1e-030 1e-030 1e-030 1e-030 1e-030 1e-030 1e-030 1e-030 1e-030 1e-030 1e-030 1e-030 1e-030 1e-030 1e-030 1e-030 1e-030 1e-030 1e-030 1e-030 1.2903e-317 1e-030 1e-030 1e-030 1 1e-030 1.39611e-270 1.16362e-165 2.73617e-013 
1e-030 1e-030 1e-030 1e-030 1e-030 1e-030 1e-030 1e-030 1e-030 1e-030 1e-030 1e-030 1e-030 1e-030 1e-030 1e-030 1e-030 1e-030 1e-030 1e-030 1e-030 1e-030 1e-030 6.48116e-240 1e-030 4.46744e-268 1e-030 0.322009 1e-030 2.6691e-210 5.54102e-012 0.677991 
1e-030 1e-030 1e-030 1e-030 1e-030 1e-030 1e-030 1e-030 1e-030 1e-030 1e-030 1e-030 1e-030 1e-030 1e-030 1e-030 1e-030 1e-030 1e-030 1e-030 1e-030 1e-030 1e-030 8.0833e-085 1e-030 1e-030 1e-030 0.766768 1e-030 0.116616 0.116616 3.07009e-010 
1e-030 1e-030 1e-030 1e-030 1e-030 1e-030 1e-030 1e-030 1e-030 1e-030 1e-030 1e-030 1e-030 1e-030 1e-030 1e-030 1.68903e-245 7.72503e-188 1e-030 1e-030 1e-030 1e-030 1e-030 0.253565 1e-030 0.036225 1e-030 4.39237e-104 1e-030 1.19335e-010 9.71079e-020 0.71021 
1e-030 1e-030 1e-030 1e-030 1e-030 1e-030 1e-030 1e-030 1e-030 1e-030 1e-030 1e-030 1e-030 0.0230442 1e-030 1e-030 0.092177 0.0460885 1e-030 0.0230442 0.092177 1e-030 1e-030 0.138272 1e-030 4.21755e-191 1e-030 0.138265 1e-030 1.83859e-225 0.253487 0.193445 
1e-030 1e-030 1e-030 1e-030 1e-030 1e-030 1e-030 1e-030 1e-030 1e-030 1e-030 1e-030 1e-030 1e-030 1e-030 1e-030 1e-030 1e-030 1e-030 1e-030 1e-030 1e-030 1e-030 0.203007 1e-030 1e-030 1e-030 0.796993 1e-030 1e-030 2.32268e-046 1.97593e-017 
1e-030 1e-030 1e-030 5.92024e-155 1e-030 1e-030 1e-030 4.83689e-098 1e-030 1e-030 1e-030 1e-030 1e-030 1e-030 1.21112e-180 1e-030 9.01992e-181 1e-030 1e-030 1e-030 5.74392e-181 1e-030 1e-030 0.356935 1e-030 1e-030 1e-030 0.162832 1e-030 3.16656e-206 0.0592962 0.420937 
1e-030 1e-030 1e-030 9.64896e-098 1e-030 1e-030 1e-030 1.64309e-212 1e-030 1e-030 1e-030 1e-030 1e-030 1e-030 1.18101e-154 1e-030 1.19466e-180 1e-030 1e-030 1e-030 1.84018e-180 1e-030 1e-030 7.89658e-007 1e-030 1e-030 1e-030 0.301968 1e-030 9.56055e-210 7.19599e-286 0.698031 
1e-030 1e-030 1e-030 1e-030 1e-030 1e-030 1e-030 1.04453e-097 1e-030 1e-030 1e-030 1e-030 1e-030 1e-030 3.38723e-126 1e-030 2.3769e-154 1e-030 1e-030 1e-030 1.6373e-182 1e-030 1e-030 1 1e-030 1e-030 1e-030 7.83688e-235 1e-030 9.03597e-209 2.67632e-150 3.54974e-010 
1e-030 1e-030 1e-030 0.0268885 1e-030 1e-030 1e-030 0.0537771 1e-030 1e-030 1e-030 1e-030 1e-030 1e-030 0.0268885 1e-030 0.0268885 1e-030 1e-030 1e-030 0.0268885 1e-030 1e-030 0.139567 1e-030 1e-030 1e-030 0.18822 1e-030 0.0268885 0.215108 0.268885 
1e-030 1e-030 1e-030 1e-030 1e-030 1e-030 1e-030 1e-030 1e-030 1e-030 1e-030 1e-030 1e-030 1e-030 1e-030 1e-030 1e-030 1e-030 1e-030 1e-030 1e-030 1e-030 1e-030 0.101323 1e-030 1e-030 1e-030 0.491967 1e-030 1e-030 1e-030 0.40671 
1e-030 1e-030 1e-030 1e-030 1e-030 1e-030 1e-030 1e-030 1e-030 1e-030 1e-030 1e-030 1e-030 1e-030 1e-030 1e-030 1e-030 1e-030 1e-030 1e-030 1e-030 1e-030 1e-030 0.281929 1e-030 1e-030 1e-030 0.286751 1e-030 1e-030 1.03332e-313 0.431319 
1e-030 1e-030 1e-030 1e-030 1e-030 1e-030 1e-030 1e-030 1e-030 1e-030 1e-030 1e-030 1e-030 1e-030 1e-030 1e-030 1e-030 1e-030 1e-030 1e-030 1e-030 1e-030 1e-030 0.00402455 1e-030 1e-030 1e-030 0.520662 1e-030 1e-030 1.03455e-121 0.475313 
1e-030 1e-030 1e-030 1e-030 1e-030 1e-030 1e-030 1.01474e-218 1e-030 1e-030 1e-030 1e-030 1e-030 2.57479e-190 1e-030 1e-030 1e-030 1e-030 1e-030 1e-030 1e-030 1e-030 1e-030 0.996926 1e-030 1e-030 1e-030 1.43503e-014 1e-030 1e-030 1.42388e-032 0.00307413 
1e-030 1e-030 1e-030 1e-030 1e-030 1e-030 1e-030 0.0221538 1e-030 1e-030 1e-030 1e-030 1e-030 0.0221538 0.0664614 1e-030 1e-030 1e-030 1e-030 1e-030 0.0443076 0.0443076 1e-030 0.114088 1e-030 1e-030 1e-030 0.0886151 1e-030 1e-030 0.132923 0.46499 
1e-030 1e-030 1e-030 1e-030 1e-030 1e-030 1e-030 1e-030 1e-030 1e-030 1e-030 1e-030 1e-030 1e-030 1e-030 1e-030 1e-030 1e-030 1e-030 1e-030 1e-030 1e-030 1e-030 1e-030 1e-030 1e-030 1e-030 1 1e-030 1e-030 1e-030 1e-030 
1e-030 1e-030 1e-030 1e-030 1e-030 1e-030 1e-030 1e-030 1e-030 1e-030 1e-030 1e-030 1e-030 1e-030 1e-030 1e-030 1e-030 1e-030 1e-030 1e-030 1e-030 1e-030 1e-030 0.457421 1e-030 1e-030 1e-030 0.102874 1e-030 1e-030 1e-030 0.439705 
1e-030 1e-030 1e-030 1e-030 1e-030 1e-030 1e-030 1e-030 1e-030 1e-030 1e-030 1e-030 1e-030 1e-030 1e-030 1e-030 1e-030 1e-030 1e-030 1e-030 1e-030 1e-030 1e-030 1.60454e-010 1e-030 1e-030 1e-030 0.322602 1e-030 1e-030 1.57854e-320 0.677398 
1e-030 1e-030 1e-030 1e-030 1e-030 1e-030 1e-030 1e-030 1e-030 1e-030 1e-030 1e-030 1e-030 1e-030 1e-030 1e-030 1e-030 1e-030 1e-030 1e-030 1e-030 1e-030 1e-030 1 1e-030 1e-030 1e-030 5.75589e-186 1e-030 1e-030 5.7435e-104 1.46683e-007 
1e-030 1e-030 1e-030 1e-030 1e-030 1e-030 1e-030 0.0243367 1e-030 0.0243367 1e-030 1e-030 1e-030 1e-030 0.0243367 1e-030 0.0486733 0.0486733 1e-030 1e-030 1e-030 1e-030 1e-030 0.0752069 1e-030 1e-030 1e-030 0.121683 1e-030 1e-030 0.340713 0.29204 
1e-030 1e-030 1e-030 1e-030 1e-030 1e-030 1e-030 1e-030 1e-030 1e-030 1e-030 1e-030 1e-030 1e-030 1e-030 1e-030 1e-030 1e-030 1e-030 1e-030 1e-030 1e-030 1e-030 1 1e-030 1e-030 1e-030 8.49837e-124 1e-030 1e-030 1e-030 4.96612e-009 
1e-030 1e-030 1e-030 1e-030 1e-030 1e-030 1e-030 1e-030 1e-030 1e-030 1e-030 1e-030 1e-030 1e-030 1e-030 1e-030 1e-030 9.45176e-244 1.42664e-097 1e-030 1e-030 1e-030 1e-030 0.601823 1e-030 1e-030 1e-030 0.210207 1e-030 1e-030 6.51596e-127 0.187969 
1e-030 1e-030 1e-030 1e-030 1e-030 1e-030 1e-030 1e-030 1e-030 1e-030 1e-030 1e-030 1e-030 1e-030 1e-030 1e-030 1e-030 2.2696e-213 1.87766e-067 1e-030 1e-030 1e-030 1e-030 0.129352 1e-030 1e-030 1e-030 0.870648 1e-030 1e-030 9.97509e-097 2.39401e-118 
1e-030 1e-030 1e-030 1e-030 1e-030 1e-030 1e-030 1e-030 1e-030 1e-030 1e-030 1e-030 1e-030 1e-030 1e-030 1e-030 1e-030 1.79547e-183 1.3978e-305 1e-030 1e-030 1e-030 1e-030 1 1e-030 1e-030 1e-030 4.56641e-018 1e-030 1e-030 1.84051e-067 7.68243e-144 
1e-030 1e-030 1e-030 1e-030 1e-030 1e-030 1e-030 1e-030 1e-030 0.0595103 1e-030 1e-030 1e-030 1e-030 1e-030 1e-030 0.0595103 0.0595103 0.0396735 0.0595103 0.0396735 0.0396735 1e-030 0.26604 1e-030 1e-030 1e-030 0.138857 1e-030 1e-030 0.198368 0.0396735 
1e-030 1e-030 1e-030 1e-030 1e-030 1e-030 1e-030 1e-030 1e-030 1e-030 1e-030 1e-030 1e-030 1e-030 1e-030 1e-030 1e-030 1e-030 1e-030 1e-030 1e-030 1e-030 1e-030 0.738612 1e-030 1e-030 1e-030 0.261388 1e-030 1e-030 1e-030 1.292e-157 
1e-030 1e-030 1e-030 1e-030 1e-030 1e-030 1e-030 1e-030 1e-030 1e-030 1e-030 1e-030 1e-030 1e-030 1e-030 1e-030 1e-030 1e-030 1e-030 1e-030 1e-030 1e-030 1e-030 0.18277 0.0572066 1e-030 1e-030 0.47399 1e-030 1.3425e-099 5.79933e-129 0.286033 
1e-030 1e-030 1e-030 1e-030 1e-030 1e-030 1e-030 1e-030 1e-030 1e-030 1e-030 1e-030 1e-030 1e-030 1e-030 1e-030 1e-030 1e-030 1e-030 1e-030 1e-030 1e-030 1e-030 0.00455476 1.09851e-178 1e-030 1e-030 0.995445 1e-030 1e-030 2.91084e-099 1e-030 
1e-030 1e-030 1e-030 1e-030 1e-030 1e-030 1e-030 1e-030 1e-030 1e-030 1e-030 1e-030 1e-030 1e-030 1e-030 1e-030 1e-030 1e-030 1e-030 1e-030 1e-030 1e-030 1e-030 1 3.43685e-248 1e-030 1e-030 5.606e-049 1e-030 4.68933e-238 1.99583e-099 1e-030 
1e-030 1e-030 1e-030 1e-030 1e-030 1e-030 1e-030 0.0242499 1e-030 1e-030 1e-030 1e-030 1e-030 0.0242499 1e-030 1e-030 0.0242499 0.121249 1e-030 1e-030 0.0242499 1e-030 1e-030 0.175505 1.40989e-159 1e-030 1e-030 0.193999 1e-030 0.0242499 0.218249 0.169749 
1e-030 1e-030 1e-030 1e-030 1e-030 1e-030 1e-030 1e-030 1e-030 1e-030 1e-030 1e-030 1e-030 1e-030 1e-030 1e-030 1e-030 1e-030 1e-030 1e-030 1e-030 1e-030 1e-030 0.999971 1e-030 1e-030 1e-030 2.90533e-005 1e-030 1e-030 1e-030 3.20917e-037 
1e-030 1e-030 1e-030 1e-030 1e-030 1e-030 1e-030 1e-030 1e-030 3.78735e-050 1e-030 1e-030 1e-030 1e-030 1e-030 1e-030 1e-030 1e-030 1e-030 1e-030 1e-030 1e-030 1e-030 0.231767 1e-030 1e-030 1e-030 0.317052 1e-030 1e-030 1e-030 0.451181 
1e-030 1e-030 1e-030 1e-030 1e-030 1e-030 1e-030 1e-030 1e-030 5.97347e-005 1e-030 1e-030 1e-030 1e-030 1e-030 1e-030 1e-030 1e-030 1e-030 1e-030 1e-030 1e-030 1e-030 0.402801 1e-030 1e-030 1e-030 0.59714 1e-030 1e-030 2.95694e-261 5.80218e-017 
1e-030 1e-030 1e-030 1e-030 1e-030 1e-030 1e-030 1e-030 1e-030 0.0725236 1e-030 1e-030 1e-030 1e-030 1e-030 1e-030 1e-030 6.34813e-269 1e-030 1e-030 1e-030 1e-030 1e-030 0.92747 1e-030 1e-030 1e-030 6.27773e-006 1e-030 1e-030 1.32839e-085 1.6439e-077 
1e-030 0.0248638 1e-030 1e-030 1e-030 1e-030 1e-030 0.0248638 1e-030 3.09397e-163 1e-030 1e-030 1e-030 0.0248638 0.0248638 1e-030 0.0248638 0.149183 1e-030 1e-030 0.0497276 0.0248638 1e-030 0.154632 1e-030 1e-030 1e-030 0.149181 0.0248638 1e-030 0.149183 0.174047 
1e-030 1e-030 1e-030 1e-030 1e-030 1e-030 1e-030 1e-030 1e-030 9.50677e-162 1e-030 1e-030 1e-030 1e-030 1e-030 1e-030 1e-030 1e-030 1e-030 1e-030 1e-030 2.84744e-237 1e-030 1 1e-030 1e-030 1e-030 3.35214e-025 1e-030 1e-030 1e-030 1.04815e-267 
1e-030 1e-030 1e-030 1e-030 1e-030 1e-030 1e-030 1e-030 1e-030 0.0334966 1e-030 1e-030 1e-030 1e-030 1e-030 1e-030 1e-030 1e-030 1e-030 1e-030 1e-030 0.0334966 1e-030 0.750746 1e-030 1e-030 1e-030 0.148764 1e-030 1e-030 1e-030 0.0334966 
1e-030 1e-030 1e-030 1e-030 1e-030 1e-030 1e-030 1e-030 1e-030 7.59882e-313 1e-030 1e-030 1e-030 1e-030 1e-030 1e-030 1e-030 1e-030 1e-030 1e-030 1e-030 1.62067e-152 1e-030 0.214894 1e-030 1e-030 1e-030 0.785106 1e-030 1e-030 1e-030 1e-030 
1e-030 1e-030 1e-030 1e-030 1e-030 1e-030 1e-030 1e-030 1e-030 2.82826e-291 1e-030 1e-030 1e-030 1e-030 1e-030 1e-030 1e-030 1e-030 1e-030 1e-030 1e-030 4.2124e-008 1e-030 1 1e-030 1e-030 1e-030 3.16696e-040 1e-030 1e-030 4.3492e-182 1.06227e-140 
1e-030 1e-030 1e-030 0.132574 1e-030 1e-030 1e-030 0.0331435 1e-030 1.56374e-136 1e-030 1e-030 1e-030 0.0331435 0.0331435 0.0662871 0.0331435 0.0331435 0.0331435 1e-030 1e-030 0.0662871 1e-030 0.138268 1e-030 1e-030 1e-030 0.0331435 1e-030 1e-030 0.364579 1.12523e-064 
1e-030 1e-030 1e-030 1e-030 1e-030 1e-030 1e-030 1e-030 1e-030 1e-030 1e-030 1e-030 1e-030 1e-030 1e-030 1e-030 1e-030 1e-030 1e-030 1e-030 1e-030 0.21548 1e-030 0.30086 1e-030 1e-030 1e-030 0.483661 1e-030 1e-030 1e-030 1e-030 
1e-030 1e-030 1e-030 1e-030 1e-030 1e-030 1e-030 1e-030 1e-030 1e-030 1e-030 1e-030 1e-030 1e-030 1e-030 1e-030 1e-030 1e-030 5.25772e-135 1e-030 1e-030 0.00658159 1e-030 0.922762 1e-030 1e-030 1e-030 0.0706562 1e-030 1e-030 1e-030 1e-030 
1e-030 1e-030 1e-030 1e-030 1e-030 1e-030 1e-030 1e-030 1e-030 1e-030 1e-030 1e-030 1e-030 1.98699e-140 1e-030 1e-030 1e-030 1e-030 2.68617e-095 1e-030 1e-030 1.28539e-028 1e-030 0.470397 1e-030 1e-030 1e-030 0.529603 1e-030 1e-030 1e-030 1e-030 
1e-030 1e-030 1e-030 1e-030 1e-030 1e-030 1e-030 1e-030 1e-030 1e-030 1e-030 1e-030 1e-030 1.08955e-016 1e-030 1e-030 1e-030 1e-030 0.00279057 1e-030 1e-030 0.191018 1e-030 0.806192 4.80429e-174 1e-030 1e-030 3.94815e-007 1e-030 1e-030 2.89673e-059 1e-030 
1e-030 0.0286072 1e-030 1e-030 1e-030 0.0286072 1e-030 1e-030 1e-030 1e-030 1e-030 1e-030 1e-030 0.0572144 1e-030 1e-030 0.0858216 0.143036 0.0845679 1e-030 1e-030 1.30525e-006 1e-030 0.371894 0.0572144 1e-030 1e-030 7.51399e-086 1e-030 1e-030 0.143036 1e-030 
1e-030 1e-030 1e-030 1e-030 1e-030 1e-030 1e-030 1e-030 1e-030 1e-030 1e-030 1e-030 1e-030 1e-030 1e-030 1e-030 1e-030 1e-030 1e-030 1e-030 1e-030 1e-030 1e-030 3.68051e-037 1e-030 1e-030 1e-030 1 1e-030 1e-030 1e-030 1e-030 
1e-030 1e-030 1e-030 1e-030 1e-030 1e-030 1e-030 1e-030 1e-030 1e-030 1e-030 1e-030 1e-030 1e-030 1e-030 1e-030 1e-030 1e-030 1e-030 1e-030 1e-030 1e-030 1e-030 0.844777 1e-030 1e-030 1e-030 2.22481e-050 1e-030 1e-030 1e-030 0.155223 
1e-030 1e-030 1e-030 1e-030 1e-030 1e-030 1e-030 1e-030 1e-030 1e-030 1e-030 1e-030 1e-030 1e-030 1e-030 1e-030 1e-030 1e-030 1e-030 1e-030 1e-030 3.20267e-208 1e-030 0.111439 1e-030 1e-030 1e-030 0.888561 1e-030 1e-030 1e-030 9.55452e-090 
1e-030 1e-030 1e-030 1e-030 1e-030 1e-030 1e-030 1e-030 1e-030 1e-030 1e-030 1e-030 1e-030 1e-030 1e-030 1e-030 1e-030 1e-030 0.00709206 1e-030 1e-030 0.111181 1e-030 0.881727 1e-030 1e-030 1e-030 3.25561e-095 1e-030 1e-030 1e-030 6.71104e-078 
1e-030 1e-030 1e-030 1e-030 1e-030 1e-030 1e-030 1e-030 1e-030 1e-030 1e-030 1e-030 1e-030 0.0733991 1e-030 1e-030 0.0978655 0.146798 0.0458114 1e-030 0.0489327 1.8363e-054 1e-030 0.293596 1e-030 1e-030 1e-030 0.0733991 1e-030 0.0244664 0.0978655 0.0978655 
1e-030 1e-030 1e-030 1e-030 1e-030 1e-030 1e-030 1e-030 1e-030 1e-030 1e-030 1e-030 1e-030 1e-030 1e-030 1e-030 1e-030 1e-030 1e-030 1e-030 1e-030 1e-030 1e-030 1.00375e-009 1e-030 1e-030 1e-030 1 1e-030 1e-030 1e-030 1.49345e-263 
1e-030 1e-030 1e-030 1e-030 1e-030 1e-030 1e-030 1.08155e-238 1e-030 1e-030 1e-030 1e-030 1e-030 1e-030 1e-030 1e-030 1e-030 1.48522e-209 1e-030 1e-030 2.94892e-122 1e-030 1e-030 0.711659 2.03954e-180 1e-030 1e-030 0.243225 1e-030 1e-030 1.53842e-122 0.045116 
1e-030 1e-030 1e-030 1e-030 1e-030 1e-030 1e-030 1.73507e-208 1e-030 1e-030 1e-030 1e-030 1e-030 1e-030 1e-030 1e-030 1e-030 1.98507e-179 1e-030 1e-030 1e-030 1e-030 1e-030 0.177469 2.13048e-150 1e-030 1e-030 0.822531 1e-030 1e-030 1.2026e-121 3.79056e-008 
1e-030 1e-030 1e-030 1e-030 1e-030 1e-030 1e-030 2.32941e-179 1e-030 1e-030 1e-030 1e-030 1e-030 1e-030 1e-030 1e-030 1e-030 1.837e-150 1e-030 1e-030 7.08697e-067 1e-030 1e-030 0.999997 4.17141e-122 1e-030 1e-030 3.324e-006 1e-030 1e-030 1.25077e-246 1.22723e-186 
1e-030 1e-030 1e-030 1e-030 1e-030 1e-030 1e-030 0.131128 1e-030 1e-030 1e-030 1e-030 1e-030 0.0262255 0.0262255 1e-030 0.183579 0.052451 0.052451 1e-030 0.052451 1e-030 1e-030 0.108334 0.0262255 1e-030 1e-030 0.157352 1e-030 0.0262255 0.104902 0.052451 
1e-030 1e-030 1e-030 1e-030 1e-030 1e-030 1e-030 1e-030 1e-030 1e-030 1e-030 1e-030 1e-030 1e-030 1e-030 1e-030 1e-030 1e-030 1e-030 1e-030 1e-030 1 1e-030 1e-030 1e-030 1e-030 1e-030 1e-030 1e-030 1e-030 1e-030 1e-030 
1e-030 1e-030 1e-030 1e-030 1e-030 1e-030 1e-030 1e-030 1e-030 1e-030 1e-030 1e-030 1e-030 1e-030 1e-030 1e-030 1e-030 1e-030 1e-030 1e-030 1e-030 1e-030 1e-030 0.716914 1e-030 1e-030 1e-030 0.283086 1e-030 1e-030 1e-030 1e-030 
1e-030 1e-030 1e-030 1e-030 1e-030 1e-030 1e-030 1e-030 1e-030 1e-030 1e-030 1e-030 1e-030 1e-030 1e-030 1e-030 1e-030 1e-030 7.06775e-158 1e-030 1e-030 1e-030 1e-030 0.199835 1e-030 1e-030 1e-030 0.800165 1e-030 1e-030 1e-030 1e-030 
1e-030 1e-030 1e-030 1e-030 1e-030 1e-030 1e-030 1e-030 1e-030 1e-030 1e-030 1e-030 1e-030 1e-030 1e-030 1e-030 1e-030 1e-030 0.0607517 1e-030 1e-030 1e-030 1e-030 0.854362 1e-030 1e-030 1e-030 0.0848859 1e-030 1e-030 4.7965e-109 1.07206e-010 
1e-030 1e-030 1e-030 1e-030 1e-030 1e-030 1e-030 0.025641 1e-030 1e-030 1e-030 1e-030 1e-030 1e-030 0.025641 1e-030 0.025641 0.051282 8.14489e-008 1e-030 1e-030 1e-030 1e-030 0.153846 1e-030 0.025641 1e-030 6.73834e-056 0.051282 1e-030 0.487179 0.153846 
1e-030 1e-030 1e-030 1e-030 1e-030 1e-030 1e-030 1e-030 1e-030 1e-030 1e-030 1e-030 1e-030 1e-030 1e-030 1e-030 1e-030 1e-030 1e-030 1e-030 1e-030 1e-030 1e-030 0.399518 1e-030 1e-030 1e-030 0.530893 1e-030 1e-030 1e-030 0.0695896 
1e-030 1e-030 1e-030 1e-030 1e-030 1e-030 1e-030 1e-030 1e-030 1e-030 1e-030 1e-030 1e-030 1e-030 1e-030 1e-030 1e-030 1e-030 6.47795e-201 1e-030 1e-030 1e-030 1e-030 0.796908 1e-030 1e-030 1e-030 5.30597e-005 1e-030 1e-030 1e-030 0.203039 
1e-030 1e-030 1e-030 1e-030 1e-030 1e-030 1e-030 1e-030 1e-030 1e-030 1e-030 1e-030 1e-030 8.98938e-279 1e-030 1e-030 1e-030 1e-030 3.60534e-119 1e-030 1e-030 1e-030 1e-030 0.233281 1e-030 1e-030 1e-030 0.766719 1e-030 1e-030 1e-030 1.63075e-029 
1e-030 1e-030 1e-030 1e-030 1e-030 1e-030 1e-030 1e-030 1e-030 1e-030 1e-030 1e-030 1e-030 6.96516e-084 1e-030 1e-030 1e-030 1e-030 1.65986e-014 1e-030 1e-030 1e-030 1e-030 0.999828 1e-030 1e-030 1e-030 0.000172032 1e-030 1e-030 2.35521e-265 1.43737e-161 
1e-030 0.0636908 1e-030 1e-030 1e-030 1e-030 1e-030 0.0212303 1e-030 1e-030 1e-030 1e-030 1e-030 0.0424605 0.0424605 1e-030 0.0849211 0.148612 0.0424605 1e-030 1e-030 1e-030 1e-030 0.0871374 0.0636908 1e-030 1e-030 0.148573 1e-030 0.0424605 0.169842 0.0424605 
1e-030 1e-030 1e-030 1e-030 1e-030 1e-030 1e-030 1e-030 1e-030 1e-030 1e-030 1e-030 1e-030 1e-030 1e-030 1e-030 1e-030 1e-030 1e-030 1e-030 1e-030 1e-030 1e-030 1 1e-030 1e-030 1e-030 9.48242e-014 1e-030 1e-030 1e-030 9.20749e-176 
1e-030 1e-030 1e-030 1e-030 1e-030 1e-030 1e-030 1e-030 1e-030 1e-030 1e-030 1e-030 1e-030 1e-030 1e-030 1e-030 1e-030 1e-030 1e-030 1e-030 1e-030 7.79407e-007 1e-030 0.127258 1e-030 1e-030 1e-030 0.328745 1e-030 1e-030 1.66623e-181 0.543996 
1e-030 1e-030 1e-030 1e-030 1e-030 1e-030 1e-030 1e-030 1e-030 1e-030 1e-030 1e-030 1e-030 1e-030 1e-030 1e-030 1e-030 1e-030 1e-030 1e-030 1e-030 0.0724533 1e-030 0.426205 1e-030 1e-030 1e-030 0.386388 1e-030 1e-030 2.657e-138 0.114953 
1e-030 1e-030 1e-030 1e-030 1e-030 1e-030 1e-030 1e-030 1e-030 1e-030 1e-030 1e-030 1e-030 1e-030 1e-030 1e-030 1e-030 1e-030 1e-030 1e-030 1e-030 4.27139e-249 1e-030 0.999999 1e-030 1e-030 1e-030 1.40922e-006 1e-030 1e-030 1.13104e-108 6.28946e-010 
1e-030 1e-030 1e-030 1e-030 1e-030 1e-030 1e-030 0.0226516 1e-030 1e-030 1e-030 1e-030 1e-030 1e-030 0.0453032 1e-030 0.0226516 0.0226516 1e-030 1e-030 0.0453032 7.09435e-101 1e-030 0.116587 1e-030 1e-030 1e-030 0.113258 1e-030 1e-030 0.317123 0.294471 
1e-030 1e-030 1e-030 1e-030 1e-030 1e-030 1e-030 1e-030 1e-030 1e-030 1e-030 1e-030 1e-030 1e-030 1e-030 1e-030 1e-030 1e-030 1e-030 1e-030 1e-030 1e-030 1e-030 0.140211 1e-030 1e-030 1e-030 0.736962 1e-030 1e-030 3.03475e-026 0.122827 
1e-030 1e-030 1e-030 1e-030 1e-030 1e-030 1e-030 1e-030 1e-030 1e-030 1e-030 1e-030 1e-030 1e-030 1e-030 1e-030 1e-030 1e-030 1e-030 1e-030 1e-030 1e-030 1e-030 0.863705 1e-030 1e-030 1e-030 4.18554e-008 1e-030 1e-030 0.136295 9.72094e-046 
1e-030 1e-030 1e-030 1e-030 1e-030 1e-030 1e-030 1e-030 1e-030 1e-030 1e-030 1e-030 1e-030 1e-030 1e-030 1e-030 1e-030 1e-030 1e-030 1e-030 1e-030 1e-030 1e-030 0.286146 1e-030 1e-030 1e-030 0.713854 1e-030 1e-030 7.52654e-048 1.61085e-015 
1e-030 1e-030 1e-030 1e-030 1e-030 1e-030 1e-030 9.5324e-274 1e-030 1e-030 1e-030 1e-030 1e-030 1e-030 1e-030 1e-030 1e-030 1e-030 1e-030 1e-030 1e-030 1e-030 1e-030 0.682978 1e-030 1e-030 1e-030 6.19335e-023 1e-030 1e-030 1.04964e-015 0.317022 
1e-030 1e-030 1e-030 0.0243322 1e-030 1e-030 1e-030 0.0486644 1e-030 1e-030 1e-030 1e-030 1e-030 1e-030 0.0486644 1e-030 1e-030 0.0243322 1e-030 1e-030 1e-030 0.0243322 1e-030 0.364984 0.0486644 1e-030 1e-030 0.0973288 1e-030 0.0243322 0.267654 0.0267112 
1e-030 1e-030 1e-030 1e-030 1e-030 1e-030 1e-030 1e-030 1e-030 1e-030 1e-030 1e-030 1e-030 1e-030 1e-030 1e-030 1e-030 1e-030 1e-030 1e-030 1e-030 4.84673e-078 1e-030 0.617431 1e-030 1e-030 1e-030 0.191284 1e-030 3.51869e-024 1e-030 0.191284 
1e-030 1e-030 1e-030 1e-030 1e-030 1e-030 1e-030 1e-030 1e-030 1e-030 1e-030 1e-030 1e-030 1e-030 1e-030 1e-030 1e-030 1e-030 2.28871e-319 1e-030 1e-030 3.20564e-015 1e-030 0.907168 1e-030 1e-030 1e-030 2.46741e-019 1e-030 0.0928317 1e-030 6.73099e-246 
1e-030 1e-030 1e-030 1e-030 1e-030 1e-030 1e-030 1e-030 1e-030 1e-030 1e-030 1e-030 1e-030 9.26329e-319 1e-030 1e-030 1e-030 1e-030 2.94294e-262 1e-030 1e-030 0.375727 1e-030 4.07799e-007 1e-030 1e-030 1e-030 0.624273 1e-030 2.90603e-136 1e-030 1e-030 
1e-030 1e-030 1e-030 1e-030 1e-030 1e-030 1e-030 1e-030 1e-030 1e-030 1e-030 1e-030 1e-030 0.0517103 5.23122e-035 1e-030 1e-030 1e-030 0.0517103 1e-030 1e-030 5.33415e-112 1e-030 0.775655 1e-030 1e-030 1e-030 0.120924 1e-030 7.38822e-245 2.86919e-225 1e-030 
1e-030 0.0638298 1e-030 1e-030 1e-030 0.0212766 1e-030 0.0425532 1e-030 1e-030 1e-030 1e-030 1e-030 3.09557e-010 0.170213 1e-030 0.0851064 1e-030 1.83627e-101 1e-030 1e-030 1.76555e-255 1e-030 0.553191 0.0212766 1e-030 1e-030 6.3395e-130 1e-030 6.09491e-286 0.0425532 1e-030 
1e-030 1e-030 1e-030 1e-030 1e-030 1e-030 1e-030 1e-030 1e-030 1e-030 1e-030 1e-030 1e-030 1e-030 1e-030 1e-030 1e-030 1e-030 1e-030 1e-030 1e-030 2.26586e-237 1e-030 0.9979 1e-030 1e-030 1e-030 0.00209986 1e-030 1e-030 1e-030 1e-030 
1e-030 1e-030 1e-030 1e-030 1e-030 1e-030 1e-030 1e-030 1e-030 1e-030 1e-030 1e-030 1e-030 1e-030 1e-030 1e-030 1e-030 1e-030 4.90609e-187 1e-030 1e-030 7.42924e-071 1e-030 0.876434 1e-030 1e-030 1e-030 0.123566 1e-030 1e-030 1e-030 1e-030 
1e-030 1e-030 1e-030 1e-030 1e-030 1e-030 1e-030 1e-030 1e-030 1e-030 1e-030 1e-030 1e-030 4.70894e-117 1.17509e-261 1e-030 1e-030 1e-030 6.2728e-039 1e-030 1e-030 3.5336e-006 1e-030 0.670254 1e-030 1e-030 1e-030 0.329742 1e-030 1e-030 1e-030 1e-030 
1e-030 1.47766e-290 1.55458e-188 1e-030 1e-030 4.65322e-055 1e-030 1e-030 1e-030 1e-030 1e-030 1e-030 1e-030 0.00010562 5.82601e-016 1e-030 1e-030 1e-030 0.00344425 1e-030 1e-030 0.0157746 1e-030 0.909062 1e-030 1e-030 1e-030 0.0716139 1e-030 1e-030 1e-030 1e-030 
1e-030 0.0216465 0.0216465 1e-030 1e-030 0.043293 1e-030 0.043293 1e-030 1e-030 1e-030 1e-030 1e-030 0.0215965 0.086586 1e-030 0.108233 0.043293 0.0200163 1e-030 0.0216465 0.0141803 1e-030 0.417591 0.0216465 1e-030 1e-030 0.0287462 1e-030 0.0216465 0.0216465 0.043293 
1e-030 1e-030 1e-030 1e-030 1e-030 1e-030 1e-030 1e-030 1e-030 1e-030 1e-030 1e-030 1e-030 1e-030 1e-030 1e-030 1e-030 1e-030 1e-030 1e-030 1e-030 1e-030 1e-030 1e-030 1e-030 1e-030 1e-030 1 1e-030 1e-030 1e-030 1e-030 
1e-030 1e-030 1e-030 1e-030 1e-030 1e-030 1e-030 1e-030 1e-030 1e-030 1e-030 1e-030 1e-030 1e-030 1e-030 1e-030 1e-030 1e-030 1e-030 1e-030 1e-030 1e-030 1e-030 1 1e-030 1e-030 1e-030 4.33783e-022 1e-030 1e-030 1e-030 1e-030 
1e-030 1e-030 1e-030 1e-030 1e-030 1e-030 1e-030 1e-030 1e-030 1e-030 1e-030 1e-030 1e-030 1e-030 1e-030 1e-030 1e-030 1e-030 1e-030 1e-030 1e-030 1e-030 1e-030 0.25034 1e-030 1e-030 1e-030 0.74966 1e-030 1e-030 1e-030 2.48056e-059 
1e-030 1e-030 1e-030 1e-030 1e-030 5.49875e-249 1e-030 1e-030 1e-030 1e-030 1e-030 1e-030 1e-030 1e-030 2.54552e-030 1e-030 1e-030 1e-030 1e-030 1e-030 1e-030 1e-030 1e-030 0.908205 6.35633e-306 1e-030 0.0305974 7.40021e-057 1e-030 1e-030 1e-030 0.0611973 
1e-030 0.139535 1e-030 1e-030 1e-030 0.0232558 1e-030 0.0232558 1e-030 1e-030 1e-030 1e-030 1e-030 0.0232558 0.0930232 1e-030 0.0465116 0.0465116 1e-030 0.0232558 1e-030 0.0232558 1e-030 0.348837 0.0697674 1e-030 9.06624e-007 0.116279 1e-030 1e-030 0.0232558 2.19276e-103 
1e-030 1e-030 1e-030 1e-030 1e-030 1e-030 1e-030 1e-030 1e-030 1e-030 1e-030 1e-030 1e-030 1e-030 1e-030 1e-030 1e-030 1e-030 1e-030 1e-030 1e-030 1e-030 1e-030 0.659443 1e-030 1e-030 1e-030 6.99973e-232 1e-030 0.340557 1e-030 1e-030 
1e-030 1e-030 1e-030 1e-030 1e-030 1e-030 1e-030 1e-030 1e-030 1e-030 1e-030 1e-030 1e-030 1e-030 1e-030 1e-030 1e-030 1e-030 1e-030 1e-030 1e-030 1e-030 1e-030 1 1e-030 1e-030 1e-030 4.02155e-029 1e-030 1.08506e-025 1e-030 3.81809e-294 
1e-030 1e-030 1e-030 1e-030 1e-030 1.86368e-306 1e-030 1e-030 1e-030 1e-030 1e-030 1e-030 1e-030 1e-030 2.59508e-160 1e-030 1e-030 2.99236e-190 1e-030 1e-030 1e-030 1e-030 1e-030 0.33813 1.6227e-189 1e-030 1e-030 0.66187 1e-030 1.73392e-131 1.73392e-131 7.4889e-032 
1e-030 1e-030 1e-030 1e-030 1e-030 9.84764e-249 1e-030 1e-030 1e-030 1e-030 1e-030 1e-030 1e-030 1e-030 2.11858e-132 1e-030 1e-030 5.76548e-190 1e-030 1e-030 1e-030 1e-030 1e-030 0.813187 6.9057e-161 1e-030 1e-030 0.166222 1e-030 2.53554e-018 1e-030 0.020591 
1e-030 0.0555556 1e-030 1e-030 1e-030 0.166667 1e-030 0.111111 1e-030 1e-030 1e-030 1e-030 1e-030 1e-030 0.111111 1e-030 0.0555556 0.222222 1e-030 1e-030 1e-030 1e-030 1e-030 2.01268e-195 0.0555556 1e-030 1e-030 2.69738e-016 1e-030 0.0555556 0.111111 0.0555556 
1e-030 1e-030 1e-030 1e-030 1e-030 1e-030 1e-030 1e-030 1e-030 1e-030 1e-030 1e-030 1e-030 1e-030 1e-030 1e-030 1e-030 1e-030 1e-030 1e-030 1e-030 0.208239 1e-030 0.583552 1e-030 1e-030 1e-030 5.22927e-129 1e-030 1e-030 1e-030 0.208209 
1e-030 1e-030 1e-030 1e-030 1e-030 1e-030 1e-030 1e-030 1e-030 1e-030 1e-030 1e-030 1e-030 1e-030 1e-030 1e-030 1e-030 1e-030 1e-030 1e-030 1e-030 2.04302e-155 1e-030 0.900209 2.80817e-050 1e-030 1e-030 0.0997746 1e-030 1e-030 1e-030 1.63594e-005 
1e-030 1e-030 1e-030 1e-030 1e-030 1e-030 1e-030 1e-030 1e-030 1e-030 1e-030 1e-030 1e-030 1e-030 8.2509e-322 1e-030 1e-030 1e-030 1.46941e-168 1e-030 1e-030 1e-030 1e-030 0.125406 6.45384e-255 1e-030 1e-030 0.777433 1e-030 1e-030 1e-030 0.0971614 
1e-030 1e-030 1e-030 1e-030 1e-030 1e-030 1e-030 1e-030 1e-030 1e-030 1e-030 1e-030 1e-030 1e-030 7.75694e-169 1e-030 1e-030 1e-030 9.51999e-096 1e-030 1e-030 1e-030 1e-030 0.948699 0.0513006 1e-030 1e-030 9.23268e-035 1e-030 1e-030 2.46213e-287 2.58084e-317 
1e-030 0.0658564 0.0329282 0.0658564 1e-030 1e-030 1e-030 1e-030 1e-030 1e-030 1e-030 1e-030 1e-030 1e-030 0.0987846 1e-030 0.230497 0.0658564 0.0329282 1e-030 1e-030 1e-030 1e-030 0.242652 0.0658564 1e-030 1e-030 0.0658564 1e-030 1e-030 0.0329282 1.28246e-047 
1e-030 1e-030 1e-030 1e-030 1e-030 1e-030 1e-030 1e-030 1e-030 1e-030 1e-030 1e-030 1e-030 1e-030 1e-030 1e-030 1e-030 1e-030 1e-030 1e-030 1e-030 1 1e-030 7.07269e-039 1e-030 1e-030 1e-030 1e-030 1e-030 1e-030 1e-030 1e-030 
1e-030 1e-030 1e-030 1e-030 1e-030 1e-030 1e-030 1e-030 1e-030 1e-030 1e-030 1e-030 1e-030 1e-030 1e-030 1e-030 1e-030 1e-030 1e-030 1e-030 1e-030 1e-030 1e-030 0.988347 1e-030 1e-030 1e-030 2.29402e-115 1e-030 1e-030 1e-030 0.0116527 
1e-030 1e-030 1e-030 1e-030 1e-030 1e-030 1e-030 1e-030 1e-030 1e-030 1e-030 1e-030 1e-030 1e-030 1e-030 1e-030 1e-030 1e-030 1e-030 1e-030 1e-030 1e-030 1e-030 0.965376 1e-030 1e-030 1e-030 5.63454e-031 1e-030 1e-030 1e-030 0.0346236 
1e-030 1e-030 1e-030 1e-030 1e-030 1e-030 1e-030 1e-030 1e-030 1e-030 1e-030 1e-030 1e-030 1e-030 1e-030 1e-030 1e-030 1e-030 1e-030 1e-030 1e-030 1e-030 1e-030 0.967322 3.24428e-091 1e-030 1e-030 0.000115744 1e-030 1e-030 1.71411e-028 0.0325621 
1e-030 1e-030 1e-030 0.0198073 1e-030 1e-030 1e-030 1e-030 1e-030 1e-030 1e-030 1e-030 1e-030 1e-030 0.0396146 1e-030 0.0792292 0.0792292 0.0198073 0.0198073 0.0594219 0.0198073 1e-030 0.306807 0.0792292 1e-030 0.0198073 0.098974 1e-030 1e-030 0.0792292 0.0792289 
1e-030 1e-030 1e-030 1e-030 1e-030 1e-030 1e-030 1e-030 1e-030 1e-030 1e-030 1e-030 1e-030 1e-030 1e-030 1e-030 1e-030 1e-030 1e-030 1e-030 1e-030 1e-030 1e-030 0.954896 1e-030 1e-030 1e-030 0.0451037 1e-030 1e-030 1e-030 5.62612e-009 
1e-030 1e-030 1e-030 1e-030 1e-030 1e-030 1e-030 1e-030 1e-030 1e-030 1e-030 1e-030 1e-030 1e-030 1e-030 1e-030 1e-030 1e-030 1e-030 1e-030 1e-030 1e-030 1e-030 0.668477 1e-030 1e-030 1.91179e-089 0.175245 1e-030 6.6568e-240 1e-030 0.156279 
1e-030 1e-030 1e-030 1e-030 1e-030 1e-030 1e-030 1e-030 1e-030 1e-030 1e-030 1e-030 1e-030 1e-030 1e-030 1e-030 1e-030 1e-030 1e-030 1e-030 1e-030 1e-030 1e-030 0.754675 1e-030 1e-030 3.38411e-011 0.0748254 1e-030 1.44158e-045 4.29294e-110 0.170499 
1e-030 4.44581e-095 1e-030 1e-030 1e-030 1e-030 1e-030 1e-030 1e-030 1e-030 1e-030 1e-030 1e-030 1e-030 1.57717e-261 1e-030 1e-030 1e-030 1e-030 1e-030 1e-030 1e-030 1e-030 0.821556 1e-030 1e-030 0.0872076 0.000207738 1e-030 0.0818182 5.08993e-006 0.00920573 
1e-030 0.0199752 1e-030 0.0199752 1e-030 1e-030 1e-030 0.0199752 1e-030 1e-030 1e-030 1e-030 1e-030 1e-030 0.0599255 1e-030 0.119851 0.0599255 1e-030 0.0599255 1e-030 1e-030 1e-030 0.439457 1e-030 1e-030 2.72194e-006 0.0399503 1e-030 0.00123703 0.1598 7.82323e-034 
1e-030 1e-030 1e-030 1e-030 1e-030 1e-030 1e-030 1e-030 1e-030 1e-030 1e-030 1e-030 1e-030 1e-030 1e-030 1e-030 1e-030 1e-030 1e-030 1e-030 1e-030 1e-030 1e-030 0.794975 3.48196e-025 1e-030 4.60601e-229 0.205025 1e-030 1e-030 1e-030 1e-030 
1e-030 1e-030 1e-030 1e-030 1e-030 1e-030 1e-030 1e-030 1e-030 1e-030 1e-030 1e-030 1e-030 1e-030 1e-030 1e-030 1e-030 1e-030 1e-030 1e-030 1e-030 1e-030 1e-030 0.342043 0.158413 1e-030 0.316826 0.182717 1e-030 1e-030 9.3123e-080 1.53588e-020 
1e-030 1e-030 1e-030 7.05633e-185 1e-030 1e-030 1e-030 1e-030 1e-030 1e-030 1e-030 1e-030 1e-030 1e-030 7.91941e-138 1e-030 1e-030 1e-030 1e-030 1e-030 1e-030 1e-030 1e-030 0.213207 4.58837e-085 1e-030 2.86911e-008 0.657749 1e-030 1e-030 0.0022674 0.126776 
1e-030 1e-030 1e-030 5.02231e-185 1e-030 1e-030 1e-030 1e-030 1e-030 1e-030 1e-030 1e-030 1e-030 1e-030 1.58386e-018 1e-030 1e-030 1e-030 1e-030 1e-030 1e-030 1e-030 1e-030 0.534592 1e-030 1e-030 1.37185e-057 0.0495883 1e-030 1e-030 0.254434 0.161386 
1e-030 1e-030 1e-030 0.04519 1e-030 0.022595 1e-030 0.022595 1e-030 1e-030 1e-030 1e-030 1e-030 1e-030 0.09038 1e-030 0.04519 0.04519 1e-030 0.04519 1e-030 1e-030 1e-030 0.610065 1e-030 1e-030 1e-030 1.97685e-105 1e-030 0.022595 0.0510102 1.76141e-018 
1e-030 1e-030 1e-030 1e-030 1e-030 1.5746e-300 1e-030 1e-030 1e-030 1e-030 1e-030 1e-030 1e-030 1e-030 1.14491e-218 1e-030 1e-030 1e-030 1e-030 1e-030 1e-030 1.74667e-010 1e-030 0.679499 3.57183e-219 1e-030 1e-030 0.320501 1e-030 1e-030 6.82176e-218 1e-030 
1e-030 8.86504e-290 1e-030 1e-030 1e-030 6.17098e-266 1e-030 1e-030 1e-030 1e-030 1e-030 1e-030 1e-030 1e-030 3.34656e-208 1e-030 1e-030 1e-030 1e-030 1e-030 1e-030 0.112087 1e-030 0.647274 3.61956e-208 1e-030 1e-030 0.240639 1e-030 1e-030 8.43004e-208 1e-030 
1e-030 5.33167e-265 1e-030 1e-030 1e-030 2.11572e-236 1e-030 1e-030 1e-030 1e-030 1e-030 1e-030 1e-030 1e-030 9.73241e-208 1e-030 1e-030 1e-030 1e-030 1e-030 1e-030 6.92948e-029 1e-030 0.458226 9.20975e-208 1e-030 1e-030 0.541774 1e-030 1e-030 1.51117e-304 1e-030 
1e-030 1.08009e-236 1e-030 1e-030 1e-030 2.17094e-208 1e-030 1e-030 1e-030 1e-030 1e-030 1e-030 1e-030 1e-030 6.79608e-264 1e-030 1e-030 1e-030 1e-030 1e-030 1e-030 2.44101e-284 1e-030 1 1e-030 1e-030 1e-030 6.16568e-083 1e-030 1e-030 4.50953e-026 1e-030 
1e-030 0.0400388 0.0200194 1e-030 1e-030 0.0200194 1e-030 0.0200194 1e-030 1e-030 1e-030 1e-030 1e-030 1e-030 0.0600581 1e-030 0.0200194 0.0600581 1e-030 1e-030 0.0600581 4.10074e-322 1e-030 0.459477 0.0400388 1e-030 1e-030 0.120116 1e-030 1e-030 0.0600581 0.0200194 
1e-030 1e-030 1e-030 1e-030 1e-030 1e-030 1e-030 1e-030 1e-030 1e-030 1e-030 1e-030 1e-030 1e-030 1e-030 1e-030 1e-030 1e-030 1e-030 1e-030 1e-030 1e-030 1e-030 0.433332 1e-030 1e-030 1e-030 0.283334 1e-030 5.02457e-035 1e-030 0.283334 
1e-030 1e-030 1e-030 1e-030 1e-030 1e-030 1e-030 1e-030 1e-030 1e-030 1e-030 1e-030 1e-030 1e-030 1e-030 1e-030 1e-030 2.79757e-179 1e-030 1e-030 1e-030 1e-030 1e-030 0.870229 5.62386e-296 1e-030 1e-030 0.0664319 1e-030 0.0633394 5.62386e-296 3.53143e-036 
1e-030 1e-030 1e-030 1e-030 1e-030 1e-030 1e-030 1e-030 1e-030 1e-030 1e-030 1e-030 1e-030 1e-030 2.1268e-295 1e-030 1e-030 3.28948e-045 1e-030 1e-030 1e-030 1e-030 1e-030 0.251293 1e-030 1e-030 1e-030 0.748707 1e-030 1.15201e-093 1e-030 4.02664e-311 
1e-030 1e-030 1e-030 1e-030 1e-030 1e-030 1e-030 1e-030 1e-030 1e-030 1e-030 1e-030 1e-030 1e-030 1e-030 1e-030 1e-030 0.0464947 1e-030 1e-030 1e-030 1e-030 1e-030 0.77564 2.46941e-207 1e-030 1e-030 0.177864 1e-030 4.26041e-164 4.33128e-007 4.12823e-296 
1e-030 0.075 1e-030 1e-030 1e-030 1e-030 1e-030 0.05 1e-030 1e-030 1e-030 1e-030 1e-030 1e-030 0.1 1e-030 1e-030 0.1 0.025 1e-030 1e-030 1e-030 1e-030 0.525 0.05 1e-030 1e-030 1.57144e-046 1e-030 1e-030 0.0499998 0.025 
1e-030 1e-030 1e-030 1e-030 1e-030 1e-030 1e-030 1e-030 1e-030 1e-030 1e-030 1e-030 1e-030 1e-030 1e-030 1e-030 1e-030 1e-030 1e-030 1e-030 1e-030 1e-030 1e-030 0.717447 1e-030 1e-030 4.4013e-163 0.282553 1e-030 1e-030 1e-030 1e-030 
1e-030 2.16895e-321 1e-030 1e-030 1e-030 6.56996e-235 1e-030 1e-030 1e-030 1e-030 1e-030 1e-030 1e-030 1e-030 1e-030 1e-030 1.11988e-176 1e-030 1e-030 1e-030 1e-030 1e-030 1e-030 0.999998 8.57761e-206 1e-030 4.92272e-012 1.61103e-006 1e-030 1e-030 1.11988e-176 1e-030 
1e-030 2.65112e-234 1e-030 1e-030 1e-030 2.39817e-205 1e-030 1e-030 1e-030 1e-030 1e-030 1e-030 1e-030 1e-030 1e-030 1e-030 1e-030 1e-030 1e-030 1e-030 1e-030 1e-030 1e-030 1.38983e-011 1.62787e-176 1e-030 0.381183 0.618817 1e-030 1e-030 1e-030 1e-030 
1e-030 8.39612e-206 1e-030 1e-030 1e-030 3.60839e-177 1e-030 1e-030 1e-030 1e-030 1e-030 1e-030 1e-030 1e-030 1e-030 1e-030 2.83701e-023 1e-030 1e-030 1e-030 1e-030 1e-030 1e-030 0.826041 1e-030 1e-030 0.0551969 0.118762 1e-030 1e-030 8.98733e-193 1e-030 
1e-030 0.111691 1e-030 0.0223381 1e-030 0.0223381 1e-030 0.0446762 1e-030 1e-030 1e-030 1e-030 1e-030 1e-030 0.0446762 1e-030 0.0446762 0.0670143 1e-030 1e-030 1e-030 1e-030 1e-030 0.497305 0.0893524 1e-030 3.56036e-108 0.0335948 1e-030 1e-030 0.0223381 1e-030 
