0.701387 0.298613 0 0 0 
0 0.824945 0.175055 0 0 
0 0 0.831613 0.168387 0 
0 0 0 0.966337 0.033663 
0 0 0 0 1 
3.06456e-009 1 0 0 0 
0 0.804348 0.195652 0 0 
0 0 0.954422 0.0455782 0 
0 0 0 0.873483 0.126517 
0 0 0 0 1 
0.928519 0.0714807 0 0 0 
0 0.502477 0.497523 0 0 
0 0 0.930731 0.0692695 0 
0 0 0 0.944761 0.0552393 
0 0 0 0 1 
2.73618e-013 1 0 0 0 
0 0.774003 0.225997 0 0 
0 0 0.883384 0.116616 0 
0 0 0 0.963775 0.036225 
0 0 0 0 1 
2.73618e-013 1 0 0 0 
0 0.774003 0.225997 0 0 
0 0 0.883384 0.116616 0 
0 0 0 0.963775 0.036225 
0 0 0 0 1 
0.931887 0.0681126 0 0 0 
0 0.940704 0.0592962 0 0 
0 0 0.881712 0.118288 0 
0 0 0 0.87195 0.12805 
0 0 0 0 1 
0.816069 0.183931 0 0 0 
0 0.94803 0.0519696 0 0 
0 0 0.863257 0.136743 0 
0 0 0 0.872922 0.127078 
0 0 0 0 1 
0 1 0 0 0 
0 0.949175 0.0508246 0 0 
0 0 0.918861 0.0811393 0 
0 0 0 0.908339 0.0916613 
0 0 0 0 1 
0.227373 0.772627 0 0 0 
0 0.906015 0.0939847 0 0 
0 0 0.910825 0.0891748 0 
0 0 0 0.91259 0.0874104 
0 0 0 0 1 
0.845244 0.154756 0 0 0 
0 0.942793 0.0572066 0 0 
0 0 0.875963 0.124037 0 
0 0 0 0.914953 0.0850466 
0 0 0 0 1 
0.613696 0.386304 0 0 0 
0 0.943602 0.0563976 0 0 
0 0 0.906378 0.0936223 0 
0 0 0 0.92743 0.0725699 
0 0 0 0 1 
0.36484 0.63516 0 0 0 
0 0.966503 0.0334966 0 0 
0 0 0.827783 0.172217 0 
0 0 0 0.94316 0.0568396 
0 0 0 0 1 
0.756607 0.243393 0 0 0 
0 0.942611 0.0573892 0 0 
0 0 0.921907 0.0780934 0 
0 0 0 0.936327 0.0636735 
0 0 0 0 1 
0.5 0.5 0 0 0 
0 0.922389 0.0776113 0 0 
0 0 0.911144 0.0888561 0 
0 0 0 0.94441 0.0555904 
0 0 0 0 1 
1.00375e-009 1 0 0 0 
0 0.954884 0.045116 0 0 
0 0 0.875542 0.124458 0 
0 0 0 0.936181 0.0638191 
0 0 0 0 1 
0 1 0 0 0 
0 0.95397 0.0460295 0 0 
0 0 0.853252 0.146748 0 
0 0 0 0.939248 0.0607519 
0 0 0 0 1 
0.823093 0.176907 0 0 0 
0 0.873624 0.126376 0 0 
0 0 0.914793 0.0852073 0 
0 0 0 0.920608 0.0793918 
0 0 0 0 1 
0.872658 0.127342 0 0 0 
0 0.876741 0.123259 0 0 
0 0 0.927546 0.0724538 0 
0 0 0 0.90979 0.0902098 
0 0 0 0 1 
0.877173 0.122827 0 0 0 
0 0.863705 0.136295 0 0 
0 0 0.898021 0.101979 0 
0 0 0 0.946288 0.0537122 
0 0 0 0 1 
0.808716 0.191284 0 0 0 
0 0.907168 0.0928317 0 0 
0 0 0.624273 0.375727 0 
0 0 0 0.94829 0.0517103 
0 0 0 0 1 
0.686344 0.313656 0 0 0 
0 0.915311 0.0846894 0 0 
0 0 0.485141 0.514859 0 
0 0 0 0.954264 0.0457356 
0 0 0 0 1 
0 1 0 0 0 
0 0.393597 0.606403 0 0 
0 0 0.850068 0.149932 0 
0 0 0 0.969401 0.0305986 
0 0 0 0 1 
0.659443 0.340557 0 0 0 
0 0.895452 0.104548 0 0 
0 0 0.831476 0.168524 0 
0 0 0 0.979409 0.020591 
0 0 0 0 1 
0.791761 0.208239 0 0 0 
0 0.950113 0.0498865 0 0 
0 0 0.90282 0.0971795 0 
0 0 0 0.948699 0.0513006 
0 0 0 0 1 
7.07269e-039 1 0 0 0 
0 0.779387 0.220613 0 0 
0 0 0.41443 0.58557 0 
0 0 0 0.963334 0.0366663 
0 0 0 0 1 
0.812507 0.187493 0 0 0 
0 0.928262 0.0717384 0 0 
0 0 0.761873 0.238127 0 
0 0 0 0.91278 0.0872195 
0 0 0 0 1 
0.88929 0.11071 0 0 0 
0 0.841587 0.158413 0 0 
0 0 0.649528 0.350472 0 
0 0 0 0.955642 0.0443579 
0 0 0 0 1 
0.758743 0.241257 0 0 0 
0 0.887913 0.112087 0 0 
0 0 0.785407 0.214593 0 
0 0 0 0.942269 0.0577305 
0 0 0 0 1 
0.716666 0.283334 0 0 0 
0 0.936661 0.0633394 0 0 
0 0 0.760467 0.239533 0 
0 0 0 0.953505 0.0464947 
0 0 0 0 1 
0.858702 0.141298 0 0 0 
0 0.855488 0.144512 0 0 
0 0 0.789935 0.210065 0 
0 0 0 0.953436 0.0465638 
0 0 0 0 1 
