30 32 30 32 28 32 32 32 28 28 17 17 24 30 28 31 32 32 32 32 32 32 32 31 32 32 32 32 31 32 24 24 24 24 32 24 32 32 32 32 31 31 31 31 31 2 31 8 15 2 2 4 15 17 18 18 15 17 18 17 18 18 31 30 32 32 28 32 19 28 28 30 22 28 24 32 28 24 28 24 28 28 24 24 32 
24 28 28 28 28 32 28 32 28 28 28 28 32 32 28 28 28 28 24 28 32 32 28 28 32 32 28 32 24 24 24 24 24 24 24 24 28 32 32 31 31 31 31 31 31 31 8 31 31 31 18 18 18 18 18 21 21 20 21 18 21 22 24 21 28 28 28 28 28 28 28 32 32 28 28 31 32 28 28 30 32 28 28 24 32 
32 28 32 28 24 32 28 32 28 32 32 32 32 28 31 31 32 32 32 32 32 32 32 32 32 32 32 32 32 32 32 31 24 32 24 24 24 24 24 32 32 24 24 24 24 32 32 32 31 31 31 31 31 31 31 31 29 18 17 18 18 17 17 18 24 21 18 21 17 21 21 28 21 28 28 28 28 28 28 28 28 24 32 28 32 
28 32 28 32 32 28 28 31 28 28 28 28 28 30 32 24 32 26 32 32 32 32 32 32 32 32 32 32 32 24 24 24 24 24 24 32 32 32 32 32 32 32 31 31 31 31 31 31 31 31 31 18 18 17 17 17 17 14 20 21 21 21 21 28 28 28 24 24 24 28 32 28 24 24 32 31 24 32 32 32 32 32 32 31 28 
28 32 28 32 32 28 28 31 28 28 28 28 28 30 32 24 32 26 32 32 32 32 32 32 32 32 32 32 32 24 24 24 24 24 24 32 32 32 32 32 32 32 31 31 31 31 31 31 31 31 31 18 18 17 17 17 17 14 20 21 21 21 21 28 28 28 24 24 24 28 32 28 24 24 32 31 24 32 32 32 32 32 32 31 28 
28 28 28 28 28 28 28 24 28 24 24 28 28 28 28 32 24 24 28 31 24 32 28 32 24 32 24 32 32 24 32 28 32 32 32 28 28 32 32 32 24 24 24 24 24 24 24 24 32 32 32 31 31 31 31 31 31 31 31 8 4 8 15 17 21 32 28 24 24 30 28 24 28 28 32 24 28 28 28 32 32 24 32 32 32 
32 28 28 32 24 32 28 28 28 32 24 32 24 28 24 24 28 32 32 32 32 24 28 32 32 32 28 28 32 28 28 32 24 24 24 24 24 24 24 24 32 32 32 32 32 32 31 31 32 31 31 31 31 14 8 15 15 15 21 21 22 22 24 24 28 28 32 32 32 24 32 32 32 24 24 32 32 32 32 32 28 32 32 28 32 
28 32 32 24 24 24 24 32 24 24 28 32 28 24 24 32 32 32 24 32 32 32 32 32 32 28 28 28 28 32 32 32 32 24 24 24 24 24 24 24 24 24 24 24 32 32 32 32 32 31 31 31 31 31 31 31 31 31 31 15 8 17 18 28 10 17 18 28 28 28 28 24 24 32 32 24 32 32 31 32 32 31 32 31 31 
24 24 32 24 28 24 32 24 28 24 24 24 28 28 28 28 28 24 28 28 28 28 28 24 24 24 24 24 24 24 24 24 24 24 24 28 19 31 31 31 31 18 31 31 31 31 31 21 18 18 21 17 17 17 20 20 19 22 22 20 24 24 31 28 28 24 24 24 24 24 28 24 24 28 24 24 28 32 32 28 24 24 10 10 10 
28 24 24 24 24 24 28 28 28 28 32 28 24 28 32 32 32 28 32 24 25 28 24 28 28 28 28 28 28 28 28 28 24 24 24 24 24 24 24 24 24 24 24 24 28 28 28 30 32 31 31 31 31 31 31 31 31 31 14 8 18 18 18 18 17 18 21 24 24 24 24 32 28 28 24 32 24 28 32 24 28 32 32 28 32 
24 24 24 28 32 28 28 24 24 32 32 28 24 32 28 32 32 32 32 24 28 28 28 24 24 24 28 24 28 28 28 10 24 24 24 24 24 24 24 24 24 24 24 24 24 28 28 28 31 31 31 18 31 31 31 2 14 18 29 18 18 18 15 18 28 8 17 28 21 21 32 24 24 22 24 32 32 24 24 28 32 24 32 32 32 
24 24 24 28 10 28 28 22 24 24 24 24 24 32 24 24 24 24 24 24 24 24 24 24 24 24 24 24 28 24 24 28 24 28 28 28 28 24 24 24 24 24 24 24 24 24 24 24 24 24 24 24 24 24 24 22 28 31 31 31 31 31 31 31 31 31 31 31 4 4 15 4 4 8 19 17 14 16 16 18 22 24 24 24 24 
28 28 24 22 24 24 24 24 24 24 28 24 24 24 24 24 24 24 24 24 24 24 28 24 28 28 24 28 28 24 28 24 28 24 24 24 24 24 24 24 24 24 24 24 24 24 24 22 22 22 19 19 14 31 25 25 31 18 2 31 31 14 19 31 18 18 18 18 17 17 17 6 24 24 24 24 24 24 24 24 24 24 24 24 24 
28 28 24 24 24 24 24 24 24 24 24 24 32 32 24 28 28 28 28 24 28 28 28 28 28 28 24 24 24 24 24 24 24 24 24 24 24 24 24 24 24 24 22 22 19 32 19 31 31 31 18 18 18 31 14 14 14 18 21 18 17 17 17 18 17 21 32 30 32 24 24 28 28 28 24 24 24 24 32 24 24 24 24 24 24 
28 24 24 24 24 24 24 24 24 24 24 28 24 28 24 28 28 32 24 24 24 28 24 28 28 24 28 28 28 28 28 24 24 24 24 24 24 24 24 24 24 24 24 24 24 24 24 28 28 28 21 31 31 25 18 8 8 8 31 31 8 8 17 17 17 15 19 17 14 17 17 21 19 17 18 32 28 28 24 28 30 32 24 24 24 
22 28 24 24 24 24 28 24 28 28 24 24 24 24 24 24 28 24 24 24 24 28 24 28 28 28 28 28 24 28 24 24 24 24 24 24 24 24 24 24 24 24 24 24 28 19 32 31 31 31 31 31 31 31 31 31 31 31 31 31 31 31 31 31 31 31 18 8 17 18 26 15 29 29 32 32 24 32 24 32 32 24 24 24 24 
24 24 28 28 28 32 24 24 32 24 24 24 24 24 28 28 24 28 28 28 24 28 28 28 28 24 24 24 24 24 24 24 24 24 24 24 24 24 28 19 19 14 31 31 18 25 18 18 18 2 2 8 2 25 25 18 31 31 31 14 17 18 18 17 17 15 15 17 28 28 24 24 31 30 32 30 31 28 28 32 24 31 28 28 24 
24 24 24 24 24 24 24 24 28 32 32 32 24 32 28 28 32 28 22 24 24 28 24 24 28 28 24 28 32 24 24 24 24 24 24 24 24 24 24 24 24 28 32 31 31 31 31 31 31 31 31 31 31 31 21 31 8 17 18 21 15 15 32 28 31 32 31 32 32 32 32 32 32 24 24 28 28 32 32 32 24 32 24 24 28 
28 28 28 28 24 28 32 28 24 31 24 24 24 24 24 24 28 28 28 24 28 24 28 28 28 24 32 24 24 24 24 24 24 24 24 24 24 24 24 32 32 32 32 32 31 31 31 31 31 31 31 31 31 8 8 15 31 18 15 25 25 4 31 30 28 22 24 28 24 24 24 24 28 24 24 24 24 24 24 32 24 24 24 24 28 
24 24 32 28 24 24 24 24 24 30 24 24 24 24 24 24 22 28 28 24 24 28 24 24 24 24 24 24 24 24 24 24 24 24 24 28 19 14 15 15 31 15 2 8 6 2 2 8 15 31 15 17 15 17 17 15 15 17 25 24 24 24 24 24 24 24 24 24 24 24 24 24 24 24 24 24 24 24 24 24 24 24 24 24 24 
24 24 24 24 24 24 24 24 28 24 24 24 24 28 24 24 24 24 28 24 24 24 24 24 24 24 24 24 24 24 24 24 24 24 24 24 24 24 28 22 19 14 15 6 6 3 2 15 15 8 25 18 15 8 17 17 17 17 18 17 21 28 30 32 31 24 24 24 24 24 24 24 24 24 24 24 24 24 24 24 24 32 24 24 24 
28 24 24 28 28 28 24 28 28 24 24 24 24 24 24 24 24 24 24 24 24 24 24 24 24 32 24 24 24 24 24 24 24 24 24 24 24 24 24 24 32 27 15 15 6 15 25 25 2 2 2 2 2 2 14 31 18 18 17 8 15 17 25 24 24 28 28 20 28 22 28 28 24 24 24 24 24 24 24 24 24 24 24 24 24 
24 30 24 24 24 24 24 24 24 24 24 24 24 28 28 28 24 24 28 28 24 24 24 24 32 24 28 24 24 24 24 24 24 24 24 24 24 28 24 28 24 24 24 28 28 24 24 24 24 24 24 24 24 24 24 24 24 24 24 24 24 24 24 24 24 28 28 30 31 15 25 18 32 15 6 6 6 2 8 17 18 18 8 18 31 
24 22 24 32 24 24 24 28 28 24 24 24 24 24 24 24 24 24 24 24 24 24 24 24 24 32 28 28 28 28 24 28 28 28 28 24 24 25 24 24 24 24 24 24 24 24 24 24 24 24 24 24 24 24 24 28 19 15 31 4 2 3 2 15 25 4 15 17 25 17 17 17 18 17 17 17 18 28 24 24 24 24 24 24 24 
22 24 24 24 24 24 24 24 24 24 24 32 24 24 24 24 24 24 24 24 24 24 24 24 24 24 24 24 24 24 24 24 24 24 24 28 28 32 32 32 32 31 25 31 31 27 31 4 17 18 17 17 18 18 18 21 21 19 21 17 15 15 25 25 25 24 24 24 24 24 24 24 24 24 24 24 24 28 22 28 28 20 24 24 24 
24 24 24 24 24 24 28 24 24 24 24 32 28 32 24 24 28 24 24 24 32 24 24 24 24 24 24 24 24 24 24 24 24 27 30 31 31 31 31 31 31 2 15 15 31 31 15 8 4 17 18 18 17 17 17 18 17 20 20 17 20 24 24 24 24 24 24 24 24 24 24 24 24 28 24 24 24 24 24 24 24 24 28 24 24 
24 28 24 24 24 24 24 28 24 24 25 27 27 28 24 24 28 28 32 31 24 24 24 24 24 24 24 24 24 24 24 32 24 28 31 31 32 32 31 31 31 15 31 4 15 31 18 18 8 4 6 17 17 15 15 20 20 24 24 24 24 24 24 24 24 24 24 30 24 24 24 24 24 24 24 24 24 24 24 24 24 24 24 24 24 
28 24 24 24 24 28 24 24 22 28 24 24 24 28 24 28 28 24 24 24 24 24 24 24 24 24 24 24 24 24 24 24 24 24 24 24 31 31 15 25 25 15 6 2 2 31 32 8 3 15 18 18 17 21 21 21 18 24 24 28 24 28 24 28 28 28 24 24 24 24 24 24 24 24 24 24 24 24 24 24 28 24 24 24 24 
24 28 32 24 24 24 30 24 24 24 28 24 24 24 24 24 24 24 24 24 28 28 28 24 28 24 24 28 18 24 24 24 24 24 24 24 24 24 24 24 24 24 24 28 28 31 25 15 32 8 2 15 15 2 2 8 15 18 19 18 18 18 25 31 24 24 24 24 24 24 24 24 24 24 24 24 24 24 24 24 24 24 24 24 24 
24 28 24 24 28 24 24 24 24 24 24 24 24 24 27 28 28 28 27 24 24 28 24 24 24 27 24 24 24 24 24 24 24 24 24 24 24 24 24 28 28 17 31 25 6 2 2 25 25 2 2 8 2 4 15 18 18 18 8 15 17 25 24 24 28 24 24 24 24 24 24 24 24 24 24 24 24 24 24 24 24 24 24 24 24 
