2.2567 -0.229532 0.651517 -0.616799 -0.355603 -0.660711 1.21205 0.914498 1.31513 0.26708 0.184232 -0.0856501 
2.29101 -0.176367 0.50563 -1.83536 -0.200633 -0.337026 1.14627 0.64431 1.5303 0.328041 0.0638309 -0.0582585 
2.05892 -0.1023 0.877472 0.24047 0.231805 -0.979018 1.0989 -0.201775 0.773234 0.321827 -0.0155427 -0.0436638 
1.86744 -0.193685 1.54706 -0.125484 1.15407 -1.05686 0.621241 -0.338156 0.815602 0.428642 -0.0705538 -0.0624795 
2.28688 -0.386127 0.851774 -0.353259 0.460613 -0.60167 0.870553 0.266697 0.910453 0.120229 -0.0196231 -0.0725251 
2.1588 0.0144008 0.951819 0.318284 0.651133 -0.196603 0.995267 0.179164 0.540521 -0.0346007 -0.143376 -0.064718 
1.86283 -0.163305 1.36472 -0.295242 0.854567 0.254246 0.843602 -0.0456732 0.185435 -0.314824 0.0868577 -0.0337525 
2.19569 -0.120693 1.29119 0.264175 0.890492 -0.230951 0.596786 0.0292871 0.544912 -0.131344 -0.013028 0.0332175 
1.75107 0.456114 1.00316 -0.236662 1.20148 0.467027 1.13619 0.116116 0.206339 0.0126433 0.039769 -0.0871862 
1.75559 0.224433 0.909815 0.277439 1.11525 -0.0729187 0.843838 -0.154609 0.331216 -0.0913593 0.0592913 -0.0297749 
1.85553 -0.150117 0.846332 -0.828428 0.417541 0.552385 1.38759 -0.902974 0.586576 -0.0459049 -0.110411 -0.0157577 
1.63888 -0.0768954 1.52295 -0.419248 1.09169 -0.734714 0.89975 0.316235 0.47041 0.110637 -0.10432 -0.0224173 
1.65395 -0.34522 1.71965 -0.219015 1.17072 0.422971 1.18248 0.0502386 -0.392803 -0.00402974 -0.0780623 0.0765113 
1.53567 0.309686 0.901053 0.159244 1.39051 0.637687 1.2865 -0.203337 0.447304 -0.225798 -0.124951 0.0372298 
1.70884 0.150546 1.05326 0.138045 0.981537 0.774489 0.704166 -0.742696 0.445146 -0.461905 0.239808 0.106845 
1.84916 0.189701 1.32428 0.249173 0.627172 0.166649 1.59491 -0.294198 0.108645 -0.162475 0.442224 -0.0386216 
1.94499 -0.335695 1.67008 -0.323967 0.792831 -0.0310159 1.35616 -0.0602773 -0.0358905 -0.0515803 -0.0788072 0.0227982 
1.55001 0.276086 1.51491 0.123206 1.21932 0.640834 1.5299 -0.0623216 0.419346 -0.568997 -0.0696252 0.0371998 
2.12129 0.54942 1.18687 -0.0453968 1.21891 -0.0878477 1.13729 -0.441003 0.547178 -0.0484092 -0.0960085 0.0307641 
1.78607 -0.25022 1.45278 0.0261666 0.969407 0.419532 1.53366 0.342283 0.131795 -0.139262 0.0462155 0.0123158 
1.4827 -0.140011 1.71312 -0.582084 1.03417 0.570655 0.699109 -0.039117 0.212818 0.179781 0.0376023 0.0222947 
1.72377 0.173433 1.35674 -0.34507 0.738938 0.921726 1.21128 -0.259983 0.13932 -0.102298 -0.138675 -0.0423651 
1.84577 0.416145 1.29229 0.164342 1.88339 0.388222 0.963084 0.38631 0.398695 0.0410775 0.154304 0.0280625 
1.5949 0.692468 1.47802 0.69357 1.56736 1.55233 1.366 -0.159436 0.564489 0.108852 0.108114 0.0696636 
2.60659 1.856 2.24965 1.68636 2.04966 1.10158 1.90645 0.600607 0.603703 0.385435 0.5108 0.0719491 
2.80034 2.38445 2.22997 2.04101 1.81534 1.52987 1.27496 1.00843 0.71113 0.441882 0.246563 0.0619209 
2.9354 2.57599 2.42341 2.26188 2.05117 1.75162 1.45077 1.12834 0.805973 0.530247 0.289788 0.0813226 
2.84357 2.3819 2.23562 2.02679 1.75063 1.48439 1.21148 0.982025 0.738923 0.49767 0.309499 0.0611818 
2.8792 2.42187 2.30068 2.14611 1.9038 1.62812 1.35726 1.09643 0.807719 0.524739 0.338742 0.0766559 
2.92213 2.48917 2.34534 2.2307 1.92369 1.54927 1.35408 1.08237 0.745238 0.482557 0.295426 0.0707797 
2.73717 2.28646 2.10719 1.86679 1.63285 1.45332 1.21262 0.930107 0.743578 0.52081 0.317026 0.0668872 
0.952304 3.67921 2.36323 1.59739 2.83922 1.29752 1.34103 1.45701 1.35333 0.230884 0.486077 0.0498655 
0.502552 1.62854 0.850445 1.53051 2.58997 2.29038 1.27452 2.47043 1.53447 0.0583054 0.261298 -0.0502359 
4.102 2.49147 2.49452 3.00618 2.33838 0.504101 1.78294 1.46068 -0.0646171 -0.771374 0.0144948 0.038755 
5.96807 1.61263 2.2708 3.77305 2.47541 0.552472 0.695095 1.04708 -0.149602 -0.94731 -0.214784 0.072625 
5.92947 1.58141 1.8961 3.67238 2.16532 -0.281245 0.883574 0.250289 0.055658 -1.01936 -0.263386 0.0749763 
5.54487 1.75341 1.65917 2.87955 2.2761 -1.0052 0.415201 0.2467 -0.134652 -0.920703 -0.20575 0.0948759 
5.57571 1.31848 2.13468 2.12589 3.22501 -1.10759 0.850558 0.0222759 0.142445 -0.932321 -0.478856 0.165735 
5.75065 1.55427 1.19123 2.92543 2.96961 -1.77083 1.69636 -0.522681 0.455992 -0.992211 -0.348751 0.154578 
4.9123 1.53079 1.52065 1.81989 2.58335 -0.288154 -0.208331 0.423417 0.00661188 -0.955716 -0.153484 0.093363 
5.25136 2.02213 1.6994 1.91975 2.80558 -0.636875 0.0326795 -0.061494 0.401036 -1.14195 -0.282057 0.105757 
5.36641 2.41259 2.11478 1.12468 3.29349 -1.28047 -0.530892 0.798409 0.203898 -0.857488 -0.354247 0.0612855 
4.94108 2.51776 1.49621 1.85653 3.31135 -0.0952084 -0.364338 0.927279 0.0187841 -0.980201 -0.196445 0.041968 
4.90038 2.45 1.46021 1.83414 3.26274 -0.643338 -0.399012 0.489071 0.594586 -0.807252 -0.179447 0.0621956 
4.74612 2.38182 1.16057 1.78929 2.93153 -0.929804 0.0134091 0.572524 0.471522 -0.45806 0.149608 0.172816 
4.14037 2.66343 1.50855 2.46512 2.52203 -0.287162 -0.242887 0.103575 0.371261 -0.064674 0.206795 0.0667378 
4.48381 2.3606 1.30492 2.37206 3.01991 0.021978 -0.355452 0.363597 0.291965 -0.405343 -0.0469166 0.0266042 
4.78429 3.35507 1.67972 1.94785 2.47799 -0.57581 -0.410175 0.138595 0.675717 -0.575648 -0.0252951 0.00985157 
5.43819 3.03064 1.81463 1.85036 3.05396 -1.08992 -0.413494 0.166085 0.470614 -0.43191 -0.20576 0.0495344 
4.73991 2.78338 1.583 2.30061 2.46802 -1.04404 -0.00308473 0.384113 0.337359 -0.271007 -0.0429672 0.0704666 
5.24934 2.19915 0.623911 2.08754 3.28351 -1.72387 0.280274 0.347859 0.594722 -0.27716 -0.172689 0.156103 
5.46872 2.22893 0.138205 2.02504 2.91712 -1.78248 0.396656 0.161108 0.881362 -0.327892 -0.0741414 0.179729 
5.28162 1.84876 -0.0391882 1.97323 2.76673 -2.27546 1.31546 0.397649 1.28029 -0.220862 -0.0656246 0.201275 
4.19279 2.06194 0.609815 0.948786 1.51263 -0.173946 0.690793 0.800426 0.844388 0.026504 0.0626293 0.0271834 
3.35949 1.94956 1.65427 1.79253 1.28357 0.141221 0.606364 1.35849 1.194 0.379242 0.207957 0.0640262 
3.36975 2.59245 2.09741 2.08934 2.07641 1.71331 1.1033 0.74338 0.553469 0.368257 0.26735 0.0649232 
2.79718 2.17736 1.89513 1.77329 1.6645 1.3674 1.04676 0.869829 0.788156 0.61737 0.331543 0.0504087 
2.86108 2.29084 1.94302 1.76009 1.6557 1.50896 1.22839 0.939096 0.773801 0.628899 0.403581 0.0647213 
3.16113 2.57281 2.13493 1.91071 1.82757 1.626 1.27015 1.00227 0.88326 0.708713 0.362312 0.0858529 
2.83335 2.35725 2.23098 2.2134 2.05106 1.69997 1.31687 1.03447 0.827141 0.559655 0.278533 0.0775549 
2.91255 2.42545 2.22952 2.12365 1.99156 1.68721 1.32036 1.10707 0.962138 0.738706 0.407951 0.0950664 
3.39595 3.07038 2.95961 2.97483 2.98855 2.6543 1.95672 1.5317 1.14509 0.666134 0.185108 0.119051 
2.8491 2.44322 2.29826 2.13248 1.96695 1.7439 1.44851 1.16251 0.872352 0.587678 0.328307 0.0890583 
2.70397 2.2278 2.01509 1.85031 1.67473 1.49129 1.24685 1.00508 0.782072 0.549199 0.323995 0.0734765 
2.7754 2.31303 2.12773 1.98498 1.81596 1.63699 1.44281 1.18023 0.889793 0.625995 0.380445 0.0899443 
3.63844 2.45041 0.650621 -0.259362 0.568472 2.38016 3.47092 2.79971 1.2558 0.196705 0.123459 -0.0162391 
2.94485 2.07022 1.4467 1.099 1.47333 1.97537 2.18044 1.71126 1.00839 0.433139 0.194413 0.0598992 
2.67656 2.09507 1.0096 0.825665 1.85388 1.58054 3.37835 1.13502 1.5561 0.744701 0.233698 0.0651111 
1.87981 1.46236 2.52912 1.01743 1.15442 2.27841 1.79704 0.703636 0.457366 0.499469 0.276196 0.0458887 
1.42261 1.38154 2.5361 0.899802 2.0835 1.74565 2.60199 0.439535 0.517295 0.309482 0.392488 0.0580314 
1.86102 1.40223 2.06155 0.990888 1.28969 1.73969 2.41156 0.334469 0.476241 0.17735 0.275791 0.0564179 
1.68489 1.50308 2.13813 0.79282 2.2963 1.26317 1.36323 0.567925 0.436058 0.121544 0.227602 0.0700014 
1.18382 0.967711 1.81398 0.253896 1.74865 1.5284 1.79059 1.15253 0.17853 0.164362 -0.000936417 0.0651339 
1.40484 0.585387 1.88832 0.611224 1.96652 0.932008 1.89992 0.647886 0.608262 0.258112 0.0390269 0.089918 
1.63487 1.09362 1.72292 0.443212 1.61724 1.78045 2.56233 1.00904 0.0101519 0.178424 0.404574 0.0349574 
1.46458 0.436317 1.60568 1.10271 0.617886 2.23625 1.96406 0.312027 0.232811 0.0338848 0.33337 0.0584577 
1.22099 0.331763 1.43545 0.267241 0.987191 0.97001 1.3286 -0.380898 -0.0414701 0.091074 0.323436 0.107275 
1.20257 -0.0591554 1.40333 0.306142 1.20256 1.05227 1.86659 -0.0905776 0.615116 -0.0585539 0.20596 0.0982346 
1.32466 0.318944 1.4673 0.95091 1.31129 1.18577 2.36749 0.61822 0.569901 -0.00599381 0.109064 0.0701434 
1.20052 0.39044 1.27548 0.204278 1.16011 0.931887 1.98217 0.265884 0.275041 -0.0686255 0.180567 0.0318478 
1.17296 0.143157 1.37222 0.0339816 0.965783 1.40254 1.94573 0.0385141 0.442252 -0.309926 -0.158426 0.0334384 
1.14826 0.576125 1.52916 0.329396 1.21239 0.710606 2.10858 0.387417 0.340366 -0.0369562 -0.0970518 0.0858336 
1.12995 0.421648 1.45079 0.218771 1.49574 0.864859 1.39992 0.395722 0.684612 -0.0449623 0.093571 0.057377 
1.34439 0.149851 0.603596 -0.211069 0.733088 -0.472278 1.05911 -0.521591 0.183533 0.348967 -0.331389 -0.00929009 
1.0574 -0.0278499 1.17003 -0.476897 0.545881 0.720558 0.942303 0.180876 -0.123599 -0.0567577 -0.0193129 0.00716652 
