1.82452 -1.05745 0.792666 -0.126059 0.856119 0.168734 0.260593 -0.654016 0.126857 0.176222 0.326898 0.0134303 
1.86489 -1.24033 0.971591 -0.442978 1.49347 -0.469922 0.61748 -0.865539 0.208683 0.372408 0.117743 0.0635707 
2.00442 -0.613942 0.885313 0.15999 1.43165 -0.394819 0.460986 -0.595789 -0.00956205 0.367489 0.479661 0.027542 
2.22341 -1.26825 1.25815 0.0698354 1.19036 0.525208 -0.21622 -0.912532 0.332051 -0.0816825 0.206008 0.0846383 
1.81841 -0.750305 0.807841 0.716456 1.06727 0.530664 0.361902 -1.15006 0.539978 0.0933688 0.204008 0.00165538 
1.94606 -0.611721 0.47357 0.527637 0.682333 -0.0638341 0.78877 -0.826449 0.000962756 0.146455 0.682169 -0.000551552 
1.8509 -0.975132 0.806309 -0.0688891 1.53589 0.154045 -0.0904221 -0.665954 -0.127271 0.126614 0.382958 0.020593 
2.24558 -1.22888 1.11446 0.410973 1.61919 -0.0202239 1.08417 -0.657999 -0.0782588 0.20241 0.305477 0.0224182 
1.90196 -0.887076 1.13858 0.50169 1.6864 0.281196 0.584449 -0.857677 0.295111 0.208317 0.463018 0.0259198 
2.0994 -0.965296 0.97624 0.63253 1.93718 0.239287 0.289301 -0.858915 -0.18253 0.0335533 0.318856 0.0294264 
2.03489 -0.879161 1.50662 -0.0869472 1.74804 0.281094 0.168468 -0.734725 -0.130517 0.161469 0.336789 -0.0375101 
2.13228 -0.321675 0.951219 0.155519 2.12618 -0.545245 1.08476 -0.973673 0.0461168 0.714708 0.146574 0.0364213 
2.02552 -0.341402 1.12707 -0.0458282 1.42059 -0.192912 -0.0245477 -1.43403 -0.369941 0.24317 0.431609 -0.00137192 
1.91624 -1.08124 1.06462 0.260339 1.36108 0.197569 0.0159278 -1.0576 0.316449 0.125888 0.130894 0.0158444 
2.24717 -1.16648 1.35301 -0.338865 1.63857 0.597628 0.86835 -0.452458 -0.00373492 0.153539 0.320078 -0.0038527 
1.8368 -1.13031 0.647369 -0.380062 1.98627 0.754549 0.638863 -0.0461384 0.0693601 -0.018933 0.553853 -0.00911702 
1.86057 -1.13411 1.11725 -1.12077 1.75881 0.0480893 0.366189 -1.10132 0.253596 0.22355 0.277324 0.0629093 
2.16901 -0.749907 0.728819 -0.0425868 1.62868 -0.0625162 0.468533 -0.501244 0.753636 0.133591 0.401777 0.0143439 
2.02834 -1.49005 0.583323 0.640736 0.48087 -0.294414 0.832529 -0.610668 0.405207 0.146095 0.373901 0.00448036 
1.82933 -1.29296 1.16456 0.0129279 1.91012 -0.226762 0.836583 -0.565148 0.477906 0.499125 0.313355 0.0384056 
1.69509 -1.40976 0.709753 0.234071 1.27543 0.143889 0.538018 -0.776951 0.243774 -0.0923834 0.176491 -0.00288762 
1.81115 -0.393051 0.562136 0.467609 2.24494 0.0856446 0.570514 -0.831779 -0.0950756 -0.139447 0.280337 0.0322322 
2.08128 -1.38992 1.33766 -0.205374 1.21994 0.485999 0.916231 -1.13201 0.227166 -0.0403642 0.0613003 0.0319851 
1.75667 -1.04853 1.12845 -0.394208 0.635297 -0.49275 0.298361 -1.00532 0.159137 0.717828 0.356434 0.0248507 
1.54325 -0.795063 1.42168 0.519548 1.66184 0.301538 0.586583 -0.539967 0.0677132 0.222837 0.326057 -0.021502 
2.02803 -0.901275 0.507182 -0.119498 1.4239 -0.354822 -0.126557 -0.389768 -0.318767 0.293136 0.358617 0.0279467 
2.17224 -0.975388 1.1454 0.147677 0.702263 -0.489309 -0.156432 -0.457719 0.66779 0.344328 0.376495 0.000109437 
2.33573 -0.638545 1.03257 0.00304971 1.23142 -0.0262423 0.201101 -0.387934 0.200342 0.270626 0.267839 -0.0920448 
1.93283 -0.683365 0.80358 -0.0344718 1.79343 0.329394 0.847119 -0.57916 0.345369 0.0770708 0.270917 -0.00149993 
2.00156 -1.11655 1.24263 0.31996 2.11765 0.125486 0.708784 -0.51695 0.307989 0.563116 0.0840424 -0.0654401 
1.87337 -1.21473 0.597025 0.839532 2.45924 0.234153 -0.145809 -0.595036 0.170153 0.342535 0.0658109 -0.0325701 
2.10318 -0.974923 1.01937 0.281134 2.20408 0.363785 1.01121 -0.695713 -0.160395 0.216791 0.090771 0.0133893 
1.7499 -0.805348 0.782558 -0.0104241 1.48871 0.227535 0.06083 -0.603537 -0.257947 0.258354 0.180499 -0.0514387 
2.06583 -0.716832 1.15802 0.313667 1.06711 -0.471274 0.543891 -0.718114 -0.0918306 0.424077 0.587598 -0.0513764 
1.85016 -1.08205 1.03011 0.911239 1.23518 -0.766372 0.675608 -0.224262 -0.113857 0.138976 0.590537 0.104123 
2.10216 -0.93776 1.1586 0.278425 1.952 0.411715 0.791988 -0.39924 0.397713 0.215306 0.450189 -0.0121842 
1.9076 -1.02124 1.14952 -0.214059 1.26779 0.0881045 0.583501 -0.920638 0.046808 0.0270705 0.178456 0.00225384 
1.88729 -1.16808 0.912175 -0.114194 0.774188 -0.00933024 -0.100983 -0.486947 0.318746 0.281763 0.27751 0.057606 
1.90353 -1.37689 0.886864 0.100792 1.52477 -0.201342 0.536352 -1.01588 0.164326 0.437386 0.277127 -8.9279e-005 
1.73145 -0.775541 0.698596 0.323869 1.41587 0.690713 0.282209 -0.889942 0.38353 -0.106094 0.301763 0.00682486 
2.194 -0.656059 1.23711 -0.480578 1.35885 0.0830849 -0.173437 -0.919684 0.484862 0.583895 0.176341 -0.0165687 
1.97068 -1.13262 0.864758 -0.332072 1.12319 -0.0889099 0.39674 -0.323382 -0.00283122 0.629627 0.278343 -0.0765398 
2.15286 -1.38794 0.668078 0.0382043 1.41384 -0.648735 0.443119 -0.247878 0.637064 0.561557 0.309984 -0.0053119 
1.76406 -0.991146 1.41172 0.180865 1.20719 -0.328361 0.910521 -0.752298 0.0357091 0.223842 0.340895 0.0251811 
0.972343 0.429514 -1.11104 1.62094 0.99443 -0.350405 0.900096 -0.890017 0.152567 0.619594 0.0972394 0.037516 
-1.2326 3.35837 -2.90041 2.34917 -0.337383 -0.678965 1.1455 -1.61717 0.402359 0.402844 0.502159 -0.0423297 
0.913419 1.18138 -0.937633 2.48053 0.48357 1.39172 -0.160803 -0.209353 0.23683 0.245987 0.508354 -0.112004 
0.94797 0.0608089 -0.440294 1.57641 -0.438222 0.204202 0.473919 -0.869978 0.526663 -0.0626571 0.739583 -0.0601332 
-1.06829 -2.64442 1.56458 3.86402 -2.374 -0.180333 2.21003 -0.0828222 -0.348508 -0.321384 0.243444 -0.0902529 
-0.344167 -2.38107 2.15167 2.49602 -1.8906 0.472256 3.96624 0.686296 -0.790827 -1.0061 -0.0837587 -0.166827 
1.51729 -1.48477 0.853666 2.6126 -1.23393 0.90215 3.05123 -0.289387 -0.82594 -0.42546 0.149103 -0.100299 
1.96005 -2.07686 1.37475 1.18304 0.267337 0.0948909 2.2597 -0.54868 -0.837615 0.547116 0.31809 -0.0664314 
1.91261 -1.07589 1.42647 -0.216315 1.57606 0.653458 1.47265 -0.277277 -0.0852158 0.276452 0.483216 -0.0485765 
2.34265 -1.16549 0.38052 -0.985762 0.980561 0.520306 1.95781 -0.276388 -0.0964396 -0.140525 -0.0193789 0.0389734 
2.39605 -0.583781 1.00838 0.18267 2.05183 0.702688 0.912996 -0.225078 -0.090425 0.390451 0.301376 -0.00809689 
1.8368 -0.673267 0.996424 -0.161893 1.79925 -0.0378705 0.300734 -0.426196 0.118949 0.283017 0.42941 -0.0135035 
2.12323 -1.39296 1.14771 0.0129003 1.74507 0.334055 -0.07689 -0.866807 0.335281 -0.0709753 0.217853 0.0436679 
2.01338 -0.946778 0.538603 -0.117879 1.28153 0.135685 0.146738 -0.505196 0.602634 0.294857 0.333003 0.00182198 
1.97168 -0.958797 0.881939 0.183428 1.72735 0.265099 0.258668 -0.785093 0.140002 0.219385 0.453675 -0.0135162 
1.69186 -1.06035 1.42187 -0.334954 1.2669 -0.176862 0.531795 -0.449501 0.739575 0.564943 0.23545 0.0106825 
1.75902 -1.14221 1.37145 0.101023 1.315 0.756133 0.661051 -0.436114 0.524896 0.314783 0.170233 0.0315062 
1.94952 -0.805299 1.1969 0.552879 1.27637 -0.0517495 1.09437 -0.907074 -0.0302314 0.248603 0.09907 -0.00468436 
2.0315 -0.856361 1.23329 0.101783 0.960502 0.0624187 0.861165 -0.331462 -0.227352 0.112735 0.461576 0.017974 
2.03417 -0.998644 1.33384 0.65345 0.744032 -0.299878 0.262975 0.038484 0.682203 0.379114 0.550111 -0.0595586 
1.97148 -0.861745 0.772837 0.186812 1.83265 0.159157 0.722468 -0.778649 0.52779 0.496537 0.18887 0.000858115 
1.86546 -1.17465 1.02785 -0.117036 1.00348 -0.320141 0.719899 -0.774566 0.270413 0.301487 0.0992644 0.0496159 
1.93891 -1.02457 1.09108 0.151421 1.26549 -0.0270319 0.378548 -0.590535 -0.0644224 0.366807 0.554969 0.0865671 
2.16732 -0.795651 0.893172 -0.534179 -0.302943 -0.834196 -0.296403 -0.877724 0.700495 0.859646 0.422944 0.097275 
2.41886 -0.877431 0.996428 -0.647388 -0.013667 -0.45948 -0.406472 -1.19831 0.97325 0.845036 0.324844 0.116442 
2.21357 -0.409304 0.982488 -0.00869788 0.169376 -1.04654 0.450396 -0.668993 0.244495 0.258172 0.384614 -0.0378516 
2.59949 0.276141 1.33582 0.492136 1.31122 -0.308587 0.522983 -0.197509 0.640795 0.700817 0.716207 0.0800331 
3.19798 2.69364 2.86901 2.08235 2.17269 1.89785 1.60589 0.994627 0.91787 0.758909 0.353002 0.113402 
4.00306 3.90179 3.80845 2.5686 2.80959 2.43878 1.22516 1.22398 0.184059 -0.0498423 0.46791 0.064599 
3.55994 3.42847 3.44251 2.64212 2.88723 2.24855 1.31378 1.20987 0.569033 0.329269 0.395261 0.0821335 
3.76021 3.47921 3.27715 2.78787 2.54593 2.14541 1.2802 0.70702 0.610697 0.469319 0.35936 0.0921747 
3.42182 3.15689 3.14491 2.75913 2.30091 2.00878 1.64639 1.27096 0.849883 0.565184 0.323281 0.104355 
1.21329 0.749317 2.11814 0.816101 2.47832 1.12593 3.74751 2.05896 0.254888 -0.0265702 0.676739 0.000240486 
1.13911 2.53267 1.04855 0.996857 1.12038 -0.268919 2.58209 2.31463 0.269234 -0.454723 0.318193 -0.00162265 
4.33213 4.00683 3.36637 1.9029 2.37155 -1.05912 2.30089 0.993369 -0.321502 -1.48647 0.13797 -0.00879607 
3.45938 2.66842 2.82774 2.50759 1.32218 0.132868 1.16116 0.0421218 -0.164475 -0.649364 0.147982 -0.0272978 
3.7771 2.42603 2.06749 2.34793 1.55732 -1.4189 1.14506 -0.249838 -0.298405 -1.15249 0.189457 0.0468161 
4.76163 2.10034 2.71452 1.72688 1.73163 -1.66237 2.11691 -0.0662133 -0.17039 -1.47621 -0.114718 0.189291 
4.39853 2.17758 1.90554 1.76927 2.02484 -1.72123 1.83401 0.390839 -0.24292 -1.25551 -0.0588505 0.152228 
4.32193 1.89679 1.90425 1.86905 2.21965 -1.6828 1.98592 0.180043 0.0307956 -1.48478 -0.131877 0.179903 
4.28923 2.32447 2.07124 1.35726 2.26274 -1.51004 1.28226 0.77651 -0.0997353 -1.3629 -0.0448556 0.136385 
