1.95738 -0.605082 1.39955 -0.30444 1.27984 0.060001 0.997572 -0.261863 0.174569 0.154534 0.0202992 -0.0264573 
2.1036 -0.983407 0.900758 -0.192035 1.59104 -0.191647 0.367386 -0.622572 0.647385 0.391723 0.200735 -0.0319571 
1.64973 -0.574275 0.693564 0.435414 1.06754 0.0404898 0.870825 -0.569773 0.021358 -0.182877 0.29335 -0.0364656 
1.61699 -0.732147 0.324071 0.357052 1.5513 0.291256 -0.00796278 0.219629 0.67599 0.173863 0.298973 -0.00957012 
1.71868 -1.28564 1.31349 0.47918 1.946 0.0827755 0.773256 -0.569148 -0.138965 -0.0026454 -0.00582423 -0.0149666 
1.80671 -0.690163 1.16155 -0.0394451 2.20728 0.0265419 0.937646 -0.939895 -0.0997501 0.20082 0.315575 0.0438181 
2.6745 1.86838 1.8754 1.7491 1.40749 1.19627 0.924499 0.273638 0.351654 0.169025 0.110675 0.000118764 
2.84688 2.40513 2.15555 1.88819 1.59736 1.2009 0.86367 0.591822 0.383479 0.244575 0.141797 0.0379444 
2.88707 2.45285 2.24028 2.0356 1.76824 1.46626 1.16482 0.872536 0.609901 0.401721 0.252672 0.0590702 
3.17061 2.81951 2.56845 2.24842 1.99673 1.72504 1.3341 0.926938 0.609816 0.406838 0.29454 0.0743656 
3.18877 2.82078 2.60524 2.38713 2.00243 1.55453 1.15579 0.831256 0.641487 0.499381 0.337055 0.0838541 
3.51863 5.49841 2.25269 3.56725 2.1321 0.29868 2.63951 0.460341 0.0903619 0.162598 0.364011 0.123155 
2.57342 3.06381 1.7415 2.53254 1.85864 1.09936 1.74884 1.11514 0.77937 0.453672 0.3316 0.0793328 
2.05516 2.82469 2.191 2.00855 2.26851 0.422151 2.4673 0.709181 0.303445 0.479397 0.57107 0.0504484 
3.04045 2.49256 1.91459 1.8972 2.36181 0.0557218 2.906 0.847176 -0.435845 -0.12496 0.20893 0.0910676 
5.51616 2.04564 1.51153 3.71599 2.0851 -0.0429616 2.24568 -0.0856919 -1.00767 -1.28122 0.192221 0.129683 
5.5679 1.42457 2.34238 3.10418 1.98804 0.233981 1.40202 0.378923 -1.40399 -1.23096 0.0653267 0.105029 
5.88412 0.948973 2.24499 3.00021 1.43953 -0.610147 1.31766 -0.296965 -1.51437 -0.951106 0.176547 0.120992 
5.02737 1.58908 2.11379 2.76174 1.13359 -0.426341 0.470378 -0.611801 -1.01181 -1.17822 0.113585 0.107034 
4.45593 1.58519 2.22248 2.36249 1.62054 -1.14326 0.879093 -0.205298 -1.07572 -1.00147 0.0667849 0.0780573 
4.6855 2.30283 1.04237 2.79115 2.05344 -0.952198 0.649613 -0.15447 -1.22016 -1.13709 0.151588 0.149904 
3.74188 2.21884 1.75037 2.20041 1.2057 -0.384468 -0.169891 -0.179859 -0.87369 -0.651525 0.198607 0.0268162 
3.49531 2.37894 1.99808 2.0653 1.26556 -0.499299 -0.0448291 -0.0129698 -0.483569 -0.410734 0.188968 0.0375021 
4.92859 2.06993 1.81455 2.84915 3.07042 -1.86602 0.901553 -0.36166 -0.635145 -0.516438 0.279682 0.270744 
3.75318 2.44331 1.77597 2.31783 2.50733 -1.2092 1.01452 -0.251866 -0.102798 -0.47924 0.277266 0.128618 
3.80819 2.21073 1.56065 1.96351 2.55321 -0.168031 0.824947 0.295011 0.166825 -0.0923818 0.272829 0.0951027 
4.03667 2.05695 1.31243 1.97118 2.05202 -0.262522 0.810746 1.13518 0.857719 -0.114542 0.24176 0.107192 
4.83749 1.6866 0.831113 2.25693 1.71737 -0.850929 1.20053 1.2982 0.771309 0.312767 0.228137 0.113703 
4.94288 2.44093 1.0085 1.89806 2.04011 0.450463 0.400324 1.53883 1.65786 0.891979 0.234589 0.0447208 
3.58543 2.96973 2.30276 1.70281 1.30845 1.15194 1.21496 1.36806 1.3717 0.928856 0.273038 0.0854868 
3.67678 3.27817 2.67459 1.85843 1.20489 0.846917 0.859815 1.08298 1.19703 0.937096 0.376332 0.121168 
3.82085 3.4891 3.03429 1.98307 1.17576 0.898382 0.953505 1.35468 1.41807 0.967876 0.301186 0.123183 
3.74758 3.50307 3.10235 2.19894 1.66048 1.23188 1.15945 1.57491 1.41839 0.881018 0.157451 0.0975786 
2.8972 2.44628 2.2322 1.99414 1.7561 1.53452 1.31598 1.11697 0.878879 0.596308 0.321341 0.070297 
2.75804 2.29158 2.08821 1.88874 1.67654 1.4439 1.21793 1.00129 0.767033 0.532405 0.312751 0.0534539 
2.77511 2.31685 2.11911 1.93821 1.73729 1.53153 1.28519 1.07849 0.829224 0.573144 0.345969 0.0623323 
2.87253 2.45636 2.26669 2.09433 1.90989 1.63989 1.37969 1.12815 0.848973 0.565914 0.30609 0.073527 
2.80757 2.35473 2.18848 2.02255 1.82654 1.61723 1.34756 1.09022 0.816017 0.549229 0.325569 0.0692859 
2.80296 2.34769 2.18131 1.99525 1.84139 1.67496 1.41139 1.11154 0.886679 0.609451 0.352089 0.0738254 
3.31375 3.01248 2.975 2.82186 2.91376 2.40555 1.83629 1.30934 0.883635 0.648332 0.260426 0.10968 
3.13896 2.76887 2.644 2.47737 2.50042 2.32871 1.82335 1.3208 0.808758 0.621724 0.32987 0.113372 
2.90024 2.53601 2.40956 2.11514 2.23742 1.82709 1.5923 1.38274 0.79029 0.618344 0.340083 0.100036 
2.86607 2.49043 2.4009 2.07963 2.10698 1.85475 1.56758 1.28811 0.843054 0.585711 0.389795 0.0952348 
2.67333 1.37427 2.97636 2.95472 3.40778 2.66796 1.96895 0.816989 0.109685 0.814213 0.577547 0.0924484 
2.24919 0.857575 2.61279 1.24294 2.53772 2.30207 1.64112 0.448784 0.717943 0.682413 0.716805 0.037647 
1.96868 0.570943 2.13426 1.97189 1.94148 2.06766 1.73191 -0.291709 0.659781 0.607343 0.521123 -0.00319756 
1.80998 -0.167864 1.92831 1.12267 1.5688 1.79565 1.71701 0.167511 0.689854 0.576782 0.544088 -0.0528005 
1.98135 0.0819802 1.01672 0.689013 1.61572 1.32776 1.54801 -0.207402 0.412089 0.220962 0.445134 0.0372274 
1.6388 -0.889562 1.05252 0.445084 1.27024 0.258928 0.173163 -0.362473 0.119046 0.383029 0.315355 -0.0258097 
1.81964 -0.900014 1.1981 0.440819 1.08272 0.984998 0.445317 -1.02389 0.188197 0.628128 0.342112 0.0534613 
1.77471 -0.413739 0.779777 -0.0872254 1.62498 0.404379 0.256147 -0.480052 0.355912 0.48894 0.543521 0.0738656 
1.57949 -0.824227 1.17415 0.00704462 1.33844 0.508035 0.424746 -0.427186 -0.285731 0.511745 0.400147 0.0133521 
1.52203 -0.771208 1.13741 0.599606 2.18115 0.860341 1.18397 -0.42937 -0.234663 0.475621 0.347675 0.00729529 
1.49657 -0.983955 0.927866 0.439228 1.44985 0.945543 0.548397 -0.314795 -0.201358 0.507609 0.366802 0.0137147 
1.33537 -1.30645 0.702169 0.270451 1.22944 0.0162086 0.356054 -0.962133 0.182145 0.506069 0.30339 0.0729506 
1.66204 -0.886949 0.958694 0.50971 1.31034 0.638716 0.93259 -0.546557 0.28633 0.361013 0.31568 0.00209458 
1.47715 -1.07427 0.908241 -0.048321 1.31722 0.154143 0.166842 -0.198683 0.445009 0.188219 0.401608 0.0158322 
1.52946 -0.598897 0.518064 0.329734 1.60205 -0.351445 0.520644 -0.817827 0.497066 0.581698 0.0507907 -0.000841432 
1.52236 -0.961676 1.13116 -0.10926 1.63737 -0.0161127 0.956067 -1.37224 0.177081 0.119589 0.00707169 0.099656 
1.35217 -0.756234 1.16164 0.00771604 1.31822 0.25242 0.289301 -0.766697 0.709971 0.348692 0.138731 0.0550557 
1.6975 -0.677297 0.660363 0.684586 1.18406 0.953902 0.14381 -0.929332 0.143303 -0.014152 0.252474 0.0397878 
1.47336 -1.06072 0.501288 -0.122514 0.803589 -0.123284 0.211627 -0.813005 -0.390341 0.000172991 0.175622 0.0422756 
1.51289 -0.896497 0.984665 0.118205 0.876151 0.0648264 0.926394 -1.22289 0.444355 0.522612 0.444297 -0.0300038 
1.76426 -0.729942 1.33187 0.125209 1.55105 -0.16468 0.321545 -0.832039 -0.152916 0.268235 0.290558 -0.0487514 
1.61088 -0.763932 0.954287 0.0839423 1.70887 -0.0479762 0.336385 -0.66407 -0.107648 0.0673155 0.375091 0.0413409 
1.33519 -0.987389 0.901408 0.559046 0.62483 0.0753591 0.342331 -0.554404 0.575411 0.252939 0.318038 0.0439794 
1.5284 -0.503901 0.615304 0.366806 1.44158 0.587649 0.607332 -0.48809 -0.303649 0.199274 0.390806 -0.0281777 
1.49359 -0.831582 0.472723 0.113136 0.707971 -0.686183 0.455943 -0.961797 -0.0335692 0.452264 0.224123 -0.0119963 
1.12226 -0.934817 0.769742 0.374471 1.55 0.39179 0.109313 -0.686174 -0.363615 -0.0239575 0.524002 0.0653565 
1.61366 -0.860005 0.762522 0.47051 1.38735 0.338521 0.775402 -0.472304 0.195984 0.465631 0.114893 -0.0176949 
1.67508 -0.315055 1.21072 0.330263 0.740159 -0.3636 0.620644 -0.414187 0.386154 0.304504 0.0129664 0.0375283 
1.77057 -0.704875 0.315454 0.833902 1.05464 0.0638927 0.694096 -0.3745 0.232123 0.114304 0.432773 -0.101863 
1.65 -1.15176 0.669889 0.631334 1.48517 -0.10439 0.912954 -0.135093 0.215274 -0.123621 0.156248 -0.0717675 
1.40352 -0.860268 0.479918 -0.304765 0.869058 -0.143779 0.492619 -0.692813 0.0397421 0.145811 0.216596 0.0416554 
1.47043 -0.703034 1.37925 0.220632 1.71223 0.375828 0.660185 -0.704918 0.113807 0.231933 0.177587 0.0113502 
1.60202 -0.632207 1.10238 0.870039 1.30938 -0.225908 0.338453 -0.311743 0.383512 0.0491473 0.490964 -0.0206684 
1.6951 -0.550887 1.00862 0.533825 1.40321 0.191898 0.972148 0.0211364 0.652937 0.462296 0.0119401 -0.091114 
1.60357 -0.961758 1.04546 -0.00761211 1.35866 -0.713409 -0.00627534 -0.32327 0.486352 0.164666 0.277269 0.0420323 
1.64277 -0.582822 0.995093 0.494221 0.0931015 -0.134288 0.239161 -0.914647 0.709968 0.331877 0.095392 -0.00339711 
1.91649 -0.682818 0.72772 0.546466 1.42882 -0.0150731 1.03644 -0.262216 0.256448 0.236878 0.127161 -0.00825504 
1.58514 -0.854393 0.828442 -0.362219 1.64609 0.297648 0.367304 -0.233787 0.0682689 0.147954 0.276277 0.0252407 
1.70978 -1.12575 0.63211 0.0423194 0.644648 0.1205 0.521996 -0.608302 0.618575 0.284659 0.0890373 0.0284416 
1.66618 -0.398895 0.660839 0.0829693 0.914832 -0.32645 -0.231959 -0.797223 0.48456 0.626198 0.401049 0.0935999 
1.5652 -0.939513 0.861377 -0.221375 0.757103 -0.143197 0.0983231 -0.723269 0.0274683 0.497414 0.183834 -0.02569 
1.59045 -0.483314 0.995222 0.704966 1.56904 0.396082 0.580058 -0.215523 0.105002 0.31359 0.316825 -0.0279533 
