1.60658 -0.328542 0.467241 0.426814 0.491291 -0.0814799 -0.0280583 -0.903633 0.498809 0.558501 0.528871 -0.0266688 
0.103023 0.793967 -1.25788 1.82696 0.61696 0.257604 0.74426 -0.496943 0.441553 -0.286005 0.619989 -0.168852 
0.0849187 0.860336 -0.0943542 1.15359 0.783866 0.829679 0.345505 -0.339326 0.420509 -0.23548 0.792945 -0.151743 
1.53567 -0.594192 0.57363 0.403792 0.760201 0.130233 0.56988 -0.583465 0.34947 -0.0494782 0.511147 -0.00270407 
1.79361 -1.01369 0.607318 -0.202549 1.42775 -0.184894 1.33686 -1.22414 0.0447755 0.413581 0.0427902 -0.00885956 
1.76455 -2.51332 1.37263 2.40216 -0.571986 -1.25388 2.43934 0.0620893 -0.963961 -0.364173 0.312132 0.072063 
2.29702 -4.57811 1.65631 3.98642 -2.10759 -2.26959 4.05196 1.35566 -1.15555 -0.880671 -0.0250749 -0.1072 
2.20211 -2.15086 1.32686 1.9063 -0.270539 -1.76272 1.87 0.934608 -0.204048 -0.247648 0.148857 0.0420798 
2.05989 -0.538703 1.21201 -0.214841 1.00383 0.721575 0.30004 -0.547894 0.915304 0.481863 0.108236 0.0935954 
1.72281 -1.01404 1.74852 -0.342315 1.29389 0.384373 0.283006 -0.721657 -0.130136 0.549463 0.106976 0.000260352 
1.91925 -0.952197 0.754446 -0.0678141 0.774887 -0.575377 0.25492 -0.940064 0.42066 0.443788 0.435832 0.112695 
1.87213 -0.804107 0.726382 -0.273721 0.601988 0.468635 0.422297 -0.873089 0.809715 0.218419 0.253754 -0.0137329 
2.01401 -1.03724 1.15566 0.173518 1.16609 -0.179821 0.553524 -0.724402 0.573303 0.202625 0.234201 0.0530009 
1.96101 -0.984309 1.69623 0.629367 2.089 0.101731 0.766212 -0.378068 0.610149 0.387962 0.227193 -0.0159823 
2.02078 -0.749133 1.22954 -0.203211 1.20155 -0.0520301 0.326255 -0.73383 0.399033 0.458905 0.49895 0.0409691 
1.78508 -1.3936 1.20488 -0.147527 1.33021 -0.640793 0.511261 -1.09282 -0.000912612 0.112199 0.206327 0.0681464 
1.95586 -0.612646 1.36265 -0.188879 2.27172 0.374156 0.599653 -0.584617 0.245799 0.509946 0.352714 -0.0231654 
1.92759 -0.823044 0.525464 -0.339735 1.16332 0.623054 0.340972 -1.00382 0.228699 0.299282 0.338821 0.00125532 
2.14602 -0.700374 1.00365 -0.621785 0.915575 0.439118 0.188976 -0.78324 0.225691 0.558349 0.321201 0.0218627 
1.92122 -1.08299 1.16201 0.0135183 1.84013 0.116388 0.0580009 -0.847644 0.394573 0.505101 0.39544 0.0406858 
2.24706 -1.2198 1.23926 0.310409 1.40799 -0.2563 0.181024 -1.08213 0.329493 0.464769 0.126962 -0.0389395 
1.8627 -1.07499 0.436253 -0.0417117 1.22557 -0.424833 0.185982 -0.723195 0.381288 0.373944 0.067342 -0.0518921 
1.59863 -1.04392 0.510851 -0.184217 1.31531 0.215337 0.234179 -1.20113 0.306968 0.229311 0.142149 0.00584602 
1.83059 -0.887842 0.518426 0.345638 0.899369 0.759132 1.20555 -0.93678 0.266278 0.0291848 0.0917247 -0.0653284 
2.01848 -1.26815 0.851972 -0.138694 1.1947 0.389669 0.93893 -0.778969 0.309323 0.0638443 0.2166 0.020973 
1.88357 -1.08178 0.945939 -0.236379 1.38361 -0.333335 0.62339 -0.789958 0.312333 0.263421 0.169598 0.0154613 
1.90074 -1.15827 1.03756 0.424352 1.96566 0.774835 0.399503 -0.491602 0.164986 0.20747 0.34943 -0.0393588 
2.22637 -0.77265 0.651103 0.110124 1.24417 -0.437437 0.347774 -0.126447 0.683025 0.440009 0.55052 0.069002 
2.21788 -1.26155 1.16514 -0.0739046 1.10362 -0.297152 0.256849 -0.590865 0.0698018 0.326997 0.629064 -0.014051 
1.90821 -1.2761 0.863253 -0.363843 0.0146145 -0.236041 0.410837 -0.471444 0.226202 0.0914856 0.247607 -0.0715128 
1.93269 -1.33202 1.0342 0.432152 1.17285 0.0142096 -0.0809068 -0.719353 0.337135 -0.0245734 0.364106 0.106888 
1.91924 -0.655233 1.06483 -0.0313819 1.76984 1.01547 0.637717 -0.617629 0.262758 0.0962889 0.176601 -0.0289661 
1.70414 -0.921268 0.395623 0.273166 1.86916 0.342726 0.0887653 -1.25406 0.304894 0.338329 0.15194 -0.0776245 
1.706 -1.128 0.985656 0.523025 1.70136 -0.452476 1.22381 -1.22522 0.711868 0.0905737 0.217093 0.0498572 
1.58639 -0.940722 0.85159 0.464795 1.91383 0.433199 0.330643 -0.915502 0.463693 0.0979754 0.112345 0.0275242 
1.94415 -0.544002 1.29449 -0.336202 1.95924 0.449083 1.09993 -0.506332 0.281537 0.544892 0.0737505 0.0718474 
2.2259 -0.593689 1.29798 0.350921 1.84586 0.216246 0.197314 -0.556227 0.778736 0.49399 0.490669 0.063072 
2.34919 -0.553282 1.54387 0.819443 2.53879 1.04858 1.85265 0.319892 0.414494 0.578346 0.445623 0.0323996 
2.01457 -0.861163 0.752087 0.189079 1.52017 0.329246 1.04811 -0.103035 -0.0298523 0.525971 0.536221 0.0078206 
1.88574 -1.22038 1.19513 0.511636 1.81104 -0.333066 0.294719 -0.379255 0.685201 0.183486 0.294658 0.0266958 
2.07279 -1.49527 0.698713 -0.412451 1.28964 -0.433465 0.561886 -0.454467 -0.00308344 -0.0879453 0.373578 -0.0122636 
1.74105 -1.19194 0.349635 -0.146151 1.21403 -0.53225 0.00666071 -0.684301 0.0850317 0.397462 0.209684 0.0338881 
2.57958 1.50957 2.14347 1.68056 1.72747 1.14236 0.986835 0.448844 1.15233 0.353569 0.286308 0.0641787 
2.84503 2.41375 2.27295 2.08364 1.73326 1.33929 1.1309 0.927455 0.821189 0.580912 0.379094 0.0813473 
3.01321 2.50269 2.20187 2.004 1.98042 1.89389 1.49208 0.998495 0.571192 0.358451 0.291571 0.067973 
2.89344 2.50555 2.3159 2.01135 1.72949 1.45128 1.21671 0.970762 0.702919 0.448369 0.267693 0.0643003 
2.79575 2.35025 2.20324 2.00758 1.76447 1.59205 1.33986 1.01748 0.773791 0.5446 0.31621 0.0657764 
2.69869 2.20438 1.96683 1.80031 1.67929 1.3972 1.15419 0.939452 0.733898 0.498677 0.272519 0.0487656 
2.01579 3.00735 1.65201 1.61119 2.40982 0.683489 1.7702 0.616505 1.03878 0.0141283 0.681452 -0.00401908 
1.99839 3.16797 1.79806 1.2098 1.93425 0.0769395 2.81309 1.53143 0.221718 -0.019592 0.330703 0.0094555 
4.88713 3.87827 3.19754 1.90034 2.22069 -0.0389784 3.08477 0.572636 -0.271141 -1.74699 -0.0468707 0.00475924 
3.60202 2.9348 2.25285 1.76994 1.23025 0.865832 1.05299 0.43067 -0.19852 -0.559023 -0.165182 -0.0681209 
3.88361 2.89717 2.16044 1.74886 1.27663 0.137712 1.10009 0.437326 -0.390706 -0.875915 -0.0907826 -0.0513688 
5.28581 2.52258 2.05406 1.28238 2.05543 -1.40629 1.35413 0.671988 -0.57899 -1.63416 -0.368712 0.107982 
5.61519 2.53915 1.76143 1.46612 2.81691 -1.82687 1.89463 0.632373 -0.469713 -1.41144 -0.629392 0.126792 
5.78006 2.18838 1.65073 1.18793 2.68707 -1.97062 1.67893 0.308095 -0.524754 -1.38044 -0.645366 0.161952 
6.30986 2.59389 0.816218 1.86707 1.99133 -2.08898 1.88345 0.16682 -0.50802 -1.40911 -0.407259 0.157508 
5.43758 2.73077 1.52187 0.703543 2.64342 -1.75197 1.39434 0.357975 -0.286117 -1.26204 -0.292546 0.240362 
5.59506 2.91704 0.140397 1.16986 2.94327 -1.43747 1.1362 0.340805 0.0133573 -1.06611 -0.193774 0.270321 
5.6969 2.5345 1.11284 1.04602 2.68123 -0.379042 0.304745 0.56587 -0.576808 -1.05336 -0.0713391 0.20575 
6.07075 2.84535 0.487676 1.38123 2.85764 -1.43506 1.11656 0.149293 -0.352736 -0.994504 -0.235426 0.260346 
4.57218 3.12013 1.82554 0.858521 2.58602 -0.0804314 0.685759 0.80244 -0.19364 -1.50254 0.0562513 0.0608293 
4.55318 2.69691 1.83396 1.02332 2.17884 0.334502 0.754116 0.18871 -0.556318 -1.01881 0.212547 0.126542 
5.36941 2.89712 1.39821 1.07636 2.8779 -0.0935271 0.910168 0.409366 -0.54833 -1.16099 -0.0708633 0.16667 
5.51184 2.633 1.31326 0.935445 3.22628 -1.39038 1.54469 -0.217766 0.210499 -1.10202 -0.177831 0.313098 
5.16107 3.33501 0.977164 1.38807 3.25138 -1.26863 1.139 0.237809 0.140755 -1.40282 -0.211994 0.16878 
3.7705 2.60382 1.39969 1.15525 1.21637 -0.11449 0.926232 0.124032 -0.244564 -0.658487 0.261059 0.082238 
3.84862 2.42485 1.20814 1.25961 1.7342 0.416262 1.00451 0.434826 -0.149919 -0.700737 0.335679 0.109907 
4.09734 2.80148 1.6479 1.98675 2.25854 -0.572969 1.08967 0.149838 -0.0373133 -1.05234 0.388734 0.14576 
3.72239 2.88034 1.99248 1.54826 1.5173 0.309032 1.10026 0.0936598 -0.237857 -0.550591 0.15284 0.0260705 
4.2719 3.1825 1.55015 1.28813 2.08187 -0.682469 1.3369 0.021451 0.0474517 -0.625548 0.324145 0.143176 
4.71416 3.40391 0.688585 1.97272 2.46896 -0.701416 1.97085 -0.251708 0.526311 -1.12303 0.449059 0.212062 
5.42608 4.44073 0.189916 2.98525 2.90477 -0.910045 2.57837 -0.387548 0.439784 -1.40533 0.13162 0.176275 
5.46605 3.58569 -0.0400123 3.07452 2.08133 -1.37473 3.00568 0.434645 0.273559 -0.970679 0.559037 0.37021 
5.97611 4.21625 -1.37033 3.84323 1.80687 -1.05597 2.87025 0.546484 0.56949 -1.19626 0.558145 0.313439 
4.16616 3.11059 2.722 1.72079 1.87366 -0.669089 2.73786 1.76852 0.981763 -1.02191 0.403918 0.134104 
2.47465 1.9177 3.94352 1.64875 1.43325 0.00336507 2.20051 1.87188 1.11437 -0.0227607 0.360885 0.137506 
4.94074 3.98233 3.0828 1.02398 1.20942 1.06716 1.94254 2.20883 1.09578 0.245337 0.241293 0.0257426 
3.7419 3.54599 3.37895 2.97916 2.72029 2.08347 1.81933 1.468 0.937132 0.62832 0.251907 0.10198 
3.16417 2.82847 2.78812 2.77258 2.53052 2.23646 1.79991 1.43679 0.971673 0.540535 0.233246 0.105523 
3.07217 2.75015 2.66257 2.55708 2.30365 1.91388 1.64164 1.35385 0.93827 0.644778 0.311695 0.107944 
3.351 3.03139 3.33954 3.39094 3.32225 3.03198 2.3412 1.43964 1.12976 0.708291 0.267076 0.140262 
2.76617 2.32415 2.1801 2.07133 1.91977 1.66143 1.43238 1.18004 0.949413 0.657207 0.374184 0.0885606 
2.88507 2.46411 2.33709 2.18797 2.03138 1.772 1.54408 1.22002 0.873468 0.60603 0.352497 0.094699 
2.95289 2.59136 2.47784 2.32452 2.05586 1.95883 1.58482 1.1349 0.896888 0.615985 0.37188 0.103445 
