2.17876 -0.914775 1.01559 0.00607431 0.89112 -0.199189 0.859859 -0.532905 0.239564 0.354399 0.344704 0.0447867 
1.9791 -0.702453 1.35439 0.287426 0.5306 -0.386719 0.144184 -0.664742 -0.334298 0.276118 0.246944 -0.0224423 
2.07719 -0.594543 0.796492 -0.292171 1.00621 -0.480478 -0.0113674 -0.815972 0.675493 0.166328 0.436941 0.0796408 
1.93753 -1.30891 1.17736 0.127768 0.513634 -0.097208 0.856817 -0.3254 0.797269 0.371533 0.1943 -0.00342411 
2.04133 -0.889701 0.944711 0.755163 1.63263 0.334785 0.924378 -0.643428 0.414448 0.219435 0.244321 0.0123532 
2.1408 -0.873471 1.47135 0.0422042 1.34245 0.0828345 0.497338 -0.635028 0.549153 0.216549 0.568906 0.0793859 
2.0561 -0.652818 0.88394 0.261788 0.367263 -0.863064 -0.214163 -0.669939 0.474159 0.630583 0.705909 0.0997587 
2.23539 -0.939311 0.903049 0.28898 0.479509 -0.258972 0.288105 -1.26234 0.25496 0.325673 0.453445 0.0851249 
2.18268 -0.995057 1.31813 -0.0877244 0.584807 0.121011 1.70259 -0.361626 0.364185 0.026962 0.414302 0.0664272 
1.65799 -1.33616 0.756988 0.194723 0.481018 0.600981 0.517233 -1.17565 0.584234 0.28701 0.275733 0.0397642 
-0.419561 0.703786 0.0775789 0.638471 1.86404 -1.8495 1.67977 0.547512 0.404854 -0.0694554 0.116961 -0.00277357 
-2.13484 0.497472 1.63744 1.77084 1.36503 -1.90567 6.50882 1.35495 0.278968 -0.532217 0.10696 0.0714447 
-1.74196 -0.227374 1.79959 2.63923 0.760897 -2.54615 5.878 1.71358 -0.22615 -0.00943346 0.229683 0.0326285 
-1.2 0.522223 0.604237 1.87601 0.864614 -2.71036 4.26917 0.523085 -0.157278 -0.417554 -0.24231 -0.0410196 
-0.58204 1.23781 0.796477 0.153845 2.6752 -1.4398 1.31591 0.641231 -0.707983 0.432669 0.177905 -0.101953 
0.240025 0.279534 1.33372 -0.88027 2.07383 -1.74337 0.746892 1.34988 -0.721721 0.990912 0.120819 0.114897 
1.28627 -0.444152 1.04984 0.676806 1.58844 -0.598009 1.04336 0.21264 -0.243547 0.460405 -0.0196043 0.0163461 
2.24458 -0.911249 1.84294 0.0752531 2.30445 0.4579 1.13793 -0.592747 -0.105944 0.464794 -0.176702 -0.0647646 
2.26369 -0.52486 1.06689 0.0455507 1.79986 0.816128 0.0904365 -0.611732 0.155563 0.26125 0.206022 0.00292279 
2.19015 -0.742701 1.48393 -0.0807436 0.954123 0.801682 0.0951551 -0.151972 0.594141 0.466403 0.0477262 -0.0729939 
2.42589 -0.673675 1.84513 0.220148 1.66195 0.927969 0.931071 -0.420169 0.248772 0.191672 0.0480105 -0.0920425 
2.11674 -0.574036 1.68325 1.11087 1.57201 0.876012 0.141114 0.412576 0.210575 -0.12317 0.21836 -0.166254 
2.48192 -0.673726 1.95333 -0.00862718 1.65069 0.130517 0.506066 -0.0853683 0.150396 -0.0424756 0.150072 0.0144107 
2.01599 -1.20484 1.80903 -0.957907 1.03518 0.228619 0.134379 0.254711 -0.103169 0.432002 0.36246 -0.100466 
1.9909 -0.723483 1.12843 -0.347871 1.54277 0.370413 0.490496 0.820419 0.175654 0.0930709 0.201894 -0.0467185 
1.99341 -1.05387 1.49665 -0.15746 1.02817 -0.446852 0.796414 -0.345272 0.0449995 0.117639 0.266829 0.0625808 
2.21834 -0.94934 1.68193 0.0173055 1.03972 -0.552339 0.61465 -0.643434 0.431145 0.72437 0.0961092 -0.0142974 
2.22053 -0.715908 1.5204 0.373506 2.05572 -0.215906 1.37425 -0.628174 0.165189 0.305229 0.181407 -0.0239363 
2.43497 -0.537842 1.60797 0.843491 1.85441 -0.297382 1.22283 -0.394308 0.624118 0.367857 0.0751153 -0.020385 
1.85058 -0.580558 1.52088 0.480421 1.18277 -0.393249 0.628318 0.101507 -0.0403924 0.185223 0.00448506 -0.0496166 
2.16738 -0.342425 1.2275 0.390671 1.69124 -0.187346 0.859721 -0.294145 0.497147 0.511397 0.0892538 -0.184224 
2.35054 -0.585623 1.21699 0.790727 1.79871 0.40055 1.52792 -0.584876 0.601244 0.0782251 0.0812185 -0.0641541 
2.05337 -0.530836 1.12999 0.255797 1.34911 -1.64523 0.125836 -0.390915 0.411308 0.735214 0.441752 0.0140842 
2.06752 -0.816334 0.702812 0.272983 1.64307 -0.326557 0.214405 -0.790243 0.45737 0.186157 0.000573568 -0.0210953 
2.02018 -0.97236 1.01086 -0.0352779 1.7297 -0.485866 0.166415 0.100181 0.413558 0.153949 0.215307 0.00197024 
1.80067 -1.00145 1.0452 0.251387 0.929727 -0.0926304 1.00792 -0.382343 0.41426 0.360483 0.159255 -0.0283739 
2.02437 -1.19269 0.927953 -0.546607 1.6156 -0.266245 0.178576 -0.38409 0.887149 0.279861 0.23815 0.067966 
2.09191 -0.667341 1.25827 0.352808 1.54564 -0.298612 0.143273 -0.529572 0.500961 0.313422 0.193874 -0.0219695 
2.0836 -1.257 1.07502 0.771976 1.49625 -0.0291348 0.812883 -0.0414548 0.303448 0.145076 0.239013 -0.0248302 
2.02787 -0.897013 1.11356 -0.0516512 1.53414 0.712873 0.671708 -0.501885 0.0935476 0.451907 0.115579 -0.0456195 
2.13854 -1.00898 0.84061 -0.167617 1.31389 -0.348058 0.671317 0.169191 0.310297 0.344362 0.284487 0.045777 
1.80222 -1.07028 0.883061 0.386761 1.99078 -0.0485309 0.269209 -0.617933 0.242725 0.165552 0.24406 0.0425874 
2.0735 -1.15234 1.00887 -0.17428 1.48634 0.147198 0.22905 -0.524743 0.0782582 0.398751 0.352426 0.0352455 
1.92352 -1.06725 0.866995 0.0863736 0.969373 0.0729639 0.2123 -0.986881 0.135256 0.624098 0.312282 -0.0444934 
1.65423 -0.652752 1.36751 -0.0227971 0.528888 0.63085 0.812003 -0.90314 0.27249 0.111335 0.289061 -0.0360874 
1.73733 -0.848654 0.768705 -0.0780177 1.19273 -0.186912 -0.0232337 -0.0120717 0.182074 0.743298 0.338069 -0.0218929 
2.0082 -1.00919 0.908865 0.217454 0.980613 0.34743 0.640585 -0.471548 0.289605 0.476345 0.233829 -0.0154842 
1.85488 -0.884894 0.735087 0.355562 0.990684 0.328513 0.235601 -0.994595 0.304588 0.0266473 0.45841 0.0569701 
1.90557 -0.69073 0.811324 -0.115999 1.79935 -0.362673 0.592644 0.0635991 0.168334 0.356748 0.274526 0.0146782 
2.37532 0.572033 2.03168 1.46819 1.89884 1.49496 1.15859 -0.245993 0.546867 0.0260568 0.54369 0.0813811 
3.32078 2.7454 2.87232 2.57449 2.41626 1.83126 1.65105 1.23598 0.965449 0.721157 0.330342 0.118806 
2.99879 2.61827 2.50426 2.27702 1.92914 1.69945 1.38603 1.04645 0.801321 0.519266 0.315881 0.083203 
2.96348 2.58882 2.44178 2.22911 2.00303 1.6927 1.36005 1.07814 0.772781 0.465082 0.264498 0.0743444 
2.87271 2.47023 2.27838 2.1116 1.84966 1.56217 1.33094 1.0427 0.752998 0.525421 0.305739 0.071302 
2.77926 2.32382 2.12278 1.95467 1.75708 1.49186 1.26396 0.976846 0.709975 0.492294 0.279403 0.0589086 
2.73835 2.26327 2.05421 1.84208 1.63622 1.35843 1.0939 0.841128 0.585888 0.389979 0.225018 0.0439978 
2.66901 2.17613 1.94286 1.68686 1.49171 1.26042 1.02292 0.796767 0.574933 0.378517 0.203578 0.0380925 
2.77936 2.24753 2.57813 2.14374 1.92397 1.49587 1.53802 1.21648 1.01103 0.398656 0.41245 0.0872373 
0.863727 3.09111 2.17726 1.36467 2.29989 0.661646 1.84207 1.99867 0.965474 0.191444 0.272627 0.0442098 
1.96932 2.29396 2.02151 0.987032 0.941377 0.381201 1.52838 2.32628 0.696118 0.107778 0.274908 -0.0227078 
4.33272 3.26954 2.5709 3.31422 2.61971 1.06874 0.657943 0.995204 0.139472 -0.320133 -0.0729632 -0.0243447 
4.59329 3.13434 2.3259 2.56989 2.0478 1.27939 1.04964 0.625405 -0.341267 -0.660624 -0.0750522 -0.0275715 
4.57102 2.78341 1.96458 2.33807 1.80969 1.05564 1.14537 0.718846 -0.456434 -0.799918 -0.0849555 -0.00484769 
5.03376 2.72612 2.16407 2.49251 1.88406 0.550658 0.596706 0.85533 -0.489839 -0.992114 -0.127072 0.0190911 
3.99965 2.76249 2.0628 1.96079 1.41104 0.562822 0.548727 0.155019 -0.781553 -0.62514 0.0394096 -0.0111792 
4.25207 2.73588 2.13854 2.41261 1.71377 0.460419 0.293274 0.0985169 -0.340424 -0.618199 -0.101469 -0.035654 
3.72047 2.79541 2.21175 2.02266 1.26022 0.0284559 -0.0414326 0.114845 -0.0598093 -0.353618 -0.108728 -0.0314363 
3.47463 2.41243 2.05883 2.2281 1.69491 0.19071 0.269714 0.493638 0.0535383 -0.25736 0.0204719 0.0140105 
4.83307 2.84235 2.29519 2.73846 3.21207 -1.20536 -0.464597 0.713794 0.406887 -0.0699176 -0.223879 0.0325424 
4.3946 3.19132 2.78566 2.66218 1.75716 -0.358675 -0.158872 0.3336 -0.0591306 -0.311091 -0.0569418 0.00962859 
3.67425 3.01791 2.54386 2.28112 1.63281 0.235736 0.0495665 0.191502 0.210357 -0.0428635 0.0258189 0.010889 
3.65847 2.8217 2.62072 2.60588 1.94625 -0.146676 0.0112376 0.363924 0.260434 0.00511809 0.0292424 0.025801 
4.14461 2.99439 2.40702 2.57188 2.34093 -0.633222 -0.266011 0.372669 0.53978 -0.0144566 0.0265729 0.0474991 
5.60186 2.64017 1.60468 2.46879 3.41265 -1.60654 0.143888 0.314487 0.529419 -0.0780304 -0.11592 0.151936 
6.73897 1.47545 1.36013 1.9041 4.66714 -2.38068 0.429449 0.159734 0.311275 0.386109 -0.448403 0.228871 
6.2563 1.86965 0.853964 2.24781 4.68587 -2.4231 0.255093 0.453074 0.459472 0.378775 -0.392607 0.18546 
6.82005 3.32627 -0.0199904 2.07887 4.71517 -2.33108 0.334036 -0.0023022 0.69321 0.412416 -0.442367 0.208021 
7.67025 2.81667 1.09748 2.22268 3.99715 -2.91833 1.39024 0.556587 0.366161 -0.00158999 -0.297364 0.342155 
6.37154 3.51187 0.773363 2.06927 3.64064 -2.05518 0.647041 0.366526 0.681803 0.190448 -0.198069 0.206766 
3.68527 2.02468 1.1056 1.6391 1.76354 0.300051 0.364122 0.796369 0.727613 0.219315 0.197897 0.0488865 
3.844 2.33373 1.34434 1.98236 2.01386 -0.713968 0.0312931 0.982982 0.967261 0.505976 0.215993 0.0850073 
4.16746 2.06463 1.13167 0.986165 1.84503 0.587114 0.637786 1.52422 1.17287 0.215933 0.230338 0.0533621 
4.35443 2.46921 1.10892 1.35113 1.34955 0.648169 1.18407 1.89746 1.55907 0.0769151 0.249054 0.0648552 
4.1006 3.12277 1.90917 1.16574 1.11611 1.44291 1.52719 1.30394 0.877871 0.513754 0.455107 0.110836 
4.11788 3.12339 1.9736 1.32153 1.38297 1.70675 1.59936 1.14788 0.585372 0.474883 0.466231 0.126359 
