1.64836 0.723316 1.49743 -0.0821184 1.46755 0.46764 1.54495 0.43298 0.129765 -0.0924992 0.204271 0.0299997 
1.98644 0.861459 1.40785 0.14789 1.67607 0.648737 2.04971 0.16572 0.133235 0.0157383 0.0865417 0.0491237 
1.76724 0.902411 1.73056 0.481493 1.305 1.00936 2.33365 0.946816 0.765683 0.0888478 0.349799 -0.0363556 
1.4747 0.184577 1.40844 0.0660916 1.08682 0.412675 1.07897 0.109459 0.261552 -0.227047 0.000779422 0.00358199 
1.70979 1.01188 2.1016 0.754977 1.30838 0.174212 2.56079 0.303952 0.714843 0.350958 0.271218 0.0221191 
2.22228 1.56023 3.13472 1.81374 2.57863 1.75251 2.01121 0.834949 1.1639 0.362162 0.504729 0.108096 
2.70676 2.21072 2.04166 1.85954 1.66866 1.48999 1.27003 0.991473 0.791683 0.532711 0.309795 0.0612649 
2.79728 2.34424 2.16233 2.05002 1.82628 1.66094 1.40379 1.17013 0.88854 0.627996 0.379524 0.0807151 
2.63812 2.35594 2.736 2.21632 2.49348 1.5815 2.29161 1.70531 1.10336 0.293007 0.312129 0.118969 
2.72599 2.39605 2.45721 1.81481 2.07545 1.49184 2.07164 1.23353 0.879358 0.617771 0.27537 0.0872817 
2.74793 2.32178 2.28113 1.9553 2.14227 1.57676 1.43946 1.25793 0.994952 0.807913 0.410703 0.0918052 
2.64754 2.24569 2.24971 1.55488 1.92951 1.74296 1.40087 1.08509 1.08129 0.698968 0.364369 0.0775681 
2.58926 1.94817 2.7207 1.92413 2.5938 1.2603 1.79761 1.23202 0.890272 0.640209 0.571829 0.0960989 
1.64487 2.49539 1.70819 1.6966 1.43578 1.65557 2.33755 1.35843 1.55503 -0.114755 0.670012 -0.0101377 
-1.16026 3.19067 1.84034 1.03546 1.8685 0.26559 0.774098 3.08863 1.19926 -0.413764 0.697063 -0.139566 
2.28636 2.31151 2.29827 1.0244 2.07848 1.41447 0.445386 1.57608 0.507467 0.0791272 0.691247 -0.00892927 
2.79004 2.37544 2.27497 2.09321 1.87531 1.86957 1.43457 1.42733 0.910219 0.593987 0.390724 0.0836304 
3.7387 2.34948 2.30402 2.93961 2.12846 0.997982 1.75768 2.13289 0.563863 -0.343489 0.5164 0.163061 
2.99095 1.78254 2.03224 2.67227 1.86628 0.893845 1.55851 1.62058 0.39065 -0.1774 0.332691 0.0933807 
2.89523 2.06781 2.08307 2.33868 1.71712 1.13025 1.39331 1.42887 0.572503 0.122287 0.350171 0.0777606 
3.13626 2.19336 2.36999 2.82072 2.03734 1.056 1.37143 1.76322 0.737704 0.0295019 0.381132 0.107847 
3.06646 2.58529 2.40273 2.14468 1.92985 1.66381 1.27644 0.912215 0.477622 0.30571 0.298425 0.0600974 
2.75692 2.37665 2.17492 1.96354 1.99899 1.52352 1.33993 0.994626 0.705614 0.45757 0.264771 0.0712136 
2.51923 2.86712 2.3437 1.79371 2.86825 0.798337 2.88105 0.381577 1.14249 0.470084 0.21437 0.12859 
2.40262 2.98398 1.06695 2.06594 2.11196 0.41035 3.41514 0.602897 0.601466 -0.26755 0.26723 0.0670978 
3.80497 3.1461 2.52941 2.422 2.92097 0.323404 2.50005 0.137012 0.121985 -0.899027 0.124186 0.0278119 
5.35919 2.87372 2.21751 2.31348 3.38056 -0.00672082 1.46472 0.114927 -0.405014 -1.75992 -0.268113 0.113147 
4.31509 2.80069 1.7306 2.09199 2.19361 -0.153901 0.827496 -0.544394 -0.423927 -1.39491 0.0738843 0.0156483 
3.82875 2.76105 1.77434 1.40552 2.14962 -1.18689 0.875051 -0.759425 -0.334969 -0.907402 -0.0076809 0.0158173 
4.14925 3.01207 1.67959 1.1792 2.41374 -0.904408 1.68697 -1.04418 -0.772227 -1.05367 -0.0474035 0.055263 
5.14534 3.04553 0.879368 1.0996 3.99225 -1.8252 1.28667 -0.800292 -0.233891 -1.67773 -0.513836 0.180705 
5.74119 2.81268 1.18897 0.886419 3.52431 -1.68328 1.21012 -0.930218 -0.324372 -1.27451 -0.547054 0.194372 
4.99327 3.04168 1.53634 1.03483 3.23131 -0.34119 1.62514 -0.399468 -0.519521 -1.24248 -0.189074 0.124173 
4.65729 3.12949 2.25698 1.14004 2.91708 -0.326132 1.3916 -0.259406 -0.516541 -0.930082 -0.0844291 0.0778326 
4.12398 3.72864 3.00095 1.21012 3.28895 -1.17281 1.60372 -0.951569 -0.346731 -0.461355 -0.223622 0.0730632 
4.66397 3.67181 3.07224 0.824448 2.97226 -0.516687 1.65677 -0.594967 -0.548496 -0.796886 -0.281436 0.0337751 
4.98986 3.32145 2.78911 1.00875 2.82434 -0.814189 2.2422 -1.35388 -0.601692 -0.783758 -0.318739 0.11736 
4.86148 4.08021 2.74648 0.208446 2.97124 -0.619133 1.67972 -1.08155 -0.737606 -0.829908 -0.30212 0.0819153 
3.82665 3.24212 2.67004 1.25011 1.53455 0.0114041 0.628614 -0.568915 -0.337541 -0.185786 -0.114109 -0.018027 
3.71976 3.47019 2.29342 1.35136 1.7766 -0.37537 1.08778 -0.685326 -0.0993228 0.00918046 0.0471767 0.0543698 
4.08961 3.33893 2.49251 1.41082 2.25089 0.79764 0.966039 -0.35254 -0.584429 -0.73014 0.169686 0.0275451 
3.57667 2.78485 1.63583 1.03418 2.54629 -0.31164 0.811273 -0.581007 -0.320392 0.0524249 0.229695 0.0912944 
3.39995 2.50527 1.78176 1.36027 1.45752 0.159389 0.560073 -0.512549 0.0599606 0.147483 0.366178 0.0682979 
3.50698 2.68811 1.409 1.01296 1.55462 0.780639 1.01594 -0.359861 -0.121541 -0.186115 0.322368 0.0650707 
3.58217 2.40038 1.4731 1.11227 1.48262 0.363373 0.724691 -0.0799887 0.359207 -0.0461968 0.026407 0.00925669 
3.46298 2.07691 1.26787 1.50085 1.45953 -0.445608 1.095 0.285861 0.511986 -0.0501874 0.367615 0.083492 
4.03993 2.76403 0.921032 1.08405 0.714853 0.0236275 1.56542 0.650652 1.13071 0.00540739 0.0891346 0.0011234 
3.75736 2.51478 1.52045 1.39566 1.48517 1.78852 1.70279 1.55873 1.03773 0.556599 0.328146 0.0791027 
3.89294 2.85969 2.25687 1.68697 2.0013 1.87596 0.875591 1.13679 1.09603 0.632628 0.398002 0.100291 
3.00722 2.55396 2.23418 1.82228 1.51521 1.35395 1.32112 1.31856 1.10013 0.748792 0.413282 0.0842239 
3.01674 2.6162 2.30689 1.93283 1.521 1.169 1.03126 0.98445 0.920565 0.788403 0.514469 0.0922527 
2.80678 2.374 2.17564 1.99268 1.75225 1.50807 1.27323 1.05228 0.846289 0.61124 0.363167 0.066357 
2.77106 2.31652 2.11219 1.92028 1.70462 1.50706 1.28758 1.02789 0.777429 0.53426 0.301316 0.057892 
2.83629 2.38591 2.18565 2.02551 1.85339 1.61037 1.3734 1.12089 0.874736 0.578831 0.330948 0.0728633 
2.73485 2.26945 2.09582 1.89874 1.7111 1.52719 1.31364 1.05739 0.801047 0.560879 0.336317 0.061599 
2.79663 2.34552 2.20121 2.00511 1.78745 1.65119 1.38578 1.12337 0.850722 0.58765 0.348677 0.0706114 
2.94636 2.6447 2.55442 2.33837 2.2939 1.97465 1.71957 1.34977 0.904145 0.693584 0.304723 0.107489 
2.56552 2.97581 3.47197 2.48186 3.31191 2.20945 2.3829 1.15326 1.13682 0.64447 0.242096 0.152631 
2.39938 2.08301 2.09961 1.85628 1.88514 1.34933 1.63612 1.59319 0.878812 0.55339 0.478812 0.0830326 
3.00763 1.61213 1.12269 -0.523816 0.0918658 1.00478 3.59264 2.04646 1.10873 0.188046 0.205232 -0.057092 
5.07535 3.28544 -2.22083 -3.97574 -4.22838 -4.12507 2.87611 -0.292655 1.08291 -0.144508 -0.22341 -0.148933 
3.61791 2.0165 0.18777 -2.44729 -2.89866 -1.67749 2.5415 1.45368 0.573253 0.000473889 0.10145 -0.163343 
1.65925 1.03864 1.44428 -0.0556074 0.0201479 0.401061 1.21582 1.58011 1.50801 0.703667 0.315167 -0.0932596 
1.64957 0.935687 2.11088 0.393354 0.478098 0.0685935 1.38143 1.25712 0.427237 0.419312 0.111201 -0.014164 
1.2536 0.455483 1.85672 0.751313 1.8927 0.617895 1.20665 1.20286 0.925745 0.343463 0.160876 -0.0261028 
1.21149 0.932089 2.12483 0.513785 1.3582 1.20092 0.971806 -0.191473 0.527704 0.311229 0.185438 0.0133161 
1.12738 1.08402 1.79758 0.263601 1.35705 0.266073 0.42486 1.3323 0.831921 0.141253 -0.011732 0.0149987 
0.726516 0.36209 1.30605 0.461163 1.70198 0.453926 1.27758 0.36359 0.495185 0.304074 0.126108 -0.0620843 
0.74106 0.320563 1.59716 0.461693 1.01202 0.796428 1.13144 0.485335 0.416656 -0.187639 0.160576 0.0149659 
1.00163 0.363639 0.936179 0.386706 1.39294 -0.482585 1.35717 0.511124 -0.335537 0.212404 0.103319 -0.0203019 
1.0402 0.234206 1.75696 -0.0698746 0.721995 0.622255 1.27909 0.343709 0.188816 0.2218 0.162893 0.0588656 
0.749685 0.110795 0.885659 0.266583 0.142355 0.633875 0.73339 -0.809948 0.0949274 -0.377722 0.10763 -0.136605 
0.981489 0.351525 1.00931 0.540007 0.790877 0.484335 0.665841 0.0234904 0.299712 0.0321207 0.0115345 -0.0533439 
1.02147 0.322945 0.682343 0.608113 1.72604 0.527706 1.42607 -0.157951 0.0592856 -0.213641 0.144052 0.00571924 
0.82005 0.347785 1.15461 0.274749 1.41263 0.451144 0.62076 -0.0030983 0.0764931 0.263744 0.173042 0.0557521 
1.15938 0.0135769 1.02893 0.845273 0.767839 0.608994 0.941466 0.80183 0.493152 -0.340265 0.277242 -0.0459976 
1.06505 0.639001 1.64535 0.410039 0.76828 -0.0737097 1.77574 0.430835 0.0928078 -0.116637 0.104098 0.086206 
1.0111 0.637055 0.911657 0.253331 1.20452 0.00853947 0.672279 0.333877 0.183331 -0.449794 0.32576 0.034846 
0.924936 0.865814 1.35907 0.454603 0.835659 -0.00345379 0.752364 0.0948476 0.0936323 -0.0922725 -0.146004 0.0077226 
0.920467 0.224226 1.13402 0.491322 1.07211 0.0685336 0.210705 -0.043394 0.563656 0.0708978 0.234004 -0.0478375 
1.28585 0.434323 1.34102 0.248014 1.48224 -0.0544648 0.536457 0.283615 -0.454564 -0.0414922 0.195624 0.0607354 
1.19392 0.524232 1.01091 0.995521 1.02216 -0.312598 1.18843 0.0255008 0.403984 -0.118273 0.113387 0.0653715 
1.07891 0.475274 1.38273 0.361814 1.44847 0.195687 0.24344 0.683578 0.75988 0.417853 -0.0334161 0.0201019 
0.897098 -0.165364 1.05645 0.213938 1.10745 0.24508 1.41533 0.333344 0.21333 -0.060279 -0.173697 -0.0701946 
1.18638 0.474393 1.24815 0.611205 0.0280526 0.378071 0.951201 0.0996105 0.80098 -0.00371924 0.326209 -0.0148659 
