1.49612 -0.959575 0.808434 0.423359 1.38613 0.127432 1.03565 -0.923053 0.0636953 0.178626 0.426837 0.0947054 
2.75794 0.311443 0.729486 -0.738609 -0.326589 -2.03527 -1.74697 -1.45269 -0.639076 0.0146758 0.435391 0.0118945 
3.24546 2.93897 0.247073 -0.42688 -3.61528 -3.31754 -2.99307 -1.80952 -1.11127 -0.0954272 0.268138 0.116314 
2.67405 1.27069 0.615791 -0.351582 -1.50368 -2.27874 -2.67658 -1.72576 -0.780707 0.265424 0.311596 -0.00723641 
2.22574 -0.164377 1.41696 -0.0121603 1.20504 -0.896734 -0.910778 -1.27804 -0.771963 -0.0206272 0.184655 0.0733082 
-0.0241745 0.269158 0.817837 0.725279 0.191513 -0.723835 1.56783 -1.91112 0.375087 0.930723 -0.110162 -0.0021154 
-3.08011 -2.248 -0.256752 1.84945 -0.824557 -0.214028 4.35774 -0.354693 -0.376525 -0.659484 -0.106091 0.0810746 
-1.53378 -1.00583 -0.123378 0.338751 1.65852 0.787806 2.45679 -1.49817 -0.0951566 0.305775 -0.285624 0.0310116 
-2.18864 0.578534 1.38792 -0.648329 0.38268 1.28671 1.26117 -3.08251 -1.02592 0.569107 -0.121852 0.0115465 
-1.41837 0.989309 0.979263 -0.916363 0.762877 0.977956 1.91224 -2.72061 -0.30646 0.694613 -0.238095 0.0637972 
-0.736877 1.12277 1.11829 -0.75805 1.41215 0.180818 1.37112 -2.19991 0.486051 1.43693 -0.33373 -0.0262682 
0.597627 0.254702 0.726499 -0.402902 1.60848 0.496537 1.60088 -0.923445 -0.663247 1.17072 -0.166472 -0.0960863 
1.32884 -0.786656 1.04245 -0.155792 0.853552 0.508327 0.619381 -1.30183 -0.437997 1.04211 0.304567 -0.0239145 
1.84923 -0.308199 1.12951 0.70407 0.825286 0.703519 0.775105 -0.464877 -0.0555233 0.753716 0.637565 -0.0102246 
2.11833 -0.696631 1.28851 0.578183 1.05558 -0.20123 0.10636 -0.385606 0.479109 0.584622 0.463016 -0.0571437 
2.33166 -1.02104 1.33719 0.416882 1.03512 0.451353 0.244415 -0.375496 -0.120793 0.0833052 0.37775 0.0198936 
2.01858 -1.18962 0.410192 0.123918 1.50933 0.51902 0.215309 -0.884002 -0.00595754 -0.134681 0.328515 0.0517751 
2.14875 -1.36122 1.03963 -0.460224 1.8291 -0.277224 0.316913 -0.581145 0.285474 -0.108189 0.0303371 0.0668291 
2.13651 -1.31611 1.09676 -0.5572 2.03589 0.408287 0.574434 -0.056356 -0.054334 0.176516 0.235046 -0.00379674 
2.16927 -0.853035 1.0418 -0.0673921 2.04337 0.135743 0.019868 -0.241959 -0.0844184 0.382433 0.540899 0.0358801 
2.04449 -0.0775393 0.522639 0.595292 1.38901 1.09156 -0.172744 -0.309337 -0.030934 0.41598 0.463831 0.0528102 
1.44107 0.0606717 -0.965545 -0.136716 0.58442 1.15941 -0.116886 -0.0300776 -0.00631299 0.383036 -0.204468 -0.0839934 
1.55428 -0.264184 -0.144334 -0.151796 0.835248 0.295311 0.251563 -0.293903 -0.0879769 0.382769 0.128575 -0.0702066 
2.08103 2.66489 1.95388 -0.991881 3.46033 -2.45493 0.0406561 -0.830041 -1.06373 0.194509 -0.365197 -0.0239738 
2.80472 4.58293 2.80191 -0.343851 2.55098 -2.92885 -1.38236 -1.32866 -1.87217 -0.156182 -0.636188 -0.0596579 
2.86095 2.41953 2.14194 1.58691 1.21708 0.390922 0.344354 0.163892 -0.138348 0.0792697 0.142554 -0.0269808 
3.66153 3.2202 2.8637 1.96349 1.18829 0.305385 -0.49682 -0.397859 -0.324358 0.0647877 0.105328 0.00385687 
4.91995 4.54482 2.82432 1.70033 0.110599 -0.88108 -1.41621 -1.58028 -0.684994 -0.439421 -0.239535 -0.0502257 
3.63802 2.99328 2.91077 2.5294 1.12985 0.15999 0.671661 -1.77352 0.778326 -1.13468 0.164256 -0.0459296 
1.53259 1.82785 2.40232 1.14479 2.75774 0.76793 0.815406 -1.34595 1.12777 -0.307538 0.490106 -0.0421919 
1.35286 0.772515 1.49863 1.45257 2.01001 0.21618 1.41354 -1.25495 0.209433 -0.6463 0.309694 -0.0272298 
1.75383 -0.443594 1.07451 0.691457 1.71977 0.182149 0.653632 0.0192677 0.101523 0.104808 0.296397 -0.0633128 
1.98691 -0.0662349 1.76975 0.323808 1.6777 0.138531 0.630196 -0.287689 0.462607 0.183617 0.443436 -0.0115482 
1.75889 -0.434804 1.21815 0.507988 1.50826 0.1136 1.16066 -0.387947 0.188809 0.36376 0.245304 0.0439876 
1.70453 -1.37247 0.914563 0.285362 1.15426 0.296818 0.555041 -0.300081 0.439001 0.215093 0.356877 0.0546768 
1.45144 -1.29545 0.793885 -0.0466646 0.914762 -0.382816 0.605009 -0.397539 0.725925 0.29313 0.352173 0.048073 
1.70039 -1.33336 1.13927 -0.597322 1.09899 -0.157453 0.61417 -0.376915 0.322865 0.54404 0.613624 0.120965 
1.88032 -1.22477 0.832079 -0.74655 0.913234 -0.810362 -0.130602 -0.312006 0.661719 0.719358 0.462475 0.0720386 
1.75703 -0.649688 1.15689 -0.355231 1.27516 0.0155104 0.632825 -0.751558 0.70113 0.56343 0.451224 -0.00980372 
1.83676 -0.86482 0.998045 -0.0197507 1.11125 -0.59335 0.456315 -0.857474 0.433778 0.34968 0.539982 0.00644696 
1.71571 -1.38609 1.00674 -0.378375 1.05289 -0.0468565 0.503121 -0.252718 0.491849 0.372236 0.357321 0.00775637 
1.776 -1.04359 1.41405 0.469134 1.27943 -0.286631 0.46169 -0.632857 0.231916 0.305926 0.344183 -0.0164119 
1.92782 -1.03862 1.04018 -0.255428 0.637411 -0.14069 0.211112 -0.788592 0.55875 0.276805 0.457278 0.0107428 
1.78805 -1.42568 1.0992 0.146206 1.39672 0.302345 0.204791 -1.20743 0.129377 0.0896078 0.281529 0.0891541 
1.79946 -1.13082 0.804936 0.262174 2.38814 0.20353 0.425896 -0.466635 0.188491 -0.0225126 0.408295 0.0491448 
1.68937 -1.07975 1.22592 -0.446777 0.975659 -0.262861 0.325747 -0.884563 0.572187 0.170643 0.401447 -0.00130553 
1.96842 -0.68636 0.681944 0.374657 0.957323 0.0291019 0.568773 -1.34455 0.437909 0.680228 0.31698 0.0456546 
1.75187 -0.955012 1.01389 0.0589017 0.836808 -0.382613 0.627086 -0.589705 0.206167 0.165412 0.181702 -0.00896035 
1.92816 -0.556638 1.54993 0.694264 1.91463 0.315849 1.22012 -0.323648 0.234959 0.569084 0.440798 0.0192868 
1.79327 -0.737601 1.09681 -0.63046 1.80781 -0.0272742 1.48006 0.147802 -0.232882 0.311023 0.394104 0.0355219 
2.07139 -0.990651 1.41415 0.244563 1.84573 -0.743192 0.862657 0.0536583 -0.277899 0.725376 0.428653 0.0236344 
2.1792 -0.906949 1.36119 0.442062 1.47184 0.200353 0.998612 0.0634569 0.58193 0.0835402 0.491669 0.0892489 
2.63402 1.70939 1.84901 1.84502 1.46739 1.17411 1.33047 0.804956 0.453922 0.347316 0.321145 0.0445659 
3.07953 2.68549 2.43995 2.13704 1.95354 1.49215 1.30893 1.05369 0.881813 0.569389 0.400632 0.0984414 
2.89463 2.45032 2.20039 2.01518 1.68452 1.26912 0.982011 0.734555 0.557657 0.320589 0.210506 0.0459935 
3.05264 2.27114 2.11888 2.28578 1.61879 1.13764 1.45537 1.28486 0.514184 0.148884 0.42512 0.0788718 
3.40697 2.33564 2.3878 2.89844 1.79341 1.13827 1.89185 1.32517 0.0105064 -0.0169185 0.534552 0.101126 
3.08509 2.49586 2.48119 2.27561 1.6726 1.47227 1.64685 1.15182 0.432931 0.265973 0.390942 0.0689152 
3.21163 2.72348 2.52144 2.41534 2.00786 1.86017 1.63661 1.12953 0.635031 0.346771 0.299578 0.0770504 
2.81991 2.77372 4.96656 1.55074 2.63256 1.7943 1.15458 0.952412 0.930777 -0.0791842 0.606025 0.0924791 
1.27564 2.77539 3.72157 -0.394981 1.20557 0.634199 2.25334 2.6654 0.537425 -0.102053 0.283783 -0.0663223 
2.83117 2.19874 2.33336 1.645 1.00063 0.954924 0.830274 0.0891342 -0.427311 -0.162722 0.0845736 -0.0350395 
3.36022 2.41768 2.42712 2.50011 1.42766 0.423795 0.897008 0.472795 -0.38405 -0.668295 0.0352179 -0.0364994 
5.0765 1.96198 3.12296 1.55604 2.00194 -1.51777 1.70924 0.0760842 -0.744586 -1.2985 -0.181899 0.183777 
5.0333 1.99294 2.6891 1.26585 2.08512 -1.94453 0.980319 0.139336 -0.794936 -1.36421 -0.20507 0.182718 
5.16665 1.94062 2.51886 0.778109 2.81625 -1.46346 1.34036 0.533318 -0.957654 -1.62632 -0.416039 0.196428 
4.34824 2.33584 1.45803 1.40672 1.70466 -0.854738 0.0264586 0.852624 -0.345405 -1.60084 -0.0948844 0.0505024 
4.15269 2.41473 1.44183 1.54395 1.641 -0.649275 0.274343 0.590004 -0.637478 -1.30182 -0.0253687 0.0427336 
4.63147 2.45997 1.95961 0.934785 3.0494 -1.56199 0.659013 0.371022 -0.356405 -1.50479 -0.226461 0.137662 
5.05204 2.39998 1.80199 1.1811 2.4269 -1.09951 0.834343 0.777612 -0.749876 -1.30201 -0.179897 0.128973 
4.99456 2.52141 1.74637 1.02375 2.52186 -1.24418 0.641354 0.716634 -0.273881 -1.34806 0.0232428 0.227963 
4.9355 2.98711 1.6417 1.1247 2.97474 -0.876613 0.560692 0.482717 -0.502492 -1.37536 -0.0827924 0.138292 
4.48712 3.02735 1.5172 1.65759 2.41987 -0.167836 0.882866 0.431027 -0.508721 -1.30255 0.0327683 0.0749715 
4.20544 2.60595 1.59937 1.50026 2.29212 -0.850486 0.56646 0.10077 -0.0832547 -1.15085 0.313716 0.155796 
4.16782 3.08093 1.70209 1.94453 1.77713 -0.326147 0.364305 -0.122371 -0.0431079 -0.791279 0.289057 0.0780255 
4.30664 3.14285 2.09116 1.69783 1.81008 -0.43751 0.527791 0.182014 -0.170881 -0.87518 0.335234 0.114227 
4.29315 2.99064 1.74711 2.18104 2.66907 -0.144979 0.480039 0.765062 -0.184992 -1.27109 0.320648 0.133316 
4.63614 2.22176 2.11829 1.39231 3.1307 -0.768096 0.736532 0.238525 0.366738 -1.22849 0.235024 0.278812 
3.67327 2.46289 1.51659 2.33936 2.12885 -0.338094 0.656634 0.113075 0.1297 -0.965387 0.555889 0.125677 
3.74645 2.9308 1.74907 1.88696 1.49076 -0.712797 0.521607 -0.172944 0.20678 -0.761367 0.324561 0.0619905 
4.36924 3.14012 1.52816 2.8285 2.08181 -1.67441 1.29349 0.115671 0.113524 -1.16588 0.28643 0.164994 
3.85722 2.75386 2.03116 2.39967 1.6804 -0.978144 0.36063 0.418731 -0.0314519 -0.624483 0.34582 0.111561 
3.86106 2.69286 1.80511 2.75038 1.95471 -0.938244 0.803352 0.539557 0.208516 -0.932696 0.317241 0.11763 
4.22386 2.70376 1.63212 2.18893 2.25368 -0.743291 1.23602 0.494455 0.514748 -0.770504 0.429385 0.182952 
4.41549 2.78492 1.316 2.69495 1.36542 -1.36946 1.78905 1.14641 0.849132 -0.583937 0.47078 0.203427 
