-1.75482 -0.824992 1.24696 1.46397 2.81405 -4.27972 2.66875 0.31092 0.568454 0.555045 -0.338387 0.0303552 
-0.920172 1.00402 1.3323 -2.87194 3.41278 -2.12447 2.02246 -0.0776193 -0.266685 1.04754 -0.10065 0.106752 
1.1759 0.637938 0.541268 -0.707399 2.80111 -0.486604 1.77 -0.533534 0.505095 1.08929 0.230934 -0.0100782 
1.51961 -0.184793 1.05795 -1.21612 2.41097 -0.381611 1.37078 -0.667364 -0.413081 0.732777 -0.0966232 0.0346046 
2.03347 -0.846809 0.286337 -0.595571 2.11213 -0.54906 0.145889 -0.93483 0.479712 0.671491 0.0490778 0.088967 
2.28145 -0.441397 0.871465 -0.0405818 2.77608 0.381221 1.77833 -1.25062 -0.321476 0.597026 0.066531 -0.0355074 
2.41871 -0.82948 1.31218 0.209815 1.12289 0.237746 0.352835 -0.799202 0.619587 0.407528 0.288589 0.0208006 
2.29389 -1.38187 0.949798 -0.455224 1.4995 -0.0183741 0.522627 -0.816843 0.158097 0.444229 0.146431 0.0523683 
2.45337 -0.747588 0.603998 -0.368429 0.983549 0.73572 0.0573609 -1.42804 0.558438 0.230426 0.166742 0.0110011 
2.3207 -1.02025 1.14621 -0.262652 0.415212 -0.13132 0.125749 -0.493729 0.686284 0.480754 0.255172 0.0188793 
2.39932 -1.2675 1.15536 -0.232864 0.424703 -0.0796437 -0.0284203 -0.749261 0.581655 0.585777 0.425698 0.0937266 
2.41 -1.19092 1.15771 0.0828225 0.740386 0.484194 -0.0847925 -0.297155 0.202223 0.242078 0.502621 0.067632 
2.28279 -1.08048 0.978503 0.18787 0.917747 0.341429 0.42438 -0.787194 0.172959 0.217818 0.555989 0.0116729 
2.28622 -1.57376 0.592672 0.388811 0.896926 -0.308761 0.0746852 -0.68846 0.537095 0.12694 0.0964239 0.077128 
2.19957 -0.991377 0.938992 -0.337447 1.13116 0.701996 0.49703 -0.168496 0.456939 0.474692 0.133354 0.00511288 
2.1053 -0.892358 0.617039 -0.0356927 0.843469 -0.0640932 0.475609 -0.801684 0.424227 0.471047 0.387058 -0.0077259 
2.07257 -1.20269 0.714708 0.346017 0.899698 0.896006 0.788125 -0.778759 0.894977 0.275665 0.317204 0.031451 
1.9116 -1.07989 0.65373 0.475159 0.947334 0.15824 0.802718 -0.438887 0.0528295 0.560104 0.591372 0.0289161 
2.05399 -1.36679 0.760336 -0.357899 1.25868 -0.205228 1.11284 -0.652499 0.379895 0.52843 0.248038 0.0424022 
2.07833 -1.20361 0.854276 -0.159675 1.35109 -0.40628 0.546903 -0.848252 -0.15237 0.244683 0.402541 0.131673 
1.94371 -0.893531 0.717319 0.38486 1.42602 -0.406677 -0.0193127 -0.420432 0.583146 0.534959 0.154234 0.0591428 
2.02085 -0.972731 0.722153 0.0711657 1.21936 -0.419291 0.580077 -1.11928 0.167821 0.159276 0.330238 0.0363851 
2.13274 -0.870574 0.495127 0.145642 1.86915 0.126259 1.07005 -0.676584 -0.0721858 0.0650169 0.159761 -0.0616784 
2.00514 -0.898188 1.11407 0.106603 1.19851 0.0576767 0.945564 0.110021 0.201689 0.578421 0.301577 -0.00932506 
1.95497 -0.769261 0.997927 0.420741 1.07774 0.0773062 0.485746 -1.17982 0.19002 0.250646 0.351788 -0.0259757 
2.06147 -0.718032 0.997807 0.00645458 1.24081 -0.259352 0.480914 -0.774496 0.0212651 0.233483 0.457399 -0.0265504 
1.96404 -0.822281 0.468611 -0.0577234 1.53209 -0.640654 0.650241 -0.65452 0.577978 0.660572 0.43617 0.0946633 
1.85873 -1.23126 0.948888 0.486906 1.83296 -0.217671 0.365289 -1.00024 -0.203009 0.165168 0.307746 0.0428878 
2.2014 -0.267139 1.40408 0.860385 1.8493 0.682138 1.23125 -0.405985 0.552002 0.236303 0.432006 0.0415753 
2.58908 1.92345 1.82638 1.66861 1.41401 1.31183 1.0526 0.722885 0.6428 0.429184 0.289692 0.0410561 
3.41816 3.19104 3.04801 2.78015 2.38015 1.99168 1.7792 1.18023 0.884151 0.531674 0.303997 0.0996153 
3.2039 2.85668 2.64253 2.25037 1.84194 1.50431 1.13794 0.934376 0.819334 0.479564 0.317814 0.0840347 
3.54713 3.02343 2.63872 2.25769 1.9199 1.64294 1.30448 0.97991 0.613831 0.341109 0.324298 0.0770701 
2.8443 2.39513 2.20389 2.03129 1.81687 1.57176 1.27491 0.999928 0.749386 0.517115 0.29951 0.0638467 
2.72773 2.25963 2.05523 1.86877 1.66539 1.44816 1.22607 0.987843 0.748754 0.52344 0.307433 0.0525743 
2.75951 2.29702 2.10567 1.91369 1.67808 1.48414 1.23151 0.949132 0.730428 0.509853 0.300871 0.05585 
2.94374 2.26822 2.24629 2.27395 2.12622 1.77114 1.40939 1.12659 0.780378 0.585823 0.40039 0.0830926 
1.13975 0.37482 1.05053 1.66152 2.13289 2.24598 2.81259 1.85105 1.06921 0.0352595 0.427754 -0.0754717 
1.91013 2.96338 2.53179 1.75731 1.39992 1.49603 2.10287 3.06407 1.01182 -0.01418 0.0903138 0.0703812 
3.04216 2.42002 1.99926 1.51779 1.36719 1.15658 0.740838 0.606815 0.29384 0.103857 -0.0293754 -0.0206878 
3.25148 2.85093 2.54664 2.00803 1.17717 0.575248 0.4937 0.308872 0.00841568 -0.144419 -0.113879 -0.0431407 
3.76764 2.88163 2.18469 1.98898 1.54852 0.627323 0.409514 0.414217 -0.131827 -0.447622 -0.0140726 -0.0251623 
4.41781 3.01797 2.31035 1.83541 2.14656 -0.00112835 -0.18239 0.566542 -0.195998 -0.645398 -0.0131237 -0.00728905 
4.41683 2.7643 2.6796 1.626 3.12888 -0.620914 -0.11047 1.06433 -0.00828182 -0.856918 -0.221218 -0.0279497 
4.81632 2.92223 1.99345 1.19924 4.10978 -0.611472 0.474299 0.841133 -0.316789 -1.09874 -0.340016 0.0251816 
4.60579 3.05209 2.20628 1.26925 3.23629 0.146051 -0.57197 0.58075 -0.258091 -0.808897 -0.099561 -0.0606935 
4.51959 3.14193 2.25959 1.73393 2.38546 -0.398653 -0.326782 0.0242002 0.312397 -0.539618 -0.0900096 -0.0121203 
3.52201 2.54563 2.22233 1.85433 1.33644 0.404568 -0.130547 0.146348 -0.0145858 -0.101808 -0.0789979 -0.0124977 
3.35171 2.70056 2.27008 1.84125 1.18629 0.099495 -0.221259 0.103795 0.107416 -0.0865833 -0.0222938 -0.000681832 
3.96486 3.14054 2.26728 1.911 1.70071 0.151723 -0.344223 -0.212213 0.0787382 -0.0219408 0.0417046 0.00814368 
4.28925 2.83442 1.67789 2.0521 2.35712 -0.805917 -0.547326 0.0551481 0.44419 0.0479452 -0.0495184 0.0173767 
4.14085 2.89041 2.15948 2.11609 1.67575 -0.146004 -0.253796 -0.0195349 0.228981 -0.0231949 0.0936944 0.0343003 
3.98641 2.72845 2.03397 2.3404 2.08955 -0.282034 -0.478362 0.0525886 0.51862 0.0776156 -0.0171985 0.00993965 
4.99465 2.95316 1.61481 2.61832 3.06152 -0.890247 -1.04772 0.41552 0.699874 -0.229132 -0.114457 0.0414527 
7.13392 3.26506 0.187073 2.85622 4.92356 -2.72208 -0.0712988 -0.767636 0.859412 0.249751 -0.448146 0.163648 
6.34506 2.62078 1.32234 2.94592 3.91993 -1.87087 0.0256531 -0.098471 0.870322 0.0588913 -0.334944 0.0756551 
4.76425 2.54201 1.79103 2.56532 2.16157 -0.767372 0.169101 0.490126 0.684439 -0.072785 -0.048675 0.046267 
4.05262 2.83442 2.13222 1.73533 1.0436 -0.20507 0.798739 1.0395 0.745414 0.298196 0.143815 0.0535979 
3.34579 2.82136 2.0738 1.30554 1.0019 0.976777 1.1223 0.987445 0.824453 0.627734 0.382026 0.0800892 
3.16134 2.7664 2.51442 2.22907 1.94413 1.68547 1.4025 1.08819 0.760232 0.449711 0.223109 0.0694325 
2.89062 2.45265 2.20735 1.95052 1.69248 1.46004 1.23217 1.01281 0.803705 0.559019 0.320238 0.0623872 
2.97201 2.46626 2.08172 1.69671 1.43156 1.29598 1.20177 1.0557 0.835755 0.582661 0.31376 0.0563982 
3.24079 2.68644 2.11082 1.63302 1.43347 1.37942 1.32791 1.17857 0.921955 0.614102 0.304978 0.0684042 
3.45223 2.84137 2.24575 1.66153 1.15902 0.987807 1.09759 1.28327 1.24434 0.866146 0.346607 0.0902626 
3.15678 2.77 2.45536 2.16337 1.94862 1.74916 1.53537 1.25614 0.905201 0.564569 0.256683 0.0843274 
3.18899 2.83774 2.59433 2.27006 2.03377 1.81233 1.69902 1.40934 1.02189 0.600157 0.217279 0.0896366 
2.92816 2.55517 2.43076 2.30782 2.07716 1.81642 1.54756 1.25058 0.907722 0.579375 0.312589 0.0854854 
2.78139 2.36833 2.20577 2.01931 1.86149 1.657 1.42054 1.1287 0.895911 0.614774 0.338874 0.0764215 
2.68641 2.175 1.98247 1.79429 1.63776 1.4167 1.13873 0.923547 0.743548 0.510079 0.298117 0.0661315 
2.78966 2.16937 2.19723 2.15472 1.7305 1.60345 1.68666 1.13126 0.624967 0.764777 0.444078 0.0872668 
2.56996 1.65384 2.49457 2.45444 1.15295 1.06381 2.08185 0.962298 0.063583 0.721502 0.660877 0.0210145 
4.50537 1.00194 -0.529952 -3.03423 -2.33939 0.47837 3.07103 3.04785 1.6097 -0.0235212 -0.0782176 -0.121245 
3.33136 0.398178 0.205036 -0.871205 -0.436964 0.341468 1.7314 1.50446 0.453677 0.514747 0.177432 -0.0478053 
2.24587 -0.255895 1.46794 0.210195 1.3072 1.41887 1.40615 0.178596 1.16523 0.558654 0.313246 -0.0660942 
1.95564 -0.575071 1.58261 1.08263 2.49402 1.25284 1.02658 0.0691043 0.69557 0.534664 0.290196 -0.0300133 
1.491 -0.441337 1.28606 0.958624 2.48038 0.673406 1.52396 -0.441772 0.771092 0.444515 0.068282 0.018728 
1.85562 -0.165447 0.832025 0.569031 2.67868 0.701021 1.36673 -0.593596 0.267832 0.538006 0.48313 0.0250689 
1.92826 -0.967871 0.9895 0.23022 1.33664 0.234581 0.750876 -0.885043 0.338617 0.699287 0.425298 0.0807368 
1.67973 -0.985672 1.02704 0.209212 1.57857 -0.148994 0.460424 -0.234985 0.597892 0.724242 0.373742 0.019929 
1.89043 -1.03227 0.874641 0.531966 1.55451 0.547502 0.4462 0.372742 0.35291 0.553591 0.723128 -0.0300442 
1.83158 -0.753449 0.825967 0.948842 1.12674 0.350032 0.54639 -1.14785 0.314611 0.253673 0.538374 0.0101214 
1.73663 -0.675143 0.944929 0.395604 0.953283 0.378645 1.551 -0.739268 -0.0448728 0.361651 0.422332 -0.00824717 
1.74937 -0.992404 1.09562 0.691706 1.9121 0.0478486 0.565407 -0.761089 -0.0516701 0.491607 0.465745 0.101445 
1.61315 -1.0563 1.04592 0.406442 1.11563 0.024238 0.394877 -0.618735 0.0579884 0.648116 0.386626 0.0443068 
1.97015 -0.912351 0.803583 0.356841 1.00233 -0.517621 0.177175 -0.346958 0.602229 0.326958 0.474863 0.044248 
