1.77615 -0.971492 0.501978 -0.130239 1.51666 -0.376772 0.686896 -0.316115 0.615762 0.314831 0.0359307 -0.0794603 
1.6718 -1.37742 0.922951 -0.100603 1.13568 -0.0577043 0.456514 -0.226999 0.279027 0.394473 0.546376 0.0232883 
1.69565 -0.856189 0.660046 0.387471 1.04317 0.36936 0.376759 -0.585358 0.330983 0.0922911 0.487766 0.0360353 
1.9201 -1.37755 1.08913 -0.0330648 1.10413 0.248884 0.576861 -0.677955 0.181917 0.27608 0.269528 0.00834625 
1.78587 -1.12139 0.642249 0.249444 0.642443 -0.264316 1.48271 -0.273154 0.846855 0.272154 0.000755566 -0.0252067 
2.27882 -0.929376 1.33791 0.173053 1.84024 0.0812823 0.518386 -0.294758 -0.294835 0.235232 0.229525 -0.080529 
2.01308 -0.615788 0.816074 0.209714 1.88359 0.287475 0.266245 -0.799325 0.134456 -0.3067 0.226219 -0.0240249 
2.05463 -0.953197 1.85345 0.259445 0.986825 0.686345 0.712486 -0.437918 -0.164098 0.174522 0.356464 -0.00923557 
1.7163 -0.755706 1.28617 -0.332127 1.30638 0.0129126 0.988729 -1.15283 0.30476 0.257782 0.296686 0.0965835 
1.79429 -0.794553 0.662718 -0.342923 0.938109 0.219756 0.322598 -0.64615 0.102135 0.593284 0.542515 -0.0358555 
1.90889 -1.17076 0.76 0.256756 1.54211 -0.213355 0.66493 -0.429413 0.284689 -0.0492805 -0.029427 -0.0146305 
1.7667 -1.17381 1.04179 0.0732595 0.836326 -0.0848165 0.175833 -1.11189 0.064527 0.321624 0.256562 -0.0182784 
2.0667 -1.22567 0.941731 0.0229174 1.34252 -0.724043 0.345455 -0.752147 0.272961 0.375675 0.303395 0.0669036 
2.33447 -0.954624 1.41199 -0.576676 1.6464 0.150537 0.459134 -0.543339 0.475622 0.51312 0.115171 0.063753 
1.9499 -0.793734 0.678391 -0.134351 1.77815 -0.267699 0.490361 -0.725121 0.046094 0.118039 0.613534 0.0576699 
1.75543 -0.921567 1.07311 0.256181 1.46967 -0.0118058 0.487049 -1.0187 0.226406 0.22605 0.423816 -0.0265625 
1.8361 -1.32734 1.28935 0.306594 1.26817 0.382766 -0.299328 -0.734318 -0.0906103 0.197107 0.262933 -0.029055 
1.95545 -0.563299 1.06178 -0.309956 0.946025 -0.130128 0.246757 -0.878137 -0.122797 0.285643 0.508985 0.00488143 
1.89016 -1.0418 1.00879 -0.0657165 1.64589 0.536874 0.805022 -0.311713 -0.0949359 0.34889 0.407403 -0.0149359 
2.15725 -0.846814 0.759165 -0.253032 1.36233 -0.000519 0.119029 -0.883788 0.592859 0.580621 0.296361 0.0292395 
2.03822 -1.1648 0.973976 -0.960361 0.469943 -0.483215 0.0630134 -0.670667 0.405545 0.120485 0.248721 0.0138888 
1.95967 -0.906096 0.983508 -0.330984 0.78753 -0.190348 0.94923 -0.0795101 -0.200797 0.0925654 0.111 -0.0769032 
2.01118 -0.72741 0.668789 -0.45621 0.94385 0.0998773 0.52592 -0.542933 0.528259 0.0688759 0.269678 0.0608045 
1.68828 -1.05396 0.745468 0.495008 1.29279 0.133953 0.462831 -0.713028 -0.0347989 0.057602 0.331174 -0.00314559 
1.80228 -0.726727 1.02707 -0.235151 1.17566 -0.334784 0.273344 -0.376146 0.487614 0.421377 0.226091 0.0317976 
2.30283 -0.849546 0.464459 -0.149529 1.99806 0.172827 0.223849 0.313915 0.218996 0.0607489 0.0888732 -0.00431667 
2.11215 -0.970685 1.09613 -0.168513 1.62717 0.150299 0.816189 -0.521347 0.529961 0.4576 0.169943 -0.00898071 
1.7477 -0.968124 0.495849 0.64099 0.70955 0.814879 -0.369185 -0.439888 0.399326 0.507206 0.438741 -0.0450326 
1.93853 -0.546256 1.0424 0.0627117 0.629218 -0.578605 0.245478 -0.794681 0.24039 -0.0638698 0.173942 0.00770073 
2.30234 -0.918947 1.36357 -0.00469788 2.19397 0.117461 0.313132 -0.144677 -0.0755858 0.00930901 0.125235 -0.0658901 
1.96053 -0.979278 1.06596 -0.537291 1.37784 -0.551064 0.251587 -0.710688 0.284767 0.465669 0.0353373 0.0666641 
1.89158 -1.06859 0.765299 0.630855 1.1638 -0.196571 0.07404 -1.00172 0.36012 0.348381 0.371426 -0.00927698 
2.37014 -1.67153 1.58861 -1.07675 1.17705 -0.681133 0.448538 -0.771942 0.148787 0.998179 0.220202 0.0604792 
1.87997 -1.21177 0.693696 -0.195366 0.851132 -0.169097 -0.206449 -0.869514 0.291256 0.120096 0.258125 -0.0163607 
2.03074 -1.08809 1.19217 -0.0177812 0.814939 -0.743503 0.182195 -0.322325 0.426484 0.161902 0.444685 0.00672814 
2.13872 -1.49357 1.24664 0.971925 1.08456 -0.227881 0.415872 -0.296307 0.298155 0.0163085 0.602064 0.0559185 
0.76669 -3.2967 2.28844 2.46561 -0.563949 0.42804 0.167883 0.857416 -0.106198 -0.552799 0.408181 0.112476 
1.73156 -0.862493 1.30854 0.712394 1.50083 -0.363568 0.536852 -0.0891713 -0.0365396 0.277391 0.292452 0.010825 
1.76735 -0.725972 0.805188 0.985207 0.672633 0.137684 0.371811 -0.617008 -0.0442065 0.189349 0.57352 -0.0385925 
2.12686 -0.875608 0.894289 0.766752 1.09894 -0.80471 0.494133 -0.446978 0.24833 0.131303 0.36857 -0.00253816 
2.12867 -0.819375 0.66187 -0.664376 1.11479 -0.680323 0.845527 -0.750845 -0.131255 0.342036 0.353624 0.0611921 
1.86628 -1.33007 0.897986 0.103253 0.736438 0.0438887 1.41275 -0.778949 -0.110857 0.312674 0.172892 -0.0654285 
2.0967 -2.15991 0.592346 3.56338 -2.43063 1.80894 5.34099 0.640605 -0.29738 -0.297904 0.176425 -0.2012 
2.77125 -0.935457 0.546656 3.0941 -0.598224 2.19253 4.7911 1.12121 0.605844 0.0684112 -0.0136314 -0.151829 
2.3175 -0.686392 0.75987 0.466377 0.4195 1.23209 4.20062 1.33217 -0.69529 0.194414 -0.192852 -0.166817 
2.31624 -1.6166 -0.601634 -1.36571 0.390557 -0.331941 1.96687 0.290598 0.0131746 -0.141688 -0.297715 -0.000370034 
2.12174 -0.401814 0.427684 -0.831038 1.51346 1.24017 0.327036 -0.179966 1.14433 0.0533417 0.105612 0.0176573 
-1.9584 0.364188 -0.701559 -0.516508 1.26073 -2.03789 3.25122 -1.39256 0.338796 1.34083 0.0910824 -0.0436977 
-0.458344 0.326162 0.474328 0.155311 1.49884 -2.21663 2.84436 -1.17135 -0.508749 0.887648 -0.0540126 -0.0568898 
1.58688 -0.844851 1.05016 -0.648103 1.74165 -0.405585 -0.0377977 -0.67072 0.274893 -0.0399253 0.100053 0.0599002 
1.99867 -0.890959 0.928595 -0.473434 0.978906 -0.219253 0.24473 -0.59702 0.00679377 0.131877 0.543963 0.000373616 
2.19758 -0.935379 0.84894 -0.195631 1.36614 0.331487 0.16444 -1.15593 0.0325852 0.27941 0.128128 -0.0113177 
1.94475 -0.787197 0.974285 -0.0372597 1.53072 0.475437 0.467394 -0.765107 0.507035 0.244564 0.449997 0.0026141 
2.10946 -1.04498 1.29275 -0.0748159 1.11225 -0.664457 0.254661 -0.584526 0.426534 0.0141973 0.461738 0.0851567 
2.24717 -1.06959 0.736563 -0.502873 1.47135 -0.290245 0.0868477 -1.10478 0.172156 0.493237 0.187218 0.0665206 
2.31222 -1.05158 1.06993 0.0844736 1.56706 0.0187445 0.362732 -0.758794 -0.0214803 0.339623 0.185463 -0.0758768 
1.58239 -1.29479 1.57374 0.993504 2.15638 0.600112 0.0904362 -0.578844 0.390501 0.126322 0.166291 0.0682111 
2.18501 -0.85383 1.29365 0.687302 1.63854 0.338441 0.393274 -0.495607 0.473577 -0.159622 0.304997 0.0306755 
2.31166 -0.447823 1.12305 0.149472 1.68697 -0.303046 1.14428 -0.46201 -0.0472677 0.565917 0.328545 0.0173789 
1.86569 -0.946187 1.03328 -0.603592 1.39078 -0.313894 -0.700082 -1.00085 0.0633267 -0.0969206 0.21908 0.0900977 
2.00824 -0.932109 0.78986 -0.0575482 1.93364 -0.422767 0.645714 -0.587022 0.200511 0.47405 0.243199 0.0103419 
1.73754 -0.8758 1.01915 -0.419524 0.819057 0.203534 0.000561155 -0.604062 0.0221513 0.377092 0.294687 -0.0171308 
1.98452 -0.946888 1.16144 -0.375048 1.89011 0.505975 0.728554 -0.0983494 0.467504 0.61365 -0.0197533 -0.0273164 
2.08116 -0.899901 0.479201 -0.14105 1.52477 -0.181644 0.407393 -0.476151 0.00742491 0.320799 0.40991 0.0389305 
1.96204 -1.08074 0.902244 -0.235282 1.34701 0.116032 0.401183 -0.675596 0.151981 0.094647 0.0996822 -0.0169176 
2.06724 -1.43119 0.855224 -0.402387 1.71703 -0.210453 0.156087 -0.373975 0.465719 0.618983 0.0259452 -0.102713 
1.77945 -1.24824 1.12477 0.0373761 1.48012 0.260541 0.00360392 -0.879878 0.228447 0.335214 0.284049 -0.00505074 
2.05217 -1.39072 1.52823 -0.0108692 1.13137 0.172014 1.07669 -0.862899 0.220938 0.470757 0.194636 0.00666143 
2.05092 -1.35972 1.07181 -0.0270101 1.97048 0.247208 1.19941 -0.458802 0.225161 0.112455 0.271879 0.0204764 
2.00197 -0.99367 0.369322 0.113553 1.74297 0.206102 0.192671 -0.390231 0.635076 0.281477 0.577478 0.0739296 
2.24091 -0.88023 0.515482 0.0873848 1.40105 -0.503991 0.774354 -0.667678 0.541337 0.148656 0.245839 0.0475968 
1.80961 -0.658824 1.33895 0.419334 1.44533 0.441016 0.588399 -0.706235 -0.146739 0.406042 0.434157 0.0466951 
1.92205 -1.08679 0.504947 -0.696258 1.16986 -0.28091 0.515792 -1.0157 0.649692 0.215294 0.287693 0.154526 
2.04365 -0.992406 0.94187 -0.0795406 1.63583 0.392809 0.507979 -0.738687 0.228201 0.529659 0.34284 0.0133417 
1.90023 -1.0234 0.683017 0.163117 1.06917 -0.537293 0.125208 -0.972396 -0.156065 0.33866 0.445044 0.0327411 
1.75309 -0.971551 1.12442 -0.161586 1.16862 -0.504531 0.37602 -0.733972 -0.122172 -0.06498 0.534986 0.110425 
2.02266 -1.07179 1.10593 -0.327074 1.32418 -0.49336 0.999432 -0.0158279 0.68171 0.311173 0.280164 0.0745303 
1.88639 -0.930859 0.793481 0.73094 1.19973 0.344044 0.965102 -0.38407 0.497699 0.475427 0.519933 -0.000668853 
1.63837 -0.140078 1.07577 0.0221918 1.236 1.0583 1.32997 -0.818757 0.554754 0.269797 0.325517 0.0417193 
2.43698 1.79822 2.12812 1.92264 1.55726 1.35135 0.842363 0.348845 0.824233 0.35427 0.296846 0.0474842 
3.09467 2.756 2.66461 1.85646 1.54298 1.48263 1.11358 1.23315 1.07205 0.632781 0.493367 0.11 
2.91562 2.39572 2.12433 1.96998 1.88363 1.7336 1.3346 0.977906 0.654235 0.446283 0.286998 0.0671096 
2.8686 2.37521 2.12696 1.92211 1.76011 1.588 1.31295 0.954553 0.649131 0.452741 0.318971 0.0660432 
2.97116 2.54916 2.34549 2.14285 1.97048 1.74248 1.34366 0.957254 0.705757 0.46365 0.285991 0.0731696 
3.23083 2.90855 2.70143 2.42386 2.08526 1.77787 1.47418 1.07464 0.76762 0.547646 0.350904 0.0977694 
