3.1764 -2.25253 -0.369554 0.918087 -0.0774138 -0.230938 2.32302 1.0221 -0.537139 0.138556 -0.199102 -0.267021 
3.7601 -1.64271 0.0328881 -0.0281581 -1.06862 -0.540869 2.54186 0.520897 0.0997139 0.732892 -0.256776 -0.288084 
3.66081 -0.146313 -1.26074 -1.61915 -2.65307 -0.625064 2.31669 0.750294 0.696436 0.982926 0.0500152 -0.100464 
2.86155 -0.691084 -0.826468 -2.34269 -1.53461 -1.19115 1.86887 0.821842 0.683018 0.550057 -0.0218837 -0.0362366 
2.60842 -0.409972 0.625147 -0.981506 -1.40891 -0.692056 1.83676 0.684011 1.1481 0.551279 0.0903797 -0.0463207 
2.44068 0.154721 0.966804 -1.04575 0.217561 -0.520327 0.609907 0.122881 0.776773 0.48316 0.506285 0.0326008 
2.19536 0.211403 1.47154 -0.570716 -0.5565 -1.32203 0.140652 0.155921 1.17333 0.697749 0.351643 -0.00679809 
2.04812 0.382457 1.55248 -0.888977 0.439832 -0.169831 1.31315 -0.139431 1.05781 0.634895 0.470011 0.0844831 
2.06864 0.254306 1.22183 0.355211 0.854555 0.474058 1.07916 0.112474 0.986099 -0.427314 0.42585 0.0550259 
1.74374 0.423077 1.14791 0.502842 0.373175 -0.268636 0.963423 -0.384828 0.955303 0.373593 0.173539 -0.00549927 
2.04116 0.0662028 1.29673 -0.0982006 1.58696 0.350639 0.704758 -0.579692 0.420406 0.115669 0.242555 0.0378644 
1.70583 0.303583 1.71123 -0.21791 1.189 -0.272057 0.693803 -0.297761 0.504097 -0.0732419 0.0703769 0.0385167 
1.58112 0.234256 1.63824 -0.657012 1.28065 0.40112 0.524899 -0.0443356 -0.0412565 0.445557 0.0732243 0.0195039 
1.84451 -0.0156746 1.04576 -0.395427 1.48385 0.000210304 0.788139 -0.404538 0.344736 -0.299128 0.246725 0.0107951 
1.53095 0.516359 1.08667 0.0846144 0.521594 0.141818 0.864449 -0.119677 0.645415 -0.182985 0.109905 -0.0111486 
1.64962 0.359187 1.16784 -0.0304855 1.36487 -0.366594 0.222335 -0.773403 -0.267154 -0.0718446 0.159898 0.0184604 
1.85419 -0.533595 1.0982 0.542803 1.46878 0.203188 1.43176 -0.694138 0.758128 0.102402 0.146518 0.00452491 
1.75917 -0.0572497 1.43964 -0.424466 1.54629 0.285035 0.443833 -1.3092 0.1809 0.189929 0.084127 0.0368815 
1.52936 0.302932 1.58093 0.0806875 2.25687 -0.0859935 0.610798 -0.215424 0.507224 0.279328 0.130231 -0.0306715 
1.45057 0.0847463 0.954819 -0.378665 0.795076 -0.0228983 0.878906 -0.820535 0.388238 -0.235543 0.270769 0.0712211 
1.38663 0.233287 1.43536 -0.269228 1.15343 -0.035182 0.243987 -0.443186 0.537129 0.330859 0.0578098 0.0722999 
1.68062 -0.183341 1.97938 0.308842 1.32856 -0.049931 0.378445 -0.727832 0.634154 -0.0743865 0.302093 0.0994877 
1.68101 -0.212595 1.34002 -0.285762 1.31293 -0.459756 0.538608 -0.455177 0.267135 0.0293987 0.155642 0.0326052 
1.7212 -0.353256 1.35791 -0.434136 0.65109 -0.933789 0.70011 -0.629197 0.143307 0.133763 0.0638881 0.076321 
1.9264 0.131575 1.37596 -0.153111 0.901216 -0.492515 0.495986 -0.0540692 0.445604 0.189456 0.226016 0.0372233 
1.67896 0.0247998 0.816036 -0.269173 0.760222 -0.00415879 0.71475 -0.637079 0.191677 -0.0873973 0.0601015 0.0304954 
1.8017 -0.0690577 1.00041 -0.316367 1.01896 0.105417 0.465253 -0.326709 0.3598 0.118921 -0.0950592 0.00381616 
1.53181 -0.221276 1.27981 0.150729 1.31883 -0.200187 0.907216 0.0212467 0.2928 -0.0577249 0.208242 -0.00672867 
1.67083 -0.224574 1.13371 -0.215116 1.88114 0.557894 0.671756 -0.488154 0.639491 -0.202621 -0.115167 0.0239091 
1.70993 -0.0256799 1.163 -0.296281 1.43543 -0.0221667 0.330816 -0.125233 0.533531 0.463877 0.204267 0.059016 
1.99925 0.128634 1.18989 0.477622 1.49226 0.645673 1.23658 0.400067 0.208841 -0.0988961 0.344075 0.0187911 
1.92082 -0.301879 0.806065 0.0989809 1.07547 -0.476677 0.219929 -0.2272 0.418395 0.635183 0.341717 0.0647738 
2.5859 2.05294 1.8896 1.62841 1.2797 1.17597 1.15548 0.577745 0.804618 0.505995 0.229141 0.0547478 
2.64888 2.15962 1.95121 1.80701 1.65596 1.43194 1.20415 0.985371 0.769503 0.510722 0.311498 0.0658362 
2.7496 2.30538 2.11416 1.97953 1.87486 1.65752 1.46398 1.2373 0.949245 0.670984 0.412301 0.0903214 
2.90079 2.52701 2.39694 2.25163 2.13478 1.87056 1.59494 1.23256 0.925076 0.63433 0.350612 0.10011 
3.63733 3.34068 3.34095 2.95391 2.38852 2.25939 1.83967 1.45117 0.822124 0.568944 0.291747 0.103925 
3.27128 2.98524 2.81213 2.54426 2.2765 1.9355 1.53294 1.13154 0.836122 0.573438 0.303026 0.098054 
2.80421 2.3424 2.13868 1.93275 1.68415 1.41878 1.13964 0.867648 0.611308 0.397107 0.218479 0.0502835 
2.72617 2.24496 2.03404 1.82208 1.59363 1.35452 1.08983 0.835805 0.592689 0.395789 0.225389 0.0481581 
2.79533 2.33404 2.15237 1.95807 1.7065 1.46668 1.19093 0.949406 0.699904 0.472544 0.268076 0.055859 
2.83029 2.95188 2.85502 2.08085 2.45731 1.34438 1.4457 0.83982 0.977855 0.437727 0.404243 0.0924048 
-0.359584 3.43957 1.89463 0.541452 2.71334 1.54625 2.86683 0.608179 2.14237 -0.0329943 0.277644 0.102946 
1.25794 1.65284 0.772845 0.54606 1.46642 1.5523 1.25377 1.38699 2.2208 -0.624211 0.221363 -0.049919 
2.85637 2.19393 1.86295 1.68667 1.41955 0.768 0.648686 0.468753 0.364053 -0.00367384 -0.0461487 0.000564605 
3.70331 2.67106 2.38369 2.7303 1.55251 -0.1484 -0.200885 0.618716 0.109157 -0.564413 -0.11961 -0.0291776 
4.84757 2.23563 1.81787 3.35296 1.62879 -1.47296 -0.905666 0.429001 -0.311343 -0.882537 -0.130541 0.0755576 
5.29463 2.36021 1.82635 3.49713 2.07294 -1.38845 -0.769673 0.531862 -0.04845 -0.659414 -0.139315 0.100431 
4.76548 2.09673 1.97427 3.32252 1.97876 -1.2177 -0.85554 0.632246 -0.00422989 -0.735591 -0.182863 0.0604491 
4.84886 2.11009 2.15272 2.97926 2.24027 -1.72361 -0.208161 0.375595 0.0224849 -0.586325 -0.22173 0.053137 
5.17799 1.26127 1.47611 3.06373 1.59902 -0.798656 -0.576018 0.0745715 0.349052 -0.618641 -0.149895 0.0757475 
4.00734 1.67002 1.5837 2.64123 1.66341 -0.689138 -1.1364 0.560374 0.487155 -0.416301 0.0585598 0.0879819 
3.96762 2.1774 1.75828 2.59922 1.74414 -0.591757 -0.590867 0.518389 0.370977 -0.303249 0.225611 0.102089 
4.8333 1.9838 1.43423 2.99968 2.83544 -0.845823 -1.08111 0.560504 0.553105 -0.169445 0.127203 0.143775 
4.73672 2.18173 1.36445 2.9434 2.75507 -1.08191 -1.03124 0.387719 0.633404 -0.154294 0.186927 0.158663 
3.57046 2.33442 1.91083 2.83429 2.02771 -0.69291 -0.569655 0.447075 0.772046 0.0570706 0.240486 0.0817422 
3.36069 2.04631 2.03857 2.18104 1.34976 -0.391534 -0.0971966 0.799032 0.588226 0.258107 0.223406 0.0696825 
3.86668 2.41292 1.66618 2.45884 1.84322 0.14888 -0.382509 0.449188 0.761217 0.080586 0.246603 0.0609736 
4.38023 2.67641 1.68575 2.34992 2.11738 -0.330069 -0.534032 0.0717904 0.64443 0.0610184 0.0817998 0.0340728 
4.72993 2.3896 1.19816 2.24943 2.51279 -1.00983 -0.311763 0.102817 0.774119 -0.0305043 0.190198 0.121505 
4.24684 2.35979 1.08726 2.03094 1.96647 -1.25418 0.12964 0.137668 0.956414 0.0366013 0.37187 0.14363 
4.74834 1.6579 0.0603986 2.17328 2.64684 -1.8817 0.814531 0.19394 1.69369 0.0929936 0.391239 0.230955 
5.06061 1.51918 -0.108404 2.9703 2.04584 -2.60039 1.14546 0.897064 1.76 0.215054 0.403895 0.23344 
5.77146 1.23287 -0.652025 2.86245 2.78886 -2.86343 1.88487 0.992401 2.09971 0.365178 0.382913 0.271846 
4.91 2.25222 0.970016 1.719 1.7932 -0.114383 0.883268 1.24801 1.35256 0.660604 0.484406 0.159906 
5.28329 2.58801 0.606071 1.10127 1.69246 1.3441 0.817775 0.553157 0.524913 1.2197 0.837664 0.226359 
4.54736 2.78665 1.0762 1.11132 2.14975 2.10444 0.779952 0.0928713 0.863866 1.44563 0.551929 0.104087 
3.38207 2.53065 1.78896 1.61253 1.75346 1.47422 0.894353 0.690739 0.952548 0.993479 0.457836 0.0843579 
2.8329 2.29647 1.99106 1.7824 1.66369 1.52556 1.31214 1.04494 0.82679 0.599738 0.334992 0.059387 
2.83747 2.24594 2.00876 1.97421 1.86689 1.52164 1.11128 0.922767 0.84857 0.640676 0.298496 0.060445 
3.05211 2.56223 2.34848 2.27938 2.19625 1.7598 1.26516 0.967122 0.869932 0.666749 0.319712 0.0836026 
2.82471 2.35205 2.14171 2.01754 1.8548 1.56797 1.2633 1.01468 0.803862 0.565863 0.30128 0.0652407 
2.74946 2.26204 2.06088 1.88284 1.72032 1.51884 1.29151 1.03706 0.76789 0.543545 0.328859 0.0592576 
2.96722 2.6019 2.42579 2.32519 2.14893 1.88303 1.60345 1.32531 0.940136 0.591322 0.337896 0.098533 
3.25842 3.19494 3.22471 3.10653 2.92096 2.49425 2.22839 1.52075 1.17348 0.71459 0.223789 0.133985 
2.95231 2.56188 2.55503 2.30649 2.08793 1.97532 1.69468 1.29642 0.997095 0.680784 0.323918 0.105599 
2.68451 2.20721 2.02657 1.71465 1.85141 1.5694 1.29526 1.15926 0.941266 0.540196 0.301734 0.0598662 
4.02458 2.13705 -0.295094 -2.24654 -1.34634 1.16704 3.29002 3.03588 1.31266 -0.229412 0.00369108 -0.148208 
3.20714 1.11348 -1.15548 -2.10085 -1.21386 1.05666 2.05934 1.83545 0.673643 0.300859 -0.0751651 -0.0308735 
2.51155 0.780266 0.199193 -0.889466 0.106109 1.42268 2.88609 1.34309 0.736357 0.217813 -0.0848647 -0.0786866 
1.73238 0.267063 1.58508 -0.20735 0.421294 0.0849134 1.77387 0.997812 1.25668 0.244442 0.2793 -0.0299261 
1.46569 1.23488 1.98238 0.959055 1.31316 1.68319 2.05505 -0.515937 0.257144 0.0487687 0.241129 0.0424314 
1.54006 0.560724 1.79489 0.550051 1.03173 1.34866 0.628322 -0.507103 0.493219 0.329388 0.0921368 0.0173573 
1.54262 0.0528547 1.37358 0.664183 1.10495 1.60565 0.948376 -0.787845 0.222347 0.472466 0.419363 0.0108746 
1.31822 -0.256842 1.2176 0.922285 1.63107 1.10209 0.102302 -0.82504 -0.290028 0.149998 0.351108 0.010646 
