1.93121 -1.00105 0.943259 -0.156228 0.683022 -0.0808492 0.301132 -1.19725 -0.143995 0.183761 0.386473 0.0695342 
2.05258 -0.786653 1.09569 0.336635 1.34973 -0.0957747 0.405977 -0.98367 0.563831 0.284282 0.449031 0.0349471 
1.98025 -1.47283 1.20289 -0.505827 1.66177 0.190465 0.45373 -0.692999 0.318755 0.44947 0.140953 0.0589866 
1.99025 -1.32128 0.621416 0.0247715 0.588723 0.0827808 0.827337 -0.882424 0.0238592 0.0780886 0.203716 0.0651994 
2.07637 -1.47531 0.567628 -0.00727988 1.64685 0.278872 0.618949 -0.482308 0.465535 0.178788 0.144456 -0.0715924 
1.77336 -1.18394 0.881961 0.180119 1.59984 0.102833 -0.0113145 0.260576 0.0555487 0.157257 0.505309 0.0120218 
1.90145 -1.4212 0.631515 0.125375 0.811971 0.0427522 0.660519 -0.531813 0.345915 0.443895 0.344004 0.0172354 
1.89418 -1.20435 0.801718 0.335812 1.64874 -0.146385 0.771421 -0.974441 -0.0511441 0.329252 0.161696 0.0605144 
1.75005 -1.14659 0.810671 0.251518 1.01382 -0.347684 0.187315 -1.29821 0.427317 0.241681 0.287715 0.0203799 
1.71511 -0.965509 1.13638 0.332408 1.74368 0.87989 0.638635 -0.477002 0.0725526 0.203594 0.238172 -0.0465184 
1.87295 -1.05122 0.886583 -0.322236 1.62249 -0.121812 0.517801 -0.627209 0.449635 0.55734 0.0137807 0.0433588 
2.07663 -0.559767 1.02289 -0.0578007 1.63353 -0.0824341 -0.0126104 -0.97317 0.480882 0.492653 0.293902 0.00927009 
1.80845 -1.11214 0.884307 0.16523 0.929938 -0.202214 0.00502335 -0.95644 0.0788695 0.347672 0.294063 0.0234108 
2.18555 -1.29132 1.53412 0.0754456 0.818956 0.220675 0.656479 -0.570836 0.464192 0.320808 0.231445 -0.00550599 
1.15464 -0.467161 2.2302 -1.79308 0.618665 2.81664 -2.29549 -0.0406675 1.0185 0.0899813 0.460473 0.0437206 
1.65273 -0.810332 1.36467 -0.873193 0.817427 1.44836 0.0419448 -0.101378 0.823766 -0.313716 0.49972 0.0583749 
2.07671 -1.07306 0.892841 -0.713067 0.906789 -0.260275 0.131884 -0.343115 0.746828 0.619497 0.267046 -0.0294428 
1.99284 -1.38185 0.59473 0.332426 0.659361 0.138294 0.548199 -0.203223 0.512389 0.286254 0.225235 -0.0142986 
1.88672 -0.584895 0.818639 0.281349 1.45311 -0.580929 0.531847 -0.75274 0.176496 0.329621 0.192476 0.0404319 
1.97585 -0.796935 0.93915 -0.251503 0.609347 -0.48626 0.801906 -0.866516 0.13948 0.297881 0.46866 0.0127139 
1.38485 -1.35774 0.660175 2.28493 0.960075 -0.854242 1.25681 1.40233 -0.655849 0.0335453 0.136919 0.0676189 
1.02971 -1.92343 2.0313 5.334 -0.0380636 -1.93244 2.44079 3.90515 -1.63056 -0.474392 0.129202 0.110129 
2.09419 -2.38429 2.77912 3.7969 1.63946 -0.433992 2.15147 1.32975 -0.242311 -0.153941 0.0572461 0.0170821 
1.90634 -2.17571 1.5419 1.61271 0.0787566 -1.63908 0.806368 0.777851 0.0585921 0.0414638 0.560037 0.0870835 
2.02473 -2.18205 1.2585 1.27479 1.26522 -1.08006 0.930158 0.161443 0.358999 0.0165188 0.34784 0.0443824 
2.17568 -0.550115 1.22234 0.617753 1.57218 0.0624261 0.984926 0.134825 0.550382 0.085318 0.604773 0.0630303 
2.37243 -0.678556 1.29949 -0.713799 0.748583 0.110724 -0.249662 -0.5283 0.755931 0.347864 0.0259039 0.0753287 
2.1244 -0.782356 0.875425 -0.0302 0.892963 -0.77577 0.0521182 -1.20589 0.548637 0.422601 0.197346 -0.00028204 
1.96816 -0.831364 1.1341 -0.322872 1.2364 0.219514 1.12667 -0.872398 0.462568 0.511425 0.201864 -0.0222987 
2.17143 -0.778857 1.13854 -0.282066 1.46278 -0.569881 0.265844 -0.806747 0.300215 0.715304 0.169037 0.0750263 
1.77418 -1.22428 0.588497 0.202901 1.67976 0.725352 0.281876 -0.802221 0.173232 0.210186 0.111569 0.0152533 
1.91575 -0.775975 0.356932 -0.894396 1.781 0.721062 0.522032 -1.06164 0.469119 0.327191 -0.0615669 0.0212334 
1.99378 -1.16151 1.06028 0.0943197 1.60621 0.504867 0.727148 -0.758275 -0.0890839 0.280268 0.094062 0.0172218 
2.16976 -0.818214 1.03418 -0.423958 1.35047 -0.388787 0.733581 -0.662927 0.0580262 0.43824 0.550206 0.109868 
1.85625 -0.580285 1.24242 -0.00791666 1.53699 0.428847 0.126944 -0.498553 0.391826 0.200028 0.484517 0.00398494 
2.21411 -0.6373 1.41348 0.0605883 1.75909 0.45446 0.797023 -0.417055 0.333748 0.503011 0.253262 -0.0511173 
1.8427 -0.980051 0.792489 -0.348361 2.00516 -0.208597 0.401106 -0.714886 0.168129 0.0943826 -0.0252405 0.0713841 
2.02428 -1.05066 0.702241 0.520129 1.16621 -0.565476 0.10227 -0.427415 -0.309937 0.420851 0.324545 -0.0204463 
2.3035 -1.1693 1.29762 -0.443393 1.79515 -0.010304 0.67633 0.582441 -0.173516 0.563799 0.407167 0.0225731 
2.2957 -0.964621 1.31151 0.456176 0.727766 -0.0197055 0.00833227 -0.512631 0.77169 0.0706258 0.303953 0.00388455 
2.03389 -1.43177 1.30898 -0.252161 1.91082 0.426941 0.758747 -0.31851 0.339705 0.146222 0.232416 -0.0134484 
2.10191 -1.15606 1.2192 0.078869 1.3281 -0.429484 -0.186351 -0.641278 0.150096 0.189982 0.220026 0.104364 
2.0311 -0.576561 0.0317149 0.0553514 1.394 -0.0714865 0.0205608 -0.0151031 0.0296528 0.0318411 0.231459 -0.0607147 
1.95517 -1.51568 1.20175 -0.201032 1.25888 0.719412 0.468698 -0.557108 -0.104978 0.140103 0.242573 0.000769537 
2.06729 -0.805525 1.655 0.350789 1.2948 -0.259891 0.555076 -0.942578 0.478303 0.0963781 0.209251 0.0657786 
2.17873 -0.636043 0.980605 -0.312705 1.36246 -0.10166 1.08466 -0.211883 0.65537 0.050294 0.492321 0.0686622 
1.8275 -0.927874 1.2187 -0.56244 1.2868 0.575036 0.310492 -0.904106 0.630472 0.454615 0.382694 0.0755864 
1.95096 -0.737397 0.856484 0.0814158 0.965624 -0.172396 1.06634 -0.422663 -0.160482 0.293126 0.384161 -0.0204872 
1.90418 -0.765342 0.808847 0.392917 1.38235 0.487449 0.00602358 -0.325388 0.171693 0.571878 0.268662 -0.0478396 
2.32742 -1.13562 1.02293 0.00884737 1.60906 0.584512 0.412933 -0.831043 0.254211 0.105279 0.287156 0.129593 
1.89942 -1.34516 0.979752 -0.245148 1.97291 -0.520974 0.701722 -0.200818 0.407792 0.532563 0.176123 0.0379329 
1.9776 -1.01536 0.985143 0.0351436 0.959847 0.000790589 0.036387 -0.269091 0.168708 0.258727 0.51836 0.0315239 
2.06576 -1.0476 0.917005 -0.109899 1.26508 0.19412 0.583116 -0.791416 0.386238 -0.0297827 0.215875 0.0334062 
1.61648 -0.989263 0.959121 0.411638 1.78781 -0.162125 0.968415 0.0278153 0.352081 0.264033 0.241558 -0.0860934 
1.61165 -1.01364 0.835635 0.137844 0.73496 -0.582651 0.147681 -0.83015 -0.046684 -0.021034 0.378093 0.0954943 
1.88961 -0.905658 0.948036 0.349588 1.08373 0.486796 0.29952 -0.954148 0.74322 0.272628 0.191838 0.038937 
2.00096 -1.05828 1.22911 0.0671045 0.73602 -0.393178 0.643089 -0.244691 0.00435619 -0.0176599 0.130469 0.0342131 
2.12509 -1.17439 0.761994 0.214214 1.76932 -0.0214044 0.487796 -0.249758 0.493092 0.237255 0.281002 0.0559411 
2.63022 1.95879 1.86641 1.72435 1.67597 1.30995 1.01909 0.749617 0.66107 0.408798 0.278123 0.0520687 
2.69764 2.1806 1.94293 1.71792 1.48612 1.25816 1.0172 0.79223 0.558161 0.344684 0.193662 0.0430996 
3.18691 2.81201 2.61967 2.37778 2.03328 1.68887 1.3081 0.952136 0.670905 0.455753 0.311242 0.0764192 
6.18463 2.98766 2.8689 3.97323 2.95546 1.76354 2.47282 0.925628 -0.639972 -1.10857 0.131934 0.189595 
5.05266 3.85554 3.21137 2.98956 2.69072 2.2285 2.00745 1.27078 -0.51542 -0.823876 0.310136 0.110631 
3.8624 3.61476 3.5731 3.11331 2.40093 1.87991 1.50738 0.871068 0.437663 0.319724 0.382617 0.0823843 
3.65927 3.47376 3.42657 3.11762 2.54082 1.90531 1.33162 0.793803 0.5132 0.461642 0.350929 0.0818779 
4.30827 4.19 3.75244 3.69634 3.70108 1.43092 1.66976 -0.359444 0.0224072 0.699263 0.156569 0.057201 
2.16374 1.46761 1.6467 1.0484 3.434 1.70391 0.991538 2.08808 0.776144 0.303788 0.233577 0.042539 
1.86763 1.69628 1.72224 0.942862 2.3783 0.674814 2.24199 3.18555 0.511726 0.152155 0.0876209 0.0499342 
4.41778 2.50775 2.15275 2.87695 2.65269 0.141925 1.23474 1.2208 -0.171684 -0.71015 -0.0401494 0.0452784 
5.4361 2.2735 1.56768 3.68581 2.44015 0.00628824 0.474681 0.751811 -0.00781621 -1.00991 -0.236789 0.0511293 
5.0073 2.17654 1.41894 3.032 2.15074 -0.103095 0.0226313 0.643196 -0.287947 -1.06069 -0.165033 0.0629512 
5.70604 2.03458 1.29044 3.15971 2.47206 0.0411577 -0.0303605 0.826324 -0.433016 -1.14828 -0.307703 0.0760724 
4.64947 2.27188 1.72845 2.3558 1.96003 -0.0743159 -0.43333 0.489105 -0.373796 -0.851717 0.0577798 0.0738586 
4.25682 1.87217 1.40049 2.38092 1.79485 -0.115201 -0.300388 0.592283 -0.0239336 -0.964514 -0.0634877 0.0528589 
4.15246 2.29739 1.65041 2.38823 1.77361 0.393257 0.477166 0.831544 -0.191265 -0.909707 -0.0288307 0.0342774 
4.88076 2.04829 1.47494 2.41074 2.49893 0.122993 -0.773636 0.974871 0.271876 -0.769323 -0.000564318 0.114505 
4.76357 2.14227 1.6237 2.67051 2.21663 -0.0991628 -0.412343 1.01887 0.319389 -0.635247 0.0227286 0.113034 
6.18426 1.67941 1.4661 2.55636 3.21604 -0.904476 0.226156 0.709127 0.152252 -0.572224 -0.153552 0.188125 
4.29025 2.17097 1.59793 2.62677 1.91227 -0.524339 -0.0829393 0.943074 0.523238 -0.513255 0.044628 0.0898265 
3.82619 2.48683 1.78328 2.27862 1.95097 0.171635 0.183705 0.846416 0.466489 -0.252964 0.121342 0.0468333 
4.12338 2.25699 1.57597 2.38894 2.05569 -0.112704 0.0972816 0.999708 0.373163 -0.263523 0.285619 0.118333 
4.64694 2.60545 1.57694 2.66802 2.3744 -0.134869 -0.279243 0.813724 0.433076 -0.388587 0.121047 0.102335 
5.27599 2.78278 1.87798 2.97274 1.72771 -0.919908 -0.598232 0.793995 0.219142 -0.474893 -0.0042279 0.121302 
6.39014 2.156 1.05464 3.86261 2.75013 -1.71602 -0.296957 0.906714 0.266989 -0.290447 -0.0782479 0.150954 
5.97975 2.19711 1.20602 3.4976 2.27362 -1.20278 -0.869022 0.657151 0.0622627 -0.272462 -0.0612815 0.12824 
