1.81176 -0.844757 1.18137 0.5049 1.95209 0.368464 0.524314 -0.79096 -0.295088 0.280348 0.471186 0.111786 
1.95324 -1.03074 1.08373 0.147302 1.4326 -0.0117406 0.102289 -0.266286 0.286393 0.366752 0.541991 0.0712423 
1.94583 -0.950993 1.39428 0.0190857 2.49956 0.75167 0.091218 -1.09539 0.187837 0.605566 0.168671 0.0605501 
1.8952 -1.08714 0.323707 -0.186651 1.16464 0.517641 0.63302 -0.580884 0.946122 0.0225281 0.4322 0.0769013 
2.11985 -1.22527 0.61952 -0.588996 2.14895 0.745123 1.0226 -0.249545 -0.0297993 0.0562132 0.304267 0.0453023 
1.75954 -1.3366 0.748017 0.0532398 1.64609 0.483903 0.620031 -0.648001 -0.0776436 0.262599 0.189103 0.0211086 
2.12007 -0.657277 0.562581 0.223783 1.27772 0.609319 0.542022 -0.748264 0.579462 -0.0599163 0.277435 0.0094369 
2.10837 -0.635174 0.969625 -0.516768 2.09279 0.402834 0.198104 -0.515165 0.47827 0.423731 0.254011 0.0193647 
2.22386 -0.889651 0.91262 0.15335 1.15827 0.358565 -0.126227 -0.322617 0.690934 0.395023 0.271735 -0.00833646 
1.80134 -0.787942 0.981448 0.284792 1.65677 0.713874 0.451902 -0.636947 -0.0326284 0.773016 0.257262 0.0339178 
-2.41395 -1.39996 0.246751 1.97371 -1.2712 -2.40451 4.9019 1.13207 -0.784073 -0.588365 0.0996378 -0.0873935 
-1.27581 -2.41898 0.658881 1.3361 -1.00045 -3.30896 4.43729 1.68666 0.233169 -0.487368 -0.0921757 -0.0265978 
0.229209 -2.22443 -0.0666492 2.1691 -0.189756 -4.02185 4.27205 0.942216 -0.324369 -1.04898 -0.111617 0.0990322 
0.424162 -1.82784 -0.565249 2.72336 0.120573 -3.51855 3.72156 0.336572 0.469191 -0.603815 -0.17471 0.0499868 
0.501491 -0.257884 -0.798356 1.72624 2.8123 -2.39703 1.64614 -0.488135 0.689556 -0.427203 0.116905 0.20117 
1.35828 -0.0591907 -0.628971 1.61957 1.0706 1.14992 -1.03388 -0.113316 -0.00162061 0.380608 0.0885688 -0.00265678 
2.16164 -0.578244 0.362602 -0.162928 1.42177 -0.605178 0.499897 -0.529036 -0.357542 0.669389 0.295021 0.0536595 
2.14531 -1.46643 1.15795 -0.321552 0.870744 -0.582205 -0.133925 -1.39745 0.482191 0.722699 0.17143 0.0837065 
2.36345 -0.939305 0.636889 -0.107086 1.08714 -0.297311 0.618977 -0.822827 0.00301167 0.577085 0.390356 0.00198337 
2.17603 -0.699746 0.745346 0.478026 1.39432 -0.0218804 0.170695 -0.993128 0.200453 0.152143 0.445806 0.0538767 
2.1177 -1.2606 0.902512 0.242456 1.83289 0.764314 0.271551 -0.431576 0.207089 0.495118 0.251956 -0.0377177 
2.22982 -1.06409 0.130884 0.306664 1.07603 0.115645 0.475919 -0.424618 0.441511 0.0843194 0.375826 -0.017775 
1.90209 -1.00752 1.39928 -0.325438 1.15492 0.159176 -0.105626 -0.74893 -0.00225863 0.0484458 0.448116 0.00923139 
2.08313 -1.18621 0.790355 0.425279 2.01121 0.68067 0.382144 -0.386367 0.523369 0.262652 0.292099 0.00368192 
1.87478 -1.00677 0.900693 -0.142702 1.78063 0.0976147 0.166927 -0.883319 0.178681 -0.103859 0.0639941 0.021673 
1.97426 -0.554182 0.579756 0.151123 2.15102 0.283645 0.695862 -0.31165 0.308314 0.2811 0.258427 -0.0554704 
2.04271 -1.20658 1.29164 -0.286734 1.83904 0.263587 0.000197455 -0.346689 0.685189 0.435405 0.121549 -0.0115443 
1.97473 -1.42305 0.740867 -0.123624 0.939249 -0.707579 0.151255 -0.997394 0.260979 0.545704 0.262758 0.0154771 
1.96773 -0.851087 0.856366 0.627931 1.45318 -0.217712 0.22751 -0.323346 -0.0496161 0.27739 0.473539 0.00209098 
2.22169 -0.955309 1.75274 -0.233285 1.03824 0.715167 0.451659 -0.792216 0.191786 0.660684 0.403382 0.0137296 
1.82516 -0.642056 0.623276 0.267077 1.77767 0.0238721 0.157292 -0.643681 0.183321 0.136531 0.200869 -0.0302609 
1.95833 -0.867751 1.11008 0.315203 1.57873 0.540724 -0.0166734 -0.139698 0.715234 0.143873 0.0874572 0.0223543 
2.00208 -1.25107 0.594878 0.569232 1.85288 -0.0676891 0.762026 -0.419112 0.230936 0.292588 0.376408 -0.0326933 
1.97312 -1.08939 0.880575 -0.295039 2.37003 -0.203058 0.766696 -0.311202 -0.378683 0.109783 0.293582 0.0374181 
1.83713 -1.0478 0.500705 0.326456 2.21052 0.71939 0.178999 -0.630221 0.444783 0.398763 0.144263 0.00154018 
2.00527 -1.00662 0.947643 -0.0951692 1.69593 -0.202611 0.330275 -0.402342 0.784448 0.20749 0.34054 0.050575 
1.80379 -1.20898 0.654823 0.575002 1.09132 -0.0611805 0.6464 -0.835216 0.513082 0.227602 0.207192 -0.0173103 
1.97998 -0.769201 1.44283 -0.232618 1.28212 0.62924 0.372467 -0.64841 0.487731 0.154563 0.46076 0.0604726 
2.31321 -0.75546 1.21388 0.066041 1.48685 0.198054 0.603274 -1.25848 0.758204 0.626557 0.254463 -0.00829755 
1.99966 -1.00004 0.835872 -0.100441 1.72486 -0.109475 0.541899 -0.51825 0.223104 0.393358 0.274864 -0.00504565 
2.89305 1.74309 1.9997 1.98264 1.97305 1.63111 1.13698 0.847283 0.947379 0.535364 0.261122 0.0700245 
2.78883 2.41449 2.26951 2.0529 1.83095 1.66739 1.46013 1.11552 0.841694 0.657388 0.419222 0.0868712 
3.1303 2.27506 2.63769 3.23632 2.12936 0.790029 1.36411 1.92002 0.812873 -0.00954944 0.345258 0.120689 
3.99366 2.51837 2.69459 4.39126 3.16139 0.72892 1.14295 2.02196 0.628442 -0.211993 0.320591 0.163857 
3.41528 2.73557 3.45648 3.65629 2.06094 0.935899 1.57578 1.63788 0.546956 0.113698 0.431231 0.111814 
3.83508 3.44576 3.20351 2.75396 2.02574 1.52838 1.30009 0.99736 0.587325 0.46871 0.358819 0.0983643 
3.46619 3.09214 2.92058 2.58927 2.11995 1.72514 1.34336 1.10653 0.823181 0.563034 0.352794 0.101132 
2.39928 0.0274795 4.24284 0.94952 0.762399 3.22324 0.866156 3.20816 1.38165 -0.594684 0.0233608 0.157522 
2.011 2.35119 3.4953 0.403127 2.20942 1.8613 0.780575 1.80232 0.519998 0.543204 0.305832 0.0327566 
1.21636 2.86376 2.06398 0.651711 1.22611 1.18844 2.08436 1.83219 0.615232 -0.514403 0.375453 -0.0727446 
4.44035 3.72869 1.92714 1.51097 2.76569 -0.0556273 0.39909 1.70107 -0.360502 -1.13339 -0.0233594 -0.0405946 
4.46597 2.71779 1.97101 2.59298 2.37931 0.356568 -0.166098 0.385379 -0.0730497 -0.641136 -0.0563586 -0.0124951 
4.69262 2.4855 1.60299 2.75808 2.23822 0.0582645 -0.279178 0.441056 -0.0582551 -1.02972 -0.148189 0.0163703 
5.95525 1.90078 1.35386 3.26939 2.78865 -0.17321 -0.086103 0.602601 -0.153497 -1.06812 -0.405801 0.043308 
5.31842 2.14214 0.863064 2.67422 2.45768 -0.465083 -0.918413 0.460542 0.0388239 -0.869212 -0.374318 0.00524956 
4.84912 2.06132 1.2147 2.56298 1.83808 -0.708589 -1.04686 0.39242 0.163294 -0.865714 -0.236697 0.0242826 
4.68177 2.18485 1.41379 2.52348 2.25393 -0.273358 -1.23493 0.418301 0.308922 -0.715857 -0.100639 0.0416204 
5.06589 2.07737 1.337 2.90072 1.98369 -0.960711 -1.01278 0.613859 0.349749 -0.46352 0.00202037 0.140453 
5.3715 2.37079 1.67879 3.15887 1.88151 -1.03239 -0.903803 0.88138 0.479529 -0.375415 -0.180669 0.0743322 
4.93948 1.7941 1.26078 3.34579 2.52208 -0.764002 -0.943645 0.681282 0.572949 -0.414718 -0.0565983 0.122647 
4.7189 2.30647 1.57726 2.9789 2.51484 -0.469036 -1.01672 0.640796 0.60617 -0.344106 0.0213044 0.0930614 
4.80951 2.26066 1.57221 3.11619 2.2872 -0.513868 -0.879822 0.790573 0.63841 -0.416431 0.0402091 0.124292 
5.70913 2.31811 1.18653 3.24953 2.46915 -0.725177 -0.875506 0.712568 0.438152 -0.370256 -0.120686 0.116174 
5.29109 2.81944 2.05467 3.27733 1.91522 -0.974395 -1.06859 0.755692 0.741151 -0.210747 -0.121987 0.0746614 
3.33151 2.20588 1.99569 2.05529 1.30399 0.181552 -0.00511105 0.373682 0.370456 0.120273 0.17021 0.0391076 
3.54777 2.16526 1.56486 1.97978 1.41152 -0.133773 -0.420266 0.469218 0.62081 0.0396038 -0.0420166 0.0165404 
3.97548 2.28169 1.39772 1.97713 1.40768 -0.522013 -0.66565 0.64945 0.727908 -0.0348247 0.0920355 0.054621 
3.52885 2.13374 1.53719 1.88099 1.28864 -0.0796032 -0.171687 0.773876 0.84429 0.231883 0.193929 0.0506545 
3.88757 1.92867 1.16819 1.80588 1.00896 -0.532518 0.0515684 1.24348 0.789772 0.0430445 0.305472 0.0989031 
3.87804 0.50756 2.37244 0.854324 0.622843 0.471882 -0.390294 1.32009 2.30058 0.00532389 0.230651 0.166816 
3.50101 2.43898 2.17142 1.514 1.14449 0.328074 0.487861 1.00734 1.23038 0.632607 0.406739 0.0913035 
3.51274 3.05113 2.34874 1.72357 1.36584 1.20684 1.2015 1.25139 0.809324 0.533814 0.344563 0.0790435 
3.61715 3.16217 2.55716 1.74827 1.22892 1.03617 1.05921 1.16995 1.05358 0.727449 0.310926 0.0911902 
2.80628 2.32221 2.05154 1.79739 1.54611 1.34044 1.15469 0.970257 0.727378 0.448954 0.216058 0.0370605 
2.77372 2.23995 1.94278 1.66366 1.45355 1.25964 1.08606 0.894281 0.67588 0.447936 0.230815 0.0357407 
2.82823 2.34551 2.13182 1.92437 1.73774 1.54951 1.34132 1.08229 0.820801 0.542885 0.281165 0.0641054 
3.06927 2.73312 2.56971 2.47212 2.20286 1.89527 1.62695 1.25009 0.878984 0.552557 0.298429 0.0939402 
2.91708 2.53423 2.40771 2.26613 2.06737 1.77329 1.45373 1.14941 0.863414 0.607039 0.31894 0.0827211 
2.98755 2.62747 2.58272 2.33742 2.16667 1.91701 1.64821 1.30818 0.881967 0.572473 0.311011 0.0963528 
2.72029 2.20015 2.07006 1.99168 1.82499 1.55755 1.2887 1.07481 0.845254 0.632454 0.339855 0.0781946 
3.13353 2.04475 0.898983 0.245864 0.60737 1.66379 2.32726 2.14589 1.18455 0.32906 -0.0251124 -0.0225737 
2.86702 2.16377 1.80714 1.57936 1.88578 2.03818 1.63003 1.10084 0.83024 0.658609 0.36985 0.087888 
2.74213 2.1175 1.9785 1.9356 2.4587 2.21417 1.31471 0.696998 0.853413 0.916679 0.548533 0.0977154 
2.59591 1.50717 1.90766 2.15507 2.37601 1.71899 1.57449 0.760848 0.559624 1.21397 0.758434 0.0595742 
1.79189 0.180992 2.06428 1.77819 1.98667 1.48039 2.0086 -0.541753 0.463072 0.902872 0.365733 -0.0190281 
