2.44028 -0.676014 1.05271 -0.203784 0.535156 0.23824 1.26365 -0.346166 0.715117 -0.104717 0.299379 0.0319189 
2.17883 -0.166225 1.20483 -0.427281 0.92195 0.527464 0.799425 0.134752 0.242969 0.376495 0.227831 -0.042883 
2.19226 -0.722779 0.974362 -1.00535 0.564801 -0.0837226 0.551445 -0.501216 0.521998 0.461265 0.334242 0.017611 
2.29105 -0.764475 1.26316 -0.379943 0.520717 0.350581 0.791002 -0.0626993 0.114881 0.222273 0.255857 0.0363683 
2.33561 -0.461423 1.59712 -0.572852 1.15524 0.280098 0.650435 -0.23214 0.575718 0.21825 0.207824 0.0479376 
2.36008 -0.647177 0.632561 -0.276664 0.609037 0.864988 0.714718 -0.706415 0.287889 0.0394957 0.209794 0.0440858 
2.11001 -0.652905 1.13517 -0.216913 0.865968 0.512911 0.589538 0.149364 -0.186127 0.353263 0.183611 -0.0243651 
1.85789 -0.315415 0.928183 0.453676 1.06611 0.200213 0.576187 -0.999884 0.72949 0.150376 -0.0630352 -0.0804443 
1.95362 -0.154934 1.96787 0.716388 1.15898 0.359459 1.05223 -0.397952 -0.00824832 -0.202489 0.336826 -0.0229047 
1.871 0.106336 1.02403 0.419753 0.858779 0.0727408 0.496652 -1.10208 0.2214 -0.0844437 -0.0133283 0.047231 
1.73255 -0.424512 1.24517 -0.311842 1.59537 0.836663 0.675658 0.00860497 0.157946 0.199934 0.216358 -0.0354893 
1.94497 -0.564598 1.2682 0.156163 1.19947 0.315642 -0.124972 -0.283945 0.447512 -0.0176218 0.0876945 0.0318369 
1.90241 -0.367572 0.996607 0.0801144 1.37274 0.388304 0.0278285 -0.884713 0.457016 -0.0544901 0.0422227 -0.00471703 
1.42943 -0.733947 1.29505 0.889941 1.47412 0.731784 0.729731 -0.446325 -0.0290389 0.00564663 0.305484 0.03006 
2.18183 -0.328381 1.52167 -0.377417 0.819711 0.350773 0.491292 -0.163006 0.639981 -0.0824605 0.240471 0.0918491 
2.58286 1.13314 2.28475 0.608263 1.70338 1.30094 1.17526 0.362404 0.363457 -0.0219382 0.179031 0.0447106 
2.95308 2.4107 2.52826 2.15269 1.90011 2.10536 1.45956 1.09207 0.979089 0.445321 0.384028 0.102283 
3.29604 2.96798 3.48954 2.85369 2.90564 2.16303 1.97694 1.69599 0.753807 0.471336 0.295442 0.105263 
3.11441 2.70825 2.7792 2.78387 2.38614 0.691647 1.15823 1.14877 0.346195 0.222888 0.537918 0.0897277 
3.27258 2.57886 2.62426 2.12052 2.14699 1.03092 1.94663 1.20467 0.132136 0.152505 0.542609 0.0917509 
3.01926 2.59275 2.42734 2.35231 2.0316 1.53769 1.46488 0.917369 0.579197 0.362872 0.348369 0.0718819 
2.77507 2.29357 2.05118 1.84947 1.68885 1.51802 1.25295 0.994275 0.719604 0.487563 0.273279 0.0591711 
2.47242 2.56335 2.0003 1.83275 2.02204 1.05472 1.73231 0.632152 0.977342 0.440872 0.321014 0.0648485 
1.63422 3.24196 1.51808 1.63481 2.24589 0.7067 2.57369 0.235936 0.508856 0.390671 0.276032 0.0692852 
1.68298 2.41549 1.6666 0.549172 1.74465 0.738092 3.15388 0.879122 0.017807 -0.404041 0.249357 0.0078557 
3.51888 2.42705 2.26647 2.30246 1.27955 0.810559 1.64107 -0.0110545 -0.756724 -0.294759 0.0491528 -0.0403154 
3.96542 2.43912 2.56042 2.28652 1.02514 0.572025 1.15206 0.0439857 -0.958931 -0.719348 0.0912984 -0.0339377 
4.49528 2.75681 2.55559 2.03732 1.40965 1.02721 1.12902 0.439564 -0.989744 -1.21952 0.0720365 0.015286 
5.4346 1.88106 2.7793 1.8748 2.23203 -0.685161 2.48261 -0.232852 -0.859189 -1.15065 -0.224574 0.166154 
3.90212 2.64005 1.74569 1.70289 1.20501 0.479712 0.678925 -0.266171 -0.77033 -0.841617 0.107519 0.00911576 
3.84777 2.39069 2.07491 1.63923 1.13466 0.0658516 -0.116274 0.00569113 -0.853049 -0.690601 0.05937 -0.0063252 
3.84003 2.71794 1.59289 1.32465 0.905162 -0.197017 0.228368 0.1524 -0.495299 -0.748791 0.0279517 -0.00375022 
3.8982 2.66683 1.64169 1.17621 1.22046 0.347065 0.716029 0.0729734 -0.772896 -0.795853 0.0748312 0.010601 
5.01339 2.25309 2.06932 1.2255 2.9965 -1.35435 1.39382 0.0386601 -0.718625 -1.17642 -0.24058 0.190809 
4.45251 2.5995 1.58011 1.87119 2.50268 -0.821197 1.41242 -0.0545281 -0.558316 -1.1377 0.106502 0.148425 
4.7789 2.27745 1.23149 2.4626 2.81052 -1.01226 1.11829 -0.31783 -0.184892 -1.12534 0.200521 0.227961 
4.46552 2.27923 0.980507 2.34805 2.56938 -1.08001 1.492 -0.162643 0.415507 -0.847533 0.35259 0.220775 
5.12359 2.13941 0.184589 2.93207 2.01561 -1.87577 2.57161 0.461339 0.825033 -0.257955 0.478965 0.230201 
5.18227 2.57698 0.659121 2.23102 1.99187 -0.214667 2.01509 1.04587 1.08075 0.274949 0.224664 0.0951713 
4.43361 2.69452 2.34033 2.69826 1.32917 -0.160698 1.04166 1.78248 0.283816 0.11718 0.578722 0.202028 
3.9289 2.47104 2.44411 2.41097 0.88858 0.148682 1.02464 1.825 0.669679 0.175647 0.672288 0.174406 
2.86715 2.40305 2.13499 1.90095 1.66699 1.37687 1.19679 1.05453 0.801308 0.58635 0.35468 0.0599459 
2.83643 2.34316 2.07811 1.8243 1.57234 1.40195 1.25913 1.09433 0.892929 0.62202 0.345796 0.0619592 
2.82963 2.37029 2.13527 1.93738 1.74283 1.53311 1.36075 1.11899 0.835589 0.569986 0.305642 0.0663153 
2.78495 2.30042 2.07682 1.86474 1.65753 1.43675 1.21312 0.98579 0.762416 0.53478 0.315643 0.0582804 
3.56678 3.2019 2.80101 2.19953 1.74051 1.39213 1.11857 0.981918 0.872516 0.713288 0.441719 0.122783 
3.37656 3.17192 3.10871 2.77714 2.53729 2.31597 1.87867 1.45619 1.07535 0.621234 0.283247 0.121731 
3.12278 2.68598 2.63337 2.43598 2.16798 1.99639 1.61303 1.25848 0.965577 0.644999 0.306865 0.109759 
2.75507 2.36782 2.20643 2.07103 1.83673 1.69815 1.37834 1.06367 0.82622 0.627895 0.333276 0.0756293 
3.92899 2.83165 1.0839 -0.284763 0.246354 1.52944 3.02779 3.08831 1.30848 0.471156 0.136263 -0.05005 
3.89505 3.20383 1.8961 0.108046 -0.341402 1.33958 2.96854 2.41538 1.10755 0.309835 0.164699 -0.0639825 
2.46186 1.6711 2.55023 0.708332 1.07887 1.89348 2.2352 1.12261 0.94074 0.75517 0.0342907 0.0179708 
1.8949 0.878676 2.90823 1.04402 1.98025 1.95735 1.24464 1.66442 0.694707 0.764605 0.228619 -0.00812495 
1.61659 0.33502 1.51003 1.12766 1.51032 0.883648 0.528902 0.0190116 0.917493 0.741107 0.0834418 0.00181374 
1.1959 0.889312 1.62921 0.972964 1.36919 0.901158 0.864858 -0.0505913 0.940514 0.718536 0.150683 -0.00467579 
1.50221 0.409139 2.40407 0.936949 2.34539 1.0395 1.6661 0.0791378 0.351771 0.277546 0.0345645 0.0749186 
1.44931 0.730905 1.36301 1.17173 2.1368 1.78894 0.980355 0.221947 0.504167 0.174143 0.127434 0.0333576 
1.17199 0.0182715 1.73 0.57396 1.49383 0.979062 1.75524 0.517079 0.806385 0.401622 -0.125077 0.0427063 
1.0892 0.41166 1.3525 0.420309 0.873785 0.814309 1.73707 0.958014 0.235057 -0.116563 0.260012 0.00687009 
1.09173 0.257616 0.747007 0.282231 1.59618 0.511091 1.28766 0.375591 -0.178253 -0.325031 0.0549821 0.0650664 
1.17033 0.10892 1.19402 0.115355 1.18186 1.08002 1.46819 -0.0033032 0.278693 0.395603 0.221708 -0.0382906 
1.34836 0.173004 1.30802 -0.148423 0.75917 0.471529 1.13571 0.656878 0.547485 -0.13468 0.445156 0.0136028 
1.58623 -0.0886804 1.5134 0.858021 1.003 0.136113 1.38055 -0.0381972 0.0327914 -0.10789 0.0141331 0.100516 
1.07349 0.140755 1.2615 0.439599 1.14856 0.494302 1.07053 -0.66102 0.394752 0.0537453 -0.0447618 0.00152213 
1.08507 -0.186338 1.44341 0.56664 1.24936 0.589489 1.34285 -0.217563 -0.0233054 -0.197616 0.158737 0.0772238 
1.38545 0.0837006 1.38279 -0.331378 0.853024 0.598279 0.340782 0.255079 -0.0742464 -0.0374652 -0.187754 0.0176954 
1.50229 -0.255694 1.53084 0.196732 0.628721 0.0393073 0.653434 0.0666468 -0.0122724 0.370969 0.17448 0.0224287 
1.19812 -0.171089 0.617521 0.398214 0.851874 0.902392 1.08751 0.088518 0.114978 -0.39042 0.301719 0.0831185 
1.36171 0.00869912 1.03208 0.256374 1.2217 -0.334649 1.02846 -0.774981 -0.0272062 0.0473477 -0.279197 0.0331639 
1.32335 -0.0707476 0.960046 0.0439775 0.770194 0.442931 0.905529 -0.274737 0.572414 -0.0114504 0.110155 0.026523 
1.28131 -0.0684258 0.814772 0.0953729 0.132396 -0.543205 0.747817 -0.0458983 -0.18267 0.230064 0.0454443 -0.044559 
1.13573 0.37656 0.95948 -0.147396 0.867258 0.331966 0.780186 0.0706648 0.163804 -0.0232308 0.381322 0.015322 
1.57832 0.0385478 0.930219 0.0988004 0.553864 0.144075 0.511916 0.0749209 0.0114362 -0.242794 0.0461194 0.0127287 
1.50106 0.254448 0.891598 -0.346056 0.875876 0.433316 1.02249 -0.079548 -0.0172795 0.0978771 0.222504 0.0882848 
1.46773 0.404759 1.18799 -0.113413 1.06063 0.923897 0.803864 -0.611698 0.0611474 -0.222625 0.128575 0.0746181 
1.2633 0.3963 0.680833 0.668291 1.47678 0.68089 0.835583 -0.059218 0.273972 0.0891103 0.127355 0.0553887 
1.25488 -0.266894 0.782284 -0.062107 1.19769 0.524534 1.3846 -0.00695024 0.0969365 0.0280805 -0.2213 -0.0114591 
1.31462 0.0165705 1.20981 0.291711 1.14958 -0.204986 1.05056 -0.0667873 0.0374062 -0.159686 0.212264 0.0521498 
1.51745 0.210274 1.22457 -0.414069 0.866782 0.41755 1.28685 0.0683316 -0.309775 -0.0455355 0.21922 -0.0573475 
1.37918 -0.00403424 0.944638 0.600749 0.673581 -0.196469 0.815798 -0.034536 0.250238 -0.00534317 0.12756 0.00750775 
1.45347 0.266362 0.579716 0.701927 0.601671 0.136518 0.739157 -0.643062 0.332855 -0.013689 -0.216301 0.00896434 
1.49583 0.453726 1.22909 0.503631 0.96733 0.690648 0.0941885 0.134048 -0.0539122 -0.0898246 0.22587 0.0465927 
1.29574 0.310556 0.955461 0.216677 0.719872 0.777463 1.16252 -0.0758445 0.332292 0.0293919 0.00433212 -0.00513015 
1.31345 -0.0685296 0.781909 -0.0632662 0.740544 -0.158173 1.48745 -0.48178 0.795128 0.27753 -0.1679 0.0245459 
1.26974 0.474987 1.33848 -0.0533125 0.672824 0.419516 1.4307 -0.53646 0.642233 -0.0685845 0.169926 -0.00785831 
