1.49003 -0.39412 0.0555042 1.02527 -0.281398 0.441494 -0.588598 -0.0666925 -0.0612385 0.617473 0.412852 -0.0205862 
-0.130904 -0.581944 1.78434 -2.72791 2.4661 -0.145616 0.0162412 0.054302 -0.146032 0.468787 0.274217 0.0368693 
-2.49162 -0.817473 5.89974 -3.50461 2.244 0.681636 0.428787 1.03111 -0.313886 0.159565 -0.00298912 0.0114419 
-0.879448 -0.462686 3.58558 -4.1576 3.08655 0.383804 -0.471417 0.0347342 -0.201672 0.158404 -0.119431 0.0203072 
1.94837 -3.06172 3.15452 1.51532 0.371934 -0.37341 3.76942 3.6354 -0.268124 -0.297933 0.118602 -0.0529539 
1.94023 -0.25696 1.59479 1.76698 3.3547 -0.665005 2.49604 1.29693 1.19295 -0.322188 -0.118294 0.189253 
-3.88234 -2.53884 2.29831 2.52891 1.84844 -3.22331 1.44813 -0.0638287 0.315492 0.0461959 -0.347812 -0.00506975 
-1.50999 -1.70383 2.20113 1.28861 0.35543 -1.10656 1.42033 -0.858358 0.0666839 0.367615 -0.225733 -0.0773039 
1.38636 -0.0760804 0.478191 1.12914 2.48305 -0.413708 1.44504 -0.239779 0.338947 -0.274453 -0.196113 0.0119434 
2.27701 -0.827751 0.837195 -0.582645 0.748987 0.910366 1.05421 -1.16722 0.218998 0.21603 0.269703 -0.0558652 
2.4325 -0.514 0.41287 0.0974921 1.3434 0.639188 0.535285 -1.12947 0.244806 0.446598 0.387888 -0.00152236 
2.64425 -0.279405 1.39503 -0.633028 1.63615 -0.0529007 0.133024 -1.13835 -0.0228663 0.338262 0.521724 0.0173829 
2.5458 -0.494686 0.921986 0.387641 1.69905 0.926399 -0.315836 -0.82018 0.361437 0.52609 0.353421 0.0484829 
2.6083 -0.371795 1.19921 0.191472 1.93062 0.486883 0.0458961 -0.770225 0.165685 0.43287 0.116138 -0.0196828 
2.53035 -1.20545 0.989498 -0.0854029 1.04115 0.591364 0.191062 -0.8327 -0.198244 0.325598 0.520301 -0.0213508 
2.85068 -0.862578 1.33096 0.0744589 1.1475 0.609366 0.669825 -0.73305 0.424871 0.629388 0.416529 0.028674 
2.64051 -0.79231 0.850454 0.140479 1.59672 0.231147 1.29807 -0.601294 0.137999 0.396883 0.416978 0.0741864 
2.44592 -0.633724 0.807551 0.20156 1.13039 0.283283 -0.0184572 -0.599214 0.357711 0.346756 0.552906 0.086425 
2.46887 -1.01805 0.797439 0.136207 0.448287 0.0588573 0.00797986 -0.404379 0.0745325 0.306441 0.666774 0.0898706 
2.26068 -0.713682 1.06827 0.577889 1.30043 -0.0454093 0.528574 -1.26928 0.642742 0.272573 0.365043 0.0972433 
2.41445 -0.530822 1.46966 0.0573128 1.52202 0.199656 0.740424 -0.416383 -0.136638 0.730844 0.249691 -0.00841922 
2.19765 -0.703378 0.665747 0.406472 1.85619 -0.410159 0.141045 -0.337064 0.160759 0.603107 0.501178 0.0588242 
2.2077 -1.06035 1.42627 0.0704852 1.13928 0.939089 0.988333 -1.094 0.0493622 0.29023 0.350706 0.00620422 
2.41033 -0.951157 0.904722 0.367724 1.30346 0.427115 0.204133 -0.309876 -0.108007 0.484358 0.500714 0.0463781 
2.08491 -0.934504 1.27321 0.694817 1.76195 0.0241302 0.072418 -0.908514 0.0677911 0.0525615 0.283901 0.01927 
1.99546 -1.05222 0.6613 -0.297836 1.8006 0.0909239 0.686482 -0.616336 0.326324 0.631576 0.236001 0.057402 
1.88051 -0.961329 0.834784 0.383285 1.44025 0.24898 0.170794 -0.595712 -0.173296 0.254532 0.0471214 -0.0401048 
2.10377 -0.804304 0.728449 -0.652058 1.82424 0.396675 0.864411 -0.479168 0.129953 0.509456 0.247512 -0.00732211 
2.21063 -1.13448 1.33561 0.257616 2.01349 -0.0427246 0.647568 -0.34021 0.195292 0.557271 0.314362 -0.00520851 
1.8695 -1.00229 1.19202 -0.108382 1.20544 0.828635 0.125117 -1.61769 0.222734 0.493297 0.103099 0.0412402 
2.02769 -0.87877 0.745536 -0.220406 1.01089 -0.418524 0.356832 -0.901125 0.263327 0.0625861 0.388366 0.0804667 
1.88601 -0.738468 0.50561 -0.0176874 0.934445 -0.815388 -0.538098 -1.55455 -0.490104 -0.103062 0.292094 0.0505268 
2.05119 -1.21606 0.615799 0.03875 0.996444 -0.399158 0.0470255 -1.33538 0.676853 0.185381 0.29116 0.0273732 
2.06367 -0.714101 0.774774 -0.0900241 1.58954 -0.0493765 0.369537 -0.920316 0.323322 0.37375 0.232558 -0.00946145 
2.2294 -0.760214 1.4244 0.245485 1.76961 0.0556384 0.678461 -0.603705 0.593796 0.442511 0.0470128 -0.0510473 
2.1582 -0.615682 1.27123 -0.0648096 1.19473 0.345716 0.236526 -0.228342 0.658054 0.106301 0.4461 -0.0240726 
2.15335 -1.02943 0.978304 0.162288 1.59875 -0.163864 0.458739 -1.42423 0.442234 0.446084 0.352569 0.0915763 
2.53295 0.8825 1.41484 1.88236 1.34655 0.917664 0.919919 0.221655 0.190625 0.381316 0.2229 -0.0218253 
2.88948 2.47749 2.33477 2.11802 1.87514 1.63842 1.23132 1.0285 0.811236 0.461039 0.262498 0.0701511 
2.93368 2.53345 2.37515 2.20787 1.97887 1.68906 1.37137 1.03736 0.723432 0.497078 0.28905 0.0718602 
2.94929 2.55984 2.39867 2.25211 2.02633 1.73705 1.42229 1.06164 0.772251 0.513203 0.28287 0.0778645 
3.08221 2.76197 2.63094 2.44489 2.15439 1.79767 1.44541 1.08519 0.755748 0.512884 0.293449 0.084765 
2.99349 2.6301 2.48414 2.3272 2.07276 1.76058 1.38858 1.10514 0.818566 0.52638 0.312915 0.0846467 
2.86183 2.4344 2.30923 2.08945 2.12003 1.718 1.24724 1.1201 0.906911 0.550614 0.279861 0.0842678 
1.97891 -0.482892 4.29311 1.7619 0.328528 2.93282 1.25653 1.99341 1.18452 -0.0330455 0.16984 0.145776 
1.82122 1.27406 3.39631 1.15702 1.67266 2.42771 1.27597 1.38716 1.21028 0.301092 0.355401 0.0936025 
-0.0585929 1.14431 2.6378 0.063843 2.56007 0.781926 1.93641 4.09686 1.21422 -0.217583 -0.144248 0.0916979 
1.77565 2.51908 1.56786 0.616784 1.75004 -0.113936 1.91566 2.66862 0.160543 -0.568402 -0.100218 -0.0191641 
3.63239 2.94327 2.48808 2.69998 2.18723 1.31618 0.853278 0.767149 0.19851 -0.310617 -0.0470239 -0.0255009 
4.18641 2.50983 2.01001 2.88148 2.57706 0.325087 0.671752 1.20615 -0.132053 -0.841767 -0.100064 0.0210994 
4.73833 2.63818 1.93862 2.46394 2.61342 -0.211967 0.0775563 0.995086 -0.531484 -0.982259 -0.115058 0.0453459 
4.5988 2.7626 1.25741 2.07891 2.57781 -0.779483 0.27268 0.713842 -0.336305 -0.774982 -0.256195 0.0226511 
3.86135 2.23576 1.99939 2.02933 2.08133 0.202925 0.269862 0.788417 -0.459544 -0.546768 -0.119297 -0.00877116 
4.55721 2.41642 1.32731 1.964 3.06041 -1.15034 -0.016453 0.755957 -0.358192 -0.751209 -0.117958 0.102417 
5.13563 1.99646 1.80773 1.5609 3.67456 -0.695035 -0.0619838 1.048 -0.351444 -0.722887 -0.184035 0.0986882 
4.48243 2.53207 1.4975 2.2712 3.10084 -1.31568 0.489346 0.7935 -0.248987 -0.403102 -0.0715329 0.131679 
3.90648 2.0468 1.30881 1.84169 1.69191 0.402091 0.687434 0.863163 -0.178581 -0.40954 0.118413 0.0708323 
4.16676 2.57922 0.906756 1.6636 2.2247 0.173864 0.125126 0.399888 0.173509 -0.437291 0.0107326 0.0252741 
4.96379 2.20664 0.925967 1.75059 2.54918 0.151707 -0.317199 0.964826 -0.0774398 -0.755498 -0.0322204 0.10678 
4.84755 2.12041 0.924594 1.70334 3.32298 -1.19452 0.493872 0.858873 -0.233476 -0.577517 -0.189689 0.152381 
4.68042 2.32372 1.37461 1.71223 3.03308 -0.650905 0.641515 0.90508 0.0681416 -0.679352 -0.00406371 0.144007 
4.60737 2.12822 1.02475 1.76157 3.15654 -0.449793 0.325011 0.808678 0.280893 -0.423781 0.072093 0.140286 
4.89441 2.74923 0.904965 1.71996 3.61022 -0.690146 0.415902 0.671327 0.297693 -0.297561 -0.0403518 0.131724 
3.66053 2.69593 2.25666 1.71323 1.07333 0.340851 0.584596 0.829318 0.142233 -0.117388 0.161867 0.0363495 
3.29122 2.63707 1.93134 1.52554 1.12959 0.655993 0.579555 0.467339 0.440598 0.260486 0.208263 0.0460188 
3.60597 2.74987 1.95748 1.54514 1.29742 0.162653 0.770428 0.675817 0.542656 0.329684 0.000544332 0.0220331 
4.16127 2.33733 2.1565 0.912072 1.65881 -1.60814 1.50272 1.63285 1.10939 0.288774 0.238991 0.152265 
3.09595 2.52902 2.04331 1.63069 1.28853 1.1517 0.99907 0.849455 0.781965 0.648326 0.47219 0.0764456 
2.77647 2.29582 2.07882 1.87118 1.64664 1.43552 1.25605 1.08018 0.872201 0.601221 0.321822 0.0627961 
2.82937 2.33406 2.07229 1.86473 1.62481 1.45427 1.29681 1.13397 0.902386 0.653612 0.376421 0.0701692 
2.97738 2.55994 2.25048 1.94672 1.69476 1.49303 1.35723 1.18803 0.952108 0.725259 0.391967 0.0894105 
3.22613 2.89024 2.75231 2.62236 2.37609 1.9999 1.69647 1.26646 0.970926 0.591754 0.221424 0.0958697 
4.22435 3.74032 3.98987 3.18418 2.44212 2.37322 1.70825 1.23484 1.2696 0.830849 0.181106 0.0983599 
3.42635 2.96677 3.47663 3.48619 3.16191 3.02921 1.87675 1.11682 1.19109 0.665668 0.191567 0.107439 
3.35229 3.13198 3.56167 3.27199 3.29855 2.79495 1.98015 1.48326 1.05741 0.632455 0.215913 0.114127 
3.43603 2.93276 2.45279 2.00479 2.0147 2.40174 2.65463 2.01356 1.04394 0.401219 0.0814938 0.0813312 
4.10747 2.83271 0.892264 0.0991152 1.07161 2.59498 3.41582 2.51248 1.16321 0.340466 -0.0260628 0.00670093 
3.04682 2.51337 2.52809 2.5781 2.38421 2.02736 1.83955 1.3102 1.04299 0.699842 0.375275 0.125825 
2.81682 2.30813 2.48432 2.29641 2.04993 1.92984 1.62619 1.1163 0.938471 0.831502 0.45772 0.112748 
2.89446 2.03894 1.94776 2.3368 2.1861 1.94381 1.50343 0.982833 0.938296 0.954252 0.580177 0.110985 
2.19067 1.00012 2.98833 1.82247 3.32052 2.48936 1.12353 0.749751 0.638559 1.00458 0.692553 0.0410171 
1.99966 -0.325581 1.93947 0.672929 2.06719 1.35418 0.660844 -0.447861 0.792179 0.39239 0.223562 0.0266768 
1.34527 -0.875018 1.04724 1.0333 1.29783 1.10111 0.641624 -0.655267 0.297823 0.537415 0.437247 0.016689 
1.43069 -1.00587 1.38576 0.328084 1.51633 1.20994 0.611277 -0.663186 0.0544387 0.546001 0.44065 -0.0188158 
1.7604 -0.575815 0.714019 0.469157 2.1455 0.387312 0.230577 -0.912171 0.293904 0.208013 0.462085 0.0727529 
