2.34633 -0.554187 0.725352 -0.410015 1.0269 -0.182185 1.10685 -0.249463 0.412755 0.347483 0.376072 -0.0283615 
2.32732 -0.563099 0.902639 0.293067 0.976851 -0.543944 0.834094 -0.0598641 1.04434 0.454738 0.278645 0.0236299 
2.39863 -0.775501 0.496145 -0.245021 0.769365 -0.193555 0.665338 -0.461046 0.415171 0.726447 0.372424 0.0259259 
1.9321 -0.929625 1.10734 -0.660459 1.34166 -0.152649 0.320355 -0.510994 -0.0508838 0.242984 0.335761 0.00377367 
1.94905 -1.10716 1.02928 0.422702 0.785201 0.18375 1.05653 -0.936048 0.732317 0.653602 0.256104 -0.014694 
2.04248 -1.01504 1.33562 0.0381591 1.02298 -0.102692 0.3316 -0.505788 0.218165 0.321362 0.406656 0.040386 
1.93959 -1.13742 1.26588 -0.15108 1.67689 -0.111342 0.0797926 -0.453246 -0.0825449 0.531626 0.442041 0.0092696 
1.98786 -1.33686 1.03957 -0.482945 1.48988 -0.158798 0.332442 -0.699116 -0.235448 0.14705 0.231679 0.103247 
1.96401 -1.2937 0.280751 -0.359089 0.982626 -0.38284 0.0816809 -1.00364 0.158224 0.413908 0.316904 0.065471 
1.92254 -1.16873 1.38247 -0.361303 1.50767 0.111187 0.417376 -0.746702 0.159635 0.477411 0.382145 -0.0454572 
1.79256 -0.79344 0.917011 0.484524 1.29913 0.114009 0.226301 -0.908559 0.645752 0.178887 0.382021 -0.0432403 
1.91336 -1.26193 1.58888 -0.244431 1.62844 0.272061 1.03938 -1.0434 0.371823 0.650563 0.287911 -0.0255218 
1.87589 -0.999916 0.993213 -0.382923 1.03403 -0.127619 0.322858 -0.77361 0.00796541 0.319613 0.333855 -0.0162089 
1.94668 -0.876762 1.30105 -0.424308 1.32941 0.262415 0.942782 -0.661871 -0.00969018 0.684634 0.442962 -0.0226419 
1.94269 -1.0881 1.08807 0.732326 0.985508 0.240233 1.14223 -0.740288 0.421027 0.107951 0.131163 -0.00344815 
2.08165 -0.529996 1.32609 0.568284 1.02731 -0.163132 0.630265 -1.5758 0.272834 0.254088 0.113647 -0.036428 
2.17145 -1.13552 1.14995 -0.0842528 2.39243 -0.108725 0.483063 -0.730034 0.218887 0.417232 0.183926 0.0404706 
2.25859 -1.09049 0.970284 -0.129578 1.58665 -0.733129 -0.114368 -0.655054 0.515588 0.303589 0.232075 0.00509064 
2.10471 -0.51142 0.949481 0.797728 1.57943 0.536605 1.12767 -0.471167 0.257312 0.532507 0.492695 -0.0769258 
2.19683 -0.62414 1.43 -0.224729 1.83384 0.369995 -0.145614 -1.12887 -0.0907564 0.285722 0.24987 0.0667718 
1.87867 -1.13873 0.945683 -0.29571 1.6027 -0.337525 0.632934 -0.270392 0.235295 0.593736 0.446622 0.00496678 
2.3257 -1.23186 0.931918 -0.214441 0.559439 0.0319225 1.01128 -0.397719 0.207901 0.659045 0.445569 0.0352106 
1.78795 -0.864596 1.10263 -0.0628005 1.40099 -0.643628 0.909347 -1.11568 -0.127016 0.387756 0.166234 0.0618964 
1.96131 -0.371228 1.62194 0.844739 2.20957 0.933723 0.987386 -0.752947 0.55809 0.414429 0.408245 -0.000231385 
2.12588 -1.01527 1.40989 -0.134605 1.26972 -0.105159 0.716321 -0.969485 0.325792 0.576569 0.490094 0.112603 
2.37097 -0.937001 0.99485 0.508983 1.83401 0.515735 0.670527 -0.475611 0.612709 0.462357 0.306308 0.057894 
2.27729 -0.59434 1.44005 0.127833 1.06565 0.353363 1.07705 -0.419433 0.745697 0.776398 0.255942 -0.002001 
2.14595 -0.943569 1.10338 -0.216854 1.33411 0.388672 0.638433 -0.845641 0.444944 0.538433 0.156736 -0.00966933 
1.96156 -0.8895 1.09582 0.258279 0.547903 0.14164 0.540692 -0.41457 0.243575 0.741139 0.346189 -0.0817545 
2.34635 -0.347998 1.59775 1.449 2.06733 0.913757 0.855529 -0.197889 1.14568 0.607768 0.639695 0.0231055 
2.5719 1.98755 1.75175 1.52496 1.21655 1.07187 0.893289 0.649112 0.488942 0.327267 0.173431 0.0415823 
3.10263 2.76804 2.63934 2.49733 2.22351 1.90888 1.49616 1.13276 0.822028 0.51028 0.267073 0.0870851 
2.95449 2.56459 2.41405 2.20282 1.9283 1.58209 1.28514 1.00671 0.73233 0.475625 0.279193 0.0676365 
2.79668 2.36103 2.18356 2.01722 1.80906 1.55067 1.26553 0.955882 0.710457 0.47789 0.276106 0.0575094 
2.74583 2.27021 2.0694 1.88498 1.6715 1.4173 1.16632 0.904532 0.640293 0.432178 0.249082 0.0444713 
2.67265 2.16022 1.94313 1.76714 1.56403 1.3379 1.10682 0.867145 0.627142 0.419561 0.229912 0.0405664 
2.95472 2.53201 2.48071 2.36169 2.10321 1.72073 1.3548 1.13929 0.820733 0.556538 0.311828 0.0821565 
2.73107 2.41301 2.5884 1.85056 2.17411 1.85069 1.32433 1.38406 1.01242 0.429278 0.415855 0.0807676 
0.76519 3.38157 1.25481 -0.704616 0.72101 4.37319 1.71445 2.49141 1.37765 -0.28498 0.122473 -0.0200445 
0.139774 2.5256 1.15065 -0.0973413 0.503194 2.46736 1.59688 2.51783 1.25463 -0.36265 0.12621 -0.06438 
2.12597 2.90463 2.01206 -1.0054 1.82768 1.27353 1.11875 2.07167 0.908155 -0.521438 -0.0735817 -0.0856996 
5.13947 2.57196 2.42288 4.30832 3.13525 -0.453174 -0.287066 0.996954 0.39646 -0.791787 -0.279434 0.0474695 
5.09057 2.45549 2.23598 4.0622 2.04638 -1.03724 -0.390144 0.627039 0.184167 -0.789129 -0.160011 0.0757474 
4.17804 2.41842 2.1106 3.53617 2.19374 -0.868381 -0.671577 0.788577 0.183251 -0.787205 -0.149908 0.0383524 
3.50317 1.85679 1.89311 2.8332 1.59772 -0.551773 -0.202843 0.759528 0.137863 -0.535573 0.0274441 0.0423437 
3.45647 1.71799 1.98134 3.17735 2.12611 -0.12135 -0.0325349 1.08102 0.495234 -0.535307 -0.18218 0.0314841 
4.00974 1.66981 1.51658 3.18493 1.96902 -0.879842 -0.571063 1.09484 0.637443 -0.391289 0.0115604 0.109946 
5.13847 1.33102 1.56067 4.00967 1.96607 -1.92488 -0.84687 1.02986 0.492622 -0.311733 -0.0865472 0.14409 
4.7258 1.24526 1.19501 3.79837 2.05381 -1.45526 -0.7475 1.00451 0.834052 -0.194261 -0.0102081 0.14621 
3.88218 1.52291 1.97998 3.32347 1.43344 -1.58021 -1.04551 1.0717 0.741521 0.00638725 0.0929815 0.134898 
3.73095 1.62628 1.34284 2.82227 1.77537 -1.01394 -0.982869 0.976535 1.02151 -0.171358 0.0902689 0.0996783 
3.91128 1.62195 1.35541 2.95392 1.7262 -1.21291 -0.851033 1.04658 0.888451 -0.0421621 0.112448 0.118359 
4.97388 1.33581 0.894094 3.62205 2.11346 -1.43544 -1.03101 0.972347 0.910058 0.29532 0.293079 0.202439 
4.98781 1.45141 1.09677 3.70822 1.66929 -1.63234 -0.639891 1.50424 0.951101 0.211505 0.205609 0.201107 
5.35703 1.04229 0.645974 3.27399 1.76213 -1.61937 -0.14584 1.42965 0.762412 0.334488 0.439839 0.234957 
5.69699 0.821444 -0.331499 3.16388 1.8083 -1.52316 -0.147393 1.76907 1.1734 0.491115 0.357616 0.200156 
4.0962 1.46373 1.10405 2.44838 1.02764 -1.13409 0.0284694 1.92391 1.18051 0.253968 0.498353 0.194938 
4.18279 1.43628 1.57481 2.32341 0.487279 -0.898485 0.28315 1.86735 1.06316 0.0796258 0.419324 0.169016 
3.68671 1.89774 1.79769 2.64077 1.3855 -0.268134 0.45663 1.69952 1.01348 0.0520789 0.240006 0.109617 
3.18151 2.33915 1.86143 1.91453 1.76986 1.34246 1.20786 1.1264 0.741242 0.481908 0.425184 0.0742134 
4.76904 2.69166 1.01355 1.2317 1.81583 1.53465 1.19238 0.861148 0.601393 0.836257 0.599985 0.165977 
4.64885 3.00097 1.23977 0.79637 1.46642 1.95093 1.39846 0.51261 0.541322 1.10927 0.565893 0.162795 
4.82866 3.0507 0.906002 0.549823 1.5841 2.14579 1.40615 0.458885 0.551074 1.1379 0.650022 0.190312 
6.56072 3.08687 0.254399 0.396828 2.04008 2.799 2.19322 0.936279 0.5924 1.05338 0.622854 0.148314 
7.05645 3.51734 0.205357 0.0307372 2.59027 2.76981 1.58162 0.413379 1.01884 1.2697 0.812529 0.147028 
6.30902 4.13912 1.19532 0.306645 2.75938 3.16122 1.83292 0.772977 1.17863 1.57875 0.771328 0.143843 
5.42985 3.66717 1.08541 0.453595 2.36643 3.38125 2.3277 0.709465 0.905488 1.60416 0.423261 0.0983522 
4.88638 3.56438 1.69725 0.740026 1.40772 2.05525 1.75908 1.18613 1.09072 1.23876 0.290483 0.080451 
5.31149 3.96882 2.62285 1.31138 1.53708 2.02688 2.2861 1.77952 1.67342 1.44288 0.217813 0.0274994 
4.72231 3.87917 3.06616 2.02658 1.90227 2.25587 2.16684 2.48239 2.15132 1.17584 0.118519 0.0343735 
4.12195 3.47609 3.44455 3.11501 3.23498 2.76124 2.51381 2.26866 1.4365 0.822188 0.171498 0.114837 
4.80137 3.38919 3.18599 2.93061 2.81139 2.95499 2.34077 1.66059 1.80238 1.34521 0.149857 0.0674012 
2.88673 2.47063 2.35881 2.16883 1.98483 1.8317 1.51368 1.17955 0.903256 0.570851 0.320465 0.0838702 
2.71046 2.23191 2.02796 1.88547 1.73302 1.52802 1.27733 1.01698 0.82657 0.563403 0.324322 0.0692298 
3.89092 2.87721 3.73577 3.00733 3.13 2.55191 1.73982 1.64456 0.285905 0.801949 0.391822 0.0967719 
2.92929 2.57438 2.78918 2.38567 2.36504 1.91883 1.79046 0.893148 0.787492 0.518882 0.320514 0.0918075 
2.37526 1.48665 1.74605 1.7345 1.89771 1.52266 0.899298 0.560279 0.547322 0.531622 0.389808 0.0149853 
1.88363 0.15122 1.76873 0.827872 2.06866 0.934994 1.48365 -0.885585 0.853737 0.712041 0.416673 -0.0291967 
2.03479 0.27831 1.86925 0.220397 2.36179 1.06678 1.26615 0.301212 0.305204 1.14593 0.539432 -0.0756627 
1.9041 -0.421559 1.42324 0.581061 1.87958 0.737732 1.04253 -1.10901 0.764326 0.599454 0.349609 0.0471119 
1.72458 -0.725414 1.44158 0.395525 1.69748 1.26097 0.536481 -0.997071 0.0453107 0.718285 0.435262 0.0190266 
1.53686 -0.672524 0.925168 -0.180882 1.34447 0.74046 0.845587 -0.355528 0.423448 0.521836 0.428223 0.0481594 
1.59023 -0.695554 1.23276 0.694329 0.727206 1.19643 0.141626 -0.71866 0.874901 0.314668 0.582581 0.0484709 
1.64766 -0.970737 0.515938 0.391409 1.47707 0.486665 0.280294 -0.0943663 0.161035 0.297828 0.497131 0.0217205 
1.5552 -0.806622 0.680416 0.287485 1.25746 0.774402 0.212317 -0.484491 0.610856 0.366926 0.270345 0.000910457 
