1.71003 -0.707459 0.999574 0.230986 1.11023 -0.391689 0.615527 -0.765901 0.506191 0.280127 0.31476 0.046359 
2.03012 -0.999393 1.43198 -0.30156 0.818566 -0.515742 0.803226 -0.483737 0.151203 0.0548679 0.290038 0.0699326 
1.98015 -0.674331 1.293 -0.671652 0.887605 0.12117 0.0139532 -0.590538 0.424824 0.146568 0.213043 0.0680245 
2.04537 -1.06596 0.974019 -0.103918 1.72082 -0.11549 1.16068 -0.888361 0.224727 0.125399 0.0968628 0.037209 
1.95669 -1.01099 0.481273 -0.0542426 1.04345 0.350303 0.377583 -0.761695 0.53773 0.126422 0.202613 -0.0447379 
2.01549 -0.910416 1.02384 0.168045 1.0827 -0.106838 0.546122 -0.56041 0.479745 0.363426 0.428118 -0.00154093 
1.99595 -0.944456 1.08963 0.325915 1.66084 0.51951 0.566071 -0.79609 0.280021 0.257782 0.153373 -0.0417382 
2.24818 -1.18636 1.134 0.28217 1.94679 0.161716 0.687709 -0.292029 -0.496924 0.433085 0.271829 0.0454623 
2.09729 -0.700784 0.624264 0.0769118 1.71352 0.208167 0.871694 -0.437573 0.631018 0.011983 0.205656 0.0125677 
2.27426 -0.716151 1.50943 0.0507151 1.17589 0.322923 1.0489 -0.534991 0.247753 0.0670253 0.248389 -0.0377797 
2.1032 -1.22065 1.28742 -0.243467 1.16093 -0.289637 0.914174 -0.725906 0.421616 0.305233 -0.112397 -0.114812 
1.96217 -0.411348 0.834684 0.838473 1.05156 -0.184741 0.941529 -1.2431 0.0239336 0.270384 0.427427 -0.0388939 
2.19792 -0.582216 0.618481 -0.443323 0.785916 -0.560638 0.751224 -0.916666 0.353983 0.832301 0.300795 -0.0812712 
2.06647 -0.612748 1.04775 -0.546805 1.1346 -0.168632 -0.110301 -1.38387 0.177309 0.47226 0.0567071 -0.0191739 
2.11813 -1.32758 0.550585 0.125707 1.2318 0.4244 0.264161 -1.00144 0.272547 0.210012 0.169065 -0.0273449 
2.40926 -1.14947 0.64062 0.656359 1.86185 -0.0668288 -0.259655 -1.11071 0.961818 0.206878 0.0822571 0.0302448 
2.29645 -0.574284 1.34575 -0.55812 1.7978 -0.28758 0.531083 -0.302855 -0.00195155 0.271629 0.595757 0.018808 
2.30473 -0.487872 1.27438 1.23584 1.94994 0.918007 1.3709 -0.593764 -0.222728 0.151429 0.312103 -0.0665824 
2.48699 -0.550844 1.34249 0.196056 2.33859 0.126105 1.19762 -0.940264 0.237959 0.422084 0.150387 0.0266873 
2.42382 -0.618949 1.63674 0.0537262 1.16109 -0.208008 0.676996 -0.827758 0.0250673 0.458384 0.467423 0.0180138 
2.62429 -0.963531 0.914063 -0.98922 0.543633 -0.760358 0.46322 -1.15186 0.162323 0.233257 0.115375 0.149488 
2.47259 -0.469984 1.23181 0.259204 1.51325 -0.0265199 0.25316 -0.988809 0.685251 -0.142101 0.455445 0.0635257 
2.23337 -0.662235 0.956757 -0.165609 1.70115 -0.337408 0.316136 -0.293942 -0.0834058 -0.113895 0.20505 0.0214837 
2.00901 -0.889871 1.63314 -0.235421 1.31464 0.236352 0.39881 -1.08136 0.264167 0.312663 0.128798 0.0686829 
2.32345 -0.947091 0.991023 0.473653 1.38826 -0.117324 0.376609 -0.0212941 0.133691 0.288659 0.296624 -0.0501306 
2.25001 -0.488338 1.22085 0.521474 2.01533 0.29782 0.763154 -0.689068 0.199615 0.236818 0.232894 0.0158477 
2.08639 -0.963468 0.786678 0.281202 0.994749 0.284457 0.621908 -1.28679 0.65416 -0.0065804 0.0742615 0.068272 
2.00792 -0.908744 1.47593 -0.0131603 2.55759 -0.307373 0.602339 -0.707721 -0.110014 0.226585 -0.0739934 0.0626032 
-1.67742 1.29713 1.21293 -1.24804 2.54125 -2.58358 2.75494 -0.27426 -1.02019 0.705236 0.153026 0.123444 
0.743383 -0.767903 1.41051 -0.810593 2.47621 -1.79866 1.37097 0.194484 -1.28392 1.04174 0.533558 -0.123817 
2.2155 -1.11293 0.869007 0.0725085 0.776278 -0.789027 0.125312 -1.0008 0.133192 -0.134139 0.53625 0.0480858 
2.38273 -0.817573 1.12588 -0.0518049 0.955264 -0.219222 0.418334 -1.1153 0.384642 0.19553 0.541751 0.0618445 
2.22106 -1.33294 1.36559 0.440452 0.771299 0.229816 0.289571 -0.782685 0.127572 0.252234 0.430638 -0.00529064 
1.83069 -2.0108 1.06483 2.26224 -0.58051 -0.308969 1.42264 0.25172 -0.42866 0.300129 0.328931 -0.0623412 
1.46277 -3.68801 3.13871 5.22395 -1.85002 -2.26915 3.18192 1.45874 -1.29973 -0.462983 0.48106 -0.00742692 
1.89204 -2.89508 2.24604 2.85069 -0.417258 -1.59847 2.2848 -0.182337 -0.81982 0.348654 0.415998 0.0310883 
2.03117 -2.08336 1.60947 0.856391 0.391428 -0.0114705 1.26004 -0.920293 0.0711287 0.401282 0.19887 0.0113729 
1.65422 -1.25383 0.820181 -0.0539493 0.641611 -0.710168 1.40399 -0.240214 -0.0596878 0.764391 -0.0363778 -0.0309848 
2.04578 -0.961779 0.255223 -0.205447 1.57599 0.0785284 0.461733 -0.806903 0.0145408 0.269477 0.21863 0.0396455 
1.88608 -0.879405 0.664367 -0.0703638 1.51128 -0.0659478 0.498757 -1.19315 0.507324 0.151321 0.194819 0.0560629 
1.8921 -0.824888 0.455148 0.595665 1.70441 -0.389264 -0.263237 -0.445439 0.222851 -0.207137 0.32175 -0.0246624 
2.00007 -0.635201 0.636564 -0.721349 1.62774 -0.329547 0.123702 -0.00683068 0.167048 0.567298 0.42468 -0.0179594 
1.98808 -0.323637 0.731227 -0.94864 1.7861 -0.0760672 0.158999 -0.454999 0.0225907 0.486328 0.088724 -0.0209405 
1.75944 -1.18765 0.878675 -0.202837 1.78783 0.24811 0.484415 -0.81465 0.356573 -0.106849 0.00478308 0.0808423 
2.28002 -1.27348 0.898161 0.0207386 1.21042 0.282467 0.509459 -0.657488 0.509939 0.342339 -0.0308962 -0.0398033 
2.31775 -0.862757 1.25758 0.362534 1.9976 0.332667 0.258584 -0.61658 -0.292466 0.1681 0.193452 0.0379198 
1.84578 -0.598762 1.53459 -0.0362769 1.05613 -0.287796 0.36524 -0.904855 0.461717 0.181775 0.527103 0.073159 
2.16236 -0.520873 0.852244 0.238367 0.807364 0.132034 0.124399 -1.13547 -0.111513 0.54989 0.0109873 -0.0356171 
2.21033 -0.953538 0.318001 -0.468556 1.337 -0.616325 -0.014194 -0.87245 0.422813 0.303946 0.227972 0.120721 
2.28978 -1.24681 1.54348 0.0508722 1.83101 0.283024 0.154081 -0.972586 0.423064 0.317202 0.169279 0.000390987 
1.94019 -0.82844 1.30439 0.119786 1.85066 0.15138 0.252422 -0.607528 0.130662 0.0862329 0.549767 -0.0449632 
1.70877 -0.709286 0.9865 0.344775 1.57329 0.250065 0.886039 -0.433206 0.510447 0.433439 0.175759 -0.142062 
1.87017 -0.691777 1.26893 -0.144664 0.891794 -0.208345 0.408663 -0.798157 0.053573 0.695138 0.392796 -0.0176038 
1.83518 -0.552983 0.866115 0.174182 1.39193 -0.257006 0.946769 -0.86393 -0.0164313 0.345046 0.540011 0.01243 
1.99119 -0.830023 0.953813 0.319363 1.47112 -0.678475 0.414418 -0.0842058 0.372952 0.094074 0.304471 0.0551895 
1.76989 -1.20447 0.825953 0.301916 0.852457 -0.799775 0.336207 -0.714279 0.406468 -0.195652 0.299045 0.0626975 
1.72598 -1.14487 1.11048 0.598245 0.755834 0.0504684 0.836967 -0.599376 0.437796 -0.0526107 0.483199 0.0423084 
1.86424 -0.887317 1.01864 0.305815 1.4527 -0.659651 0.290594 0.0591124 0.462058 0.644234 0.306452 0.00575841 
1.97704 -0.416791 1.28291 0.732294 1.56333 0.589521 1.07818 -0.836813 0.26626 0.365786 0.420549 -0.0110254 
1.9554 -0.639787 1.38925 0.284322 1.83924 0.797861 0.619396 -0.40804 0.542141 0.266902 0.361543 0.0283831 
2.05019 -0.220517 1.40861 -0.00378488 1.33647 0.0651942 0.503719 -0.250268 0.601749 0.57239 0.400142 -0.0876664 
1.72991 -0.503517 1.34978 0.252783 1.65248 -0.528943 0.244341 -0.761976 -0.676529 -0.00549664 0.492061 0.0367826 
1.85412 -1.21413 1.30936 0.39671 1.4854 0.3956 0.694934 -0.643878 0.654767 0.646099 0.197611 -0.0839515 
2.10819 -1.02 1.37565 -0.0560684 0.783003 -0.0922614 0.742866 -0.7379 0.468496 0.506087 0.316758 0.0209923 
1.87645 -0.739374 0.502067 0.327031 1.41471 -0.0199013 0.478781 -0.119755 0.353336 0.068949 0.289555 -0.022277 
2.06515 -0.650937 0.875992 0.471342 1.38108 -0.157311 0.913479 -0.466034 0.321729 0.329503 0.384376 -0.0134612 
1.92983 -0.784461 1.32233 -0.156767 0.905502 -0.776271 -0.290257 -0.555046 0.58603 0.0353656 0.00654978 0.0191746 
2.12758 -0.927699 0.926783 0.198965 2.12057 -0.399583 0.625509 -0.450399 -0.0671903 0.14835 0.209933 0.0996543 
1.92731 -0.851749 1.04911 0.540477 0.77891 0.0010527 0.187663 -0.586364 -0.0326938 0.140346 0.544823 0.047396 
1.46563 -0.945166 0.886238 -0.039297 1.17987 -0.0866592 0.686007 -0.473499 0.212598 0.644374 0.20716 -0.0626816 
1.83139 -0.958254 1.47412 -0.605833 1.32937 0.61939 0.342667 -0.37003 0.392353 0.107281 0.24636 -0.0381204 
1.82683 -1.06111 1.12723 0.0969956 1.21036 0.943152 0.523835 -0.247337 0.635059 0.022106 0.332928 0.0394373 
2.17854 -1.08625 1.59899 0.683207 0.985046 0.876701 0.451767 -1.21588 0.588317 0.135109 0.0655228 -0.000736944 
2.11107 -1.17079 1.2966 0.101602 1.7319 0.0405262 0.593347 -0.562785 -0.0821565 0.181879 0.0258399 -0.0499794 
1.9216 -0.73201 1.02511 0.0445295 1.22422 0.20938 0.228557 -0.259205 -0.321704 0.102708 0.31409 -0.0545137 
2.21653 -0.762151 1.09634 0.574992 1.72386 0.362511 0.644948 -0.406307 -0.131684 0.289815 0.191358 -0.0901197 
2.08701 -0.737777 1.2871 0.0209442 1.76128 -0.238694 0.547177 -0.253251 0.240762 0.143998 0.215474 -0.0282543 
2.40635 -0.672332 1.04413 -0.330856 0.63687 -0.385993 0.606077 -1.16826 0.7437 0.729044 0.345473 0.105434 
2.18342 -0.821063 1.06906 0.0424827 0.666369 -0.180951 0.297932 -0.736691 0.449736 0.494851 0.672699 0.0524423 
2.42821 -1.0197 1.09608 0.0403827 0.366394 -0.12501 0.688668 -0.784954 0.662697 0.533058 0.456681 0.0298736 
2.24833 -0.467285 1.23715 0.202902 1.0332 0.0182025 0.373988 -1.44633 0.639455 0.041307 0.207147 0.0564558 
2.26377 -0.254401 1.28618 0.135494 1.14019 0.166764 0.196399 -0.858115 0.310433 0.394734 0.305177 -0.0336392 
2.49328 -0.776262 1.64365 0.244822 0.815348 -1.14633 0.472777 -1.31326 -0.12981 0.278905 0.508599 0.148749 
2.40351 -0.852854 1.30113 -0.27719 0.956701 -0.12014 -0.42388 -0.428537 0.147443 0.468231 0.426733 0.0271517 
2.51954 0.293522 1.52302 0.960633 1.16323 -0.0808956 0.584764 -0.827034 0.231188 0.213697 0.193461 0.00733828 
