3.43981 -3.95064 -1.86706 -0.295269 -0.551961 3.23642 4.1893 0.356133 -0.543475 0.642981 0.123673 -0.117211 
2.95385 -1.37201 -0.194798 0.131303 0.998979 2.33292 4.73363 0.324623 -0.474656 0.107991 0.161908 0.0176167 
2.74644 -0.562982 -0.0499977 -1.31805 1.31641 1.87351 2.38439 0.729934 0.538811 0.311014 -0.100666 -0.0424838 
2.12969 -0.197369 0.349462 -1.26987 0.806113 0.0613979 2.17388 -0.268975 -0.0273592 0.133507 -0.53482 -0.165407 
2.35954 0.425741 1.12218 -0.541267 1.08863 -0.256128 0.843554 0.191558 0.81336 -0.125138 -0.385264 -0.0975181 
2.24596 0.387455 1.04426 -0.61378 0.832438 -0.289376 1.04931 0.242501 0.758587 0.0184548 -0.00935211 -0.10521 
2.04349 0.311471 1.20467 -0.339421 0.953014 0.361872 1.73041 -0.273496 0.441984 -0.285601 0.0556182 0.0552079 
1.99004 0.158184 1.02322 0.0979752 0.973078 0.455227 1.27406 -0.567998 0.464882 -0.243559 0.0903246 0.0259628 
1.73473 0.724464 0.979708 -0.0571929 1.68404 0.66997 0.303274 0.0795696 0.719272 -0.368943 0.287948 0.0620064 
1.95887 0.522769 0.877191 -0.083998 0.686488 0.673527 1.69942 -0.862163 0.289293 -0.423445 -0.224871 0.0769322 
1.92548 -0.0321881 0.363045 -0.478914 0.792517 0.567469 0.838996 -0.25382 0.472942 -0.361836 0.0527406 0.0984178 
1.78866 -0.186007 0.500084 -0.6366 1.06419 0.214781 0.752263 -0.23536 0.307867 -0.112851 0.314963 0.0971578 
1.98283 -0.0380532 0.907924 -0.255594 1.12034 -0.126688 0.750321 -0.121568 0.284494 -0.0973209 0.138939 0.0639846 
1.97602 -0.421194 1.32589 -0.471872 0.931331 -0.77405 1.35131 -0.608275 -0.149239 -0.173862 -0.242104 0.0555555 
1.58149 -0.24404 1.00208 -0.596196 0.383392 0.181381 1.34953 -0.572665 -0.176377 -0.124146 0.0364946 0.0152805 
1.69196 -0.110543 1.09784 -0.00856592 2.35387 -0.188978 0.479921 -0.354216 -0.00938257 -0.0158943 -0.0576963 0.0251327 
1.84929 -0.137986 1.30678 0.0505268 1.32437 0.536827 0.697882 -0.18733 0.400505 0.326418 0.239531 -0.0190062 
1.68007 -0.00694692 0.920836 0.030134 0.789703 -0.303827 1.15134 -0.0509644 0.489169 0.157405 0.0978094 0.0986715 
1.47314 -0.444786 0.983158 -0.0146919 0.804787 0.0946403 1.36914 -0.231046 0.0647282 0.0540868 0.0594797 0.0201664 
1.67448 -0.173778 0.604151 0.03899 0.786893 0.736562 1.09825 -0.470865 0.49453 -0.198505 0.0312673 0.0470187 
1.75766 -0.443456 1.31212 -0.676027 1.2051 0.0336822 0.734414 0.192217 0.113321 -0.0262836 0.0757464 0.0298233 
1.76985 0.0993104 1.23397 -0.275246 1.11006 0.108028 0.969707 0.278599 0.593548 -0.0888604 0.230663 0.0367302 
1.84631 0.0238389 0.872278 -0.661943 2.15688 0.580514 1.09888 -0.580699 0.454711 -0.340666 -0.150801 0.0527917 
1.91357 0.348235 1.3278 -0.303372 1.92122 0.0994143 1.04662 -0.137133 0.292277 -0.117306 0.167643 -0.00443922 
2.66971 2.16168 1.94964 1.78804 1.63789 1.39858 1.17289 0.943607 0.684189 0.475776 0.276451 0.0471424 
2.94082 2.54294 2.4052 2.19224 2.01851 1.79445 1.48162 1.14617 0.78731 0.475214 0.28526 0.0803885 
3.91771 2.66696 2.83822 1.99478 1.65605 1.99379 2.01562 1.86929 -0.0406938 -0.696508 0.655415 0.130411 
4.01721 2.73315 2.68156 3.05225 2.59441 1.67515 2.10124 1.05788 -0.249738 0.0654255 0.605431 0.142316 
3.7714 3.25247 2.7469 2.48832 2.39332 1.71759 1.86158 1.19101 0.607732 0.245591 0.385205 0.0968941 
2.61028 2.72503 2.95607 1.50281 3.88814 0.683741 3.0082 0.96681 0.640216 0.214624 0.367054 0.152443 
0.781993 1.20861 0.986875 0.885861 1.53664 1.92842 2.82119 1.99951 0.476704 -0.00644643 0.604487 -0.148955 
2.00998 2.62704 1.7455 0.916138 0.922086 1.24967 2.6198 0.494786 -0.156814 -0.270797 0.300316 -0.0310554 
4.96465 1.7393 3.35055 2.89041 1.24169 -0.759582 3.90461 -0.196711 -0.262946 -0.872116 -0.0467265 0.0699789 
5.00622 1.93669 2.90514 3.01783 1.21178 -0.29718 2.7268 0.215379 -0.693292 -1.00279 0.0075706 0.017229 
4.58789 2.67121 2.60044 2.57506 0.714866 0.776298 1.60758 0.0381651 -1.13227 -1.0181 0.11432 -0.00519391 
4.76783 2.57571 2.42469 2.24202 1.13156 0.365137 1.58611 0.41817 -1.24888 -1.03501 0.117236 0.0424488 
5.67098 1.33403 2.93428 2.30516 1.81372 -0.999362 3.34962 -0.375163 -0.781451 -1.11969 -0.294806 0.201089 
3.80011 2.37868 2.27582 1.88462 1.31761 0.183051 1.20649 0.214653 -0.801587 -0.724058 0.229555 0.0343906 
4.42109 2.42884 2.30144 2.13367 1.38222 -0.346169 1.34055 0.176602 -0.727324 -1.01877 0.240394 0.0975324 
5.01011 2.41268 2.12331 2.2528 1.22153 -0.273562 0.484811 0.58567 -0.665468 -1.21777 0.0537109 0.109274 
4.36853 2.66742 1.82237 1.90276 1.30557 -0.550222 0.342599 0.182571 -0.601095 -1.04811 0.299626 0.121642 
4.38257 2.6766 2.16767 2.32721 1.36384 -0.569065 0.331865 0.180979 -0.603923 -0.825244 0.156529 0.0699231 
4.76121 2.75116 2.34824 2.78559 2.2648 -1.26806 0.757666 0.0294581 -0.109019 -1.26 0.114 0.158288 
4.75946 2.58852 2.11292 2.70947 2.12775 -1.35852 0.81396 0.0342247 -0.3725 -0.992754 0.327269 0.22826 
4.63417 2.6006 2.1835 2.68087 3.08061 -1.22746 1.76223 -0.391473 -0.0583501 -1.2034 0.104466 0.199214 
5.27158 2.15539 2.10304 2.51915 2.64688 -1.29329 2.41117 -0.500312 -0.173094 -1.09566 0.156618 0.313166 
4.38445 2.78711 1.39766 2.79627 2.14212 -0.44356 1.85867 -0.0300264 -0.00830589 -1.04321 0.527317 0.190259 
3.4456 1.94325 1.80336 1.9924 1.56166 0.264493 1.06077 0.644003 -0.0207312 -0.264476 0.321749 0.0779398 
3.30018 1.88641 1.50709 1.94558 1.32796 0.620071 0.726477 1.22903 0.513801 0.0672311 0.260237 0.0661118 
3.49484 2.59091 1.72149 2.43475 1.64841 0.208419 0.672811 1.41979 0.620255 -0.215931 0.194389 0.0634758 
4.44797 2.86841 1.07805 1.99785 0.964004 -1.10864 2.47464 1.02363 0.259768 -0.19251 0.274273 0.114167 
4.3794 2.71634 2.03939 0.653698 0.00680482 0.872218 1.49391 1.45543 1.14884 -0.293474 0.418469 0.0946212 
3.3626 2.65812 2.40503 1.90791 1.56708 1.29895 1.14722 1.42994 1.01894 0.576133 0.458831 0.0984303 
3.02972 2.60383 2.59701 2.28264 1.85409 1.63183 1.4113 1.25143 0.853442 0.502236 0.381854 0.0854606 
2.98339 2.46246 2.28469 2.19681 1.80658 1.30702 1.20096 1.2065 0.787799 0.464559 0.376696 0.0711811 
2.75557 2.27877 2.12806 1.95042 1.6822 1.453 1.30507 1.05349 0.70559 0.481423 0.309201 0.0571798 
2.76067 2.29833 2.09252 1.89813 1.74173 1.54272 1.25002 1.00346 0.767044 0.508937 0.28152 0.0621159 
3.27732 2.60176 3.11285 3.51499 2.35961 1.66347 2.13619 1.94977 0.714065 0.120518 0.403597 0.124049 
3.14174 2.88933 2.98249 2.83257 2.50526 2.38847 1.93805 1.29265 0.909077 0.628407 0.220101 0.107834 
2.72299 2.27733 2.11129 1.99033 1.78284 1.56327 1.31843 1.06793 0.828749 0.588531 0.343442 0.0707348 
2.95978 2.04928 1.14348 0.762877 1.16015 1.76897 1.98595 1.36139 0.618321 0.135044 0.106967 0.0298313 
3.25379 2.63069 2.37689 1.85702 1.75695 2.05802 1.99333 1.68777 1.35706 0.642233 0.138469 0.0927834 
2.90876 2.36223 2.30536 2.06325 1.61196 1.52131 1.53751 1.24393 1.06225 0.624097 0.36909 0.0851867 
2.97721 2.41025 2.97736 2.32744 3.06089 2.21175 1.54104 1.2402 1.32861 0.791798 0.00692039 0.108709 
2.5909 1.51392 2.23996 1.35857 1.88808 1.9092 1.76365 0.730887 0.576651 0.641851 0.088934 0.0351419 
1.80179 0.629844 1.60566 1.04077 1.56857 0.983153 1.26943 0.56595 0.345127 0.486295 0.0591123 0.00350619 
1.61668 -0.0556022 1.85628 1.29283 1.99493 1.02645 1.42121 0.633499 0.732625 0.587719 -0.0201594 0.00684975 
1.40338 0.329339 1.24893 -0.0806285 1.66531 1.33959 0.405261 0.531724 0.427796 0.195075 0.080522 0.0587745 
1.41073 0.188119 1.22285 0.518349 1.56154 0.926633 0.939884 0.422491 0.505857 0.329274 -0.00741533 0.00452609 
1.02386 0.170684 0.751585 0.240113 1.90243 0.989018 0.830149 -0.0904938 0.0895603 0.47084 -0.212549 0.00532839 
1.13753 -0.222824 0.619674 -0.375419 0.581424 0.425608 1.48837 -0.156723 -0.00199478 0.212672 0.213451 0.136412 
1.04625 -0.245726 0.363 0.913422 1.62057 1.79534 1.74241 0.0930282 0.100949 -0.104748 0.281475 0.048375 
1.36642 0.192937 1.23361 0.547348 0.754401 1.0423 0.916724 0.713796 -0.101164 0.025465 0.0883816 0.0596023 
1.45627 0.0121462 1.30904 0.287667 1.70427 0.741619 1.25371 0.097672 0.458678 0.158578 0.13053 0.0194462 
1.28561 -0.000697906 1.28335 0.0456915 2.01758 0.919156 1.32813 0.30873 0.453003 -0.0486213 -0.0573275 0.0496883 
1.36435 0.180557 0.696342 -0.934914 0.30169 0.375145 1.15569 0.453055 0.444641 0.29666 0.367927 0.0451906 
1.44984 0.45708 0.793649 -0.729067 0.96259 -0.0361183 0.283226 0.27903 0.305896 0.520491 0.262011 0.0546378 
1.46084 0.376483 0.71987 -0.21549 0.872741 0.321879 1.36766 -0.0362211 -0.539298 -0.345817 0.0344088 0.117642 
1.33837 0.124251 0.704558 0.118625 1.07018 1.03818 1.42192 -0.347549 0.416325 0.115742 0.061198 0.0705515 
1.29461 0.245733 0.685488 -0.12936 0.645301 -0.0834985 1.07461 -0.268097 0.556403 0.19002 -0.0705511 -0.0186097 
1.6052 -0.00225555 0.543482 -0.700709 0.131048 0.191667 1.26438 -0.312016 -0.435925 0.00276827 0.344336 0.0137209 
1.11298 0.274082 0.929164 0.292838 1.37107 1.01074 1.21629 -0.200359 -0.352007 0.0971129 0.119057 0.00806296 
1.38 -0.0625548 0.742673 0.0104412 1.12978 0.0899312 0.742837 0.286523 0.389623 -0.187349 0.187019 0.143182 
1.41341 -0.202755 0.766003 0.203875 0.756689 1.13891 0.670991 0.188046 -0.119094 0.159081 -0.0458054 0.0442426 
1.4402 0.0708277 0.849345 0.286757 0.907073 0.929695 0.994422 -0.14762 0.342073 0.227999 0.0484141 0.0357521 
