2.07333 -0.218277 1.84883 -0.896021 -0.172617 0.0609893 2.39671 0.164816 -0.944665 -0.0338368 0.249526 -0.0192947 
2.07596 -0.104146 1.33167 -1.08804 0.542033 0.558878 2.09071 -0.0440491 -0.165514 0.021571 -0.100308 -0.0995747 
2.13866 -0.393511 0.757483 -1.071 0.877773 0.0147014 0.740941 -0.427541 0.497201 0.430983 0.0214582 0.00285964 
2.0942 0.305628 1.22445 0.150002 1.77538 0.0400527 1.02208 -0.399271 -0.173649 0.570734 0.192934 -0.000683826 
2.56848 0.231456 0.678829 -0.242325 0.380649 0.231799 0.732146 -0.523081 0.731024 -0.0152376 0.216339 0.0511623 
1.90137 0.689443 -0.374969 -0.845161 1.03895 1.11678 1.9153 -0.152849 0.163924 -0.65352 -0.298558 -0.012302 
2.34867 -0.0930241 0.874766 -0.630723 0.72776 0.354706 1.85913 -0.167531 0.108046 -0.322657 0.0190926 0.0733405 
1.8686 0.567355 0.958056 -0.380667 1.13735 0.784721 1.01625 -0.957676 0.207164 0.318202 -0.0694328 -0.0497473 
1.96582 0.269713 0.781776 -0.134858 1.05622 1.04968 1.01375 -0.942972 0.41322 -0.529934 -0.179303 0.110749 
2.07576 0.691991 1.00426 0.186164 1.71665 0.190725 0.98838 0.277921 0.370647 -0.0152756 0.290008 0.0855231 
2.12756 0.80006 1.05788 0.540241 1.79776 0.787412 1.37098 0.287335 0.665361 0.539204 0.103986 0.0330606 
2.31089 0.665032 1.52475 0.753012 2.0994 1.65855 2.0779 0.609065 0.792291 0.283364 0.213242 0.0831031 
2.07029 1.06189 1.38798 0.182333 2.19572 1.49329 1.66917 -0.160347 0.680671 0.269773 -0.0670097 0.134729 
1.85866 0.349578 1.25437 0.350121 2.02607 0.951905 1.22797 0.335519 0.667686 0.00796143 0.0337362 0.125924 
1.91524 0.66656 1.10084 0.499973 1.97327 0.941623 1.7585 -0.202625 0.621868 0.0928315 -0.0583482 0.132502 
2.08142 0.825299 1.70164 0.827613 1.52526 0.76229 1.5459 -0.00933014 0.584555 -0.066132 0.213841 0.101276 
2.26405 1.06744 1.78834 1.1601 2.32629 1.24398 1.88999 0.433641 0.785965 -0.00942642 0.326894 0.113031 
2.25448 1.16321 1.70303 0.616782 1.78203 1.32145 1.1955 0.537305 0.846542 0.590893 0.210258 0.0605202 
2.05104 0.902198 1.92382 0.636515 2.02713 1.40962 1.68923 0.7758 0.718794 0.158563 0.192301 0.0950692 
2.01486 0.45571 1.41008 0.486981 1.22434 1.08738 1.53581 0.0172875 0.659191 0.28536 0.0511607 0.0600915 
2.14864 0.60521 2.05628 1.3648 2.2792 1.49267 0.942412 0.985429 1.19815 0.0621834 0.337802 0.067646 
2.63593 2.16157 1.99064 1.69628 1.6065 1.29513 0.987865 0.898836 0.685015 0.534014 0.322403 0.0636583 
2.77957 2.29883 2.1045 1.84841 1.63159 1.39505 1.07133 0.872926 0.658 0.418526 0.249988 0.0619238 
2.94226 2.40166 2.31425 2.10195 1.79294 1.48965 1.27941 1.12997 0.702897 0.357438 0.323521 0.0722815 
3.1815 2.50768 2.40606 2.18694 1.78246 1.62986 1.4894 1.07981 0.40404 0.203412 0.383369 0.0726464 
2.94591 2.31956 2.19257 2.04883 1.80448 1.67053 1.45354 1.12324 0.593402 0.321268 0.366966 0.0713493 
2.84627 2.37094 2.15683 1.9937 1.84533 1.53055 1.2221 1.06402 0.614841 0.45193 0.291561 0.0636549 
2.20081 2.63206 1.71941 1.94138 1.74938 1.36352 1.48515 1.19215 0.890348 0.0735225 0.57765 0.0268852 
0.938575 2.64007 0.913255 0.803576 1.18669 1.8648 2.22163 1.26197 0.168967 0.0380838 0.473017 -0.0822138 
1.88741 1.97267 1.27491 0.30924 1.14559 1.06928 2.31858 0.868416 0.576787 -0.000568693 0.524004 -0.0351162 
4.73087 2.87388 2.21896 2.61974 2.07525 -0.583261 2.79836 0.370131 -0.823042 -0.931357 0.0438562 0.0675516 
3.51694 2.21851 2.4299 2.54118 1.38531 0.652467 1.01437 0.304481 -0.638247 -0.49892 0.0263534 -0.0388438 
4.04514 2.47189 1.73974 2.09758 1.4727 -0.0227987 0.302994 0.348524 -0.599289 -1.074 0.0906472 0.0191609 
5.52519 1.82925 2.64576 1.33971 2.01909 -0.747436 1.70326 0.787708 -0.908087 -1.38084 -0.205167 0.168352 
5.15832 1.93519 2.01783 1.44387 1.71019 -1.04134 1.97112 0.345444 -0.870563 -1.3174 -0.0477368 0.19015 
4.92726 1.90389 2.06646 1.60871 2.04849 -1.12414 2.42175 0.144423 -0.425464 -1.39113 -0.106813 0.211494 
4.82365 2.39622 1.79816 1.41128 2.57594 -1.08937 2.59218 0.363289 -0.541016 -1.43777 -0.181502 0.19283 
3.7264 2.43641 1.78089 1.50464 1.60578 -0.364783 0.986124 0.36401 -0.485172 -0.980727 0.0549588 0.0303848 
3.65659 2.41686 1.99283 1.13237 1.47768 0.333095 0.542583 -0.0950043 -0.453993 -0.500403 -0.179458 -0.0441717 
3.71637 2.40564 1.57674 1.69521 1.2408 0.0849995 0.614907 0.235684 -0.559708 -1.07355 0.0788726 0.00969015 
4.18269 2.72998 1.96434 1.72638 1.80593 -0.24333 0.792424 0.536854 -0.529913 -1.1419 0.00700481 0.0192786 
4.38197 2.62925 1.91117 1.83082 1.64444 0.0227087 0.55514 0.870104 -0.650012 -1.48958 -0.00848796 0.032357 
4.02563 2.60029 1.87295 1.83007 1.67679 0.172791 0.714247 0.472969 -0.420972 -1.14817 0.0705326 0.0209031 
4.3848 2.71797 2.23436 1.77547 2.27508 -0.112654 0.529005 0.786453 -0.379299 -1.63295 0.126182 0.0789059 
4.7153 2.50859 2.4639 0.975526 3.11602 -0.600249 1.089 0.199104 -0.120906 -1.71209 -0.0430942 0.193464 
5.12879 2.31084 2.61721 1.36912 3.02981 -1.34724 1.63958 0.0140276 0.134446 -1.51559 -0.19261 0.317172 
4.9189 2.73204 2.25382 1.58549 3.09805 -1.26643 1.80993 -0.0312473 0.00395547 -1.6475 -0.0768558 0.254355 
4.66903 2.80917 2.69236 0.963693 3.16732 -0.976009 0.851255 0.715087 0.0659306 -1.64527 0.136563 0.210843 
4.93681 2.72227 2.81336 1.01623 3.5157 -1.0366 1.50692 0.433728 0.0805626 -1.73488 -0.0054243 0.317746 
4.69689 2.71712 2.89732 1.20902 4.0448 -0.417884 1.80623 0.682101 0.0737814 -1.80204 0.0206655 0.263332 
4.52195 2.58119 2.16846 1.91644 3.10498 -0.856603 1.61259 0.875487 0.0103604 -1.52514 -0.0430885 0.161738 
4.57557 2.41576 1.64666 1.58296 2.07397 -0.727435 1.41084 1.0178 0.778221 -1.00788 0.116344 0.157255 
4.93184 3.11384 1.65914 0.142904 2.57177 0.717695 1.11111 1.21323 1.58312 -0.397876 0.119995 0.0376109 
3.9316 3.33047 2.66228 2.18107 2.07108 1.89648 1.2984 0.83781 0.561786 0.465743 0.369904 0.100375 
3.33812 3.00755 2.70403 2.27059 1.76806 1.38581 1.13469 1.00753 0.872478 0.646224 0.359547 0.0954346 
2.86041 2.43367 2.20956 1.94239 1.6742 1.38411 1.18207 1.00292 0.819379 0.631177 0.40589 0.0673763 
2.83555 2.40535 2.23595 2.04744 1.84135 1.62725 1.35526 1.08994 0.829125 0.555082 0.322398 0.0686546 
2.83344 2.39918 2.19798 1.99868 1.76554 1.55757 1.32608 1.0617 0.797452 0.554424 0.315153 0.0657832 
2.7511 2.28765 2.08895 1.9153 1.73018 1.50804 1.24906 0.977129 0.737675 0.499822 0.287524 0.0549648 
3.27686 2.97755 2.92322 2.74832 2.44627 2.05721 1.72666 1.32969 0.894781 0.514419 0.230243 0.0932731 
5.19843 3.79444 1.54762 -0.54589 0.475725 2.42935 3.36286 2.64048 1.16377 0.557517 -0.0398874 -0.00561584 
2.80236 2.34761 2.1023 1.89188 1.74216 1.53532 1.48243 1.27598 1.01142 0.691169 0.374038 0.0935752 
2.73009 2.29268 2.1186 1.93047 1.80254 1.52359 1.35569 1.13915 0.819366 0.640069 0.349885 0.0777882 
2.87075 2.3678 2.27722 2.28339 2.25674 2.05 1.66282 1.20252 0.902801 0.522625 0.332605 0.0986073 
2.61759 1.7654 2.32984 1.22388 2.38667 2.0378 1.61746 1.13452 1.02504 0.884925 0.177423 0.0701809 
2.12188 1.10625 2.19134 0.774278 1.90338 1.63669 2.05545 0.811829 0.753744 0.993617 0.274427 -0.00479327 
1.96717 0.674109 2.26886 0.827731 2.27483 2.0543 1.73585 0.388564 0.218378 0.630243 0.201236 0.0289347 
1.87957 0.725818 2.06329 0.596514 1.81531 1.86633 1.91259 0.365799 0.635703 0.373651 0.133253 0.0428726 
1.75719 0.706286 1.47283 0.776127 1.40187 1.3169 1.48036 -0.165607 0.271344 0.395461 0.179864 0.0350074 
1.88015 0.384602 1.17624 1.09154 1.04765 1.84667 1.98123 0.384141 0.1897 0.275183 0.194068 0.0240206 
1.45568 0.504863 1.59769 0.354602 1.33492 1.2148 1.22945 0.429353 0.121733 0.231656 0.0548765 0.0465238 
1.49879 0.364805 1.49563 0.3238 1.38414 0.87344 1.84749 -0.345926 -0.15137 -0.0766926 -0.0555918 0.164833 
1.35236 0.22287 0.742875 0.539855 1.45961 1.13679 1.22913 -0.09907 0.0592974 0.0497885 0.144543 0.0131278 
1.4171 0.15377 0.413139 0.0572042 0.886858 0.751412 0.937329 -0.270013 0.417711 0.183911 0.138191 0.0458265 
1.4115 -0.338773 0.859107 -0.395192 0.946819 0.742463 1.76575 -0.00172882 0.238447 -0.415983 0.153693 0.0886333 
1.30687 -0.252078 1.08016 -0.40266 1.04949 0.740592 1.0135 0.00729108 0.376505 -0.150759 0.263142 0.0496333 
1.34751 0.278233 0.597401 -0.571681 1.27713 0.482367 1.29932 0.484953 0.052095 0.152972 0.206018 0.0786115 
1.50162 -0.0541494 1.12965 0.135064 1.16348 0.674551 1.03258 -0.0246608 0.0247935 -0.154682 0.19582 0.0575812 
1.44118 0.0709874 0.604534 -0.683774 0.0276034 0.332355 0.710172 -0.590921 0.18494 0.0499361 -0.0886132 0.0597897 
1.29802 -0.0123327 0.688828 0.544801 0.991375 0.506661 0.977236 -0.321677 0.137123 0.14961 -0.073852 0.0525303 
1.57721 -0.0195017 0.998717 -0.263864 0.452658 0.49414 1.28161 -0.176919 0.0277198 0.210592 -0.0127152 0.0155613 
1.25012 -0.0149933 0.613347 0.271427 0.623929 0.594222 0.7576 -0.108977 0.263421 -0.117851 0.173755 0.0948656 
1.43433 -0.105861 0.906681 -0.363748 0.513557 0.594724 -0.226587 -0.283308 0.425 -0.0251335 0.208914 0.0386901 
1.39029 0.320353 1.08611 0.264846 1.00369 0.549416 0.431284 0.00772873 0.183814 -0.322999 0.112578 0.0725532 
1.38818 0.0611172 1.09858 0.0192664 0.545928 0.500555 1.04644 -0.40368 0.0459678 -0.110425 0.0870751 0.0892789 
