2.8236 -2.04057 0.371357 -0.616299 0.60829 0.988163 2.11924 -0.257062 -0.594523 0.734835 -0.0930749 -0.320101 
2.79937 -0.752179 -0.164597 -0.421194 0.930579 1.10444 2.07642 0.932499 0.312662 -0.285759 -0.352569 -0.175543 
2.47844 -0.0455617 0.105134 -1.58552 0.771854 0.572962 1.33082 0.321735 0.765738 -0.209934 -0.496547 -0.0615497 
-1.71117 -4.72486 0.343201 -1.71079 2.46911 0.0149054 1.73088 -1.06156 -0.54751 1.038 -0.000953958 -0.144848 
0.347685 -2.2365 0.232675 -1.19193 2.16922 0.36287 1.66345 -1.05199 -0.324623 0.80931 0.29998 -0.166462 
2.32391 -0.975082 0.268066 0.603651 0.947411 1.53018 0.330701 -1.2966 0.305519 0.670015 0.263221 -0.082741 
2.1321 -0.0853405 1.18698 -0.0691126 0.321706 0.461365 1.52476 -0.132909 0.361598 0.0151913 0.0675868 0.0141862 
2.12729 0.134576 0.60294 -0.293248 0.184077 0.328072 0.917872 -0.650724 0.387968 -0.117746 0.244038 0.0504224 
1.99006 0.168283 0.557697 -0.383629 0.584495 0.403284 0.722131 -0.350728 0.261282 -0.0836254 0.146947 0.0217139 
2.03317 0.146637 0.168305 -0.103721 0.789608 0.179246 0.242828 -0.552588 0.295681 -0.0174782 0.416457 0.0601216 
2.24622 -0.0880291 1.09838 0.184158 1.04826 0.163879 0.258667 -0.525416 0.36026 -0.113189 0.257179 0.102071 
2.11283 0.0298772 0.952918 -0.185311 0.862693 -0.241627 1.00343 -0.274862 0.42933 -0.44589 0.0463153 0.0563695 
2.03013 -0.193864 0.925114 -0.356827 1.0106 -0.146137 0.765882 -0.48457 0.25216 -0.278816 0.186268 0.0710421 
2.03527 -0.462981 1.19933 -0.489296 0.940424 -0.165891 0.53645 0.0234584 0.318142 -0.423139 0.0297909 0.0527555 
1.9101 -0.0615193 0.8577 0.413746 0.933628 0.43795 0.345885 -0.543635 0.726387 -0.0165179 0.129416 -0.018892 
1.58851 -0.152534 1.27254 0.204829 1.32386 0.500464 0.699218 -1.08016 0.890725 0.0498646 0.0368476 0.0379548 
1.56745 -0.00635855 0.752492 -0.242349 0.793242 -0.13939 1.03191 -0.761811 0.40143 -0.201217 0.140237 0.00732519 
1.7183 -0.113324 1.13683 0.0321225 0.822448 -0.374502 0.576512 -0.275157 0.264797 0.00191286 0.244765 0.0472105 
1.70839 -0.648361 1.21979 -0.82039 1.35281 0.180802 1.23506 -0.25742 0.462633 -0.14079 -0.0305478 0.0613217 
1.92679 -0.382617 1.32846 -0.335946 1.21204 -0.0162472 0.404354 -1.11528 0.994593 -0.0666239 0.11049 0.0662296 
1.90278 -0.194012 1.71974 -0.585069 0.969444 0.207739 1.06037 -0.485876 -0.141858 -0.00393466 0.107703 0.0329961 
1.63003 0.0561788 1.36295 0.126334 0.665463 0.00578562 0.467125 -0.411782 0.551589 -0.15428 0.201894 0.0247687 
1.82196 -0.503461 1.13266 0.0547047 1.038 0.11168 0.447385 -0.62501 0.704062 0.185558 0.17871 -0.00382566 
1.96498 -0.428117 1.26604 -0.363458 1.60338 -0.449136 0.452258 -0.494534 0.599332 0.00434383 -0.0170914 0.0493407 
1.7749 -0.375639 0.79732 0.478051 1.77221 -0.340051 1.10303 -0.264333 0.169921 0.455162 0.0310708 0.0188624 
3.17837 1.2766 3.7653 2.228 3.09221 1.06914 1.70412 0.595699 0.925034 0.348221 0.255762 0.134732 
3.67531 2.57604 2.61684 2.38824 0.410377 -0.19579 1.11081 1.24998 0.2172 -0.171482 0.259065 0.0674785 
2.9804 2.33551 2.10083 2.07986 1.78775 1.40844 1.25928 0.930994 0.435153 0.190624 0.201711 0.0471591 
2.8407 2.35443 2.22798 2.06234 1.73499 1.4444 1.29783 1.04571 0.70379 0.450734 0.263192 0.0647321 
2.99485 2.55236 2.37081 2.18146 1.95998 1.73217 1.37073 0.979499 0.629466 0.439594 0.27508 0.0746527 
2.70157 2.4723 2.14833 2.05002 1.95797 1.51869 1.54367 1.11373 0.820474 0.532836 0.350913 0.0743713 
1.51847 3.84873 2.61894 2.06512 2.09201 1.25893 4.13289 1.91062 0.317812 -0.0675527 0.563207 -0.0222274 
2.47633 3.18669 2.31694 1.83233 1.80396 1.0026 2.36458 0.91654 0.90631 -0.153428 0.425517 0.0261458 
4.05085 3.73562 2.73326 2.68785 1.72612 0.69243 1.77885 0.346738 -0.494695 -0.97201 0.26821 -0.0220707 
4.47607 1.65787 2.69317 3.33296 0.587541 0.199043 2.24635 -0.0079446 -0.769426 -0.681932 0.10642 -0.0354045 
3.99409 1.22068 1.95106 2.94513 0.643785 0.0262611 1.70755 0.463165 -1.01496 -0.948216 -0.0557611 -0.017326 
4.44084 1.64487 1.82065 2.73874 0.0638043 -0.594667 2.22332 -0.608767 -1.09664 -0.772627 0.127881 -0.0589883 
5.10759 1.34113 2.04919 2.40886 0.124009 -1.07457 2.2975 -1.0947 -1.07315 -1.02181 0.115482 0.0436586 
5.24428 0.930902 2.16271 2.23121 0.234031 -1.11317 2.33196 -0.740792 -1.15897 -1.01232 0.0524114 0.0822197 
4.13063 1.60825 1.51061 1.6611 0.67113 -0.476638 1.82308 -0.0651571 -1.30085 -0.925303 0.0245551 0.00978696 
3.87414 1.93014 2.06515 2.25934 0.613818 0.224623 1.44268 0.0258147 -1.10154 -0.92544 0.0518014 -0.0260483 
4.42131 2.22236 2.47864 1.92218 1.03033 0.542744 1.13032 0.202178 -1.2011 -1.06555 0.0368002 0.000310389 
4.38805 2.32229 1.99446 2.11128 1.37502 0.157418 0.692841 0.216799 -0.832773 -0.991895 -0.0301069 0.0143137 
4.27958 2.92755 2.21335 2.39364 0.966903 -0.356919 0.319449 0.103181 -0.363473 -0.758886 0.395126 0.113869 
4.83386 2.23794 2.18243 3.16186 1.08018 -0.89414 1.4095 -0.371654 0.0990301 -1.03868 0.203996 0.119868 
4.47828 1.8011 1.29604 3.15117 2.02234 -1.05262 0.793915 -0.0441113 0.0304924 -1.0135 0.331233 0.209349 
4.5933 2.01085 1.18405 2.97838 2.03606 -0.536449 0.774387 0.4066 0.0823218 -0.89393 0.387125 0.226974 
3.80101 1.73739 0.866795 2.47515 1.37062 0.312145 0.0815333 0.78119 0.197945 -0.520577 0.313785 0.124725 
3.9084 1.30913 1.18117 2.29073 2.01916 -0.183155 0.444338 1.33002 0.252768 -0.298024 0.174879 0.114219 
4.26633 1.4193 2.07577 1.51151 0.959279 0.0214285 1.46982 0.788667 0.567929 0.463185 0.377853 0.0907923 
3.94849 1.86523 1.55272 2.23907 2.12141 0.786778 0.523806 1.30618 1.02123 0.504909 0.611301 0.14673 
3.78315 2.69338 2.27095 2.64674 2.07391 0.64265 0.437651 0.968645 0.561423 0.250985 0.611947 0.142041 
3.64573 2.63487 2.8223 2.91415 1.9059 0.908266 1.1683 1.68333 0.617371 0.0319248 0.471503 0.121318 
3.8149 3.50302 2.96328 1.68744 1.74685 1.34272 0.373633 1.02729 1.01403 0.498208 0.452478 0.115315 
3.42179 3.03877 2.75764 2.05966 1.7755 1.56527 1.25696 1.28996 0.957008 0.61401 0.355035 0.1017 
3.18754 2.8166 2.55798 2.21893 1.88666 1.556 1.30042 1.13082 0.890149 0.684494 0.363121 0.0974887 
2.91915 2.52818 2.35087 2.15366 1.94345 1.74424 1.54419 1.23535 0.918395 0.641128 0.316249 0.0898863 
2.90435 2.52089 2.29115 2.1271 1.95062 1.7518 1.50679 1.25724 0.932573 0.596537 0.389734 0.0972394 
4.454 3.24349 -0.970937 -1.09405 -0.376543 1.72819 3.13944 2.19578 2.0543 -0.261811 0.249863 -0.0812761 
3.13208 2.25135 0.970595 0.749218 0.57816 1.16993 1.4408 1.59348 1.32888 0.56363 0.245859 0.0241199 
3.28081 1.94947 0.774069 0.206024 0.606906 1.73004 2.22297 2.11165 1.64555 0.639355 0.152289 -0.0284198 
3.58081 1.35488 1.45578 -0.751763 -0.144599 1.1164 1.21398 0.952546 1.89634 0.948384 0.200424 -0.000379743 
2.91481 0.736761 1.87523 -0.1681 1.43999 0.0745153 1.48908 1.03496 1.52461 1.03525 0.556213 0.0178865 
1.98863 0.734152 1.78336 1.02033 2.24867 0.350399 0.932696 0.702511 1.59996 0.905305 0.207368 -0.028975 
1.86085 -0.0617129 1.65049 0.532546 1.28805 0.41669 0.514038 0.428114 1.04884 0.842522 0.126924 -0.0531623 
1.73492 0.0898047 1.81333 0.608115 1.69896 1.42238 0.178075 -0.233912 0.661348 0.240737 0.114046 0.055004 
1.74379 -0.125199 1.15743 0.265362 1.33171 0.931795 0.617159 -0.286305 0.59421 0.260525 0.356057 0.0780108 
1.21303 -0.31285 0.700418 0.0572674 0.918509 0.694081 0.00171716 -0.424889 0.919562 0.406956 0.278909 0.0154174 
1.54728 -0.369966 1.51931 1.06972 1.49707 0.547272 0.233116 -0.305942 0.474758 0.581712 0.509594 0.000578764 
1.37031 -0.845506 1.38134 0.766548 1.58405 0.108909 0.836786 -0.314618 0.634229 0.382959 0.217881 0.0887637 
1.33314 -0.0359329 1.25106 0.269284 1.34771 0.428376 0.55212 0.0591294 0.508586 0.232353 0.584529 0.00643291 
1.45647 -0.43943 1.28713 0.628906 1.09724 0.375553 0.669564 -0.523108 0.155949 0.506724 0.419204 0.0195365 
1.44381 -0.521628 0.790024 0.834653 0.887462 -0.321899 -0.184756 -0.191024 0.323788 0.451595 0.281775 -0.0190584 
1.18745 -1.18659 1.38087 0.514715 1.34144 -0.0982262 0.671226 -0.487636 0.387988 0.455268 0.134969 0.0100894 
1.61312 -0.703178 0.693464 0.623835 0.903905 0.715511 0.647383 0.0551509 0.566591 0.140046 0.438863 0.0102098 
1.67713 -0.550764 1.23351 -0.255068 1.09113 -0.263052 0.167637 -0.590233 0.897928 0.521672 0.357744 0.108267 
1.58266 -0.812505 0.642154 0.564613 0.981809 -0.420927 1.47219 0.126546 0.349823 0.3556 0.429656 0.0331596 
1.5879 -0.57587 1.14932 0.378723 0.872251 0.829592 0.587354 -0.419408 0.551958 0.524468 0.476155 -0.030982 
1.70483 -0.710337 0.687208 0.575011 1.65451 0.129908 0.255168 -0.406887 -0.346208 0.327346 0.631625 0.103129 
1.71464 -0.893707 0.506848 0.51732 1.00288 -0.0534433 0.37777 -0.30558 0.36599 0.0681152 0.518492 0.108216 
1.95456 -0.752255 0.0783253 0.130023 1.09872 0.121231 0.270191 -0.472727 0.163167 0.146666 0.281436 -0.0124911 
1.73295 -0.590546 0.70144 0.606488 1.65095 0.599536 0.605379 -0.491908 0.0314285 0.183208 0.185994 0.0217409 
1.59697 -0.754693 0.324044 -0.0727853 1.55046 0.46944 0.372109 -1.14076 0.0130646 0.496358 0.275306 0.0985598 
1.69036 -0.881182 -0.161054 0.70983 1.59389 -0.150853 0.987506 -0.0781379 0.307416 0.0854812 0.119721 0.0108928 
1.67944 -1.06122 0.79099 0.3282 0.979062 -0.433783 0.560907 -0.508643 0.730262 0.0778956 0.342793 0.00357175 
