2.47558 -0.639055 1.04919 0.395552 2.16149 0.693466 1.22625 -0.366319 0.791878 0.542305 0.195269 0.0387465 
2.3208 -0.399347 1.23772 -0.127414 1.33498 0.823063 0.907784 -0.876965 0.707939 0.431587 0.367945 0.0801215 
1.971 -0.996071 1.69995 -0.44992 1.28284 0.0727112 0.4464 -0.577696 0.528218 0.610067 0.0610307 -0.067125 
2.2978 -1.11606 0.685156 -0.139946 1.20134 -0.0572244 0.703704 -0.791214 0.0825942 0.188888 0.36401 0.0468951 
2.15205 -1.22464 1.01897 -0.0359564 1.10856 -0.372731 0.253739 -0.656079 0.523788 0.343529 0.18794 0.0341054 
1.92056 -1.1744 1.02593 0.12462 0.873459 0.26459 0.734832 -0.667603 0.651492 0.0263645 0.114114 -0.00582664 
2.09742 -0.949093 0.749989 -0.0523405 1.8718 0.185571 0.466179 -0.698528 0.167874 0.295926 -0.0196924 0.00970794 
2.02212 -1.12853 0.730063 0.144993 1.22772 -0.112104 0.679929 -0.324911 0.438696 0.442439 0.194048 -0.0874923 
2.23017 -0.940653 0.940001 0.410403 1.10837 -0.0487956 0.0577601 -0.623215 0.367434 0.26476 0.148794 0.00937953 
2.19431 -1.20787 0.526841 -0.537071 1.6884 -0.720077 0.387694 -0.10887 0.444723 0.298112 0.175067 0.060248 
1.93008 -0.620377 0.616592 -0.43342 0.960096 -0.482373 0.414556 -1.04007 -0.058199 0.144966 0.375061 0.119321 
2.01313 -0.572687 0.475564 -0.154997 0.71842 -0.996605 0.770938 -1.3595 0.769196 0.368375 0.384692 0.06195 
1.95414 -1.05602 0.845386 -0.263457 0.797067 0.0213601 0.487806 -0.553353 0.522334 0.583887 0.271537 -0.0157712 
2.29114 -0.45504 0.679505 -0.507039 0.715902 -0.143097 0.821244 -1.01113 0.647406 0.305318 0.415343 0.124772 
1.88341 -1.01998 1.23948 0.507111 1.46096 -0.383935 0.852854 -0.696774 0.167976 -0.208601 0.277229 0.072455 
1.91554 -0.924546 0.616872 0.427382 1.41086 -1.22048 0.495354 -0.931656 0.103243 0.0534902 0.261471 0.019758 
1.73703 -0.711045 0.657899 0.596112 0.498948 0.184919 0.572381 -1.07166 0.261567 0.275194 0.336368 0.0227315 
1.98064 -0.708177 0.824027 -0.0585865 1.23815 -0.239475 0.386141 -0.861831 0.279773 0.216243 0.423891 0.0744698 
2.01632 -0.641202 1.1685 0.134639 1.29416 -0.065927 0.767531 -0.850991 -0.0777633 0.264268 0.350003 0.00911593 
1.76937 -1.21982 1.45926 0.450122 0.948884 -0.00152049 0.34276 -0.984178 0.0828112 0.329399 0.332932 -0.0394431 
1.85771 -1.15405 0.874702 0.22758 1.47313 0.385406 0.482028 -0.75666 -0.161357 0.1718 0.193676 0.0542775 
1.97821 -1.14776 0.829442 0.896266 1.11808 0.171122 1.15444 -1.08579 0.393805 0.015405 0.285075 -0.00423076 
1.8799 -1.33606 0.765846 0.635225 0.998316 0.360637 0.489463 -1.03066 0.519151 0.147338 0.048706 0.0105011 
2.16239 -1.11008 1.0387 -0.149554 1.34913 -0.0210637 0.488434 -0.0910421 0.282993 0.459327 0.393914 0.0309057 
1.99975 -0.670374 1.31152 0.0922473 1.16904 0.108479 0.504718 -0.0435221 0.369948 0.128336 0.234267 0.0219435 
1.51041 -1.07219 1.66516 -0.455664 1.83553 0.42706 0.202817 0.056616 0.13323 0.142076 0.37253 0.0550199 
2.07895 -0.959735 0.666425 0.191244 2.04235 -0.478518 -0.0809581 -0.361386 0.454409 -0.0400615 0.246729 0.0518957 
2.34282 -1.12169 1.63076 -0.0657014 1.4466 -0.450311 0.697325 -0.888433 0.229902 0.515325 -0.0615302 0.0593065 
1.8358 -1.60572 1.15534 -0.277475 1.30314 -0.386314 0.674641 -0.0941671 0.111565 0.323424 0.0936511 0.00133339 
2.30325 -0.143132 1.78929 1.54557 2.1777 1.02445 1.28021 -0.2135 1.23405 0.707422 0.380785 0.00869105 
2.67687 2.32113 2.5622 2.3559 1.91697 2.07391 1.63843 1.38624 0.917089 0.552164 0.427936 0.104852 
3.17123 2.89877 3.00945 2.59693 2.35086 2.11847 1.47933 1.07385 0.90662 0.433786 0.327827 0.0960338 
2.82991 2.36518 2.22779 1.87279 1.57327 1.29601 0.858621 0.582885 0.387985 0.236127 0.177983 0.0322917 
2.87896 2.45149 2.29001 1.98181 1.81966 1.58821 1.14393 1.0009 0.800283 0.524266 0.359504 0.0689412 
3.23126 2.79349 2.74051 2.53675 1.90639 1.63773 1.41641 0.968019 0.787351 0.578823 0.316437 0.0850547 
3.44631 3.9501 2.86699 3.21029 2.25869 1.9099 1.45612 1.09759 0.52987 0.280807 0.440474 0.0847779 
2.02771 2.63078 0.901896 -0.211173 1.72969 1.76504 4.12627 1.6901 0.275174 0.0376295 0.523021 -0.0162095 
2.42824 3.34432 2.05743 1.2823 1.68817 1.14148 1.71412 1.11214 0.000876097 -0.370411 0.523938 -0.0378782 
4.12589 3.02599 2.78942 2.59937 1.32613 1.14135 1.60941 0.201571 -0.859624 -0.495533 0.13088 -0.0292384 
5.24864 1.72477 2.6844 3.40577 0.584152 0.0362273 3.332 -0.0297687 -0.825086 -1.16023 0.0730198 -0.00285471 
4.76014 2.16662 2.52147 2.87423 0.403334 0.506458 1.93927 0.324207 -1.08981 -0.96644 0.0794041 -0.014801 
4.61939 3.04898 2.19116 2.28725 1.45602 0.2148 1.99628 0.549209 -0.928942 -1.22223 -0.0374708 -0.006774 
5.50499 3.08848 1.99828 1.99323 1.67714 -0.97567 2.61889 -0.13634 -0.932181 -1.46762 -0.227335 0.0612334 
3.81988 3.14018 1.83392 1.03656 0.70076 0.175473 0.736538 -0.0292945 -0.365237 -0.613871 -0.0299544 -0.0473436 
3.67693 2.71093 2.27862 1.47209 0.542252 -0.0484021 0.903781 0.361207 -0.709538 -0.625123 0.0442403 -0.0423666 
4.28856 3.14621 2.31636 1.98853 1.1057 -0.294686 0.748434 0.147499 -0.742315 -0.915501 0.0205585 -0.0165997 
4.26052 3.06247 2.25063 1.99367 1.23753 -0.0563646 0.908589 0.111652 -0.730169 -1.14786 0.0194427 -0.0240816 
4.01315 2.92869 2.71599 2.53691 1.21439 0.120513 0.943329 0.452236 -0.577669 -0.784197 -0.0317469 -0.0463589 
3.99692 3.04804 2.36271 2.09075 1.30646 0.129685 0.747762 0.200619 -0.493856 -0.74655 0.0712007 -0.011035 
4.35173 3.58501 2.94048 3.03489 1.82486 -1.49563 1.10386 0.0523028 0.1105 -1.01897 -0.00936716 0.0265253 
4.39218 3.7064 2.82373 3.0636 1.70879 -1.29205 1.27386 0.165422 0.4245 -1.13723 0.203548 0.0612598 
5.49912 2.97733 1.18404 4.40004 2.02024 -1.39054 2.55975 -0.0139155 0.350456 -1.29268 0.373291 0.135567 
4.76649 2.57549 2.26608 3.38597 0.953765 -1.31434 2.41887 -0.299547 0.663377 -0.344039 0.338744 0.0646428 
3.79962 2.98359 1.97711 2.46918 1.79951 -1.56299 2.16934 0.804691 0.308703 -0.0855072 0.0621776 0.110813 
3.56425 2.77521 1.9026 1.17271 0.759312 1.3867 0.844114 0.895946 0.940938 0.485917 0.184551 0.0520787 
3.37396 3.05157 2.75145 2.22934 1.6439 1.15732 0.908069 0.780868 0.700136 0.525249 0.344428 0.0817917 
3.04102 2.66852 2.45483 2.14594 1.72853 1.34298 1.03182 0.849469 0.758825 0.628035 0.404573 0.0776527 
3.20386 2.80578 2.44004 1.94215 1.51927 1.2356 1.12489 1.07072 0.936176 0.646242 0.336875 0.0817254 
3.75638 3.40941 2.9626 2.0899 1.42406 1.20678 1.1485 1.25332 1.14632 0.736161 0.29294 0.102279 
3.34658 2.95375 2.54445 1.93604 1.45336 1.26633 1.29983 1.29173 1.14858 0.758913 0.290782 0.091853 
3.20844 2.82691 2.46198 1.95716 1.4811 1.15767 1.14615 1.19672 1.11376 0.841207 0.377627 0.100319 
3.07139 2.74066 2.57295 2.28305 1.96259 1.71733 1.50797 1.26551 0.943894 0.608266 0.315101 0.0916379 
2.75543 2.31181 2.15918 1.97107 1.80487 1.58806 1.35733 1.11217 0.846611 0.571096 0.333684 0.066875 
2.73028 2.24647 2.08494 1.96052 1.76726 1.54201 1.30655 1.07423 0.819451 0.576925 0.326289 0.0633796 
3.78301 2.52542 0.639615 -0.503297 0.235014 1.97264 3.13771 2.47743 1.10015 0.117073 0.136903 -0.0223743 
3.07998 2.44218 1.83289 1.40864 1.23886 1.68594 2.01268 1.73714 1.16014 0.513763 0.141525 0.0581005 
3.49216 1.94229 2.08821 1.3065 2.07464 1.10982 1.14655 0.759257 1.11519 1.02092 0.763016 0.146732 
2.98627 1.80644 2.08941 1.88187 1.95298 1.9249 0.912753 0.664635 0.917685 0.948174 0.549144 0.0704872 
2.48021 1.64966 2.24477 1.28577 1.76932 1.49282 0.0593775 0.540147 0.62714 0.700667 0.476951 0.00755943 
1.88796 -0.0629197 1.5795 0.824973 2.02838 0.757065 0.997943 -0.72399 0.071365 0.557415 0.604584 0.00599339 
2.12783 -0.243969 2.48186 1.78496 2.11758 0.121337 0.759693 0.178237 0.799789 0.61955 0.150388 -0.0127442 
1.64373 -0.6057 1.71982 1.28848 2.38192 0.963863 1.26155 0.0311569 0.536248 -0.0175627 0.524018 0.0368266 
1.76619 -0.925641 1.18829 1.35086 2.11242 0.528585 -0.0315312 -0.642461 0.177868 0.382764 0.0197579 0.0314935 
1.60859 -0.554803 1.29983 -0.0906156 1.48523 -0.161778 0.235506 -0.314308 0.27877 0.862363 0.431585 0.0345151 
1.53581 -0.615808 1.08896 0.711532 1.2888 -0.318973 0.0609125 0.0819126 0.326226 0.369898 0.435746 0.00530798 
1.64805 -0.752764 1.17433 0.16323 0.912352 0.165081 0.866435 -0.148982 0.821894 0.107398 0.196279 0.0825765 
1.76441 -0.815967 0.664917 0.253545 1.95329 0.00144512 0.567085 -0.127942 0.292037 0.445654 0.324873 0.078729 
1.51803 -0.869892 0.57437 0.144746 1.35616 0.739191 0.397352 -0.617902 0.371364 0.383983 0.29285 -0.00010788 
1.75762 -1.09702 0.581382 0.41945 0.669686 0.42212 0.103591 -0.898414 0.419179 0.252733 0.337554 0.0390603 
1.59843 -0.803819 0.782728 0.561945 0.665349 0.493315 0.622771 -0.9867 0.186917 0.207361 0.24696 0.0455678 
1.42427 -1.49494 0.697146 0.23595 1.08533 -0.607827 0.539806 -0.612161 -0.420173 0.200603 0.310324 0.0171222 
1.77318 -0.676287 0.523422 0.0367739 1.62006 -0.0815433 0.367888 -0.452991 0.417207 0.430494 0.233127 -0.0359026 
1.73136 -1.08235 0.502674 -0.22832 1.09618 0.579063 1.30395 -0.0989269 -0.25656 0.493988 0.364301 -0.0479503 
1.90598 -0.689433 0.797049 0.0837402 0.735571 0.237099 0.281825 -0.76284 -0.305084 0.342354 0.350742 -0.018574 
1.69143 -0.874964 0.76501 0.792333 0.592896 0.100022 -0.457822 -0.567655 0.283667 0.293735 0.42041 0.0383015 
