4.09249 -1.03597 2.00049 0.972782 -1.13801 0.41177 4.74975 1.2587 -0.493136 -0.185942 -0.105426 -0.200244 
2.67734 0.0660896 0.792376 -0.250706 1.50527 1.42972 1.88437 0.34001 0.110797 0.0888355 0.245198 -0.0972562 
2.31332 -0.265534 1.24468 -0.73172 2.27427 1.66401 1.45717 0.295726 0.679549 -0.109335 -0.208718 -0.087512 
1.9823 -1.07642 0.903326 0.332569 1.37749 0.729305 1.19669 -0.961441 0.183786 -0.173031 0.116668 0.0296415 
1.87771 -0.290286 1.205 -0.0185501 2.17216 0.172247 0.133632 -0.491452 0.479158 0.0860735 -0.00999171 -0.0796731 
2.04791 -0.521842 1.2536 -0.179297 1.40779 -0.171721 0.327302 -0.518556 0.406246 0.0540653 0.0705449 0.0118755 
1.9089 -0.962421 0.910694 0.02181 0.937357 -0.824965 0.0207199 -1.13583 0.778162 0.254078 0.347824 0.118827 
2.12542 -0.582449 0.614157 -0.0358548 1.73064 0.163999 -0.161216 -0.591242 0.000115235 0.317946 0.428923 -0.027045 
1.68539 -0.976286 0.640237 0.896508 1.23007 0.19132 0.29863 -0.653236 0.563105 -0.233748 0.0808158 -0.0156931 
2.04633 -0.8384 1.30309 -0.338384 1.28011 -0.172286 -0.00113685 -0.0951724 0.542731 0.330465 0.0966513 0.0275101 
1.9977 -0.877786 0.757351 -0.0371603 1.44608 -0.730783 -0.00215352 -0.383923 0.276832 0.194193 0.181753 -0.0413434 
2.09498 -0.542942 0.635342 0.34442 0.988231 -0.435287 0.484406 -0.512422 0.337732 0.185234 0.0792172 -0.121736 
2.02279 -1.06027 0.85435 -0.62365 0.730199 -0.0253009 0.567191 -1.25041 0.489163 0.802985 0.367549 0.0444397 
1.90351 -1.21077 0.664167 -0.155406 0.567258 -0.420194 0.535533 -0.53286 0.300533 0.20787 0.226689 0.0101435 
1.96359 -1.02555 1.30594 -0.243225 1.16057 -0.302383 0.121533 0.12466 0.303013 0.300627 0.275135 -0.0649176 
2.13885 -0.667505 1.2549 -0.562357 1.756 0.07188 -0.255584 -0.733661 0.52003 0.113343 0.0787449 0.0049298 
2.17528 -1.09416 0.621991 0.131778 0.763986 -0.261396 0.0493101 -0.797653 0.233418 0.242935 0.254654 0.00827569 
1.88696 -1.05563 1.194 0.197479 1.65824 0.310025 0.455192 -0.326952 -0.0459464 0.240181 0.147859 -0.0431582 
1.44003 -1.16618 0.669109 -0.323266 1.78582 0.369199 0.608967 -0.739078 0.474422 0.209797 0.270983 -0.0434068 
1.69005 -0.896718 1.11569 0.0308578 1.24166 -0.710086 0.421138 -0.967377 0.760687 0.209277 0.373431 0.0569244 
1.89548 -0.840013 0.621167 0.154368 2.01825 -0.206895 0.243689 -0.799833 0.844765 0.360104 0.386031 0.0808648 
1.77321 -0.642242 0.975369 0.48214 1.46526 -0.781538 0.0438259 -1.05736 0.0363737 0.413817 0.384407 -0.0046815 
1.9605 -0.818243 1.10184 -0.159605 1.59941 -0.583708 0.646876 -0.705395 -0.0261725 0.31094 0.278394 0.0463596 
1.80359 -1.31455 1.12368 0.688643 1.23867 -0.526193 0.533247 -0.360357 0.108776 0.329257 0.247837 0.0124064 
2.08155 -1.1437 0.658797 -0.435256 1.19152 -0.840666 0.217753 -0.718037 0.446499 0.42148 0.446453 0.0326917 
1.71494 -1.08498 0.857957 0.156514 1.34942 0.0967109 0.0827725 -0.684726 0.62894 0.172613 0.176456 0.0418954 
2.24978 -0.521262 1.39927 0.119545 1.1741 -0.0898145 0.688525 -1.0932 0.585587 0.213437 0.177816 0.0650086 
2.06404 -0.296475 1.29034 0.748752 1.51919 -0.0190613 0.71776 -0.0507516 0.399981 0.275149 0.344151 0.0781383 
2.78472 2.14817 2.47519 2.15284 2.1744 1.60587 1.2446 0.614867 0.844548 0.527706 0.272368 0.0738302 
4.5222 3.96063 3.46512 2.87175 1.86942 1.84645 1.40018 0.165643 0.387283 0.0637319 0.299809 0.078226 
2.95308 2.50243 2.2986 2.1208 1.92112 1.68563 1.34118 0.98974 0.617721 0.415111 0.230804 0.0622189 
2.88064 2.44581 2.30044 2.07641 1.75129 1.45143 1.07302 0.853971 0.596451 0.455407 0.269156 0.0575275 
3.2035 2.87942 2.85007 2.63829 2.37657 2.03889 1.43325 1.04666 0.712111 0.48825 0.255191 0.081456 
3.16922 2.77098 2.6215 2.36266 2.08745 1.63628 1.38146 0.886431 0.691906 0.478701 0.277778 0.078453 
2.41603 2.72945 1.8983 1.86854 1.88162 1.3705 1.45971 0.91742 0.924088 0.332168 0.434297 0.0528935 
1.71684 3.02655 1.63153 1.41797 2.20639 0.803057 1.68624 1.50024 0.868514 -0.0530659 0.387079 0.00121895 
3.3632 2.95699 2.69041 1.33216 2.01746 0.63706 2.16499 1.72072 0.183644 -0.586852 0.105759 -0.00761134 
4.0516 2.23475 1.76391 2.29554 1.30033 -0.134524 1.43219 0.712629 -0.699119 -0.554698 -0.0391163 -0.00340654 
4.16185 2.13496 2.27412 2.57411 0.545615 -0.292684 2.01777 0.338569 -0.907814 -0.975317 0.12654 -0.0159405 
5.256 1.61155 2.23206 2.28526 0.967889 -1.43832 3.04462 -0.543549 -0.832308 -1.23591 -0.0106203 0.127583 
4.53077 2.05961 1.77469 1.81604 1.09574 -1.03274 1.9273 0.17546 -0.941577 -1.15975 0.0796817 0.0905899 
4.38031 2.32347 1.55263 1.91902 1.022 -0.275758 1.35583 0.504509 -0.780321 -1.18441 0.103032 0.0723172 
4.5932 2.54416 1.91887 1.62624 1.67313 -0.558982 1.37954 0.325823 -0.684995 -1.04561 -0.000719902 0.0673407 
4.76196 2.72772 1.8399 1.28939 2.32301 -1.15567 1.69946 -0.16031 -0.555845 -1.34984 -0.0959642 0.139002 
4.55917 3.00235 1.84788 1.72042 1.95465 -0.321139 1.89483 -0.650493 -0.366705 -1.29503 0.24451 0.133019 
4.57119 2.95278 2.99058 1.4032 1.99246 -1.21273 1.74641 -0.299224 0.102738 -1.49746 0.262886 0.222446 
4.06272 2.95191 2.96559 2.85923 1.24531 -1.12096 0.580749 0.0806824 0.074934 -1.0872 0.180608 0.0595467 
4.13682 2.88478 2.66467 3.19553 1.83332 -1.18189 0.36198 0.265818 0.0456702 -1.00157 0.0881529 0.0650003 
4.42541 3.01917 3.19861 2.62094 2.36755 -1.64575 0.632072 -0.13723 0.395197 -1.36067 0.220891 0.181322 
5.15525 2.92467 2.99717 3.11044 2.45897 -1.54632 1.05386 -0.301122 0.644412 -1.42476 -0.098058 0.174698 
4.88942 2.7689 2.13022 4.54327 2.46207 -1.24082 1.04308 -0.314779 0.565465 -1.19377 0.291095 0.154057 
4.52883 3.241 2.37091 3.62893 2.84724 -1.18826 0.563146 -0.33265 0.515854 -1.22283 0.294308 0.143303 
4.82498 3.32492 2.11556 3.81067 2.62245 -1.69734 0.776848 -0.524002 0.79191 -0.975395 0.223334 0.150929 
5.58574 2.91067 0.943294 3.48152 2.15872 -1.31906 1.79275 -0.408083 0.281125 -1.34762 0.247934 0.198395 
5.18661 2.6538 1.0525 3.01371 1.3141 -0.735258 0.467263 -0.424894 0.779465 -1.45443 0.17659 0.143674 
4.45348 3.39669 1.70223 2.24593 1.2276 -1.66407 1.15956 0.321212 0.910442 -0.661241 0.227389 0.0907114 
3.46668 1.76511 4.53546 2.21766 0.100454 -0.899817 1.69607 0.470115 0.886107 0.697457 -0.0760375 0.098264 
3.02524 2.49323 2.21136 1.82867 1.38871 1.09016 1.04471 0.891351 0.812777 0.563593 0.291844 0.0605389 
2.76682 2.26432 2.03085 1.80664 1.52892 1.293 1.12885 0.910046 0.734284 0.587348 0.347814 0.0479989 
2.79653 2.33315 2.12269 1.93974 1.66804 1.44002 1.2337 0.956803 0.712989 0.511774 0.294794 0.0549413 
2.80921 2.36614 2.18945 2.00282 1.75851 1.53758 1.2847 1.01067 0.747771 0.523513 0.295293 0.0614326 
2.74421 2.28288 2.08519 1.88896 1.68775 1.46735 1.24335 0.974981 0.735491 0.524261 0.302041 0.0537036 
3.46688 3.25005 3.19507 2.96044 2.70691 2.34581 1.91956 1.48486 1.04816 0.524562 0.204774 0.0984857 
3.21839 2.88312 3.0137 3.00166 2.77693 2.41604 1.86418 1.27991 0.926669 0.565189 0.204769 0.100405 
3.32352 2.92562 3.17184 2.85194 3.40966 2.5516 1.71401 1.43309 1.07053 0.874859 0.133754 0.113252 
3.17274 2.38118 2.61708 3.42137 3.15864 1.73545 1.2537 1.55509 1.46812 0.717736 0.0953219 0.110476 
3.08266 2.47387 2.73382 2.29422 2.74436 2.17547 1.66927 1.22408 0.897913 0.643914 0.364038 0.119425 
2.91993 1.55719 2.03418 2.52161 2.5529 1.44233 0.897843 0.942654 1.13586 0.930842 0.268037 0.0455712 
2.66328 1.58178 2.18491 2.14309 2.52572 1.7507 0.918932 1.13569 1.10506 0.862921 0.334948 0.0543998 
2.49938 0.406121 2.52132 1.24506 2.91493 2.13612 2.34738 0.0164976 0.862433 0.837741 0.470628 0.0856875 
2.12445 0.397486 1.97632 1.44755 2.815 1.61872 1.9645 0.251679 0.930062 0.663982 0.627791 0.0218682 
2.42188 -0.400024 2.35812 1.19567 2.76774 1.27973 1.72723 0.323169 0.869798 0.827126 0.481626 0.0141142 
2.05971 0.14808 1.43407 1.03576 1.97421 1.72136 1.53106 -0.30025 0.678004 0.615689 0.233148 0.00558904 
1.90794 -0.0694387 1.6999 1.56466 1.96098 1.31218 1.73696 0.115355 0.751963 0.498092 0.343195 -0.00489404 
2.05236 -0.628666 1.12257 0.621634 2.15898 1.11457 0.655003 0.0561498 0.457442 0.676907 0.372577 -0.0289929 
1.6463 -0.741158 1.22918 0.0613213 1.52096 0.995759 1.30561 0.0785284 0.486203 0.451092 0.300572 0.0156729 
1.52603 -0.442874 0.685268 -0.12765 2.04741 0.838119 0.741535 -0.14825 0.686749 0.454447 0.257132 -0.0306659 
1.71789 -1.10715 0.520244 -0.0688599 1.39059 0.237458 1.00948 -0.531439 0.0826166 0.530134 0.327032 -0.00964639 
1.60955 -0.837874 0.276021 0.0338331 1.22682 0.357129 0.60785 -0.40695 0.000540678 0.13068 0.393995 -0.0194065 
1.46062 -1.12147 0.813736 -0.138066 1.82229 0.0625601 0.783766 -0.142875 0.387892 0.482424 0.21977 0.0588127 
1.50261 -0.812617 0.795369 -0.414119 1.57707 0.215368 0.428434 -0.517264 0.446827 0.476769 0.286149 0.0329185 
1.46573 -0.965981 0.691771 0.322307 0.763917 -0.449078 -0.0172663 -0.686404 0.567999 -0.0443679 0.241604 -0.0661375 
1.55287 -0.452459 0.651843 0.386949 1.10434 -0.320318 0.726049 0.563878 -0.377956 0.145196 0.234745 0.00455219 
1.78052 -0.947579 1.03348 0.456944 1.18184 -0.611505 0.113971 -0.679918 0.330461 0.0709373 0.25755 0.00682618 
1.6772 -0.864312 0.890739 0.472889 1.00233 0.0205107 0.82833 -0.537368 0.580114 0.155856 0.274465 0.0217051 
