1.85927 -0.647867 1.12482 -0.0757956 0.951359 -0.187247 0.660564 -0.575711 0.689602 0.446579 0.151021 -0.0289198 
2.20463 -0.487241 1.07164 0.110411 1.47856 0.0716698 1.20305 -0.241801 0.867109 0.45857 0.362989 0.0370032 
1.8147 -1.1154 1.06136 0.135649 2.00826 0.514181 0.740215 -0.378034 0.889687 0.0974274 0.299219 0.0132808 
1.84767 -1.22667 1.01243 -0.35313 0.894486 0.193565 1.16198 -0.837395 0.488421 0.208635 0.312851 0.0429707 
1.80672 -1.13908 0.883376 -0.0639304 1.016 -0.154574 1.2422 -0.577746 0.450059 0.508918 0.0315658 0.0177225 
1.78302 -0.988752 0.574467 -0.185941 1.62441 -0.229133 0.653067 -0.584194 -0.272757 0.103502 0.0862384 -0.135655 
1.72503 -0.500117 0.728789 0.241275 0.902914 0.575586 0.0715105 -1.68025 0.419785 0.300271 0.193139 0.00113096 
2.10094 -1.3716 0.945503 -0.642634 0.759255 -0.298425 -0.224173 -0.458205 0.290235 0.359445 0.435889 0.0621924 
1.76368 -1.29069 0.615806 0.357657 0.768839 0.368117 0.573511 -1.00561 0.458314 0.110056 0.292969 0.037543 
2.00689 -1.06475 1.80521 0.749571 1.38527 -0.230254 0.937989 -0.871426 0.888943 0.451826 0.286329 0.0265463 
1.87778 -0.83737 1.09288 -0.376106 1.63329 0.15303 0.92011 -0.96391 -0.0719183 0.242078 0.287492 0.09479 
1.82769 -0.973529 0.960729 -0.27852 1.54804 -0.173346 1.51387 -0.872501 0.0439571 0.38919 0.120455 0.0208661 
1.86594 -1.14791 1.52771 0.748429 1.37266 -0.547725 1.14116 -0.855848 0.657427 0.197591 0.17026 0.038579 
2.13619 -0.821593 1.55333 -0.0590969 1.39917 -0.226816 0.426295 -0.909175 0.490828 0.478653 0.0292435 0.045491 
1.92473 -0.636627 1.18486 -0.160526 1.2092 -0.12533 1.20043 -0.225208 0.190954 0.384143 0.253261 -0.00564384 
2.03068 -0.977153 0.636265 -0.426693 0.76231 -0.94961 0.526854 -0.611819 0.0719461 0.358404 0.2993 0.00272071 
1.91318 -0.538787 0.685885 -0.0109977 0.27569 -0.395227 0.237415 -1.05574 0.245784 0.668222 0.463044 0.0924682 
1.81841 -0.779327 0.481315 0.0822087 0.923051 -0.443333 0.439196 -0.488361 -0.184228 -0.0999037 0.250486 0.0532405 
2.01073 -0.794863 0.994585 -0.610212 1.97347 -0.447832 0.0975142 -0.365983 0.351434 0.440799 0.235708 -0.0706229 
1.94824 -1.21182 0.728795 0.0662078 1.59231 -0.208745 0.492868 -0.820114 0.766873 0.201922 0.0319427 -0.0569884 
1.94485 -0.798412 1.54794 -0.068495 0.808244 -0.486612 0.732679 -0.556987 0.544262 0.17782 0.317734 -0.0377498 
1.97786 -0.864639 1.1905 -0.0218613 1.1902 -0.0922709 0.866307 -0.487476 0.23182 0.229316 0.234983 -0.00640934 
1.82027 -0.613366 0.545715 0.370562 1.73806 -0.365869 0.118303 0.23583 0.401305 0.101726 0.159508 -0.0676301 
1.80047 -1.1098 1.0761 0.307469 0.927274 -0.48406 0.36825 -0.696374 0.17956 0.186093 0.0382496 0.00747627 
2.03439 -0.847954 1.5911 0.452048 0.611835 0.0836892 0.854342 -0.985935 0.671682 0.386487 0.241003 -0.0106912 
2.64914 2.0896 1.96123 1.4188 1.62972 1.26428 1.06646 0.603081 0.493296 0.383377 0.238826 0.0537576 
3.48766 3.31892 3.26395 3.46153 2.91484 2.44434 1.92715 1.48424 0.801484 0.584581 0.321085 0.111184 
3.49525 2.79466 3.48697 2.63823 1.55488 1.7813 1.31646 1.42279 1.23978 0.238028 0.428958 0.131783 
3.59211 3.18313 3.07002 1.80887 2.0525 2.06461 0.868255 1.18413 0.607548 -0.12284 0.487986 0.0769765 
3.30417 3.01335 3.05996 2.92443 2.53833 2.25525 1.63508 1.16035 0.863381 0.447316 0.265407 0.0906407 
3.57919 3.9563 0.0569781 1.4144 1.30263 2.83587 2.56278 1.24728 1.37984 -0.416252 0.428679 -0.0149475 
3.89749 4.05819 2.5663 2.52186 1.44656 1.46208 2.04463 0.248701 -0.114043 -0.758683 0.342256 -0.0243499 
4.46238 2.15284 2.34531 2.86103 1.20181 -0.712676 2.74003 -0.356898 -0.248004 -1.21343 0.116567 0.0325081 
4.56872 1.68548 2.32605 2.8539 0.542633 -0.73391 2.91393 -0.700987 -0.41869 -1.36028 0.11303 0.0294515 
4.44071 1.72154 2.10468 2.46094 0.745872 -1.15166 2.504 -0.672013 -0.22459 -1.41436 0.183974 0.104836 
4.46952 1.74767 1.78152 2.23905 0.917673 -1.51751 1.83444 -0.534179 -0.169789 -1.47192 0.16017 0.144702 
5.28999 2.24833 1.48736 2.33722 0.921186 -0.827489 1.44428 0.0866913 -0.39495 -1.67827 -0.0424211 0.135658 
4.3143 2.66025 1.5626 1.61042 1.43427 -0.36744 0.629665 0.480626 -0.182788 -1.34992 0.104577 0.062823 
3.68886 2.35806 1.52481 1.66018 1.75417 0.661586 0.573954 0.301878 -0.367802 -0.947793 0.174646 0.0427061 
3.92559 2.8479 1.76124 1.92653 1.30834 0.493559 0.985923 0.50388 -0.071498 -1.22874 0.353874 0.055349 
4.40735 2.56533 1.50312 2.02027 2.22328 0.609307 1.04991 1.06064 -0.178168 -1.62006 0.178407 0.127671 
4.43849 3.1179 2.095 2.17684 1.61248 -0.0317994 0.34241 0.730876 0.0144654 -0.976301 0.186029 0.0688924 
4.52547 3.42844 1.87424 2.26774 1.84239 -0.859297 0.158285 0.473786 0.443605 -1.46129 0.25503 0.0944414 
3.41498 2.89213 2.16628 2.61304 1.70512 0.377569 0.350696 0.0618256 -0.00629181 -0.701957 0.0614516 -0.0260363 
3.40308 2.68559 2.15205 1.87608 1.48723 -0.0161343 0.212906 -0.160143 -0.01709 -0.460446 0.0628365 -0.00148398 
3.79221 3.03217 2.61803 2.73898 1.66386 -0.39753 -0.0462235 0.0154413 0.0932716 -0.62067 0.219814 0.0398442 
3.36056 3.24151 2.72732 2.41474 1.71082 0.428766 0.459368 -0.321902 0.0381269 -0.247839 0.10049 -0.0103285 
3.47744 3.1835 2.79993 2.54227 1.51728 0.356959 0.492196 0.1908 0.287649 -0.152152 0.165623 0.0226849 
4.22409 3.48021 2.38066 2.95174 1.90656 -0.373105 0.33797 0.141262 0.298023 -0.618154 0.185265 0.0479846 
3.98637 3.68225 2.59943 2.73041 2.62864 -0.498974 0.754297 -0.235966 0.699966 -0.63678 0.23727 0.042553 
3.62903 3.81082 2.38583 2.57986 1.53228 0.623508 0.684839 -0.505302 0.32991 -0.333985 0.475251 0.0336424 
4.50705 3.13785 1.39009 2.99006 2.14419 -0.612015 -0.170786 -0.135246 0.703719 -1.21544 0.351908 0.108368 
5.69672 4.11927 -1.22195 3.85612 1.97981 -2.25413 0.900422 -0.572412 0.618469 -1.394 0.174192 0.191597 
3.66742 2.89669 1.42698 1.97142 1.62164 -0.336805 0.38457 -0.169772 0.563841 -0.6248 0.275959 0.0305745 
3.40065 2.69241 1.83402 1.9506 1.15979 -0.143124 0.434302 0.330904 0.674399 -0.18536 0.288952 0.0472514 
3.65164 2.42159 1.99969 1.9454 1.12206 -0.103882 1.1665 1.2844 0.697776 -0.143401 0.220657 0.0631684 
4.03953 2.6813 1.30332 1.45152 0.840048 -0.168825 1.06186 2.13981 1.64479 0.0125752 0.520976 0.113012 
4.87017 3.1468 2.05871 1.19989 0.322984 0.399934 1.42049 2.08189 1.51079 0.576579 0.493695 0.114811 
3.56704 3.13632 2.56232 2.04681 1.58168 1.40859 1.54514 1.51587 1.21568 0.701145 0.250254 0.0877775 
3.15416 2.79189 2.69823 2.54247 2.31589 1.92574 1.53991 1.20179 0.816046 0.545153 0.256871 0.0877913 
2.83393 2.37851 2.25985 2.11439 1.87372 1.65668 1.39744 1.1207 0.829137 0.560594 0.310988 0.0712778 
2.74283 2.2682 2.00921 1.90301 1.7126 1.45576 1.22527 0.983648 0.741808 0.491553 0.279462 0.0565213 
2.87012 2.46613 2.30706 2.12327 1.84896 1.62983 1.37781 1.09382 0.825185 0.515696 0.288775 0.081575 
2.75991 2.31808 2.14779 1.95842 1.78959 1.52148 1.30413 1.0106 0.799176 0.539679 0.314719 0.0757082 
2.69211 2.29632 2.31405 2.14137 2.23747 1.82453 1.25647 1.03282 0.998625 0.80265 0.313376 0.0929717 
2.74839 2.0392 2.18757 1.80788 1.83869 1.8026 1.18117 0.716838 0.663551 0.627071 0.287488 0.053653 
2.71889 1.88689 2.26919 2.03435 1.83811 1.66101 1.63049 0.793908 0.735222 0.537322 0.464347 0.0648142 
2.6299 1.43045 2.38756 2.00824 2.32408 1.59866 0.837613 0.636406 0.755676 0.770374 0.475082 0.0324258 
2.18139 0.0495076 2.29065 1.81283 2.45731 1.56046 1.21165 0.0739822 0.776868 0.408728 0.399063 0.0209383 
3.34081 0.389955 0.37829 -0.989123 0.823801 0.422567 2.38818 1.59195 0.519622 0.424291 0.095283 -0.0135467 
4.38649 0.0160325 -1.33594 -3.42754 -3.01733 -0.730541 2.40911 2.77281 1.71548 0.387716 -0.0894865 -0.116921 
2.52799 -0.172445 -0.346497 -1.17039 -0.109069 0.560872 0.589721 0.873362 1.38875 1.01996 0.0217209 -0.0745746 
1.67552 -0.64665 0.807223 0.543571 1.72317 0.640569 0.0902227 0.316524 0.856795 0.487629 0.405672 -0.0720672 
1.88221 -0.578643 0.770451 -0.190842 1.1351 0.543991 0.726421 -0.792377 0.98182 1.02213 0.234728 -0.0255895 
1.50539 -0.78331 1.98823 -0.146528 1.32235 0.0819239 0.664676 -0.699366 0.114701 0.347501 0.3286 0.108734 
1.77414 -0.726608 1.37817 0.284715 0.442521 0.542006 0.355001 -0.833609 0.0681209 0.43582 0.179488 0.0137495 
1.39059 -1.00618 0.362934 -0.0962342 1.23998 0.524494 0.717619 -0.269005 -0.201774 0.444062 0.296957 -0.00658772 
1.60458 -0.770296 1.10017 1.19226 1.02375 0.300946 0.609463 -0.40993 0.451196 0.211395 0.236385 0.00647978 
1.74209 -0.480492 0.84368 1.00681 1.49493 -0.0863941 0.232608 -0.00765047 0.17876 0.0934283 0.283463 -0.0315225 
1.72709 -0.868389 1.02464 0.251117 1.30675 0.354783 0.206362 -0.631188 0.146524 0.314097 0.233081 0.0475265 
1.64235 -0.859183 1.0449 -0.453697 0.953568 -0.292917 -0.0918044 -0.00399485 0.324789 -0.160036 0.383602 0.148098 
1.71802 -0.451136 0.224185 0.130836 1.45235 0.237758 0.788227 -0.643204 -0.266988 0.360828 0.236611 0.0883452 
1.78717 -0.65066 0.602276 0.489338 1.1902 0.569127 0.476084 -0.742487 0.446878 0.0609641 -0.10087 -0.0269047 
1.91068 -0.8322 1.02834 0.491652 0.773654 -0.206277 0.630565 -0.364634 0.783599 0.168565 0.455525 0.0151902 
1.88433 -0.637763 1.07769 0.526031 1.22726 0.682682 0.952473 -0.612666 0.39525 0.326257 0.265729 0.0121262 
