1.95948 -1.38448 0.768234 -0.340563 -0.70926 0.242936 2.50011 -0.617153 -0.196807 0.317729 0.00300542 -0.164719 
0.973348 -4.02378 -0.0406564 -3.62762 -1.84851 1.29239 7.27903 0.238391 -1.18942 0.60346 -0.707037 -0.0473551 
2.44253 -2.61424 0.0131556 -1.95233 -1.14661 1.77636 4.27384 -0.356896 -0.389969 0.186036 -0.349714 -0.109909 
2.9856 -1.79545 -1.96602 -2.46144 1.06589 2.85361 2.87125 0.606425 -0.793508 -1.13656 -0.0984439 0.0939426 
2.55716 -1.49642 -1.71121 -1.64027 0.872897 2.4147 2.75474 0.366936 -0.77807 -0.886834 0.0687377 0.11385 
2.49105 -1.37818 -0.410935 -1.12412 1.09176 1.11775 1.93519 -0.0742327 0.162004 -0.864068 -0.232655 0.12656 
2.24945 -1.09138 -0.424551 -0.379702 1.84124 1.11391 0.624846 -0.717442 -0.0163712 -0.854908 0.083369 0.156417 
2.43388 -0.793908 0.608172 -0.483968 1.32421 0.79523 0.441914 -0.0535881 0.111296 -0.238219 0.121415 0.0400158 
3.69494 0.373476 0.556025 -1.89134 -0.0992168 -0.424602 0.893613 0.700249 1.38718 0.741343 0.241664 0.025906 
2.14721 -0.539019 1.07103 0.528837 1.07122 0.540875 0.803337 -0.242248 1.04623 0.291402 0.399985 -0.0120485 
1.98187 -0.885939 0.773983 0.274891 0.410059 -0.0101276 0.191833 -0.821327 0.689442 0.0265508 0.217144 -0.0630258 
1.92447 -0.790808 0.964694 0.388291 1.54254 0.0974487 0.582663 0.0832616 0.846347 0.303992 0.325179 -0.00481608 
2.35383 -0.983308 0.262645 0.346156 1.93957 -0.605086 0.633274 0.0380037 0.428966 0.51975 0.292828 -0.0358794 
2.18012 -1.14106 0.970364 0.271512 1.30272 -0.24892 0.0550778 -0.637595 0.0752577 0.161735 0.558923 0.0981667 
2.16523 -1.35937 1.00497 0.247663 1.45926 -0.0470615 1.16552 -0.67119 0.247536 0.336867 0.308641 0.041537 
1.57505 -0.758393 1.01564 0.0573319 1.33503 -0.352181 0.471393 -0.919035 0.123815 0.292235 0.532968 0.0496622 
1.96052 -0.998166 1.14982 0.441825 1.8752 0.136362 0.907861 -0.747303 0.227805 0.375563 0.0943918 0.0217055 
1.98025 -0.717059 0.872592 0.473088 0.962953 0.242394 0.713573 -0.414884 0.450665 0.186531 0.363532 0.0116207 
1.87632 -0.701042 1.10147 0.364993 1.16483 -0.187939 0.225505 -0.565862 0.381753 0.665182 0.163844 -0.0572471 
1.83586 -1.42399 0.786627 -0.393509 1.02251 0.00524613 1.04271 -0.518639 0.16674 -0.0362608 0.241169 -0.0453089 
1.93962 -0.818002 0.934766 -0.370304 1.16142 -0.645607 -0.434099 -1.13209 0.654173 -0.020961 0.31578 0.0732875 
1.97794 -0.733606 0.947644 0.19351 0.89026 -0.588016 -0.0534781 -0.785433 0.318735 -0.106371 0.408205 0.00512342 
1.80874 -1.00509 1.29569 0.792503 1.78663 0.160641 0.48796 -0.334806 0.466656 0.0453214 -0.216677 0.00363411 
1.69072 -1.26661 0.841136 0.527809 1.17505 -0.70898 0.245631 -0.66948 0.744144 0.065596 0.2221 -0.0552707 
1.7218 -0.614885 0.165093 0.43733 0.082047 -0.564307 0.148501 -0.556282 0.163707 -0.139516 0.427573 -0.0510951 
1.95689 -1.44738 1.66168 0.721727 2.12471 0.287819 0.648474 -0.328214 -0.0302188 0.0740594 0.0835623 -0.00809196 
1.90027 -0.531577 1.34388 -0.152899 1.9547 0.346654 0.48024 -0.936333 -0.0582711 0.430957 0.169538 -0.0684873 
2.08176 -1.09432 1.68428 -0.239697 1.39629 0.242424 0.828446 -0.713491 -0.181722 0.1861 0.108376 -0.00291471 
2.19156 0.206469 1.44413 0.337404 1.50561 0.671689 1.32794 0.322983 0.436325 0.0941807 0.218882 0.0334567 
2.6986 2.26055 2.02417 1.90192 1.7326 1.52902 1.27786 1.01446 0.742397 0.477819 0.272515 0.0619543 
3.38653 3.15536 3.02297 2.67557 2.23019 1.67362 1.2154 0.821133 0.572001 0.435805 0.333022 0.0770002 
4.09807 3.92924 3.49713 3.04091 2.63396 1.87454 1.37405 0.746615 0.133314 0.165716 0.364943 0.072503 
3.80355 3.49667 3.26713 2.87456 2.51799 1.92236 1.46804 0.870091 0.415652 0.378074 0.360837 0.0847514 
3.13482 3.28718 3.06937 2.51989 2.66597 1.79717 1.51961 0.940135 0.697654 0.480795 0.277596 0.0803848 
1.0514 1.873 -0.191006 2.97234 2.59127 0.920301 2.66293 1.51151 1.03812 0.277271 0.438199 0.0241109 
1.79627 1.0874 0.49533 0.943453 1.91752 0.898307 2.01898 1.80531 1.03455 -0.236086 0.500491 -0.0401755 
3.17929 2.59057 2.35039 1.8039 1.42386 0.870412 0.392155 -0.216878 -0.448069 -0.31457 -0.0372636 -0.0390589 
4.05444 2.78864 2.08577 2.17656 1.57603 0.419184 1.09524 0.683198 -0.492426 -0.853269 -0.0636028 -0.0315784 
3.72608 2.57567 1.86069 1.85704 1.35492 0.396856 0.664491 0.189023 -0.628531 -0.781719 -0.00680434 -0.0307697 
4.09994 2.76075 2.01855 1.66866 1.03441 -0.184092 0.395556 -0.059645 -0.787635 -0.72862 -0.00432757 -0.0195887 
5.00902 2.86773 1.6943 1.86067 1.43159 -0.509474 0.392759 0.64217 -1.31362 -1.42828 -0.152742 0.0467795 
4.7749 2.57093 1.80375 1.86958 1.48049 -0.31752 0.904555 0.13377 -1.15416 -1.30722 -0.0685816 0.0425556 
5.48371 2.58312 1.90692 1.64169 2.49425 -1.40622 1.69659 -0.189319 -1.0457 -1.236 -0.367155 0.105503 
4.57568 2.86468 1.95156 2.03519 1.60352 -0.455007 1.55385 0.112457 -0.884306 -1.23153 -0.103664 0.00834185 
4.81864 2.88815 1.98697 1.81938 2.19909 -0.448889 0.868874 0.411733 -0.507049 -1.14596 -0.135331 0.0364114 
5.59437 2.58871 2.68134 1.53849 2.13401 -0.997881 0.936659 0.455068 -0.502983 -1.45321 -0.290931 0.118656 
5.23905 3.53948 2.57077 1.63859 2.89077 -0.635114 0.755411 -0.125868 0.0944435 -1.16788 -0.247772 0.0294405 
3.81507 2.96406 2.35661 1.97586 1.81039 0.464003 0.391095 -0.146749 -0.410496 -0.391535 0.120528 0.00626472 
3.69689 3.09922 2.22788 1.74179 1.00294 0.302219 0.198339 -0.150269 -0.0955964 -0.153504 0.210052 0.033389 
4.98546 3.6083 1.86272 1.41371 2.67036 0.0975367 0.803632 0.148517 -0.00462134 -1.00596 0.107068 0.0899603 
4.224 3.15654 2.39102 1.92282 2.05431 0.347799 1.49076 0.29067 -0.633652 -0.739029 0.313118 0.0825168 
3.85867 3.05308 2.18289 1.80258 1.5701 0.965904 1.39517 0.502989 -0.218917 -0.453816 0.276084 0.0428432 
3.43141 2.97382 2.38799 2.03977 1.57493 0.986796 0.851485 0.0253097 -0.195925 -0.240225 0.165583 0.00401787 
3.73523 2.89404 2.33187 2.15821 1.94537 -0.134762 0.531727 -0.0839017 0.0726157 -0.293832 0.155601 0.0331536 
3.82415 2.72107 2.2819 2.52764 1.75084 -0.125105 0.991102 0.348667 -0.13111 -0.770613 0.12969 0.0307633 
3.60082 3.25056 2.06829 1.64377 0.846796 0.957759 1.26403 0.274642 0.190391 -0.176927 0.32007 0.0361947 
4.51255 3.39099 2.83665 2.33336 1.4472 -1.39955 2.01474 1.12851 1.15318 -0.27573 0.218217 0.113171 
4.72712 3.8663 1.14801 2.4531 1.39813 0.101232 0.985369 1.39213 1.7413 -0.218292 0.271924 0.0237362 
3.09646 2.6453 2.27072 1.8204 1.63151 1.34078 0.980683 0.879453 0.744014 0.607368 0.420729 0.0748437 
2.86191 2.34397 2.04304 1.78398 1.59502 1.34665 1.09018 0.910097 0.691033 0.465469 0.286703 0.0495791 
2.77391 2.28189 2.06929 1.9493 1.76692 1.51426 1.27288 1.06036 0.837586 0.557753 0.292269 0.0584037 
2.80916 2.25493 2.16767 2.06083 1.96678 1.85115 1.43773 1.15301 1.01693 0.752868 0.3934 0.0986232 
2.72367 2.25014 2.09801 1.94084 1.70475 1.53307 1.31349 1.10824 0.966511 0.650454 0.395066 0.0839531 
2.65198 2.19467 1.90353 1.77901 1.63812 1.30007 1.08278 0.872736 0.72675 0.54195 0.280541 0.0658056 
2.907 2.25158 2.42082 2.38904 1.82382 1.90071 1.6912 1.08564 0.761037 0.539304 0.428587 0.0939872 
3.02116 1.41877 1.42157 1.09709 1.22572 1.68619 2.05269 1.7502 1.0894 0.82761 0.16921 -0.00725162 
2.80276 1.44297 2.45028 2.13638 1.75235 1.71508 1.90429 1.02879 0.914156 0.481703 0.353691 0.0739634 
2.61257 0.492293 2.01434 1.95615 2.41767 1.96498 1.45357 0.301452 0.846266 0.90047 0.389488 0.00575225 
1.88733 0.0527195 1.5572 1.73188 2.35553 1.18927 0.505807 0.0510521 0.155134 0.518061 0.520963 -0.0386078 
1.68381 -0.441124 1.65103 1.3778 2.85712 2.00434 1.30372 0.590196 0.434739 0.66747 0.235412 -0.029752 
2.04427 -0.628422 1.42174 1.02062 2.42118 0.953578 1.22234 0.271053 0.914379 0.515126 0.452128 -0.0499574 
1.79571 -0.990087 1.94017 1.43063 2.25321 1.26953 1.32787 -0.641998 1.00894 0.461266 0.211883 0.0105955 
1.6711 -0.533231 1.24595 0.449584 0.982757 1.40057 0.370819 -0.444729 0.66043 0.637741 0.116413 0.00267786 
1.3893 -1.00878 0.971003 0.639311 1.7651 0.951733 0.426986 0.0968172 0.474722 0.351214 0.27329 0.0350218 
1.57457 -1.00098 1.44821 0.145925 1.18999 0.116088 1.05411 0.233469 0.723327 0.633413 0.409949 -0.0478741 
1.80224 -0.663335 1.00842 -0.133335 1.75198 0.1515 0.102119 0.286208 0.52618 0.482679 0.322439 -0.0261162 
1.27478 -1.44495 0.959988 0.137075 0.75845 -0.289701 0.599075 -0.425275 0.393012 0.198219 0.353725 0.0826145 
1.37639 -0.834678 0.911879 0.323788 1.5349 0.322001 0.819244 -0.26828 0.0747853 -0.0680415 0.134904 0.00665732 
1.76622 -1.14509 0.633772 0.343994 1.64482 -0.343847 0.578731 -0.787306 0.132744 0.312218 0.0978813 0.000149963 
1.55627 -0.912568 0.0755623 -0.534965 0.33961 -0.773575 0.517111 -0.449528 -0.167375 0.127937 0.351701 0.0152887 
1.63545 -1.27707 0.08459 0.28865 0.927218 -0.204234 0.273038 -0.336733 0.755595 0.114638 0.0464375 -0.0049292 
1.49069 -0.805139 0.0652873 -0.462958 1.78697 -0.940474 0.634046 0.174253 0.422686 0.175827 -0.3047 -0.116559 
0.977393 -1.27846 0.289931 1.47781 0.421669 -0.237738 2.21016 -0.626072 -0.305579 -0.242039 -0.307623 -0.213175 
1.16668 -0.666231 0.728576 0.124425 0.694531 0.0971171 0.607925 -0.534251 0.150161 0.038868 -0.403382 -0.0220297 
0.954995 0.477393 1.32031 -0.918351 0.77348 0.0719352 -0.0559801 -0.0774186 -0.326914 0.636559 -0.111332 -0.119199 
