2.16265 -2.19392 1.73301 -0.00182568 -0.0460838 1.19865 2.59879 -0.905269 0.688127 0.0124853 -0.171142 0.00236166 
1.83713 -1.20581 2.8755 1.98906 -0.796405 0.400286 1.38526 -0.126174 0.651954 -0.136893 -0.297123 -0.0586779 
2.25398 0.23161 0.474822 -0.547878 2.00897 -0.134519 0.400352 1.09289 0.373253 0.219605 -0.0830242 -0.0807058 
2.31886 -0.320333 -0.16966 -0.798874 0.889562 1.07036 0.799109 0.470354 0.302445 -0.121984 0.0980093 -0.0426095 
2.45739 0.290007 1.5056 -0.567775 1.51644 0.235175 -0.186592 -0.676854 -0.1027 0.124643 0.378513 0.00836862 
2.18298 0.235985 1.75848 0.0736534 2.15793 0.485363 0.192678 -0.0976367 0.588857 -0.238452 0.412654 0.0313945 
1.89645 -0.193569 1.4088 -0.283747 1.23524 -0.340199 -0.153931 0.246012 0.567667 -0.282908 0.623812 0.0044333 
1.85485 -0.40469 1.03865 -0.707998 2.45233 0.495737 0.486819 0.0983901 0.607856 -0.190973 0.423952 0.00875818 
2.03402 -0.0772304 1.13986 -0.108473 1.0284 0.178853 -0.207451 -0.886263 0.266497 0.184341 0.282054 0.0504968 
1.96188 -0.262728 1.72461 0.884587 2.00008 0.199888 0.0478035 -0.16141 0.682187 -0.19917 0.225871 0.0441965 
2.19735 -0.0741051 1.48912 0.201428 1.19615 -0.715292 0.0557268 -0.644536 0.404474 0.0251542 0.442959 0.0545748 
2.08276 -0.147468 1.39762 -0.786879 1.07079 -0.387654 0.157613 -0.561498 0.23769 -0.453687 0.179551 0.0372621 
1.97814 -0.422551 1.71076 0.175692 0.999847 -0.570099 -0.375458 -0.509784 0.48197 0.437578 0.35108 -0.0489882 
2.08308 -0.43183 0.927276 0.144927 1.62693 -0.82504 0.198414 -0.799925 0.459063 0.153387 0.375196 0.0846561 
2.30275 -0.441454 0.980163 -0.0651866 1.33502 0.177048 0.523866 -0.67675 0.585847 0.13188 0.26567 0.0179156 
1.977 -0.46223 1.56171 -0.760523 0.795712 -0.040368 0.489077 0.196012 0.0220885 -0.29411 0.558798 0.0692128 
1.97352 0.00743459 1.74242 -0.540108 1.08481 0.772757 0.826294 0.0128697 0.277226 -0.265749 0.479445 0.0117503 
1.86525 0.0378184 0.816114 -0.70719 1.80287 -0.174803 0.0214838 -0.0995421 -0.144888 -0.406886 0.362556 -0.0222509 
2.07828 -0.366749 1.36148 -0.603397 1.12014 0.174471 0.846735 -0.872777 0.441841 0.188172 0.466807 0.0522762 
1.74247 -0.629917 1.65812 -1.09291 1.51905 -0.472627 0.240851 -0.236173 -0.002482 0.212499 0.167531 -0.0052674 
1.84181 -0.340073 1.06614 -0.0683156 1.37112 -0.193969 0.2794 -0.483669 -0.195552 0.153539 0.312454 0.0174276 
1.941 -0.127796 1.37213 -0.383614 0.671281 -0.536426 -0.555933 -0.607953 0.080012 0.007831 0.192687 0.0233583 
2.12861 -0.214119 1.00345 -0.00647878 1.28931 -0.421757 0.325508 -0.792818 0.097226 0.461224 0.285301 0.00591923 
2.00487 -0.559821 1.13326 -0.463846 0.732357 -0.540477 -0.0709844 -0.580116 0.687853 0.485503 0.281047 0.0631978 
1.73756 -0.38911 0.72696 -0.414949 1.23147 -0.0820116 -0.275707 -0.933611 0.191948 -0.14599 0.269199 -0.00803372 
1.95778 -0.0963429 1.4623 -0.412772 0.758027 0.439349 0.31859 -0.659311 -0.0234235 -0.390483 0.268862 0.0491785 
1.90942 -0.292969 1.09144 -1.25166 1.78413 -0.126374 -0.122805 -0.512945 0.0302668 -0.156119 0.355907 0.056674 
2.0129 -0.151687 1.73481 -0.360694 1.05371 0.362811 0.173905 -0.279828 0.219989 -0.063259 0.396669 -0.0401318 
2.17296 0.059795 1.45908 -0.368655 1.44692 -0.165157 -0.465399 -0.46887 0.149001 0.101358 0.39214 -0.00249813 
1.9144 -0.369746 0.812014 -0.609667 1.51936 -0.155706 0.233941 -0.378919 -0.194114 -0.0771432 0.347327 0.0233101 
1.94502 0.184126 1.14952 -0.136318 1.11223 -0.299506 0.359816 -0.546512 -0.0140316 -0.0599181 0.445246 0.0337429 
2.06099 -0.423416 1.31714 -0.311871 1.72458 0.164282 0.54094 -0.744565 0.101557 -0.128724 0.29452 -0.0303322 
1.83599 -0.255198 1.35931 -0.51427 0.464943 -0.403008 0.15879 -1.08952 0.131099 -0.0324186 0.39337 0.0657552 
2.03289 -0.367491 1.19822 -1.01597 1.29583 -0.0770848 0.556298 -0.633299 0.0969749 0.197009 0.360411 0.0586591 
2.22341 0.126985 1.51705 -0.313285 1.09077 -0.399578 -0.148173 -0.395459 0.104542 -0.192224 0.356474 0.0112077 
2.04844 -0.391353 1.21517 -0.226776 1.1739 0.662199 0.105679 -0.382163 -0.0155409 -0.221498 0.337361 0.0231566 
1.93852 -0.375287 1.36534 -0.833468 0.811308 -0.0758851 -0.0478631 -0.277489 0.214866 -0.241714 0.576636 -0.00577915 
2.24045 -0.282993 1.60393 -0.423205 1.54665 0.525837 0.339003 -0.276255 0.24654 -0.174722 0.294275 0.0593227 
1.83542 -0.139562 1.18448 0.0580178 1.5908 -0.977858 -0.254082 -0.323684 0.0914573 -0.190248 0.368426 0.00683098 
2.29528 -0.0807863 1.60358 0.56843 1.81632 0.176501 1.221 0.153769 0.386281 0.0228103 0.661175 0.0610872 
3.71982 2.15262 3.07653 3.60146 1.8187 0.622284 2.10043 1.4184 -0.276685 0.0479696 0.439033 0.0828216 
3.71187 0.484464 1.73562 3.61007 1.67021 1.598 3.20524 1.3445 -0.575833 0.30129 0.750918 0.123937 
3.81707 1.35368 1.87774 3.38899 1.66927 1.14145 2.93781 1.93871 -0.358521 -0.0821506 0.612334 0.165911 
3.71901 2.11495 2.4409 2.6678 1.40448 1.60405 2.61666 1.24498 -0.473634 0.0599302 0.664164 0.115302 
3.96722 1.6208 2.5319 3.10968 1.36722 1.91658 3.26428 1.44114 -0.343358 0.0859716 0.445447 0.0825213 
3.25628 2.28922 2.57257 2.4552 1.61099 1.29996 1.44703 1.02035 0.353151 0.553553 0.418205 0.0695326 
3.2014 0.587748 3.18113 1.79084 0.567935 1.70868 2.12255 -0.129194 0.258544 0.989247 0.33872 -0.0154472 
3.62751 1.99813 2.68413 1.33783 1.32884 -0.245867 0.29235 -1.95853 -0.448274 0.618492 0.459729 0.0640885 
4.93913 1.95254 1.57371 0.954529 0.741814 -1.05045 1.26888 -3.56843 0.143018 0.880793 0.277297 0.078694 
3.97753 2.21416 1.1012 0.626982 0.452173 -0.210443 -0.513849 -1.42785 -0.430757 0.478546 0.433945 0.118111 
3.95321 2.34363 0.74825 0.394244 0.511719 -0.324647 -0.652829 -1.44693 -0.396155 0.38176 0.450437 0.14121 
3.65995 1.78244 0.981655 1.04699 0.821227 -0.831996 -0.934608 -1.36654 -0.485529 0.459209 0.519489 0.116662 
3.82898 2.05361 0.743546 1.07376 1.01169 -0.612256 -1.16717 -1.43611 -0.267909 0.284867 0.531375 0.116518 
3.5044 2.14641 0.931832 0.573535 0.260532 -0.246521 -0.820359 -1.21873 -0.358903 0.336973 0.510183 0.133424 
3.5379 2.24202 1.06971 0.69006 0.711925 -0.42029 -0.834993 -1.34771 -0.318344 0.505359 0.517157 0.134213 
4.23538 2.10454 0.738688 1.85935 2.48057 -1.22254 -0.427948 -2.27652 -0.275629 0.427347 0.610834 0.133344 
4.32954 2.11619 0.461271 1.92044 2.52083 -1.54271 -0.674617 -2.13878 -0.297751 0.387646 0.495841 0.123281 
4.10457 1.70718 0.48094 2.38712 1.57666 -0.945421 -1.08596 -2.09072 -0.702728 0.368988 0.736143 0.0997868 
4.76973 1.07806 0.196586 1.86316 3.25721 -2.1214 -0.816054 -2.48825 0.0684988 0.395004 0.374588 0.14766 
4.95643 1.38303 -0.190439 1.86093 2.76483 -1.36756 -1.52523 -2.4409 0.110804 0.316932 0.471714 0.0918702 
4.96154 1.33987 -0.584565 1.9535 3.0257 -2.06168 -1.43449 -1.94719 -0.157077 0.45775 0.437245 0.147788 
4.39652 1.45975 0.0800711 2.05256 2.39674 -1.5608 -2.00961 -1.79388 -0.169631 0.518302 0.450227 0.0642856 
4.23243 1.58151 0.431328 1.75357 2.341 -1.32206 -2.0582 -1.86858 -0.19395 0.553505 0.452074 0.0366206 
4.36058 0.975774 -0.460004 1.35308 2.56716 -1.60085 -1.55024 -2.2406 0.0629597 0.540919 0.536823 0.107219 
4.4986 1.6136 -0.305238 1.52966 3.11986 -1.39612 -1.28249 -2.16692 0.22936 0.469487 0.586515 0.12071 
4.0736 0.993954 -0.342638 1.3973 1.83712 -0.486774 -1.62613 -1.66266 0.0545393 0.743262 0.603323 0.0700362 
4.14188 1.43142 0.0468938 1.84635 2.02185 -1.17262 -1.17772 -1.24097 -0.335084 0.771661 0.664468 0.115265 
4.59566 1.64158 0.438661 1.80519 2.33458 -2.22447 -0.0377371 -1.40104 -0.178433 0.686935 0.530169 0.183397 
3.62046 2.19035 0.776255 1.83705 1.55605 -1.19447 -0.271823 -1.37945 -0.0703524 0.661292 0.600414 0.105296 
4.34134 1.78251 0.867308 2.10185 2.4604 -1.15558 -0.088358 -1.40816 -0.608807 0.986821 0.627071 0.122925 
3.52876 1.52668 1.07386 1.76154 2.63453 -1.45716 0.72254 -0.845531 0.154397 0.37142 0.616835 0.152668 
3.54903 1.32656 0.402984 2.61712 3.01648 -1.15179 0.330684 -0.330652 -0.132342 0.767854 0.636508 0.113318 
3.66184 1.05948 0.0796249 1.89187 3.45853 0.0845959 0.72096 -0.51747 0.650261 0.906359 0.437984 0.0241276 
4.14447 1.48896 -1.37547 1.83264 5.39413 1.50614 1.60052 -1.55324 0.518875 0.504262 0.37603 0.0731812 
4.00846 1.24478 -1.32785 0.516624 4.3471 2.07943 2.49883 -0.550058 0.401812 0.59937 0.345984 0.103832 
5.05286 2.00986 -3.03859 -0.365414 4.49498 1.696 2.65409 -0.0507389 1.24207 0.679549 0.323023 0.0451037 
4.61145 0.746901 -2.1144 0.144149 3.41333 2.32861 2.13291 0.403178 1.28445 0.493303 0.306625 -0.0251792 
3.63266 0.294927 -0.977371 0.944798 3.22425 3.36459 1.67512 0.505434 0.307576 0.420749 0.326415 0.0545393 
3.65079 0.439632 -1.30567 0.591296 3.46348 4.06712 2.40497 0.50781 0.150303 0.359629 0.34106 0.0957892 
4.13309 0.793604 -1.72537 0.326604 3.83011 4.47905 2.42368 0.500367 0.384098 0.203805 0.28627 0.0891199 
4.95195 0.631686 -1.82329 -0.0678998 3.36986 4.45061 2.82046 0.996181 0.0962078 0.0610942 0.297151 0.148417 
3.5903 0.520008 -1.31428 0.459922 3.95724 4.99844 2.92447 0.524672 -0.193349 0.241763 0.300825 0.18889 
3.6527 0.341993 -1.3177 0.132517 3.95215 5.45593 2.82836 0.524814 -0.0859253 0.163571 0.418557 0.20787 
3.61285 0.908973 -0.529625 0.282141 3.19537 4.76153 2.89546 0.829947 0.0433181 0.268287 0.378559 0.19813 
3.35671 1.34609 -0.0142347 0.600285 3.12145 4.09503 2.71004 1.03619 -0.10212 0.0411046 0.394134 0.211187 
