1.59194 0.573324 1.60902 -0.0776872 0.421353 0.210325 0.136518 -0.249742 0.00884107 -0.515557 0.239602 -0.0255072 
1.18319 0.708351 0.665332 -0.966174 0.611807 0.0843663 0.0696529 -1.03747 -0.385662 -0.165096 -0.142865 0.0389802 
1.22205 1.13704 -0.0236641 0.0195635 0.444194 0.142763 0.46278 0.176541 -0.268133 0.252918 0.0284971 0.0147544 
1.53393 0.321431 1.77221 -1.09774 1.16294 0.568108 -0.326966 -0.650175 0.798311 0.0529016 0.255093 -0.024738 
1.4597 0.199417 1.81554 -1.05803 1.33249 -0.271803 -0.217578 -0.474864 0.0472405 -0.220336 0.188687 -0.00108398 
1.53699 0.413308 2.09457 -1.00268 1.31368 -0.109498 0.0186092 -0.159474 -0.174031 0.0485541 -0.00126268 0.0467379 
1.37349 0.323269 1.52563 -0.12122 1.54106 0.601244 0.180622 -0.464126 0.796574 -0.258045 -0.0122186 0.0157293 
1.57066 -0.255357 1.22753 -0.509142 2.42022 -0.261609 -0.958978 -0.644901 0.724736 0.312937 -0.162913 -0.0845802 
1.69355 -0.691464 0.761872 0.199663 2.17177 0.207453 -0.830873 0.212257 1.07272 0.705241 -0.303201 -0.129156 
1.5787 0.0375636 1.20598 0.283403 1.57729 -0.336911 -0.334137 -0.0788181 0.931529 0.278653 0.112395 -0.0400702 
1.72545 -0.541597 1.1498 -0.434785 1.89256 -0.165771 -0.42324 -0.577958 0.658888 -0.10417 -0.181222 0.0387102 
1.6524 -0.316884 0.993629 0.0313932 1.72305 -0.0312689 -0.147205 -0.311617 0.730739 0.0260078 -0.0481189 0.0297136 
1.80075 -0.320991 1.24171 -0.476508 2.03155 -0.0802655 -0.291824 -0.537851 0.517347 -0.128122 -0.12108 0.0406543 
0.933882 0.250992 1.24594 -0.9171 1.08951 0.242235 0.0489402 -0.54487 0.430463 -0.15617 0.130223 -0.0269283 
1.59082 -0.100502 1.54089 -0.620782 1.36226 -0.191014 0.179032 -0.298683 0.779461 -0.61377 0.16699 0.0411363 
1.62239 0.0202399 1.83105 0.194023 1.26769 0.830346 0.0485067 -0.130993 0.424618 -0.259609 0.102527 -0.046642 
1.60424 0.328905 1.59385 -0.414418 1.64335 0.437602 0.519288 -0.166583 0.200221 -0.549585 0.0542646 0.0672535 
1.49683 0.131253 1.52255 -0.684674 0.0187098 0.199466 0.72266 -0.0732351 0.0647649 -0.162552 0.187617 0.0157935 
2.0456 0.41299 1.73992 -0.624266 1.82536 0.212555 0.367367 -0.320928 0.515562 -0.269378 0.118656 0.115379 
1.47463 0.203184 1.67964 -0.206174 0.98314 -0.127504 0.378858 -0.87544 0.373322 -0.0517454 0.063156 0.0786184 
1.59571 0.0318788 1.51419 -1.0977 0.586817 -0.540501 0.121808 -0.880956 -0.442614 -0.232248 -0.132211 -0.00997327 
1.6766 0.579092 1.91715 -0.568304 1.41986 0.711203 0.564119 -0.0819845 -0.0373294 -0.231838 0.337359 0.0449556 
1.65232 -0.129996 2.11356 -1.02121 1.55659 0.420098 0.369917 -0.242959 0.228242 -0.139727 0.0261826 0.0035622 
1.69339 0.547361 2.34784 -0.549601 1.19553 1.34222 0.817356 0.0245503 0.795301 -0.305478 0.271993 0.0952933 
1.69919 0.957395 1.98812 0.0622369 1.51008 1.21826 1.11311 -0.407096 0.674385 0.0876258 0.352274 0.0941092 
0.792828 -0.0172805 3.76791 -1.40241 0.531112 1.41105 1.12381 0.198681 -1.00022 0.257579 0.0908563 -0.102309 
-2.83255 -1.54083 8.60104 -2.6868 -0.0641866 0.658241 2.98121 0.328206 -1.12196 1.53805 -0.265572 -0.208882 
-1.94216 -0.452403 5.24384 -2.26825 0.301003 0.00127541 1.82601 0.260653 -0.844107 0.95085 -0.121136 -0.134116 
-0.180095 0.31708 4.04417 -1.50988 0.743521 0.230532 2.11223 -0.321618 -1.18616 1.20792 -0.101272 -0.0574288 
0.592939 0.0312857 3.05508 -0.930688 2.03429 0.362311 2.33673 0.56346 -0.809584 1.27943 -0.200968 0.0200743 
1.18925 0.959521 1.85436 -1.21412 3.09828 -0.499681 0.739707 0.6966 -0.986063 0.513243 -0.118854 0.0856675 
1.30505 0.555463 1.79671 -1.71469 2.05531 -0.564993 -0.323536 -0.129584 -1.07158 0.550905 0.154053 0.057594 
0.481613 1.51599 4.0213 -3.04812 3.13586 0.873811 -0.779578 1.99039 -0.427618 -0.071858 0.118652 0.00432448 
1.63957 1.49268 5.21388 -2.14783 3.85891 1.91099 -0.748754 2.36884 0.613645 0.11085 0.372721 0.000643034 
2.90275 3.90173 5.8454 -0.325146 5.53378 1.18425 0.585812 1.95588 0.187169 0.682269 0.0636615 0.0277944 
2.65135 2.42045 2.55344 1.31562 2.13799 1.14626 0.909221 1.12486 0.454542 0.601909 0.199267 0.0296427 
2.62015 2.6341 2.73467 1.34137 2.41886 1.36755 0.541063 1.42453 0.322196 0.298358 0.404729 0.0129291 
2.12765 3.04364 4.05067 0.206005 3.19422 2.16344 0.351781 1.81716 0.864913 0.0881912 0.334333 0.0313593 
2.29721 2.34239 3.33336 0.873226 2.23982 2.36456 0.274098 1.43076 0.956501 0.106263 0.384771 0.0405247 
2.20003 2.50572 3.34889 0.851893 2.68969 1.99623 0.51574 1.55866 0.659839 0.414938 0.249185 0.0301415 
3.15449 2.55276 6.24947 1.74449 1.4396 0.552878 -0.332775 0.629132 -0.34416 -0.302714 0.147158 -0.0449621 
3.77908 2.8526 5.70515 0.668133 1.14157 0.657769 -1.06677 -0.591557 -0.0794166 0.272725 -0.175585 0.0196121 
3.7298 1.56017 6.27859 -0.509471 1.02895 0.573883 -1.34009 -1.2096 -0.616023 -0.0508243 -0.295641 -0.0401787 
3.30651 2.50078 5.00512 0.764067 1.12969 0.126313 -1.37084 -1.60688 -0.522538 0.159794 -0.435816 -0.0456169 
3.65426 2.18309 6.60163 0.254846 1.75986 1.25163 -0.75987 -1.24801 -0.742628 0.183455 -0.288839 -0.0717621 
3.12693 2.28849 6.83123 0.583545 2.46817 1.49457 -0.264468 -1.77477 -0.495434 0.271885 -0.463229 -0.0379673 
2.99348 2.79987 5.12274 -0.329138 1.80818 1.9556 -0.375463 -2.12101 -0.661669 0.0174058 -0.335719 0.0293161 
2.82122 2.29796 5.38301 -0.0549318 1.33373 0.873675 -0.29025 -2.12368 -0.504246 0.063638 -0.330373 0.00120316 
2.58766 2.77619 4.9407 0.452457 1.0564 1.17652 -0.686027 -1.70827 0.0823975 -0.0684479 -0.231821 0.0222801 
2.71138 2.44579 6.54902 0.0266982 1.29387 0.812886 -0.728459 -1.80257 0.0665979 0.189003 -0.470828 0.0801725 
2.18225 3.12663 6.52056 -0.888115 2.1413 1.2782 -0.455318 -2.01666 -0.193467 0.132221 -0.370361 0.07054 
2.40052 2.49343 6.53427 -0.460195 3.23876 2.18619 -0.356681 -2.23344 -0.413942 0.223681 -0.374257 0.00815597 
2.69037 2.66868 5.66145 0.304331 2.05475 1.57701 -0.220927 -2.29576 0.599268 0.263472 -0.320382 0.152509 
2.14671 2.82841 6.64461 -0.287439 2.81443 1.58793 -0.56903 -2.08863 0.32184 0.410513 -0.295276 0.124264 
2.57766 3.48596 5.2549 0.0775162 2.92755 1.44779 -1.08898 -0.931502 -0.00570545 0.00562479 -0.00284521 0.0414624 
3.01153 3.11063 4.55296 1.00321 2.9049 1.44052 -0.652478 -0.602501 0.0804722 0.0740518 -0.0470464 -0.00709415 
2.90784 2.89252 3.5344 1.62186 1.79986 1.25982 0.761188 -0.887936 0.732997 0.172476 -0.111492 0.0373642 
2.63568 2.74404 4.6171 0.638031 1.53765 1.66436 0.675533 -1.39568 0.740953 0.46712 -0.356394 0.116829 
2.61015 2.64928 4.99406 1.1998 1.68835 1.98745 0.502207 -1.18364 0.57492 0.449802 -0.303136 0.0638636 
2.6503 2.54592 4.40425 1.33161 1.48726 1.77561 0.730162 -0.959898 0.82346 0.580352 -0.342631 0.0767573 
3.19283 2.47167 5.66989 -1.29397 -0.22366 0.762081 2.12161 -0.253239 1.24065 0.758386 -0.311717 0.110572 
2.79578 2.36528 3.92877 -0.865417 -0.360341 1.48494 1.75936 0.437654 1.49674 0.673848 -0.329239 0.0359511 
2.97556 1.58261 3.82836 -1.34379 1.43706 1.70858 2.61485 0.302419 0.457635 0.408647 -0.602451 0.0512148 
2.80235 0.926412 3.3274 -1.24792 2.2546 2.03168 1.82372 0.663784 0.428314 -0.083319 -0.960949 0.0312047 
2.73174 1.024 3.34038 -0.627324 3.89358 2.79436 1.60735 1.17392 0.15992 0.0378493 -0.568687 0.0804437 
3.44887 -0.0717005 4.78392 -1.00895 3.68099 3.57385 1.95204 1.14865 -0.309302 0.0913875 -0.213218 0.114041 
2.41282 0.938549 3.28423 0.312198 2.59741 3.96801 2.71503 0.47273 -0.115269 0.454102 -0.439887 0.140197 
3.0222 0.963665 3.25954 0.755677 2.74769 4.23662 2.29611 1.17692 -0.54171 0.396756 -0.233184 0.0487999 
2.83264 1.60266 3.20932 0.215717 3.80219 2.83561 2.43159 2.87158 -0.816879 -0.143816 -0.0133732 0.0205619 
2.87038 1.62932 3.04591 0.801779 1.05724 3.30495 2.72888 0.592493 -0.0574556 0.672133 -0.0954387 0.019855 
2.71661 2.24606 2.18663 1.27109 1.88317 1.85392 1.49739 0.921385 0.194989 0.359927 0.00304643 0.0247143 
2.87742 2.20257 1.91311 1.33611 1.99792 2.06878 1.58576 1.14865 0.307644 0.242033 0.102582 0.0385211 
2.8641 2.67849 2.84498 0.647916 2.7991 2.11888 1.39727 2.32866 -0.161271 0.39353 0.328979 0.00514275 
2.8082 2.81259 2.40843 1.89731 2.55848 1.43357 1.45812 1.3918 0.240152 0.564055 0.129892 0.0512316 
2.51351 3.36313 4.27486 -0.221673 4.66552 1.54197 0.678127 2.07567 -0.484952 0.303818 0.189215 -0.107338 
2.44237 3.41515 4.11729 -0.774683 4.20345 0.447999 0.107148 2.43501 -0.157417 0.371409 0.156038 -0.124879 
2.89293 2.73241 2.99974 1.36363 2.64583 1.52736 0.70394 1.8826 0.0152645 0.316573 0.384973 0.0100331 
2.38004 2.37102 3.00284 0.471743 2.64811 1.36376 0.692346 2.34005 -0.14212 0.459398 0.49764 -0.0571977 
2.38711 1.88301 2.84241 0.593585 1.93641 1.324 0.49189 1.92927 -0.218805 0.532036 0.594528 -0.064609 
2.41487 1.61214 2.9243 1.80441 1.64711 1.56235 1.64825 1.43091 0.273536 0.866856 0.457035 0.0178931 
2.41475 1.68215 2.26097 1.84747 1.02273 0.835921 1.82324 0.78749 0.365399 0.653319 0.53495 0.00667422 
1.76028 1.51437 1.94754 0.826909 1.47525 1.10936 0.864785 0.380989 0.458067 -0.00349876 0.329643 -0.0076582 
1.92713 1.43859 2.24105 1.15075 1.14172 1.61505 0.714336 1.06247 0.544932 -0.0913827 0.476985 0.00940054 
1.86344 1.03061 1.62871 0.912161 2.20712 1.07955 1.04662 0.0175433 0.945837 0.459405 0.041689 0.0407399 
1.7289 1.07373 1.08257 0.933991 1.05447 0.661937 1.23117 0.104927 0.724787 -0.0176342 0.542879 -0.0235775 
