2.00246 -0.0704684 1.13394 -0.512793 1.59896 -0.120149 0.449474 0.0925695 0.268823 -0.0214744 0.20013 0.103763 
2.06885 -0.697223 1.06434 -0.221915 1.80032 -0.319945 0.821475 -0.19989 0.212002 0.102039 0.354548 0.0535863 
2.0713 -0.53074 0.964506 -0.395491 1.73281 -0.482675 -0.0991742 -0.450784 -0.0988612 0.139684 0.339317 0.0549525 
2.20007 0.195105 1.56326 -0.671611 0.711336 -0.546437 -0.0657515 -0.834359 -0.120319 -0.113516 0.0778801 0.0250729 
1.8106 -0.398445 1.40904 -0.448533 0.586377 -0.330742 0.0745507 0.0036991 0.238071 0.16436 0.479761 0.0151105 
2.14466 -0.483965 1.62759 -0.266801 0.920203 -0.43994 -0.498015 0.221835 0.5406 0.362564 0.536496 0.0749164 
1.9926 -0.24771 1.34565 -0.397164 0.883536 -0.00418533 0.185677 -0.469866 0.338095 0.0303854 0.500047 0.0881577 
1.856 -0.208096 1.62344 -0.56458 1.03316 0.515513 -0.124589 0.0298968 0.242211 -0.391226 0.370727 0.0634529 
2.40753 -0.390797 0.894926 -0.703076 1.11912 0.133925 0.134954 0.342913 -0.11415 -0.341025 0.0461288 0.0464601 
2.06763 -0.0542432 1.15963 -0.770319 0.911101 0.566621 0.815169 -0.232927 0.0386404 -0.0105065 0.0939898 -0.0561083 
1.99664 -0.211807 1.17608 -0.319037 0.839431 0.0285165 0.165766 -0.73945 0.389472 -0.276267 0.304608 0.173872 
1.83342 -0.202453 1.46629 -0.99288 1.04028 -0.105205 0.150964 -0.253143 0.168676 0.204565 0.270122 0.0635802 
1.99993 -0.266364 1.03537 -0.407603 0.836297 0.148016 -0.0715513 -0.197577 -0.135186 0.202302 0.0343406 -0.00339024 
2.05672 -0.0989306 1.1982 -0.55773 0.48347 -0.205756 0.701371 -1.24702 -0.551135 0.519731 0.279117 0.071619 
1.91678 -0.276937 1.61716 -0.0408491 0.922058 1.43426e-005 0.629159 -0.0429759 0.123007 -0.193154 0.500887 0.0486953 
2.02506 -0.178125 1.68473 -0.385215 1.10862 -0.32835 -0.0670569 -0.0684465 0.368679 -0.392794 0.597528 0.103516 
2.11112 -0.299185 1.9468 -0.9123 1.13105 -0.057272 -0.30001 -0.254593 0.263345 -0.0275593 0.584249 0.0223409 
1.62234 -0.0851217 1.63937 -1.55308 1.64793 -0.491604 0.808756 -0.424606 -0.264273 0.46057 0.138854 0.110053 
1.06739 0.12705 1.70622 -1.90407 2.07644 -0.603404 0.439159 -0.48747 -0.300562 0.232844 -0.217038 0.151907 
1.62904 -0.382058 1.41901 -1.01334 2.03779 -0.392908 0.440879 -0.514207 -0.146018 0.397564 -0.0449071 0.00171197 
1.09149 -1.03618 2.93051 -1.01296 1.22345 0.720202 0.685405 -0.924529 0.482933 0.736189 -0.71579 0.0749344 
1.25286 0.22491 1.02588 -0.0779509 2.1709 1.97522 1.01812 -1.71482 0.116508 0.903066 -0.103154 0.00581835 
-1.90605 0.63869 -0.344716 0.920896 4.88565 1.05159 3.36475 -3.56298 0.309753 0.885563 -0.0790225 -0.0401895 
-0.702926 0.399004 -1.06439 0.722723 4.04511 1.36378 3.73002 -2.11124 0.564123 0.912154 -0.0579978 -0.104693 
-1.15463 0.646219 -2.19343 0.495878 2.64172 0.968125 2.91879 -2.38022 1.25199 0.202567 -0.265268 -0.188999 
0.467752 1.29939 -1.44586 -0.503724 2.65127 0.306069 0.043531 -1.71178 1.24504 -0.0929724 0.37846 -0.0878831 
0.961379 0.856711 -0.275716 0.32805 1.79123 -0.142797 -0.405156 -1.74923 1.42524 -0.278867 0.701373 -0.113525 
1.7852 0.173024 -0.316795 -0.449279 1.67322 -0.251638 0.173552 -1.75276 0.866916 -0.0588038 0.388402 -0.0702717 
1.99706 -0.228723 0.914977 0.0917111 2.23668 -0.0197086 0.222591 -0.520201 0.534246 -0.208854 0.526653 0.0169383 
2.38112 -0.0594755 1.19241 0.224468 1.65266 -0.186161 0.878155 0.559398 0.454811 -0.128949 0.420122 -0.013466 
2.39402 -0.469593 1.53819 -0.563554 1.32838 -0.525518 0.267908 -0.0444236 -0.29578 -0.123207 0.276988 0.0910815 
2.44408 -0.552708 1.13495 0.0360585 1.05094 -0.219047 0.290301 0.319012 0.147809 0.0945268 0.332621 0.0248754 
2.4355 -0.644453 1.13627 -0.792564 0.987388 0.287027 0.0527053 -0.00895088 -0.530107 0.023711 0.363924 0.0158527 
2.22828 -0.488273 1.79583 -0.11255 1.00387 0.479687 0.117267 -0.0623806 0.323778 -0.213795 0.294059 0.0580773 
2.27407 -0.170842 1.4631 -0.193555 0.790213 0.277637 -0.513379 0.482016 0.0525741 -0.0241769 0.646888 0.0290186 
2.13122 -0.624875 1.85778 -0.124741 0.523927 0.164756 -0.436743 -0.233021 0.465956 -0.0655524 0.43077 0.0648342 
2.29336 -0.226352 1.50314 -0.621166 1.37347 -0.0945057 0.129593 0.310331 0.0630562 0.247961 0.379314 0.0039295 
2.16776 -0.334628 0.65721 -0.225868 1.20752 -0.175064 0.0987663 -0.364405 0.194177 0.126565 0.572362 0.0722122 
2.17496 -0.739737 1.6246 -0.633539 1.15346 -0.129484 0.201657 -0.219993 0.314677 0.0734492 0.221302 0.110393 
2.20719 -0.625782 1.11786 -0.802515 1.58411 0.17381 0.178534 -0.126172 -0.193728 0.327712 0.494672 -0.000966589 
1.82984 -0.575174 1.15981 -0.185957 1.31022 -0.345623 0.233199 -0.558695 0.400703 -0.074767 0.24851 0.0959139 
2.13799 -0.635971 1.32273 -0.167224 0.818492 0.4628 0.592624 -0.402329 -0.271552 0.308955 0.384707 0.00830907 
2.05014 -0.277191 1.89981 -0.293595 1.65525 1.06756 1.06916 0.0591997 0.354202 0.316574 0.389257 0.076721 
2.66955 2.14535 1.89294 1.78191 1.63328 1.38089 1.09731 0.880402 0.673095 0.467738 0.278238 0.0580481 
2.9382 2.5226 2.36806 2.16062 1.85964 1.62567 1.39652 0.996612 0.598496 0.390362 0.225434 0.0615357 
2.75588 2.30212 2.14945 1.89709 1.60996 1.44711 1.26722 0.914511 0.62542 0.482383 0.267381 0.0506252 
2.77323 2.26346 2.06411 1.92518 1.70148 1.47631 1.30081 1.02479 0.674841 0.434895 0.253775 0.0517665 
3.57391 2.15651 2.30348 3.06735 2.09806 1.66118 2.3663 1.29267 -0.498122 -0.0948959 0.65109 0.129029 
5.16419 1.92593 1.68457 3.15547 2.25589 0.47853 2.0044 0.761051 -1.03541 -0.0438506 0.738862 0.252678 
3.57288 1.82068 1.49381 1.15686 2.76162 -0.670444 0.0461663 -1.11644 -0.289409 1.02067 0.451294 0.0529402 
4.87565 1.72223 0.236884 2.15766 2.76092 -0.77037 -0.29765 -1.88633 0.75155 0.571695 0.519281 0.0676911 
5.22284 1.8715 0.545482 2.25994 2.12203 -0.820403 0.36366 -1.59805 0.18894 0.338872 0.552681 0.138553 
3.71268 1.94545 0.961104 2.11855 1.55271 -0.444264 -1.03153 -1.04153 0.314962 0.545929 0.641608 0.0902409 
3.90598 2.35343 1.48362 1.35132 1.34054 -0.206902 -0.678921 -0.841215 -0.315578 0.469059 0.642671 0.140765 
4.83068 3.22919 -0.274717 1.91889 3.19419 -1.28756 0.115213 -2.15394 0.569234 0.478539 0.670195 0.19097 
4.96831 2.62673 -0.617621 2.54636 3.99049 -2.02385 0.0917572 -2.30479 0.719954 0.419378 0.552011 0.20853 
4.61061 2.33491 0.217839 2.68271 3.73041 -1.34738 0.391407 -1.78035 0.260083 0.393 0.555391 0.177903 
4.3199 2.80181 0.547688 1.96509 3.55627 -0.658801 0.197657 -1.93709 0.449791 0.445642 0.652546 0.144551 
3.79515 2.41482 1.85701 2.71268 2.78647 -1.6137 0.164698 -1.01345 0.500188 0.367344 0.466766 0.132813 
3.23007 2.04932 1.24289 1.92512 2.73673 -0.107087 -0.0708164 -1.17579 0.594303 0.782405 0.44092 0.0153189 
3.10003 2.47301 1.56878 1.6616 1.54208 0.0435488 0.0874441 -0.48623 0.7134 0.516758 0.301767 0.0383108 
3.57514 2.86342 1.69241 1.83784 2.52326 0.104953 -0.215005 -1.36084 0.608424 0.887969 0.456648 0.0709762 
3.60163 2.57689 1.36816 1.44611 3.02367 -0.0184659 -0.124114 -1.4934 0.691471 0.815772 0.657962 0.0968143 
3.29129 2.8371 1.47699 2.07472 2.12884 0.459388 0.0275238 -1.02376 0.245704 0.640972 0.505929 0.056173 
4.11136 3.73154 -0.171396 2.71191 5.24131 -0.528275 0.339681 -1.77546 0.721145 0.626564 0.289305 0.055984 
3.77256 3.1169 1.20846 1.54793 2.67336 0.382631 0.727186 -1.32247 0.349048 0.436749 0.564148 0.109069 
3.90233 2.5381 1.22456 1.47336 2.7495 1.16103 0.322743 -1.03545 0.0207562 0.483716 0.637762 0.104953 
4.84745 3.59126 -1.99904 0.957062 5.73864 0.7709 1.47765 -1.8362 0.339201 0.274193 0.35115 0.136213 
6.10175 3.49405 -2.5879 2.10152 5.0571 0.617199 1.81876 -1.35248 0.546078 0.202715 0.167543 0.1285 
5.5941 2.53292 -1.65599 1.55129 4.14151 0.615253 2.56697 -0.776891 0.719976 -0.22638 0.12006 0.0920618 
4.2428 2.15903 -0.20822 0.8083 3.67934 2.80293 2.32931 -0.475262 0.0493423 0.0947921 0.218235 0.099811 
3.61654 1.59063 -0.746171 0.241384 3.12913 3.43543 2.93583 -0.0867332 0.0175648 0.103964 0.152772 0.110972 
3.61337 1.45655 -0.168888 1.0378 4.21507 3.42037 2.46311 -0.0941253 -0.100298 0.249113 0.0874106 0.130925 
3.69776 1.30841 -0.59642 0.505761 3.55303 3.97188 2.61037 0.143051 -0.152767 0.299397 0.158481 0.129013 
3.71328 1.39572 -0.491779 0.591901 3.16284 3.78538 2.11026 0.300535 -0.0851153 0.14095 0.0907416 0.0949482 
3.75268 1.40524 -0.327253 0.906186 3.44939 3.82921 1.86968 0.16487 -0.0688549 0.17072 0.094501 0.0986908 
3.7975 1.22645 -0.518285 0.776522 3.29656 3.82416 2.17501 0.51979 0.0373669 0.0948764 0.0913755 0.107377 
4.49564 1.10225 -1.46482 0.543442 3.97717 4.17638 1.90216 0.466551 0.187513 0.0300263 0.154757 0.0790407 
5.23477 -0.653195 -3.04541 1.22672 6.26847 4.36097 1.58664 0.601857 -0.430851 0.480058 0.387998 0.173796 
4.07504 1.00784 -0.922626 1.14441 4.25768 4.25924 2.23218 0.661653 0.144013 0.188227 0.0856057 0.108239 
4.15283 1.07656 -0.874978 1.29933 4.47934 4.43595 2.00313 0.308857 -0.0300283 0.228106 0.204224 0.130994 
3.19767 0.197076 -1.00124 1.16069 4.04206 4.31511 2.16382 0.187527 -0.120538 0.3336 0.191959 0.118129 
3.33309 0.251441 -1.12648 0.776856 3.61668 4.14874 2.33104 0.548755 -0.120723 0.0658487 0.185642 0.111461 
4.8872 -0.959036 -3.21332 1.01543 5.39744 2.15725 2.71422 0.983125 0.193277 -0.248116 -0.0542374 0.171643 
3.33313 0.469902 -0.201512 2.30276 3.58604 2.2391 1.19376 1.14453 0.427005 -0.452514 -0.045248 0.116274 
