1.79812 -1.27297 2.4737 1.33803 -1.18265 -0.108357 2.12999 0.309397 -0.718008 -0.578402 -0.104091 -0.0687688 
3.52155 -4.51033 5.235 0.262491 -1.44429 0.622583 2.39995 1.43745 -1.54842 -0.620083 -0.157324 -0.255282 
1.90067 -1.93058 2.91045 2.62317 -2.56259 -0.484243 3.45651 0.485833 -0.919557 -0.150456 -0.037654 -0.121766 
1.36113 -2.5253 2.95981 1.95383 -1.75627 -1.28069 2.68958 0.584529 -0.940132 0.0145746 0.02176 -0.0194385 
1.42566 -0.217577 1.69161 -0.811218 -0.380839 0.118536 1.02481 -0.440521 -0.0319477 0.265157 -0.149367 -0.133819 
1.55101 0.550531 1.79135 -0.170018 0.982599 0.80292 0.797944 -1.05571 0.204034 -0.281115 0.267325 -0.0684732 
1.73388 0.916371 1.29641 -0.422134 1.06884 0.502948 -0.242094 -0.788504 1.26547 -0.0434616 0.225967 -0.0199354 
1.81874 0.144515 1.91309 -1.12003 1.3194 0.256447 0.00191725 -0.782731 0.0457256 0.109578 -0.0844129 -0.000415267 
1.8121 1.08912 1.83212 -0.597406 1.43189 -0.22531 -0.512587 -0.403214 0.0937809 0.217669 -0.0354756 -0.0551607 
1.62676 0.634984 1.25015 -0.656447 0.871432 0.172983 0.646085 -0.92212 0.177484 -0.272957 0.10882 -0.0176923 
1.68148 0.553844 1.48589 -0.861643 0.750098 -0.0271547 -0.0261422 -0.580116 0.401204 -0.309185 0.148183 0.0210546 
1.31806 0.655109 1.28854 -1.15459 1.09846 -0.110115 -0.0395675 -0.473597 0.556801 -0.294832 0.11418 0.0119174 
1.51518 0.507793 1.48165 -0.845155 0.615935 0.384949 0.467739 -0.504444 0.133567 -0.153141 0.0979867 0.052043 
1.64943 0.613634 2.16812 -1.02454 0.961715 0.0109885 0.0900997 -0.521893 0.758784 -0.370327 0.128546 0.0342234 
1.45811 0.667302 1.86345 -0.0848297 0.999403 -0.141384 0.8493 -0.735032 0.408318 -0.126629 -0.0602667 0.0314927 
1.66407 0.39078 1.48017 -0.253762 0.223199 0.131145 0.00445321 -0.636856 0.513797 -0.2692 0.132153 0.0155641 
1.61363 0.255881 1.66679 -0.782054 0.947596 -0.12573 -0.484894 -0.433227 0.0991443 -0.130634 0.187007 0.026272 
1.68907 0.463138 1.37721 -0.935921 0.489942 -0.287307 0.717613 -0.671012 0.167852 -0.321489 0.212287 0.00419641 
1.63625 0.585305 0.979079 0.220385 0.75683 -0.312083 0.575094 0.0360499 0.826261 -0.568647 0.0265324 0.0494626 
1.60267 0.133163 1.88669 -0.633337 0.572397 0.200228 -0.344404 -0.602505 -0.234221 -0.0748636 0.0673921 -0.0661178 
1.46584 0.193478 1.32717 -0.550844 0.839976 -0.286884 0.385695 0.185244 -0.343883 -0.00295011 0.35508 0.0276876 
1.32782 0.429016 2.26814 -0.790816 0.571109 -0.700374 0.660863 -0.52491 0.182664 0.123506 0.0338068 -0.0187129 
1.49486 0.0763402 1.56927 -0.891734 0.727327 0.131081 -0.0666768 -0.094132 0.118544 -0.379848 0.510631 -0.0765059 
1.25324 -0.022563 1.45015 -1.08503 0.8843 0.131843 0.25809 -0.0163932 0.344961 -0.0373748 0.25371 -0.0485348 
1.28364 0.549342 1.50107 -0.266227 0.790803 -0.448495 0.163097 -1.06195 -0.00870765 -0.421177 -0.0551381 0.0461606 
1.45987 0.952341 1.72539 -0.0762115 0.481166 -0.105098 0.413569 -0.0494813 0.47503 -0.0870315 0.245546 0.0241494 
1.44513 0.091076 1.76074 -0.877442 1.2421 -0.574425 0.265854 -0.119186 -0.208153 0.115282 0.0643738 -0.0119423 
0.934437 0.291914 2.55876 -1.37754 0.451885 -0.267001 1.3252 -0.746197 -0.361062 0.361399 -0.0804012 0.000468022 
-3.11472 0.318889 5.42535 -2.15389 0.0848977 -0.316668 3.50304 -1.14716 -0.114196 1.27014 -0.784438 0.0310328 
-0.52944 0.627644 3.42141 -2.05129 1.48508 -1.43749 1.87437 -1.70887 -0.333545 1.16189 -0.574232 0.0267933 
1.42677 0.597283 2.93415 -1.30385 -0.32836 -0.577827 -0.242104 -1.69935 -0.644516 0.191553 -0.23851 -0.0368024 
1.43418 1.11949 2.02971 -0.916811 0.92298 -0.117131 -0.576175 -0.954182 -0.693218 -0.599277 0.248061 -0.143123 
2.08969 0.768016 2.22145 -0.776298 0.267475 -0.204231 -0.947887 0.0494635 -0.0820989 -0.733411 0.377107 0.0682131 
1.7439 1.03482 1.80277 -0.47186 1.84869 -0.199589 0.478886 0.465628 0.38815 -0.298524 0.215915 0.0202043 
1.67296 0.841661 2.05309 -0.260794 2.2939 0.539594 0.159193 0.752379 0.195032 0.0200094 0.226149 -0.0101925 
1.54637 1.42578 3.72376 -0.826965 4.29309 2.09373 0.924377 2.35242 0.179704 0.427876 0.25959 0.00951889 
0.632685 2.99986 4.16509 -2.16073 3.4751 2.80687 -0.832024 1.86871 0.47729 0.517741 0.342303 0.0704879 
2.24073 3.03361 4.13243 0.608634 3.16326 2.0628 -0.142784 1.81522 0.703362 0.183957 0.25327 0.0154589 
2.47909 2.56837 2.84658 0.579074 2.42341 1.67672 0.251869 1.32615 0.62214 0.392731 0.545309 0.00602964 
2.308 2.38381 3.80739 0.525741 2.59832 2.6715 0.24716 1.18624 0.797194 0.247928 0.412495 0.0441632 
2.46837 2.27238 4.2248 0.670964 3.00107 2.31208 0.271098 1.39091 0.718424 0.494389 0.359469 0.036742 
1.88865 3.19661 3.62994 0.657384 2.74814 1.80966 0.530787 2.17203 0.946216 0.274821 0.347184 0.0379697 
1.33887 3.00253 4.92998 0.52078 3.95624 3.187 0.25889 1.46473 0.789169 0.275118 0.29919 0.0856794 
2.28345 1.67156 6.69352 1.24531 1.32337 1.01355 0.0517848 0.613573 0.189956 0.0680595 0.0576215 0.0174073 
2.71408 2.37311 5.21537 0.558318 0.863317 0.668726 0.240338 -1.4229 -0.140486 0.62374 -0.114008 0.0266423 
2.80819 1.96582 6.78512 -1.31842 0.861748 0.822405 -0.0744491 -2.33262 -0.626731 0.172902 -0.441472 0.0650877 
2.76149 2.13059 5.23788 -1.1642 0.0339615 0.793105 0.220993 -2.89245 -0.439459 0.0740952 -0.271587 0.0602041 
2.78652 2.09769 5.46167 -1.03989 -0.0421031 1.29287 0.236294 -2.71531 -0.0356331 0.233769 -0.0912635 0.126351 
2.79093 1.73228 5.02301 1.08713 0.932049 1.38825 -0.446922 -1.7908 -0.114477 0.576586 -0.175272 -0.0319819 
2.42849 2.71931 5.52534 -1.56581 1.31809 1.44587 0.00427496 -2.64105 -0.350593 -0.0744402 0.0831296 0.121667 
2.68327 1.63762 5.42998 -1.51884 1.30963 1.44157 -0.340765 -2.88431 -0.0299498 0.567109 0.071569 0.213149 
2.33344 2.55495 5.05934 -1.00761 1.36081 1.4121 -0.523835 -2.26665 0.0397701 0.734507 0.31058 0.150781 
2.73451 2.28516 4.54614 0.0241928 0.541129 1.49731 -0.808422 -1.89973 0.302211 0.827469 0.217729 0.144997 
2.73076 2.0044 4.05258 -0.0578923 0.70573 1.53418 0.113905 -0.813314 0.504068 0.876205 0.124063 0.0884851 
2.61043 2.48736 4.29756 -0.179996 0.980508 1.36966 0.0645891 -1.37023 0.449651 0.848421 0.14476 0.131577 
1.97671 2.61638 4.5983 -0.594247 1.49364 2.0583 1.41333 -2.2774 1.20211 0.515652 0.169456 0.199649 
2.95166 2.61644 3.69107 0.0296647 2.07956 1.32327 1.19519 -1.87435 0.356737 0.655461 0.18245 0.175758 
2.93629 2.11586 4.33397 -0.389709 0.966435 2.30614 3.04512 -2.0677 0.653742 0.323625 -0.192179 0.183685 
3.01775 2.36469 2.76146 -2.37299 0.967113 2.08153 3.6147 -0.818868 0.920211 0.811516 -0.193609 0.250454 
3.01173 2.32209 2.87268 -2.66916 0.535563 2.07135 2.76798 0.359295 1.26228 0.758304 -0.247034 0.103357 
2.79285 2.34687 4.43696 -2.88818 1.60609 2.61766 3.08453 0.508907 0.179701 0.154889 -0.348363 0.102017 
3.1348 1.58307 4.07144 -2.1147 2.43424 2.63348 2.67741 0.70587 0.173269 0.566887 -0.459922 0.114706 
2.80459 1.69507 4.01004 -1.70434 2.28888 2.44682 2.87744 0.788679 0.552661 0.4979 -0.674951 0.113627 
2.48491 1.46651 4.5293 -1.60308 2.36573 2.2961 2.04167 0.452441 0.0598894 0.462097 -0.61157 0.0824678 
2.64483 1.36815 3.51571 -1.34371 2.22818 2.72647 1.84845 1.4953 -0.161305 0.318494 -0.66074 -0.0558735 
2.38072 0.449082 3.9214 -2.3844 3.41114 2.65179 2.60307 1.18332 0.332385 0.11859 -0.492058 0.186781 
2.27639 1.01848 3.7852 -1.50353 3.39163 2.86218 2.89818 1.24025 -0.194018 0.128803 -0.501965 0.141349 
2.4743 0.566158 4.39705 -2.95664 2.95783 3.57984 3.23696 0.950697 -0.154114 0.198529 -0.507424 0.202953 
1.91022 -0.350037 3.91102 -1.82693 4.0136 3.01488 2.52668 1.70018 0.152477 0.00897006 -0.37193 0.225024 
2.03814 0.223166 4.04205 -1.71127 4.4529 2.7921 2.64621 1.93742 -0.218936 0.106946 -0.234326 0.223966 
1.75104 0.0839291 3.27829 -1.61162 3.85491 2.98926 2.98017 1.71347 0.288303 0.06786 -0.293187 0.195311 
2.8596 0.422974 2.35056 -1.98977 4.02537 3.16079 2.39546 1.68382 0.144845 -0.0305569 -0.190855 0.10745 
2.52122 1.49019 2.07675 -0.929121 3.04743 3.87103 0.957381 1.6333 -0.0950069 -0.340484 0.31569 0.0511332 
2.80604 2.03415 1.38469 0.565816 3.10892 2.96345 1.3695 1.32838 0.114878 0.209421 0.630167 0.0913778 
2.83267 1.90577 1.5749 0.784457 2.96966 2.76912 1.27601 1.10308 -0.17081 0.184147 0.615922 0.0855133 
2.69475 2.19792 2.05837 1.79914 2.14222 1.66661 0.951477 0.872845 0.454629 0.527174 0.334721 0.0384549 
2.70128 2.23487 2.1839 1.68915 1.72213 1.50498 1.23327 1.12688 0.748596 0.496283 0.314277 0.0519905 
2.72678 2.33654 2.24207 1.80013 2.09138 1.64313 1.30868 1.31263 0.648239 0.58413 0.346213 0.0620754 
2.98869 2.74683 3.21091 1.89882 2.93126 2.07056 1.29734 1.94572 0.301851 0.554917 0.301441 0.0598511 
3.33451 3.48405 3.95101 1.71089 4.262 1.82616 1.17044 2.74018 -0.357536 0.774063 0.407179 0.0027556 
3.43001 3.19258 3.89613 1.97718 3.25258 2.28516 1.16092 2.12337 0.253101 0.618737 0.380723 0.0538296 
3.44957 3.77609 4.30254 2.93084 3.72773 2.63523 1.58643 1.5748 0.986522 0.349859 0.385927 0.0831077 
2.66446 2.67472 3.63858 2.23324 3.68588 2.41026 1.76511 1.13815 0.527962 0.402979 0.36758 0.0786561 
2.17091 2.1531 2.88809 1.487 2.22756 1.74029 0.945302 1.56157 0.863041 0.331567 0.424176 0.0353557 
1.93418 1.10449 1.49719 0.843672 0.933423 0.959617 1.33465 0.615207 0.462553 0.085432 0.220935 -0.0210011 
