1.75506 -1.0241 2.53248 2.57656 0.873244 -1.72377 1.02668 1.34247 -0.844062 -0.593565 -0.0351481 0.0189629 
1.83272 0.890776 2.02824 -0.0376566 1.67707 0.667044 1.12277 -0.0407682 0.827354 -0.54001 -0.0726177 -0.0263092 
1.93977 0.653404 1.87642 0.0230364 1.05274 0.354681 0.535576 -1.02505 0.402041 0.319893 0.00832357 -0.11282 
1.3671 1.06206 1.81699 0.0325226 1.79144 1.70824 0.961351 -0.42239 0.519149 -0.113209 0.0503407 -0.106301 
1.39063 0.994385 2.22559 -0.841675 1.94307 1.40889 0.471659 -0.741219 -0.180765 -0.512963 0.0407819 -0.0931514 
1.49295 0.512014 2.26858 -0.911741 0.927673 -0.0543592 -0.793358 -0.828166 0.332712 -0.10401 0.332071 0.0129977 
1.41503 0.444813 1.52317 -0.665657 1.05524 0.0319875 0.0799369 -0.871462 0.610208 -0.0168274 0.279419 0.0717124 
1.55477 0.28334 1.5036 -0.760263 0.979281 1.44979 0.636644 -0.713461 -0.079628 -0.342571 0.0289119 -0.0777897 
1.36146 0.363365 1.42293 -1.14232 0.994062 0.363831 0.775777 -0.984721 0.413453 -0.157264 0.209083 0.0240252 
1.23104 0.565602 1.60551 -1.20848 1.20049 0.358505 -0.20455 -0.0698427 -0.00557755 0.164936 -0.0109438 -0.0121827 
1.25529 0.514969 1.57917 -0.218152 1.3522 0.421413 0.640712 -0.306543 0.608912 -0.121014 0.15324 0.0150635 
1.56032 1.04229 1.51534 -0.609211 1.60177 0.441759 0.00965679 0.320481 0.402289 0.153329 0.240784 0.0326916 
1.55435 0.000185219 1.69748 -1.31623 0.792151 0.527262 0.374413 -0.288714 0.18421 -0.366663 0.119766 0.0246106 
1.45136 0.799568 1.90467 -0.276529 1.36528 0.223007 0.893079 -0.0876749 0.702727 0.00459945 0.0838659 0.0653195 
1.67736 0.545672 2.04289 -0.0904774 1.52698 1.30522 0.578223 0.166401 0.498325 -0.180741 0.408411 0.0696472 
1.49478 0.637684 2.17258 0.269688 1.40631 0.715792 0.511053 0.144516 0.625286 0.0764387 0.2516 0.0825843 
1.60639 0.575057 1.77392 -0.692179 1.75002 0.463903 1.00311 0.149753 0.246763 0.176771 0.0853672 0.0838538 
1.63838 0.40107 1.84623 -0.412241 1.34008 0.426245 0.79196 -0.273582 0.469818 0.0209628 0.495679 0.110205 
1.33487 0.112421 2.10984 0.185684 0.837422 0.394282 0.789633 -0.672406 0.323856 -0.0375053 0.0729669 0.0396524 
1.41717 0.361054 1.86689 -0.72224 0.78356 -0.251089 0.837586 -0.082279 0.262748 -0.313605 -0.0634577 0.0265783 
1.51956 0.446725 1.60598 -0.721413 0.915507 0.146578 0.318793 -0.360559 0.286891 0.0162178 0.0310691 -0.0393346 
1.36221 -0.186621 1.4653 -0.63776 1.00777 0.90169 0.471336 0.072541 -0.269808 -0.166424 -0.149102 -0.0323578 
1.27056 0.634675 2.33668 -0.808485 0.771549 0.407643 0.244016 -0.323491 -0.129972 -0.240446 0.0582705 0.0287117 
1.0625 0.272775 1.8324 -0.0470687 0.519749 -0.108553 0.315893 -0.840313 0.402554 -0.465132 -0.0102583 -0.0041076 
1.28141 0.0901374 1.87752 -0.141441 0.839323 -0.0107493 0.395252 -0.220089 0.400181 -0.214701 0.0768507 -0.010809 
1.51085 -0.157819 1.4723 -0.716782 0.179642 0.365186 0.344606 0.140751 -0.0314325 -0.385558 0.0517922 0.00807509 
1.37454 0.100117 1.3824 -0.970193 0.929232 0.464661 0.121703 -0.222904 0.318317 -0.316023 0.210498 0.0474151 
1.31956 0.420533 1.13699 -0.446431 0.780694 -0.462849 -0.0714971 -0.701544 -0.0803653 -0.472314 0.186273 -0.0124249 
1.41683 0.512131 1.2606 -0.0583997 1.17659 0.058438 -0.11151 -0.0701247 0.0901757 -0.546467 0.256197 -0.0729076 
0.425177 -1.31768 2.6735 1.07053 -2.56746 1.1719 0.566695 -0.955688 -0.674465 0.599943 -0.132708 -0.0261166 
0.428297 -0.66965 2.84817 0.628216 -1.63256 0.572691 1.53771 -0.960253 -0.363765 0.673436 -0.109401 -0.0459679 
1.25615 0.084707 1.57115 -0.513479 1.25178 0.311305 0.637519 0.288762 0.104877 -0.125374 0.182145 0.0058484 
1.5015 0.515908 2.43881 0.399918 1.38682 1.39556 -0.594426 0.484797 1.34072 -0.194931 0.459819 0.0295233 
1.39032 0.944319 2.52615 -0.214744 2.10376 0.489329 0.0771629 0.231021 0.959024 -0.0324804 0.187964 0.0763818 
1.70115 0.961624 2.65815 -0.652516 2.94822 0.908002 1.38007 2.1195 0.451775 0.359471 0.207086 -0.00506764 
1.80317 1.00122 4.16547 -1.87897 3.94641 1.91938 0.123168 3.04058 0.831148 0.753186 0.302992 -0.0901645 
1.35451 1.87193 5.51061 -1.21536 4.2964 1.97352 0.28039 1.68607 0.127167 0.314961 0.349231 0.0118018 
2.60141 2.59822 4.44807 0.345348 2.6715 2.71921 -0.219288 2.01149 0.778937 -0.0224952 0.324668 0.0143386 
2.40631 2.42691 3.34611 0.558865 2.41913 1.99653 0.068876 1.65863 0.736267 0.114029 0.404374 0.00382968 
2.44209 2.29192 3.38075 0.620298 2.20713 2.28819 0.176775 1.55535 0.969563 0.0488437 0.27788 0.0358211 
2.49432 2.28982 3.1193 0.672047 2.25129 2.25645 0.304578 1.4954 0.884741 0.14611 0.386195 0.02956 
2.63439 2.40113 3.11745 0.937526 2.61364 1.96404 0.783329 1.49736 0.585617 0.334723 0.373755 0.030465 
2.48325 1.33532 4.72576 1.86547 2.4302 0.657562 1.00541 2.76941 -0.044198 0.178716 0.543793 0.0117488 
4.32682 1.96123 5.53953 2.91773 0.490583 -0.306605 -0.525653 0.237644 -0.444798 0.429735 -0.151483 -0.0890469 
4.05279 1.75007 6.64767 0.816973 0.242034 -0.156946 -0.355022 -0.523847 -0.406671 0.527761 -0.0086226 0.00695718 
3.38732 1.82004 5.99488 0.3453 0.445124 0.368829 -0.735651 -1.42028 -0.309332 0.610763 -0.305841 -0.00183157 
3.40271 1.78457 5.38491 -0.170745 0.3963 -0.182366 -0.300512 -2.77666 -0.605915 0.326008 -0.485768 0.039172 
3.11576 1.49795 6.25617 -0.948238 0.156719 0.249055 -1.10756 -2.33105 -0.91297 0.32912 -0.413695 -0.0417105 
3.191 2.237 5.27817 -0.952421 0.512355 0.64207 -0.333978 -2.26518 -0.773055 0.520063 -0.14009 0.0477804 
3.04513 1.65564 5.20316 -0.160273 0.485194 1.27904 -0.697424 -1.64089 -0.381044 0.304849 -0.183676 -0.0397197 
2.75494 1.8608 4.96325 -0.387696 0.332061 0.767697 -0.524358 -1.86909 -0.46154 0.502771 -0.270493 -0.00473414 
3.02455 1.98016 3.89904 0.490612 1.24025 1.24795 0.093909 -0.900831 -0.423353 0.324094 -0.143843 -0.024288 
2.6291 2.80441 4.76964 0.611143 1.30527 1.2706 -0.606985 -0.752282 0.0118733 0.19173 -0.195098 0.0160127 
2.74179 2.27996 3.86873 0.914531 1.47381 1.15202 0.217936 -0.442529 -0.0340741 0.250921 -0.193449 -0.00743146 
2.8597 2.29639 4.46971 0.611391 0.453159 1.98314 0.253019 -1.21763 -0.168885 0.719311 -0.376354 0.00883576 
3.03297 2.7236 5.37621 -0.542626 0.852179 2.4761 0.438902 -1.22995 -0.489679 0.405491 -0.0219195 0.0270047 
2.85102 2.33119 5.42067 0.0297085 0.487585 2.04859 2.23609 -1.50251 0.244401 0.557545 -0.381083 0.0323418 
2.57063 1.92486 5.21264 0.449339 1.20049 1.92847 2.54204 -1.57121 0.0812332 0.522683 -0.411686 0.0324227 
2.75556 1.72673 5.23432 -0.730489 1.16083 1.58076 2.90667 -1.48614 0.133582 0.515916 -0.385802 0.124393 
2.80302 2.07308 3.87844 -0.681889 0.842983 1.23032 2.60105 -0.391932 0.580993 0.580751 -0.379036 0.0609856 
3.21951 1.15604 3.64602 -1.02508 -0.0774717 0.577335 3.17011 -0.119559 1.36739 1.22257 -0.490575 0.0275318 
3.76001 0.710092 3.64901 -2.44988 0.68779 0.808461 3.10059 0.662592 1.10889 0.98254 -0.646961 0.080133 
2.96986 0.875381 3.51062 -0.736582 1.01039 1.32769 2.07852 0.0150738 -0.240946 0.599372 -0.84603 -0.0941896 
3.00219 1.28663 3.21364 -1.20125 0.666263 1.28974 2.70817 0.250025 -0.151222 0.576725 -0.886542 -0.115692 
2.86444 0.366543 3.13924 -1.25443 1.43843 2.79782 1.95035 1.32438 0.221962 0.40036 -0.614684 -0.122444 
2.7534 0.43861 3.55463 -1.08415 1.82746 3.38477 2.2099 1.02725 -0.168793 0.549885 -0.405061 -0.0561407 
2.7946 -0.0101326 3.97159 -1.15172 2.09041 2.66529 2.95415 1.20845 0.00236861 0.690159 -0.615954 -0.0230802 
3.29242 -0.301956 4.78631 -1.20509 1.73464 2.93342 3.18535 1.68777 -0.407999 0.399476 -0.334736 -0.0729077 
3.20532 0.771048 3.82578 -1.31588 2.27027 3.63217 3.24062 0.949907 -0.137136 0.524434 -0.500459 0.0434603 
2.96199 0.84217 3.7165 -0.626699 2.39382 3.55565 3.07021 1.13067 -0.603459 0.52271 -0.28052 0.0101668 
3.3962 0.712478 2.86049 -0.452319 2.00655 3.66534 2.80965 0.941357 -0.654091 0.400214 -0.36232 -0.0306554 
2.59818 0.00383936 3.07046 -1.0266 1.83751 2.74215 1.69641 1.01111 -0.678802 -0.0905324 -0.6501 -0.0430738 
3.00901 -0.124128 1.77417 -1.38509 2.08596 3.89216 2.29335 0.842746 -0.316696 0.152201 -0.290254 -0.0233495 
2.4122 0.990779 1.55804 -0.564334 2.29158 3.68317 2.31894 1.18456 -0.0938395 -0.0607398 -0.397943 0.0798454 
3.38716 0.286519 3.32529 -2.37598 3.3985 2.6293 2.45659 1.58979 -0.699544 -0.118109 -0.339151 0.0811033 
3.45474 -0.0268911 3.58099 -0.578983 2.60835 2.732 2.34728 0.405758 -0.424243 -0.100726 -0.764916 0.0470688 
3.8363 -0.233852 3.78972 -1.90055 3.22836 2.27443 1.37924 1.46153 -0.399472 -0.372739 -0.647998 0.0111698 
4.88725 0.726912 2.8811 -2.37662 3.78234 2.08397 1.57891 1.62256 -0.0495223 -0.209716 -0.440837 0.05927 
3.52846 2.55604 2.02629 -1.95161 4.62523 2.66471 1.67816 1.94591 -0.606552 0.00875037 -0.0188878 -0.0185536 
3.26117 1.71844 3.07996 -1.43307 4.03073 2.86011 1.52225 1.88047 -0.425168 -0.224412 0.0532526 -0.00210724 
2.48992 2.70218 3.48538 -1.28004 4.89235 3.82399 1.07436 2.82115 -0.350071 -0.038404 0.307521 -0.0138901 
2.99707 2.28976 2.19209 1.9065 2.10096 2.65275 1.82207 1.20297 0.802241 0.28937 0.288207 0.0924739 
2.61571 2.31307 2.23444 1.59135 1.96606 1.37975 0.971113 1.08667 0.835188 0.326943 0.475004 0.0430021 
2.54766 2.35652 1.18767 2.03956 1.58716 2.32415 2.23232 1.2793 1.04343 -0.0679758 0.420895 0.0465981 
2.37254 1.82088 1.05529 1.05869 2.25389 2.18699 2.7736 0.952407 0.786124 -0.240027 0.247003 0.0720515 
