1.82523 -0.232521 1.49768 -1.28613 1.29156 0.411367 -0.572557 -0.378201 0.539943 0.0112815 0.186982 -0.0114674 
1.41188 0.622676 1.49697 -1.26294 1.01888 -0.308515 -0.910642 -0.317022 0.221982 -0.64762 0.201349 -0.0167663 
1.72609 0.0126745 1.49667 -1.64007 0.887383 0.0602551 -0.116222 -0.27564 0.291178 -0.469633 0.360933 -0.0269242 
1.31823 -0.041658 1.45613 -1.17897 1.27234 -0.112551 0.688746 -0.176414 0.459154 -0.5245 0.0370988 0.119778 
1.62093 0.802343 1.14582 -0.260826 1.03007 -0.424295 0.0286328 -0.540029 0.561018 -0.278934 0.178095 0.0720895 
1.66401 0.180797 1.33931 -0.705925 0.83099 -0.458796 -0.173864 -0.235224 0.113364 -0.106926 0.282908 0.0862631 
1.81262 0.206006 1.37381 -0.535419 1.83518 -0.609225 0.0815036 -0.342118 0.132407 -0.109317 0.289119 0.0344151 
1.76099 0.359006 1.01581 -0.170049 0.219218 -0.168915 0.023063 -0.61609 -0.0801554 -0.659543 0.392074 -0.029093 
1.67181 0.185214 1.45892 -0.24742 0.997548 -0.113375 0.461017 -0.56802 0.0445305 -0.210576 0.0371597 0.0347714 
1.49801 -0.269067 1.45499 -0.918017 0.787627 -0.813716 -0.198933 -0.418266 0.0984123 -0.0996349 0.170053 0.0661741 
1.6774 -0.12336 1.4695 -1.41462 1.1652 0.597607 -0.225674 -0.0863119 -0.0156139 -0.254832 0.236962 0.0230309 
1.56086 0.047645 1.53625 -0.782353 0.993263 -0.130763 0.183673 -0.553212 0.465222 -0.265516 0.305185 0.107397 
1.71545 0.560354 1.49334 -0.728325 0.959208 0.229578 0.0881357 -0.501641 0.507457 0.00658633 0.286621 0.0151712 
1.81155 0.10828 1.54475 -0.656513 0.923414 -0.167942 -0.0752041 -0.252901 0.357163 -0.00083952 0.230521 -0.00352562 
1.68159 0.12499 1.70161 -1.04241 0.952331 0.207646 0.190482 -0.518211 0.376333 -0.315587 -0.0776185 -0.0090808 
1.97943 -0.251443 2.04583 -0.396826 0.502616 -0.328338 -0.125845 -0.310826 0.44782 -0.116348 -0.0528255 0.0668278 
1.48269 0.406458 1.44391 -0.910169 0.742013 -0.176768 0.623261 -0.642706 -0.438026 0.051542 0.351154 -0.00571233 
1.8711 0.167212 1.33647 -0.818245 0.667566 -0.127388 0.28462 -0.0793847 0.136237 0.09764 0.132715 0.0386738 
1.3953 0.0463381 1.15942 -0.224411 0.909684 -0.142648 0.0908328 0.208035 0.426709 -0.486131 0.231909 0.0583089 
1.61694 0.197751 1.35212 -0.335538 0.757398 0.488759 0.425912 -0.57649 0.283602 -0.153986 0.38321 0.0253593 
1.47634 -0.153506 1.35984 -1.49725 0.952028 0.281616 0.0777032 -0.256775 0.58442 -0.123522 0.169833 0.0206305 
1.55442 0.235764 1.74616 -1.1255 1.01387 0.179274 0.498661 -0.232205 0.00766334 -0.112438 0.211636 0.033364 
1.63527 -0.0423496 1.30696 -0.140137 1.10808 -0.323779 0.281173 0.204643 0.534225 -0.0169031 0.0895297 -0.0495139 
1.80526 -0.0381406 1.35713 0.189597 0.652413 0.238876 0.409788 0.1104 1.03033 -0.174807 0.0208615 0.0896058 
1.55488 0.291241 1.23813 -0.693393 0.408178 -0.299277 -0.173049 -0.678434 0.453752 -0.195822 0.129753 -0.0249552 
1.69694 0.338725 1.89622 -0.617544 0.522413 -1.03023 0.432599 0.0347126 0.857413 0.195254 0.249035 0.0664823 
1.92968 1.03414 1.69158 -0.00729774 0.819857 0.0406093 0.896213 0.12419 0.300531 0.157582 0.330186 0.0614124 
3.04232 2.22635 3.9022 3.68038 1.1943 0.897364 2.77805 1.89023 -0.252122 0.0970075 0.523751 0.0554594 
4.18223 0.880921 1.58812 3.88149 1.53866 1.42453 3.70191 2.03721 -0.573818 0.0270114 0.573046 0.137596 
4.17581 0.96071 1.69538 3.83529 1.61282 1.31257 3.18249 1.42099 -0.620113 0.167159 0.74774 0.145326 
3.99635 1.92473 1.41396 2.27317 1.89897 1.73118 2.50891 1.31517 -0.357949 0.190007 0.5053 0.148181 
2.89447 2.12327 2.05183 1.82907 1.34649 1.6088 1.74098 0.776805 0.122627 0.425857 0.391463 0.0384989 
2.79983 2.08327 1.86123 1.94906 1.81633 1.55396 1.28991 0.905037 0.579176 0.545515 0.436369 0.0540253 
3.08935 2.34567 2.32642 2.35153 1.7642 1.3539 1.37857 0.992446 0.467477 0.440931 0.380279 0.0648317 
3.87202 2.27101 1.76602 2.30585 1.94276 1.17536 1.73801 0.854655 -0.336619 0.23524 0.548634 0.123872 
4.12085 1.21911 3.2887 1.49119 1.52091 0.588671 0.0534507 -1.10398 -1.05893 0.961754 0.623714 -0.0123103 
5.02177 2.14927 1.03602 2.05427 2.44902 -1.69873 0.20218 -2.06865 -0.374988 0.77721 0.380907 0.0893477 
4.87119 2.53631 0.96654 1.43199 1.82896 -1.73338 0.25796 -2.63853 -0.115743 0.367246 0.20511 0.06019 
5.11518 2.55085 -0.168274 2.08682 2.97779 -2.77274 -0.431375 -2.27291 0.148488 0.0592471 0.050528 0.0922586 
3.9541 2.415 1.14057 2.03097 2.05072 -1.26844 -0.789697 -1.54696 -0.177796 0.381182 0.51683 0.0959782 
3.96561 2.72993 1.91743 1.40246 3.16861 -1.47383 -0.342958 -1.76988 0.00215382 0.600354 0.219852 0.11401 
5.78875 2.01016 0.760893 2.22181 3.74394 -1.86928 0.756776 -1.92716 -0.287369 0.462804 0.486607 0.30909 
5.42087 3.23091 0.354418 2.49299 3.34322 -1.93901 1.01232 -1.68757 -0.169429 0.338793 0.46127 0.302691 
4.67189 2.41 1.74567 1.86701 3.21462 -1.34458 0.563873 -1.9317 0.578547 0.400122 0.480903 0.238397 
4.75581 2.73154 0.863145 2.4215 4.06315 -1.65838 0.182757 -1.57048 0.424378 0.477991 0.372347 0.206933 
4.24173 2.63961 1.20795 1.99932 2.73093 -0.260082 -0.310987 -1.03758 -0.0474762 0.323411 0.659031 0.154554 
3.93032 2.14547 1.44617 1.70358 2.97926 -0.842498 0.0580582 -1.6026 0.186671 0.228065 0.707622 0.16637 
3.85655 2.87126 1.64243 0.779519 2.13418 -0.224026 0.30496 -1.93414 0.17489 0.388663 0.549729 0.160075 
4.3691 2.80918 1.5138 0.591352 2.71269 -0.618233 -0.264443 -1.666 0.317041 0.48186 0.414672 0.145877 
5.29788 2.86799 -0.0938491 0.946368 4.27733 -1.10598 0.474631 -2.31865 0.0640158 0.503326 0.468178 0.273077 
5.17198 3.89687 -0.701539 0.697855 4.54064 -1.19918 0.239181 -2.187 0.523476 0.584847 0.36913 0.180247 
5.70918 3.8234 -1.30368 0.964643 4.33657 -1.06098 0.294748 -1.94178 0.382903 0.54819 0.276759 0.200869 
4.67759 3.18739 0.56196 0.645924 2.64621 -0.130541 0.832389 -1.93107 -0.182642 0.549724 0.580801 0.218936 
4.65626 2.85738 0.47013 0.859699 2.60185 0.0500457 0.672894 -1.53915 -0.257881 0.47738 0.579695 0.193229 
3.9179 2.40032 0.947762 1.51632 2.59981 0.817825 0.381224 -1.1339 -0.330133 0.242154 0.538251 0.100296 
3.81322 2.61549 0.826146 0.893098 1.80641 1.1522 0.8634 -0.489268 0.134968 0.184459 0.383634 0.0810862 
3.81347 2.4416 0.363318 0.788002 3.15973 1.35556 1.69174 -1.06131 0.116321 0.0786561 0.320998 0.105745 
4.81886 2.35276 -0.486304 0.256357 3.25237 0.984135 2.48227 -0.257646 0.528392 0.532345 0.0910343 0.0591447 
3.98126 2.43406 0.214578 0.501311 1.71899 1.67446 1.36666 0.478074 0.788527 0.327498 0.138465 0.00230743 
3.96619 2.1439 -0.0187146 0.101103 2.37234 2.45279 2.05069 0.451736 0.478962 0.353008 -0.0072876 0.00911513 
4.63926 1.9249 -1.08078 1.30322 3.38934 2.12089 2.39805 0.254199 0.950534 -0.0339688 0.0344853 -0.00600238 
4.27361 1.31936 -0.790278 1.16267 4.32437 2.65482 2.71528 0.0166094 0.30511 0.104964 0.0603295 0.0918957 
4.70586 1.4198 -1.16628 0.877074 4.78767 3.5109 2.20753 0.148852 0.0262782 0.263226 0.188879 0.095547 
5.18241 1.27678 -1.22842 1.5473 6.03105 2.679 2.66597 1.12408 -0.870091 0.659092 -0.0080427 0.18277 
4.03713 1.12291 -0.798613 1.03309 4.03462 4.10033 2.49779 0.486652 -0.147519 0.335409 0.187009 0.136686 
3.83566 0.878157 -0.811251 1.09403 4.10935 3.88647 2.19159 0.403579 -0.32016 0.24683 0.288561 0.158691 
4.18417 0.964672 -0.988423 0.901778 4.25893 4.82382 2.33421 -0.0632869 -0.437788 0.494406 0.329322 0.153624 
3.29459 1.37353 0.19956 1.09162 3.06479 3.33537 1.75652 0.354274 -0.162218 0.0952524 0.309585 0.131064 
3.09934 1.21991 0.410155 1.36117 2.72714 2.8706 1.71579 0.769527 0.189541 -0.0486173 0.122739 0.0875833 
4.11574 1.56596 0.125307 1.64796 3.02484 2.24923 1.7779 1.69853 0.561623 -0.196707 0.0607342 0.0978271 
3.08118 2.06366 1.37079 1.6843 2.25699 2.29983 1.81283 1.00624 0.30219 0.0851492 0.12832 0.0703807 
2.82704 2.37089 2.18406 2.14072 1.88179 1.55104 1.37755 1.07025 0.794271 0.485065 0.244705 0.061498 
2.79755 2.46268 2.38491 2.18274 1.97069 1.63357 1.42833 1.1827 0.79163 0.502953 0.30687 0.0742457 
2.74248 2.44184 2.2675 2.04152 1.96549 1.63118 1.40854 1.23625 1.00141 0.593739 0.370602 0.0800709 
2.70689 2.28146 2.1171 1.88662 1.8259 1.49063 1.43746 1.13898 0.885006 0.642729 0.341454 0.0657798 
2.78034 2.38196 2.27823 2.03011 1.99747 1.59584 1.436 1.14365 0.963621 0.682791 0.375713 0.0809238 
2.62923 2.25542 2.80939 1.56457 1.70254 1.94376 1.07077 1.22403 0.875091 0.440764 0.476081 0.0666673 
2.47594 2.22359 2.64082 1.29463 1.97609 1.81799 1.08824 1.37067 0.87247 0.477441 0.39698 0.0543776 
1.91123 1.76176 2.83371 0.771645 2.07046 1.97549 1.03251 1.06305 1.537 0.35311 0.537224 0.0461239 
1.45986 1.24878 2.37619 0.189081 0.473547 0.129527 1.04966 -0.128562 0.200141 -0.181176 0.0313515 0.11196 
2.98358 1.43829 0.750847 -2.16693 -1.41994 -1.14745 -0.0165663 0.0384915 -0.276082 -0.318719 -0.200981 0.0804993 
1.57987 0.674929 1.31305 -0.681099 0.114063 -0.988781 0.690603 -0.310539 0.0959163 0.00865928 -0.0314388 0.0698766 
1.24978 0.709905 2.28575 0.73913 0.953575 0.15339 0.338825 0.399892 0.814365 0.393615 0.137452 0.0218771 
1.05644 0.621202 1.3782 0.514786 0.973617 -0.243856 0.186684 0.61879 0.655185 0.0463763 0.111235 0.0248411 
1.33163 0.573057 1.84965 0.116726 0.704866 -0.188598 0.682235 -0.0739162 0.350949 0.0939781 0.0205186 0.027054 
