4.02281 -5.39226 1.69926 0.512778 -1.70158 3.99732 2.65667 -2.25609 -1.16148 0.134087 -0.29814 -0.131756 
2.76935 -4.43413 1.49644 1.60963 -1.26032 0.656464 2.18178 -1.93517 -0.944085 0.717803 0.263651 -0.0386792 
1.73491 -2.56037 0.895644 1.10494 1.08124 0.111251 0.776184 -1.05051 -1.28497 0.751813 0.579513 -0.117794 
1.60651 -1.39353 1.36501 0.49975 0.137834 -0.352582 1.217 -1.38704 -0.385694 0.895142 0.742154 -0.0893936 
1.81127 -0.654968 0.786213 -0.151451 0.773244 -0.448414 0.702278 -0.659954 -0.527306 0.529576 0.607243 -0.0460179 
1.82202 0.0127087 0.471651 -0.340123 1.6551 -0.723709 -0.0493165 -0.752646 0.122777 0.329505 0.637865 0.0915709 
2.13412 -0.169525 0.988532 -0.335401 1.57939 -0.0409688 -0.498488 -1.01871 -0.243191 0.19012 0.610814 0.0577643 
1.76805 -0.503107 0.865501 -1.02002 1.27718 0.496163 0.215446 -1.09293 0.0565487 0.161006 0.550195 -0.00310546 
1.50426 -0.142214 1.47657 -1.08386 0.847728 0.915656 -0.262844 -0.378409 0.363203 0.281851 0.641907 0.0290602 
2.05008 -0.371006 1.08875 -0.762049 1.27366 0.577229 -0.218848 -0.995123 0.320582 0.189243 0.645455 0.0371742 
2.02877 -0.143355 0.795281 -1.12908 1.69388 0.0254921 -0.573351 -0.640587 -0.0382087 -0.104025 0.304938 -0.0371443 
2.05336 -0.244641 0.647831 0.0152938 1.35902 -0.0626422 0.504228 -0.67536 -0.0146333 0.321748 0.459544 -0.00083107 
1.8982 -0.354599 0.900421 -0.583843 1.39514 -0.605989 0.284111 -0.507971 -0.548327 0.365349 0.593316 0.00330051 
2.09212 -0.32113 0.971109 -0.731884 1.10717 -0.168309 0.142087 -1.22601 -0.158112 0.244908 0.403787 0.0301913 
1.94928 -0.788649 0.839177 0.0749383 1.45107 -0.506184 0.194222 -0.848163 -0.0204123 0.0424244 0.379043 0.0131797 
1.97773 -0.0111535 1.01492 -0.780254 1.29769 -0.252913 0.018483 -1.19268 -0.189141 0.0673846 0.300618 0.010084 
1.92588 0.0905904 1.15333 -0.794835 1.35639 0.471948 0.295347 0.0841648 0.286208 0.14349 0.525363 -0.0235214 
1.75927 -0.428235 0.688029 -0.819558 1.48251 0.0370356 0.249284 -1.12398 0.503439 0.0943202 0.316137 0.0813248 
1.55934 -0.35332 1.5992 -1.04467 0.236942 -0.471173 -0.591789 -0.622484 0.445461 -0.455788 0.43032 0.0537452 
1.7684 -0.211679 1.05267 -0.908942 0.800961 0.106883 0.324366 -0.0272932 0.023127 0.123119 0.320912 -0.0382401 
1.81777 -0.175238 1.14228 -0.989689 0.458977 -0.181881 0.943188 -0.347897 0.303208 -0.0442766 0.446495 0.0909143 
1.96302 -0.460865 1.32975 -0.98033 1.15088 0.0690478 0.567403 -0.224683 -0.490424 -0.162182 0.153419 0.0389803 
2.10487 -0.143063 1.1598 -1.05544 1.59919 -0.199986 -0.0431879 -0.726897 0.321744 0.373705 0.331398 0.061231 
2.00594 -0.373082 1.20491 -0.612696 0.728602 0.222201 0.513002 -0.257894 -0.087273 0.183919 0.43897 0.062155 
1.88052 -0.51709 0.879423 -0.12931 1.32291 -0.261337 0.575132 -0.1703 -0.0241397 0.169569 0.477549 0.0316128 
1.77573 -0.289147 0.82917 -0.992371 1.45724 -0.648716 -0.800192 -0.770844 0.0587865 0.39585 0.245771 -0.017124 
1.88848 -0.564321 1.28922 -1.31679 1.15125 -0.408826 -0.222313 -0.594571 0.315738 0.274688 0.255946 -0.00885501 
1.8895 -0.180534 1.41803 -0.161723 1.83234 -0.162974 0.0624599 -0.271045 0.271724 -0.251015 0.282439 0.0802532 
1.61415 -0.447155 1.24674 -0.849753 0.507129 -0.182862 0.587731 0.106048 -0.0279712 -0.381314 0.410527 0.0155119 
2.11922 -0.133071 1.60108 -0.558092 0.272291 -0.365488 0.0108289 -1.58018 -0.102006 -0.0853932 0.309204 0.116063 
2.122 -0.646496 1.85405 -0.358947 1.06495 -0.809851 0.0740101 -0.311121 0.0979103 -0.285295 0.436337 0.116802 
2.21288 -0.0115367 1.64714 0.178651 1.15523 -0.328466 0.495198 -0.169807 0.314108 -0.158571 0.166561 -0.0280546 
2.03453 -0.18262 1.74369 -0.621645 1.56599 -0.241885 0.457073 -0.523288 0.270751 0.198497 0.204202 0.0223951 
1.96598 0.0184077 0.888049 -0.477248 1.09393 0.452874 0.854969 -0.88627 -0.107984 -0.0740195 0.234709 -0.00827018 
2.00933 -0.332459 1.48484 -0.327052 1.12806 -0.513345 0.863295 -0.638217 0.0177465 0.00944599 0.124032 0.00130615 
1.98436 -0.273971 1.76039 -1.18362 1.51548 0.774168 -0.0970179 -0.66135 0.395548 -0.0232181 0.274299 0.00880606 
1.78707 -0.566382 1.21374 -0.53356 0.55305 0.118865 0.366889 -0.0484144 -0.361483 -0.152665 0.664289 -0.0161498 
2.50051 0.859327 2.07027 1.15258 1.80892 1.58405 0.95943 0.487317 0.551817 0.323768 0.750931 0.0336813 
2.64862 2.08054 1.89293 1.64215 1.48941 1.20004 0.909045 0.68311 0.450517 0.321431 0.182726 0.0478101 
3.17153 1.91303 1.61412 2.22157 2.11088 2.0435 2.14441 1.22419 0.0422043 0.0821672 0.497494 0.112984 
3.4027 2.05733 1.97573 2.35812 1.65481 1.90632 2.79154 1.54653 -0.260246 -0.0343861 0.561371 0.117824 
3.45728 2.36302 1.97379 2.39305 2.25421 2.06095 2.1858 1.08321 -0.0361085 0.180905 0.409142 0.105486 
3.21784 2.31238 1.82652 2.01897 2.59038 2.68829 1.99626 0.845556 0.134487 0.168727 0.364346 0.102301 
2.86855 2.2978 2.09215 2.00217 1.81295 1.60628 1.29217 0.855484 0.559608 0.437415 0.300571 0.0487005 
2.78529 2.28639 2.07275 1.85376 1.69873 1.44125 1.24189 1.04576 0.700801 0.510733 0.294795 0.0526297 
3.12993 2.35958 2.43498 1.87436 1.63417 1.20839 1.70638 0.396722 -0.00559128 0.673496 0.560258 0.0678756 
3.91834 1.89523 2.64088 1.56056 1.33432 -0.0276077 1.08269 -1.07638 -1.08849 0.774141 0.799853 0.118922 
5.90499 1.11336 1.17954 1.79048 2.63891 -1.63926 1.09172 -2.31991 -0.409092 0.808927 0.598496 0.273616 
5.8618 1.30977 0.978919 2.40224 2.79143 -1.91146 0.388921 -1.5638 -0.324846 0.611963 0.644218 0.259523 
5.70848 2.02309 1.86572 2.1926 1.85545 -1.3515 -0.0627746 -0.855124 -0.626928 0.752215 0.605603 0.175915 
4.92622 2.45464 1.46025 2.54708 1.66679 -0.577025 -0.386189 -0.234517 -0.410796 0.153477 0.620966 0.233457 
3.95558 2.72551 1.88514 1.94724 1.62132 -0.011216 -0.625157 -0.923324 -0.461683 0.398693 0.591757 0.124994 
4.09438 2.31287 1.51844 2.04244 2.13496 -0.300049 -0.61192 -0.77832 -0.490845 0.238469 0.812497 0.181545 
6.01706 2.08422 0.763227 3.04401 3.39597 -2.48664 0.230417 -0.680588 -0.852344 0.404335 0.541078 0.324935 
4.9876 2.2825 1.03709 2.40706 2.71259 -2.49679 0.24279 -0.825783 -0.54223 0.269794 0.387616 0.268673 
4.9639 2.37609 0.333328 1.99633 2.48577 -1.20062 -0.178715 -1.24297 -0.711433 0.377406 0.557809 0.219328 
4.66398 2.69381 0.861489 1.16205 1.91578 -0.897724 -0.143003 -1.49955 -0.520522 0.295693 0.455641 0.163013 
3.92553 2.46806 1.11845 1.04903 1.22289 -0.390005 -0.506041 -1.31771 -0.458984 0.142853 0.591606 0.134419 
4.71128 2.59715 0.9303 1.02625 1.53493 -0.100072 -0.440195 -0.917614 -0.405246 0.0857796 0.540156 0.175699 
4.69275 2.76799 1.38276 1.28237 1.3388 0.306582 -0.737295 -0.928247 -0.431053 0.334765 0.50211 0.143057 
4.72276 2.77425 0.975862 0.638146 0.982452 0.771958 0.0262006 -0.891232 -0.757785 0.144865 0.694798 0.248929 
5.28407 2.83669 0.545359 0.654525 1.25584 0.703966 -0.326884 -0.970042 -0.780489 0.18789 0.619421 0.24126 
5.41664 2.46607 0.3542 0.936702 1.46232 0.180478 -0.821791 -0.792386 -0.403284 0.330162 0.597917 0.210301 
6.17276 2.37964 -0.726769 0.712392 2.71077 -0.474145 0.0559421 -1.11782 -0.229439 0.228171 0.508282 0.277159 
6.31328 2.2263 -0.485371 0.663707 3.283 -0.834703 1.01198 -1.63749 -0.149834 0.202714 0.448278 0.33128 
5.73476 2.5952 -0.0354428 -0.145575 3.52474 -0.263453 2.05625 -1.4194 -0.247424 -0.161611 0.130986 0.312839 
5.05708 2.24714 -0.0379543 0.373849 2.75817 0.200929 1.55709 -1.05994 -0.142152 -0.171327 0.361497 0.226433 
4.88638 2.09157 -0.403583 0.492865 2.98549 1.81535 0.868635 -0.332546 -0.0988893 -0.160325 0.114347 0.0433914 
5.30673 2.05863 -1.38474 -0.317552 3.75574 1.90145 1.56368 -0.501922 -0.0845033 -0.0485281 0.0637271 0.0436413 
5.69508 1.36326 -2.07792 -0.253213 2.93755 2.2725 1.93546 0.91991 0.195051 0.267154 0.027405 -0.0145946 
5.41466 0.858804 -2.30802 -0.127193 3.17771 3.03567 2.64018 0.660404 0.0128084 -0.0383098 0.0922012 0.0519212 
5.40955 0.646858 -1.78395 0.849609 3.95307 3.37218 2.1908 0.478056 -0.285885 0.121681 0.106052 0.0533607 
3.98472 0.957451 -0.825401 0.954698 3.1386 3.34677 2.06807 0.286263 -0.0488538 0.168345 0.21717 0.0802816 
3.68949 0.954436 -0.576697 1.14768 3.29925 3.36932 1.9577 0.382242 -0.237382 -0.182897 0.126491 0.126394 
3.3795 1.24362 0.432696 1.89464 3.32525 2.75401 1.50274 0.458635 0.0273738 0.14818 0.258254 0.101145 
4.20075 1.01354 -1.51906 1.18022 4.38406 3.79674 2.52535 -0.470931 0.176688 0.08678 0.42598 0.15416 
3.3602 0.816446 0.0714002 2.50085 3.85657 3.27856 1.85642 0.404143 0.103498 0.235168 0.292446 0.151046 
3.89103 0.510902 -1.28334 2.86049 4.55252 2.70524 2.93876 -0.17357 0.342441 -0.0184625 0.424031 0.185031 
3.84874 0.362494 -1.1079 2.08919 4.60512 3.36535 2.31433 0.33453 0.0640472 0.246162 0.300629 0.168019 
4.33766 1.24359 -0.785603 1.12308 3.73426 3.71801 2.17902 0.735432 0.220731 0.580159 0.190249 0.0651182 
3.15328 2.44417 1.79994 1.74334 2.10042 2.1038 1.38012 0.673207 0.561185 0.590589 0.386505 0.0803355 
2.77954 2.28974 2.09564 2.0206 1.76777 1.52218 1.29285 1.05867 0.77917 0.5458 0.339051 0.0656103 
2.73799 2.29861 2.07477 1.74927 1.63013 1.46146 1.02852 0.787188 0.627953 0.364237 0.160206 0.0404249 
2.98668 2.44033 3.22917 3.24312 2.75638 2.00813 1.80855 1.27661 0.803426 0.368266 0.0823089 0.0847037 
2.67035 2.2922 2.99345 2.26286 3.08009 1.85483 1.47091 1.05511 0.806419 0.301764 0.520144 0.0878477 
