1.64371 -0.63287 2.23037 -0.270763 0.905908 -0.157685 0.0869446 -0.396099 0.385269 -0.23268 0.0739036 0.0123016 
1.18398 0.662033 1.65677 -0.878534 1.02975 0.467052 0.36771 -0.731088 0.428593 0.00274778 0.235196 0.0146917 
1.39696 0.188616 1.3912 -0.909307 1.10897 0.473066 0.415066 -0.315623 0.222948 -0.294463 0.0509331 0.00715095 
1.37973 0.365757 1.84 -0.729101 0.425664 -0.164823 -0.123624 -0.253502 0.365418 0.00486652 0.237489 0.00126207 
1.46356 0.296735 1.88311 -0.552781 0.071555 -0.223276 -0.154105 -0.92393 0.222367 -0.0743097 0.334103 0.007035 
1.68037 0.292008 1.66391 -0.871713 1.10673 0.20284 0.0395407 -0.009001 0.516978 -0.0658297 0.168397 -0.0281459 
1.53257 0.446627 0.769541 -0.841807 1.08247 -0.592603 0.54337 -0.408457 -0.246701 -0.200239 0.10155 -0.0216483 
1.35453 -2.38207 1.89782 2.18873 -0.857384 -0.441206 3.07971 -0.291103 -0.117124 0.100134 -0.367604 -0.0185027 
1.1744 -5.70086 3.156 3.48944 -1.25197 -1.14658 3.52189 -0.481523 0.34679 0.145451 -0.852153 -0.108103 
1.41435 -2.08694 1.82937 2.77722 0.500159 -1.91722 1.41814 0.203243 0.616699 0.0732303 -0.483441 -0.0510007 
1.08217 -0.339436 2.5594 -0.524027 0.786707 0.0716159 0.620256 -0.480651 -0.132804 -0.276473 0.416253 0.0164772 
1.28087 0.0536256 1.45184 -0.297185 1.39068 0.510252 0.410807 0.0786984 0.318169 -0.815194 -0.12142 0.0783831 
1.33821 0.44434 1.61178 -0.64792 -0.16104 0.0628849 0.671357 -0.682186 0.215897 -0.0409551 0.281705 -0.000115285 
1.58388 0.298999 1.97722 -0.931111 0.696526 0.269519 0.669912 -0.905876 0.123704 0.0910938 0.387253 0.0120471 
1.53011 0.300889 1.82363 -1.31613 0.0504684 -0.086002 0.372574 -0.223169 -0.462251 -0.185788 0.116485 -0.0724965 
1.47363 0.583177 1.74073 -1.10725 1.04541 0.303219 0.515559 -0.774717 0.135342 -0.30624 0.0823014 0.0609722 
1.40785 0.28758 1.34542 -0.530222 0.661613 -0.180636 0.523047 -0.307195 -0.227637 -0.306507 0.150174 0.00277836 
0.0503304 -2.9288 0.799858 1.09356 1.15002 0.96836 1.03699 -0.581385 -0.653865 0.129871 0.0240643 -0.0600361 
-0.427652 -7.51498 1.49065 0.792177 1.24239 2.53982 0.500925 -1.41033 -0.0163084 0.119305 -0.0892046 0.0774076 
0.599536 -4.62023 1.17096 0.0105742 2.32738 4.7136 -1.37115 -2.10136 0.570514 -0.0357401 -0.0548705 0.0628722 
0.577636 -2.65161 1.82432 -0.594056 1.82316 2.26142 -2.57517 -0.911936 1.29789 -0.140185 -0.224832 -0.0602652 
1.46039 -0.954055 0.671457 -0.613373 2.55453 1.02327 -0.904153 -0.604034 0.353814 0.104308 -0.196096 0.0426823 
1.46345 -0.0619313 0.828055 -0.286399 1.79745 1.1318 0.0516179 -1.18283 -0.046092 -0.598879 0.20586 0.151956 
1.6376 0.0950605 0.614663 -0.658136 0.458586 -0.210292 -0.220669 -0.810376 0.276545 -0.627719 0.523622 0.0801853 
1.45196 0.26693 1.58093 -0.294691 0.526608 -0.959288 0.0102227 -0.00805473 0.140723 0.264607 0.11515 -0.0392479 
1.81466 0.753935 0.904446 -1.01916 1.39887 0.335576 0.519949 -0.905365 0.0232163 -0.253374 0.00427757 0.0253835 
1.53381 0.717026 1.32088 -0.478256 0.412897 -0.349242 0.874538 -0.941012 0.109284 -0.286327 0.0358695 0.0287084 
1.30633 0.618043 1.90387 -0.934513 0.206322 0.627645 1.12889 -0.441071 0.433768 -0.44688 0.529674 -0.0421795 
1.36977 0.162211 1.78946 -0.748623 0.152381 0.329558 -0.160121 0.302337 0.274529 -0.812274 0.214305 -0.00555871 
1.62865 0.351391 1.94619 -0.891671 0.580605 1.07973 -0.0517161 -0.420375 0.825867 -0.590798 0.176832 -0.0122055 
1.38069 0.209357 1.55525 -0.988034 0.778998 -0.469291 -0.173609 0.18599 0.876671 -0.361543 0.342041 0.0772882 
1.17579 0.0789969 1.93158 -0.806368 0.253464 0.452052 -0.142122 -0.778058 0.0942522 -0.167897 0.130681 -0.0550876 
1.61909 0.302312 1.47632 -0.906623 0.578541 -0.237962 -0.0517496 0.317824 0.141434 -0.512356 0.14052 -0.0262892 
1.79971 0.65699 1.75557 0.371118 1.93068 -0.429238 0.819265 0.546161 0.221659 0.137331 0.239156 -0.0230026 
1.45034 0.059716 1.86204 -0.468405 0.745575 -1.28737 0.411556 -0.120386 0.404137 -0.199095 0.0981083 0.0697285 
1.49339 0.495839 1.88982 -0.417998 1.69992 -0.594978 0.527009 -0.348569 -0.222863 -0.357177 0.0804083 0.0576236 
1.4291 0.666892 2.1047 -0.986274 0.407335 -0.51106 0.0816058 -0.371075 -0.286565 -0.553275 -0.0278078 -0.00995535 
1.4702 0.322845 2.12235 -1.35234 0.73613 0.286938 0.0636997 -0.222835 -0.0319143 -0.403175 0.244499 -0.0398964 
1.29266 -0.160513 2.32516 -1.08702 1.24593 -0.234544 -0.599793 -0.332634 0.701955 -0.390561 0.265956 0.0658263 
1.18975 0.312786 1.64818 -0.72155 1.16003 -0.125485 -0.174791 -0.0472398 0.358721 -0.49225 0.152028 0.00937053 
1.51812 -0.522662 0.834964 -0.274952 1.89861 -0.423243 -0.835154 -0.0462423 0.867928 -0.181693 -0.0214904 -0.0357252 
1.73102 -0.65649 0.75164 0.493974 2.15419 -0.47795 -1.4034 0.27104 1.71654 0.197153 -0.012411 -0.0905834 
1.56627 -0.433873 1.23504 0.780378 1.75001 -0.630327 -0.197534 0.209113 1.37887 -0.0295537 -0.0138209 -0.00769721 
1.45083 0.234236 1.5831 -0.391989 0.624495 0.095458 0.691472 -0.186867 0.141646 -0.203424 0.17058 0.067891 
1.46488 0.146227 1.85789 -0.682261 0.10829 -0.332291 0.847463 -0.125589 -0.113055 -0.197488 0.263201 -0.0107331 
1.46245 0.437396 1.63801 -0.548466 -0.0352784 0.0311552 0.277004 0.108532 0.442841 -0.23272 0.340989 0.0198129 
1.40182 0.301647 1.54563 -0.599878 0.746777 0.0544154 0.262892 -0.665157 0.289786 0.0964662 0.0763677 -0.0265384 
1.25429 0.234931 2.06271 -1.98723 1.80126 0.680397 -0.101867 0.385928 -0.2352 -0.426911 0.409026 -0.103128 
0.22211 0.354629 3.00271 -2.28587 1.73434 0.68824 -2.00399 1.33857 -0.512278 -0.4431 0.321367 -0.0826678 
-0.653295 -0.42351 4.09534 -3.57582 1.79318 1.41052 -2.33174 1.61151 -0.432053 -0.591192 0.499811 -0.0855875 
-0.616259 0.496076 5.04381 -2.70438 2.93821 2.24902 -1.72701 2.39729 0.110851 -0.259289 0.580666 -0.0493397 
1.45544 3.17731 4.11179 -0.894204 3.57185 1.95665 -0.869591 2.34222 0.366389 0.0798911 0.50186 -0.0688959 
2.9307 3.06143 4.14096 1.30304 3.67416 2.5006 0.502042 2.56899 0.0776422 0.213118 0.471117 -0.0338642 
2.98099 2.77754 3.0398 1.51263 2.42702 1.77838 0.582836 1.81233 0.385551 0.242431 0.421484 0.0271346 
2.75573 2.59816 2.97923 1.27846 2.35277 1.75053 0.516752 1.82233 0.492697 0.200955 0.527218 0.0210958 
2.66978 3.122 3.48462 1.11668 3.23846 2.02952 0.371988 2.19952 0.410453 0.0424501 0.519519 -0.0207329 
2.85797 2.1723 2.57925 1.72675 1.59083 1.82354 0.589292 1.13253 0.352479 0.0542962 0.367761 0.0277521 
2.88598 1.81797 3.47652 2.10508 0.670234 0.297019 0.63246 0.756422 -0.641254 -0.175168 0.294893 -0.0380958 
3.41799 2.76253 3.26823 1.24034 0.893358 0.161327 -0.602267 -0.176231 -0.734979 -0.333346 -0.222329 -0.101678 
3.73505 2.68229 5.19478 0.833226 0.781259 0.379361 -1.84221 -0.455649 -0.0598979 -0.161175 -0.310531 -0.0361857 
3.90157 3.68739 4.22255 0.707914 1.29115 -0.289128 -1.42126 -0.312335 -0.155335 -0.0482094 -0.127737 -0.0101457 
4.0735 3.09253 6.67587 -0.223958 0.36341 0.491929 -1.70109 -0.52936 -0.366007 0.286288 -0.0799032 0.00528656 
3.9165 3.69594 4.84601 0.642892 2.02849 -0.834408 -1.12182 -0.853024 -0.109814 0.316779 -0.328715 0.0614066 
4.08425 3.39562 5.69469 2.07141 1.09912 -0.747801 -1.62135 -1.23039 0.541161 0.442413 -0.675291 0.115258 
3.66147 3.55674 5.53367 1.15656 0.62032 0.934988 -0.524582 -1.106 -0.3844 0.576649 -0.448526 0.00947558 
3.74443 3.02691 4.48325 1.148 1.2182 1.26414 -0.648555 -0.729992 -0.255375 0.375104 -0.257666 -0.0224999 
3.74985 3.28524 5.87413 -0.0900549 2.04106 2.23016 0.475422 -1.38046 -0.861435 0.192015 -0.345493 -0.00168224 
3.14633 2.53092 3.3951 1.36684 0.78955 1.30383 0.041654 -0.666038 0.150574 0.0940541 -0.30397 -0.0108925 
3.04519 2.60818 3.32111 1.19199 1.07986 1.452 -0.0526765 -0.314321 -0.105305 -0.0427983 -0.123182 -0.0186099 
3.0076 2.90312 4.8108 1.14748 1.89308 2.03598 -0.586479 -0.698834 -0.414415 0.266287 -0.297602 -0.0538977 
3.24724 2.853 4.82535 1.52018 1.42579 1.70248 -0.330361 -0.698884 -0.250702 0.191488 -0.312373 -0.0505527 
4.05614 3.51097 5.93274 1.36092 1.21567 0.015862 -0.876751 -0.846746 -0.363012 0.625412 -0.517186 -0.00767988 
3.78345 3.25986 6.05995 1.43951 1.49707 0.629843 -0.478426 -0.956732 -0.0921765 0.500168 -0.548851 0.00286077 
3.67755 3.58676 5.79343 0.457768 1.1469 1.16725 0.11606 -0.925369 -0.279543 0.665903 -0.481169 0.0138289 
3.27362 2.27809 3.347 1.45061 1.02399 1.07322 0.195247 0.242743 -0.415631 0.150161 -0.0713848 -0.0454557 
2.94868 2.77677 3.29439 1.27256 0.646646 1.56993 0.168327 -0.773387 0.276664 0.0325469 -0.264482 0.00463389 
2.99348 2.59747 3.06703 1.9189 1.40746 1.29513 0.775438 -0.44585 0.25042 -0.0296321 -0.245031 -0.0241311 
2.88566 2.5455 3.30167 1.53948 0.921202 1.24051 1.01843 -0.611963 0.176657 0.349404 -0.289601 -0.00701933 
3.83611 3.09504 6.01415 -0.358172 0.569899 2.28815 2.12104 -1.09628 0.10735 0.403158 -0.558753 0.0144588 
4.04987 2.87798 5.41577 0.122024 0.898337 1.04775 2.97905 -1.47107 0.392653 0.61376 -0.758969 0.0550782 
3.81534 2.22742 4.02376 0.783899 0.0550576 2.37039 2.41988 -0.195125 0.585765 0.529502 -0.591921 -0.07716 
3.6483 2.03653 3.6152 0.710846 -0.0324308 2.10574 2.57863 0.329619 0.680556 0.552427 -0.582301 -0.0948879 
3.65354 2.54576 4.93612 -1.11205 0.930413 2.80166 2.3872 0.992586 -0.425102 0.355484 -0.657332 -0.185273 
3.69562 1.74906 4.93077 -1.00186 1.28649 2.30773 2.23303 0.718819 -0.459639 0.33885 -0.815655 -0.184351 
3.73768 0.878402 4.1498 -0.649805 2.86069 3.70022 2.09057 1.0842 -0.34573 0.377997 -0.537778 -0.0964683 
