1.82619 0.710472 1.53212 -0.965949 0.920393 0.233337 0.281375 -0.213888 0.291945 -0.167834 -0.0063208 0.0846685 
1.55845 0.64637 1.64944 -0.524385 0.755583 0.256677 0.501942 0.0583657 0.484404 0.171667 0.281461 -0.03488 
1.66934 0.585696 1.53304 -0.21898 0.82924 -0.0452399 0.464453 -0.326088 0.621088 -0.291183 -0.0286687 0.0594919 
1.42824 0.375408 2.07497 -0.544885 1.14848 0.560401 -0.189681 -0.260613 0.16598 -0.144818 0.110856 0.0832472 
1.40944 0.0437799 2.34545 -0.820825 0.697705 -0.000458696 -0.852973 0.215189 0.918654 -0.543941 0.303362 0.114311 
1.62377 0.41291 1.74642 -1.48851 1.57328 0.533091 -0.881457 -0.281934 0.73377 -0.213225 0.296018 0.0788182 
1.54633 0.248747 1.56842 -1.37155 0.803599 0.0251665 0.0423103 -0.438751 -0.243474 -0.166892 0.00968837 0.0896899 
1.26864 0.557841 1.51393 -0.293662 0.415458 -0.227208 -0.369066 -0.964024 0.131916 -0.680715 0.246579 0.0439283 
1.30227 0.577441 1.42642 -0.576777 0.862628 0.208216 0.0564652 -0.0618646 0.0322881 -0.546069 0.17522 -0.0212421 
1.39257 0.695352 1.20414 -0.274629 0.7084 -0.847814 0.293932 -0.92711 0.228082 -0.0371648 -0.0286346 -0.0540016 
2.07972 0.726222 2.31832 0.0697841 1.40807 0.647294 0.59186 -0.225914 0.0603805 -0.189473 0.113966 0.0210341 
1.91419 1.24642 2.43956 1.0653 2.11934 0.824808 1.11579 0.24184 0.385113 0.10017 0.0144157 0.0273517 
1.70791 0.49369 2.40142 -0.165382 1.17245 1.08192 1.00668 0.230961 0.490294 -0.315855 0.119864 0.0496948 
1.59406 0.425528 2.3054 -0.188097 1.28575 0.341276 0.894246 -0.00414581 0.196167 0.0810337 0.303704 -0.0222488 
1.73255 0.97187 2.2181 -0.67514 1.4376 1.19345 0.790414 0.0647068 0.642754 0.267037 0.205261 -0.0227362 
1.59296 0.285267 1.76215 -0.398755 0.862322 -0.184895 0.05221 0.220481 0.157539 -0.161545 0.0562935 -0.0373044 
1.62723 0.509478 1.51023 -0.857674 1.40407 0.176536 0.541857 0.18991 0.580313 -0.385404 0.132759 0.0801785 
1.59279 0.316334 1.54861 -0.854513 0.731751 -0.421906 0.708636 0.0253527 0.175858 -0.14983 0.0116801 0.0325254 
1.52817 0.396532 2.01262 -0.539325 1.02553 0.510707 0.497262 0.154311 0.509077 0.238851 0.0968039 -0.060367 
1.9327 0.992803 1.84765 -0.491899 0.959039 -0.176438 1.01248 0.466662 0.226694 0.0932602 0.297731 -0.00366356 
1.59572 0.296313 1.83751 -0.143035 0.998074 -0.351781 -0.0401761 -0.192738 0.333257 0.0378949 0.0039078 0.0139408 
1.56289 0.328631 1.443 -0.657964 1.05181 0.183897 0.372689 0.170608 0.695568 -0.25954 0.316614 0.0255834 
1.02087 0.130282 3.27884 -2.22101 2.06329 2.29463 -0.564404 0.253054 0.252881 -0.0623928 0.190682 0.0629998 
0.307974 1.24993 4.16244 -2.71781 1.58821 1.77199 -0.70129 0.629283 0.973602 0.589275 -0.127273 0.0305338 
0.363937 1.60375 7.35978 -2.58855 4.08067 3.38982 -0.104516 1.78589 0.742475 0.613227 0.273774 0.0987303 
2.38807 2.15901 4.22407 0.440914 2.6019 2.57091 -0.046605 1.76622 0.864311 0.171613 0.244448 0.0351512 
2.39106 2.59795 4.11977 -0.246244 2.93039 1.76247 0.102922 1.82869 1.08185 0.407356 0.226693 0.0482981 
2.28488 2.85695 5.06742 0.0262157 3.42979 3.19186 -0.238064 2.28422 0.959408 0.14483 0.321829 0.0520338 
2.33848 2.45536 4.10138 0.415771 3.28226 2.42041 0.37476 2.07379 0.894416 0.193516 0.319898 0.0383677 
2.33295 2.82374 4.25812 0.0803602 3.56519 2.64448 -0.0641613 2.08683 0.710406 0.276109 0.381097 0.0128132 
2.54247 0.866444 4.90783 1.50558 2.33618 1.27467 1.40892 2.39612 -0.183746 0.324858 0.485323 -0.021614 
3.0399 1.59739 5.53078 2.60744 0.43507 0.935729 0.893233 -0.0973469 -0.0999715 0.478698 -0.125899 -0.0533251 
3.35626 1.30303 6.02858 0.506579 1.05505 1.21257 -0.44786 -0.184557 -0.301083 0.531253 0.161663 -0.0698107 
3.76579 0.755868 6.01529 -0.406251 1.05907 0.879194 -0.640713 -1.93739 -0.6603 0.869823 -0.207585 -0.00394177 
3.04122 2.16131 6.08897 -0.703311 0.656754 0.929069 -0.959919 -1.49801 -0.621933 0.548504 -0.124477 -0.00692791 
2.89673 2.15975 6.39266 -0.287046 -0.143167 1.63768 -0.892737 -1.26605 -0.505423 0.532884 0.0708464 -0.0462426 
3.06754 2.14426 6.09351 0.131798 0.853647 1.78928 0.68549 -2.05862 -0.517138 0.237004 -0.312429 -0.0334687 
2.37738 2.0538 4.58009 0.491677 0.97468 1.76924 -0.382822 -1.54979 -0.670876 0.939866 -0.14333 -0.0744264 
2.90174 2.26829 4.05117 1.3135 1.413 1.85702 0.230328 -1.5176 -0.599947 0.740216 -0.113818 -0.0405751 
2.97091 2.26555 4.27259 1.21031 0.77673 2.08243 0.0689493 -0.918357 0.000535316 0.629416 0.0417246 0.018709 
2.73786 2.20551 4.59779 1.15434 1.05614 2.1084 0.270563 -0.645271 -0.150196 0.464866 -0.0305111 -0.0221684 
2.9243 2.12077 4.78108 0.842001 1.21466 2.45115 0.290306 -0.89043 -0.158127 0.581619 -0.0741251 -0.0095011 
2.61568 2.82138 5.08792 0.683231 1.04832 2.38641 -0.276838 -0.736604 0.0228936 0.571247 0.0723543 0.0371704 
2.42164 2.47121 5.75713 0.682955 0.989131 3.06112 0.254412 -1.44475 0.458568 0.368587 0.0387592 0.0451329 
3.0577 1.88899 5.67922 0.147928 1.82293 2.25312 0.267636 -1.07258 -0.15259 0.566616 0.167939 0.0288886 
2.62562 2.68724 4.94676 0.0960047 1.21776 2.6067 0.272325 -1.29725 0.22218 0.686641 0.175552 0.0984691 
3.19153 2.21344 4.60747 0.730774 1.46681 2.89137 -0.330214 -0.883137 0.097852 0.522806 0.339134 0.0725212 
3.1091 1.8361 6.18802 -0.375302 2.65348 2.40449 -0.0169862 -1.07025 -0.647375 0.872146 0.378607 0.00107176 
2.63673 1.94681 5.91831 0.0903069 1.93668 2.87376 0.560593 -1.49393 -0.17778 0.939746 0.172141 -0.000757077 
2.83073 1.95343 4.8799 -0.0714763 1.78145 2.00554 0.399943 -0.769718 -0.544655 1.27443 0.363141 -0.0161361 
2.84477 2.22076 3.57818 0.960486 0.939658 2.61654 1.65283 -0.761343 0.056294 1.01778 -0.0744368 0.034782 
3.16172 2.04696 3.85391 -0.0811314 1.46837 3.01959 2.34039 -0.958391 -0.775967 0.524597 0.0640964 0.062184 
3.14182 2.54679 3.09621 -0.0395379 0.168591 1.9938 2.09391 -0.440124 -0.163397 0.780501 -0.184161 0.0131037 
3.03502 2.08847 2.71473 0.410623 0.294548 2.02525 2.03106 -0.373259 -0.0070431 0.673976 -0.159298 -0.0117095 
3.78396 1.89932 2.84029 -2.09417 -0.0584752 1.29977 2.98539 0.670291 -0.177851 1.05911 -0.633894 -0.161584 
3.43846 1.56122 4.13637 -3.29328 0.214671 1.40278 3.14812 0.368728 -0.735289 0.583081 -0.919707 -0.156606 
3.01099 1.96135 3.89657 -1.79256 0.850639 2.71893 3.09584 1.01524 -0.911542 0.526578 -0.796815 -0.172345 
3.0581 1.97634 3.51217 -0.255934 0.948466 2.99019 3.0555 0.91048 -0.0969481 0.49897 -0.804188 -0.0710193 
2.72874 2.43706 4.92402 -0.932324 0.650723 3.07167 3.01164 1.86597 -0.0134709 0.846951 -0.613549 -0.163342 
2.409 2.31545 3.33431 0.442823 0.855601 2.11037 2.45236 1.05324 0.23967 0.883247 -0.526829 0.00979621 
2.7619 1.19348 3.2511 0.444462 0.804963 2.76873 2.21479 1.40865 0.748679 0.815944 -0.531103 -0.0169743 
2.54901 1.84811 3.87107 0.161534 0.770926 2.83733 3.39979 1.43818 0.417198 1.09373 -0.656827 -0.0245182 
2.61705 0.503224 5.26725 0.0727141 0.907355 2.84144 3.62975 2.21902 -0.373752 0.820475 -0.136667 -0.154787 
2.7471 0.0506983 4.30748 -1.37079 2.28616 1.7895 1.76286 2.87227 1.25617 0.0757611 -0.550661 0.0252334 
1.9479 1.96742 4.19303 -1.35637 2.23433 2.46108 2.56279 2.56924 1.02045 0.175708 -0.193812 0.0610422 
2.26077 2.51352 2.77719 0.296804 2.69072 1.65486 1.76274 1.68411 1.05966 0.943635 -0.250836 0.104153 
2.45612 2.07465 3.55772 0.415365 2.79368 1.75981 0.899227 1.48369 0.972467 0.592552 0.0827146 0.0672608 
2.18088 3.08627 5.07036 -1.31784 3.61238 1.75931 -0.153156 2.49195 1.19936 0.498932 -0.0167976 0.0993921 
2.17159 3.15706 4.1363 -0.36835 4.32615 0.258286 1.60899 1.98209 0.0908818 0.823626 -0.0349996 0.0532529 
2.43821 2.57351 4.98033 0.767421 3.30932 1.97385 1.85959 1.8021 0.925095 0.617089 0.113237 0.129914 
2.97931 2.36978 3.01954 0.140957 1.32368 1.31715 2.24575 2.20129 0.773005 0.961094 0.375104 0.0239437 
4.02173 0.981572 0.339222 -2.77809 1.18149 2.1196 3.06545 1.89766 0.745973 0.20806 0.483378 0.109802 
3.76167 -0.655237 0.691285 -4.07861 -0.693303 2.13431 3.54715 0.384373 0.292248 1.13009 -0.22355 0.0230593 
2.40276 -0.826049 1.46918 -4.6318 -1.3975 3.32273 3.45934 -0.319331 0.961276 0.785325 -0.249899 0.128714 
3.00581 -1.90082 1.02804 -3.50756 -2.8836 3.64633 2.27881 -0.715131 1.20393 0.719951 -0.116431 0.119446 
1.83153 -0.954463 -1.1563 -3.86389 -3.02146 2.62333 1.51289 -0.078562 1.41722 0.388441 -0.28414 0.0242188 
3.10713 -0.0463985 -2.29793 -3.23991 -1.58424 0.102453 2.11819 1.04925 0.881232 0.548271 -0.0102097 -0.0487533 
2.53042 0.25929 -0.943369 -2.37329 -1.1823 0.0501084 1.41748 1.55621 1.50646 0.52271 0.114014 -0.0129844 
2.19582 0.368196 -0.0654004 -2.13483 -0.0792736 1.31329 1.4759 0.494975 0.952317 0.59217 0.466571 -0.0290994 
1.79293 0.0183904 0.0905894 -1.6939 0.186978 1.57699 0.509124 -0.455169 -0.202897 -0.117626 0.622058 0.0924746 
1.73301 0.511515 0.587643 -0.865744 0.392589 0.246066 0.152171 0.360659 1.12211 -0.00221998 0.477624 -0.00041677 
1.57732 0.491972 0.686916 -0.0472989 1.59798 1.02425 -0.00532985 -0.563413 -0.337031 -0.381431 0.27661 0.145683 
1.40651 0.0503692 0.594929 -0.415134 1.22709 0.0470869 -0.865799 0.213524 0.0125386 0.113643 0.185231 0.0902631 
1.11585 0.456984 0.921035 -0.0924213 1.34359 -0.743157 -1.06205 -0.156417 0.559201 -0.437227 0.152467 0.139204 
1.2499 0.30251 1.03259 0.384074 0.668735 0.421577 0.0662915 -0.433031 -0.339023 -0.264025 0.0395628 0.00921926 
