1.57445 0.0888501 1.88381 -0.82617 0.632937 -0.164683 0.586969 -0.0204623 -0.0446933 -0.460131 0.0345816 0.00430864 
1.48627 0.380296 1.30527 -0.530904 1.21196 0.0393149 0.969249 1.14592 0.170927 -0.198509 -0.0677804 -0.0370486 
1.45703 0.468583 1.86908 -0.448078 0.932126 0.0731137 0.242119 -0.189243 0.43245 -0.474984 0.0102515 0.0558003 
1.31463 0.504983 1.3429 -0.7348 1.04831 -0.179379 0.435731 -0.141056 -0.0120854 -0.847503 0.300424 0.00855541 
1.54109 0.430931 1.84675 -0.727648 1.19606 0.264676 0.463145 0.231819 0.229711 -0.405927 -0.0959232 0.0635058 
1.31689 0.259235 1.99182 -0.889445 1.94559 0.490677 0.848368 0.578533 0.381524 -0.3429 -0.0339138 0.0200703 
1.27049 0.443708 2.26737 -0.6495 0.735939 0.422798 0.316879 0.356402 0.0275137 -0.377623 0.181949 0.07117 
1.63523 0.311331 1.43777 -0.886056 0.991296 -0.122395 0.460206 0.256853 0.473312 -0.352471 0.264779 0.0187067 
1.54965 0.792594 1.09246 -0.660332 0.343534 -0.565919 1.18697 -0.303506 0.238501 -0.487813 0.0151374 0.0504406 
1.73248 0.465391 1.879 -0.834025 0.430923 -0.298939 0.443719 0.267215 0.287234 -0.367973 -0.0256105 0.058753 
1.59209 0.834157 1.89621 0.512951 0.473132 -0.393657 -0.24493 -0.127023 0.103018 -0.493365 0.475042 -0.00908536 
1.53155 0.810608 1.97848 -0.353159 1.38364 -0.466565 0.386087 -0.394951 -0.261155 -0.166887 0.354259 0.0159498 
1.56417 0.339009 1.79865 0.0432353 0.773238 0.546988 0.145616 0.407854 0.415548 -0.323622 0.320302 -0.04648 
1.60508 0.111293 1.5797 -0.671443 1.16298 -0.0222601 0.930053 0.369812 0.268923 -0.635938 0.107345 0.0633077 
1.56573 0.7564 2.35083 0.0760814 1.47377 0.441884 1.16248 0.889837 0.396258 -0.229023 0.407645 -0.00996167 
1.40907 0.78147 2.05558 0.208255 0.533106 0.47719 0.65244 0.485294 0.155899 -0.14527 0.630771 0.0050741 
2.64994 1.82849 2.31107 2.13418 0.886781 0.613722 1.51629 0.857263 -0.029193 0.335585 0.416458 0.0337813 
3.16118 1.64524 2.6224 3.54234 1.44767 0.722177 2.09278 1.42552 -0.259627 0.621564 0.600886 0.0718563 
4.21566 1.50929 1.79516 3.87935 1.15379 0.654068 2.70314 1.64467 -0.424115 0.596714 0.618159 0.0843915 
5.02354 1.08332 1.80213 4.3165 0.954833 0.635225 2.9735 1.85386 -0.116016 0.657785 0.638638 0.0392677 
3.73123 1.73349 2.30957 4.51149 1.24477 0.592075 2.58523 1.63477 -0.252007 0.502066 0.637331 0.101106 
2.98031 2.14057 2.72891 2.78237 1.03497 0.91051 2.36507 1.5315 -0.02316 0.158621 0.658935 0.0691198 
2.8789 2.32819 2.14081 2.17222 1.70607 1.4008 1.2193 0.948306 0.466768 0.354129 0.254032 0.0544099 
3.77703 1.24987 2.14014 2.98068 1.50053 -0.360904 0.234831 0.128023 -0.323227 0.352417 0.555786 0.0808727 
4.48647 0.957717 1.53385 2.47743 1.52008 -1.01068 -0.465408 -0.843114 -0.295101 0.435276 0.429369 0.0647705 
4.37811 1.56105 0.726199 1.63247 1.27663 -1.41917 0.0915457 -0.973039 -0.930698 0.20715 0.668478 0.190381 
5.02023 1.27332 0.061763 1.81748 1.16951 -1.75964 0.07219 -1.35186 -1.33804 -0.162369 0.683603 0.239078 
6.41835 0.994209 0.199983 1.46074 2.46738 -2.93303 1.0943 -1.9439 -1.091 0.145701 0.426213 0.330318 
6.08821 0.88156 1.42711 2.02379 2.02938 -2.38809 1.68489 -1.58288 -1.29155 0.23054 0.541005 0.29014 
4.35064 2.01478 1.45463 2.23227 0.94935 -1.67587 -0.384795 -0.431957 -0.637226 -0.0836115 0.469953 0.165343 
4.68674 2.03103 1.16624 2.03192 1.31021 -1.3026 -0.273039 -0.800927 -0.805823 -0.0404463 0.533009 0.184011 
5.12949 2.1422 0.801354 1.54135 2.28699 -2.39708 1.03763 -1.15391 -0.694846 0.310701 0.430016 0.28673 
4.36484 2.35621 0.5997 1.77606 1.57951 -1.60769 0.328893 -0.570719 -0.437246 -0.0971079 0.450395 0.199991 
4.46273 1.877 0.501585 1.56998 2.11099 -2.01971 0.620577 -0.3632 -0.419835 0.071067 0.649389 0.321927 
5.65331 2.2433 -0.0438512 2.13537 3.27756 -3.23854 0.704728 -0.600428 -0.47173 0.203367 0.207381 0.393721 
5.43582 2.33806 -0.127448 2.1058 3.09306 -2.69719 1.28126 -0.941237 -0.46669 0.155246 0.487314 0.425325 
5.46415 2.29887 -0.417557 1.68489 2.95408 -2.36526 1.12513 -0.709212 -0.540322 0.367853 0.481247 0.400968 
4.97902 2.36924 -0.00444322 0.628024 3.47805 -0.839764 0.956821 -0.646516 -0.225346 0.470202 0.322258 0.247397 
4.52329 2.00655 0.293569 0.276654 3.26467 0.544713 1.92413 0.165829 -0.866509 0.325916 0.0861307 0.145332 
4.89485 2.21092 -0.664334 0.135447 3.02699 0.579433 2.36627 0.176303 -0.463834 0.410299 0.0979889 0.160513 
4.46254 1.97398 -0.552148 -0.382032 1.9648 1.81171 2.5327 0.803454 0.0220554 0.380486 0.123083 0.0639368 
3.56167 1.16405 -0.789495 -0.364896 2.32987 2.65861 2.41271 0.761597 -0.10396 0.248861 0.0751242 0.0354608 
3.67274 1.1224 -0.761334 0.202527 2.40469 2.76495 2.43486 0.943515 0.0404641 -0.0140218 0.0683759 0.0646917 
5.55979 1.02574 -2.30081 -0.613467 4.5464 2.17064 2.62427 2.00484 -0.445164 0.23439 -0.220517 0.0972448 
5.45135 0.336249 -2.23043 -0.206986 5.16868 2.8817 2.41405 2.55052 -0.732783 0.143606 -0.116431 0.114764 
4.49346 0.760746 -1.60641 0.309015 3.95292 3.48365 2.62574 1.6457 -0.0728586 -0.0943114 0.0149328 0.116717 
4.13618 0.620697 -0.892737 1.13787 4.04836 2.9873 2.21694 1.7952 0.0228219 -0.10417 -0.00567995 0.131092 
4.28468 0.565424 -1.02634 1.59647 3.72526 2.7919 2.37193 1.70923 -0.031882 -0.271092 0.0630913 0.179941 
4.56854 0.618321 -1.05039 1.54323 3.27102 2.74937 2.31841 1.64735 -0.0192907 -0.410629 0.0029524 0.163749 
3.27519 0.567881 -0.624058 1.24106 3.38712 3.28545 1.87714 0.597283 -0.146787 -0.144124 0.148465 0.125686 
2.89857 0.665937 -0.172628 1.45492 3.10207 2.90449 1.69112 0.565308 -0.199527 -0.296729 0.065761 0.105182 
4.57782 0.523299 -0.946585 1.70498 3.19955 2.42503 2.02707 1.70497 0.150985 -0.397608 -0.201103 0.0818262 
3.39484 2.21222 1.70289 2.49507 3.19709 2.82721 2.03322 1.52399 0.931462 0.128687 0.0142405 0.0925065 
3.41176 2.88771 2.59887 2.75646 3.10013 2.84188 2.16052 1.33376 0.574501 0.277876 0.158355 0.0864981 
3.99441 3.63851 3.01325 2.64167 2.93157 2.95416 2.38379 1.30842 0.391042 0.0203924 0.278709 0.0726216 
3.10641 2.75292 2.56382 2.42412 2.1299 1.83131 1.42297 1.05904 0.690993 0.433055 0.170664 0.0601021 
2.99736 2.64594 2.49691 2.34771 2.12345 1.80773 1.4556 1.06081 0.777343 0.46953 0.1896 0.0655197 
2.95592 2.61244 2.50302 2.30027 2.12539 1.78722 1.48829 1.13374 0.754506 0.469116 0.219368 0.0708953 
2.83673 2.45366 2.28885 2.08563 1.86899 1.67638 1.25483 0.979742 0.723035 0.392296 0.199785 0.0567393 
2.79204 2.34283 2.18529 2.01003 1.82598 1.70332 1.34775 1.07911 0.844668 0.464656 0.305404 0.0654974 
2.60058 2.07985 2.04007 1.64503 1.56953 1.39416 0.992534 0.938695 0.679215 0.394574 0.261087 0.0346431 
2.07878 1.64838 4.2014 0.727515 1.4183 2.2966 1.37911 0.668633 1.45546 -0.306404 0.740452 0.0934834 
1.59219 1.54894 3.25331 0.46081 0.0297702 1.29229 1.79936 0.36099 0.0207642 0.00412429 0.668175 -0.0632177 
1.65438 0.880438 2.62452 0.988388 1.03281 0.236388 1.60446 0.472698 0.736303 0.181819 0.2955 0.0159911 
1.27704 1.00092 2.06803 0.772686 1.38703 1.37825 1.30335 0.383672 0.543236 -0.104173 0.357304 0.013249 
1.11896 1.08617 1.57125 0.622228 1.08515 -0.126317 1.02344 0.922878 0.478228 0.223964 0.362896 -0.00951936 
2.15915 1.86491 0.937469 -0.353427 -0.848959 -1.68217 -0.215737 -0.13285 0.530561 -0.931383 -0.456265 0.0208412 
1.74755 1.55034 1.2063 0.562343 -0.434386 -1.66428 0.581098 -0.0653855 0.491506 -0.845046 -0.406581 0.130053 
1.3251 1.39751 1.42392 -0.306601 1.3147 -0.496595 -0.491352 -0.428368 0.146148 -0.644258 0.162893 0.0959535 
1.64017 1.55558 2.39712 0.434467 0.954464 0.462502 -0.229443 0.0718315 0.811772 -0.314472 0.378917 0.064141 
1.38765 0.872074 1.88286 0.423732 0.911535 -0.0929813 0.576516 0.591745 0.956288 0.162454 0.00233624 0.0610126 
1.25572 1.06816 1.14621 -0.365112 0.0733037 0.0984782 0.740187 0.939461 1.27159 -0.540571 -0.0268955 -0.0956144 
1.40331 1.36648 1.13923 -0.258463 0.00775295 -0.752408 0.283982 -0.438369 0.850502 -0.417983 -0.028474 -0.014747 
1.30648 0.598453 1.22995 -0.0790692 0.234639 -0.769954 0.468572 -0.410043 0.748552 0.115627 0.00814744 -0.0478206 
1.43449 0.787219 1.52011 0.353446 0.450644 -0.380487 0.541214 -0.305486 0.318094 -0.106593 0.364726 -0.022065 
1.10727 0.90611 1.51576 0.0602917 0.361603 -0.347299 0.137058 0.0145542 0.507555 0.0925266 0.0101835 -0.0414282 
0.714786 0.392483 2.05788 -0.176009 0.650659 0.323961 0.2888 0.36971 0.271261 -0.409958 -0.0231281 0.0297565 
1.19207 0.763657 1.53538 0.0763089 0.951873 0.228677 0.0641544 -0.298288 0.269869 -0.1019 0.0726833 0.0182295 
1.05266 0.59616 1.69288 -0.652755 0.80941 0.132521 0.188142 -0.0489964 0.366418 -0.100884 0.182049 -0.0264535 
1.09102 0.504493 2.01863 -0.503715 0.980184 -0.159431 -0.198123 -0.296158 0.399519 -0.0263846 0.239722 0.0337605 
1.15786 0.603718 1.15822 0.20368 1.06836 -0.392402 -0.126927 0.0690334 -0.0711302 -0.212948 0.320336 0.0311589 
1.24624 0.455391 1.46762 0.435654 0.689745 0.294325 0.40154 -0.315545 0.0738513 -0.0234737 0.0931358 -0.00414532 
1.07919 0.564488 1.14219 -0.184839 0.483417 0.148257 -0.151435 -0.125937 0.527693 -0.173972 -0.062828 0.0651897 
1.51735 0.466824 0.814581 0.0522038 1.09398 0.697167 0.0394971 0.062597 -0.0683184 -0.0736952 0.126148 0.01228 
0.992486 0.612423 0.711584 -0.134979 -0.101909 -0.04273 0.509817 -0.11004 0.653176 -0.316961 0.0985576 -0.0232481 
