1.41043 0.505752 1.32008 -0.116478 0.731012 -0.714686 0.402298 -0.171308 0.279845 -0.216167 0.132808 -0.0403547 
1.22853 0.641645 2.07695 -0.535455 1.0362 -0.576502 0.274754 -0.691214 0.238686 0.22564 0.116518 -0.0408412 
1.36442 0.264335 2.09336 -0.151054 1.50634 0.204522 0.367619 0.102474 0.0120956 -0.108351 -0.0521936 -0.156268 
1.35679 0.344337 2.10126 -1.14916 1.30509 0.270314 0.759747 -0.126036 0.286071 -0.25369 0.0869913 -0.0177542 
1.33216 0.245784 1.93885 -0.453969 0.985817 -0.107608 0.284029 -0.368997 0.3416 -0.292724 0.0149007 -0.0288114 
1.26338 0.462706 2.04509 -0.761058 1.23827 0.298214 0.273882 -0.425767 0.631695 -0.629818 0.0586881 0.0508565 
1.28225 0.491776 1.73261 -0.640157 1.22122 -0.458707 -0.203412 -0.442458 0.393021 -0.284893 0.0292777 0.042412 
1.33313 0.159878 1.98502 -0.655039 1.19197 0.057824 0.495209 -0.168719 0.320612 0.0682767 0.186425 0.0344142 
1.25161 0.702314 1.63472 -0.00316647 0.799133 -0.633348 -0.114863 -0.952908 0.460551 -0.639006 0.159018 0.127068 
0.986653 0.0825766 1.25921 -0.710019 0.726084 0.313433 0.422714 -0.410182 0.356816 -0.0660171 -0.122332 0.0387376 
1.46538 0.007796 1.61935 -0.522642 1.25958 0.0854088 0.0826512 -0.114474 0.2173 -0.371401 0.105965 0.0282094 
0.977731 0.273832 1.27383 -0.155575 1.33745 -0.712314 0.0475138 -0.260276 0.298056 -0.345164 0.0955535 0.00913766 
1.12757 0.195029 2.19453 -1.12757 1.15176 -0.544876 0.144338 -0.0396906 0.289596 -0.227044 -0.138509 -0.0112058 
1.123 0.341201 1.7494 -0.300129 0.808208 0.152314 0.137628 0.0203964 0.125183 -0.459304 0.251902 -0.00480666 
1.24285 -0.0747793 1.5338 -0.65782 1.39561 -0.0652525 -0.380599 -0.322346 0.710222 -0.483708 0.268612 0.0525875 
1.17806 0.404357 2.11249 -0.375266 0.230915 0.0674851 0.107913 -0.719635 0.539846 -0.473363 0.154628 0.0571171 
1.37807 0.40464 1.38548 -0.64601 1.51545 -0.2964 -0.188281 -0.262572 0.174297 -0.135849 -0.200992 0.0266361 
1.47126 0.361708 1.90505 -0.949113 1.80238 0.500631 0.452438 0.428696 0.634277 -0.143006 0.0908355 0.0732417 
1.28303 0.155728 1.63906 -0.537884 1.1617 0.137518 0.00364236 0.00330478 0.204486 -0.143903 -0.0645637 -0.0347544 
1.04913 0.210936 2.11041 -0.234319 1.11162 -0.183355 0.684653 -0.353033 -0.0347283 -0.0682075 0.145027 -0.00533471 
0.94882 0.421701 1.03985 -0.623885 1.07855 0.0289469 0.457971 0.374829 -0.090839 -0.166789 0.165528 -0.0410874 
0.945541 1.25078 1.32794 -0.303343 1.12608 0.423179 0.508587 1.12699 0.407825 -0.105275 0.501255 -0.0858888 
2.20624 2.48756 1.2511 1.96539 1.09183 1.18372 0.956229 0.45926 0.77095 -0.00418968 0.510653 -0.0115942 
2.86749 2.5758 2.39579 2.29986 1.90942 1.80271 1.28285 0.91008 0.671734 0.235582 0.174765 0.0458177 
2.67812 2.3811 2.46135 1.61251 1.80902 1.86843 0.747368 1.21007 0.78236 0.211786 0.343694 0.0338711 
2.63314 2.38248 3.09126 1.2247 2.29872 2.10433 0.684486 1.40375 0.716241 0.039796 0.465456 0.0314405 
2.21553 4.52406 4.33758 0.549713 3.62233 2.26026 0.6167 1.56765 1.13353 0.243675 0.194917 0.094654 
2.89204 3.3971 3.24303 0.766272 3.76286 0.70352 1.36457 1.7747 0.109308 0.551097 0.143588 0.0233086 
3.36539 2.56102 5.04926 2.38092 2.2971 -0.449009 -0.130811 1.50126 -0.409554 -0.698537 0.240218 -0.0151289 
3.42201 2.99014 3.29468 1.55709 1.83418 0.69323 -0.99775 -0.256302 -0.157465 -0.286692 0.0411479 -0.0369963 
3.20838 2.68391 2.81148 1.53804 0.739191 0.0573614 -0.760189 -0.75611 -0.164172 0.0447795 -0.0832934 -0.0131566 
3.36043 2.41808 2.99324 1.4362 0.289598 0.597912 -0.510882 -1.0023 -0.378624 -0.080372 -0.129279 -0.0323785 
3.18143 2.61567 2.78739 1.36739 0.25797 -0.254686 -0.895123 -0.886885 -0.347817 -0.30682 -0.20675 -0.0385791 
3.43995 2.57175 2.22173 1.03021 0.308399 -0.0301177 -0.957962 -0.9475 -0.19915 -0.232634 -0.0456834 -0.00657093 
3.46633 2.85312 2.87227 0.623658 0.300131 -0.125528 -1.24441 -1.09752 -0.117138 -0.100346 -0.0467121 0.00660149 
3.85655 2.95423 3.99637 -0.363606 0.319312 0.816868 -1.66913 -1.3811 -0.41908 -0.0107336 -0.116055 0.025828 
3.62753 2.80839 3.64826 0.668533 -0.167583 0.0579701 -1.57312 -1.23185 -0.228507 -0.0592227 -0.221046 -0.00735612 
4.57723 3.74629 4.08811 -1.12142 1.57678 0.447795 -1.36426 -1.85219 -0.46289 -0.0301073 -0.171065 0.0957979 
4.31744 3.66727 4.68215 0.347206 0.634125 -0.370654 -1.86265 -1.2348 -0.08872 0.261283 -0.189068 0.068522 
4.09094 2.99327 4.24143 -0.329035 0.789886 0.164348 -1.88467 -0.363598 -0.464022 0.000449448 0.218135 0.0148749 
3.66095 3.35247 4.14574 -0.194893 0.607035 0.10077 -1.8901 -0.056693 -0.381478 -0.176843 0.318084 0.0189275 
4.35359 3.64003 5.00188 -1.61374 1.34271 1.16136 -1.59389 -0.748372 -0.917327 0.0687516 -0.00720589 0.025617 
3.75636 3.17804 5.9908 -1.51802 0.0611352 1.24844 -0.898348 -1.24006 -0.518278 -0.20495 -0.205278 0.014662 
4.28133 2.15698 5.42468 -0.798825 1.20311 0.156622 -0.572632 -1.353 -0.874011 0.326035 -0.337021 -0.0162992 
4.1091 2.11872 5.25407 -0.281899 1.38865 0.159092 0.146299 -1.20873 -0.61183 0.00585717 -0.298369 0.0291469 
4.51031 1.402 5.9019 -0.426077 0.867259 1.17995 -0.663337 -0.66972 -0.461224 0.391976 -0.207014 -0.120364 
4.28558 2.34039 5.49794 -1.58036 -0.0429791 2.06976 -0.156461 0.158672 -0.297172 0.212583 -0.166867 -0.144147 
3.90958 2.11414 4.4844 -1.67112 -0.0738122 0.944666 0.815035 0.534743 0.476266 0.293836 -0.383844 -0.104041 
3.70675 2.39026 3.95382 -0.420013 0.158924 1.09327 1.1859 1.3364 0.525596 -0.0214303 -0.269685 -0.124655 
3.56881 1.79504 4.25688 0.170421 0.852324 2.98785 1.47526 1.4031 0.129501 0.0915873 -0.481577 -0.132048 
3.67117 2.37205 3.77563 -0.427247 1.51498 3.04857 1.61551 1.88917 0.205233 -0.116621 -0.448325 -0.125698 
3.51723 1.74727 4.1047 -0.30661 1.73186 4.41616 1.55086 1.58747 0.178669 -0.0749845 -0.423866 -0.0507424 
3.8307 1.91285 2.88837 1.2209 2.14195 3.5639 2.41239 1.78848 0.157568 -0.362603 -0.302462 0.00696831 
3.24614 2.15053 2.84082 1.04163 2.11563 4.42153 2.93864 0.956148 0.194187 0.11267 -0.321419 0.107709 
3.1843 2.10188 3.29343 0.628262 2.3234 3.73433 1.6613 2.08449 0.00401856 -0.184138 0.0807146 0.0287231 
3.27218 2.34644 2.79535 0.506579 2.01693 3.99187 2.50229 1.30235 0.0346423 0.109272 0.00595646 0.0918381 
2.78484 2.16276 2.60649 0.420669 2.09925 3.24215 1.87681 1.26015 0.174779 0.155391 0.0141479 0.0617545 
3.02881 2.03228 2.29571 0.853578 1.22701 3.10106 2.07013 0.622205 0.378924 -0.170967 -0.28677 0.0389775 
3.06784 2.40089 1.82864 1.11459 1.74803 2.74388 2.20068 0.929729 0.317645 0.0205815 -0.0591864 0.047878 
2.19966 1.6114 4.01106 -0.172025 1.24054 4.46949 1.18551 1.57286 0.0135992 0.605865 0.206026 0.0158784 
2.39594 2.87752 2.44688 1.04344 2.80294 2.04335 1.00707 1.90082 -0.00974247 0.136011 0.54645 -0.00861153 
2.7492 2.68741 3.7165 0.651888 3.378 2.67382 0.731051 2.7235 0.0708165 0.0608726 0.460545 -0.0349771 
2.82716 2.86632 3.02043 1.55821 3.22962 2.04049 1.06323 2.08861 -0.068445 0.292123 0.401564 0.0179632 
2.82297 2.3128 2.27678 2.08302 1.84827 1.72338 1.38815 1.08666 0.933971 0.557183 0.351306 0.0682069 
2.71594 2.33829 2.22554 1.94333 1.94471 1.57001 1.27734 1.34107 0.71974 0.617352 0.3948 0.0648528 
2.51811 2.83078 3.04157 1.90214 3.11759 1.76393 1.18042 1.93287 0.247899 0.484586 0.503771 0.0496811 
3.05496 1.3249 2.1809 1.18453 0.52643 2.12082 3.45309 2.16566 0.124188 0.143469 0.570953 0.0242645 
4.35573 1.52243 0.281554 0.348426 -2.04849 2.1816 4.00467 2.62465 -0.598093 0.242847 0.235223 -0.0239367 
3.21896 1.81431 0.717374 -0.675265 -0.216125 0.284568 1.67571 1.05538 0.0853578 -0.289075 0.452056 0.0920735 
1.57476 0.771764 1.37506 -0.0863969 0.534229 0.234334 -0.293756 0.610779 1.32488 0.544284 0.376611 -0.0580311 
1.30898 0.484205 1.27196 0.761692 1.44535 0.678225 0.206396 0.287299 0.72172 0.131842 0.390677 -0.0208741 
1.40601 0.594066 2.01858 0.615789 0.945954 1.38962 1.29864 0.742981 0.856635 -0.0709366 0.260533 -0.00253593 
1.03435 1.17803 1.83988 1.04197 1.04622 0.715803 0.847682 1.01533 0.575299 0.109033 0.171206 0.00583931 
1.13675 0.680839 1.63246 1.07263 1.73283 0.36 0.586736 0.516797 0.205837 -0.104285 0.316399 0.0308746 
1.15846 0.898435 1.7232 0.735537 1.20014 0.267906 0.178182 -0.256911 0.42965 0.0179312 0.225094 0.0473879 
1.12522 0.515585 1.32014 0.325709 0.468456 0.818476 0.244015 0.379734 0.594369 -0.0946693 0.257225 -0.000349265 
1.00252 0.915849 1.50042 0.656146 0.969199 -0.600221 0.110318 0.256738 0.59087 0.256496 0.00340883 0.0357644 
1.27178 0.149556 1.59731 -0.0393008 1.11504 0.0056655 0.850366 -0.31183 0.243764 -0.10228 0.188359 0.0792916 
0.89908 0.51416 1.52439 0.0417246 0.750997 1.42269 -0.365918 0.326448 0.42729 -0.0102197 0.259631 0.0225566 
0.916843 0.870017 1.4371 -0.159907 0.526668 0.273551 -0.273866 0.169089 0.511205 -0.420862 0.110691 0.0414894 
1.31211 0.495404 1.65583 -0.838929 0.748457 0.293984 0.555504 -0.192773 0.521455 -0.142786 0.19714 0.0567507 
0.964245 0.490787 0.964681 0.0582812 0.698903 0.194935 -0.857371 0.164169 0.449117 -0.460483 0.236355 0.0509852 
1.21342 0.42143 1.22534 -0.144068 0.231463 -0.676825 -0.262838 -0.127895 0.383709 0.0441947 0.130111 -0.00230268 
0.905744 0.603093 0.437995 -0.245489 0.28644 0.0818476 0.257989 -0.5201 0.352243 -0.306824 0.267899 0.115327 
0.940287 0.522257 0.933873 0.207941 0.486112 0.306032 0.2892 -0.362224 0.392881 -0.360588 -0.170278 0.0735376 
