1.42772 0.332182 1.26936 -0.776015 0.684398 -0.0353506 0.656341 -0.211692 0.0053336 -0.4693 0.0887261 0.0125356 
1.32752 0.194697 2.09834 -0.380619 1.32254 0.986886 0.197655 0.363688 0.596328 -0.735998 0.160222 -0.0182763 
1.67344 0.199983 1.70808 -1.83709 1.24943 -0.315676 0.287683 -0.162838 -0.00334017 -0.460256 0.16517 0.0715581 
1.74883 0.485144 1.91979 -0.869597 0.934101 0.101606 0.311638 -0.331485 -0.302587 -0.222686 0.164721 -0.0865027 
1.74793 0.771965 1.79919 -0.784917 0.571948 -0.0318293 0.104728 -0.554046 0.0723346 -0.581359 0.0699363 0.0294005 
1.58789 0.766957 1.44826 -0.746156 0.215 0.064505 0.483378 -0.238452 0.218659 -0.0655439 0.204721 0.00242165 
1.65544 0.327076 0.659234 -0.737262 1.17726 -0.82484 -0.0689106 -0.388134 0.029723 -0.668772 0.0590728 0.0427319 
1.68316 0.0626613 1.03172 -0.871163 0.820935 -0.228492 0.153189 -0.543513 0.17654 -0.18302 -0.0176474 0.00243898 
1.43683 0.374713 1.58267 -0.322803 1.51149 0.198321 -0.271621 -0.243584 0.00242145 -0.718015 0.186758 0.0617156 
1.45073 0.332067 1.09007 -0.556123 0.786946 0.675631 0.407936 -0.0216802 0.618038 0.0668146 0.297005 -0.076247 
1.68781 0.0322684 1.79744 -0.624306 0.766143 0.424661 0.207913 0.222056 0.47235 -0.234187 0.116398 -0.00350869 
1.83996 0.569944 2.22925 -1.09337 1.3289 0.0658804 -0.0565152 -0.636463 0.18927 -0.523281 0.0791597 0.105043 
1.91708 0.431328 2.27912 -0.459216 1.34876 -0.299626 0.267532 -0.227898 -0.0253384 -0.413178 -0.114992 0.0155157 
1.88727 0.213601 1.47394 -0.461539 0.613007 -0.30713 0.911831 0.60741 0.163025 -0.388652 0.285383 -0.0515101 
1.51137 0.509465 1.01586 -0.788866 0.794731 -0.00298774 0.833365 -0.27593 0.580882 -0.017073 0.113832 -0.024817 
2.33914 1.84257 1.75241 0.745113 1.23565 1.12157 0.695858 0.479929 0.574447 0.369223 0.203576 0.0243142 
2.86825 2.51629 2.36832 2.15249 1.86923 1.65718 1.51613 1.25942 0.882093 0.55216 0.306564 0.0836341 
3.14077 2.04938 2.10583 2.35821 1.71018 1.44535 1.86511 1.26943 0.165957 0.345028 0.472671 0.0779582 
2.97033 1.86291 2.35806 2.48087 1.55703 1.40829 1.77953 1.23074 0.120763 0.273784 0.613082 0.0795429 
3.43453 1.79438 2.21357 2.59159 1.73987 1.3471 1.85561 1.56844 0.0837787 0.269869 0.664243 0.126681 
3.48882 1.9118 2.04887 2.56617 2.24924 1.51798 1.6745 1.66235 0.191125 0.349628 0.564772 0.131444 
4.39512 1.91786 2.19618 2.95394 2.18068 1.64688 2.27162 1.77993 -0.149455 0.433983 0.4961 0.140366 
3.74036 2.62254 2.84534 2.49128 1.34471 1.52553 1.98063 1.19206 0.170343 0.41023 0.48369 0.0938206 
4.00724 1.37604 3.10072 2.32404 2.33349 -0.594869 0.823433 1.58775 -0.408704 0.532969 0.432215 0.0624988 
5.92226 -0.561759 2.11651 3.28067 2.10371 -3.02103 1.82656 -0.983477 -0.315509 0.453843 0.0298348 0.182039 
5.20671 1.8821 0.643087 2.42953 2.25681 -2.77885 1.67566 -0.760828 -0.65237 0.14912 0.527619 0.302124 
5.10504 1.53222 1.38929 2.07059 2.63061 -2.65137 0.881295 -0.177643 -1.31066 0.487645 0.540617 0.289965 
5.0602 2.3147 0.604319 2.29934 3.34417 -2.5594 1.03844 -1.13411 -0.691511 0.494933 0.436745 0.343142 
6.55911 2.2758 0.473176 3.11449 3.25356 -3.32011 1.00537 -1.33948 -0.455303 0.179342 0.519133 0.331956 
5.11291 2.63985 0.775627 2.60491 2.88857 -2.68967 1.0853 -0.529212 -0.547752 0.0799795 0.316216 0.334706 
4.30423 2.67664 1.68816 2.19507 2.33766 -2.24696 0.321541 -0.156474 -0.302774 0.160956 0.259607 0.201545 
4.49888 2.04904 1.36976 2.40732 2.81197 -2.16828 0.137229 0.216828 -0.642017 -0.429706 0.238928 0.24121 
4.54369 2.87409 0.778097 1.43682 2.93719 -0.997726 0.501898 -1.56464 -0.838869 0.0385232 0.213703 0.151763 
4.81016 2.25893 0.189451 2.56412 3.43541 -1.71425 0.150692 -0.5348 -0.785955 -0.305727 0.0808432 0.222664 
4.19944 2.0885 1.02088 1.82415 3.22519 -1.2595 0.0259656 -0.718424 -0.761618 0.106607 0.246115 0.143871 
4.26131 2.14929 0.595428 1.13004 2.65878 0.176497 0.535479 -0.864808 -1.11774 -0.158377 0.245513 0.127557 
4.15471 1.65621 0.239629 1.46028 2.82303 0.598156 0.517735 -0.536204 -0.790939 -0.210034 0.242856 0.109241 
4.35434 1.55499 -0.152804 1.04352 2.73402 0.70629 1.54779 0.224782 -0.529905 -0.0384389 0.111693 0.113097 
4.83755 1.47994 -0.92154 -0.0111957 3.74188 0.871799 1.87841 1.06372 -0.044816 0.36597 -0.156098 0.0415776 
5.81721 0.908586 -1.38679 0.513231 5.49848 0.347581 2.19701 1.35106 -0.5016 0.213901 -0.472357 0.14859 
5.08618 0.877292 -0.477608 0.344882 4.81174 1.50426 1.80312 1.94873 -0.647226 0.307765 -0.260236 0.0106908 
4.73452 0.776778 -0.757535 1.28787 5.36106 1.84888 1.77943 2.07816 -0.564796 0.365814 -0.22665 0.0954464 
4.6968 0.225702 -1.07731 2.02018 4.54226 3.02734 1.58304 1.32223 0.247681 0.0949746 0.0323049 0.12281 
5.46311 -0.235289 -1.42384 3.0094 5.01636 2.49873 1.3114 1.6976 0.207736 0.0511256 0.0257444 0.168183 
4.72764 -0.0360012 -0.805251 3.28027 4.64188 2.10261 1.24495 1.67523 0.314017 -0.147215 0.0335068 0.214468 
4.98708 -0.063246 -1.44834 3.23169 5.04933 2.30318 1.24391 1.41405 0.101429 0.0811049 0.0811325 0.196513 
3.85458 -0.125149 -0.924075 2.64858 4.43304 2.68104 1.54333 1.41561 0.447387 -0.0758093 0.0874602 0.179451 
3.54838 -0.0909798 -1.03869 2.28096 4.27871 2.83805 1.61997 1.3382 0.369447 -0.197831 0.194676 0.185646 
3.40823 0.280408 -0.58876 2.22593 3.97782 2.72808 1.46483 1.20322 0.322659 -0.33809 0.182936 0.178635 
3.10026 1.72543 1.09097 2.06539 3.12826 2.60975 1.5296 1.0565 0.705493 0.128078 0.0188013 0.0770913 
3.29952 2.09618 1.74585 2.57613 3.08071 2.40624 1.44089 1.07983 0.769643 0.295523 0.198988 0.0813621 
2.94019 2.31939 2.16585 2.34046 2.24074 1.63126 1.159 1.03381 0.87968 0.534676 0.234269 0.06643 
2.87686 2.39913 2.26739 2.20775 1.96906 1.64275 1.3247 1.02905 0.724155 0.477056 0.305294 0.0645709 
2.32864 4.18149 1.55731 3.41407 2.58231 2.08363 2.43641 0.602671 0.904098 0.371591 0.294856 0.0832335 
2.7756 2.82187 2.37438 2.23957 2.43545 1.52896 1.954 0.88772 1.02578 0.486384 0.277589 0.0855018 
1.27056 4.3495 0.746612 2.84167 1.99803 1.21343 1.89801 0.866963 0.96116 0.432168 0.535685 0.0113057 
2.68836 2.80607 2.17652 2.35182 2.09518 1.71619 1.54619 1.14059 0.887266 0.515294 0.397945 0.0790672 
2.7628 2.44326 2.21482 2.1226 1.84041 1.76703 1.39938 1.14402 0.906721 0.637059 0.366609 0.0755907 
2.7302 2.23671 2.08612 1.87684 1.73454 1.51789 1.29398 1.07385 0.824696 0.576569 0.338769 0.0574412 
2.725 2.23315 2.14439 1.90918 1.70834 1.51499 1.30316 1.03007 0.86209 0.577233 0.337626 0.0610203 
2.87117 2.39805 2.62638 2.3222 1.77689 1.99802 1.71734 0.867588 1.05873 0.782859 0.263944 0.0901755 
2.63908 2.29239 2.19882 1.70646 1.72293 1.638 1.33834 0.91187 0.957043 0.582267 0.286476 0.0586166 
2.53245 1.47857 3.45173 2.01513 0.822713 2.17678 1.79459 0.452679 0.862641 0.882219 0.445322 0.0430167 
2.5781 2.16036 2.29006 1.82236 1.59338 1.73292 1.72473 1.23732 0.884619 0.577789 0.319909 0.062547 
2.48677 1.85485 2.33588 1.57802 1.3953 1.23261 1.95732 1.13854 0.778211 0.729238 0.25412 0.0381631 
2.21216 1.3876 2.6363 1.14927 2.04632 1.40714 2.06061 1.31427 1.05473 0.447352 0.314653 0.0572825 
2.06192 1.60769 2.93654 0.440815 1.21719 1.50683 1.79464 1.02763 0.532565 0.421264 0.35306 0.00341697 
1.73682 0.783631 2.017 0.596931 1.84939 1.17196 2.26227 1.02831 0.838934 0.23489 0.188753 0.0150788 
1.59233 0.951187 1.916 0.342763 1.30072 0.668919 0.877539 0.218896 0.96207 -0.100443 0.258438 0.0458879 
1.5546 0.978711 1.32898 -0.052812 1.02716 0.0355828 0.183186 0.670954 0.780929 -0.472385 0.147626 0.0397178 
1.33401 0.629221 1.88784 -0.193799 0.738453 -0.240389 0.439357 0.319753 0.0600215 -0.1163 -0.137288 -0.0447297 
1.38205 0.342895 1.41077 -0.327825 1.14108 0.471395 0.230269 -0.158055 0.0418881 -0.107198 0.100511 -0.0683897 
1.56577 0.941689 1.24991 -0.0679644 0.896817 0.0941343 0.894383 -0.0532929 -0.220555 -0.502158 0.0408267 -0.0265139 
1.45529 0.272892 0.949223 -0.803432 1.08929 -0.441904 0.50703 -0.477266 0.187569 -0.488367 -0.0961338 -0.0443054 
1.44351 0.479773 1.09405 -1.02456 1.37509 -0.114773 0.769906 -0.298478 0.130776 -0.169116 -0.228111 0.0063687 
1.52503 0.471976 1.06923 -0.521807 0.169217 -0.507864 0.296357 0.71653 -0.0960795 -0.399817 -0.116288 0.0396037 
1.2601 0.308755 1.12193 -0.170338 1.61079 0.793281 0.808346 -0.45585 -0.21047 -0.187241 -0.297766 0.0601739 
1.45116 0.442708 1.11926 -0.526405 1.0374 0.385388 0.564344 -0.110987 0.112812 -0.323458 0.0898065 -0.0170304 
1.54552 0.199561 1.08666 -0.286305 1.14874 -0.0363076 0.0835574 0.00688001 0.107325 -0.0368687 0.0458861 -0.035609 
1.33989 0.383632 0.802141 -0.999763 1.62754 0.719019 -0.293795 0.378278 0.467949 -0.453453 0.119323 -0.0428098 
1.48867 0.0889156 1.2581 -0.31955 0.939896 -0.325649 0.967651 -0.454833 0.127259 -0.0733326 -0.00473195 -0.0173953 
1.22185 0.433949 0.797827 -0.0682946 0.904311 -0.00157644 0.711074 0.0464766 0.27527 -0.149222 -0.00289758 -0.0711416 
1.36859 0.507513 1.11186 -0.473142 0.359734 -0.39126 1.04765 -0.160682 0.0685962 -0.309735 -0.040521 0.0344248 
1.03705 0.312316 1.50091 -0.459376 1.33435 -0.371384 0.517628 0.38787 0.617626 0.107838 -0.040801 0.0704955 
1.45107 0.571935 0.905412 -0.206398 0.0643085 -0.484498 -0.0276125 -0.0638044 0.00636678 0.0185327 0.0513704 0.0669612 
