1.38747 -0.448164 1.48208 -0.620169 0.469738 -0.277273 0.524968 -0.526805 0.211343 -0.256004 -0.233046 0.0288164 
1.37958 0.279662 1.51822 -0.501736 0.764781 0.630685 0.402359 -0.369823 0.163083 -0.415919 0.266712 -0.0131691 
1.44817 0.019492 1.51323 -0.37335 0.938984 0.500011 0.271916 0.321363 0.132867 -0.350094 0.220191 -0.00185141 
1.18404 -0.0403 1.44082 -0.449107 1.11663 0.347547 0.5847 -0.505172 0.270215 -0.321257 0.180382 0.0949675 
1.35625 0.141891 1.30615 -0.33586 0.479106 -0.150453 0.00502628 -0.773041 0.673404 0.102716 0.243909 0.0413698 
1.48395 0.0857363 1.62861 -0.830995 0.400869 0.0185773 0.278683 -0.531775 0.10994 -0.310205 0.405993 0.00519906 
1.48781 0.389891 1.73223 -0.74396 0.716434 -0.148848 0.669957 -0.618941 0.143104 -0.351652 0.113939 0.0655396 
1.36599 0.17395 1.11136 -0.772316 0.881472 -0.270211 0.757264 -0.903377 -0.256194 -0.00271563 0.124255 0.0731167 
1.18742 0.319233 0.815677 0.00723816 0.91058 0.285283 0.819179 -0.155324 0.568263 -0.0640496 0.391073 -0.0584273 
1.64772 0.4082 1.76307 -0.186975 0.825963 -0.311648 0.543425 -0.361186 0.118918 -0.364392 -0.00643028 0.0719819 
1.39051 0.314504 1.52458 -0.652311 0.947173 0.10234 0.357309 -0.481373 0.694537 0.390539 0.228752 0.0246549 
1.40877 -0.0436232 1.66835 -0.141842 1.34164 -0.352299 0.592257 -0.458646 -0.0970867 -0.835889 0.121915 0.0582692 
1.22905 -0.111629 1.73178 -1.47834 0.927064 0.0933679 0.112004 -0.118957 0.195182 -0.357421 0.230318 -0.0231997 
1.3796 0.203896 1.89144 -1.1102 0.792331 0.403387 1.43493 -0.104687 0.287197 -0.429574 0.0701879 0.00421181 
1.39214 0.355794 2.34964 -0.78662 1.43546 -0.0312993 0.0954841 -0.483794 0.422531 -0.427518 0.315063 0.0888093 
1.58 0.670027 1.45059 -1.04498 0.55864 0.26464 0.134567 -0.416271 0.440682 0.158336 0.368439 -0.0545251 
1.51974 -0.482008 1.19783 0.0558351 0.785297 -0.985074 0.725165 0.0388507 -0.140127 -0.446381 -0.00265845 0.102888 
1.5348 -0.0670215 1.76424 -0.481891 0.52909 -0.479962 0.698203 0.432903 0.00295845 -0.227855 0.205131 0.0788528 
1.57137 0.077736 1.69486 -0.163385 0.98454 0.190523 0.231707 -0.135172 0.284336 -0.37305 -0.0293171 0.0131015 
1.30318 0.269136 1.28053 -0.133728 1.39369 0.0586295 1.18182 -0.180971 0.115976 -0.138031 -0.00699382 0.000979208 
1.62058 -0.072214 0.739579 -0.219223 0.746927 0.0984173 1.23934 -0.0988874 0.053893 -0.128739 -0.114268 0.0628668 
1.41335 0.340323 1.55903 -0.775585 0.914135 0.0663824 0.584107 -0.487441 0.0205459 -0.0960604 0.11333 0.0315063 
1.45713 0.328284 1.80091 0.291457 0.848911 0.239236 0.229267 -0.377871 0.62357 -0.600092 0.292118 0.0453488 
1.51335 0.241643 1.75864 -1.16212 1.27152 0.282457 0.167722 -0.00590834 0.453626 -0.434431 0.175205 0.033588 
1.92733 0.222432 2.10944 -0.587501 0.940054 -0.31642 0.556774 -0.295636 0.376499 -0.327651 0.35831 0.134063 
1.32479 0.403981 2.41166 0.480267 1.40479 0.064572 0.927819 -0.0907708 -0.109052 0.204925 0.255919 -0.063506 
1.42753 0.239903 1.89743 -0.37099 0.695839 -0.0193192 0.325774 -0.424979 0.152797 0.0449075 0.14782 0.00214125 
1.42958 0.077134 1.56195 -0.490109 1.16051 -0.30683 0.318318 0.0858971 -0.0565694 -0.222678 0.131683 0.0149107 
1.83831 -0.070035 1.44071 -0.925432 0.809027 -0.645781 0.692719 -0.551797 -0.139213 0.0539241 0.0718847 0.018817 
1.61953 0.304356 1.42453 0.0155828 1.8233 0.305775 0.64561 -0.879256 0.025764 -0.351608 0.273575 0.0128008 
1.66685 0.095346 0.965385 -0.486393 0.43827 0.385318 0.603678 -0.806029 -0.162721 -0.372584 0.279082 0.102833 
1.6293 0.508035 1.43752 -0.87887 1.04628 -0.257737 -0.217225 -0.30558 0.336114 -0.408632 -0.0429205 0.088382 
1.53006 0.165565 1.28298 -0.321562 0.812338 -0.293478 -0.161486 -0.590207 0.604769 -0.0996866 0.233112 -0.00869125 
1.67414 0.395589 0.848916 -0.0603615 0.673732 -0.374888 -0.0169488 -0.785469 0.0789882 -0.0537657 0.190282 0.0834009 
1.68463 0.529245 1.35336 -1.03293 0.782057 -0.0691995 0.254301 -0.461704 0.336471 -0.0497399 0.197461 0.00208703 
1.30492 0.168922 1.08736 -0.137276 1.46217 -0.12382 0.260299 -0.984752 -0.0446452 0.304652 -0.0150294 -0.013031 
1.88798 0.659591 1.16481 -0.117684 1.45895 0.129333 0.407005 -0.358331 0.342095 0.0100102 -0.00445324 -0.0621381 
2.02152 0.399836 1.75801 0.16283 1.37084 -0.326059 1.04506 0.290723 0.382172 0.0808737 0.297096 0.0529249 
1.71851 0.27587 2.45996 -0.323347 1.90873 0.0526668 0.133569 0.751841 0.0829078 0.0447213 0.145971 0.00250368 
1.62314 1.50036 3.14732 -0.525591 2.74539 1.6433 -0.616084 1.5857 0.403218 0.0814042 0.456141 -0.0635784 
2.69256 3.63002 7.46758 -1.24825 4.26878 5.3175 -1.39754 2.75312 0.97668 -0.395898 0.791162 0.0253769 
1.86817 3.66323 5.44489 -0.655062 2.90084 4.19779 -0.563016 2.1501 0.733721 -0.117705 0.523007 0.0539641 
2.166 3.31274 5.61712 -0.777392 3.264 4.08435 -1.06561 2.47241 0.661159 0.0952583 0.474902 0.0322735 
2.30414 2.20622 3.75932 0.607334 2.26437 2.82839 -0.129582 1.83847 0.794433 0.00513329 0.519284 0.0198981 
2.44409 2.42458 3.39272 1.02836 2.39162 2.36964 0.306179 1.7474 0.823722 0.17723 0.452488 0.035744 
2.35766 2.85637 4.36471 -0.0813575 3.7427 1.63531 0.386737 2.60566 0.543481 0.17849 0.416487 -0.0315358 
2.2598 2.70964 3.86554 0.298 3.34994 2.35863 0.235251 2.0895 0.732661 0.0826763 0.424231 0.00651941 
2.36179 2.53074 3.31342 0.531249 2.90569 1.66298 0.594157 1.77255 0.385547 0.309898 0.369605 -0.00478934 
2.94953 2.38164 4.64829 0.748552 1.23445 1.42503 0.861526 1.54663 -0.192729 0.106393 0.366986 -0.061669 
3.98588 1.2863 6.66688 -0.173412 1.46504 1.8234 0.932941 -0.372192 -0.836461 0.399202 -0.163305 -0.0963434 
3.55203 2.46635 4.92323 -0.487254 0.49698 1.54683 -0.657425 -0.6668 -1.00858 0.0807777 -0.0164606 -0.0833462 
3.30452 2.2137 4.94338 0.454631 -0.209557 1.88795 0.244281 -1.32586 -0.805105 0.0481316 -0.288388 -0.101239 
3.42968 1.63618 7.57476 -1.06126 1.64624 2.34251 0.855501 -1.39678 -1.0804 0.309732 -0.255084 -0.0250317 
3.32665 1.89792 6.05978 -0.17206 1.42414 1.43687 -0.12571 -1.20676 -1.13524 0.355739 -0.110744 -0.116121 
2.89561 2.33608 4.50185 0.0127091 0.380221 1.53308 -0.565326 -1.16919 -1.05375 0.32749 0.0362972 -0.0737425 
3.19514 2.50375 3.52301 0.00204477 1.35372 0.936196 -0.796502 -0.855728 -0.810836 0.901824 0.126321 0.0255803 
3.39029 1.41533 4.92707 -0.386126 1.32262 0.855066 -0.627526 -0.0613826 -0.983876 0.457125 0.510372 -0.0755159 
2.91812 3.03033 4.18809 0.321925 0.889924 0.859395 0.219671 -1.15464 -0.795245 0.616123 0.0241995 0.00539184 
2.99498 2.88918 4.73171 0.965728 0.783481 1.78695 0.209335 -0.711933 -0.909263 0.462692 0.0507182 -0.0657231 
2.84482 2.7306 4.84776 0.0234714 0.907526 1.50406 0.565956 -0.631091 -0.818982 0.856512 0.368628 -0.0193501 
2.99334 2.70401 4.17478 0.414953 1.21959 1.58312 0.588195 -0.398987 -1.0593 0.902596 0.291373 -0.0220859 
3.06887 2.05103 5.35069 0.566253 0.937331 2.77604 0.644872 -0.0192152 -0.861985 0.548607 0.400018 -0.114399 
3.50379 2.69601 5.80846 0.571675 1.05663 1.76005 0.522599 -0.339932 -1.46138 0.926198 0.271912 -0.140307 
3.3061 2.71529 4.71715 0.322264 1.10522 2.24397 0.92268 -0.357473 -1.10224 0.913094 0.39268 -0.0203089 
3.07555 2.4218 5.80177 0.169471 1.26554 2.12544 0.9381 -0.273757 -0.820811 0.838837 0.477687 -0.0755416 
3.59084 2.13163 6.01961 -0.889838 1.66818 2.30314 0.588738 -0.459853 -1.19043 0.684415 0.573019 -0.010592 
2.93487 2.09114 4.67248 0.502691 0.754511 2.33225 1.35856 0.0828478 -0.96013 0.838948 0.440406 -0.0986878 
3.3224 1.40443 4.59142 -0.271369 0.624593 3.14569 2.10138 0.380663 -0.733978 0.51957 0.319898 -0.0669097 
2.94783 1.78702 3.56027 -0.193808 0.899635 2.99969 2.54048 0.964583 -0.54778 0.313928 0.184237 -0.0319953 
2.6857 1.81532 3.83347 0.634537 0.132973 2.67591 2.73459 -0.249757 0.228739 0.836953 -0.101813 -0.0152125 
3.09234 2.05793 3.57448 -0.446255 0.728281 1.35611 3.68977 0.118545 0.863109 1.37092 -0.38227 0.038416 
2.81437 2.63812 2.81576 -0.874011 0.468137 1.42447 2.73794 0.853697 0.927164 1.3379 -0.232861 0.0218717 
2.39781 1.64434 3.81162 0.165312 0.58748 1.0258 3.42633 0.755123 0.69226 1.61642 -0.358153 -0.0158759 
2.22004 2.35033 5.59736 -1.37766 0.130186 1.84607 3.10153 1.46084 0.660966 1.48833 -0.243233 -0.112996 
2.0317 2.10185 6.17839 -1.36026 1.11991 1.63717 2.8924 1.0712 0.318441 1.52227 -0.263754 -0.029711 
2.40065 1.57692 4.42684 -0.407803 1.13437 2.17441 2.70062 1.26836 -0.152109 1.33063 -0.187418 -0.0827226 
2.31743 1.46577 4.7789 -1.69385 0.806662 1.95188 3.34444 1.08179 -0.136115 1.18005 -0.408396 -0.111889 
2.13238 1.39244 6.29592 -2.87547 1.2779 1.67842 2.70847 1.42176 -0.630519 1.11632 -0.275894 -0.199825 
1.66788 2.07161 7.49222 -3.72959 2.11989 2.06985 2.90214 2.56174 -0.372119 1.24707 -0.195015 -0.2396 
2.02924 2.03209 6.06724 -2.47319 1.74264 2.50698 3.52838 2.45605 -0.129789 0.757365 -0.207512 -0.184938 
2.36929 0.0359054 5.94221 -2.35493 1.35556 3.07693 3.33498 2.06041 0.00615435 0.874486 -0.245746 -0.100375 
1.50616 1.79292 5.02217 -0.654266 1.74077 2.8218 3.70578 0.812441 -0.347005 1.18704 -0.2967 -0.0272625 
2.01746 1.62732 3.85772 -0.332164 1.4154 2.72091 3.14434 1.32343 0.00854103 1.14085 -0.296567 -0.00496287 
1.71372 1.76571 4.77365 -0.676862 1.34998 2.91016 2.47142 1.29693 -0.0504261 1.01581 0.0390964 -0.0671995 
1.94927 1.26649 5.19162 -1.08987 1.20699 3.11238 2.05913 1.29137 0.115581 0.863025 0.0492406 -0.0785891 
