1.21741 -0.691955 2.13993 0.00518635 0.205813 -0.836586 0.672219 0.104532 -0.795449 -0.446614 0.426658 -0.00808214 
1.21204 -0.0222522 1.08565 -0.592719 0.879362 0.774721 -0.292254 -0.426464 0.823047 -0.453534 0.0549036 -0.0630692 
1.44994 0.266741 1.37705 -0.989629 1.60812 0.110098 -0.0207931 -0.155126 0.343713 -0.324794 -0.0261247 -0.0218773 
1.73689 0.29897 1.06155 -0.982063 0.914962 0.269346 0.0581502 -0.876524 0.29203 -0.254895 -0.0910477 0.0767906 
1.319 0.925722 1.96909 -0.791821 0.788881 0.443209 -0.200172 -0.752829 0.877191 0.0105819 0.211922 -0.106759 
1.51379 0.621916 1.3142 -0.720725 1.12299 -0.227517 0.0495611 -1.07766 0.422729 -0.575587 -0.111279 -0.00149121 
1.5427 0.461647 1.0367 0.076048 0.605301 0.517013 0.541582 -0.430142 0.721251 -0.121005 -0.22021 -0.0110605 
1.73062 0.497499 0.981552 -0.377473 1.42957 0.0153922 0.693876 -0.167103 0.714048 -0.0502208 0.167638 0.0195181 
1.6659 0.345732 1.19367 -0.0793526 1.02609 1.05402 0.727575 -0.515264 0.487784 -0.390434 0.406849 0.0954814 
1.32835 0.259475 1.36562 -1.20982 1.0469 -0.398525 0.111939 -0.320592 0.409572 -0.163045 0.0334128 0.0393077 
1.71844 0.15181 1.58693 -1.27561 0.905419 -0.00948676 -0.44425 0.234616 0.194044 -0.411579 0.0397216 0.078216 
1.43707 0.315075 1.08943 -1.28318 0.558308 0.539264 0.329895 -0.256374 -0.0497798 -0.319499 0.0373704 0.153959 
1.61809 0.09972 1.07285 -1.08668 0.822098 0.82316 1.28925 -0.0274676 -0.115455 -0.619271 -0.154034 0.0563477 
1.6344 0.0452241 1.09709 -0.886043 0.482994 0.811824 0.624982 0.231752 0.0282301 -0.730453 0.104411 0.0985611 
1.40454 0.372309 1.39559 -1.09203 0.577123 1.14805 1.25425 0.298744 0.326534 -0.391222 0.030654 0.0463371 
1.46345 0.571488 0.720249 -0.880825 0.850464 -0.00381762 1.22651 -0.630134 0.263693 -0.0740691 0.0184746 0.0576442 
1.65517 0.773651 1.12701 -0.568232 1.42189 0.125291 1.24861 -0.544197 -0.0521541 -0.315443 0.00950067 0.0531414 
1.26559 0.60124 1.32443 0.16418 1.01971 0.114397 0.618152 -0.821417 -0.127038 -0.334658 -0.0301476 -0.013938 
1.68493 0.0997618 1.90015 -0.0452838 1.37632 0.316268 0.272466 -0.183781 0.164558 -0.514292 0.125921 0.0293863 
1.80245 0.712526 2.09711 -0.465968 1.35924 0.719572 0.035756 -0.237111 0.214391 -1.17727 0.0143729 -0.000430852 
1.65948 0.632937 2.12894 -0.903472 0.971728 0.17684 -0.320841 -1.08758 -0.836693 -0.957316 -0.0790619 -0.00516983 
1.46979 0.200208 2.13596 -0.537719 -0.181634 0.161662 -0.263911 -1.8112 -0.329989 -0.162946 -0.483582 -0.027153 
1.62276 0.150696 1.89634 -0.640946 1.08075 0.421152 -0.198997 -1.21006 -0.0222161 -0.329213 -0.0179383 0.0425192 
1.46552 0.318285 1.18413 -0.691587 0.914725 0.00959111 0.897521 -0.184723 0.0237977 -0.0149145 -0.00307423 0.0392184 
1.44 0.172214 1.59228 -0.679942 -0.236488 0.383724 0.77292 -1.40697 -0.0130357 0.077225 -0.162808 0.0143043 
1.55476 -0.125819 1.97177 -0.614205 0.16306 0.285056 0.108645 -0.448658 0.0789682 -0.244075 0.273567 0.0660949 
1.50079 0.0234735 2.01294 -0.323479 0.538549 0.415613 0.992891 -0.644894 0.38651 0.356977 -0.0847899 -0.0971777 
1.4386 0.205665 2.067 -0.786085 0.673089 0.923328 1.1451 -0.417456 -0.0742611 -0.0731967 -0.0832094 0.0251279 
1.16371 0.129248 2.45607 -0.597639 -0.0267652 0.565978 -0.131126 -0.510856 0.0365033 0.207192 0.169915 -0.0185524 
1.05051 0.201418 2.43724 -0.583032 0.227909 1.49877 -0.0368855 -0.628389 0.463108 0.164232 -0.0026027 -0.0464665 
1.16829 0.217024 2.38651 -0.863298 0.432293 0.915486 0.827132 -1.16688 0.394204 0.376428 -0.104877 -0.0053412 
1.31016 -0.0598943 1.78634 -0.944468 0.576265 0.52743 0.917531 -0.194556 0.17066 -0.17683 0.0356363 0.0477607 
1.41929 -0.241825 2.41728 -0.503789 -0.350023 0.0554837 0.613941 -0.403874 0.354986 0.00112906 0.0373423 0.0245374 
1.36897 0.290543 2.11793 -0.584082 0.606846 -0.143045 1.09387 -0.845281 0.1621 0.114438 0.0841251 0.00713309 
1.62706 0.100581 1.57098 -0.990066 -0.570802 -0.0942071 0.00734905 -0.68567 0.281657 0.404165 0.0724774 -0.0631379 
1.57379 0.439874 2.09618 -0.225315 0.936183 0.707456 1.15286 -0.0967457 0.461854 0.294782 0.217466 0.0196281 
0.572615 -2.8364 4.87963 0.946878 -3.65996 1.34986 2.6481 -2.33599 0.417389 1.1912 -0.317463 -0.0752964 
-0.179947 -1.47462 3.81338 0.443035 -2.8739 1.63503 1.83786 -1.91811 -0.223391 0.620677 -0.262833 -0.0135558 
1.22317 -0.556628 2.31572 -0.0537917 0.401063 0.161972 0.36088 -0.796629 0.596996 0.249322 0.0635605 -0.00838653 
1.28937 0.301663 1.83171 -0.533657 0.841033 0.723384 -0.0153299 -0.479323 0.134741 -0.107436 0.205671 0.0765036 
1.71737 0.462955 1.73317 -0.486809 1.19278 0.268344 0.665358 -0.311506 0.0153857 0.253351 0.326451 0.102068 
1.48557 0.0426985 2.43501 0.559812 0.107338 0.276868 0.86888 0.455775 0.793853 -0.0546074 0.00833128 0.0673638 
1.48937 -0.025949 2.41484 0.614368 1.73773 0.225632 0.0697219 -0.598486 0.0095759 0.300001 0.324346 0.00960866 
1.57272 0.089137 1.82286 -0.420773 1.52804 0.33854 -0.0526824 0.013916 0.418121 0.273887 0.248945 0.01595 
1.62323 0.432472 2.10597 0.452715 1.36187 1.24222 0.585087 0.718626 1.00601 0.248091 0.302683 0.0252605 
-0.36659 2.25032 0.479395 1.19614 0.331663 2.26109 -0.278163 0.0842799 0.753637 -0.715432 0.578853 -0.0274382 
-2.57025 2.08514 1.29942 -1.84635 1.01105 2.56081 -2.01798 0.897465 0.935597 -0.837913 0.349006 -0.213914 
1.18937 2.89496 2.76095 0.256824 1.64374 2.03248 -0.452175 0.791951 0.666468 -0.362234 0.435642 -0.0654565 
1.90802 2.53041 4.549 0.268388 2.64862 3.33145 -0.0472913 1.6191 1.33071 0.0649511 0.262571 0.133258 
2.51405 2.81387 4.16524 0.678094 2.31524 3.02422 0.141402 1.52488 1.34223 -0.060168 0.211778 0.096728 
2.236 2.55916 3.77353 0.0300032 2.62054 2.25844 0.215171 1.52982 1.07431 0.169899 0.113143 0.0557306 
2.25417 2.40623 3.2412 0.0664674 2.22546 2.32072 0.225481 1.54657 0.999692 0.259939 0.25104 0.0327744 
2.06457 2.21337 3.29198 -0.168917 2.14876 2.27815 -0.199127 1.60112 0.740455 0.114765 0.188239 -0.00605969 
2.11334 2.21444 3.16811 0.285112 1.98358 2.07597 0.164766 1.23001 0.657959 0.0916298 0.177818 0.00814152 
2.73615 1.18616 4.71426 1.29685 0.577762 1.16382 0.109388 0.724941 -0.691591 -0.509478 0.191931 -0.0901329 
2.91687 1.65109 3.64328 0.0994011 -0.193116 0.143208 -0.332864 -1.14313 -0.478467 0.378653 -0.349996 -0.0441383 
3.19621 1.13473 4.59178 0.231427 -0.183045 0.196462 -0.807529 -1.32339 -0.15275 0.626586 -0.129731 -0.00502047 
3.07132 1.33954 5.51893 -0.284686 0.188473 1.94584 0.266389 -1.89467 -0.111434 0.597497 0.0136272 0.0439243 
3.29543 1.32331 5.39616 -0.30577 0.875706 1.3561 -0.199041 -1.45882 -0.286074 0.603551 0.0887909 0.0513734 
2.75955 1.96111 5.19515 0.384841 0.632788 1.06125 -0.37507 -1.92331 -0.468037 0.683547 0.0458026 -0.00137532 
2.49448 2.17668 5.71092 -0.233898 0.430757 0.824256 0.360526 -2.05198 -0.217684 0.574746 -0.144255 0.040063 
2.33888 1.94319 4.71129 0.0602324 0.0714267 -0.321339 -0.0371068 -2.12013 -0.238591 0.711915 -0.0937739 0.0460285 
2.66601 1.06689 5.83622 -0.625719 -0.239407 0.327572 -0.987782 -1.85816 -0.543876 0.610259 -0.130663 -0.0332624 
2.57346 2.11545 5.93811 -0.551302 -0.0446445 -0.0265345 0.440332 -2.06859 -0.476666 0.699457 -0.270437 0.0283756 
2.76501 1.79627 3.86774 0.679751 0.0797675 0.808856 0.303419 -2.20973 -0.191278 0.827191 -0.0746263 0.00970234 
2.64073 1.36859 4.46721 0.289661 0.775734 1.22255 -0.292629 -0.224759 -0.0475604 0.782455 0.151951 -0.0248408 
2.82717 2.35099 5.64702 -0.129889 1.01099 1.08557 0.191266 -0.92393 -0.548729 0.731528 0.0620852 -0.0159337 
2.77256 2.26222 5.17728 -0.258598 0.836987 2.32407 -0.0751225 -1.37768 -0.608952 0.913256 0.3688 0.00963205 
2.7829 2.03981 6.29244 0.462944 1.08449 1.45451 0.764099 -1.49389 -0.149387 0.861882 0.102792 0.0133652 
2.90473 1.76099 6.01251 -0.0270147 1.12195 1.23493 0.863153 -0.903844 -0.150228 1.16006 0.117441 0.0233549 
3.0366 2.74834 4.83855 -0.230742 0.353697 1.89644 0.523083 -0.712541 -0.518285 1.00943 0.3417 0.0393038 
3.11638 2.45534 5.73486 0.0509088 1.02824 1.57698 0.919042 -0.521854 -0.204059 0.845061 0.113413 0.0130226 
2.84697 2.05795 7.17053 -1.03794 1.02497 0.809664 0.716892 -0.759078 -0.383593 1.2079 0.205503 0.0547248 
3.00438 2.33298 4.71226 0.182439 2.08216 1.73098 1.92431 -0.527125 -0.652317 0.93259 0.0483894 0.00979183 
2.61235 2.41071 4.65787 0.742192 0.309243 2.43255 1.7206 -0.885001 -0.0662152 0.872573 0.145654 -0.0203885 
2.84911 2.42266 4.5845 0.553994 0.125497 1.83126 0.906746 -0.529778 -0.330539 1.04131 0.285111 -0.0121228 
3.25264 1.5586 3.98815 0.893634 0.848445 2.01519 1.13466 -0.26599 -0.393537 1.07788 0.279015 -0.0312552 
2.5341 2.16833 3.3153 0.983 0.971286 2.06208 1.34705 -0.169802 0.172012 1.12744 -0.00304651 0.0226368 
2.98873 2.35503 3.02671 1.03432 0.972405 1.51361 1.6413 0.13799 0.157065 0.783915 -0.0496083 0.0141769 
3.03764 2.20301 3.68894 0.0799412 0.415203 1.50084 3.51731 0.0055462 0.233433 1.16994 -0.400666 -0.0314222 
3.12028 1.7734 3.78842 0.0745816 -0.121861 1.09256 2.94363 0.718615 0.284985 1.29219 -0.334963 -0.105279 
3.08839 2.31527 4.32291 -0.480042 -0.0981352 0.0727726 2.75382 0.742808 -0.544838 1.18646 -0.470476 -0.177139 
3.31683 1.60122 5.16845 -1.04208 -0.220947 0.580812 3.1512 1.57659 -0.306042 1.28861 -0.320434 -0.281004 
2.75115 1.60879 3.27696 0.312441 0.106297 1.72413 2.4304 1.47602 0.0066143 1.35893 -0.243796 -0.126363 
2.31641 1.24993 3.94153 0.931279 1.1366 1.67254 1.22292 1.11863 -0.146152 1.42574 -0.0556844 -0.0852707 
