1.65315 -0.477673 0.83734 -1.05564 0.904168 0.181857 -0.411189 -1.28865 0.072424 -0.432296 0.211585 -0.0348156 
1.8532 -0.585291 1.11389 -1.35378 1.44215 -0.302476 -0.235466 -0.0973467 0.545311 0.275919 0.541589 0.10477 
1.70325 -0.471966 0.863983 -0.481777 1.57946 0.0441454 -0.00229269 -1.14574 0.354844 -0.105849 0.199136 0.097614 
1.91095 -0.650381 0.918436 -0.827769 1.42871 -0.0402698 0.40515 -0.725167 0.209599 -0.145324 0.470531 0.0869593 
2.20639 -0.534516 1.23492 -0.722528 0.0409389 -0.677955 -0.427105 -1.44927 -0.778199 0.168513 0.524103 0.150042 
2.36427 -0.225182 1.03082 -0.887625 0.176893 -1.3346 -0.893745 -1.45385 -0.551609 0.0408661 0.390211 0.0788174 
1.96542 -0.760744 -0.0648788 -0.59187 0.472038 -0.0264126 -0.0233762 -1.24432 0.145232 0.0697088 0.169209 0.120499 
2.25497 -0.531171 0.992634 -0.247951 1.11066 0.0900035 0.21835 -1.10644 0.338924 -0.0445584 0.213438 0.0131469 
2.28607 -0.762524 0.631887 -0.680852 0.814135 0.267408 0.0467963 -0.568515 0.174782 -0.321909 0.272073 0.0306385 
1.91206 -0.270509 0.667271 -1.15573 1.34748 0.0104611 -0.18762 -0.43005 0.243887 -0.373864 0.618832 0.0381646 
1.77159 -0.281226 1.09379 -1.47853 1.08254 0.568795 -0.444774 -0.851908 0.233992 -0.164253 0.418325 -0.0126932 
2.01249 -0.395416 1.20104 -1.06498 1.08314 0.49901 0.0721969 -0.705842 0.15923 -0.0601287 0.465695 0.0262364 
1.95166 -0.591514 0.493457 -0.979436 1.22696 0.154312 0.358572 -0.646368 -0.341957 -0.0538624 0.324738 -0.0298869 
1.72591 -0.671206 1.05654 0.106833 1.87538 -0.405313 -0.582411 -0.537944 0.218075 -0.14231 0.196242 -0.00822812 
1.80973 0.0280369 0.616643 -1.19368 0.857543 -0.521682 0.342209 -1.16038 -0.323342 0.344254 0.299998 0.00217309 
2.02206 -0.954443 1.33873 -0.403434 1.19764 0.0469666 0.718788 -0.660784 -0.135259 0.224923 0.407272 -0.0148668 
2.28007 -0.772033 0.95472 -1.08405 1.2062 -0.37783 0.252211 -1.18115 0.0367573 0.265164 0.174783 0.0696012 
1.97173 -0.201414 0.761311 -0.295017 1.6381 0.733333 0.629165 -0.40093 0.286213 0.0473681 0.551233 0.071527 
1.78944 -0.177351 1.02999 -0.545044 0.812552 0.58568 0.260357 -0.75759 0.216615 0.0767721 0.380551 0.0110407 
1.64844 -0.586891 1.02552 -1.13816 0.734326 -0.0684048 0.0777184 -0.716337 -0.560136 -0.252484 0.259955 0.0142687 
1.84583 -1.00999 0.867866 -0.951608 1.51285 0.0971814 0.291709 -0.913266 -0.0388657 -0.0130959 0.101045 0.0250331 
1.80008 -0.000101658 1.28896 -0.905611 0.99412 0.32214 -0.00257132 -0.98869 0.0828538 0.0933848 0.119051 0.0239426 
2.08549 -0.536296 1.04157 -0.262091 1.35265 -0.201398 -0.129183 -0.436396 -0.603906 -0.326051 0.208099 0.0103754 
1.95329 -0.443929 0.744235 -1.21271 1.30357 -0.253419 -0.220846 -0.829161 0.348293 0.369741 0.506562 0.0385021 
2.11594 -0.125877 1.39272 -0.556605 1.22624 -0.308266 0.00816618 -0.26007 -0.297381 0.0733699 0.380978 -0.0308716 
2.12116 -0.640677 1.10765 -0.440535 1.38956 0.463052 0.789977 -0.833668 0.0545412 0.155143 0.216264 0.00611881 
2.16167 -0.577933 0.71441 -0.701182 0.888343 -0.196301 0.116842 -1.01252 -0.224161 0.25369 0.346008 0.0323231 
1.82723 -0.364863 1.805 -0.57119 0.998002 0.103758 0.114243 -0.874573 0.0840502 0.546708 0.314633 -0.0555666 
1.73237 -0.742424 1.08427 -1.12701 0.998104 0.282932 0.26708 -0.221581 -0.109633 0.12463 0.416044 0.0638173 
1.86274 -0.53372 1.74833 -0.0619609 1.74684 0.202221 0.174212 -0.566676 0.266241 0.195507 0.512252 0.0252343 
1.94397 -0.654773 0.865988 -1.05318 1.2082 -0.140589 0.0572683 -0.932442 0.377132 0.0973796 0.525294 0.0641152 
2.00785 -0.309154 1.20787 -0.675166 0.69188 -0.0862858 0.141128 -0.78005 0.436184 0.136163 0.538935 0.0326569 
2.0539 -0.197742 1.32238 -0.306307 1.22461 0.047222 0.163739 -0.331478 0.124926 0.162757 0.511518 0.0313636 
2.12196 -0.217724 0.811441 0.141104 0.880551 0.0294878 -0.244242 -0.697866 0.193296 0.268602 0.300822 -0.0174663 
1.83889 -0.578079 0.711718 -0.186521 1.10543 -0.411501 0.165698 -0.711187 0.536906 0.27722 0.385591 0.0243832 
1.74669 -0.428312 1.26083 -0.414354 1.36922 -0.0819839 0.0288998 -1.16502 -0.098317 -0.149031 0.524074 0.0456362 
1.95889 -0.55834 0.93997 -0.777303 0.724998 0.288996 0.856212 -1.4926 0.284468 0.0612611 -0.0399338 0.0203024 
1.9213 -0.444257 1.16436 -0.38226 0.891684 0.0475538 -0.218504 -0.944054 -0.460835 -0.0283084 0.476336 0.0313973 
1.54297 -0.482425 1.3164 -1.08687 1.25759 0.557921 0.0678845 -0.70582 0.0312559 0.0139203 0.370852 -0.0250043 
1.92349 -0.521369 0.369428 -0.974657 1.44568 -0.39617 0.726025 -0.468955 0.262929 -0.340335 0.318764 0.111036 
1.85893 -0.75557 0.741571 -0.551806 0.755818 0.15663 0.50709 -0.712186 -0.0983056 -0.112492 0.389893 -0.00554963 
1.94026 -0.824192 1.076 -0.776708 0.859852 0.0748629 0.276631 -0.605168 0.516214 0.0787682 0.378664 0.0475358 
1.90673 -0.746998 0.994228 -0.606479 1.10923 -0.936265 -0.220976 -0.908827 -0.0021818 -0.0347461 0.321326 0.0454078 
1.62609 -0.880017 1.0502 -0.48699 1.18597 0.234412 -0.236624 -0.865204 0.00245477 0.364988 0.313331 0.0418286 
1.89284 -0.966193 0.639734 -0.437461 1.29818 -0.592892 0.550254 -0.58809 -0.0126565 -0.0394479 0.441325 0.0373006 
1.80893 -0.606655 0.855989 -0.688496 1.2666 0.0104035 0.237265 -0.860051 0.176171 -0.0968236 0.276954 0.0293888 
2.17942 -0.404277 1.01378 -1.05148 0.538047 -0.0339658 -0.739627 -0.742886 -0.109959 -0.111541 0.331224 0.0821259 
2.11868 -0.489408 1.17263 -0.422435 0.83106 -0.452287 -0.568759 -0.574813 -0.196726 -0.0135754 0.296506 0.056354 
1.72511 -0.624521 0.674013 -1.05535 1.29194 0.207436 -0.0870178 -1.03977 0.47971 -0.145669 0.426562 0.0128502 
2.04394 -0.547909 0.872017 -0.733228 0.626106 -0.326176 0.232404 -0.552868 0.251943 -0.0230602 0.391157 -0.00457224 
2.00689 -0.933713 0.670788 -1.02117 0.628976 -0.219721 0.17432 -0.453334 -0.413403 0.612894 0.501261 0.00845971 
1.58091 -0.165873 1.09948 -1.0303 1.12917 -0.386967 -0.00652974 -0.836841 -0.3321 0.149489 0.581168 -0.024871 
1.58262 0.0168156 0.954589 -0.634616 1.80185 0.405307 0.543076 0.00358476 -0.346731 0.272329 0.355676 -0.058489 
1.6479 0.397083 1.60483 -1.60861 2.57149 -0.126442 0.00186779 -0.301804 -0.54423 0.517764 0.300736 -0.00885116 
2.17954 1.47147 2.93893 0.0814024 3.23473 0.827226 1.48577 1.34542 -0.0114138 1.08576 0.533763 0.00993245 
2.69707 2.65449 2.98094 1.62598 2.62166 1.73667 0.99717 1.60971 0.479043 0.506651 0.220923 0.0521119 
2.63524 3.05691 3.70828 1.18154 4.02836 1.3785 1.58969 1.70779 0.316902 0.904325 -0.0548242 0.0756796 
2.59079 2.87266 3.52618 0.835279 3.60133 1.52377 0.977099 2.13911 -0.0589352 0.630307 0.175792 -0.0078113 
1.95199 3.21836 4.44651 -0.334254 4.00285 2.37363 0.634929 1.84396 0.477466 0.468925 0.07604 0.0641331 
2.10824 3.00107 4.1663 -0.13674 3.34267 1.79128 0.375314 1.62977 0.623182 0.492913 0.108444 0.0436788 
1.62695 2.88971 3.86293 -1.0984 4.11281 1.61176 0.204842 2.0876 0.0911133 0.53793 0.0943246 -0.0169926 
1.87398 2.45285 3.80332 -1.10046 3.77105 1.56147 0.78352 1.55291 0.139697 0.458747 -0.0795981 0.0157564 
1.79738 3.01765 3.9022 -0.932927 4.35972 1.03268 0.684841 1.71985 -0.0640015 0.576219 -0.0691249 -0.00157394 
2.09103 3.11335 5.39626 -1.80388 5.24984 0.714279 0.587013 2.36552 -0.0962112 0.533479 0.0810498 0.00294697 
1.94753 2.12801 5.53948 0.372664 3.32521 -0.772728 1.94457 2.1 -1.24608 0.306534 0.248751 -0.0697182 
2.76763 1.98365 5.08741 2.06115 0.235835 0.873663 0.223201 -0.438879 -0.580868 0.544664 0.0339374 -0.0888277 
2.73339 1.62946 4.66033 0.596061 0.436568 1.25551 0.422661 -1.30856 -0.50107 0.788403 0.163058 -0.0545012 
2.23634 1.05053 6.01096 0.744736 0.783481 0.146965 -0.667185 -0.304156 -0.331055 0.789688 -0.172982 -0.0918076 
2.83582 0.643042 5.76595 -0.0642471 1.29726 -0.636131 -0.278118 -1.40657 -0.726815 0.969441 -0.16657 -0.0323312 
2.12253 1.48423 4.60201 0.596727 1.87944 -0.91915 -0.812664 -0.498826 -0.235153 0.894958 -0.169755 -0.0288802 
2.89276 0.896365 5.54841 1.06589 0.909906 -1.0001 -1.12318 -0.830676 -0.0480741 1.27446 -0.214093 -0.012413 
2.32236 1.22766 5.85265 0.930464 0.678036 -0.412407 -0.618386 -0.643915 0.340288 1.1277 0.0444009 0.0638294 
2.0856 1.30671 5.84668 1.10321 1.42241 -0.332028 -0.400591 -0.724496 0.412622 1.04975 -0.0285917 0.0303245 
1.89045 1.67505 6.17199 2.0681 0.894669 -0.97191 0.323849 -0.898315 0.0741213 1.01661 -0.139838 0.040739 
2.03006 1.56466 6.91786 1.46313 1.10106 -0.933679 0.0634698 -0.734312 0.341976 1.15509 -0.131817 0.153559 
2.46744 1.72496 6.31641 0.713816 0.219785 -0.200948 1.53505 -1.52547 0.521281 1.41312 -0.133871 0.147304 
2.11219 1.62137 6.76551 0.538334 1.42238 0.0384612 -0.353308 -0.753391 0.428682 1.1823 0.099809 0.0930517 
1.69356 2.06884 7.1122 -0.492058 2.07305 -0.340444 0.176391 -0.923757 0.138873 1.62961 0.0812846 0.121115 
2.3543 2.16039 4.5139 1.05042 1.66259 1.04449 1.63357 -1.33396 0.613556 1.38255 -0.0629871 0.0815321 
2.27582 2.36482 4.6397 0.83876 1.63929 0.822759 0.611232 -0.274033 0.337338 1.1766 0.106797 0.0557275 
2.19518 2.09364 4.86038 0.348467 1.50162 1.4447 1.32622 -1.09894 0.692171 1.21868 0.0391475 0.0915472 
2.35861 1.90237 5.24996 0.682598 1.55411 0.891967 0.722481 -0.948692 0.558325 0.906071 -0.137656 0.078529 
2.24092 2.21496 6.86034 -0.345554 1.90985 1.25233 0.565574 -1.37828 -0.128044 0.996081 -0.00754485 0.0237401 
2.43127 1.79805 6.31653 0.597848 1.75709 0.414454 0.562634 -1.86526 0.34224 1.10956 -0.169611 0.105257 
2.79095 2.53897 4.61358 -0.0511349 0.461105 1.30019 0.375231 -1.4987 0.0899159 0.982747 0.267793 0.104375 
