1.87793 -0.633457 1.12454 -0.744344 1.6434 -0.0172041 -0.421443 -0.317574 -0.0829641 -0.217918 0.280071 -0.0852751 
2.1496 -0.49245 1.2436 -1.11858 1.03791 0.0895458 0.232005 -0.81106 -0.10454 -0.0181224 0.393737 -0.0139964 
1.74356 -0.375731 0.884283 -0.442637 1.19697 -0.0525104 0.0280037 -0.726517 0.318517 -0.17842 0.392391 -0.0652972 
2.10559 -0.135476 0.96213 -0.42625 0.766764 -0.22573 0.447451 -0.727231 -0.350178 -0.000348901 0.37268 -0.00973419 
2.05976 -0.477329 1.13456 -0.383645 1.15717 -0.39707 0.0431396 -0.94341 0.177591 0.206589 0.527903 -0.0030176 
2.29581 -0.419386 1.04842 -0.53102 1.61978 -0.604085 -0.469828 -0.662864 -0.834146 -0.368835 0.145196 -0.10785 
2.11819 -0.193091 1.14172 -0.515728 1.84086 0.0770345 0.628688 -0.59028 -0.073215 -0.117334 0.212513 -0.0868113 
1.88186 -0.291388 0.748717 -0.974667 1.27693 -0.0531825 -0.201111 -0.768317 0.0442536 0.108991 0.245787 -0.0566563 
1.85625 -0.144086 1.03625 -1.33172 0.791707 -0.152426 -0.725116 -0.649853 0.356576 0.211077 0.461881 0.0104835 
1.93036 -0.254316 0.76171 -0.748794 1.18621 0.0993407 0.175656 -0.52166 -0.00677132 -0.176092 0.361064 0.0351203 
1.72577 -0.29317 1.0344 -1.01555 1.01242 -0.535622 -0.16846 -0.151045 0.263516 0.323992 0.423664 0.0447765 
1.88221 -0.929422 0.629666 -1.37337 0.932929 -0.21465 0.134883 -0.652912 0.0282166 0.128164 0.290565 0.000576581 
1.79307 -0.387252 0.945368 -0.515397 1.18899 0.540757 0.906871 -0.431591 0.28189 -0.07538 0.422115 -0.0122939 
1.77668 -0.765062 0.62954 -0.360154 1.192 -0.444328 -0.0373211 -0.541766 0.204384 -0.00264664 0.645768 0.106403 
1.8395 -0.660032 0.993525 -0.638627 0.757459 -0.225783 0.586394 -0.28397 0.00599169 0.0961249 0.284014 -0.0651503 
1.65831 -1.11856 0.63412 -0.209134 1.24908 -0.406377 0.391662 -0.593629 -0.11946 0.31858 0.220263 -0.0141793 
2.3683 -0.239425 1.2773 -0.472231 1.63168 0.180327 -0.231734 -0.399198 7.84239e-005 -0.193094 0.0951539 -0.0786417 
1.74951 -0.187526 1.10383 -0.678567 1.53511 -0.0386663 0.445287 0.0196805 0.0297367 -0.0291339 0.222591 -0.0601078 
1.89984 -0.703587 0.796662 -0.389551 1.02011 0.00507555 0.335603 -0.432379 0.27928 -0.374586 0.261755 0.0286722 
1.77327 -0.452405 1.36771 -1.14844 0.981028 -0.42467 0.0690466 -0.270968 -0.368976 -0.0760886 0.37509 -0.0100846 
1.36606 -0.455444 1.1586 -1.10487 1.22356 -0.672321 -0.0622614 0.33665 -0.00982654 0.345996 0.19994 -0.0529689 
1.98928 -0.482907 0.805635 -0.947019 1.12428 -0.335545 0.00436473 -0.449447 0.326624 0.348734 0.45298 0.0191104 
1.99226 -0.292226 1.90912 -0.797706 2.45422 0.0888754 0.363773 0.883702 -0.335451 0.38651 0.629484 0.00134962 
1.66827 0.875912 1.97001 -0.177874 2.96916 1.05095 0.583738 1.77555 -0.153274 0.658548 0.46395 -0.109802 
2.63973 2.36111 2.60988 1.32219 2.38531 1.43977 0.665871 1.56211 0.0615914 0.450889 0.347166 0.00572948 
2.76909 2.81527 3.12861 1.27848 2.8388 1.66436 0.557517 2.03144 0.0463789 0.312413 0.425465 -0.00828453 
2.91452 2.40407 2.56245 1.70616 1.92151 1.6627 0.904507 1.2618 0.5213 0.336556 0.297394 0.0396064 
2.63315 2.39843 2.26719 1.42985 2.01765 1.32338 0.922095 1.26533 0.436098 0.396994 0.289139 0.0239895 
2.56417 2.66437 2.77523 1.19166 2.63516 1.45809 0.538774 1.72032 0.129207 0.297796 0.4106 -0.00527962 
2.76528 2.65207 3.07906 1.53111 2.67231 1.74183 0.79342 1.61429 0.324135 0.321504 0.374648 0.0273449 
2.8244 2.47646 2.40526 2.00107 2.05733 1.66746 1.25902 1.2395 0.719658 0.468058 0.313792 0.0600849 
2.97343 2.94479 3.13242 1.74351 2.81683 1.45315 1.02461 1.56002 0.194902 0.606147 0.263876 0.0423195 
3.64964 2.86187 4.70401 3.17826 1.5812 0.494531 0.905704 0.6299 -0.924698 0.0553944 0.142393 -0.0731064 
3.47879 3.18433 5.58212 1.62126 1.477 1.36912 -0.752552 0.202658 -0.796955 0.229786 -0.131709 -0.109028 
4.24828 2.73825 8.06967 1.15882 1.01026 0.553533 -1.51934 -0.149285 -0.632514 0.217403 -0.313634 -0.125613 
3.06978 2.32307 6.55232 2.35926 1.64374 1.36166 -1.30734 -0.607594 -0.518859 0.372832 -0.711065 -0.175223 
3.0506 1.62015 6.10222 1.15593 0.70026 2.0304 -1.61182 -0.539447 -0.67324 0.0852719 -0.475861 -0.21187 
3.24543 2.62827 5.33099 0.568942 0.248385 1.0014 -1.28986 -1.36705 -0.641821 0.597261 -0.438381 -0.0500383 
3.05682 2.42138 6.04264 0.752332 1.51757 1.45252 -0.619538 -0.164291 -0.532139 0.556493 -0.266744 -0.116937 
3.23362 2.48225 5.79118 1.27926 0.867139 1.98731 -0.652228 -0.75935 -0.782844 0.566058 -0.449647 -0.155892 
3.17424 2.666 5.3319 0.571414 1.94093 2.86167 -0.620022 -0.595519 -0.870782 0.221808 -0.0909171 -0.112362 
3.53272 2.76009 6.03226 0.865888 0.999451 1.65437 -1.47302 -0.485791 -0.821321 0.449375 -0.222233 -0.122511 
3.28085 2.79129 5.82307 0.262475 0.111232 2.30439 -1.21206 -1.08831 -0.87421 0.175835 -0.169031 -0.085611 
3.5077 2.34806 5.48159 0.437385 0.0489406 1.17395 -1.43888 -0.793658 -1.12722 0.532651 -0.0553407 -0.13014 
3.17198 2.57231 5.20334 0.606226 0.566153 1.49156 -1.46962 -1.0467 -0.794946 0.423284 -0.276303 -0.0792741 
3.12248 3.05074 4.29972 1.08586 0.937818 1.21988 -0.820729 -0.82895 -0.457712 0.134387 -0.23579 -0.0326909 
3.33472 2.9071 4.53261 0.618195 0.525662 1.37758 -1.20964 -0.734809 -0.650232 0.0425477 -0.0869079 -0.0371652 
3.32403 2.59512 5.18067 0.575152 0.471169 1.67727 -1.30817 -0.70886 -0.529649 0.11334 -0.226588 -0.0677498 
3.04994 3.12623 5.47664 0.644499 1.01467 2.1706 -1.30916 -0.525982 -0.654698 -0.125196 -0.233789 -0.0883775 
3.23518 3.40742 6.49561 0.742995 0.524516 2.52568 -1.50856 -0.791178 -0.315514 -0.272872 -0.371644 -0.0416201 
3.52827 3.58368 6.78731 0.531623 0.492659 2.34214 -1.65648 -0.467994 -0.596425 -0.103937 -0.280189 -0.07746 
3.71206 3.05391 5.97586 1.74866 0.718634 1.92036 -1.0696 -0.892429 -0.113152 0.122917 -0.457922 -0.0356612 
3.94954 2.70474 6.3803 1.28728 0.529459 1.33864 -1.53562 -0.684769 -0.227266 0.341376 -0.411878 -0.0693814 
4.12302 1.63204 6.55676 1.99295 1.21378 1.22327 -2.00745 -0.222872 -0.0549819 0.393453 -0.385454 -0.199655 
3.70347 2.24941 6.21001 2.37905 1.74274 1.57746 -1.717 -0.0649125 -0.0400337 0.369876 -0.48473 -0.146404 
3.84235 2.53355 5.51964 2.26231 0.305325 1.32768 -0.230562 -0.351909 0.524307 0.676408 -0.619317 -0.0332102 
4.17138 2.00622 4.14381 1.48097 -0.136644 1.3597 0.858603 0.771272 1.0858 1.06468 -0.667615 -0.155917 
5.11484 1.45309 3.46967 2.63492 -1.15292 1.97336 2.43527 0.369725 1.41125 0.388556 -0.635314 -0.12937 
4.23617 1.31614 3.91116 2.11826 -0.144528 2.62639 2.24489 0.647866 1.21274 0.57148 -0.668773 -0.10338 
3.92203 1.51064 4.56584 0.272213 0.835483 3.88112 2.0891 1.68159 0.586592 0.725178 -0.464102 -0.151496 
3.66962 3.03317 4.89507 -0.429178 0.782381 4.85162 2.67276 1.12464 0.129565 0.451125 -0.448579 -0.0189453 
4.51835 2.0736 5.57205 -0.810565 0.75628 5.25981 3.03662 1.30492 0.70551 0.251351 -0.415824 -0.0349186 
4.24837 2.65021 6.18858 -0.52115 0.580152 5.38896 3.47408 1.35987 0.817007 0.32863 -0.363504 -0.0357344 
3.61539 0.903198 5.9429 0.332441 1.9385 5.36744 3.07351 2.19393 0.426185 0.5393 -0.103404 -0.0536103 
2.72737 1.85451 4.0989 0.742125 1.83196 3.8881 2.12728 1.63621 -0.0451645 0.825604 -0.110063 0.0175921 
2.77097 2.35675 2.88695 0.998817 2.22196 2.59435 1.4493 1.6546 -0.0298784 0.250091 0.281985 0.027328 
3.07281 2.21893 2.6968 1.31525 2.05675 2.92297 1.87234 1.17493 -0.125609 0.194252 0.294849 0.0629342 
2.97577 2.34497 2.182 1.7004 1.69076 2.04431 1.80867 0.982217 0.411031 0.342828 0.107567 0.0426731 
2.98871 2.35483 2.01231 1.67843 1.61568 1.74021 1.43196 0.905341 0.321867 0.0890415 0.1711 0.0293164 
2.74979 2.46736 2.26069 1.47757 1.93144 1.35802 1.03443 1.28829 0.382075 0.364046 0.295228 0.02928 
3.00769 2.62957 2.59009 2.19782 1.92258 1.69226 1.27128 1.0271 0.652985 0.375761 0.223404 0.0486979 
3.75702 3.53117 6.07398 2.11921 5.3014 2.22126 0.569899 2.22157 -0.0730682 0.155147 0.563565 -0.0878525 
3.30306 2.84395 6.30609 1.16804 4.01871 1.928 0.19338 3.41061 0.582808 0.126231 0.589597 -0.0400208 
2.53968 3.33266 5.73705 0.0151418 4.89898 2.72337 -0.402692 3.2232 0.349317 0.205859 0.504592 -0.103412 
2.88214 3.30115 4.46595 1.39279 4.22139 2.09859 0.209689 2.51307 0.0778466 0.375634 0.456086 -0.0553139 
3.27413 3.19766 3.33846 2.68401 2.49256 1.95396 1.55213 1.31031 0.775424 0.436524 0.179769 0.0684186 
3.15727 2.8578 2.97757 2.76107 2.45491 1.89743 1.44609 1.13531 0.704865 0.325235 0.110011 0.0495577 
2.98289 2.82765 2.73519 2.47029 2.27228 1.66672 1.54885 0.840348 0.730111 0.495014 0.264248 0.0733578 
3.1454 2.69706 2.44936 1.96977 1.28283 0.930572 0.683371 0.505137 0.74151 0.586009 0.639688 0.10222 
3.17383 1.50578 2.64336 0.785155 1.36746 0.389025 1.3467 0.234427 0.632956 0.56123 0.773151 0.114917 
2.31631 0.575497 1.80055 0.188073 2.00997 0.877695 0.257631 -0.067756 0.272151 0.39279 0.539575 0.00754976 
2.06392 0.897893 1.54633 0.339971 1.38167 0.186242 -0.0521963 -1.1216 0.0224668 0.11687 0.502914 0.0267302 
1.96754 0.0251424 0.905207 -0.254324 1.57457 0.117717 0.195042 -0.223421 0.200318 0.211232 0.642696 -0.0521851 
1.91996 0.181978 1.03386 0.199367 1.30321 0.159483 0.736318 -0.334381 -0.18815 0.443426 0.462417 -0.0151926 
1.70663 -0.0860778 0.914898 -0.315356 1.26071 0.313348 0.363524 -0.104833 0.0612437 -0.0257727 0.477514 0.0211183 
