0.950931 0.306903 0.688524 2.93106 -0.596268 0.384759 1.22481 0.887534 0.112966 -0.95837 0.706057 -0.0914026 
1.95088 1.00067 1.54997 -0.625038 1.06955 0.0143855 1.0259 -0.568642 0.46479 0.0507237 0.374814 0.027721 
2.32733 0.501376 1.66888 -0.274256 0.695226 -0.0201679 0.450129 -0.0717458 0.753601 0.578692 0.186804 0.0149089 
1.73356 0.672228 1.94208 -0.986116 1.06579 1.53239 0.460573 -0.210586 0.0921568 -0.421395 0.0182504 0.0021635 
1.72562 0.395932 1.91402 -1.3229 1.00456 0.077146 0.0668363 -0.394432 0.355069 -0.0676758 -0.0380017 0.0610759 
1.80551 0.442994 1.38521 -1.16099 1.09602 0.52736 -0.447903 0.408343 0.291619 -0.162926 0.137631 -0.0738754 
1.69684 0.302105 1.48857 -0.518118 1.03173 0.318331 0.107354 -0.146386 0.609021 0.0763046 0.0347076 0.0403706 
1.90836 0.276252 1.90663 -0.907429 1.23098 0.442014 0.0134194 -0.158679 0.453354 -0.184284 0.000562154 -0.00151377 
1.8076 0.364788 1.58359 -0.639113 1.13231 0.0763932 0.285078 -0.135072 0.418695 0.198296 0.1825 0.0415519 
1.67919 0.691791 1.03552 -0.671885 1.97014 -0.0152471 0.855819 0.317706 -0.231904 -0.155045 0.290546 -0.0111862 
1.87417 0.356846 1.60643 0.0141976 0.266792 0.143108 0.357519 -1.18444 0.391115 -0.113867 0.285462 0.088158 
1.9286 0.589055 1.59626 -0.498876 1.31381 -0.555057 0.567286 -0.633573 -0.0609069 -0.381382 -0.146487 0.0549706 
1.91496 0.113882 1.80369 -1.40407 0.951117 -0.0469817 0.875529 -0.705774 0.371369 -0.149697 0.200856 0.0786871 
1.95204 0.476461 1.81992 -0.936974 1.01114 0.404294 -0.194384 -0.0176727 0.545123 -0.197292 0.449061 -0.0277168 
1.79076 0.0509845 2.1108 -0.802814 0.916594 0.198872 -0.0701342 0.043779 0.232925 -0.285914 -0.0202198 0.00519408 
1.66563 0.38115 2.18849 -0.332169 1.04333 0.401545 0.0784001 0.423956 0.378071 -0.379676 0.33264 0.063511 
1.82544 0.670963 1.8398 -0.729391 0.419577 0.452486 0.316447 -0.177777 0.75333 -0.287862 0.241332 -0.066777 
1.83864 0.417462 2.02825 -0.288487 1.02421 0.94079 0.612933 -0.312807 -0.505623 -0.537638 0.180536 -0.00781194 
2.27314 0.714197 2.14742 -0.189139 0.909101 0.0470105 0.587838 -0.446077 0.32431 -0.154433 0.0799044 -0.0158947 
1.7503 0.434076 1.32219 -0.685018 0.95321 0.373333 0.353397 -0.108955 0.329198 -0.0499257 0.116436 -0.0257651 
1.84548 0.547916 1.96438 -0.0138286 1.69775 -0.263218 0.886678 0.0626222 0.163472 0.0123086 -0.0543869 -0.00253612 
1.71164 0.577645 1.45082 -0.680547 0.971321 0.583895 0.22724 -0.299585 0.024092 -0.466523 0.148943 -0.01706 
1.79322 0.395266 1.69992 -0.958984 0.362618 0.288181 -0.358678 -0.769004 -0.260649 -0.223536 0.350828 0.062825 
1.5659 0.779727 1.81625 -0.652647 1.17145 0.238647 0.277969 -0.0922736 -0.0909037 -0.706903 0.0955835 -0.0413311 
1.51546 0.0322558 1.97129 -0.785192 1.0381 0.350429 0.560509 -0.418484 0.558027 -0.305989 -0.311321 0.0759381 
1.787 0.0966961 1.61656 -0.973821 0.728908 0.0597358 0.674663 0.245817 0.471068 -0.482826 -0.288738 0.00367116 
1.75064 0.59559 1.47684 -0.445704 0.482963 -0.373279 0.30792 -0.102923 0.363501 -0.284169 0.0528514 -0.0759195 
1.79006 0.656062 1.5168 -0.294856 1.11504 -0.0118761 0.44251 -0.29048 0.190284 -0.317797 0.0195056 0.00942513 
1.36517 0.20919 1.53267 -0.338087 0.714875 0.597713 0.742429 -0.450249 0.597294 -0.362182 0.118366 -0.0227893 
1.56678 0.168296 1.78703 -0.328958 1.20018 -0.241161 0.434776 0.10789 0.44454 0.0671429 0.0868715 -0.022852 
1.54294 0.354988 2.06516 0.128851 1.20619 -0.175232 -0.0202572 -0.149269 0.651783 -0.0839099 0.0584265 -0.0568391 
1.80887 0.67893 1.98818 0.11647 1.44285 -0.166409 0.0341437 0.0177695 0.107705 -0.38531 0.253318 -0.0452297 
1.64779 0.200195 1.49652 -0.687796 1.04073 0.703421 0.394659 -0.257035 0.74089 -0.273405 0.0590983 0.0050492 
1.54093 0.411599 1.82271 -0.609265 1.10351 0.00649589 0.0764946 -0.430058 0.339412 -0.49258 0.223511 -0.0314389 
1.81988 0.440952 1.86107 -0.881886 0.492988 0.187275 0.0935857 0.164683 0.0710252 -0.323251 0.244035 0.0348156 
2.01077 0.353921 1.37118 -0.63638 1.24059 0.0202918 0.718505 0.072863 -0.00640916 -0.151395 0.143958 -0.0754787 
1.7599 0.52033 1.56521 -0.0279778 0.0839106 0.0366562 0.91423 -0.0496301 0.262972 -0.232545 0.1843 0.0207049 
1.81929 0.536562 1.28141 0.0517543 0.361076 -1.1532 0.225636 -0.511633 -0.175695 0.079746 -0.0434917 0.00326722 
1.83576 0.941802 1.14494 0.0118689 0.570249 0.767952 0.0877656 -0.780073 0.113465 -0.293614 0.336986 -0.115152 
2.7958 2.27224 2.07021 1.61355 1.3722 1.25792 1.11159 1.00823 0.615598 0.376858 0.230927 0.0574715 
3.72548 2.29684 1.84219 2.24845 1.89513 1.51507 1.52115 1.21646 0.618643 0.520635 0.357521 0.0882062 
4.20251 1.03174 0.869108 2.92289 2.07382 0.637114 2.02509 1.71893 0.0417529 0.606039 0.630888 0.152104 
5.11606 0.780184 0.541896 3.57548 2.83056 0.538449 2.04766 2.11071 -0.126067 0.77929 0.589327 0.122863 
4.70001 1.1827 0.77727 3.04666 2.47201 0.558902 1.22877 1.4312 0.225516 0.853626 0.622818 0.149405 
5.62395 0.908589 1.03489 3.13944 2.50385 0.297354 1.0496 1.07661 -0.0201802 0.801806 0.652316 0.105569 
4.80446 0.169405 0.907381 1.95519 0.892203 -1.72683 0.32865 1.26588 -0.20167 0.0614632 0.158968 0.0528002 
3.89055 0.0287869 0.738372 3.20359 0.0239273 -2.46723 -0.290694 -0.0553311 0.106766 0.206466 0.292764 0.0657722 
4.98606 0.277422 0.694916 2.78855 0.496746 -2.51462 0.275427 -0.606083 -0.129096 0.139362 0.541924 0.153382 
4.94076 0.999881 0.933708 2.73241 1.2909 -2.14693 -0.226199 -0.2711 -0.692532 -0.0287247 0.605966 0.225958 
5.10093 1.16001 0.578199 3.03272 1.58982 -2.09138 0.0967549 -0.669422 -0.420688 -0.0410775 0.67618 0.239699 
5.35284 1.07227 0.419968 3.65587 1.96287 -2.17233 0.320213 -0.959599 -0.517506 -0.10384 0.86744 0.274377 
5.71221 1.11875 0.697321 3.31106 2.26552 -1.77423 -0.193081 -0.48801 -0.778328 0.194756 0.755825 0.257021 
4.45603 1.92079 0.972277 2.55538 2.44348 -0.447697 -0.59927 -0.815364 -0.231225 0.18669 0.754431 0.194351 
4.3909 2.02561 0.750209 2.03546 2.24019 0.0713678 -0.935324 -0.796927 0.0397552 0.220369 0.67209 0.149283 
3.98276 1.82662 1.01557 2.35201 2.87569 1.22379 -0.357548 -0.45157 -0.0842832 -0.113802 0.446162 0.0663292 
4.36635 2.04808 0.743872 1.61513 2.45955 0.83573 -0.118389 -0.620183 0.0372452 -0.0303412 0.745847 0.188469 
4.76081 1.57349 0.201417 1.69178 2.75513 1.09885 0.316149 -0.0386783 0.092063 0.0260023 0.5778 0.195914 
4.76327 1.65312 -0.551659 1.51177 2.46279 0.865213 1.2954 -0.209317 0.531258 -0.245168 0.471573 0.164089 
4.96329 1.78288 -0.732652 1.06448 1.88054 1.13009 1.45782 0.372593 0.498982 -0.222583 0.318583 0.127639 
4.05015 1.58661 -0.452925 0.292741 1.58541 1.89767 1.94497 0.955226 0.336975 -0.12538 0.206712 0.0527671 
4.28857 1.62298 -0.766645 -0.374042 1.71228 2.41232 2.06353 0.833354 0.185293 -0.0065123 0.0996561 0.0294738 
4.55481 1.1487 -1.39068 -0.194915 2.14092 3.02088 2.48498 1.2852 0.201174 -0.175498 0.0265139 0.0415805 
4.20726 0.91906 -1.10003 0.105414 2.33613 3.08837 2.53583 1.30699 0.171588 -0.0613036 -0.0101748 0.0306977 
3.63824 1.00228 -0.534707 0.587698 2.53401 2.96448 2.08787 1.05058 0.199283 -0.144696 0.00949535 0.0587772 
3.26517 0.776634 -0.523467 0.778242 2.78703 3.16622 2.20192 1.08522 0.2073 -0.158985 0.00722241 0.0689752 
5.2188 0.545395 -1.74041 0.936521 3.31129 2.88902 2.52213 1.92846 0.157939 -0.239128 -0.0765692 0.110911 
5.23093 1.0258 -1.73422 0.956559 3.91839 3.51607 2.2624 1.23864 -0.0184604 -0.0656804 -0.0152809 0.0995421 
4.48614 1.0958 -1.26947 0.442334 3.50146 4.25445 2.7859 0.869825 -0.160164 -0.0693357 0.0938025 0.125976 
4.97898 0.927706 -1.74784 0.569489 3.82509 3.91007 2.51749 1.25975 0.0154252 -0.126107 0.0417041 0.117591 
5.34463 0.459221 -2.37558 0.845439 4.19063 3.57379 2.41364 1.62807 0.0617827 -0.142895 -0.0398759 0.133177 
5.22808 0.459702 -2.18944 0.91139 3.99879 3.57376 2.56045 1.55405 0.0320188 -0.161535 -0.0122262 0.134556 
5.61101 0.155241 -2.73442 0.965346 4.4614 3.61737 2.34386 1.70495 -0.13102 -0.124762 -0.0309636 0.150884 
4.65086 0.417691 -2.137 0.758167 3.96594 3.55 2.20363 1.41663 0.242039 -0.200277 0.0194115 0.112246 
3.94433 0.606476 -1.47776 0.429217 3.23284 3.60205 2.44111 1.33004 0.242553 -0.238067 0.0972084 0.0841099 
3.43181 1.75869 0.496421 1.16609 2.74243 3.14793 2.09778 0.932211 0.309517 0.122763 0.157213 0.0959309 
3.29849 2.12817 1.15212 1.42996 2.59052 3.06755 2.29032 1.03729 0.269106 0.143589 0.23141 0.11694 
2.9671 2.05454 1.60052 1.75688 2.19102 2.29504 1.85949 1.22051 0.620236 0.23555 0.164545 0.0736666 
2.97614 2.20782 1.73336 1.72106 2.10975 2.26016 1.78955 1.07758 0.491735 0.267235 0.26994 0.0731537 
3.17438 2.48557 1.83626 1.69535 2.18512 2.57709 2.10713 1.07733 0.3048 0.177492 0.303615 0.0886548 
3.18332 2.53199 2.19699 2.31139 2.97861 3.06444 2.06432 0.732775 0.136717 0.339147 0.475405 0.123029 
3.08717 2.74518 2.58518 2.41149 2.37328 2.11487 1.64547 1.15471 0.700587 0.464974 0.270944 0.081992 
2.87661 2.47686 2.39544 2.12771 1.88194 1.66966 1.36318 1.09395 0.792536 0.487727 0.294045 0.0686095 
3.09869 2.79689 2.9009 2.41061 2.21337 2.21301 1.50523 1.23901 0.905375 0.479176 0.305514 0.0949076 
3.18187 2.83695 2.90356 2.65533 2.64156 1.77741 2.00785 1.44522 0.905612 0.490997 0.291692 0.106688 
2.77068 2.47136 2.33481 2.15892 1.7978 1.71301 1.53247 1.052 0.936982 0.450998 0.329851 0.0658474 
