1.71421 -0.598985 1.05102 -0.434424 1.05018 0.0474395 0.462988 -1.15861 -0.188825 -0.183367 0.286659 -0.0560883 
1.68638 -0.725448 1.43433 -0.473704 1.05649 -0.737816 -0.265576 -0.495899 0.108049 0.127782 0.183721 -0.0669094 
1.73223 -0.421095 1.20049 -1.11635 1.44404 0.328867 -0.40768 -0.358173 0.525821 0.0267857 0.487209 -0.0112944 
1.81929 -0.464973 0.923607 -0.694759 0.552804 -0.162642 0.0870996 -1.34201 -0.14426 0.370511 0.276166 0.0319034 
1.78879 -0.406105 0.789143 -0.381952 0.804572 0.254789 0.0792954 -0.588248 0.203259 -0.241309 0.412129 0.00101122 
1.83827 -0.566588 1.26579 -0.693402 0.873388 0.0196868 0.154166 -1.02822 -0.103639 -0.344612 0.423449 0.0562167 
1.8877 -0.822833 0.658663 -1.01542 1.02464 -0.547504 -0.493874 -0.92277 0.351885 -0.0108192 0.408446 0.0588912 
2.00622 -0.19539 0.795618 -0.0499827 0.88133 0.251171 0.55526 -0.648593 0.185398 -0.316759 0.51598 0.0377759 
1.8532 -0.401374 0.840638 -0.500088 0.736447 -0.69179 0.226749 -0.276326 0.286976 -0.00919814 0.276883 0.00503723 
1.56915 -0.437838 0.90369 -0.988332 1.13884 0.19949 0.891831 -0.817836 -0.048767 0.357586 0.411943 -0.0470315 
1.9146 -0.451535 1.48381 -0.982589 1.6358 0.107241 0.119232 -0.647851 -0.012076 -0.0172819 0.349082 -0.0703424 
1.80655 -0.426105 1.18903 -0.860511 1.14751 0.161417 -0.0639025 -0.122365 -0.217987 -0.215007 0.569447 -0.0621645 
2.02927 -0.537558 1.11874 -0.778937 0.483936 0.225316 0.248152 -1.20943 0.38293 0.491421 0.41913 -0.0367848 
2.08639 -0.344885 0.841948 -0.543942 1.25923 0.144966 0.514243 -0.884601 0.249838 0.325503 0.479114 0.121747 
1.96508 0.128326 1.30665 -0.937779 1.62599 -0.0146472 0.510203 -0.649485 0.413692 -0.0203178 0.13899 0.0581127 
1.58169 -0.360009 0.554873 0.0538629 0.14551 -0.472118 -0.631422 -0.26586 0.050706 -0.17604 0.475383 0.0470967 
1.8682 -0.0130389 0.782348 -0.529499 0.803995 0.497496 0.501614 -0.79496 -0.0533627 -0.112181 0.233412 -0.072149 
2.04796 0.15286 1.51029 -1.45787 1.02323 -0.113925 0.123253 -1.37419 -0.63372 -0.402906 -0.0119169 -0.0547669 
2.30401 -0.355499 0.961028 -0.230579 0.996281 -0.642631 -0.521802 -1.21852 -0.35598 -0.421312 0.242614 -0.0364226 
1.94234 -0.55278 1.01176 -1.02072 1.17223 -0.054007 0.0170473 -0.833934 0.0691248 -0.046912 0.323054 0.0566514 
1.76865 -0.260199 0.575475 -0.227107 1.186 -0.284857 0.388807 -0.948826 -0.0138002 0.491006 0.289642 -0.00958885 
1.39729 -0.478928 0.64656 -1.33571 1.6704 -0.856035 0.807668 -0.357727 -0.165927 0.363117 0.0280572 0.0482104 
1.68403 -0.535524 1.79944 -0.95431 2.32252 -0.154212 0.14476 -0.290928 -0.308701 0.239297 0.317158 -0.00710287 
1.56105 -0.555803 1.84481 -2.44877 1.7679 -0.0116177 0.287049 0.102676 -0.369592 0.244326 0.367885 -0.0403419 
1.86109 0.0349909 1.76006 -1.11947 2.04987 0.32345 -0.0864404 -0.174426 0.323655 -0.0239208 0.34511 0.0143033 
2.63431 2.67867 3.17612 1.09751 3.45241 1.57785 0.734308 1.50774 -0.417785 0.346072 0.428818 -0.0225963 
3.55658 4.10564 5.20031 -0.206417 3.96859 1.69733 0.118013 3.0332 0.353822 0.609292 0.420036 -0.0973302 
3.16972 2.94231 3.1006 1.01286 2.29885 1.48117 0.73964 1.89906 0.415697 0.493774 0.274057 0.0169208 
2.86981 2.52411 2.94865 1.51611 2.29346 1.64008 0.632444 1.36445 0.356667 0.224683 0.323221 0.0196092 
2.82662 2.60662 2.70272 1.56712 2.4574 1.449 1.10944 1.4283 0.396561 0.497207 0.2093 0.0387298 
2.98819 2.92428 3.94195 1.05668 3.39334 1.72202 0.65218 1.93834 0.146079 0.32129 0.288208 -0.0173101 
2.78807 3.23556 4.13839 1.50308 3.87312 1.28592 1.16021 2.00006 -0.0733924 0.545967 0.247432 -0.00263764 
3.62234 2.77381 6.47375 3.68498 0.300854 -0.156718 0.648707 0.741118 -1.07967 0.248305 0.0810704 -0.0698062 
4.09262 2.97964 7.66521 1.36036 -0.523078 0.137185 -1.12769 -0.311656 -0.794153 0.434438 -0.208444 -0.100885 
3.98666 2.58535 4.82916 0.894052 0.183431 0.700031 -1.4729 -0.403277 -0.691532 0.417498 -0.232305 -0.104014 
3.72268 2.93509 5.25912 1.44476 0.384146 0.131795 -1.89372 -0.399724 -0.171229 0.488038 -0.386687 0.00729359 
3.41811 2.7683 3.44562 1.70611 1.0623 0.443861 -0.742192 -0.498836 -0.241398 0.172696 -0.0355121 -0.0048539 
3.34825 2.92486 2.6826 1.76223 1.2741 0.346529 -0.278356 -0.289941 -0.196491 0.0172903 -0.0452379 -0.0138334 
3.57781 3.19482 4.37802 1.26824 1.31773 1.15456 -0.792334 -0.35052 -0.481991 0.186511 -0.174033 -0.0383788 
3.58232 3.06376 4.12051 1.66755 1.24387 0.909232 -0.421181 -0.247521 -0.445134 0.142258 -0.195562 -0.0529213 
3.59338 3.38209 5.25731 1.2709 0.768818 0.550706 -1.08527 -0.570075 -0.611 0.500541 -0.434919 -0.037293 
3.51528 2.68301 4.42357 1.45993 0.658307 1.07381 -0.911263 -0.667216 -0.163388 0.201975 -0.25383 -0.0218876 
3.49387 3.11045 5.08518 1.01551 0.986068 0.636569 -1.89537 -0.624403 -0.652127 -0.164906 -0.378414 -0.0897459 
4.34395 2.9181 6.18882 0.105091 1.58979 1.80719 -2.45554 -0.957406 -1.00633 -0.171587 -0.291403 -0.197078 
3.88981 3.03449 4.6045 1.14819 2.1991 0.217951 -2.13541 -0.506696 -0.547419 -0.301092 -0.229123 -0.125793 
4.08069 2.6646 6.2334 0.261823 1.57666 1.49017 -2.39813 -1.12947 -0.41735 0.0794183 -0.442533 -0.120515 
4.0272 3.2887 6.48905 1.02545 1.88852 0.842624 -3.24705 0.0356404 -0.0618801 -0.209475 -0.383499 -0.0914447 
3.70599 2.74954 6.5354 1.85047 1.24095 -0.0494338 -2.99488 0.2247 -0.0436787 -0.0925444 -0.592549 -0.025607 
3.68901 3.30615 5.11387 0.915139 1.36173 0.226469 -2.18518 0.100565 -0.297756 -0.471475 -0.0439159 -0.0551242 
3.81306 2.49321 6.03328 1.35403 0.83626 0.206989 -2.99449 0.275774 -0.204786 -0.0555089 -0.284516 -0.0759193 
4.06716 2.4694 5.65441 1.96631 0.814821 -0.171437 -1.03283 -0.488201 -0.0713718 0.0202637 -0.459932 -0.0519848 
4.16742 2.04529 4.61468 0.919394 0.918871 2.20009 0.0878788 -0.823691 -0.185361 -0.0906287 -0.374334 -0.0796428 
3.97069 2.13034 4.79308 0.852308 0.248297 2.00394 0.128878 -0.170592 -0.0954746 0.503443 -0.467085 -0.139761 
4.4076 2.39993 4.9704 -1.70286 -0.546736 3.098 0.616023 1.00698 -0.0950597 0.386893 -0.324665 -0.236217 
4.42468 1.91942 5.10019 -0.606601 0.0388803 3.54056 1.80341 0.670945 0.274522 0.411917 -0.535304 -0.182162 
4.22882 3.13577 5.77387 -1.45263 0.596584 3.45751 3.03331 0.418928 -0.30111 0.113118 -0.694961 -0.133823 
4.02871 2.97225 4.5744 -1.05313 0.945634 4.40218 2.29648 1.33977 -0.544649 0.13179 -0.420034 -0.102214 
3.57503 2.51422 4.91354 -0.574827 0.969477 4.91019 2.67268 1.47155 -0.467899 0.167089 -0.270942 -0.099905 
3.37252 2.23487 3.56014 0.224577 1.44784 4.5673 3.28493 1.01304 -0.424055 0.432901 -0.528938 0.00863139 
3.53414 1.84643 3.27815 1.14533 1.72398 4.71942 3.23432 0.881808 -0.0341893 0.421209 -0.405916 0.0567916 
3.26531 1.66031 3.31737 0.949994 2.50945 4.63556 3.00828 1.44024 -0.753743 0.505324 -0.176548 0.0583599 
3.104 2.1373 2.89976 0.960094 2.51828 4.2361 2.6679 1.2064 -0.332977 0.163731 -0.0474567 0.10678 
3.26807 2.55133 2.57198 1.35413 2.07246 3.60487 2.41403 0.944044 0.242091 -0.00636765 0.0661612 0.0875752 
3.03476 2.21909 2.67399 0.713079 2.35967 4.38541 2.61327 1.09353 -0.0519461 -0.0374515 -0.0729268 0.130446 
3.35777 2.80181 2.45299 1.06022 2.8109 3.23304 2.48149 1.64031 -0.480713 -0.142809 0.199077 0.0761653 
3.47336 2.71253 2.09037 1.57882 2.54729 3.0195 2.388 1.31605 -0.104898 -0.156339 0.243856 0.094006 
2.91433 2.36012 2.12853 1.86527 1.84912 1.81389 1.36336 0.964085 0.538755 0.239255 0.186269 0.0389523 
2.81022 2.38979 2.08627 1.91822 1.76225 1.3983 1.15382 0.812268 0.480712 0.32355 0.174436 0.0346865 
2.93308 2.55172 2.34413 2.20194 1.97551 1.58645 1.34781 0.985553 0.698871 0.513741 0.271731 0.0634185 
3.00802 2.65055 2.53417 2.2355 2.01815 1.74941 1.39082 1.09608 0.753924 0.465485 0.271143 0.0679583 
2.89657 2.78361 2.83704 2.03388 2.69728 1.73215 1.32311 1.50654 0.429923 0.489589 0.202746 0.0553828 
2.74987 3.12257 3.81893 1.44094 3.66504 2.03976 0.81617 2.29163 0.140828 0.293135 0.430764 -0.00866827 
3.17298 3.18756 4.09971 1.69644 4.26421 2.03007 0.843639 2.18056 -0.169035 0.65967 0.319774 -0.0191581 
3.08359 3.34625 3.86876 1.87003 4.01824 2.08588 1.03132 2.34973 -0.502393 0.658275 0.33842 -0.0185363 
3.06856 3.30386 3.80904 1.83236 4.10342 2.0707 1.04242 2.41974 -0.3932 0.613211 0.364192 -0.0127772 
3.24123 3.39249 4.01748 1.97067 4.10278 2.19102 1.23589 2.63226 0.0855791 0.549902 0.341825 0.012964 
2.76286 2.3784 2.2673 2.02769 2.23944 1.75557 1.44944 1.16029 0.678418 0.648786 0.397401 0.0745269 
2.65675 2.15295 2.37534 1.3356 1.72594 1.31671 1.28067 1.62581 0.560537 0.869712 0.4871 0.0455087 
2.72861 1.90151 1.85911 1.26132 1.44532 1.16862 1.17276 1.11904 0.899175 0.811548 0.3974 0.0339071 
2.40432 0.515227 1.29737 0.422315 1.79379 0.413187 1.62625 0.52864 1.06062 0.605217 0.728308 -0.00545257 
2.04762 0.362436 1.43431 0.281473 0.807855 0.500134 0.270352 0.0438572 0.486192 0.242211 0.510789 0.0186551 
1.47714 -0.0280173 0.621558 -0.759978 1.02842 0.300705 0.183302 -0.757095 0.140663 0.109873 0.386428 -0.000617482 
1.80596 -0.632026 0.96039 -1.05058 1.06673 0.984235 0.273512 -0.126317 0.702161 0.101424 0.539115 0.0832739 
1.69542 -0.187775 0.912561 -0.258604 0.869277 0.620067 -0.0843853 -0.531803 0.617024 0.023805 0.319248 0.0188824 
1.96288 -0.151078 0.443697 -0.441789 1.10759 0.230933 -0.15376 -0.262374 0.331555 0.217857 0.608128 0.0170576 
