2.82027 0.100884 -0.223244 0.440097 1.74947 -0.643972 1.26293 1.42472 -0.320203 -1.45686 -0.111054 0.0656478 
1.77959 0.980312 2.39105 0.0159112 1.34596 -0.304219 0.899121 -0.235369 0.11775 -0.288486 0.00786958 -0.0881015 
1.90877 1.40149 2.12563 -0.669439 1.37676 0.843327 0.814928 -0.214596 0.410377 -0.0482196 -0.13375 -0.107184 
2.05568 1.40512 1.81511 -0.612625 0.661879 0.428456 0.586419 -1.04233 0.17856 -0.194926 -0.0417996 -0.0480372 
1.55245 1.01795 1.90452 -0.625622 0.94433 -0.0370995 0.150525 -0.751343 0.437649 -0.40504 0.275924 -0.0653164 
1.99008 0.851179 2.03256 -0.950723 0.781724 0.122697 -0.205796 -0.470651 0.419139 -0.0915372 0.0397692 -0.0228674 
1.85799 1.05953 1.9694 -0.159948 1.20634 1.39695 0.289965 -0.581309 0.529489 -0.133909 0.378408 -0.0341503 
1.72741 1.04346 2.01842 -1.66747 1.09258 -0.198052 0.0407505 0.03862 0.440483 -0.274957 -0.161739 0.0124238 
1.78727 0.699305 1.45754 -0.244498 0.843085 0.711009 0.036093 -0.459598 0.198291 -0.0766619 0.286071 -0.0263596 
1.75959 0.317349 1.57451 -0.428094 0.852569 0.127143 0.505544 -0.370416 0.520424 -0.0791821 0.092304 0.0550154 
1.92233 0.408284 1.51558 -0.175951 0.611315 0.856306 0.276184 -0.0268004 0.382556 -0.344915 0.083963 -0.0437354 
1.83044 0.277584 1.14473 -0.407405 0.201351 -0.198006 0.874437 -0.735438 0.304297 -0.380781 -0.113435 0.0187364 
1.68189 0.503742 1.28704 -0.152843 1.09348 0.00926523 0.275698 -0.376037 0.213187 -0.607925 -0.121453 0.0111575 
1.87933 0.301256 1.49059 -0.843367 0.836088 -0.311843 -0.139963 -0.308868 0.813685 -0.398495 0.169738 0.075544 
1.83803 0.567234 1.60295 -0.54596 1.06413 -0.223358 0.212815 -0.380256 0.573823 -0.0638192 0.0243755 0.0353522 
1.6494 0.460751 1.93206 0.502693 0.311723 -0.200153 -0.367897 -0.369419 -0.116984 -0.543562 -0.00389529 0.0637622 
1.71618 0.123975 1.58859 -0.912265 -0.0755336 0.996948 0.13258 -0.901051 0.593986 0.105658 -0.00602369 -0.00257718 
1.7153 0.427589 2.01998 -0.056625 1.27415 -0.440898 0.20981 -0.390986 0.664373 0.00845685 0.129331 0.000423355 
2.24074 0.842403 2.33609 -0.280409 1.36679 0.0493221 0.36538 0.0213158 0.196387 -0.249856 0.0928085 0.0131631 
1.84923 0.902371 1.92364 -0.274071 0.800193 0.18942 0.612095 -0.459742 -0.139525 -0.172514 0.200147 -0.0815807 
1.75344 0.449342 1.4554 -0.667362 1.01208 0.134279 0.677716 -0.834754 0.153158 -0.203577 -0.0596005 -0.000560911 
2.03942 0.315555 1.26931 0.691665 1.27304 -0.643188 0.337085 -0.28265 0.217291 -0.0110877 0.143 0.0462737 
1.63079 0.487355 2.21515 -0.415909 1.50786 0.0458813 0.686818 0.527734 0.229829 -0.480555 0.194171 0.0435652 
1.8593 0.430281 2.64001 -0.663762 1.25618 0.140641 -0.465462 0.428887 0.207862 -0.243558 0.115547 -0.0172592 
1.28392 0.559634 2.17961 -1.7716 1.41691 0.730543 0.0660835 0.612268 -0.0041589 -0.505766 0.331806 -0.015584 
1.51702 0.61115 2.48938 -0.914985 0.521104 0.332963 -0.592579 0.503504 0.473393 0.00532291 0.594611 -0.0490118 
1.92669 0.781877 2.67978 -0.274958 0.786844 -1.00109 -0.659847 -0.00979805 0.783571 -0.0212311 0.446218 0.064564 
1.76525 0.793649 1.65546 -0.203544 0.656827 -0.465784 0.0235261 -0.610808 0.0392404 -0.190837 0.341101 0.0114923 
1.60471 0.0722967 2.18022 -0.32294 1.2967 -0.493839 0.178901 0.418063 0.113708 0.16733 0.15009 0.0477169 
2.08678 0.45508 1.75403 0.146947 1.35602 0.137439 0.563092 -0.822572 0.0438641 -0.311206 0.132392 -0.0324815 
1.80954 0.79489 1.78751 0.500046 0.565672 0.245291 0.358176 -0.900729 0.555523 -0.413153 0.0589766 -0.0629496 
1.76089 0.718321 2.39064 -0.591423 1.16864 0.250004 0.314384 -0.416018 0.181678 -0.223419 -0.240597 -0.0777363 
1.92999 1.16232 1.93939 -0.0281371 1.07343 0.131341 0.178009 -0.292632 0.156174 -0.378025 0.0267595 -0.0489717 
1.89551 0.769756 1.87427 -0.499279 1.00551 0.759454 0.0800134 -0.465144 0.144784 -0.615656 -0.0190388 -0.14345 
2.92759 2.51445 3.14214 2.16719 2.60786 1.77159 1.22725 0.843846 0.673267 -0.176623 0.26492 0.0565398 
3.35966 2.66485 2.24316 2.01629 1.95076 1.84016 1.41787 0.776304 0.696004 0.695955 0.314073 0.0850155 
3.58526 1.74966 1.54511 2.30106 1.51166 0.818403 1.44568 1.1993 0.424285 0.668048 0.632982 0.109233 
3.77937 1.85929 1.11109 1.97954 1.84449 1.1635 1.27107 1.201 0.830832 0.768209 0.473715 0.089477 
3.74879 1.11995 1.14439 2.84226 1.86563 0.495551 1.38616 1.53827 0.505542 0.518998 0.770421 0.162773 
5.34289 0.632292 1.10421 3.67875 2.05439 -0.0587064 1.53186 1.73981 0.260855 0.490273 0.754627 0.215986 
4.69659 2.00661 1.47573 3.01086 2.02424 0.51154 1.32352 1.27342 0.187975 0.209149 0.62101 0.225704 
4.80418 2.07852 1.5679 3.19163 2.16081 0.505545 1.00987 1.06674 0.252575 0.332833 0.55815 0.196954 
3.48889 1.85791 2.84568 3.42566 1.36644 -0.323524 0.591824 1.08801 0.319223 0.289923 0.475062 0.115628 
3.88505 1.56182 2.40761 3.69353 0.744658 -1.51925 -0.537398 0.235194 -0.0309 0.0760178 0.320455 0.101835 
4.9694 0.69422 1.41796 4.21415 1.05296 -2.84776 -0.467896 -0.426988 -0.0825426 -0.105551 0.379341 0.120905 
4.2987 0.940968 1.666 2.79937 1.39465 -2.99616 -0.681079 -0.508695 -0.507501 -0.129052 0.261666 0.135403 
6.53126 -0.680708 1.4814 2.88363 2.36432 -3.83808 0.966227 -0.679213 -1.03 0.0669508 0.151233 0.310458 
5.34244 0.652535 0.815864 3.1656 1.49207 -1.56496 -0.650127 -0.29914 -0.776813 -0.201572 0.50571 0.207928 
5.59772 0.691986 0.588784 2.66689 2.72685 -2.64299 -0.522353 -0.541755 -0.964837 0.0479923 0.41406 0.225343 
4.5401 1.13345 0.442615 2.65654 2.39272 -1.94154 -0.555213 -0.63257 -0.856675 -0.0369485 0.548336 0.231138 
4.61229 0.783413 0.33513 2.79104 2.39777 -1.40852 -0.644827 -0.573216 -0.744044 0.0542646 0.560474 0.185235 
5.21663 1.03059 -0.0348039 2.65383 2.88324 -1.76831 -0.141569 -0.714192 -0.661051 -0.0838281 0.356227 0.201324 
4.70344 1.26411 0.464309 2.59475 2.36441 -0.799282 -0.693823 -0.995592 -0.806485 -0.22226 0.405408 0.128405 
4.19212 1.07947 0.491111 2.42012 2.16485 -0.367949 -0.461095 -0.526823 -0.878531 -0.182 0.476688 0.116572 
5.03742 1.44473 -0.511061 2.43987 3.21742 -0.255319 -0.36609 -0.825793 -0.454648 0.0380079 0.26952 0.102425 
5.31883 0.949757 0.141527 2.95194 2.84241 -0.602967 -0.24023 -0.582143 -0.57058 0.150298 0.508359 0.152903 
5.7962 1.12638 -0.552685 2.36865 3.85742 -1.51533 0.747803 -0.487641 -0.231017 0.222109 0.379054 0.26572 
4.87452 1.19159 0.0272562 2.85812 3.19286 0.554973 0.236655 -0.168138 -0.384115 -0.0482583 0.41662 0.158861 
5.33696 0.949795 -0.600075 2.65712 3.91161 0.301723 0.341596 0.225367 -0.112586 -0.10046 0.185584 0.178301 
5.96071 0.250158 -1.19814 3.58053 2.34202 -0.0874251 2.04849 0.663799 0.32377 -0.501487 0.30281 0.128977 
5.82634 0.708426 -1.58381 2.85334 3.27985 0.0798568 2.32512 0.235697 1.1264 -0.524635 0.0652037 0.091069 
6.05618 -0.396473 -1.41057 2.57133 3.08735 0.3734 2.50208 1.40829 0.542937 -0.29284 0.0536441 0.108887 
6.08426 0.213077 -3.22624 2.61729 4.11471 0.369345 2.62782 1.08119 1.29481 -0.543622 -0.0757904 0.0961155 
4.10853 0.0168603 -1.17794 1.4246 3.1329 1.23871 1.69576 1.80278 1.08187 -0.368578 -0.22574 0.0302307 
3.54061 0.235429 -1.01817 1.05988 2.58614 2.42589 1.82718 1.20057 0.229806 -0.288303 -0.0370217 0.027415 
4.58087 -0.22596 -1.69506 1.17374 3.08709 2.38583 1.8228 1.34652 0.168244 -0.187437 -0.0655826 0.0428098 
4.88397 -0.317606 -1.84331 0.799181 3.09892 2.98404 2.18215 1.15983 0.12289 -0.0974378 0.0512561 0.0799872 
3.76955 0.202411 -1.22394 0.923761 3.22898 3.51219 2.54195 1.31578 0.146751 -0.211474 0.13027 0.113539 
6.10359 -0.430258 -2.56619 1.70457 4.57267 3.02415 2.01398 2.13113 -0.0583966 -0.284284 -0.0462117 0.187114 
4.36521 0.506563 -1.2519 1.2382 3.56896 3.17996 2.2196 1.41539 0.111092 -0.301714 0.131167 0.169487 
4.71791 0.40366 -1.48381 1.67311 3.85167 2.66021 2.0727 1.86896 0.338205 -0.261374 -0.0708899 0.147269 
5.38147 0.151895 -2.15597 2.09287 4.57769 2.51817 1.80816 1.8523 0.0802469 -0.107941 -0.00415094 0.207194 
4.38577 0.21547 -1.09285 2.34325 4.07537 2.41521 1.84485 2.03098 0.544785 -0.304405 -0.116701 0.166018 
3.58788 0.966662 -0.0453931 2.06635 3.70327 2.87874 1.88848 1.39571 0.255051 -0.384067 0.165287 0.179793 
3.18931 1.02959 0.26682 1.96456 3.4899 3.09608 2.01724 1.07053 0.0560379 -0.293016 0.276503 0.181719 
3.87847 0.967536 -0.117614 2.37448 3.92443 2.75352 1.70608 1.46654 0.204052 -0.519867 0.296544 0.243406 
3.29631 1.00277 0.371322 2.4117 3.54603 2.37126 1.63429 1.4983 0.365311 -0.56095 0.2144 0.185477 
3.21024 1.16322 1.25142 3.11836 2.58199 0.978048 1.59642 1.93316 0.182268 -0.431785 0.459257 0.180732 
2.99561 2.28845 2.00568 2.24145 2.2311 1.94661 1.5008 1.10017 0.647595 0.398932 0.386779 0.0794798 
2.91374 2.4959 2.33058 2.19942 2.05262 1.67541 1.44832 1.21921 0.876099 0.508059 0.278957 0.0745341 
3.18986 3.0325 2.95554 2.88393 2.63912 2.30819 1.92809 1.32169 0.938875 0.48499 0.206103 0.0947943 
2.98925 2.54742 2.78329 2.3042 2.04439 2.07778 1.4613 1.18725 0.946184 0.448682 0.304218 0.0856362 
2.92328 2.68736 2.68769 2.10149 2.28759 1.97142 1.24797 1.43508 0.904296 0.379075 0.391965 0.0835101 
2.81347 2.37928 2.20592 2.0524 1.86723 1.68169 1.41581 1.18619 0.905867 0.626355 0.356934 0.07348 
2.70294 2.2347 2.04969 1.86823 1.70129 1.49922 1.27781 1.07838 0.822039 0.579886 0.353753 0.0556066 
