1.36745 0.510856 1.01514 -0.848311 0.555239 -0.281097 0.745472 -0.387391 0.110995 -0.0593945 0.148956 0.0975161 
1.4166 0.526853 1.50475 -0.882395 0.661617 -0.380751 0.66451 -0.234503 -0.0210003 0.127246 0.211848 0.059828 
1.57682 0.554656 1.97899 -0.636439 0.800772 -0.2566 1.19033 0.437247 0.300448 -0.281155 0.192992 0.0846764 
1.25597 0.307472 1.79516 -0.372933 1.19042 0.133009 0.583772 -0.160045 0.382918 -0.370365 0.227151 0.0324716 
1.36033 -0.0615473 2.38868 -0.780554 1.32175 0.592845 0.369544 0.200354 0.471363 -0.367341 0.468354 0.0718189 
1.1111 0.307939 2.10965 -1.49799 1.01557 0.169666 -0.942636 -0.197382 0.569624 -0.629 0.373212 -0.0266558 
1.21985 0.346758 2.19222 -0.331783 1.00305 0.398866 0.225438 0.108474 0.598775 -0.371606 0.333541 0.0398564 
1.42053 0.120255 1.55145 -0.69518 1.25195 -0.0381719 0.454048 -0.315845 1.07125 0.0385244 0.246332 0.0188842 
1.35943 0.181457 1.54661 -0.491943 1.2629 -0.223125 0.501252 0.0308275 0.546053 -0.112084 -0.136507 0.0173649 
1.28624 0.716442 1.27212 -1.15055 1.42754 -0.158404 0.649131 -0.392859 0.328302 0.0476513 0.193815 0.0343515 
1.23749 0.342138 1.63687 -0.711204 1.01555 -0.828433 0.369825 -0.360556 0.572532 0.0630286 0.0894143 0.0289219 
1.23041 0.561273 0.808793 0.0600048 1.30663 -0.386636 0.852834 -0.379142 0.116072 -0.144837 0.347285 0.0399472 
1.34204 0.76686 1.75414 -0.92112 1.75258 0.06903 -0.0251347 0.287301 0.562771 0.310371 0.175312 -0.0100599 
1.14992 0.367172 1.93447 -0.408566 0.478576 -1.04944 -0.471185 -0.177405 0.241728 -0.208903 0.200074 0.00973067 
1.24203 0.566979 1.95279 -0.397912 0.851612 -0.280658 -0.468913 0.403267 0.713109 -0.475893 0.307761 0.0114766 
1.39404 0.421989 1.87774 -0.00178693 1.17813 -0.368184 -0.14921 -0.603457 0.209402 -0.508999 0.200291 0.00917247 
1.46351 0.380587 1.61562 -0.518732 0.92118 -0.135994 -0.337094 0.0665054 0.830782 -0.417985 0.388037 -0.00897884 
1.38843 0.217259 1.54314 -0.567488 0.787575 0.115216 0.925374 0.491858 0.399604 -0.245384 0.241164 0.0104708 
1.51113 1.22913 2.15679 0.116868 0.893603 -0.321499 -0.302057 0.1229 0.139641 0.211931 0.325095 0.01312 
2.16281 1.3749 2.01916 1.75643 1.07412 0.575462 1.49714 1.09101 0.111003 0.0643924 0.407229 0.0273951 
2.62846 2.24908 2.17141 1.97955 1.70404 1.48551 1.07413 0.983919 0.907612 0.707239 0.399112 0.0750423 
3.5487 2.1963 2.32824 2.51999 1.12696 1.16563 2.62569 1.67401 -0.086792 0.245026 0.579169 0.0953987 
3.52301 1.99656 1.8384 2.31592 1.32666 1.17293 2.55839 1.73982 -0.125949 0.0875585 0.622656 0.123427 
3.56862 1.72056 1.90331 2.39743 1.21202 1.20023 2.61991 1.71145 -0.193352 0.223897 0.768966 0.142247 
4.25277 1.80042 1.54762 3.05415 1.3496 0.304838 2.54459 1.86691 -0.243495 0.229059 0.659988 0.184374 
2.98139 1.96474 2.19223 2.44432 1.14028 0.582521 1.38532 1.20846 0.199374 0.290643 0.654371 0.0837022 
3.65991 1.54406 1.7537 2.90229 1.87627 -0.069288 -0.0473512 -0.618208 -0.0980338 0.807303 0.455224 0.0225556 
4.81738 1.46832 1.37371 2.46246 1.47083 -0.372718 -0.0796833 -2.50178 0.350129 1.01064 0.421578 -0.0113239 
4.95198 1.69159 0.795033 1.75426 1.51942 -1.40066 0.134495 -2.57457 0.645552 0.659392 0.404848 0.0666208 
5.17227 1.48132 0.471132 1.57268 0.437489 -0.743146 0.176824 -3.75452 0.147437 0.293176 0.525751 0.0374871 
4.61709 2.58633 0.233038 1.46683 1.78916 -2.26221 -0.21785 -3.17616 0.168908 0.233706 0.320477 0.0568417 
4.48712 2.36765 0.247486 1.7149 1.62223 -2.11549 -0.0175258 -2.3803 0.0888975 0.250363 0.341988 0.0795082 
4.91295 2.41904 0.218071 1.61717 1.96848 -2.11885 0.240646 -2.34378 0.035442 0.108909 0.353061 0.131856 
5.0582 2.00247 0.52314 1.86106 2.17257 -1.72118 -0.724395 -1.87871 0.191046 0.136167 0.232425 0.0845763 
4.71176 2.04998 0.600065 2.13505 1.91931 -1.34742 -0.270454 -1.80576 0.126178 0.109256 0.519601 0.133808 
5.65928 2.42335 0.226051 2.97368 2.60985 -2.83312 0.279115 -1.49124 -0.696879 0.388826 0.465081 0.220864 
4.32529 2.20283 0.709833 2.27407 2.07285 -0.32581 -0.738614 -0.939235 0.194164 0.385804 0.610207 0.130621 
4.74844 2.08922 0.733509 1.82984 2.85783 -1.2847 -0.532924 -1.57919 -0.0748438 0.525233 0.497358 0.155462 
5.15088 2.57934 -0.703375 2.42695 4.0834 -1.45809 -0.221178 -2.31191 0.911463 0.395874 0.575778 0.154737 
5.07922 2.89422 -1.2813 2.23601 3.99985 -1.53324 0.0227902 -2.22563 0.736869 0.259208 0.387842 0.128217 
4.70621 2.60607 -0.408971 1.5467 3.76708 -0.486128 0.417407 -1.98711 0.453712 -0.138285 0.354622 0.0918787 
4.61951 2.04764 -0.158685 0.326098 3.4811 -0.17551 0.617213 -1.44244 0.706245 0.138073 0.347613 0.129008 
3.9421 2.42731 -0.279001 0.239487 2.45269 0.757304 1.4918 -1.21658 0.0240635 -0.121605 0.0769916 0.0376039 
4.12406 2.25536 -0.444317 -0.295398 2.34337 1.01164 1.82524 0.0115184 0.787974 -0.0913353 -0.0642959 -0.0380916 
4.85258 2.2432 -1.74566 0.224838 3.63494 1.37772 2.17463 -0.374601 0.389642 -0.130282 -0.054117 0.00713726 
5.74686 2.6065 -3.21414 0.732499 4.80156 1.19731 3.22323 -0.426673 0.409083 -0.212301 -0.263722 0.0939112 
4.99619 1.57715 -2.69548 0.740689 5.08669 1.74302 3.12866 -0.912575 0.895859 -0.125534 0.0276663 0.0471158 
4.57717 1.10863 -2.04588 0.102226 5.90018 2.27286 2.33919 -0.732401 -0.0731314 0.421592 0.030175 0.098206 
3.56347 0.356268 -1.28083 0.492514 3.98341 3.76207 1.9826 -0.24493 -0.6968 0.178412 -0.00272244 0.0580406 
3.12625 0.526757 -0.697221 1.00883 3.55024 3.56766 2.05666 0.186674 -0.246891 0.0978842 -0.00245822 0.084816 
5.10164 0.676602 -2.16131 0.872469 4.85344 4.40028 1.80609 0.173491 -0.309728 0.199899 0.22946 0.0961121 
4.90615 1.25343 -1.40437 0.3939 4.40403 5.31768 2.57253 -0.0909841 -0.84411 0.0972027 0.253736 0.15557 
5.29478 0.714555 -1.98801 0.272302 4.50617 5.04144 2.10949 0.216954 -0.718629 0.0546109 0.272228 0.125557 
4.43878 0.773086 -1.60609 0.584181 4.35092 4.70484 2.08897 -0.000695527 -0.435129 0.155134 0.283564 0.128329 
3.20854 1.76634 0.774058 1.3923 2.67154 2.78022 1.50339 0.322777 0.0968171 0.281077 0.186396 0.0627195 
3.19626 2.46335 1.58638 1.32066 1.86086 2.3458 1.93977 0.859802 0.0679811 0.0498327 0.229919 0.0605393 
3.50687 2.91296 2.44699 2.27591 2.82675 3.14097 2.38861 1.22208 0.179137 0.13146 0.247364 0.098878 
3.11605 2.83039 2.73786 2.56981 2.53624 2.29585 1.79722 1.16436 0.624469 0.30369 0.144348 0.0655121 
2.91285 2.56082 2.43182 2.26545 2.10623 1.78968 1.46129 0.997214 0.801819 0.432298 0.205706 0.0653599 
2.78108 2.33894 2.04082 1.96138 1.74722 1.59132 1.35104 1.0002 0.759021 0.482238 0.277205 0.0536559 
2.58122 2.19442 2.05892 1.66237 1.60967 1.34052 0.941904 1.02296 0.665445 0.379155 0.281656 0.0337594 
2.99443 0.509253 2.28445 0.156224 2.21014 3.43757 1.98474 2.31391 0.0959157 -0.514012 0.900048 0.136891 
5.3169 -0.269339 0.261134 -1.44746 -0.267081 3.33845 2.04803 1.07799 -1.74941 -0.0908737 0.474285 0.0530908 
3.19424 1.03746 1.67869 -0.0261305 1.19722 3.33132 3.63565 1.29827 -0.285813 0.0923753 0.619513 0.116211 
1.12587 2.65265 3.25095 0.693878 2.31944 0.627833 1.12551 1.50592 0.752317 0.965047 0.632215 -0.040256 
-4.10217 5.69223 2.22709 -0.283397 3.16241 0.0187528 2.37388 1.33746 0.355365 0.311865 0.342088 -0.0958917 
-2.65391 4.65763 0.464124 -0.453539 2.13304 -1.14884 1.34778 0.831951 0.0556541 0.312561 0.224898 -0.0307596 
-1.74196 4.04896 0.778602 0.365245 2.21433 -0.473951 1.50624 1.34399 0.914367 0.108268 0.19899 -0.0826603 
-0.189587 3.13653 1.03217 2.10741 0.519997 0.72755 0.484901 0.852799 1.26169 -0.353366 0.175831 0.0250171 
0.52361 1.98401 1.07724 0.822798 1.5356 0.461866 1.10249 0.164248 1.414 -0.199939 0.364475 -0.0355074 
0.929312 1.12832 1.98355 0.601234 0.761733 -0.0965521 0.0994449 0.298688 0.905066 -0.380667 0.358208 0.0149235 
0.984232 0.451323 2.51187 0.336045 0.576593 0.832499 -0.295123 0.939359 0.675287 -0.459368 0.438525 -0.0220906 
1.08157 0.643884 1.92278 0.598172 0.329915 0.669735 -0.261699 0.608366 0.652981 -0.271057 0.344455 0.0370081 
1.20438 0.869693 2.33911 0.8318 0.757525 0.0292091 0.624978 0.622222 0.836308 0.0447562 0.246268 0.00406586 
1.23681 0.664121 1.58897 0.170033 0.416799 -0.224226 0.289968 0.0929742 0.331073 0.363186 0.124401 0.0288964 
1.17673 0.684106 0.831736 0.168301 0.54581 -0.0366593 0.360493 -0.786904 0.289439 0.0946693 0.0966882 0.0440775 
0.957626 0.189207 1.71915 0.114431 0.259018 -0.258965 0.764357 0.531584 0.0994019 0.317281 0.0702386 -0.00264872 
1.05067 0.403727 1.13616 0.18157 0.871129 -0.208694 0.075119 0.477932 0.507309 -0.188102 0.0759829 0.0446457 
0.987578 0.0375646 1.55382 0.380771 0.73093 0.19699 0.207364 0.252749 -0.299783 -0.059268 0.381782 0.0126212 
0.849253 0.418824 1.97236 -0.616062 1.23151 0.634378 -0.238773 -0.204844 0.24443 -0.315347 0.629277 0.0260809 
0.611832 -0.115473 2.00602 -0.999921 1.20566 0.639812 -0.743653 0.308415 0.736724 -0.268063 0.742307 0.0538739 
0.972275 -0.487851 1.55489 -1.30299 1.29887 1.52046 -0.94445 -0.572864 0.192256 -0.285474 0.557522 0.0339343 
0.900601 -0.417304 1.45815 -1.58943 1.61276 1.44268 -1.12266 -0.150101 -0.0636884 -0.351879 0.606873 0.0439829 
1.12828 -0.20837 1.12865 -1.7772 1.48114 0.842873 -0.512743 -1.03717 -0.33578 -0.519041 0.720744 0.0490487 
0.880779 0.187024 2.2199 -0.202476 0.932659 0.239085 -1.10036 0.583791 0.606973 -0.501362 0.362795 -0.03416 
