1.27976 0.336258 0.915879 -0.239999 1.3941 0.124955 0.705457 -0.283604 0.161289 -0.411103 0.166018 0.0563911 
2.89297 -1.00215 1.47601 0.580269 0.365814 1.07165 1.3162 -0.240838 -0.744946 0.337944 -0.215629 -0.0364954 
2.90778 -2.38084 0.19413 1.60536 -1.37122 4.51415 2.63077 -0.575907 -0.580741 0.247028 -0.095979 -0.0256762 
2.48588 -2.40257 -0.03386 2.11188 -1.19524 3.36245 2.68496 -1.49942 -0.287099 0.273863 0.0374672 -0.159547 
3.55169 -3.54122 0.759966 0.836754 0.597893 2.62949 2.48155 -0.309881 -0.889322 0.305933 0.447415 -0.00254568 
2.5938 -3.29459 0.0948246 -0.379215 0.454555 1.39353 1.78619 -0.429875 -0.87643 0.571767 0.183687 -0.236937 
1.83306 0.710717 3.33059 -0.979881 1.28944 0.48091 -1.04682 -0.720865 1.24097 -0.115025 0.284224 0.0447113 
1.78024 0.837298 2.2404 0.0496911 1.2171 -0.0114938 -0.439918 -0.0775633 0.660133 -0.546002 -0.0769442 -0.14036 
1.96011 1.06127 2.58529 0.435891 2.47408 -0.0735493 0.0717711 0.313851 0.666121 -0.226457 -0.115288 -0.0790229 
2.26791 1.96133 2.9506 0.675502 1.79469 -1.01453 -0.208934 0.416513 1.29822 -0.448 -0.183735 -0.000513171 
1.91281 1.1371 2.33382 -0.25219 2.01417 -0.817879 -0.663296 0.742589 0.70761 -0.371947 -0.0853199 -0.0445374 
1.43165 0.54415 1.76628 -0.816622 1.26538 -1.07905 -0.0232475 -0.539434 0.252689 -0.015227 -0.0475839 0.0251735 
1.61407 0.549087 2.40086 -0.714588 1.3127 -0.887649 -0.758139 0.076014 0.678617 -0.442421 0.00539391 0.0284122 
1.28248 0.473503 1.79865 -1.22678 0.479605 -0.61795 -0.116911 -0.467335 0.774766 -0.401177 0.172209 0.0442066 
1.32069 0.432822 1.78198 -0.269159 0.943365 -0.750406 -0.687692 0.0875653 0.64116 -0.538499 0.279611 -0.0159415 
1.38347 0.562041 1.94747 -0.288966 1.21643 0.529869 -0.266938 -0.23649 1.10095 -0.234818 0.280979 -0.0363251 
1.44607 0.741556 1.3503 -0.764411 0.26253 0.0255661 -0.122698 -0.0910257 0.594997 -0.559019 0.284605 -0.016548 
1.24709 0.490366 1.78301 -0.00764863 1.21828 -0.716346 -0.0320908 -0.381493 0.609478 -0.559063 0.0315514 0.0529578 
1.58428 0.521269 1.87725 -0.167977 -0.246029 -0.127313 -0.151536 -0.0253629 0.376435 -0.00422729 0.255275 -0.0645273 
1.56223 0.444667 1.52561 -0.748186 1.1388 -1.21464 0.321981 0.0686157 -0.025954 -0.368966 0.087137 0.0296398 
1.25309 0.516458 1.70872 0.339074 1.09561 -1.08331 -0.0411894 -0.0509115 0.175237 -0.245305 0.231129 0.0740377 
1.33954 0.429559 1.62753 0.21409 0.364964 -0.74054 0.795567 -0.938358 0.417866 -0.0585471 0.0754115 0.00513307 
1.26333 0.523495 1.59801 -0.428693 0.981981 0.475495 -0.142807 -0.226112 0.846897 -0.296686 0.00936776 0.121444 
1.30509 0.382089 2.05515 -0.550965 0.878284 0.443499 -0.294882 -0.532062 0.292614 -0.329024 0.312569 -0.0529183 
1.38768 0.140611 1.93145 -0.94943 0.910209 0.0960129 0.269433 0.302401 0.733097 -0.46598 0.120993 0.0409067 
1.55814 0.126065 1.0749 -0.148025 -0.0175595 0.256835 0.698719 -0.115923 0.574236 -0.830986 -0.112067 0.0350436 
1.50769 -0.190249 0.441112 -1.70387 0.0589767 -0.308551 0.766683 0.298728 0.289634 -0.884485 -0.206618 0.0328032 
1.05357 0.0264264 0.632205 -1.19347 0.731589 -0.581116 0.19918 -0.153786 -0.134819 -0.830185 -0.185009 0.0016892 
1.27421 0.190054 1.36754 -0.842754 1.23105 -0.00567942 0.919355 -0.231813 0.324384 0.0889416 0.312277 -0.00562508 
1.49563 -0.0349688 1.82953 -0.364629 1.06693 -0.124734 0.369338 -0.938373 0.477706 -0.159931 -0.12677 0.120364 
1.26051 0.479132 1.36988 -0.080776 0.383272 -0.664132 -0.282492 -0.612187 0.140919 -0.388055 0.10945 0.0432761 
1.44756 0.29892 1.7741 -0.947183 1.32418 -0.290866 0.832634 -0.100798 0.390608 -0.120461 0.125346 -0.0402494 
1.15444 0.139237 2.39967 -0.56982 1.18002 0.201368 -0.317201 -0.739163 0.190937 -0.0484876 0.402461 -0.0402982 
1.02253 -0.283324 2.29329 -1.35431 0.807257 0.792513 -0.258862 0.343316 0.196617 -0.558477 0.462288 -0.060396 
1.06532 0.341361 2.33079 -0.741951 0.354105 0.523317 -0.338729 0.376551 0.648627 -0.53438 0.541411 -0.0502675 
1.34892 0.0366373 1.68996 0.133836 1.69317 -0.0879209 0.366184 0.129953 0.494312 -0.170128 0.163522 0.0681463 
1.72084 0.861961 2.88584 0.761026 1.56939 0.73625 1.1201 0.997078 0.816231 -0.143812 0.513218 0.0642577 
2.51421 1.50456 2.41223 1.9595 0.00232837 0.42497 1.77434 0.471798 -0.743631 0.270963 0.66089 -0.0546974 
3.24752 1.6292 2.32825 2.88863 1.23046 1.47659 2.96177 1.2745 -0.711515 0.303565 0.650229 0.0624597 
3.0586 2.04276 2.05888 2.26535 1.59077 1.4773 1.95621 1.14958 0.217944 0.359618 0.42509 0.0673117 
3.12939 1.89026 1.69522 2.12135 1.44936 1.65606 2.06958 1.02733 -0.199918 0.260503 0.506699 0.0726391 
3.42331 1.73174 1.71379 2.23624 1.36075 1.38907 2.23089 1.0576 -0.341361 0.365154 0.699339 0.0980378 
3.26681 2.01579 1.61311 2.08119 1.62063 1.01369 1.31888 0.930795 -0.0516172 0.122704 0.609053 0.0873369 
3.16344 2.13211 1.62469 1.70039 1.46369 1.23947 1.16505 0.809279 0.25039 0.288409 0.579083 0.0758002 
4.53395 1.23937 1.71205 3.16576 1.20727 -0.753471 0.00145237 -1.34498 -0.258585 1.00744 0.632933 0.0177139 
6.16602 0.731289 0.230106 2.5326 2.47658 -1.54664 0.211676 -3.09135 0.554496 0.712608 0.434801 0.0773493 
5.52597 2.06221 -0.0578609 1.98962 1.92766 -1.75154 -0.386024 -2.91819 0.272931 0.266203 0.506162 0.0699987 
4.35454 2.22666 0.956109 1.39614 0.742233 -1.66081 -1.15054 -2.66019 0.104857 0.323355 0.209556 0.0172057 
4.13454 2.61121 0.653725 1.09808 1.11659 -2.71711 -0.681943 -2.55729 0.27569 -0.252652 0.174322 0.0633786 
3.85786 2.65521 1.20722 1.65282 1.14753 -2.22873 -0.663354 -2.18876 -0.301801 -0.0454597 0.229897 0.0478793 
3.37698 2.54996 1.77449 1.16265 0.487479 -1.55839 -0.923273 -0.816409 -0.0922554 -0.051634 0.334593 0.0953281 
3.333 2.43299 1.30791 1.463 0.641866 -1.03515 -0.969119 -1.09271 0.0699651 0.181339 0.47107 0.0922335 
4.44367 3.47794 0.452546 1.25213 3.42547 -1.6464 0.428817 -2.36783 0.354002 0.636669 0.423057 0.210748 
4.52166 2.56568 0.746343 2.10625 2.98223 -1.54065 0.334578 -1.97173 0.303552 0.236011 0.518414 0.174401 
4.21153 2.84027 1.15519 1.09378 2.91683 -0.325211 -0.188032 -1.77316 0.32188 0.711375 0.583791 0.139919 
4.41265 2.8812 0.630217 1.55738 3.00694 -0.447127 0.120318 -1.80196 0.524933 0.443718 0.682566 0.154259 
4.36122 3.18297 0.376201 1.79438 3.32116 -0.32974 0.226823 -1.46599 0.514978 0.332798 0.475192 0.0945296 
3.75295 2.74918 0.815572 1.80042 2.90417 0.700882 0.895398 -1.50726 0.39891 0.179099 0.552291 0.0732558 
3.26169 2.61439 0.961743 1.03325 2.66844 0.705607 1.64852 -0.881115 0.455493 0.297401 0.212348 0.0725203 
3.76663 2.39936 0.242949 1.1001 2.1148 1.42653 1.43827 -0.0280192 0.678539 0.233901 0.293755 0.0435771 
4.024 1.76445 0.50157 0.611858 2.84501 2.25142 1.76794 0.299952 0.1409 0.296771 0.329864 0.108848 
4.25999 2.34595 -0.801733 0.605051 3.33189 1.98153 3.15959 0.614983 0.398103 0.203683 0.10121 0.114114 
4.37595 1.97986 -1.26006 0.810323 4.52671 2.28293 3.3203 -0.53334 1.15613 -0.0898389 0.238292 0.0976493 
4.19218 1.40536 -1.101 1.3126 4.49391 3.32074 2.68104 0.0259505 0.442907 0.201198 0.135109 0.0887313 
4.8433 1.18277 -1.44012 0.297762 5.13973 3.136 2.73316 0.232057 0.287954 0.403647 0.0472219 0.0651238 
3.63357 0.966559 -0.442815 1.13158 3.4302 3.77081 2.13748 0.581143 0.058297 0.1283 0.0729644 0.0986959 
3.64212 1.13433 -0.642524 0.796517 3.56388 4.02706 1.87003 -0.0333051 -0.310552 0.114188 0.20372 0.131128 
3.58156 1.31434 -0.203236 0.974159 2.97112 3.3013 1.84038 0.196424 -0.309825 -0.0445375 0.193744 0.119928 
6.61128 -0.791317 -1.89423 1.25553 4.90887 3.87726 1.57614 0.733506 -0.363055 -0.013115 0.218015 0.102803 
5.44231 -0.286033 -2.50556 2.20152 5.50793 3.56967 1.57137 0.321124 -0.740503 0.144266 0.186154 0.131315 
4.96501 -0.302475 -2.37769 1.66647 4.91915 3.77495 1.74826 0.41253 -0.781193 0.0912707 0.172078 0.123013 
6.80788 -2.18611 -2.31036 1.04841 5.65808 4.06909 1.0675 0.481574 -0.15742 -0.0582123 0.144588 0.0833334 
4.49421 -0.982496 -2.65758 1.35405 4.82772 3.86959 1.43593 0.2641 -0.170092 -0.0199477 0.128034 0.0802411 
4.0938 -0.742252 -2.31832 0.693806 4.23797 4.12929 1.69433 0.106611 -0.426875 -0.0516502 0.214006 0.0907353 
2.80438 -0.380693 -1.19188 1.30288 3.80958 3.85583 2.11107 0.500834 -0.126451 0.0233039 0.237482 0.0986962 
6.11084 -0.531427 -2.44067 1.0683 5.02771 2.7149 1.60646 1.81599 0.167573 -0.0573007 -0.0838199 0.102918 
4.32832 0.323657 -0.530718 2.78504 5.00752 3.22978 1.04371 0.594631 0.453045 0.242243 -0.020956 0.0645732 
3.68919 1.73854 1.50314 3.1329 3.3269 1.74486 1.25634 1.71127 1.53489 0.383588 -0.446009 -0.0147262 
3.02978 2.28829 2.05127 2.10797 2.04218 1.58338 1.29578 1.19736 0.863435 0.352958 -0.0645716 0.030464 
2.83559 2.22391 2.0179 2.20959 1.96816 1.41495 0.908977 0.881124 0.803934 0.423335 0.144565 0.0390436 
3.22006 2.53146 2.28061 2.5267 2.55557 1.54169 0.865321 1.11271 1.2085 0.481718 -0.0841959 0.0314638 
3.74126 3.36594 3.8026 2.70235 3.76024 2.72843 1.93677 1.13843 1.08076 0.281163 0.228703 0.0810107 
2.86859 2.80132 3.88974 2.04424 3.17816 2.71858 0.913261 2.008 0.817411 -0.41855 0.478755 0.0406104 
2.53515 1.8586 2.22164 -0.484324 1.39164 2.66852 0.224726 1.95084 1.21804 -0.140005 0.601212 -0.0211129 
4.37825 1.14823 -0.340838 -3.07885 1.16121 3.4712 -0.451317 -0.178428 0.416439 -0.173839 0.773107 0.282015 
