-2.02782 -2.41422 -2.02794 -2.08534 2.61641 3.00536 2.71519 -3.57848 0.111669 0.269416 -0.0857966 0.177134 
-1.3739 -1.69338 -1.87914 -1.41844 1.46341 1.88746 2.30313 -2.3369 -0.519761 0.59871 -0.306656 0.0618062 
0.570739 -0.78767 -0.487206 -0.841093 3.64171 0.764081 0.932429 -2.86712 0.0346999 0.521621 -0.384701 0.116673 
1.93314 -0.663828 0.84122 0.27032 1.82737 -0.59988 -0.482668 -0.132952 0.46581 0.227487 0.188907 -0.156007 
1.83129 0.609832 1.68315 -0.958668 0.0425239 -0.0846735 0.226053 0.932488 -0.0680748 -0.56353 0.375695 0.01611 
1.75227 0.360857 2.46838 -0.937651 0.49851 -0.858951 -0.356738 0.591336 0.592639 -0.153116 0.289043 0.0178907 
1.8408 0.00443398 2.46066 -1.23119 0.248443 -0.337824 -0.492605 0.73505 -0.0849913 -0.74398 0.0850622 -0.0343829 
1.81114 0.391062 1.478 -0.817321 0.322593 -0.436274 -0.312344 0.72643 -0.0934455 -0.565205 0.278383 -0.00520146 
1.71663 0.559041 1.68575 -0.472002 1.28796 0.0517529 -0.663181 0.831978 0.0817179 -0.299345 0.156477 -0.0187993 
1.62446 0.886805 1.94899 0.169846 2.11992 0.0961637 0.471372 1.22319 0.497084 0.162129 0.106431 -0.0348199 
1.78004 0.810739 2.50143 -0.235125 0.661479 -0.217033 0.708298 0.540076 0.401716 -0.0421584 0.289415 0.00334994 
1.2969 0.475602 1.70417 0.00340745 0.777835 0.215569 0.536436 0.0691808 0.388439 0.151184 0.327773 -0.0806435 
1.8669 0.729327 1.63904 -0.273962 0.997674 -0.430807 1.16871 0.976488 0.270635 -0.284593 0.0277751 0.00318456 
1.50192 0.552135 1.67123 0.0815396 0.779831 -0.339076 0.0264566 0.197306 -0.122445 -0.125453 0.52576 0.0264759 
1.76184 0.871228 2.15731 -0.504104 0.284892 0.456719 0.436867 0.352292 0.409612 -0.61614 0.358529 0.0291376 
1.63721 0.596534 1.9645 -1.0967 1.51062 -0.0925782 -0.13826 0.118354 0.563069 -0.790176 0.481609 0.060857 
1.29495 0.619841 2.19745 -0.626839 1.34051 0.34994 -0.270345 0.81704 0.641446 -0.39042 0.39681 0.0697801 
1.39346 0.656103 1.46224 -0.173281 0.953024 0.180306 0.929524 0.488759 0.653182 -0.229683 0.549452 0.010745 
1.54798 0.249824 1.27475 -0.192058 1.5427 -0.491621 0.215949 0.175673 0.403137 0.174713 0.00677423 0.0318576 
1.57614 0.656983 1.71989 0.146969 0.865251 -0.237254 0.996362 -0.0592127 0.157908 0.0984114 0.264799 0.00679221 
1.55876 0.36384 2.05068 -0.124494 0.834834 -0.301709 1.51788 -0.287799 0.219517 0.41085 0.16351 0.0459213 
1.67785 0.643469 2.55685 0.0752335 0.903049 -0.334836 0.58641 -0.68623 0.730016 -0.12683 0.366931 0.128691 
1.6279 0.337994 1.59769 -0.775044 1.39191 0.255264 0.199426 0.0429229 0.275181 0.43159 0.0447921 0.0644354 
1.55889 0.643029 1.9137 -0.0435201 1.75575 0.228206 0.409381 -0.0280359 0.386831 -0.134541 0.373929 0.0603522 
1.83222 1.09426 1.85197 -0.687833 1.51564 0.996295 0.371731 0.0605037 0.65669 -0.834023 0.224549 0.0617935 
1.46453 0.137529 1.70106 -0.543228 0.840651 -0.351663 0.371843 0.599218 -0.00314067 -0.608761 0.0952108 0.0193458 
2.57819 1.47676 2.2356 2.21512 1.21153 0.881871 1.72447 1.32924 0.469737 0.314024 0.464291 0.0693102 
4.60047 0.549515 1.30802 4.23135 0.951991 0.619788 3.00084 1.48868 0.230015 0.219794 0.426674 0.0405127 
3.16856 1.22073 2.04975 2.87551 1.07922 1.01274 2.73084 1.72516 -0.274911 -0.018847 0.569729 0.0954718 
2.6481 1.87772 2.5887 2.33283 0.959536 1.21796 2.10761 1.33505 0.193061 0.279456 0.448833 0.0411132 
3.23362 1.66696 1.61352 2.24411 1.63054 1.60373 2.41536 1.48965 -0.0311917 0.101689 0.422431 0.0933683 
3.36191 2.21369 2.01217 2.57614 1.71352 1.08937 2.03558 1.76169 0.125419 -0.0294486 0.487422 0.102115 
4.37457 1.85425 1.71185 2.89912 1.47258 0.823623 2.17139 1.3346 -0.606041 0.2126 0.829988 0.211449 
3.51697 1.8367 2.60223 2.14966 0.290024 2.00244 1.51148 -0.223793 0.6346 0.454781 0.548261 0.0907234 
5.09127 1.31986 1.18639 3.05361 1.31963 -0.541818 -0.170834 -1.74069 0.00419822 0.969613 0.668479 0.0346182 
5.74268 1.22124 0.550763 2.55944 1.35771 -0.906907 0.321695 -3.16283 0.944391 0.538343 0.458519 0.0275974 
5.53499 1.53461 0.99251 2.19398 1.03422 -1.26808 -0.0114017 -2.79983 0.994514 0.372619 0.263098 0.0448914 
4.1041 2.29216 1.25295 1.54402 1.16877 -1.5669 -1.04125 -1.52927 -0.0235081 0.34868 0.244662 0.0626332 
3.56957 2.23783 1.24174 0.999765 0.67958 -0.708645 -0.496607 -0.993496 -0.0784015 0.349627 0.276636 0.0726637 
3.97913 2.36198 0.741183 1.33576 1.38782 -0.85329 -0.415846 -1.23933 0.343995 0.461112 0.408257 0.0921816 
4.57008 2.45348 0.655 3.67895 2.31445 -2.25992 -0.0118304 -1.0235 -0.124647 0.399455 0.50358 0.174136 
4.5684 2.73094 0.668872 3.10064 2.33075 -1.05194 0.339041 -1.52739 0.184056 0.0999075 0.701651 0.155721 
4.52616 2.54161 0.829106 3.35979 2.75491 -2.01259 0.71084 -1.35657 0.129745 0.437943 0.623747 0.201879 
4.64864 2.95555 0.37502 2.91714 3.77896 -2.10134 0.812075 -1.59248 0.100207 0.650055 0.499924 0.290368 
4.02194 2.68983 1.20345 2.70276 3.25086 -0.948172 0.187889 -1.47949 0.517414 0.342484 0.52961 0.108994 
3.45516 2.78108 1.67871 1.90837 2.77482 -0.840886 0.389121 -1.28074 0.848499 0.442268 0.347263 0.0805752 
3.78876 2.80578 1.67963 2.36154 2.75887 -0.48583 0.338682 -1.02668 0.460309 0.402407 0.336398 0.0679209 
4.4657 2.8497 1.0944 1.26503 3.27482 -0.0986952 0.200608 -1.57421 0.420125 0.630618 0.503477 0.131962 
3.99091 2.67461 0.380616 1.69823 3.49791 -0.662603 0.731074 -1.36319 0.604524 0.067767 0.437866 0.109266 
4.35399 2.68047 0.609674 1.20329 2.82297 0.525191 0.70466 -1.68907 0.388064 -0.0525435 0.598408 0.125758 
3.82152 2.52848 0.917534 1.53524 2.99017 0.589322 1.03012 -0.636694 0.629417 -0.0554689 0.0955331 0.00436107 
4.05604 2.18269 0.571395 1.47232 2.5106 1.06582 0.632055 -0.0212925 0.515182 -0.0314797 0.170836 0.0133566 
4.72733 2.36528 -0.502736 1.69148 3.49856 1.15185 1.74291 -0.887941 0.697503 0.092391 0.124822 -0.0203393 
3.30456 1.93772 0.440007 1.28257 2.3043 1.5523 1.61803 0.0726302 0.671042 0.0605949 0.142509 0.0200769 
3.29053 1.83625 0.861947 1.31547 2.0804 1.68664 1.15632 0.576239 0.502839 0.0731276 0.0178256 0.0100646 
4.23938 2.30681 -1.34862 0.777844 3.7568 1.10191 2.70867 -0.00264556 0.751152 0.242683 0.0500314 0.0640442 
4.25514 1.18353 -1.57142 0.798038 3.61093 1.8952 2.35639 0.381032 0.937871 0.474053 0.292032 0.0267677 
4.8555 1.42497 -2.65439 1.11805 3.80247 1.89957 3.2284 -0.112046 1.65035 0.115819 0.305912 -0.0382792 
4.13745 1.11738 -1.49545 1.0288 3.88814 2.79282 2.77447 -0.000432573 0.544508 0.208005 0.233325 0.06738 
4.00112 0.723504 -1.46733 1.24762 3.38792 2.49173 2.81664 0.721303 0.710324 0.195673 0.0588042 0.00967952 
3.67455 0.656647 -1.4463 1.07513 4.10162 3.08904 2.90707 0.0368307 0.483772 0.220559 0.207399 0.0743708 
4.03893 1.26344 -0.537848 1.15551 3.75792 2.87883 2.1327 0.082803 0.0389221 0.255891 0.180835 0.0914566 
3.60011 1.4042 -0.403297 1.19266 3.28598 3.06965 1.84098 0.161323 0.336545 0.202656 0.165159 0.0632224 
5.73646 0.729486 -2.93995 1.6813 5.77618 1.99044 3.44107 0.444231 -0.478502 -0.234016 -0.0647411 0.258738 
5.06271 -0.844328 -3.15689 1.20585 4.74957 3.38372 1.74987 0.550577 -0.830011 -0.284055 0.0166706 0.104092 
5.98714 -1.28699 -3.46592 2.11826 5.08243 3.29675 1.87996 0.693499 -0.827127 -0.436425 0.158282 0.20329 
4.78379 -0.852494 -2.54351 1.66826 4.91266 3.65606 1.73751 0.752279 -0.34228 -0.0116431 0.17417 0.153393 
5.27872 -0.359054 -2.37782 1.92875 4.2616 2.58934 1.79908 0.919098 -0.634827 -0.19773 0.0782252 0.150622 
3.86158 -0.0281712 -1.18613 1.79701 3.57517 2.73735 1.80243 0.762249 -0.215367 -0.022729 0.189546 0.127121 
5.68696 -0.894284 -2.02904 2.1271 3.85395 2.40223 1.85593 1.97577 -0.0379688 -0.156593 0.0940009 0.125362 
3.73147 0.633816 0.961071 3.90946 4.52938 1.88127 0.497468 1.28973 0.775843 0.45047 0.0954967 0.072045 
2.78426 1.81647 2.1525 2.72914 2.07567 1.02692 1.15002 1.60697 1.20276 0.238676 0.0813929 0.0933471 
2.78407 2.18636 2.2206 1.95687 1.93839 1.61746 1.19201 1.14579 0.777443 0.620423 0.327055 0.0694033 
2.8121 2.19993 2.30783 2.17157 1.99653 1.64505 1.47749 1.26059 0.845128 0.575157 0.381832 0.0803 
2.75592 2.2604 2.10414 1.95117 1.83196 1.57377 1.4382 1.16342 0.949426 0.546882 0.334525 0.0696242 
2.76971 2.43178 2.38408 2.06875 1.92751 1.88556 1.45 1.31471 0.914417 0.590735 0.411452 0.0888869 
2.68303 2.30031 2.50672 2.0529 1.87358 1.58644 1.7377 1.14079 0.974191 0.694764 0.328443 0.0799057 
2.82031 2.06816 2.12681 1.34309 1.03582 1.5898 1.5163 1.30216 0.709335 0.336811 0.277512 0.0410565 
4.57343 2.1921 -0.903647 -2.11383 -3.41529 -0.798133 1.07562 -0.575828 -0.877798 -0.524521 -0.42592 -0.0613295 
3.2961 1.36539 1.93703 -1.2421 -4.13777 -0.534468 1.49732 -0.347436 -1.00037 -0.647107 0.216895 -0.0950284 
2.27069 1.48485 2.48211 -1.26568 -0.970415 -0.667499 0.468775 0.376385 0.130275 -0.305662 0.123234 0.139073 
1.54449 1.32555 1.97794 -0.488913 0.206459 -0.187657 -0.0165143 0.115733 -0.00661111 -0.304078 0.317111 0.112176 
1.41644 0.873107 2.32618 0.570734 1.09411 0.454171 0.883319 0.709963 0.586673 0.167816 0.178246 0.0415623 
1.21618 0.934496 1.75852 0.482169 0.935358 -0.359359 0.855173 -0.393757 0.678707 -0.0965983 0.188503 0.0232355 
1.40649 0.762303 1.79268 0.891264 0.922328 -0.355591 0.728494 0.869397 0.448475 -0.179197 -0.00917698 0.0794198 
