2.227 0.162501 1.89465 -1.57457 1.14588 0.175013 0.102509 0.775523 0.344784 -0.218391 0.0517468 -0.0374677 
1.86906 0.262551 1.64599 -1.16133 1.86347 -0.365118 -0.526717 0.0256051 0.466477 -0.270319 0.209985 0.0332633 
1.5502 -0.170767 2.2886 -1.55279 1.03487 -0.110079 0.12477 -0.382967 -0.487989 0.0548112 0.184045 0.031957 
2.073 0.280247 1.26852 -0.423198 0.926835 0.583018 0.194576 -0.357003 0.373575 -0.32665 0.161345 0.0539613 
2.05835 0.573469 1.61518 -0.649359 0.236031 -0.393889 0.324912 -0.276432 0.692995 -0.275769 0.130537 0.0683915 
1.62848 0.886428 1.45767 -0.489085 0.499675 -0.285429 0.818868 -0.211769 -0.373727 -0.469193 0.198852 0.0638789 
1.74766 0.830436 1.78681 -0.382238 0.948144 -0.661322 0.364668 -0.329536 0.182771 -0.244714 0.320158 0.0925249 
1.91496 0.431135 1.37668 -1.33505 1.21683 -0.257593 0.10131 -0.000326133 -0.137167 -0.0815332 0.0433934 0.00414648 
1.95398 0.0445919 1.9127 -0.685337 0.783471 0.0939826 -0.53461 0.144145 0.156959 -0.636312 0.264243 0.0591686 
1.35767 0.024905 2.32912 -1.25582 1.77554 0.666657 -0.580293 -0.291058 -0.161578 -0.542643 0.532562 -0.00930853 
-0.10065 -0.189948 3.91205 -2.14189 0.966052 -1.59869 0.771582 0.238466 -1.27491 -0.176988 0.366115 0.00655304 
-2.42728 -1.3691 5.85628 -0.681955 0.565096 -3.80025 3.86106 0.709714 -2.2245 0.954531 -0.177469 -0.106763 
0.536841 -0.668525 5.35676 2.4793 1.78078 -1.09424 3.93232 1.89872 -0.209254 0.758179 0.323676 0.191076 
3.02857 2.23931 3.32801 3.13363 0.927168 1.14749 2.54113 1.69813 0.192677 0.364458 0.536554 0.0725768 
2.7527 2.13822 2.41203 2.2118 1.3381 1.39663 1.77344 0.965326 0.256955 0.458949 0.391627 0.0496964 
2.75741 2.17247 2.08724 1.92827 1.43687 1.30679 1.44583 1.05681 0.531269 0.490913 0.373573 0.0557627 
3.23483 1.91286 2.35816 2.76614 1.04319 0.841708 2.49509 1.83224 0.0561089 0.305965 0.559083 0.0888163 
4.05573 2.25998 2.98604 2.84261 0.753165 1.36061 3.5163 2.2779 -0.207531 0.0165696 0.481438 0.0559168 
3.76269 2.30226 2.21153 2.30377 1.09243 1.06149 2.35082 1.50937 -0.130429 0.176333 0.526756 0.0941689 
4.34123 -0.181471 3.5322 2.4329 1.44527 0.0189577 1.85521 -0.101717 -0.532387 0.54132 0.492698 0.0564201 
5.30725 0.493589 1.00718 2.92467 1.50234 -1.31425 1.32176 -1.80528 0.171846 -0.0848245 0.378057 0.141132 
4.31186 1.17034 -0.0376014 1.60969 2.2278 -0.868492 -0.615309 -1.02611 0.0453505 0.254032 0.408055 0.101567 
4.2316 1.70683 0.0751739 0.988064 2.03257 -0.849725 -0.598934 -1.28507 -0.0731853 0.38952 0.496612 0.12392 
4.42532 1.9416 0.625308 1.62515 1.79069 -1.20233 0.0714196 -0.897666 -0.271366 0.227291 0.639126 0.20969 
3.62816 2.06755 0.859816 2.08802 1.00409 0.0709769 -0.658678 -1.02414 -0.272427 0.310263 0.903614 0.140981 
3.34476 2.01737 1.39761 1.55042 1.96847 -0.553247 -0.680703 -1.48436 -0.219078 0.612932 0.737491 0.0896575 
4.29909 1.98105 1.41197 2.50631 1.36681 -1.02204 -0.387922 -1.01208 -0.542294 0.218858 0.70731 0.162959 
4.34292 1.22886 1.38891 2.88895 1.32017 -0.721493 -0.623259 -1.16487 -0.858972 0.318012 0.918868 0.158271 
5.4518 2.02302 -0.230539 2.59233 2.0218 -1.8779 -0.0186997 -2.19289 -0.396082 0.344356 0.721626 0.158192 
5.90741 1.54904 -0.809616 2.42035 2.28558 -2.36541 -0.244112 -2.11653 -0.608888 0.00201327 0.610193 0.198192 
6.22017 1.05182 -1.0166 2.79488 2.01595 -3.24104 0.419085 -2.30649 -0.265649 -0.140134 0.789655 0.213769 
6.02536 1.86953 -1.72956 2.2278 2.52764 -3.16725 0.0691738 -2.33507 0.0369699 -0.0911684 0.642218 0.268261 
5.51909 1.75319 -1.74785 1.78616 2.90236 -2.25872 -0.676718 -2.09333 0.238585 0.0405029 0.416348 0.19617 
5.09891 1.8508 -1.48192 0.864255 2.57623 -1.13469 -0.692434 -1.76538 0.146866 0.264533 0.479011 0.146898 
5.29713 2.0343 -1.89495 0.572542 2.7862 -0.556017 0.0142611 -2.37837 0.53148 0.106849 0.562529 0.0919055 
5.53176 0.884651 -3.03535 0.0414352 3.42132 -0.0589558 0.798775 -1.82478 0.5502 0.196797 0.377 0.10155 
5.8857 0.707546 -2.83248 -0.345963 3.2122 -0.515063 1.68024 -0.879414 0.703997 0.172964 0.179792 0.156324 
5.54141 0.651768 -3.29625 0.127622 3.37532 -0.402331 2.23253 0.559462 0.387504 -0.0355232 -0.0965597 0.144854 
5.85542 0.650923 -4.4335 0.740032 3.63171 0.422162 3.18336 0.343442 0.663948 -0.694009 -0.0765631 0.108463 
5.49178 0.285561 -4.44613 0.607154 4.14331 1.17777 3.12131 0.221754 0.818149 -0.462586 -0.112281 0.0371262 
4.4636 -0.292482 -2.82731 0.0583751 3.91711 1.84976 2.88302 0.766333 0.290391 -0.275689 -0.0852226 0.0604807 
5.16628 -0.192673 -3.22551 0.64131 4.32734 1.97116 2.57128 1.15688 -0.0607068 -0.105784 -0.0747672 0.108169 
4.24408 0.370453 -1.96242 0.330663 3.8412 3.31219 2.15274 0.593483 -0.319504 0.0983539 0.154928 0.0852576 
4.07806 0.416867 -1.79286 0.491366 3.53587 3.64008 1.97659 0.54107 -0.0189188 0.0705687 0.168465 0.0583318 
4.03527 -0.275192 -2.2719 1.00655 4.92205 3.49634 1.86176 0.599759 -0.340102 0.0827306 0.244965 0.133507 
4.36856 -0.190351 -2.53042 1.07613 5.05817 3.89449 2.0694 0.5382 -0.257779 0.176303 0.168568 0.108775 
5.11103 -0.685625 -2.83869 1.4891 5.76907 3.76185 1.87958 1.02923 -0.726338 0.199495 0.267928 0.205578 
3.57639 0.330166 -1.00085 1.57902 4.73201 4.44884 1.77916 -0.12823 -0.185403 0.431421 0.334108 0.155355 
3.28296 0.663792 -0.331861 1.62946 3.60156 3.25713 1.60561 0.282549 -0.172526 0.0914501 0.256752 0.12131 
3.33034 0.81297 -0.275066 1.44763 3.37015 3.16654 1.686 0.434803 -0.0930865 0.0692491 0.212165 0.11079 
3.69581 1.26445 0.685708 1.97144 2.83663 2.3487 1.86118 1.26329 0.435114 0.131417 0.33061 0.125962 
3.03539 2.3236 1.78824 1.78754 2.24281 2.52651 2.15205 1.18871 0.409583 0.252067 0.316161 0.0944571 
3.06409 2.70063 2.53832 2.35249 2.28678 2.04373 1.68349 1.40736 0.861294 0.579943 0.216216 0.0897104 
2.82377 2.39114 2.27894 2.12026 2.00647 1.72739 1.5004 1.17288 0.918493 0.623697 0.34109 0.0780075 
2.82124 2.47214 2.26839 2.09941 2.0426 1.64252 1.47309 1.21369 0.98303 0.606899 0.348362 0.0810163 
2.84426 2.5167 2.49902 2.11426 2.08494 1.80828 1.47027 1.26239 0.878159 0.50147 0.435692 0.0882319 
2.64259 2.30913 2.79985 1.39952 2.11907 2.19475 0.680718 1.51741 1.07955 0.132147 0.611266 0.0759119 
2.70947 2.39117 2.82521 1.6213 2.19255 2.22554 0.86301 1.58109 1.11033 0.18168 0.635852 0.0905936 
2.76484 2.32672 2.44677 1.97511 1.80726 1.95264 1.53585 1.12951 0.936183 0.717974 0.365191 0.089069 
2.61369 2.05975 1.85115 1.71386 1.39212 1.22706 1.15863 0.860022 0.674627 0.411346 0.229893 0.0368541 
2.167 2.15169 2.32551 1.13726 1.91246 1.13685 1.55117 1.26788 1.21572 0.512924 0.201569 0.0592582 
1.42629 1.30327 2.48123 0.692475 1.78493 1.10817 1.44556 0.892264 0.961178 0.214079 0.482632 -0.0172422 
1.59792 1.5976 2.27686 0.806535 1.28518 0.119821 0.947677 0.201772 0.594683 0.202948 0.0236211 0.0826959 
1.22768 1.25281 2.08659 0.84572 0.381822 -0.253966 0.842218 0.171179 0.342024 0.387059 0.220753 0.00366709 
1.31765 0.686119 1.81907 0.492575 0.347579 -0.395101 0.380016 -0.19848 0.378856 0.0867498 0.421521 0.0665583 
0.86538 0.578869 2.57517 0.274371 1.1971 0.222474 -0.230836 -0.289044 0.708968 -0.00192675 0.160134 -0.031527 
1.07811 0.52028 1.80547 -0.436748 0.838959 -0.167668 -0.73992 0.0192449 -0.0412449 -0.404034 0.0873956 0.0760256 
0.952249 0.445323 1.26173 -0.0493709 0.217495 -0.278999 0.303849 -0.777512 -0.224475 -0.488475 0.198195 0.0892975 
0.979694 0.724557 1.97964 0.373389 -0.113597 0.531372 0.38471 -0.268355 0.605958 0.228064 0.15253 0.00143998 
0.993466 0.734118 1.34629 -0.610132 0.569278 -0.208116 -0.0994947 -0.0379057 -0.0301202 -0.445472 0.0432829 -0.0343691 
1.2275 0.327636 1.0743 0.144787 0.47809 0.148202 0.747094 -0.124224 0.428611 0.0241814 0.232743 0.0781357 
0.992225 0.856466 1.80105 -0.432651 -0.328839 -0.228973 0.567824 0.338481 -0.202482 -0.412725 0.14438 -0.0404829 
1.19206 0.749915 1.02453 -0.0357756 0.90197 0.159375 0.352898 -0.797774 0.106083 0.126387 0.377892 0.0202518 
0.858252 0.311474 1.42318 -0.628768 0.522437 -0.228822 -0.0550569 0.131156 -0.0491555 0.115017 0.180656 -0.00609323 
1.25946 0.230722 1.23622 -0.386779 0.239937 0.726673 -0.153117 0.0433132 0.350823 -0.464489 0.242669 -0.0458908 
1.05393 0.272889 1.36483 -0.28753 0.855063 0.516695 0.362959 0.287253 -0.0240629 -0.120052 0.240662 0.0037881 
0.877364 0.219177 1.78683 -0.0162023 0.202154 -0.325997 0.931102 -0.186164 0.00733738 -0.156542 -0.0519103 0.0481268 
1.25192 0.216274 0.903869 -0.413937 0.0252848 -0.247838 0.600402 -0.106047 -0.389782 -0.302996 0.215445 -0.0156097 
1.20202 0.0938652 1.2496 -0.95517 0.977608 0.721625 1.0206 0.188807 -0.0971516 -0.285249 0.00676565 0.0501784 
1.26703 0.228743 0.957685 -0.483607 1.08601 0.0204273 1.09109 -0.114363 -0.298072 -0.655727 -0.0967779 0.0352673 
1.60911 0.414447 1.03779 -0.607197 0.449395 -0.3291 0.208753 -0.0336212 0.526814 0.318419 0.10548 -0.0453336 
1.25695 -0.0992075 0.379759 0.404246 1.03826 -0.471091 0.363774 -0.481497 0.46778 0.325114 -0.181609 0.0170971 
0.946958 0.0603748 1.34898 -0.580206 0.602242 -0.436283 -0.563692 -0.237293 0.503932 -0.16547 -0.0383303 -0.0199218 
2.37166 1.90425 3.19011 1.33795 1.81226 0.639395 0.510067 -0.17415 -0.195693 -0.356004 -0.114567 -0.0867624 
1.85995 1.56192 2.73891 0.527296 0.972893 0.801403 0.275454 0.186275 0.213546 -0.550025 -0.0786284 -0.0388299 
