1.48336 0.114465 1.27985 -0.251948 1.0062 -0.202931 0.070091 -0.245381 0.589203 -0.308812 0.0919861 0.00829553 
1.52265 0.16245 1.46986 -0.264955 0.178445 0.0123678 0.657296 -0.447574 0.762579 0.0426327 0.177759 0.0415826 
1.5483 0.246068 1.31173 -0.822517 0.901994 -0.454143 0.494524 0.236467 0.391644 -0.0345897 0.0895995 0.0659244 
1.49173 -0.0615517 1.40489 -0.393689 0.237402 -0.798923 0.222251 -0.164863 0.499508 -0.227577 -0.00115998 0.0983246 
1.86872 -0.340654 1.33806 -0.967852 0.614907 0.0536987 0.306147 0.542607 0.713906 -0.321844 -0.0113489 -0.0803968 
1.91288 0.472866 1.7562 -0.716516 0.573535 0.676044 0.99593 -0.0959811 0.447567 -0.143156 0.107 -0.0661893 
1.64376 0.0130041 1.58802 -0.205363 0.644947 0.035629 0.0636343 0.106755 0.33539 -0.296091 0.159007 -0.0214944 
2.35774 0.312599 1.78047 -1.90602 1.05572 -0.0313104 0.545837 -0.36682 0.286191 -0.440849 0.0557154 0.0410209 
1.83541 -0.0251742 1.36111 -1.32009 0.117464 0.129903 -0.0469665 -0.801614 0.144009 -0.283466 0.115001 -0.00480595 
1.74293 0.32902 1.48304 -0.794692 0.69966 0.0362801 0.392937 -0.442531 0.0217181 -0.256346 0.231512 -0.0155023 
1.87861 0.0571934 1.18858 -0.54311 0.095421 -0.353991 0.754712 -1.07991 -0.0200388 -0.312727 0.155982 0.0204768 
1.58595 0.268436 1.29104 -0.888442 0.291989 0.479 0.464763 -0.929329 0.521882 0.147578 -0.0737383 -0.0267959 
1.61818 0.189763 1.31056 -0.709995 0.162489 0.215378 0.983385 -0.492902 -0.119348 0.334348 0.0645491 -0.0346086 
1.62927 -0.145509 1.29192 -0.451951 1.10667 -0.0339154 0.905264 -0.757357 0.190533 -0.0150377 -0.000469289 -0.0251144 
1.37689 0.285771 1.70363 -0.489664 1.33353 -0.220448 0.03426 -0.714162 0.112515 -0.182256 0.0598641 0.00740375 
1.66084 0.285738 1.51733 -0.497632 0.173968 -0.200866 0.0769353 -0.905854 -0.0407265 -0.620618 0.126609 0.0668881 
1.60372 0.0789637 1.78459 -0.457319 0.775951 0.782587 0.0352962 -0.0769457 0.611553 0.040772 0.383543 -0.00792126 
1.63118 1.22987 1.53766 0.506684 1.77623 0.994081 0.541549 0.326413 0.628407 -0.00740336 0.532832 0.00474123 
1.64435 0.322379 1.77055 -0.100663 1.41428 0.222245 1.05643 -0.422745 0.551775 -0.0348786 0.217714 0.0311294 
1.74758 0.524506 1.36132 -0.840033 1.19326 -0.0225646 0.259514 -0.782817 -0.0590548 -0.203651 0.0454927 0.0330503 
1.62268 0.758784 2.0103 -0.398213 0.897909 -0.449076 0.196529 -0.240399 -0.272069 -0.339246 0.189431 0.0269729 
1.77846 0.980556 1.64199 0.0806417 0.877009 0.144564 0.611481 -0.329528 0.353821 -0.0482085 0.218795 0.0326441 
1.66904 0.438088 1.26915 -0.965302 1.21149 -0.121963 0.683987 -0.166205 0.273098 0.108379 0.249538 0.030239 
1.52835 0.259032 1.84088 -0.577767 0.644212 0.0675355 0.70624 0.255273 0.24219 -0.117609 0.356487 0.0711306 
1.83688 0.374954 1.31488 -0.443712 0.642161 0.818689 0.695347 -0.352563 0.801709 -0.319322 0.257743 -0.00792204 
1.50078 0.449111 2.32257 -0.574139 1.27253 0.454846 0.289084 0.199284 1.08625 0.15536 0.533483 0.0449851 
2.68524 2.14311 2.45107 1.85966 1.80472 1.91183 1.25214 1.48941 1.16601 0.464065 0.505386 0.0999351 
2.9567 2.28384 2.56209 2.75102 1.90687 1.3722 1.82659 1.51482 0.567471 0.310846 0.353338 0.087266 
2.96807 2.22311 2.59309 2.77606 1.76382 1.35129 2.03617 1.59744 0.402849 0.25258 0.410603 0.0850422 
3.12432 2.3119 2.57447 2.76802 1.72681 1.34893 1.98884 1.59115 0.435593 0.15582 0.431488 0.0880799 
3.29256 2.40738 2.91724 3.08052 1.15971 0.61799 2.15344 1.7923 0.0788979 0.106809 0.455037 0.076075 
3.46446 1.4315 2.22058 3.36144 1.06352 0.236762 2.17923 1.60295 -0.192414 0.139886 0.551294 0.0913612 
3.63754 1.94739 2.48032 2.97774 -0.0277357 0.18743 2.26513 1.49247 -0.267883 0.0152469 0.634787 0.064438 
4.04538 2.18932 2.99966 3.21145 0.613781 -0.927858 1.18286 1.14134 -0.430483 0.180741 0.773851 0.17098 
4.52207 1.99889 1.49824 3.19757 1.91193 -1.27387 -0.329603 -1.33741 -0.647277 0.818604 0.501359 0.0432595 
4.98405 2.76185 1.29954 2.88557 0.619107 -2.07189 0.358827 -2.92287 0.142295 0.661542 0.409069 -0.0514668 
4.92527 2.65308 1.30134 2.033 2.16778 -2.23293 0.483319 -2.17357 0.0417145 0.520177 0.276937 0.135532 
4.27051 2.97428 1.76368 2.01295 1.48809 -1.05903 -0.710455 -1.79071 0.50443 0.503042 0.265147 0.0696374 
4.20091 3.04369 2.16139 1.63428 1.18298 -0.899972 -0.516348 -1.16454 -0.050734 0.506496 0.351569 0.124624 
4.60343 3.16834 1.99939 2.02128 1.47926 -0.297915 -1.16615 -1.33137 -0.0029562 0.583915 0.286068 0.0840537 
5.56005 2.87434 0.966056 3.28269 3.3058 -1.97704 0.641543 -2.04047 -0.222187 0.562175 0.443931 0.157862 
3.81729 2.80099 1.90361 2.07585 1.78671 -0.67334 -0.918362 -1.35534 0.201115 0.630674 0.326002 0.0763231 
3.47669 2.9045 2.1325 1.94968 1.52208 -0.332497 -0.464519 -1.01199 0.00117996 0.258745 0.290543 0.0583842 
4.24322 2.52367 1.81306 1.72275 3.05339 -0.579437 -0.353622 -1.7327 -0.159016 0.914914 0.55555 0.139573 
6.30139 3.21264 -0.659562 2.60815 4.39383 -1.64472 0.0519983 -2.25737 0.251026 0.622342 0.489049 0.247311 
5.10873 3.06352 0.393293 1.42028 3.62253 0.0155175 -0.314993 -1.94875 0.0769602 0.578149 0.674343 0.17383 
4.978 2.88966 0.761193 1.2743 2.5719 0.948533 -0.615343 -1.33444 -0.405315 0.504131 0.728098 0.189872 
4.14392 2.60506 1.20396 1.25932 2.41413 0.330261 -0.16816 -1.32258 -0.378147 0.692591 0.790092 0.179323 
4.08964 2.5863 1.17037 1.44663 2.02883 -0.0511875 -0.213635 -1.06771 -0.280914 0.496377 0.76976 0.175704 
3.72183 2.59486 1.26025 0.988681 1.31592 0.287141 -0.146578 -0.931414 -0.359784 0.469374 0.628033 0.130186 
3.32765 2.31328 1.59652 0.54354 0.638127 0.490447 0.44795 -2.66465 0.244909 0.607412 0.294082 0.0904741 
4.76419 2.45626 0.638032 0.872824 2.46259 -0.754615 -0.0287347 -1.48495 0.838575 0.409183 0.29747 0.0740211 
5.51791 3.39132 -1.36613 1.09855 3.23018 -0.950472 1.01103 -1.79221 0.791326 0.24362 0.432661 0.136291 
5.33187 2.27495 -0.9655 0.237621 4.03488 -0.797454 1.41525 -0.756503 0.98935 0.548299 0.0208184 0.115735 
5.34398 1.89311 -1.51503 0.500147 4.11302 -0.459867 2.15676 0.177015 0.910842 0.399499 -0.0779653 0.147394 
4.17093 1.5265 -0.562544 0.710392 2.41777 1.17065 2.33076 1.10153 0.938583 -0.142607 0.0796713 0.038702 
3.66562 1.26442 -0.6323 0.630115 2.82234 1.86883 2.52031 0.738355 1.05536 0.09495 0.0217038 -0.0127877 
3.20018 0.397521 -0.685078 0.882976 3.02088 2.57905 2.52321 1.29849 0.596337 -0.0942581 0.0211902 0.0192415 
3.58982 1.12465 -0.940667 1.02415 3.54693 2.69979 2.03919 0.15933 0.542552 0.0938667 0.147761 0.0441324 
3.69113 1.169 -0.269296 1.59745 3.29068 2.56862 1.93356 0.515959 0.354962 -0.158531 0.167555 0.0960922 
4.19594 1.65637 -1.01587 1.27754 4.28477 1.77893 3.13576 -0.187506 0.379378 0.0951419 0.024361 0.100718 
5.3898 0.905806 -1.40893 2.05097 5.34039 2.96453 2.24509 0.743067 -0.673509 0.114381 0.00985804 0.132632 
4.88446 -0.0650824 -2.40157 1.73782 5.70005 2.0978 3.09287 0.376071 -0.992722 0.0753867 0.104654 0.24723 
4.02458 -0.578023 -2.23195 1.06011 4.5558 3.19301 2.25237 0.730759 -0.359748 -0.136998 0.0578534 0.0978754 
3.65269 -0.0836168 -1.62242 0.957246 3.74132 3.56845 1.96085 0.732778 -0.130764 -0.293809 0.0371995 0.0846773 
3.94353 0.107379 -1.34777 1.12894 3.68741 3.42187 1.7674 0.494997 -0.113473 -0.164226 -0.0339369 0.0639441 
5.85558 -0.281002 -1.95569 0.939105 4.07735 3.67327 1.88663 0.794893 -0.0565147 -0.127236 0.0150123 0.0824434 
5.25394 -0.349218 -2.84125 1.22243 4.80034 3.81464 2.04383 0.912694 -0.544129 -0.0930071 0.0956553 0.147293 
5.71141 -0.971757 -3.9521 1.47212 5.5651 3.72868 1.81383 1.18115 -0.472176 -0.247289 -0.0273222 0.191131 
4.57412 -0.960099 -3.42034 0.879267 4.92074 4.04005 2.01522 0.938116 -0.190842 -0.395345 0.0457556 0.137125 
4.63243 -0.493682 -2.64949 0.917446 3.95577 3.20578 1.98766 1.43839 0.197469 -0.452273 -0.0167973 0.120337 
3.48218 0.915474 -0.0626965 1.93396 3.42344 2.40549 1.23445 1.37541 0.830038 -0.332736 -0.361574 0.0340205 
3.08178 1.4475 1.1616 2.39422 3.02448 1.72674 0.611154 1.22904 1.42239 0.37424 -0.17988 0.00925298 
3.31537 2.21466 1.89932 2.57293 3.15997 2.10569 1.03865 1.76335 1.54756 0.198128 -0.0439591 0.0560216 
3.1071 2.58328 2.66323 2.59748 2.34259 2.16106 1.64572 1.34808 0.958872 0.379309 0.194915 0.0858439 
2.89973 2.54178 2.42166 2.24843 2.0755 1.8901 1.62829 1.20233 0.9017 0.600286 0.328617 0.0883059 
2.78965 2.35635 2.19356 2.08179 1.86336 1.71116 1.45518 1.20971 0.909949 0.663499 0.354819 0.0775641 
2.73438 2.26805 2.10408 1.84057 1.77874 1.47456 1.35258 1.10379 0.76281 0.572976 0.33615 0.0613735 
2.79742 2.32509 2.18124 2.15532 1.86695 1.63958 1.44303 1.21239 0.854795 0.594982 0.349849 0.0775995 
3.54933 3.5669 2.70514 1.6824 1.71234 2.12376 2.17512 0.0500287 0.663718 0.36693 0.469652 0.12341 
2.50301 2.6502 3.2004 0.766887 0.549118 1.5842 2.58968 -0.423066 1.12139 0.88818 0.595017 0.077544 
1.67193 1.69474 2.94022 0.455825 0.530217 1.51024 -0.092873 1.17176 1.27248 -0.0997799 0.798244 -0.0055302 
1.56159 1.42958 2.73556 0.270181 1.11317 0.640916 0.301344 1.09686 0.741532 -0.239759 0.401794 0.0240934 
1.32075 1.10614 2.49268 0.479309 1.19955 0.697174 0.613422 0.919441 0.832844 -0.239926 0.373476 0.0286917 
1.41835 1.27448 2.21345 0.480437 0.545633 -0.138277 0.823697 0.210952 0.311543 0.048866 0.183162 0.0321958 
