2.47272 0.29722 0.764308 -0.136078 0.84038 0.81744 0.771917 -0.357601 0.418414 -0.125198 0.240203 0.05266 
2.45642 -0.237931 0.75416 -0.934823 1.09572 1.43781 1.69157 0.583113 -0.25786 -0.0367904 -0.163107 -0.0040297 
2.17233 0.000345457 0.769627 -0.442984 1.6976 0.99865 1.46393 0.407461 -0.159147 -0.199836 0.23926 0.0450459 
2.41093 -0.269008 0.640665 -0.252772 0.865511 0.758971 0.840778 -0.774374 0.473852 0.128147 0.135776 0.0818366 
2.22318 0.0387589 1.13801 -0.0701395 1.14795 0.213731 1.9618 -0.0406739 0.00779076 -0.130687 0.190338 0.119915 
2.74729 -0.263207 1.52787 -0.155832 0.97739 0.227159 1.04161 -0.20122 0.214713 0.16809 -0.107175 0.0889578 
2.20792 -0.0250457 1.41223 -0.41506 1.72881 0.271 1.44315 0.586811 0.339321 0.148958 0.159782 0.0685701 
2.10786 0.209439 2.01308 0.123849 1.26938 0.492165 1.33973 0.142286 0.520021 -0.00737014 0.0534248 0.0446372 
1.9926 0.479265 1.02441 0.266075 1.55407 -0.0638149 0.77326 -0.352658 0.511774 -0.327412 -0.133999 0.067575 
2.49836 -0.0903087 1.16254 -0.657041 0.76685 0.843875 0.725086 -0.150447 0.274203 -0.257128 -0.172937 0.0376223 
2.2154 0.115797 1.28852 -0.629276 1.34039 -0.0850746 0.94281 0.0162052 -0.16397 -0.243493 -0.00682363 0.100312 
2.10372 -0.0544093 1.11388 0.209987 0.895695 0.239396 1.20565 -0.461351 0.22704 0.00477223 0.00160328 0.0701724 
2.28014 -0.6894 1.30715 -0.615579 1.80284 1.03797 1.32558 -0.538535 -0.217732 0.0117093 0.0120261 0.112038 
2.20998 -0.577455 1.13857 0.327994 1.57063 0.208634 0.200994 -0.442518 0.401216 -0.0418367 -0.104765 0.0921818 
1.98477 -0.371993 0.471377 -0.420827 1.01532 1.37161 1.17632 -0.281938 0.669202 -0.524907 0.17857 0.0945738 
1.9786 0.208608 1.36305 0.269486 1.43696 0.928756 1.0868 -0.0598442 0.21507 -0.151121 0.187407 0.112829 
3.53316 -3.10537 -1.44043 1.29754 0.842693 0.518786 3.21433 -0.137412 -1.43836 -0.224389 0.419952 0.0257831 
4.27927 -1.16663 -0.835567 3.12389 2.34293 1.26627 2.61958 1.57396 -0.408405 -0.806548 0.000961294 0.124263 
5.16462 -1.55139 -1.50468 3.22414 2.53934 0.654226 2.63224 1.49447 -0.274603 -0.9573 -0.106821 0.07553 
4.53861 -1.77109 -1.18089 3.2508 2.61712 0.876073 2.78716 1.34559 -0.471779 -0.869999 0.0211657 0.100222 
4.17043 -0.553595 -0.747306 2.37221 3.05575 0.554173 2.65643 1.77265 -0.99805 -0.68466 -0.0804943 0.132003 
4.08144 -0.739278 -1.5457 2.8273 3.03356 0.731445 2.61799 1.14453 -0.560121 -0.842578 0.0632107 0.148489 
4.76645 -1.67221 -2.35653 2.43233 3.37522 0.743737 3.43852 1.03534 -0.0980048 -1.12506 -0.0929389 0.140064 
4.82656 -2.35735 -1.93625 2.54059 3.41951 0.0285702 3.46224 1.19074 -0.211255 -1.15443 -0.254217 0.131381 
4.38843 -1.9328 -2.4472 2.38383 3.49082 1.10574 2.74857 1.13496 -0.291922 -1.1396 -0.157282 0.128225 
4.80804 -2.88141 -2.2214 2.18951 3.84141 -0.0419349 3.69227 0.697686 -0.291947 -1.00635 -0.237998 0.183499 
4.92349 -3.12846 -2.20732 2.62695 3.55307 0.00459953 3.75427 0.6899 -0.360003 -1.06505 -0.16201 0.158093 
5.09399 -3.28729 -2.87696 2.95335 3.3505 0.1334 3.8819 0.644545 -0.349489 -1.34238 -0.0727682 0.162573 
4.63337 -2.93693 -2.34902 3.06381 2.32093 0.894624 3.19305 0.709649 -0.360951 -1.15769 -0.0487226 0.0850119 
3.36642 -1.97463 -1.6887 2.1612 2.76523 1.6702 2.22432 1.07135 -0.698795 -1.11418 -0.0295699 0.0907944 
3.87668 -1.81588 -2.0305 2.21885 3.03826 1.24385 2.72518 1.10038 -0.676095 -1.16424 -0.0444562 0.125305 
3.0445 -1.4204 -1.09745 1.72285 2.29002 1.87008 2.09553 1.40374 -0.380312 -1.06226 -0.051644 0.0708166 
4.58923 -2.2327 -1.03722 1.19733 2.24699 1.61878 3.11951 1.07453 -0.287842 -0.994585 -0.232087 0.0965672 
5.65845 -2.82518 -2.33799 2.39401 3.41333 -0.1357 4.27381 1.13193 -0.359463 -1.14313 -0.1859 0.184192 
5.71987 -2.62342 -2.29669 2.89108 2.46088 0.389761 3.84192 1.28077 -0.359314 -1.20567 -0.079221 0.104983 
5.74572 -2.5957 -1.68265 1.80475 3.35457 -0.173814 3.90923 1.46719 -0.503809 -0.946728 -0.3037 0.163132 
5.17287 -1.83594 -1.68683 2.71097 2.26668 1.28552 3.0023 1.48971 -0.469912 -1.01517 -0.0493204 0.108479 
6.08637 -2.3766 -1.73013 2.64151 2.20091 0.336811 3.57883 1.53157 -0.606359 -1.13051 -0.0794812 0.103736 
5.36766 -1.10102 -1.64162 2.56819 2.18352 1.28448 2.62333 1.51591 -0.799713 -1.08188 -0.0928403 0.0984546 
4.90863 -0.304594 -1.51714 1.48564 1.86272 1.22683 2.81879 2.11281 -0.64182 -1.05444 -0.168561 0.0995852 
4.60118 0.109057 -1.25623 0.385334 1.26915 1.869 3.20415 2.40863 -0.38072 -0.869555 -0.102839 0.058244 
6.49219 2.28338 -1.54139 -0.730769 1.97532 3.5723 3.13885 1.72609 -0.195425 -0.259246 -0.197724 0.00850887 
6.42187 3.14038 0.91243 1.2162 2.25179 3.10483 2.6782 1.91411 0.754348 -0.150712 -0.252865 -0.0521338 
3.8828 3.43992 2.81692 2.34146 2.24712 2.08824 1.80972 1.56281 0.885529 0.180713 -0.16678 -0.0155895 
3.47174 3.19014 3.08948 2.77185 2.35096 1.97727 1.53605 1.15936 0.702043 0.256522 0.00803204 0.0382002 
2.7719 2.29347 2.11358 1.97632 1.84017 1.66949 1.41101 1.1698 0.91685 0.647338 0.383444 0.0902013 
2.72046 2.29228 2.08642 1.95701 1.87646 1.6588 1.41868 1.17044 0.926237 0.699977 0.423709 0.0918017 
2.9774 2.48679 1.87349 1.72689 2.2818 1.75451 1.33597 1.54417 1.4731 0.70543 0.379794 0.0995406 
2.86316 2.03275 2.00971 1.05702 1.88651 1.97126 2.38576 1.14904 0.950174 0.213619 -0.0285342 0.0713771 
3.24485 -1.72433 0.807027 -0.95032 2.22926 -0.349669 1.41748 0.906352 1.06076 -0.272229 -0.446032 0.137637 
2.04425 -0.544288 3.42687 0.913354 1.23005 0.1994 1.34607 -0.0101977 3.84714 1.36125 0.021644 0.044526 
2.2122 -0.189259 2.95548 1.03193 -0.148745 1.37478 -0.0680446 -0.169925 3.28733 1.2537 0.0699333 0.0156172 
2.50711 1.28622 2.22357 1.67361 0.56031 1.01324 0.99351 0.57293 2.62252 1.81816 0.0560528 0.0234762 
2.74078 1.83603 1.9194 1.59239 0.848509 1.27383 1.48947 1.09316 1.48124 1.17547 0.268987 0.0513278 
2.81732 1.9817 1.90904 1.47061 0.947305 1.49649 1.71799 1.13897 1.10763 1.05361 0.386945 0.0629388 
3.09144 1.88596 2.2879 1.79392 0.530157 1.24314 2.14325 1.38187 1.59778 1.38364 0.385351 0.0693357 
3.05002 2.11781 2.10226 1.11356 1.41659 1.73756 1.56526 1.25673 1.49282 1.18304 0.385077 0.0899928 
2.86149 1.47942 1.71235 1.01116 1.41503 1.4657 1.55544 1.26923 1.78993 0.771569 0.47281 0.056661 
3.09681 1.09966 1.56688 0.0451356 0.939554 0.818568 1.96301 1.54976 1.78073 0.911548 0.752682 0.0435587 
2.55428 1.2149 1.2462 1.23527 2.09709 0.722438 1.55573 1.2343 0.984857 0.447208 0.500379 0.0378099 
2.43215 0.67663 1.29398 1.08013 1.22156 1.49076 1.9555 0.0121056 0.832348 0.0181243 0.419841 0.0583354 
2.29153 0.58889 0.879241 0.781618 2.19099 1.57419 2.11989 -0.027893 0.376463 0.224592 0.397514 0.0806643 
2.34815 0.351431 1.0692 0.376606 1.9166 0.820178 1.20911 -0.215834 0.607259 -0.445782 0.0821576 0.180361 
1.95601 0.87849 0.897458 -0.232987 0.393268 0.0353359 0.784759 -0.4566 0.616096 0.0439476 0.307731 0.13146 
3.26084 1.78645 2.02594 -0.393054 -0.412516 -1.78807 -1.46931 -1.19439 -0.0472772 -0.362099 -0.23263 -0.0433664 
3.51102 2.50656 1.7818 -0.736997 -0.776259 -1.98775 -1.86214 -1.73371 -0.864462 -0.678039 -0.132839 -0.0591695 
3.60203 2.18565 2.08218 -0.543013 -0.316306 -1.92229 -1.8446 -1.50927 -0.401386 0.302305 0.0529986 0.0153211 
3.62687 2.65315 2.30191 0.547769 0.0739821 -1.25121 -0.777509 -0.859855 0.178463 0.443363 0.122812 -0.00603988 
4.69705 3.11331 3.547 0.972618 1.16164 0.0220399 -0.470877 -0.538993 -0.202651 0.252617 -0.23655 -0.0957401 
3.09609 2.60797 2.02383 1.48747 0.943751 0.258996 0.134281 -0.258467 -0.288294 -0.310736 -0.161049 -0.125991 
2.82495 2.2407 1.85705 1.27959 0.813673 0.415966 0.0762769 -0.35665 -0.19084 -0.227349 -0.201497 -0.136334 
2.85654 2.23788 1.83691 1.31875 0.821155 0.324494 -0.0216801 -0.290112 -0.238817 -0.225359 -0.124717 -0.13658 
2.70779 2.17378 1.77298 1.08538 0.867768 0.53845 0.139591 -0.216071 -0.183382 -0.170779 -0.212278 -0.134179 
2.9366 2.28635 1.9769 1.37733 0.983011 0.350509 0.322492 -0.314637 -0.294631 -0.200861 -0.318732 -0.135461 
3.27091 2.07837 3.0498 1.9474 1.60321 0.343526 0.895452 -0.49546 -0.354524 -0.412535 -0.134699 -0.102421 
3.00775 1.97027 2.56686 1.41381 1.12063 0.509623 0.38356 -0.589829 -0.471335 -0.268488 -0.0826157 -0.127843 
2.61604 1.14593 2.07802 1.18959 1.30724 -0.173348 0.48152 -0.430058 0.113401 -0.196143 -0.0110585 -0.108798 
2.3932 0.797565 2.45075 0.368788 0.864701 -0.0749209 0.955465 -0.0392919 0.23574 0.0568467 0.0145198 -0.0209707 
2.55292 0.53147 2.30796 0.434291 0.846154 0.415945 1.17764 -0.105636 0.431459 -0.231304 -0.0320405 0.0213414 
2.39178 0.474133 1.97302 0.738599 0.939163 -0.191526 0.874352 -0.157389 0.606755 -0.0570897 0.178203 0.0355539 
2.51821 0.439774 2.66831 0.429867 0.835217 -0.538482 0.885155 0.543554 0.550531 0.00595865 0.104703 0.0228713 
2.52466 0.879739 2.69565 0.863439 0.938672 0.65272 1.53272 0.574395 0.635136 -0.196782 -0.0596042 0.0642384 
2.62546 0.678923 2.06337 0.224024 1.29451 0.421249 0.755979 0.0162766 0.836583 0.0356218 -0.0666657 0.00803012 
2.58979 0.550502 1.7564 0.183938 0.473408 0.551628 1.73666 -0.0642045 0.584912 -0.229215 0.00616515 0.00436025 
2.46742 0.971901 1.82735 -0.212868 0.851508 0.755559 1.51157 -0.342023 1.01237 0.203439 0.117376 0.0190168 
