1.42307 0.540355 0.915055 0.00886238 0.391039 -0.708055 1.53918 -0.554019 0.0529561 -0.0717283 -0.0887357 0.00357817 
1.39371 0.569759 0.910409 -0.335683 1.69132 -0.254137 0.834597 -0.26232 0.0703039 0.0947631 -0.0276332 -0.041293 
1.18196 0.301243 0.99762 -0.103137 0.819531 -0.908596 0.401692 -0.266528 -0.204081 -0.0151028 0.0224922 -0.0113004 
1.26033 0.515921 0.842781 -0.354792 1.29394 0.795332 0.734597 -0.67617 -0.140539 0.108981 -0.0448936 -0.0216131 
1.33764 -0.162927 1.06192 -0.239303 0.981176 -0.305823 0.906631 0.0690246 0.00245511 -0.261473 -0.195855 -0.0017877 
1.43803 0.343594 1.76014 0.197665 1.84894 -0.189221 0.831974 -0.640325 0.47166 0.156843 0.0621277 0.0928768 
1.39577 0.509564 1.94409 0.167837 1.1031 -0.585581 0.371546 0.225809 0.510757 -0.00843645 0.147714 -0.0346802 
1.70611 0.228345 1.57711 -0.325867 1.27087 0.351732 0.601111 0.345565 0.585868 0.0828522 -0.218155 0.0835592 
1.37473 0.173556 0.881967 0.260814 1.56988 -0.271865 1.29586 0.640132 -0.01426 -0.00488115 -0.0531193 0.0309145 
1.20961 0.201191 1.05412 -0.238476 0.76352 0.124387 0.778314 -0.350059 0.171141 0.00271365 0.215752 -0.0219969 
1.5501 0.0269416 1.45547 0.323025 1.39702 0.337268 0.793005 -0.201757 -0.0619311 0.21424 -0.0163658 -0.00802625 
1.28076 0.435857 0.764052 -0.0453762 1.32554 -0.773602 1.30952 -0.199552 0.0306202 -0.158269 0.28466 0.0700439 
1.38537 0.0589455 1.5906 -0.756051 0.96684 0.454021 1.1129 -0.418397 0.0688629 -0.178433 0.0844946 -0.0560606 
1.24457 0.377701 1.00425 -0.343597 0.417435 -0.117696 1.23521 -0.294831 0.0297164 -0.148216 0.137639 -0.0117304 
1.39279 0.250097 1.36767 0.217461 0.812592 -0.410949 0.586597 -0.39698 0.200042 -0.090583 -0.248382 0.0286898 
1.36696 0.583902 1.39299 -0.0141282 1.27984 -0.478424 1.03719 0.181942 -0.0801648 -0.414415 0.0901826 0.0975966 
1.33506 0.177886 1.11624 0.249794 1.52796 0.089227 1.46202 -0.0400964 0.492422 0.00984023 0.263566 -0.0276906 
1.43131 0.159479 1.51471 -0.248309 0.87455 -0.167404 0.911728 0.183182 0.255012 0.0082926 0.292815 0.0232167 
1.45274 0.525439 1.73158 0.794739 1.48975 -0.415904 0.205997 -0.900192 -0.0323641 -0.563779 0.0881542 0.0979842 
1.37252 0.484492 0.964482 -0.01672 0.573895 -0.0434896 0.70929 -0.306513 0.481026 0.0516001 0.217324 -0.0302516 
1.20585 0.394527 0.816882 -0.282449 0.861404 -0.468072 0.932539 -0.0446985 0.327247 -0.686713 0.306675 0.0462952 
1.06202 0.112392 1.47935 -0.0436559 0.27227 -0.0626299 0.173354 -0.306023 0.529009 -0.228452 -0.0198681 -0.0731818 
1.43541 0.299704 1.67789 -0.285117 0.348219 -0.353274 0.919811 -0.56679 0.36556 0.0153342 0.0168764 -0.0166062 
0.994439 0.420327 1.71708 -0.135012 0.912953 -0.288951 1.23403 -0.231909 0.392796 0.371785 0.292466 0.0223253 
1.09077 -0.437442 1.31313 -0.241652 -0.0702876 -1.01088 1.86627 -0.0825134 0.0694642 -0.2818 -0.0831043 0.0435011 
0.62751 -4.61416 1.94309 -2.30307 0.971131 -3.75129 -0.908709 0.535459 -1.51267 0.402005 -0.0398119 -0.0690794 
0.218144 -2.66441 1.16953 1.11317 1.10541 -1.97588 -0.00784246 -0.100615 -0.496516 -0.68693 -0.254964 -0.242026 
0.712106 -2.61036 2.74101 -0.433217 1.68446 -0.920004 1.37176 1.54986 -1.77322 -0.152111 0.283874 -0.0885035 
-0.297319 -3.652 3.2312 -0.601533 3.27085 -1.08287 2.16552 2.65503 -2.21439 -0.317971 0.267739 -0.0678126 
-0.210062 -2.58912 3.15236 -1.08429 1.40588 -1.40185 1.32788 1.38553 -2.0602 0.134989 0.372102 -0.0782107 
0.315231 -1.76128 3.77433 0.167984 0.653794 -3.51545 0.371167 1.45561 -1.61266 0.435215 0.408713 -0.0766584 
1.13265 -1.28063 3.62532 -0.748184 1.02989 -4.17631 -0.287017 1.47574 -1.6153 0.486666 0.516173 -0.0713256 
0.915753 -0.790867 2.04593 1.03514 -0.0728306 -1.6221 1.46697 1.90659 -0.92819 -0.189143 0.445502 -0.0609863 
1.54637 -0.500607 2.662 2.11383 0.185939 -1.08963 2.1624 0.943208 0.0711949 -0.266416 0.406904 -0.00331611 
1.54658 0.198391 1.67752 2.02164 1.15798 -1.06335 2.14203 1.35417 -0.0173222 -0.129822 0.675424 -0.0344596 
1.82195 0.526966 1.63816 0.70409 1.84874 -0.62571 0.925911 0.494144 0.301396 0.0628665 0.120567 0.00943751 
2.4995 1.46794 2.79896 2.02422 2.14026 1.3408 1.9182 0.858346 0.66933 0.680172 0.366765 0.0662418 
2.82049 2.23658 2.00773 1.96439 1.81195 1.48806 1.18629 1.07935 0.916402 0.595113 0.262765 0.0687543 
3.03424 2.53576 2.36515 2.29744 1.96969 1.74086 1.44174 1.1366 0.94812 0.583507 0.272202 0.0868227 
3.05371 2.56586 2.268 2.08573 1.77823 1.31598 0.943634 0.930055 0.859483 0.468204 0.276643 0.0652862 
2.84095 2.32661 2.23401 1.91377 1.39329 1.19932 1.12756 0.793748 0.647807 0.548039 0.330623 0.0544099 
3.01626 2.43534 2.2148 2.02296 1.53302 1.22021 1.17011 0.942314 0.620366 0.476231 0.366915 0.0632285 
3.04539 2.41053 2.07863 1.95377 1.62677 1.18331 1.02519 0.931363 0.673136 0.478319 0.369766 0.0605239 
3.93138 2.64519 2.19094 2.58775 1.93805 0.737498 0.54764 0.957099 0.954305 0.513693 0.403285 0.108365 
4.0413 2.737 2.3525 2.83431 1.9525 0.597516 0.325949 0.535404 0.642956 0.450761 0.406617 0.10598 
4.09822 2.47961 2.26358 3.34675 2.86604 -0.967264 0.581699 0.489826 1.04533 0.445101 0.0465242 0.0858106 
5.19464 2.17813 1.82513 4.22434 3.28463 -2.42202 -0.298847 -1.3012 0.894173 -0.316409 -0.289113 0.010461 
5.2276 2.01299 1.86064 3.76569 2.35836 -1.99593 -1.16947 -1.57613 0.619133 -0.127803 -0.277883 -0.0485946 
6.09723 1.84716 0.862922 3.74422 2.16937 -2.86394 -0.267829 -1.56673 0.984257 -0.276327 -0.0664524 0.0334976 
6.17829 0.85322 0.777501 3.72885 0.216369 -2.32338 1.3319 -1.37973 0.869788 -0.59934 -0.0149627 0.0191974 
5.8573 1.13731 0.797758 2.73401 -0.486763 -2.82574 1.6996 -0.309554 1.37663 -0.542199 0.0206998 0.0582596 
5.79107 1.69388 -0.334294 1.76198 0.323564 -3.36888 2.43431 0.973063 1.82693 -0.314345 0.210917 0.121906 
5.46447 1.7822 -0.306487 1.32395 1.34495 -2.69572 2.66123 1.55962 1.52523 0.11869 -0.0902505 0.0743321 
4.77136 1.39191 -0.0655056 1.8802 1.54002 -0.724698 1.33609 2.0698 1.79778 -0.09838 -0.366687 -0.0393046 
4.25106 0.996431 -0.11006 2.58718 2.46382 0.312014 1.61488 2.04957 1.49496 -0.368709 -0.489069 -0.00601401 
4.29369 0.211585 -0.0420419 3.48131 2.81907 0.053671 1.35447 2.44463 1.06508 -0.120936 -0.342114 0.056977 
3.66491 1.73434 1.1335 2.21949 2.09244 0.925082 1.03973 1.70025 1.11008 0.120797 0.0837889 0.0503085 
3.36022 2.26376 1.76593 2.15111 2.07989 1.22893 0.860292 1.16816 1.06665 0.49438 0.320311 0.0652037 
3.69383 2.86465 2.06557 1.67884 1.51211 1.45268 1.59722 1.45819 0.874659 0.373411 0.257687 0.063379 
4.19434 2.76258 1.57522 1.64945 1.90172 1.57635 1.34876 1.53639 1.28227 0.676519 0.251423 0.0611895 
3.71772 1.64414 1.80586 2.67261 1.67712 0.678878 1.71485 2.38041 1.28999 0.34382 0.11695 0.0858057 
5.87134 1.09019 0.156329 3.678 2.98495 -2.82171 1.33489 2.25194 1.82663 0.0364403 -0.315085 0.0961312 
5.41813 1.92013 -0.0887472 3.52143 3.50033 -3.56263 1.26854 1.27074 1.89809 0.149461 -0.474891 0.137587 
5.74642 1.87791 -0.405853 3.77216 3.63389 -3.61804 1.25441 0.669852 1.95228 -0.227505 -0.36284 0.151229 
4.33862 1.86361 1.19317 3.63864 2.47794 -2.63906 1.31517 0.946572 1.47132 -0.381395 -0.254569 0.126152 
3.45801 1.73585 2.09086 3.10062 1.04204 -1.49169 0.277873 1.41214 0.822625 -0.361064 -0.199378 0.088557 
3.40005 1.85585 1.99113 2.22331 0.18519 -1.4565 0.710514 1.60407 0.632169 0.0479742 0.235118 0.0935526 
3.52274 2.3269 2.15982 2.66587 1.47587 -0.27783 0.828454 1.31178 0.456314 0.000756633 0.18304 0.0755491 
2.36589 2.4382 3.87706 2.81666 0.461706 -1.25591 2.18359 0.310006 1.92404 -0.401055 0.207201 0.199465 
0.507077 1.63125 3.93098 2.58283 -0.0948807 -2.02672 2.07379 1.10206 1.01739 0.36797 0.212036 0.177934 
0.138191 1.56168 3.34145 3.67893 -0.499516 -2.19906 3.13174 0.692766 0.7811 0.477878 0.023132 0.14732 
-0.356179 0.445571 3.47564 3.38818 -0.346835 -1.12412 3.77999 0.730399 0.795187 0.0380718 0.184924 0.0844917 
-0.953653 0.150509 3.56049 1.54594 -2.36645 -1.84686 3.16089 0.688128 0.866148 0.459811 0.410405 0.0696669 
-1.16373 -0.597185 2.65322 1.8342 -2.48485 -2.01737 4.26887 0.634711 0.678733 0.366533 0.296362 0.0556733 
-1.69326 -1.68195 1.79495 0.510151 -2.21939 -0.941471 4.1942 0.0251556 0.907127 0.34332 -0.215292 0.156602 
-2.38513 -1.48791 1.83827 0.943249 -2.31472 -0.688073 3.87604 0.399578 1.31662 0.521195 -0.100924 0.133578 
-2.59593 -0.867897 1.48842 1.76739 -2.68498 -1.83657 2.62298 1.16017 1.42233 0.845993 0.0319957 0.116939 
-2.37862 -2.19122 1.3517 2.56478 -2.0218 -2.98062 2.06159 1.45054 1.46026 0.285053 0.376964 0.187114 
-2.92967 -3.09804 0.860311 1.71606 -2.3768 -2.36172 2.01558 0.81011 1.82923 0.567367 -0.259355 0.077005 
-2.52858 -2.83409 -0.0267124 2.40723 -1.59244 -3.11204 1.10118 1.30075 1.84417 0.777206 -0.345609 0.0700264 
-2.28967 -2.47606 -0.146915 2.81903 -1.23389 -3.55521 0.684964 1.02459 2.60162 0.0582298 0.285274 0.0159261 
-2.29977 -2.58351 1.21921 2.22607 -2.18287 -3.34536 1.85612 1.58022 1.61557 0.392215 0.0637112 0.15862 
-2.15851 -2.42025 0.596653 3.30861 -1.17545 -3.75252 1.86953 1.78613 2.28448 -0.133103 0.172889 0.236531 
-2.18699 -3.25649 0.32547 0.714468 -1.19601 -2.3151 3.02736 0.712607 1.57624 -0.614904 -0.337817 0.0794862 
-2.03047 -2.84405 -0.383319 1.31728 -1.11587 -3.23709 2.72069 1.05474 1.73041 -0.0308051 -0.460945 0.11908 
