1.14919 0.18098 1.41552 0.538878 1.11366 -0.0391508 0.816872 -0.316828 0.245998 -0.170398 0.146614 0.0292591 
1.45419 0.773083 1.98026 0.386749 0.890253 0.23882 1.35866 0.172467 0.207786 -0.190115 0.0591615 0.076467 
1.20766 0.141552 1.05032 0.429628 1.22528 -0.181485 0.756709 0.125074 0.590767 -0.277658 0.149473 0.0528447 
1.23463 0.0525643 1.308 0.132507 0.562655 -0.347635 0.421843 -0.20322 0.136161 -0.198021 -0.00885717 0.0033342 
1.20601 0.57944 1.34471 -0.319929 1.16481 -0.508216 0.00858331 -0.808233 -0.0813714 -0.0261291 0.104059 0.018846 
1.45059 0.699365 1.52282 -0.704493 0.559893 -0.401395 0.669047 -0.519911 0.433232 0.0097036 0.25003 0.121637 
1.23242 0.473293 1.08865 0.135582 0.659069 -0.527302 0.701807 -0.251613 0.131522 -0.399763 0.27156 0.0580545 
1.28261 0.664755 1.38503 0.766532 0.904695 -0.61212 0.582442 0.313014 -0.000409684 -0.00387665 0.245962 0.00853018 
1.07679 0.178018 1.70621 0.0844814 0.659168 -0.0523363 0.557949 -0.453333 0.4604 -0.128041 0.0158135 0.0554171 
1.08705 0.174154 1.90066 0.323735 1.84962 -0.175822 1.09084 0.340179 0.539821 -0.195491 0.171305 0.0275065 
1.56005 0.454654 1.38181 -0.335873 0.642282 0.760614 1.09023 0.481738 0.564903 0.0292696 0.289198 -0.0414946 
1.16878 0.199805 1.20972 0.935505 1.11375 -0.220639 0.859519 0.171223 0.550544 -0.127693 0.153146 0.0171108 
1.2478 0.758619 1.17693 -0.369318 0.933199 -0.0982687 1.35911 -0.519965 0.16873 -0.150514 0.116934 0.00629418 
2.3232 1.58555 2.00887 1.40714 1.74758 1.28398 1.33838 0.983164 0.827617 0.262459 0.30486 0.0422719 
3.36895 3.00318 2.68273 2.36259 2.01092 1.81978 1.58322 1.44301 0.9865 0.613198 0.23804 0.0973522 
3.03377 2.5989 2.28695 1.9324 1.61768 1.35677 1.1094 0.942347 0.801798 0.580886 0.340284 0.0716021 
3.01684 2.49479 2.21275 1.9366 1.54747 1.18935 1.00188 0.897625 0.764221 0.546432 0.322592 0.0596792 
3.20289 2.55301 2.26896 2.09109 1.41945 1.07106 1.10902 0.94654 0.953512 0.678953 0.323841 0.0783337 
3.11657 2.4956 2.14883 1.93974 1.66135 1.28087 1.01165 0.903225 0.698741 0.53303 0.346963 0.0645809 
3.43687 2.60975 2.23438 2.11256 1.64273 1.10604 0.916826 0.85489 0.687885 0.448822 0.338171 0.0687154 
4.94079 2.13114 1.49832 3.35266 2.65061 0.356764 -0.260866 0.756505 1.08829 0.37413 0.0450456 0.0376193 
5.03428 1.15844 1.64766 4.47973 2.42342 -1.98152 -1.07432 -0.375124 0.575146 -0.385821 -0.150652 0.0727972 
5.5738 1.16621 1.70211 4.25372 2.46801 -1.75146 -0.838324 -1.24898 0.902167 -0.335844 -0.18209 0.0642076 
4.66796 1.02814 2.5157 3.51981 1.57469 -0.309179 -0.968649 -1.0291 1.03731 -0.610616 0.0852277 0.198069 
4.32459 1.74774 1.78815 3.21983 1.7337 -1.00942 -1.72641 -0.896971 1.27914 0.0436718 0.0540091 0.0537305 
4.80836 0.792306 1.88023 3.46934 0.718835 -1.16036 -0.803348 -0.768284 1.30404 -0.155675 0.222015 0.219969 
5.58956 0.943746 0.973835 2.56278 -0.169475 -1.6232 1.19779 -1.14338 2.16409 -0.143567 -0.038447 0.0976647 
5.95991 1.00844 0.0847141 2.75779 -0.569087 -2.3022 2.4163 0.726977 1.8975 -0.361445 0.173905 0.0245653 
5.02107 1.88581 0.194303 0.384677 0.433834 -1.50896 3.53656 1.62364 1.21338 -0.372351 -0.0221085 0.0590147 
4.47991 2.32697 -0.642835 0.491566 1.12041 0.690599 2.76226 1.21308 1.14301 -0.7152 -0.150255 -0.048082 
4.57934 1.71181 -0.469853 1.68067 3.49546 0.659326 2.588 0.586345 1.45678 -0.902071 -0.397162 0.0225043 
4.05003 1.22714 0.69724 1.5634 3.93137 0.717611 2.10078 1.47928 1.15154 -0.273537 -0.263733 0.0979227 
3.38241 1.37314 0.960299 2.78273 2.68397 1.00896 1.36049 1.38162 0.810854 0.000411508 0.124969 0.0826173 
3.35433 1.66373 1.19897 2.31308 2.86792 1.86798 1.32091 1.50525 0.830597 0.0254037 0.036716 0.0679171 
3.25808 2.55238 1.9967 1.84236 1.76417 1.57233 1.54021 1.56405 1.02847 0.334271 0.126381 0.0489946 
3.35964 2.53067 1.90278 1.84382 2.14028 2.17298 1.72368 1.09075 0.604872 0.351276 0.262952 0.0754015 
4.16733 3.23636 2.02106 1.70393 2.30915 2.48045 1.62644 0.478738 0.0930039 0.33075 0.398159 0.129464 
3.51108 2.57549 1.15142 0.634841 1.16337 1.4293 1.2306 1.35607 1.51698 1.01929 0.274877 0.023925 
4.03684 1.9538 1.07962 1.50146 0.583918 -0.699966 0.414791 2.10105 1.52095 0.155101 -0.131613 -0.0157188 
5.91467 2.17499 0.883959 2.38213 0.950935 -1.57278 0.358311 1.95105 1.22131 0.302686 -0.12835 -0.0147731 
5.84701 1.64465 1.33454 3.49276 1.17055 -1.76263 0.079587 1.7259 1.15753 0.458844 -0.149985 -0.0567899 
6.53389 1.35842 0.753609 3.95532 1.34876 -2.7019 -0.258914 1.74484 1.45213 0.131882 -0.183366 -0.00375692 
7.4391 1.16306 0.208784 3.59363 2.20351 -2.14482 -0.542721 1.79507 1.51538 0.165374 -0.166209 0.0306856 
5.68684 1.14655 1.66661 3.42609 1.05679 -1.87823 0.562935 2.09444 1.02688 -0.0330772 -0.170017 0.0181417 
4.20724 2.02284 1.91403 3.10912 -0.187737 -1.89579 1.40086 1.58276 0.869893 0.207724 0.0710233 0.0365864 
3.26136 1.98507 2.66146 1.80178 -0.350614 -0.597686 2.2096 1.89381 0.296718 0.551384 0.397013 0.0161824 
1.74261 2.4686 3.97548 1.17392 0.0460891 -0.611555 2.50167 1.2389 2.23571 0.155791 0.44692 0.176311 
0.184417 -0.536594 4.90711 2.60396 -0.284255 -0.573549 3.12007 0.626075 1.56931 0.0144456 0.495825 0.00183349 
-1.53928 -0.641133 3.45276 1.3742 -0.41825 -1.50542 3.43308 0.6179 1.01754 0.204958 -0.227912 0.131937 
-3.04227 -1.97724 2.10355 0.86393 -1.47097 -0.81716 3.0253 1.14917 1.82526 -0.492367 0.081397 0.0482282 
-2.56379 -1.75321 2.02861 -0.0767572 -2.0876 -0.729363 2.37861 0.592574 1.80906 -0.107299 -0.0542892 0.129955 
-3.3005 -2.18802 1.41469 -0.269803 -1.83483 -1.15433 1.66196 0.861928 1.48008 -0.3776 -0.357994 0.193997 
-3.1906 -1.54316 1.24019 -0.617831 -1.80518 -0.857961 1.34277 0.8558 1.30858 -0.462841 -0.116934 0.14137 
-3.12017 -2.27329 1.61479 -0.750188 -1.86398 -0.952467 2.00416 1.09654 1.0434 -0.420354 -0.465205 0.230347 
-3.62656 -2.51649 0.616479 -1.51987 -2.58161 -1.30235 1.50048 1.02063 1.35191 -0.283983 -0.372075 0.0559807 
-3.4514 -2.4114 0.155501 -0.680563 -2.86236 -1.6034 1.47648 0.699788 1.3173 -0.305845 -0.195844 0.0433334 
-3.70612 -3.09508 -0.424161 -1.83221 -2.56262 -1.59635 2.02732 0.6962 1.51844 -0.132922 -0.475529 0.0995355 
-3.5474 -2.888 0.272904 -1.34457 -2.94895 -1.58166 1.49535 0.581504 1.54166 -0.0591957 -0.466182 0.154696 
-3.65268 -3.04773 -0.600437 -0.884476 -3.67979 -1.56603 1.95447 0.438108 1.79115 -0.568931 -0.0433817 0.0437004 
-2.61056 -2.47885 -0.397819 0.252368 -2.92122 -1.51214 1.78506 0.775246 1.53423 -0.645987 -0.0934458 0.000879918 
-3.00263 -3.5289 -1.71521 -1.13345 -3.221 -1.68001 1.90156 0.74783 0.945984 0.195516 -0.055446 -0.050113 
-3.06603 -2.81982 -1.68414 -0.995044 -2.64267 -2.91259 1.85083 0.012116 1.4762 0.0108334 0.435082 -0.113894 
-1.98672 -1.54601 0.6609 0.545144 -2.20196 -2.12185 2.29477 0.418136 1.15878 -0.115428 0.217076 -0.0283099 
-1.45035 -2.078 0.271286 -0.076962 -2.60839 -1.10354 3.09731 1.00292 0.672893 -0.32117 0.114562 -0.0558505 
-1.86601 -3.06102 0.200002 0.171079 -2.17288 -2.4559 2.09969 2.02135 0.10997 -0.471918 0.0523618 -0.0878188 
-1.78658 -2.15977 2.34944 1.91272 -2.56399 -1.1616 1.64915 3.57165 -0.745098 -0.114418 0.735217 -0.196685 
0.588559 -2.72406 1.72818 0.331753 0.335665 -0.232996 0.764327 2.71901 -0.590716 0.761329 0.250448 -0.275487 
0.499899 -1.72029 1.44496 -0.94898 1.7205 -0.787249 0.129909 2.89508 0.261453 0.515045 0.347507 -0.213593 
1.02676 0.699039 2.06474 -0.385949 2.49059 0.472862 -0.174685 0.649513 -0.667014 0.287386 0.287983 -0.00864025 
1.93019 1.65962 2.13422 1.43236 1.48538 0.49072 0.273014 -0.36354 0.0378263 -0.376081 -0.254203 -0.0529789 
1.15603 0.637983 0.895236 0.39743 0.368175 -0.153993 1.16316 0.122877 0.163852 0.216516 0.062563 -0.0157604 
2.74986 -1.52687 0.660313 -0.119532 1.34478 -0.861995 0.0305855 0.862834 -1.75411 0.186876 0.23816 -0.182301 
3.23486 -0.888112 0.455343 -0.0691554 3.56914 -2.19375 -0.236809 0.485687 -0.248127 0.770777 -0.0221373 0.067282 
3.3174 -0.110151 1.35825 0.00839654 3.37338 0.721598 -1.26176 0.0735247 -0.716568 0.881333 0.0953554 -0.0881713 
2.41481 -1.10875 -1.59051 -1.31923 3.40586 2.04253 0.603914 0.17731 -0.118033 0.612356 0.364174 0.109486 
1.56403 -2.11031 -1.17828 -0.354031 2.15753 1.55841 1.46915 -0.0549575 -1.1776 0.920877 0.211178 -0.0255957 
1.2606 -2.37085 -0.897587 -0.687985 1.31965 2.32794 2.28654 -0.668373 -0.849224 0.790663 0.363617 -0.0659232 
1.75428 -1.46086 -0.787863 0.234189 1.8469 1.37265 2.42743 -0.388714 -0.239038 0.86127 0.344412 -0.0900608 
1.5262 -0.626557 -1.17249 -0.629329 1.20181 1.04064 2.40538 -0.389433 0.228381 0.498302 0.0540109 0.0107079 
1.11127 -0.295508 0.0426357 0.189493 1.29968 0.049307 0.860555 -0.436209 0.0700413 0.753758 0.424077 -0.095868 
1.36958 0.169 0.926894 -0.30108 0.971296 0.244042 1.21683 0.267129 0.69699 0.432027 0.133209 -0.0543831 
0.966756 0.320957 0.447616 0.475723 0.906295 -0.317898 1.14699 0.531959 -0.23044 -0.27938 -0.113094 0.00712189 
1.09382 0.416406 0.792019 0.303634 0.807429 1.11336 0.286488 0.48655 0.207738 0.0627069 0.116897 0.0388894 
1.15099 0.285023 0.834 0.140009 1.34611 0.578774 1.25592 -0.0891535 0.279848 0.151666 0.00570904 -0.100756 
0.973748 0.531468 1.33079 0.71152 1.02888 0.984263 0.91486 0.350121 0.542371 -0.198133 -0.0366083 0.0373428 
