1.74146 0.110841 1.28836 -0.353087 1.71365 0.368718 0.616357 -0.148901 0.122373 0.0639199 -0.0315988 0.0971453 
1.79165 0.546555 1.04875 -0.121262 1.3186 0.203676 0.799771 -0.504792 0.373422 -0.0852946 0.0853924 0.0988124 
1.78101 0.482653 1.681 -0.201094 1.52375 0.322458 0.716839 0.0677782 -0.162592 0.0290552 0.333483 0.0552684 
1.7748 0.509852 1.31363 0.100979 0.134644 0.313833 1.6909 -0.575482 -0.0442768 -0.316878 0.0348586 0.129238 
1.62615 0.370991 0.82437 0.186063 1.08237 -0.257902 0.318657 -0.177381 0.10867 -0.403006 -0.0314784 0.00973061 
1.2637 0.0484563 0.795518 0.173913 1.68755 -0.258404 0.584027 -0.188155 0.000208339 -0.415639 -0.0942177 0.00378245 
1.56322 -0.0670714 1.34711 0.291722 1.15127 0.249195 0.535274 -0.115158 0.511276 -0.372411 -0.0928612 0.0914701 
1.62033 -0.271952 1.48531 -0.267942 0.841361 0.48876 0.593812 0.0931512 0.674294 -0.36914 0.0145867 0.0470695 
1.82276 -0.0994115 0.668938 -1.13765 0.347233 -0.715941 0.540754 0.649368 1.04401 0.66684 -0.0822935 0.0110109 
1.88151 0.53697 1.30164 0.233682 0.981188 0.0745114 0.45781 -0.315618 -0.0150765 -0.692077 0.149351 0.0976525 
1.64655 -0.120702 0.753772 -0.130972 0.94482 0.35359 0.630178 -0.540382 0.173232 -0.109703 -0.142485 0.0834423 
1.56175 0.31842 0.888146 -0.385355 1.92379 0.361208 0.512893 0.140992 -0.250803 -0.122109 -0.0811086 0.0619821 
1.53057 0.2406 1.20579 -0.0708491 1.23309 0.223288 1.68907 -0.451888 0.185043 -0.188102 -0.0173938 0.0416689 
1.40338 -0.0768402 1.18511 -0.119614 1.18047 0.0880584 1.18798 -0.220171 0.245908 -0.116245 -0.0831047 0.0586816 
1.44015 0.653142 1.78195 0.402549 0.704699 0.118356 1.46815 -0.264732 0.130208 -0.344732 0.0503013 -0.0492577 
1.40495 0.0931191 0.827962 0.109579 1.32994 0.100898 1.17056 -0.564648 0.162329 -0.0964137 0.0452176 -0.0231971 
1.62261 0.267904 0.716282 -0.374417 0.535546 -0.179191 1.26533 0.0878387 0.205757 -0.171918 0.241847 0.0489432 
1.69895 0.0973215 0.735641 -0.51117 0.872275 -0.0921922 1.01652 -0.189156 -0.405667 0.0620416 0.145838 -0.0285818 
1.41171 -0.274674 0.994848 -0.108328 0.834527 0.106789 0.184888 -0.427687 -0.0916709 -0.643995 0.0628268 0.02854 
1.35491 0.0937236 1.10775 -0.558135 0.92086 0.314512 1.79443 -0.352386 -0.165186 -0.359573 0.0535922 0.0295841 
1.51548 0.460736 1.33552 -0.212704 0.394775 -0.346516 0.876249 -0.348276 0.050405 0.151785 0.185699 -0.00702391 
1.3506 0.15231 1.1186 -0.407268 0.477796 -0.0208232 0.790132 -0.352744 0.204316 -0.114275 0.0426313 0.0109779 
1.50116 0.72388 1.06277 -0.801115 0.873584 0.181445 0.998026 -0.421828 -0.540669 -0.171885 0.0628575 0.0263173 
1.32193 0.0572813 0.526426 0.312819 1.22166 -0.109969 0.966133 -0.631846 0.249399 -0.248904 0.0292945 0.0511817 
1.41047 0.0866794 1.30681 -0.0692908 1.5752 0.787577 1.64481 0.229753 -0.125647 -0.220645 -0.126656 -0.00991587 
1.67254 0.107324 0.674941 -0.376565 1.07317 -0.0448618 0.724658 -0.913472 -0.26578 -0.351554 -0.116609 0.0313056 
0.863193 1.3376 0.302847 -0.216988 1.47585 -1.54572 2.24109 -1.06982 0.138407 -0.185337 -0.186106 0.121616 
-1.68061 3.07458 -0.770205 -3.13802 0.785845 -1.19528 2.30451 -0.143087 1.67032 -0.176 -0.394951 -0.0410551 
-2.91109 2.43064 1.37215 -3.30852 0.805193 -0.196546 0.844142 0.137557 1.79697 -0.739803 -0.0521021 0.0616747 
-0.283784 1.51803 -0.223423 0.164714 0.739948 0.441432 1.0405 -0.933354 0.955647 -0.678493 0.0302402 0.145484 
1.3774 0.0056141 0.712037 -0.446103 1.16258 -0.454688 1.74916 -0.898144 0.133858 -0.413951 0.135174 0.0899266 
1.59657 -0.392151 0.298143 -0.10787 0.487041 -0.729088 1.63291 -1.49181 0.0446281 -0.165111 0.365088 0.0963558 
1.56808 -0.769399 0.990238 1.18712 1.7489 -0.609581 0.742927 0.367598 0.0891365 0.0315313 -0.184056 -0.0449308 
1.56593 -5.77375 -0.780017 4.34239 2.4804 -3.73515 -0.503814 0.456576 0.609159 -0.0561168 -0.31692 0.0257678 
-1.14133 -2.75779 0.167598 2.69017 1.5198 -0.893528 -0.0463175 -1.04277 0.981672 -0.110657 0.00251192 0.0519321 
-3.80111 -2.57235 0.354605 6.04138 1.67647 -2.10366 0.244438 -0.756638 1.25732 -0.0456643 -0.246186 -0.178412 
-0.462699 -0.650866 -0.240632 2.55961 1.97939 -2.39928 1.04569 0.273731 0.595833 0.349988 -0.189934 -0.118627 
0.701786 0.522581 -1.52109 1.95258 0.871397 0.35883 -0.535518 0.0641205 1.57484 -0.344007 0.1193 -0.134474 
1.47667 0.284922 0.331055 0.858152 0.633056 0.579986 0.978526 -1.02401 0.612499 -0.475241 -0.0447249 -0.0480709 
1.54278 0.288457 1.10277 -0.121929 0.921632 -0.195965 1.00698 -0.470659 -0.548598 -0.169677 0.0666404 0.0371402 
1.5957 0.330166 0.787968 -0.439887 1.12432 0.675917 0.845209 -0.171406 -0.0476413 -0.250322 -0.112981 -0.0254797 
1.65915 0.385366 0.714459 -1.28613 0.194365 -0.905157 1.0621 -0.59228 -0.383977 -0.319084 0.172582 -0.00981696 
1.94611 0.399896 0.850301 -0.307594 0.866841 0.375316 0.970913 -0.169475 0.201415 0.114929 0.423188 -0.024791 
1.80506 0.444684 1.41051 -0.432089 0.697455 0.575307 0.347158 -0.207359 0.202969 -0.471054 0.120501 0.032184 
1.58204 -0.0624936 1.11997 -0.583574 0.978609 -0.52428 0.763565 -0.513472 -0.319066 0.0446385 0.135462 0.0393564 
1.74214 0.613376 0.350958 -0.641848 0.742403 0.0258126 1.17503 -0.119916 0.284803 0.0461076 0.120243 -0.00092785 
2.15564 1.26934 1.96182 0.47575 2.27481 1.17444 1.90577 1.04207 0.544667 0.467963 0.384951 0.0425059 
2.63258 2.10834 1.89455 1.69057 1.43096 1.24689 0.9944 0.757481 0.539073 0.353464 0.19291 0.0375292 
2.81289 2.37112 2.20254 2.03137 1.82369 1.55529 1.30835 1.04099 0.800856 0.564174 0.333549 0.0690487 
3.31713 1.76076 1.62211 2.5898 1.93379 0.400492 0.51464 1.55542 1.67112 0.84841 0.113677 0.0488093 
3.15448 1.56267 1.78866 2.90861 1.88594 0.310816 0.538608 1.29711 1.05153 0.444278 0.0659408 0.0489402 
3.42282 2.41617 1.73149 2.03286 2.03408 1.26062 0.664815 0.731204 0.746927 0.549196 0.405299 0.0719896 
3.30477 2.42495 2.18997 2.34306 1.86278 1.15987 0.762047 0.73301 0.740605 0.639148 0.391329 0.0735806 
3.02561 2.21904 1.95487 2.18684 1.91805 1.17065 0.776173 0.806817 0.719451 0.495665 0.297914 0.0498678 
3.00155 2.2714 1.95048 1.96931 1.70613 1.15969 0.759866 0.684281 0.61205 0.491122 0.317929 0.0461758 
3.15836 2.34177 1.97918 2.02381 1.82255 1.19029 0.557013 0.373258 0.527881 0.594313 0.382441 0.0532737 
3.14571 2.32771 1.97372 2.16589 1.82348 1.11322 0.58697 0.502213 0.592016 0.392557 0.317803 0.0472755 
3.90775 1.90741 2.07031 3.68771 2.98412 -0.382375 -1.00411 -0.516907 0.0717135 -0.267839 -0.0934072 -0.0574739 
4.45267 1.23983 1.35662 4.0394 2.56513 -1.82541 -2.13002 -1.09607 0.0723336 -0.483453 -0.151645 -0.013304 
4.2479 1.23516 1.08676 3.2694 1.94371 -1.84662 -2.14562 -0.922101 0.0398296 -0.243778 -0.0355476 0.021678 
4.78497 1.1917 0.730179 2.8171 1.4042 -1.64066 -1.48351 -0.505249 -0.131614 -0.381571 0.143817 0.125315 
4.90027 1.33708 0.162655 2.09275 0.817925 -1.87317 0.0220861 -0.370299 0.0629623 -0.587979 0.287734 0.180538 
4.80848 1.27828 -1.00024 1.04832 1.05361 -1.55039 1.02363 0.0970888 1.10221 -0.00473158 0.0982385 0.0206732 
4.96233 0.830626 -1.58465 1.36103 1.29756 -0.825867 1.44706 0.598283 1.81333 -0.104609 -0.146231 -0.100006 
4.95399 1.12543 -1.39785 1.09519 2.57341 -0.0113515 1.69669 0.847572 1.42402 -0.570035 -0.445806 -0.0356439 
4.41106 0.726295 -1.30177 1.55673 3.03674 0.750527 1.50759 1.25842 0.993346 -0.72256 -0.395512 0.0465438 
4.17248 0.396991 -0.769558 2.24653 3.17515 0.966619 1.11708 1.67576 0.762669 -0.466489 -0.445539 0.0449057 
3.43714 1.89034 0.996715 1.44922 1.8453 1.6113 1.44211 1.30089 0.606026 -0.0399986 0.108715 0.0399304 
3.51507 2.07658 0.951387 1.27693 2.0888 2.08472 1.60539 1.08723 0.424573 -0.0777181 0.121515 0.0521765 
3.58124 2.01404 0.734635 1.08425 1.96443 1.93022 1.38916 0.957251 0.410415 -0.0191115 0.196966 0.0528184 
3.72891 2.19915 0.767115 0.807836 1.5217 1.74869 1.21497 0.731213 0.452604 0.362992 0.408977 0.0758624 
4.61196 0.795233 -0.0306389 1.95533 0.413251 -1.79354 0.902299 2.47812 1.52464 0.102062 0.00755145 0.0452801 
4.81511 0.425356 -0.748506 2.04374 1.04426 -2.46206 0.080892 1.90528 1.76794 0.115124 -0.202566 0.0195145 
5.0123 -0.267788 -0.959555 3.21895 2.26756 -3.64521 0.190999 1.56999 2.07324 0.125269 -0.20284 0.104739 
6.32198 -0.311486 -0.842296 3.94811 2.92716 -3.93012 1.05314 1.10278 1.94405 -0.476447 -0.354318 0.139686 
5.94987 0.41077 0.163067 3.59805 1.4769 -2.37215 -0.0517998 2.19735 1.16207 -0.127108 -0.112374 0.108172 
4.82584 0.412976 1.24774 3.39403 0.386762 -2.41734 0.761849 2.00184 0.878999 -0.119933 0.123972 0.139138 
4.46162 0.97828 1.59554 3.18134 0.303552 -1.73484 0.846485 1.88148 0.670635 0.415197 0.457978 0.13937 
3.49665 1.26122 2.42771 2.96879 0.182839 -2.37205 0.876143 1.08751 0.933178 0.591555 0.355495 0.14693 
2.56061 -0.071039 2.57802 2.67334 -0.596192 -2.16063 2.4761 1.38845 1.78546 -0.239474 0.32431 0.177259 
0.712822 -0.84015 3.98122 1.77199 -0.0577308 -1.29124 3.24248 1.05413 1.22072 -0.183893 0.0200772 0.186993 
0.0312739 -1.34916 2.2248 1.95257 -0.537537 -2.57232 2.88832 0.768963 1.69547 -0.272037 0.180035 0.0877327 
-0.558803 -1.94573 1.57862 2.00404 -2.02673 -2.04881 2.69979 0.628327 1.65651 -0.051549 0.232494 0.022125 
-1.12285 -2.15693 1.40568 2.41783 -1.68168 -2.04276 2.4765 1.17346 1.8185 -0.142744 0.421969 0.0330424 
-1.70655 -1.86646 2.19837 1.38111 -0.97866 -2.02268 1.82817 0.670806 2.23445 -0.0521608 0.20305 0.183147 
