1.2975 0.493314 0.854246 -0.12953 0.542279 0.310301 1.16419 -0.012598 -0.0657474 -0.130472 0.270627 0.023773 
1.44625 0.560561 1.01292 -0.242666 0.990216 -0.164407 0.722385 0.0831133 -0.268437 -0.185271 0.0483841 0.0175595 
1.59174 -0.00539577 1.19454 -0.377829 0.880439 -0.318301 0.92646 -0.0796665 -0.281033 -0.066244 -0.0475825 -0.0370128 
1.34214 0.187606 1.00318 0.138538 1.24276 -0.751672 0.907386 0.0220543 -0.0758243 -0.455752 -0.051906 0.116053 
1.73815 0.289906 0.970227 -0.805741 1.49835 -0.390669 0.883161 -0.0254965 0.275202 0.180106 0.101336 -0.0329136 
1.61369 0.335531 1.03495 0.449473 0.574193 -0.268941 0.57259 -0.31801 0.714497 -0.435839 0.144498 0.0127246 
1.59948 0.605425 0.762258 -0.609155 1.11181 -0.222865 0.235001 -0.0577406 0.155365 0.268395 0.27417 0.0176102 
1.74915 0.45303 1.41702 -0.396219 0.0823421 -0.165838 1.30003 -0.247262 0.308971 -0.314661 0.451569 0.128741 
1.75043 0.51303 1.17854 0.00496301 1.16942 0.0145881 1.1459 0.401841 0.33195 0.141437 -0.0914361 0.0742837 
1.38288 0.189385 1.24297 -0.0328998 1.02319 0.556156 1.06808 -1.10386 -0.0706534 0.280049 -0.00965015 0.0207683 
1.35193 0.135579 0.915337 -0.255859 1.29594 0.139326 1.2055 0.100956 0.228473 0.172897 -0.00398462 -0.0215601 
1.59158 0.395987 0.613817 0.0986287 0.846159 0.57321 0.409831 -0.552424 -0.0408282 -0.348545 -0.140029 -0.00143281 
1.65638 0.337472 1.38613 -0.128073 1.03169 -0.0513437 1.0002 -0.609594 -0.199072 -0.554315 0.00506529 -0.017534 
1.56417 -0.025966 1.37717 -0.257881 1.41879 -0.105873 0.832474 -0.700107 0.0683385 -0.00344731 0.0359201 0.00601676 
1.348 0.187418 0.917763 -0.159147 0.883411 -0.00431167 1.31257 -0.797273 -0.295282 -0.141912 0.0860492 0.0929795 
1.55766 -0.139224 0.842986 0.318935 0.93613 0.0163553 0.949231 -0.60357 -0.395463 -0.32274 0.082101 0.0318347 
1.74686 0.173781 1.09147 -0.625532 0.937015 0.220567 0.928447 -0.588797 -0.200655 -0.289003 0.147137 0.0439629 
1.77699 -0.286139 1.12307 -1.01712 1.17246 -0.61024 1.29343 -0.0718052 0.424596 0.107404 -0.0974575 0.0396971 
1.35091 -2.33999 -0.639174 2.77021 2.74547 -1.41032 -1.1732 0.654127 1.28753 -0.245869 -0.239039 -0.00844488 
1.86955 -1.81924 -0.148328 1.51726 2.71632 -1.00356 -0.847956 0.167866 1.12843 0.225555 -0.170477 -0.0288393 
1.37625 -0.00494443 0.74774 -0.478277 1.46702 0.279376 -0.0599024 -0.859891 0.317028 -0.241028 -0.252953 0.0325181 
1.00999 0.513079 0.534363 0.351709 0.846697 0.474109 1.60914 -0.798588 0.575608 -0.131305 0.164676 0.063552 
-1.4928 3.9785 -2.25165 1.19507 1.38061 -0.969945 3.44244 -2.8106 1.04882 -0.647948 0.362986 -0.0577241 
0.167227 2.06079 -0.884478 0.876879 0.726263 0.0963892 1.58658 -0.952061 0.170625 -0.909113 0.439208 -0.0064248 
1.67784 0.0976424 1.13576 -0.214866 1.30602 0.584282 1.48843 0.111101 0.212889 -0.20278 0.337378 0.0727049 
1.78808 -0.375251 1.05081 0.267666 1.37622 -0.713561 1.14354 0.268736 0.157205 0.393511 0.109172 0.109517 
1.872 -0.347614 0.788738 -0.150326 0.500552 0.0375043 0.853989 -0.18097 0.287579 -0.0979754 0.197762 -0.0239208 
1.86019 -0.338146 0.732696 -0.662379 0.0252326 0.0664228 0.792741 -0.119786 0.426984 0.177291 0.150601 0.0920699 
1.43191 -0.28071 1.15926 -0.493051 1.27366 0.79234 1.17356 0.0683417 0.0915679 0.0112404 0.0455906 -0.0300543 
1.66615 0.132126 0.927007 -0.893587 0.977533 0.420591 0.653615 -0.131318 0.241654 -0.166075 0.351845 0.0288361 
1.60225 0.184119 1.23543 -0.681888 1.09879 -0.0676358 1.11388 -0.194761 -0.137254 -0.358437 0.120944 0.0213154 
1.68282 -0.268506 1.09019 -0.380148 1.71701 -0.359787 1.13998 -0.377108 0.083456 -0.271816 0.181033 0.127246 
1.62432 0.329401 0.972473 -0.213113 0.612913 0.0577747 1.31689 -0.582527 -0.669648 -0.177026 -0.094666 0.0515313 
1.60275 0.0789622 1.1429 -0.250016 1.10315 0.267678 0.318118 0.213016 0.321782 -0.0843005 0.0755773 0.0347704 
1.60212 0.0562624 0.952444 -0.477369 0.479679 -0.0534099 1.22405 -0.210969 0.29689 -0.189393 0.161716 0.0243555 
1.64484 -0.0481641 1.26838 -0.709407 0.566809 -0.309741 1.19186 -0.30176 0.0637717 -0.0156476 0.00713727 -0.0119211 
1.43244 0.290316 0.984919 -0.131236 0.273366 -0.00945212 0.921984 -0.789512 0.187964 -0.240724 0.00114911 0.0746853 
1.62538 0.446581 0.994594 -0.373172 1.24301 -0.792057 1.09835 -0.174847 0.0694518 -0.103987 0.109622 0.0851642 
1.24959 -0.109363 1.64634 -0.00435176 1.32421 0.642435 1.06744 -0.371267 -0.0242879 -0.207728 0.0219721 0.0532653 
1.4217 0.361247 0.821849 -1.06193 1.07262 -0.549819 0.819233 -0.476432 0.0649633 -0.0871917 0.0143109 0.0434819 
1.56098 0.0985566 1.24762 -0.197616 1.22699 -0.46119 1.0608 -0.110466 -0.169069 -0.14024 0.302701 0.0953854 
1.75003 0.279534 0.765209 -0.314541 0.477536 0.398141 0.290664 -0.18868 0.313749 0.0301911 0.25434 0.0345227 
2.38525 1.71736 1.8304 1.99738 2.30585 0.913142 1.51024 0.894454 1.06215 0.564286 0.658039 0.0631068 
2.82809 2.43385 2.23737 2.07277 1.94159 1.66501 1.37421 1.09503 0.839807 0.5855 0.332936 0.0772101 
3.27203 2.98937 2.80812 2.4714 2.02191 1.46227 1.02394 0.799203 0.632637 0.516065 0.419245 0.0894465 
2.82274 2.34284 2.21098 2.07823 1.77698 1.67546 1.49204 1.25788 1.00333 0.691858 0.462262 0.101373 
2.89228 2.43601 2.22812 2.01328 1.79832 1.52401 1.18191 0.917993 0.687027 0.506319 0.323615 0.0673783 
2.82132 2.32976 2.06111 1.80234 1.57435 1.33071 1.11764 0.928299 0.720839 0.504695 0.298585 0.049712 
2.76618 2.23448 2.01188 1.82835 1.56246 1.3284 1.07832 0.829856 0.62004 0.45555 0.28582 0.042935 
3.25676 2.54428 2.09487 1.95457 1.88996 1.56814 1.13483 0.810674 0.550929 0.445396 0.415571 0.0756228 
4.61486 3.04333 1.67603 1.99791 2.44438 1.52712 0.642053 0.579961 0.468497 0.11401 0.497322 0.145569 
4.27753 3.00462 2.21876 2.49213 2.50233 0.871468 -0.0781915 0.360721 0.741043 0.396984 0.459438 0.111901 
3.93471 2.61562 1.73748 2.56871 2.71842 0.500441 0.32648 0.185202 1.3148 0.512966 0.219427 0.0394374 
4.53066 1.49671 2.0794 4.42619 3.43726 -2.06976 -0.699731 -0.943214 0.670433 -0.397915 -0.428256 -0.0504245 
5.69208 0.206906 1.15682 5.50508 3.82986 -3.95678 -1.14976 -1.24753 0.53407 -0.541405 -0.401212 0.0232914 
4.28024 0.600627 0.672628 4.1737 2.59595 -2.80564 -2.14058 -0.801219 0.51857 -0.111308 -0.16242 0.013038 
4.56451 0.930012 0.36771 3.32318 2.73481 -2.22328 -2.12389 -0.90169 0.644749 0.167508 -0.0338626 0.044281 
4.94848 0.643307 -0.202603 2.928 1.93842 -2.06586 -0.577665 -0.256578 0.696594 0.0316757 0.24769 0.164177 
5.87735 0.149648 -1.28987 3.0009 1.49224 -2.71137 1.27942 0.248726 1.39153 -0.346793 0.288781 0.162764 
5.32791 1.22841 -1.79951 0.70272 1.31015 -1.67817 2.15034 0.953904 1.98547 -0.255484 0.143695 0.116987 
5.20276 1.06694 -2.26826 -0.329022 1.98667 -0.476846 2.56206 1.40592 2.21362 -0.305735 -0.251958 -0.0170732 
4.46085 1.17134 -1.47843 0.908858 2.37315 0.649364 1.85298 0.874498 1.67775 -0.661055 -0.283537 -0.0477287 
3.93107 0.863732 -0.696217 1.2826 3.17691 1.6251 1.17951 1.02324 0.906173 -0.590896 -0.429778 -0.0100518 
3.54886 0.269002 -0.277223 2.17994 2.83019 1.23883 1.10028 1.63099 0.662244 -0.43924 -0.422024 0.0468725 
2.99536 1.7834 1.20559 1.17647 1.29889 1.58458 1.85747 1.48486 0.540272 -0.058605 0.0255695 0.0240277 
3.52834 1.94444 1.08213 1.71061 2.36307 2.037 1.59321 1.39708 0.867714 0.163577 0.109744 0.0547903 
3.67498 2.0849 0.958365 1.27381 1.9472 1.92155 1.71657 1.61768 0.984959 0.212229 0.165927 0.0475372 
3.18514 2.25043 1.44915 1.31045 1.77206 2.15612 2.01938 1.35413 0.60627 0.226557 0.231391 0.0647088 
3.19621 2.38312 1.72581 1.55685 1.79896 1.94417 1.72855 1.25382 0.748222 0.466213 0.307221 0.0696412 
4.89243 2.40836 0.363217 0.775261 1.42646 -1.40481 1.50479 2.23716 2.49815 0.208533 0.166988 0.086514 
5.16087 2.22756 0.174542 2.11791 1.74962 -3.27598 1.68974 1.30896 2.59559 0.264082 -0.0561285 0.118419 
5.04042 1.8974 0.711652 2.96719 1.33501 -3.38762 1.3006 1.30474 2.08657 0.336982 0.0920992 0.139428 
4.96221 2.21929 0.267951 2.60156 1.4493 -3.4454 1.83827 0.797213 1.8044 0.11212 0.165151 0.165945 
5.52889 0.408054 -0.0599603 3.33062 1.73154 -3.83687 1.32474 1.28808 1.74647 -0.0175105 -0.0498057 0.117734 
5.35456 0.906756 0.4629 3.39295 1.50538 -4.33854 2.07339 0.993006 1.34377 -0.109741 0.0700149 0.151154 
5.86626 0.915876 0.91345 3.17475 0.625518 -3.70402 3.20331 0.861467 0.937799 -0.213821 0.391055 0.150437 
3.79942 1.74267 2.19502 2.42655 -0.414206 -1.435 1.56057 0.918675 0.381444 0.192922 0.709904 0.128182 
2.31263 0.588757 3.92833 2.0133 -1.36656 -0.976002 1.4239 0.327892 0.990623 0.152977 0.393902 0.0981431 
1.40287 0.377226 4.30516 1.8875 -1.09642 -1.78451 2.83918 0.757787 1.09059 0.506929 0.625328 0.0805478 
0.0378745 0.888773 4.19469 1.68326 0.832272 -1.30872 2.62528 0.663012 1.17728 0.167959 0.371236 0.0428519 
-0.745102 0.0750393 4.09882 1.6269 -1.20653 -1.93879 2.11104 0.466422 1.40592 0.319038 0.0759737 0.0977034 
-1.6473 -0.176284 2.94036 1.47829 -3.75065 -1.6062 1.86228 -0.174499 1.56125 -0.138947 0.229255 0.137934 
-2.25945 -0.0564039 2.2965 2.44362 -3.18518 -1.27584 2.19906 0.156865 0.978349 -0.0906302 0.272495 0.0801143 
-2.54878 -1.28253 2.78457 1.61557 -2.21661 -1.80444 2.86351 0.17652 1.28092 -0.292313 0.26281 0.202875 
-2.61148 -0.705859 3.07853 0.911681 -2.12279 -1.36612 2.16235 1.31222 1.04538 0.0376711 0.0653553 0.137926 
