1.59849 -0.217987 0.471233 -0.981483 0.197879 -0.0398599 1.24882 -0.396489 0.130739 -0.471771 -0.0465458 0.0803518 
1.55256 -0.189768 0.945535 -0.313765 0.300132 -0.0416195 0.858956 0.63861 0.0987978 -0.40641 -0.181928 -0.00101965 
1.37553 0.268461 1.21365 -0.193938 0.66749 0.20087 1.50639 -0.362148 -0.115863 -0.158516 -0.263139 0.0692141 
1.61522 0.315642 0.900096 -0.0648629 1.02437 -0.541069 0.585123 -0.358567 0.179351 -0.316389 0.0872368 -0.00791128 
1.49697 0.302192 1.29223 -0.220588 1.85769 0.476996 1.22539 -0.372895 0.221422 -0.181661 0.137349 0.0072771 
1.52171 0.0970139 0.594305 -0.0246157 0.959748 0.0895405 0.88206 -0.554753 -0.0804576 -0.153903 0.191399 0.0592146 
1.39839 0.756111 1.26603 -0.0658154 0.988262 -0.0778932 1.12856 -0.503872 -0.195671 0.143183 0.103032 0.0265991 
1.51053 0.29661 0.823949 0.41979 1.15545 0.617593 1.33881 -0.298402 -0.194712 -0.274154 -0.0971936 0.00447183 
1.59335 0.320075 0.785432 0.390759 0.544593 0.21852 1.06452 -1.13783 0.0258962 -0.235628 -0.204157 0.0463839 
1.66214 0.296913 0.89873 0.214688 1.37981 0.587603 1.51444 -0.370868 0.517218 -0.174578 0.0999942 0.0158178 
1.76741 0.0966353 0.65858 -0.699898 1.32939 -0.180916 0.84303 -0.0505748 0.205888 -0.352372 0.0194543 0.033093 
1.33009 0.463525 0.757908 -0.706417 1.22626 0.168608 0.995327 0.076053 0.179848 -0.479864 -0.037663 0.0326 
1.6723 -0.266465 1.18532 -0.291868 0.94717 -0.13023 1.04469 -0.30192 -0.298815 -0.22558 0.0947956 0.0967156 
1.66291 -0.0666865 0.87848 -0.240177 1.41402 0.0998015 0.866564 -0.662405 -0.0419676 -0.510941 0.104606 0.0374867 
1.65709 0.216275 1.07328 -0.285925 0.909166 0.200221 0.765226 -0.281654 0.139974 -0.262178 0.0325446 0.0180769 
0.853747 -0.0389429 1.67565 -1.78069 1.2695 1.11919 -0.767115 0.884861 1.25055 -0.631942 0.332925 -0.0241 
2.41084 -3.59969 0.863231 -3.0381 -2.8196 -1.96253 -3.39237 0.650841 1.64499 0.0948008 0.261703 -0.058264 
1.96845 -1.6658 1.00498 -2.64865 -2.20948 -2.29675 -2.78624 -0.420751 -0.0737711 0.414381 0.852084 -0.06777 
1.92181 -1.37278 0.794389 0.320319 0.329873 -1.30573 -0.863456 0.240964 0.729074 0.666344 0.0753195 -0.0922737 
2.17167 -1.30542 0.242614 0.568129 0.370314 -2.25471 -0.24876 -0.858638 0.0712282 0.505558 -0.0956802 -0.0599157 
1.92938 0.238424 0.831032 -0.78502 0.111986 -1.24986 1.19452 -0.819873 -0.0778607 0.0285044 0.345097 0.165522 
1.45193 0.232054 0.416341 -0.21693 0.221135 0.104906 1.48133 -0.339956 -0.00432561 0.150838 0.184803 0.0768542 
1.59863 0.545203 0.628801 -0.456826 0.232809 -0.17336 1.56017 -0.774537 -0.139305 -0.131698 0.128347 -0.0273162 
1.45323 0.239491 1.28972 0.327279 1.50589 -0.257432 0.719661 -0.415696 -0.696195 -0.390019 -0.255773 0.0373402 
1.78134 0.595672 1.93448 0.609014 1.06894 0.0728447 0.904403 -0.412798 0.156881 -0.530265 -0.209757 -0.00743699 
1.54312 0.982011 1.5368 -0.0874201 1.59898 0.582997 1.48223 -0.0566229 -0.37843 -0.246267 0.0679826 0.0923174 
2.77777 2.26115 1.99758 2.09503 2.02494 1.66398 1.67922 1.06979 0.572588 0.479498 0.367155 0.0851828 
2.75182 2.40459 2.40356 2.29422 2.15924 1.95685 1.54635 1.16206 0.819613 0.577131 0.287446 0.0881152 
3.76786 3.26057 2.61833 2.13686 1.74475 1.45037 0.992384 0.484793 0.177966 0.212465 0.473363 0.0962575 
3.00881 2.55657 2.36713 2.13213 1.73975 1.26463 0.962814 0.74891 0.575636 0.427106 0.335587 0.058134 
2.91381 2.42945 2.1301 1.87085 1.63323 1.35008 1.05485 0.838303 0.708734 0.55911 0.350774 0.0573257 
3.32126 2.81261 2.4655 2.2269 1.76149 1.06664 0.624891 0.621169 0.652832 0.518535 0.373301 0.0767816 
4.12446 3.09806 2.85948 3.25526 2.38039 0.267739 -0.55301 0.384632 0.847944 0.326104 0.274191 0.095523 
6.08489 2.53624 2.14883 3.73138 3.51105 -0.689487 -0.148334 -0.250972 0.970301 0.238351 0.0666327 0.111544 
5.06522 2.16766 3.00369 3.05631 3.51232 -1.15588 -0.56213 -0.743401 0.912342 -0.11412 -0.366178 0.0235933 
4.76684 1.61257 1.87526 4.36346 2.04957 -2.07214 -1.9841 -0.270088 -0.0106878 -0.259148 -0.325397 -0.00766266 
4.70484 1.10903 1.48617 4.21633 1.65662 -2.67208 -2.45285 -0.363618 0.0486506 -0.120495 -0.276374 0.00929339 
5.31473 1.23525 0.766497 3.62179 1.7988 -2.72768 -2.37956 -0.109097 0.0689251 0.0299483 -0.141756 0.0649112 
4.4138 1.39521 0.892628 2.42868 1.46435 -1.81547 -1.24714 0.0948 0.556652 0.0190211 0.103371 0.107977 
4.1566 1.3764 0.440108 1.89178 0.710581 -1.3874 -0.20968 0.917455 1.06898 0.0962779 0.0882449 0.0698023 
4.14558 1.67358 0.392221 0.85081 0.677123 -0.580201 0.821473 1.40451 1.27613 0.224713 0.0801813 0.00675957 
4.65154 1.36318 -0.480315 0.899362 1.81187 -0.212478 2.02238 1.46183 1.01325 -0.132818 -0.052154 0.0503508 
3.93015 1.34034 0.0149944 1.61001 1.73076 0.880039 1.59797 1.29534 0.928757 -0.610072 -0.141928 0.0325811 
3.76626 1.10287 0.674668 2.18193 2.46255 1.64434 1.92793 1.29779 0.448788 -0.689102 -0.195095 0.0884036 
4.42431 0.273286 -0.311919 3.00653 3.75412 1.40727 0.732307 1.62937 0.974941 -0.0721196 -0.275507 0.0574236 
4.95612 2.43987 0.669069 1.62324 2.61926 1.83805 1.22807 1.37357 0.78733 -0.348139 0.250893 0.148941 
4.98182 2.79645 0.936442 1.18383 2.20481 2.20902 1.83721 1.43491 0.55498 -0.080844 0.290519 0.140948 
3.52475 2.55024 1.66218 1.32762 1.60569 2.05846 1.93921 1.2557 0.566035 0.3741 0.43532 0.0946527 
3.24475 2.44928 1.82326 1.62777 1.71525 1.86099 1.77059 1.28356 0.812135 0.428914 0.365862 0.0747711 
4.66059 0.998661 0.589342 2.67142 0.971552 -1.60137 1.99112 2.45946 2.20264 0.330678 0.0842012 0.0598579 
6.08338 0.643736 -0.0912422 3.55203 1.77525 -3.82793 2.25467 1.58877 2.63132 0.00888951 -0.0292804 0.0921103 
4.57335 1.63 0.288239 2.37343 1.76892 -2.44878 1.03581 1.27263 2.25141 0.193229 -0.0699939 0.0775714 
4.03934 1.127 0.326301 2.63701 1.27427 -1.8372 0.0532096 1.4568 1.88014 0.134027 -0.0319696 0.0665049 
4.1669 0.999124 0.757235 3.05425 1.07694 -2.33494 0.558656 1.63216 1.49804 0.176015 0.0544163 0.109793 
5.05715 1.10643 0.918728 3.92553 0.768785 -2.36366 1.63089 1.87432 1.07787 0.0715114 0.22955 0.0861475 
3.89857 1.35442 1.41933 2.69882 0.930623 -1.07427 1.2603 1.62814 0.680129 0.526544 0.818097 0.196593 
2.78577 2.15671 1.76155 2.9701 0.585701 -1.59782 1.75584 0.543365 1.02586 0.582214 0.699686 0.101017 
1.49823 1.305 3.78036 2.75975 -1.26909 -1.47997 2.42315 0.899537 2.20727 -0.0612741 0.649209 0.177197 
-0.0849061 2.11253 3.76353 2.62921 -1.23876 -2.11657 2.30848 1.2842 1.62735 0.448744 0.468099 0.244135 
-1.2987 0.824222 3.5726 2.60889 -1.725 -1.48841 2.65787 0.494882 0.419454 -0.0724797 0.38866 0.0843414 
-3.76072 -0.347461 2.10584 1.24436 -1.23469 -3.66449 2.28767 0.375923 -0.382898 0.573701 0.0431546 0.193266 
-4.00342 -2.26376 2.07269 1.89478 -1.90511 -2.63068 1.60949 0.36681 1.05934 0.0384475 -0.0993326 0.197992 
-4.41306 -2.41129 1.17922 2.52951 -1.54126 -3.2389 2.00118 0.408541 0.647293 -0.428246 -0.0427761 0.139676 
-5.08219 -3.78076 1.59241 2.42452 -2.35759 -2.92315 1.03504 -0.443417 1.30811 -0.538857 -0.101589 0.170899 
-3.85069 -3.06431 0.521176 3.27589 -2.08954 -2.6533 0.93478 0.420231 1.28513 -0.450307 -0.0894058 0.0921864 
-3.11258 -3.08247 0.345004 2.81086 -1.45911 -2.21015 2.2798 0.590478 0.989712 -0.0559356 0.0151302 0.0127939 
-3.43925 -3.47602 -0.182178 1.35333 -2.01485 -2.53614 2.54826 0.74868 0.830868 -0.201663 -0.074385 -0.00968496 
-3.33432 -3.40658 -0.208205 2.31299 -1.36004 -1.50926 2.03425 0.630992 0.835892 -0.511043 0.146667 -0.0814199 
-4.25999 -3.17337 0.74641 2.36037 -1.28393 -1.83596 2.26145 0.337166 -0.0971405 -0.426939 0.181413 0.0945811 
-3.14089 -2.96682 1.38898 3.14501 -1.17215 -2.74785 1.66144 -0.438404 0.988729 -0.39921 0.0572704 0.125043 
-3.41051 -3.46789 0.684921 3.78928 -1.55373 -2.50239 1.32259 -0.190483 1.48159 -0.756692 0.140729 0.0874934 
-3.13733 -3.3827 0.890753 2.64889 -1.71299 -2.11766 1.51989 0.275247 1.65839 -0.774961 0.193531 0.117912 
-2.6764 -3.01913 1.25575 2.74799 -1.55862 -2.71458 2.21889 0.542595 0.00337526 -0.336477 0.174228 0.151294 
-3.41182 -3.60227 1.68652 2.72464 -1.44028 -2.18786 1.98474 -0.0212129 0.37058 -0.41977 -0.0278993 0.196565 
-2.75691 -2.81215 1.20682 2.78555 -1.93392 -1.80652 1.87879 0.0532381 0.186659 -0.392392 -0.0700279 0.135615 
-3.8563 -2.95761 0.640722 0.531787 -1.73217 -1.92835 3.58739 1.3708 0.181654 -0.529778 -0.257627 0.0423663 
-2.77561 -3.18651 -0.186471 2.21074 -0.832472 -2.93704 1.8512 1.98917 0.483141 -0.338248 -0.306358 0.116665 
-2.7677 -3.34533 -0.638765 3.44576 -0.0079536 -2.64215 1.15501 1.07693 0.290796 -0.823719 -0.0404532 0.140188 
-1.69034 -2.39517 -1.01355 4.16512 -0.461119 -2.9085 0.976408 0.843035 0.44759 -0.585793 -0.163818 0.143632 
-3.36212 -2.8556 0.0475357 4.19203 -0.756389 -3.11026 0.345465 1.42936 0.863783 -0.831336 0.00792821 0.0891293 
-0.953366 -3.16432 0.970595 5.15836 -1.95021 -2.33594 2.70982 0.735419 0.559506 -0.470941 0.557885 0.039529 
1.40825 -0.609248 -1.38981 3.82202 -2.63368 -0.874418 1.4032 3.02303 0.494092 -0.393453 -0.00421777 -0.00691245 
2.02162 0.388933 0.280743 -0.794027 -0.889709 -1.35696 -0.0707065 3.43617 0.207494 0.378963 0.514584 -0.0671983 
1.40946 0.183746 1.0977 -0.668975 0.744978 -1.18406 -0.610132 1.24505 -0.759231 -0.192317 0.326204 -0.121351 
1.63182 0.136019 0.96156 0.926846 0.34351 0.005837 0.984538 -0.814217 -0.231075 -0.866366 -0.0456825 0.04674 
