1.45418 0.0243381 1.16403 -0.146702 0.907331 -0.233875 1.00189 0.0538104 -0.368513 -0.0772709 -0.0103938 0.0409344 
1.69223 0.810967 2.07286 0.76447 1.63033 1.30419 1.63884 0.681757 0.956037 -0.203944 0.171792 0.0409062 
1.78025 0.824225 1.85457 0.0312635 2.01032 1.08511 1.79027 0.508878 0.0755748 -0.0383839 0.0898903 0.050182 
1.64846 0.572325 1.02124 -0.48235 1.69922 0.745531 1.04391 0.155243 0.706289 0.0534634 -0.161311 0.0785063 
2.21369 0.392401 1.85647 -0.594294 1.63759 2.06127 2.81947 1.24281 -0.210803 -0.262563 -0.00953934 0.0316859 
2.31594 0.729874 2.00458 0.593861 2.58845 1.5212 1.69729 0.403718 0.333958 0.147342 -0.110817 0.0702152 
1.89831 0.802108 1.04896 0.951814 1.3984 -0.0524859 1.04829 0.0699992 0.172654 -0.221372 0.120396 0.0450086 
1.2849 0.0928958 1.24224 -0.410126 1.00044 -0.101993 1.03817 -0.392675 -0.0430056 -0.22993 -0.0329958 -0.115359 
1.44347 0.192055 1.54362 -0.465009 0.342445 -0.00800636 1.20112 -0.718882 -0.106794 -0.0868644 -0.223848 -0.0284249 
1.34106 0.0267433 0.749043 0.0192735 0.626143 -0.198878 1.56259 -0.28495 -0.0648762 -0.433827 -0.00201266 -0.00285575 
1.65845 -0.106676 1.03523 -0.276017 1.37655 0.196896 1.16215 -0.278807 -0.0238899 -0.395207 0.08809 0.0673606 
1.33284 0.127377 0.883369 -0.0878735 0.841839 -0.817856 1.20195 -0.118806 0.280595 -0.350964 0.240471 0.049407 
1.37664 -0.0837359 1.12249 0.0206204 1.32518 0.185381 0.510522 -0.264673 -0.0545892 -0.321815 -0.0260305 -0.0184628 
1.54793 -0.476371 1.58931 -0.812479 -0.0916182 -0.353921 -0.166786 0.0153954 0.566534 -0.112118 0.188329 0.0642998 
1.21644 -0.630925 2.09724 -0.80359 1.79744 0.44527 0.313919 0.0467754 0.884049 -0.5637 -0.0656272 0.0884269 
1.21296 0.174527 1.61552 -0.321748 0.883756 0.967773 0.728989 -0.198782 0.839632 -0.344554 0.216291 0.0311048 
1.6656 0.728574 1.05408 0.0740391 1.27069 0.605965 0.597268 -0.213498 0.534692 -0.552536 0.33246 0.0316305 
1.43641 -0.0546206 0.811343 -0.430441 0.754813 -0.139619 0.548193 -0.269127 0.226805 0.023752 0.00446844 0.06655 
1.48135 -0.306325 1.58159 -0.158292 1.13916 0.327783 0.681809 0.232392 -0.519265 -0.11222 0.216891 -0.0195739 
1.81975 0.570128 0.797268 -0.791502 1.37716 0.270589 0.596007 -0.137766 -0.0220877 -0.539203 0.133888 0.0268938 
1.63781 0.0379863 0.935833 -0.735167 0.396823 -0.380119 1.17617 -0.19753 -0.229726 -0.253546 0.0665891 -0.0367191 
1.15271 0.541771 1.10084 -0.234353 1.14572 -0.149901 0.936972 -0.228101 -0.0216183 -0.333189 -0.0047645 -0.0909433 
1.53523 0.125998 1.58362 -0.547035 1.17699 -0.239753 0.940459 0.220674 0.127669 0.0901984 -0.0620796 0.0131044 
1.4816 0.0483146 1.13998 -0.185496 1.04525 0.467209 0.471603 0.179126 0.177061 -0.348593 0.0238317 -0.0239531 
1.82727 0.537932 1.32061 0.444241 1.09453 -0.389277 0.904549 -0.0341268 0.497772 -0.477606 -0.0847339 0.047421 
1.37405 0.416457 0.820343 0.421002 0.851284 0.216404 1.23591 0.0233854 0.0885453 -0.39115 0.0738467 -0.0399616 
1.82391 0.134344 1.25901 -0.31011 0.734112 -0.386459 0.395763 -0.1364 -0.116051 -0.519547 -0.169775 0.067962 
1.52622 0.232591 0.842491 -0.0320504 1.11634 -0.353042 1.12054 -0.187711 0.062797 -0.186717 0.17449 0.0634041 
1.5009 -0.181217 1.18175 -0.196085 0.890759 0.536413 0.664883 -0.0297277 -0.17539 -0.411309 0.0436307 0.0248533 
1.42008 0.588968 0.858319 -0.576193 1.1426 -0.109793 1.16524 -0.287714 0.0421155 -0.300644 -0.0531758 0.0112582 
1.89167 -0.0598171 1.25269 -0.103401 0.87855 0.256541 1.46819 0.32712 -0.213225 0.302898 0.0927746 -0.0474114 
1.60392 0.0187702 1.10874 -0.00942169 1.02908 0.00771217 1.21297 -0.0793816 -0.250827 -0.31067 0.112313 0.0600787 
1.64434 0.260906 1.30312 -0.551865 0.757192 0.619259 1.46455 -0.528325 -0.107078 -0.111261 -0.134929 0.0323505 
1.8852 0.273976 0.650021 0.305733 0.724744 0.0644411 1.13762 -0.308248 -0.242482 -0.344875 0.0448108 0.0390248 
1.52901 0.523526 1.15854 0.719076 1.42802 0.677338 1.90592 0.084624 0.0222117 -0.340969 0.185316 0.0905807 
1.63671 0.140105 1.35731 -0.485434 0.81611 0.272543 1.389 -0.679072 0.233015 -0.233028 -0.0759117 0.0635358 
1.61858 0.182645 0.822094 -0.438863 1.12581 -0.527446 0.740058 0.0283983 -0.200503 -0.277548 0.0169417 -0.0265725 
1.55428 0.107082 0.859383 0.0405437 0.835379 0.775097 0.985987 -0.979923 0.095918 -0.27048 0.153134 -0.0163734 
1.72274 0.494445 1.27268 -0.59891 1.20164 0.188253 2.00682 -0.0940681 0.182911 -0.203733 0.0819468 0.087662 
1.59564 0.301019 1.03485 -0.230972 0.984534 0.319076 0.967063 -0.0274848 -0.242989 -0.11762 0.211076 0.0611089 
1.63831 -0.182981 1.08205 -0.812651 1.05736 -0.271449 1.55786 0.0603687 -0.380056 -0.546841 0.0479608 0.0507073 
1.3749 0.139559 0.959007 -0.210991 0.827842 0.450506 0.898752 -0.429663 -0.0676914 -0.304941 0.0342551 0.0693046 
0.392067 0.292779 2.58142 -2.88805 1.81496 -0.451733 0.377973 0.348331 0.0798726 0.50355 -0.545841 0.0976706 
1.00743 0.769146 1.85333 -2.42022 2.638 -0.0100084 0.767636 0.550115 -0.314536 0.339611 -0.375992 0.126925 
1.25614 0.963395 1.49997 -1.25553 2.475 -0.830173 1.19167 0.60838 -0.864991 0.406309 -0.169522 -0.00994071 
0.961368 0.506324 1.47116 -2.62163 2.45115 -1.00941 1.05345 0.127707 -1.03859 0.548297 -0.369694 0.0550449 
1.47044 0.0456033 1.65623 -0.989684 0.726607 -0.232208 0.864657 -0.362183 -0.234856 -0.0217751 -0.34763 0.119461 
1.49027 0.299353 0.908447 -0.441843 0.375892 0.523182 0.527373 -0.503407 0.238129 -0.0827571 0.0224939 -0.0544067 
1.29328 0.321697 1.33219 -0.260018 0.355488 -0.0269596 1.88947 -0.247966 -0.0842764 -0.343169 0.130902 -0.0380017 
1.40336 -0.0214631 1.02891 -1.13002 1.12563 -0.274358 1.1554 -0.502712 -0.706323 -0.0954773 -0.169902 0.0717089 
1.25522 0.184766 1.18561 -0.469517 1.15586 -0.0897725 0.713939 0.0229325 0.294816 -0.0436993 0.000778115 0.0777896 
2.57502 1.99765 1.74569 1.49066 1.258 0.957146 0.823944 0.63302 0.408059 0.240272 0.14211 0.0329636 
3.40827 2.86916 2.62295 2.52905 1.87342 1.19944 1.04599 0.919159 0.616249 0.420043 0.391073 0.0832754 
3.03534 2.34324 1.98674 1.98184 1.80791 1.30184 0.940352 0.843306 0.693725 0.497583 0.342664 0.0565335 
3.08144 2.46537 2.16317 1.99313 1.63864 1.15511 0.884665 0.805774 0.663293 0.476356 0.359611 0.0587133 
3.76526 2.60322 2.086 2.2499 1.76168 1.04446 0.751052 0.304609 0.0488273 0.405868 0.590236 0.117819 
4.69213 2.60456 1.68346 2.45007 2.27757 1.24446 0.436297 0.411673 0.479024 0.550245 0.543256 0.152377 
3.41543 2.39975 1.93669 2.03717 1.77134 1.14732 1.0056 1.04738 0.757447 0.628749 0.536659 0.0958677 
3.36324 2.58358 2.22054 2.28968 1.96123 1.22354 0.807253 0.569743 0.434216 0.472414 0.543718 0.087977 
3.71102 2.85511 2.68138 2.96574 2.23741 0.919807 0.34385 0.334766 0.287821 0.341245 0.532268 0.098213 
3.47806 2.88711 2.44786 2.0999 1.93144 1.3759 0.593054 0.179605 0.161701 0.410763 0.448961 0.0766679 
3.63579 2.68196 2.57682 2.66379 1.43876 -0.397142 -0.850974 -0.0558151 0.200542 -0.157286 -0.0738259 0.0160533 
3.68138 2.24472 1.91559 2.47276 1.24754 -0.81384 -1.5357 -0.43337 0.26067 -0.120404 -0.0929274 0.0158033 
3.99365 2.07371 1.36167 2.25394 1.29403 -0.913352 -1.76935 -0.600384 0.372949 -0.13133 -0.0335338 0.0118274 
4.85878 1.39663 0.992024 2.17233 0.747828 -1.08693 -1.07061 -0.0465685 0.0673472 -0.101705 0.103637 0.0905196 
5.25964 0.834988 -0.385035 2.20005 2.10325 -2.49649 1.25212 -0.507739 0.785732 -0.342331 0.326898 0.286003 
5.57073 0.642307 -1.2635 2.3854 1.58407 -2.53402 2.1958 0.173885 1.31756 -0.355989 0.356688 0.152342 
6.31513 -0.889777 -2.36321 2.54796 1.84451 -2.7703 2.63488 0.794286 2.12413 -0.172201 0.0550557 0.00919005 
5.19066 0.0452889 -2.46697 1.76986 3.02417 -1.01649 2.90099 0.92362 2.12328 -0.627828 -0.346236 0.0240762 
5.16521 -0.698615 -2.69095 1.99464 3.62941 0.277169 2.80542 1.22749 1.45338 -0.751993 -0.417315 0.0681092 
5.05932 -0.720258 -2.63552 3.49827 4.44334 -0.264931 2.40454 1.06209 1.20941 -0.924297 -0.44834 0.0999583 
5.41401 -0.973477 -2.21962 4.33055 5.03744 -1.10447 2.32693 1.77893 1.66099 -0.809991 -0.578285 0.117348 
4.0595 1.3869 0.125547 1.97187 3.15936 1.78919 1.01023 1.5931 1.13157 -0.0657654 0.184534 0.0947882 
3.6736 1.42616 0.452435 1.85404 2.94387 2.13949 1.45175 1.55439 0.980053 -0.0231431 0.161317 0.0810752 
3.59402 1.6717 0.956288 2.2589 3.16728 2.30763 1.54094 1.59489 0.880228 -0.112206 0.136098 0.100687 
4.46609 1.39316 0.255164 1.96399 2.36083 1.15394 1.62997 2.23097 1.02403 -0.215379 0.243661 0.170061 
6.508 1.56414 -1.39337 1.88863 2.11461 -2.61376 2.56032 1.73337 2.3622 -0.254041 -0.150974 0.115705 
5.56061 1.93306 -1.17204 2.00746 1.84339 -3.18646 1.9941 1.32394 2.48404 -0.123011 -0.0462504 0.123335 
4.94692 0.98772 -0.328661 2.87514 1.46995 -2.61785 0.678102 2.17451 1.87702 0.198816 0.026251 0.137783 
4.39218 0.802199 0.780508 3.23656 1.22076 -2.4665 0.598003 2.21805 1.48882 0.0911272 0.0587632 0.160984 
4.41651 1.65195 0.761477 2.8473 0.925411 -3.37184 1.50176 1.42598 1.32501 -0.127692 0.227561 0.20982 
3.74333 1.31251 1.63498 2.87195 0.599343 -2.13887 1.51477 1.97872 0.821545 -0.0179682 0.32475 0.161632 
3.16023 1.56974 1.78672 1.60775 0.313634 -0.735 0.954376 1.32758 1.32013 0.316835 0.560013 0.10029 
1.82455 0.890731 4.1811 1.92261 0.292069 -2.12315 1.62678 1.44025 1.5231 -0.113532 0.754306 0.234392 
0.72178 1.56414 3.33162 2.37081 0.145617 -2.34957 2.85772 1.03782 2.19445 0.0503848 0.533593 0.165267 
