1.35156 0.143514 1.3431 -0.249416 0.23093 0.315756 0.604925 -0.278125 0.376391 -0.504812 0.243606 0.0623498 
1.62513 -0.0689498 0.957548 -0.259998 1.26674 -0.026253 0.835212 -0.508442 0.305689 0.135507 -0.0309098 -0.00121445 
1.51963 0.0393485 1.1504 0.105032 1.7806 0.194036 1.15716 0.0577406 -0.250857 -0.514463 0.117823 0.0573406 
1.43485 0.205627 1.38596 -0.380235 1.07961 -0.201042 0.5015 -0.646775 0.160283 -0.124854 -0.0537886 0.089924 
1.35437 0.493885 1.1349 -0.978173 0.747855 0.634874 0.928624 -0.849271 -0.111842 -0.41242 0.171582 0.00862115 
1.51746 -0.110226 0.9019 -0.136419 1.11397 -0.15416 1.09999 -0.567832 -0.00934559 -0.200483 0.0549774 -0.0351254 
1.52074 0.381655 1.00947 -0.176367 -0.0114589 0.12183 0.715367 -0.623463 0.136131 -0.50226 0.401779 0.0390595 
1.55769 0.182716 1.25852 -0.608974 1.26817 0.0795386 0.684019 -0.588444 -0.217403 -0.0786985 0.0060627 0.0310522 
1.36184 0.192414 0.908246 -0.0925119 1.4505 0.056439 1.15193 0.0513787 -0.150027 -0.261658 0.0194044 0.0222158 
1.70483 0.00748675 1.58786 -0.531887 1.11439 0.432046 0.968942 -0.399708 -0.145073 -0.227136 0.218263 0.0941753 
1.98579 -0.631234 1.0329 0.376443 1.71444 -0.587519 0.663463 -0.837336 -0.0874707 -0.106632 0.0326609 -0.000350228 
1.56669 0.154424 1.12207 -0.304315 0.940361 -0.17011 0.97622 -0.31941 0.0888533 -0.076765 0.0028772 0.0107747 
0.804881 -0.512341 -0.112435 1.60292 2.89756 -1.26099 0.382113 -1.11712 1.3567 0.0771308 -0.234399 -0.00688688 
0.134481 -0.439196 0.222066 1.88745 4.13881 -2.5973 -0.262211 -0.205495 1.29294 0.572848 -0.33284 0.0182777 
1.54047 -0.176897 1.62569 0.473267 1.41786 -0.0806916 0.936199 -0.891705 0.0646768 -0.405215 0.0232312 0.109644 
1.47954 0.0319463 1.70386 -0.365327 0.985524 0.453614 0.92087 -0.583434 0.275994 -0.349755 0.0233031 0.0488324 
1.54343 0.227543 0.831731 -0.185615 1.18912 0.223324 1.26049 -0.481553 -0.0759045 -0.280716 0.11335 0.0159082 
1.54644 0.257163 1.33907 -0.453891 1.18432 0.0932382 1.05603 -0.469245 -0.170363 -0.0657993 0.25819 0.0726807 
1.87665 -0.0708076 1.40292 -0.399505 1.40956 0.116113 1.57879 -0.0957296 -0.156595 -0.00262563 0.0170469 0.0535311 
1.52002 0.439947 1.23789 -0.324857 0.864501 0.355575 1.14646 -0.360667 0.537824 -0.293922 0.0958715 0.0343554 
2.50383 1.60285 1.81878 1.52235 1.43363 1.52677 1.65911 0.598203 0.699395 0.4472 0.326159 0.0448956 
2.6252 2.09542 1.87842 1.71973 1.50006 1.3141 1.12497 0.913817 0.671569 0.460321 0.277147 0.0534983 
3.01721 2.62513 2.41699 2.02419 1.57951 1.19811 1.01217 0.894235 0.784233 0.63252 0.435571 0.0877856 
3.52771 2.69568 2.52428 2.7406 2.13229 1.13495 0.63571 0.407213 0.298333 0.493057 0.490165 0.085325 
4.03556 2.53239 2.5827 3.41948 2.28613 0.725665 0.576961 0.327232 -0.0533904 0.413825 0.592309 0.120313 
4.69879 3.23259 2.84656 3.30145 2.2677 0.387877 -0.183978 0.108678 0.315439 0.403218 0.34446 0.118322 
4.22185 3.26947 2.65548 2.90458 2.69881 1.36652 0.0518019 -0.156671 0.235946 0.471346 0.509516 0.10846 
3.46466 3.05337 2.6449 2.26441 1.95647 1.469 0.823366 0.373905 0.312688 0.51244 0.540904 0.0970753 
3.51978 3.09171 2.88272 2.78699 2.36683 1.40398 0.662758 0.431579 0.426517 0.277302 0.194166 0.0332646 
3.84843 3.13622 2.85691 2.84061 1.85112 0.359283 0.0598637 0.0505052 -0.244192 -0.268095 0.101624 0.00211143 
3.35693 2.45173 2.36742 2.39024 1.20093 -0.220143 -0.394837 0.0605302 0.110879 -0.0583498 0.0587126 0.0262997 
3.46166 2.5247 2.29156 2.1322 0.957996 -0.271359 -0.38274 -0.09827 -0.123134 -0.0830608 0.198098 0.0427684 
4.43227 2.22668 2.31409 3.38694 1.43899 -1.13597 -0.679174 0.056629 0.0944811 0.0958764 -0.0386715 0.0282032 
5.65817 1.44765 1.26011 4.26929 1.65191 -2.59447 0.839445 0.12966 1.04683 0.146504 0.0209899 -0.0336894 
5.74606 1.3194 0.598763 2.65977 1.98754 -0.281911 2.12023 0.324769 1.1215 -0.431273 -0.17337 0.0295709 
4.56342 1.04852 -0.31711 2.80542 2.81931 0.217275 2.24146 1.00115 1.4104 -0.620623 -0.210324 0.0498531 
4.7508 0.0617887 -0.74896 3.71083 3.74971 0.135306 2.37701 1.59258 0.765298 -0.581057 -0.267974 0.125638 
6.6723 -0.320561 -1.61616 4.35945 3.79601 -1.16065 3.78206 1.21665 1.3951 -1.22791 -0.138392 0.143471 
6.89008 2.07163 -0.679446 2.88478 2.4749 -0.270029 2.99019 1.10059 1.19643 -0.894463 0.0113412 0.173352 
5.01834 2.71276 1.0332 1.85393 2.69255 1.74396 1.19161 1.40279 0.793904 -0.266049 0.154138 0.102129 
4.05922 2.95442 1.47819 1.14551 1.94232 2.41893 1.96087 1.17292 0.486797 0.194184 0.243714 0.0878153 
3.69323 2.65185 1.48164 1.07688 1.52023 1.94777 1.69191 1.12308 0.73076 0.527601 0.347982 0.0815296 
4.52196 1.84084 0.420843 1.37229 0.460684 -1.1902 2.74848 2.21531 2.00826 0.152018 0.29979 0.0548451 
5.68186 0.606 -1.46324 2.30422 2.23848 -3.40369 2.25602 1.44198 2.65069 -0.206464 -0.229991 0.0830159 
6.55802 -0.636151 -2.2954 3.75094 1.8841 -4.43038 1.44491 1.57966 2.9481 -0.60002 -0.116738 0.0704213 
5.66345 -0.195347 -1.12875 3.57386 2.4113 -4.61546 1.29338 1.39943 2.43474 -0.329318 -0.243347 0.141217 
5.13028 0.227972 -0.103151 3.64343 2.10699 -4.64648 1.61995 1.97136 1.82606 -0.230296 -0.226377 0.184788 
3.73796 0.819322 1.2038 3.10097 0.533698 -2.0514 1.48522 1.99594 0.873956 -0.170664 0.252667 0.144674 
3.52867 0.979985 1.30554 2.95637 1.13491 -1.4263 0.988138 1.74635 0.689245 0.108012 0.451392 0.146873 
2.81834 1.40659 2.66284 2.80164 0.415088 -0.706334 1.71405 0.450871 1.50523 0.407097 0.304516 0.0803053 
1.63302 0.888718 3.27604 2.3021 0.211381 -1.15634 2.02114 0.226083 1.83293 0.702828 0.109598 0.0878293 
0.881926 0.441936 4.02271 1.58726 -0.798971 -1.62631 3.08398 0.44821 1.31688 0.433955 0.0457689 0.17852 
-0.351164 0.761283 3.87996 1.41315 -1.70616 -0.896019 3.49518 -0.122605 1.36569 0.357054 0.0213289 0.171203 
-1.24924 0.0988093 3.21752 0.179632 -3.1034 -1.67385 3.14482 0.0230275 1.56274 0.944023 0.169704 0.189006 
-2.74677 -2.40915 2.54752 0.209278 -2.14643 -1.15737 2.29217 1.28942 1.484 -0.168113 -0.308313 0.188662 
-3.15603 -1.74418 0.795673 0.359453 -3.13872 -1.8602 2.0566 0.439212 1.09751 0.0672992 -0.265276 0.044484 
-3.082 -2.13653 0.189705 1.55497 -3.53761 -2.14175 1.29341 0.638181 1.55971 -0.137839 0.0618529 -0.0606698 
-3.9191 -3.14529 0.45328 0.465748 -2.40889 -2.11443 2.79998 0.762462 1.17878 -0.0625128 -0.436388 -0.0104952 
-3.19693 -3.18578 0.919731 1.57913 -2.30075 -2.48148 3.27158 0.830253 1.83007 0.123475 -0.453388 0.0641273 
-3.6789 -3.11211 0.881631 1.58963 -1.80058 -1.73759 3.83168 0.72005 1.1124 -0.267397 -0.400868 0.115895 
-3.69272 -3.42081 0.648285 1.20768 -2.45721 -2.12675 3.16939 1.21823 0.942052 -0.0410026 -0.573384 0.0752187 
-3.69383 -3.33443 0.998679 0.802048 -2.10585 -1.89007 2.69487 1.29047 1.32972 -0.408447 -0.324656 0.0638471 
-3.0823 -3.48229 1.23603 1.03478 -2.43011 -0.473024 3.14243 0.491965 1.67759 -0.66112 -0.280281 0.125112 
-2.81563 -2.51818 0.662236 1.57581 -2.89661 -0.625852 3.081 0.0311645 0.804387 -0.28845 -0.149351 0.137893 
-2.7037 -3.10949 0.365353 1.9671 -3.27342 -1.02647 3.53154 0.599401 1.16898 -0.406165 -0.216349 0.0369457 
-2.98895 -2.83448 0.136392 0.999687 -2.84962 -2.19168 3.80068 1.23971 0.662343 -0.222103 -0.341017 -0.0175085 
-2.53764 -3.13502 0.657023 1.0751 -2.40717 -0.938185 3.79523 1.01288 1.36366 -0.358595 -0.260901 -0.0257044 
-1.44317 -2.86422 0.981407 0.585814 -3.3917 -1.41463 3.67049 0.957164 0.557429 -0.746521 -0.0196631 -0.0710936 
-1.4015 -2.34332 2.40461 2.64766 -2.62787 -1.42732 2.95496 0.871856 0.700269 -0.359666 0.381988 0.019958 
0.244909 -2.1025 2.25319 3.41274 -1.15438 -0.381233 3.52739 1.18402 -0.212039 -0.126465 0.345228 -0.0357689 
1.41618 -1.43279 1.2034 2.37951 -0.441745 -0.952767 3.14177 1.0066 -0.980781 0.162531 0.241176 0.0633388 
1.26205 0.497147 0.655727 0.696273 -0.330755 -0.281132 1.55019 -0.126669 -0.270547 0.104662 0.34517 -0.0466109 
1.28243 0.729559 1.08168 0.471498 0.734531 0.122806 0.488376 -0.0618349 -0.321124 0.0515811 0.408624 0.0168629 
1.52724 0.491548 0.950379 0.250977 0.30431 1.35974 0.466694 -0.478414 -0.022111 0.043298 0.211391 0.0182558 
1.39471 0.136447 0.618737 -0.000270537 1.4975 -0.0531052 0.684835 -0.134882 -0.495495 0.277045 0.230723 -0.00957062 
1.57032 0.369677 0.757117 -0.046411 1.48228 1.04732 1.04049 0.107486 -0.70952 -0.0689265 0.145049 -0.0239052 
1.29886 0.233842 0.0980776 -0.688194 1.09403 0.0524999 0.119915 -0.719822 0.0693543 0.0349835 -0.0943964 0.0199227 
1.4475 0.925523 0.631318 -0.728797 1.04581 0.681844 0.311128 0.110883 -0.178199 0.40308 0.14652 -9.50969e-005 
1.70008 0.738033 0.259915 -0.750672 1.40266 -0.105519 0.147895 -0.348916 -0.886769 -0.0947874 0.181869 0.0881801 
1.55352 0.592273 0.55039 0.279968 1.08794 0.909024 0.00432618 -0.543279 -0.130354 0.00671208 0.0418647 0.0187741 
1.6793 0.0850658 0.719309 0.203704 1.1545 0.287725 0.378358 0.446684 -0.0540296 -0.0395941 -0.263688 -0.0214877 
1.33891 0.277323 0.172888 -0.433589 0.222614 1.00317 0.628744 -0.224252 0.0697717 -0.242622 0.242429 0.0390428 
1.71277 0.345515 0.990226 -0.218716 0.697674 0.438878 0.0111959 -0.223165 -0.138701 -0.0825793 0.172654 0.0487222 
1.47128 0.462815 0.670879 -0.55042 1.05923 0.237666 0.845152 -0.180626 -0.00671112 -0.0750379 0.17541 0.0759859 
1.73072 0.466688 0.615487 -0.138433 1.04872 -0.506669 0.285079 -0.404338 0.281431 -0.379627 0.359172 -0.016668 
