1.36035 0.196757 0.764619 -0.0446302 0.346065 -0.253496 1.92101 -0.0198615 -0.145162 -0.284666 -0.109976 0.0522729 
1.60406 -0.0319531 0.972144 0.612071 1.10988 -0.315374 1.1689 -0.282283 0.163088 -0.277734 0.00526049 -0.00320699 
1.64948 0.166052 1.17641 -0.201629 0.808499 0.325425 0.885891 0.112581 0.273021 -0.0977271 0.180288 0.0382287 
1.63731 -0.0483281 0.582612 -0.788714 1.43234 0.11956 0.45872 0.112876 0.0062841 -0.325871 0.124052 -0.0701865 
-0.0661733 -0.479407 1.95758 -0.117444 1.02707 -1.97016 0.138183 0.693637 0.818316 -0.590969 0.348248 0.0716973 
-4.58805 -1.46695 2.94368 -1.75786 1.06742 -2.73251 0.715734 0.66933 1.17428 -0.125885 -0.340388 0.183999 
-6.07578 -1.5046 4.17604 0.570284 -0.435554 -1.26116 0.429071 -0.633508 1.14292 -0.894355 -0.088897 0.184524 
-3.38218 -1.83826 3.92195 0.140101 0.990614 -1.32541 1.73781 0.0386483 -0.374901 -0.459553 -0.0191167 0.0877107 
-1.56504 -1.45458 2.44423 -1.43465 1.45747 -0.374663 1.75606 0.0899828 0.64374 -0.309206 -0.576741 0.171152 
1.11732 -4.98332 1.78749 0.834377 1.10815 -1.55689 2.22656 0.92803 1.27409 -0.583522 -1.05618 0.13742 
0.828186 -2.69817 1.37187 0.223414 1.62219 -1.31035 2.59513 1.22902 0.838644 -0.502575 -0.671293 0.0500447 
0.352725 -1.93561 -0.170777 2.02962 2.01721 -2.91309 1.69194 1.8427 0.741795 -1.35479 -0.254326 -0.00975147 
0.502562 -0.825625 2.19423 1.65357 2.99933 -2.28804 0.259621 0.604981 0.755186 -0.449326 -0.302068 0.153788 
1.19492 0.13242 2.932 -0.119493 2.86107 0.756828 1.2178 0.690204 0.0919641 -0.479413 -0.308566 0.226648 
1.90853 0.998558 1.99673 0.554583 0.804445 0.353709 1.73086 0.651398 0.441092 -0.41723 0.286963 0.0225615 
1.94245 0.63533 1.03382 0.256697 0.997374 0.575028 1.13453 -0.256804 0.0751688 -0.244856 -0.073062 0.061042 
1.83953 0.385232 1.19166 -0.294401 1.56094 0.016222 0.900203 0.135609 0.0576995 0.18712 0.129636 0.00616848 
1.92859 0.39712 0.703139 -0.323096 1.48393 0.649645 0.678657 -0.180807 -0.0272319 -0.038877 -0.0466526 0.0420041 
2.08372 0.329499 0.526031 -0.0145646 0.880551 0.191635 0.834655 -0.676471 -0.00545017 -0.0693175 -0.0583272 0.00335764 
1.75034 0.196342 0.984247 -0.792606 0.136104 0.742034 1.21617 -0.734997 -0.068291 0.025189 -0.127074 0.0493481 
1.80239 0.528038 0.583844 -0.812327 0.2439 0.896269 1.56027 -0.350839 -0.440114 -0.14112 0.210945 -0.0750377 
1.88427 0.169713 1.19093 -0.449539 0.749665 0.538678 0.959724 -0.607632 -0.139675 0.104364 0.140641 0.0286278 
1.8381 0.434467 1.19583 -0.256892 0.514484 0.667285 1.40629 -0.622776 0.156345 0.0262938 0.0145863 -0.0110055 
1.78732 -0.0231798 1.09496 -0.138003 0.287677 0.423831 1.06359 -0.0842147 -0.159995 -0.608529 0.120463 0.0631874 
1.70869 0.288349 0.240666 -0.238508 0.898678 0.509256 0.410009 -0.0286028 -0.0236472 -0.436622 0.241324 -0.0821746 
1.7005 0.33196 0.605933 -0.583965 1.43557 0.206719 0.474272 -0.21816 0.201485 -0.254138 0.0932895 0.034104 
1.54702 0.152189 1.04076 0.28131 1.28231 -0.206531 0.782527 -0.033609 -0.253994 -0.0172941 0.356851 0.00736622 
1.57761 0.227233 0.926304 -0.280844 0.950615 0.505789 0.45203 -0.100365 0.0811222 -0.235266 0.257435 -0.0403831 
1.69994 0.54226 1.36472 -0.210893 0.951369 0.628097 1.49515 -0.141272 0.491161 -0.229555 0.174998 0.0503877 
1.67576 0.440192 0.955411 -0.500416 0.685205 0.301286 1.88006 -0.388736 0.104357 -0.0646496 0.194411 0.027482 
1.60702 0.0298743 1.20561 -0.0173205 1.08445 0.341671 1.83484 -0.189693 -0.252639 -0.0138569 0.0306997 0.0122308 
1.47729 0.525096 0.605901 -0.272687 1.19975 -0.0346156 1.41632 -0.0182611 0.019852 -0.615039 0.156113 0.0399299 
1.64113 0.177282 1.0992 -0.585446 0.952449 -0.173899 1.1587 -0.0380151 0.177435 -0.575385 0.15437 -0.000562621 
1.74241 -0.176719 1.41677 -0.0714631 1.10726 -0.239854 0.767609 -0.0441091 -0.020593 -0.0545405 -0.145384 -0.0353731 
1.57108 0.469738 0.902155 -0.491903 0.522549 -0.425424 0.170555 -0.562472 -0.0203507 -0.343155 0.0890067 0.041186 
1.60971 0.379384 1.22489 0.0479389 1.23502 0.455183 0.750617 -0.912947 -0.00367642 -0.100817 0.182728 0.0450145 
1.90457 0.140935 1.6316 0.18223 0.819474 0.292697 1.10918 -0.645889 -0.0082718 -0.41351 0.0124539 0.00699726 
1.3323 0.621086 0.487859 -0.577521 0.864105 -0.109655 1.17907 -0.450633 -0.171421 -0.197543 -0.0282806 0.0111628 
1.46885 -0.00487771 1.0427 -0.132415 0.884961 -0.182714 1.13549 0.217701 0.0506565 -0.0518783 0.343503 0.00385183 
2.59171 2.16113 1.72526 1.60315 1.41984 0.97082 0.958431 0.396396 0.422433 0.391007 0.303163 0.0452735 
4.67828 3.79697 3.25206 2.39044 1.2168 0.272916 0.583146 0.362872 0.101849 0.282021 0.402054 0.142047 
3.98612 3.22158 2.49732 2.26638 1.99906 1.36968 0.693201 0.443751 0.347055 0.406587 0.451638 0.108826 
3.7107 3.02914 2.72093 2.63698 2.16303 1.17365 0.572679 0.645527 0.673819 0.431477 0.361276 0.0851955 
4.02806 3.19837 2.56559 2.17604 1.67315 0.966443 0.49004 0.256074 0.243444 0.321627 0.503536 0.123522 
4.06523 3.23366 2.70701 2.36906 1.77687 0.907783 0.451926 0.179297 0.0441587 0.283578 0.531546 0.128261 
3.1152 2.57258 2.17788 1.99882 1.87551 1.55477 1.08968 0.703377 0.520766 0.485758 0.404091 0.0663036 
3.20038 2.60152 2.16908 2.00814 1.88315 1.48933 0.957411 0.653955 0.560312 0.510796 0.42893 0.0712505 
3.19874 2.55342 2.15769 2.1128 2.01144 1.48656 0.82743 0.596544 0.602649 0.496515 0.38095 0.0653015 
3.68437 2.52032 2.3298 3.15217 2.50178 0.0836171 -0.952447 -0.0928366 0.538207 0.0196766 -0.187733 -0.050052 
5.11506 2.05687 1.58453 4.25765 3.25872 -1.88532 -2.01165 -0.660847 0.287995 -0.0433618 -0.333279 -0.0381026 
4.30917 1.81923 1.87274 4.08479 2.51064 -1.70286 -1.91742 -0.381446 0.210759 -0.18764 -0.170205 0.00718223 
4.5994 1.6258 1.01193 2.97688 2.24866 -1.22596 -1.95862 -0.474249 0.369108 0.0771044 -0.000373165 0.0259351 
6.22464 0.750977 -0.585086 2.86366 2.27662 -2.42847 0.579081 -0.707742 0.652117 -0.429623 0.0275549 0.124619 
6.34936 1.03688 -1.30345 2.14791 1.77429 -2.53314 1.95268 -0.10005 0.995555 -0.752105 -0.0607392 0.0694183 
4.78343 1.18485 -1.05451 1.12832 1.24541 -0.677665 1.11476 1.03216 0.979076 -0.337582 -0.169859 -0.0167436 
4.14948 1.26242 -0.349879 0.943402 2.05003 0.0734789 1.77606 1.06352 1.02214 -0.665041 -0.317406 0.00417895 
4.0076 0.976964 -0.520662 1.27201 2.59388 1.06285 1.11734 1.18595 0.682536 -0.717038 -0.364258 0.0272525 
3.53125 0.42752 -0.518 2.27587 3.38977 1.45557 1.27688 1.26671 0.785324 -0.590378 -0.327917 0.084701 
3.78393 0.633801 -0.29617 2.09929 3.32469 1.71118 1.20361 1.72684 0.823144 -0.573133 -0.390141 0.0660652 
4.76347 2.37822 0.0490079 1.32659 2.83113 1.72826 0.918499 1.60299 0.917607 -0.458281 0.224013 0.129883 
3.72298 2.05008 1.04757 1.78352 2.66105 2.43382 1.84312 1.42211 0.62503 -0.0569499 0.165406 0.0871718 
3.00653 2.13454 1.64171 1.6701 1.82188 1.7714 1.63059 1.31464 0.777895 0.335501 0.2249 0.050497 
2.90328 2.28391 1.59337 1.45822 1.93329 2.02547 1.50844 0.856665 0.593763 0.421627 0.259963 0.0555308 
3.61525 1.54484 0.765534 2.2354 0.927999 -0.599745 1.62742 2.01795 1.58624 0.117816 0.0134909 0.0211164 
3.78847 1.22396 1.12143 2.08064 0.853756 -1.41246 1.05411 1.92324 1.96451 0.230916 -0.0675786 0.0424777 
3.77261 1.48867 0.626147 1.65141 1.23868 -1.51631 0.485268 1.17353 1.79353 -0.0217336 0.0892248 0.072774 
4.43241 1.95507 -0.413041 2.2481 1.76901 -2.59268 1.18656 0.863064 2.32735 0.0625957 0.187507 0.121069 
6.33504 0.580624 -0.921896 3.39491 1.53649 -3.8169 1.89274 0.9347 2.33764 -0.333972 0.16447 0.130029 
4.93058 1.0349 0.373099 3.11557 0.919058 -3.6796 2.09335 1.17612 1.62732 0.0687537 0.278205 0.139345 
4.64959 1.8977 1.69496 2.37154 0.311665 -2.72276 2.44165 0.997077 0.66432 0.637371 0.57702 0.151228 
3.04594 1.03231 3.82375 1.20492 -1.16034 0.296032 1.48586 0.600098 1.51809 0.223158 0.356943 0.134576 
0.683486 -0.210579 4.85906 1.45063 -0.621893 -1.41548 2.06118 0.974163 1.78054 0.417513 0.391841 0.0713146 
-0.406446 -0.110436 5.28132 1.63343 -1.24922 -2.15268 3.07184 0.342349 2.06521 0.275405 0.129453 0.196183 
-1.10396 -0.138859 4.04011 0.690593 -2.21879 -0.95772 1.34005 0.266142 1.73819 -0.393486 0.373244 0.19361 
-2.23534 0.138543 3.42629 0.0482987 -3.23086 -1.94461 1.87903 -0.0311406 0.0713943 -0.0887075 0.151263 0.0917871 
-2.80063 -1.1853 2.31347 -0.291874 -3.54378 -1.73528 2.31207 -0.468872 0.637154 0.0963781 0.203652 0.0972543 
-3.28376 -1.47959 1.36936 0.727792 -3.04277 -1.80632 2.11451 0.648222 1.17895 0.00592942 -0.0814328 0.131232 
-4.25067 -2.49569 0.925383 0.150155 -3.02738 -2.43287 2.21305 0.744514 1.01878 -0.17311 0.0598298 0.101928 
-3.32804 -1.33737 1.72576 -0.334125 -2.27657 -1.85524 2.3768 0.575447 0.921823 -0.0922773 -0.314821 0.106938 
-3.79843 -1.17609 0.528078 0.478125 -2.92081 -1.88754 2.33879 0.296979 1.37234 -0.22503 -0.0095446 -0.0364425 
-3.35029 -0.758668 0.905756 0.376414 -2.66126 -2.43033 2.29153 -0.110929 1.65302 -0.545607 0.244213 -0.0286426 
-3.79962 -1.11149 0.865939 -1.07617 -2.18338 -1.82187 2.35114 0.345953 1.66398 -0.258237 -0.142805 -0.0127846 
-3.39709 -2.64877 0.427493 -0.64382 -2.24875 -2.38621 3.11544 0.454536 0.957423 0.370533 -0.265687 -0.210835 
-3.85443 -2.70338 1.8776 -0.142606 -2.31375 -1.20453 1.91554 0.841322 1.51395 -0.308822 0.0188769 -0.036026 
-3.73006 -3.63806 0.786156 -0.94948 -3.13405 -1.39274 1.83508 0.777817 1.31172 -0.135555 -0.097255 -0.054899 
