1.68368 0.365152 0.893018 0.512128 1.0041 0.0555283 1.10153 -0.20299 -0.0531896 -0.306678 0.130224 0.0269829 
1.81531 0.189006 1.2362 -0.158772 0.848814 0.621016 1.1855 -0.502162 0.7539 0.0334449 0.0983395 0.0533515 
1.51674 0.248973 1.0841 -0.156606 1.38872 0.0511387 1.02065 -0.464233 -0.0141668 -0.137203 -0.127896 0.0538181 
1.74061 -0.0053449 1.33276 -0.45854 1.66585 -0.305423 0.544897 -0.497241 -0.192039 -0.010283 -0.148747 -0.0269205 
1.56712 -0.300706 0.975869 -1.04464 1.08253 -0.130018 -0.085431 0.00192195 0.178913 -0.513359 -0.182646 0.042596 
1.58177 0.30223 0.190816 -0.513679 0.718827 0.0817241 0.437906 -0.756805 0.106579 -0.552399 -0.00392336 -0.0040991 
1.5146 -0.00444098 1.21137 -0.885337 1.11151 0.00710988 0.837156 -0.968285 -0.108696 -0.490466 -0.0097695 0.0070751 
1.41317 0.2863 1.19646 -0.558796 0.419712 -0.262883 0.951444 -0.342743 -0.377336 -0.040756 -0.0452495 -0.0279858 
1.61915 -0.567436 0.938857 -0.343345 1.04272 -0.356572 0.574684 -0.803242 -0.412088 -0.322475 0.12539 0.159646 
1.69058 -0.0289732 0.959837 -0.368733 0.913057 0.330451 0.112689 -0.0128219 0.323927 0.120449 -0.078617 0.00304759 
1.42461 0.0503894 1.04825 0.138856 1.48168 0.250037 0.489658 -0.0807067 -0.00998373 -0.16592 -0.0318255 -0.0224274 
1.61338 0.11459 1.43993 -0.0386472 0.857275 0.259113 0.928485 -0.550834 -0.516433 -0.144949 0.0852884 0.000845187 
1.52709 0.00896039 1.40017 0.000619336 0.716858 -0.160191 1.43263 -0.482584 -0.120868 -0.218065 -0.155445 0.102036 
1.71397 0.0901388 1.4033 -0.310328 0.983691 0.351277 1.14329 0.114205 0.344509 0.0610597 -0.0113683 0.0841714 
1.60811 -0.250831 0.902169 -0.238353 0.602556 0.482779 1.05684 -0.0767891 0.428617 -0.288451 0.0192006 0.11754 
1.42301 0.341374 0.879116 0.00895574 1.04856 0.140273 1.1289 -0.350249 -0.0604707 -0.389755 0.0892812 0.0806795 
1.61782 0.0741705 1.0159 0.233425 0.50862 -0.0573888 1.23697 -0.561219 0.283744 -0.380107 0.162053 0.0362498 
1.312 0.264822 1.1675 0.0335022 0.797078 0.432391 0.855825 -0.812095 -0.159738 -0.49112 0.109234 0.0139493 
1.4204 -0.0837312 0.579173 -0.203552 0.675378 0.606218 0.670344 0.249839 0.366314 -0.354108 0.325457 0.0671352 
1.51998 0.134169 0.950028 -0.453606 0.731898 0.414637 1.17491 -0.231167 -0.261321 -0.272306 0.00383196 -0.0092029 
1.53766 0.610783 1.05611 0.0860461 1.47678 0.702206 0.786068 -0.818608 -0.338554 -0.640394 -0.198386 -0.0537555 
1.46241 0.218985 0.922095 -0.687549 0.789661 -0.344032 0.294649 -0.191155 -0.538562 0.256068 0.0725663 -0.0839885 
1.5379 0.245776 0.972208 -0.361356 0.899359 -0.295021 0.888503 -0.346495 -0.0698831 -0.491808 -0.0104317 0.0615328 
1.78648 0.0732414 1.47022 -0.288822 0.585992 0.327725 1.30347 -0.444986 0.454924 -0.355635 0.0590215 0.0563049 
1.68861 0.488077 0.844168 -0.314584 0.599775 0.327989 0.677358 -0.926168 0.239957 0.10297 0.182708 0.0335763 
1.81192 0.401713 0.684833 -0.201068 1.33796 0.143884 0.724234 -0.805418 -0.0584658 -0.23068 0.12555 0.0107605 
1.55137 0.0188818 1.17643 -0.674458 1.11685 0.0925018 0.923071 -0.20211 -0.0144628 -0.332548 -0.075979 0.0756915 
1.47752 0.0366353 1.02153 -0.269156 0.944049 0.234417 1.16043 -0.718273 0.425257 -0.0370814 0.0252864 0.00921583 
1.61413 0.23179 0.654087 -0.728382 0.348248 -0.186777 0.455792 -0.386503 0.162738 0.00120842 -0.0512699 0.0148913 
1.34585 -0.313895 0.709726 -1.05164 0.252635 0.39487 0.820829 -0.623913 0.238034 0.0608956 0.0876209 0.0399417 
1.65055 0.197176 1.25997 0.0806155 1.55704 0.476234 0.924667 -0.608053 0.231272 -0.097941 -0.111624 0.0107136 
1.49269 0.347188 1.0481 0.048861 1.42596 -0.0495971 1.22879 -0.257487 0.290872 -0.258763 -0.170807 0.0341281 
1.43522 0.704973 1.00869 -0.282475 0.580787 0.239631 1.14283 -0.96434 0.0938596 -0.00753736 0.189451 0.0129553 
1.25028 0.397471 0.870551 0.151217 1.14771 -0.305449 0.723005 -0.305414 0.0919287 -0.380299 -0.0346169 -0.0881369 
1.91829 0.302309 1.21158 -0.546862 0.663108 0.522721 0.567751 -0.37995 0.180445 -0.361732 0.0124744 0.0237346 
1.46732 0.396632 0.893334 0.19025 0.266343 -0.128869 1.21891 -1.02755 -0.102476 -0.586276 -0.0498637 0.039911 
1.55763 -0.026573 0.8438 -0.17462 0.75467 0.193821 1.39685 -0.0808792 -0.0986136 -0.416481 -0.148191 0.0624174 
1.38358 0.164578 0.945528 -0.284733 0.652323 -0.380723 0.605855 -0.764703 0.0952554 -0.428787 0.0519322 0.0816797 
1.4838 0.215093 0.781422 -0.462689 1.57558 0.947861 1.50784 -0.480732 0.185667 -0.0818295 0.00327608 0.00205846 
1.52245 0.133384 1.17356 0.0366353 1.86069 0.184009 1.05888 0.338632 0.35102 -0.401817 0.244569 0.0956006 
1.74455 0.0156487 0.674882 0.12031 -0.0692272 -0.259505 1.53049 -0.0733463 0.0190425 -0.270594 0.0259136 -0.0361944 
1.56613 0.057989 1.29754 -0.0479429 1.23618 0.129629 0.659671 -0.845353 -0.29415 -0.0554167 0.164127 -0.00255578 
1.64497 0.0397867 1.20247 -0.447244 0.989973 -0.307331 1.29737 -0.318083 0.140476 0.0744133 -0.0529996 0.0454385 
1.47244 0.398307 0.981821 0.0930422 1.40968 0.120589 1.20602 -0.521976 0.0266354 -0.275433 0.0110335 0.0375716 
1.56511 0.29915 1.1153 -0.0462433 1.7239 -0.233177 0.257197 -0.00482441 0.0686682 -0.445441 0.25313 0.0104787 
1.75047 0.199186 1.19197 -0.583188 0.588453 0.300225 1.36105 -0.401827 -0.308825 -0.456525 0.179473 0.019664 
1.5022 0.17377 1.2373 -0.114994 0.928841 0.121497 0.402037 -0.335779 0.315616 -0.179957 -0.00816602 0.0716128 
1.43279 0.193371 1.34465 -0.0734577 1.30307 0.546868 1.04581 -0.341968 -0.275833 -0.114051 -0.0912415 0.00237939 
1.51602 0.168739 1.3306 0.170214 0.870721 -0.0334139 1.17532 -0.481605 -0.376573 -0.197608 0.0277441 0.0141476 
1.60527 -0.466621 1.15601 -0.482594 0.904266 0.505531 1.66718 0.212598 0.134207 0.369497 0.0308058 0.0507049 
1.42864 0.339355 1.18301 -0.364903 1.15518 0.376559 1.11572 0.00307493 -0.209986 -0.564639 -0.0571261 0.0476915 
1.67556 0.171377 1.21661 -0.741874 0.826181 -0.288377 0.766945 -0.200264 -0.224876 -0.374961 0.0494741 0.0766561 
0.560999 -0.922399 1.60318 -0.288405 1.71705 -0.634618 0.0446195 -0.923379 0.974243 0.0987136 -0.606126 0.0142074 
-2.32694 -3.1096 3.72534 0.734243 1.35697 -0.825735 -0.404224 -1.04623 2.02793 0.0963814 -0.342392 -0.0244615 
0.197916 -0.0798409 1.89871 -0.0261677 1.59403 1.19616 -0.883664 -0.41141 1.53594 -1.03789 0.217341 -0.163153 
0.720573 0.254228 1.78294 -0.432824 -0.0757065 0.543863 0.203826 -1.56942 0.971499 -0.864579 0.527002 -0.0528779 
1.06142 -0.767301 0.960046 1.22811 0.215129 -0.290027 0.804391 -1.13404 1.45992 -0.507981 -0.307841 -0.108826 
1.54738 -0.0777478 2.50265 1.38521 0.672233 0.731909 1.51679 -0.817808 1.42793 0.587653 0.230296 -0.0158343 
2.65192 2.09258 1.72666 1.52755 1.46235 1.11396 1.13641 0.963572 0.769662 0.58955 0.388473 0.0604913 
2.88295 2.43478 2.24043 1.97403 1.66248 1.48552 1.2405 0.874438 0.631531 0.546726 0.378476 0.0632213 
3.24642 2.01229 1.75711 2.08396 1.60346 1.00326 1.08774 1.02281 0.51772 0.288818 0.32003 0.0617763 
3.46181 2.49382 2.07482 2.00334 1.48272 1.11696 1.20073 0.886659 0.325997 0.307872 0.550733 0.0954782 
3.77633 2.60765 2.28656 2.4457 1.49636 0.822216 1.20536 1.00056 0.13781 0.267698 0.668662 0.137473 
3.9064 2.59333 2.30654 2.5392 1.6193 0.941087 1.15231 0.598005 -0.179001 0.214882 0.765811 0.15646 
5.29051 2.16919 1.77185 3.01698 1.64913 0.598154 1.34798 0.583733 -0.342983 0.117373 0.682093 0.241281 
3.88631 2.99786 2.10895 1.59408 1.39106 1.33871 0.909549 0.393213 0.226501 0.399502 0.530937 0.123217 
3.6932 2.77296 2.51206 2.62312 1.78704 0.677399 0.520499 0.843436 0.71494 0.258487 0.377414 0.0901787 
4.51938 2.73998 1.46281 2.79028 2.81451 0.128232 -0.908962 0.170567 0.388134 0.00149827 0.0938016 0.0307331 
4.52315 1.84959 1.64981 3.28761 2.11307 -1.08507 -1.95354 -0.553649 0.0886865 -0.0757468 -0.176849 -0.0182425 
5.622 1.34069 1.08479 3.85964 1.63987 -2.21296 -1.54262 -0.713197 0.122712 -0.170733 -0.109374 0.0197424 
6.1544 1.39725 0.416705 2.91329 0.989546 -1.83521 -1.12057 -0.768262 0.470295 -0.207042 -0.0441292 0.0644035 
5.23803 1.70113 0.189195 1.28307 0.392653 -1.17109 -0.987393 0.201526 0.1061 -0.418542 0.117628 0.158533 
5.14986 2.14338 0.0172557 1.03306 -0.0895194 -2.01649 0.835175 0.883439 0.389556 -0.679758 0.0658643 0.11291 
6.38317 2.10673 -1.92438 0.701545 0.722806 -2.05727 2.30814 0.576156 1.21488 -0.529044 0.0359672 0.050499 
5.50825 1.81241 -1.19737 0.382903 1.16589 -1.00909 2.06394 1.23747 1.12476 -0.328803 -0.236614 -0.0137766 
4.24772 1.83569 0.153947 0.470927 0.943859 0.4527 1.37836 1.71357 0.45197 -0.69126 -0.144151 0.0114209 
3.88774 1.46188 -0.0055432 1.10173 1.62044 0.684705 1.18703 1.50359 0.581368 -0.879216 -0.224965 0.0421077 
4.51237 1.05496 -0.399155 1.81215 2.46108 0.749517 1.19457 1.82428 1.11049 -0.552346 -0.191309 0.0855099 
4.75949 2.05948 0.880083 1.22766 1.51564 0.916374 1.74837 1.98073 0.671768 -0.429547 0.305903 0.17357 
5.74349 2.5746 0.493252 1.31143 1.59484 0.767877 1.01419 1.91471 1.03967 -0.214363 0.167532 0.177429 
5.69118 2.76443 0.831193 1.43385 1.61276 0.870638 1.35003 2.13807 0.992066 -0.241849 0.102098 0.139485 
4.44132 2.68349 1.33484 1.35637 1.62001 1.43148 1.51488 1.50322 0.671116 0.0246644 0.371612 0.116601 
4.24554 2.44275 0.900949 2.08232 1.59228 0.821306 0.801081 2.08714 1.06796 -0.137436 0.300542 0.118885 
5.3125 1.73643 0.0170838 2.56959 1.15827 -2.7935 1.14405 2.09697 1.96347 -0.0217357 -0.211692 0.0441681 
5.81834 2.35076 -1.03082 1.89846 1.92703 -3.36832 1.21175 0.774174 2.33415 -0.0669942 -0.227165 0.0554779 
