1.49259 0.236189 0.722977 0.175242 1.92286 0.333671 0.98744 -0.12605 0.0732145 -0.257735 0.0447926 0.0825313 
1.62902 0.503889 0.730178 -0.995878 0.663736 -0.0186776 0.85944 -0.690774 -0.109216 0.114826 0.170748 0.0147052 
1.45715 0.459221 0.236377 0.28518 1.27079 -0.0548596 1.44709 -0.129619 0.123254 -0.188195 0.0246335 0.066475 
1.57794 0.71973 1.00188 0.570785 1.04461 0.157362 1.35317 -0.552317 0.228831 -0.259598 0.125752 0.0672355 
1.4965 0.192127 1.23194 -0.507372 0.901077 0.0518656 0.760611 -0.46207 0.642178 -0.148184 0.142829 0.0505716 
1.35823 0.202564 1.12696 -0.663253 0.909827 0.175223 0.573599 0.0608336 0.101457 0.108294 0.100635 0.0248763 
2.07324 -0.129212 0.946935 0.507309 1.22161 -0.324837 1.58642 -0.833199 0.772592 -0.210198 -0.0681089 0.0733599 
1.9487 0.442138 1.30728 0.379949 1.98384 0.304331 1.02619 -0.155748 -0.332214 -0.541106 0.0576793 0.0407319 
1.58096 0.537425 0.994113 -0.646261 1.20287 -0.16011 1.75127 -0.266585 -0.266333 -0.227232 -0.00227763 0.0588749 
1.52534 -0.0803373 0.226528 -0.904546 0.391321 0.0380895 0.760193 -0.703151 0.232835 -0.38558 0.079961 -0.0515291 
1.84985 0.191739 1.11444 -0.178437 1.59792 -0.236836 1.30589 -0.281036 -0.102236 0.128562 0.0698739 0.0294026 
1.52409 0.251093 1.08588 -0.914631 0.671108 -0.0783094 1.31592 -0.303148 0.134555 -0.0367819 0.144103 0.113211 
1.44474 0.100996 1.1442 -0.929122 0.443038 0.374353 0.795952 -0.290093 0.320551 0.0242919 0.185141 0.0359484 
1.86302 -0.0214465 1.19464 -0.378404 0.989223 -0.00199109 0.86586 0.0291355 0.128976 0.0446026 0.160793 0.0384439 
1.45035 -0.170387 1.2538 -0.346147 1.19464 -0.0978737 1.29383 -0.0758946 -0.0704941 -0.0299699 0.00730883 -0.001467 
1.27933 0.47763 0.693811 -0.336479 0.356648 -0.0898189 0.89615 -0.261115 0.0183212 -0.776592 0.106722 0.0205604 
1.67986 0.0830491 0.243697 0.0891277 0.862304 0.146726 1.43982 0.0798196 0.152993 -0.206898 -0.0104977 0.0222519 
1.63672 0.619306 1.6482 -0.109156 1.13415 0.454547 0.903597 -0.0523423 -0.158108 -0.129709 0.0493871 -0.0383531 
1.64196 0.216198 1.60082 -0.221155 0.481714 0.359705 1.68609 -0.649377 0.112989 -0.255924 0.0496265 -0.0825313 
1.49631 0.150816 0.834795 0.358169 0.740622 -0.268959 1.23738 -0.311137 -0.0946454 -0.421119 0.140688 0.0802632 
1.57718 0.360016 0.704742 0.323113 1.30118 -0.338421 1.36876 -0.548874 0.100777 0.170317 0.296545 -0.0224116 
1.51905 0.307319 1.69648 -0.217692 1.33091 0.282252 1.09516 -0.503714 0.697023 0.312976 0.105061 -0.0148263 
1.4895 0.518312 1.00357 -0.127258 1.17249 0.467841 1.1449 -0.48149 0.300219 -0.182772 0.0770145 0.0239378 
1.63798 -0.15817 1.20489 0.192759 1.21764 0.210321 0.867862 -0.545776 -0.251155 -0.165168 0.0494221 0.0103781 
1.83091 0.0470498 0.559587 -0.124494 0.727074 -0.158836 1.01261 -0.374056 -0.110156 -0.214897 0.271541 0.0447866 
1.47453 -0.148548 1.45731 0.403591 1.14393 1.11826 1.4334 0.106013 0.543449 0.190012 0.11274 0.0381759 
2.13309 0.80516 1.69768 1.0064 1.04383 0.0616181 1.12308 -0.601545 0.673055 0.252103 -0.0388837 0.0711047 
2.74454 2.27623 1.99127 1.74576 1.47538 1.15698 0.84791 0.54438 0.366207 0.224841 0.141412 0.0496176 
3.39044 3.02544 2.69083 2.30604 1.82016 1.18663 0.694224 0.565418 0.644692 0.564735 0.431792 0.0967945 
3.8354 2.37832 1.90111 2.3852 1.80041 0.791721 0.80769 0.800353 0.26781 0.23324 0.56458 0.129049 
3.93422 2.26498 1.86466 2.59009 2.06264 0.898308 0.785826 0.728686 0.245993 0.280131 0.660554 0.151193 
4.34383 2.65972 1.77647 2.2423 2.03478 1.09647 0.629522 0.318402 0.0347147 0.321718 0.670342 0.179351 
4.03805 2.6847 2.02696 2.32594 2.113 1.11123 0.236227 0.0512527 0.17188 0.431213 0.663853 0.141727 
4.55847 2.2208 1.59496 2.76369 2.84479 0.505601 -0.808098 0.18551 0.599079 0.338585 0.528343 0.139151 
5.26429 2.16969 1.61057 3.25349 2.76144 0.421383 -0.910284 -0.0656682 0.743591 0.275832 0.352007 0.138301 
5.7159 2.08835 1.46018 4.42228 2.37788 -1.12794 0.617018 -0.923433 1.57417 0.331297 0.195729 -0.0189049 
6.27084 1.58114 1.68088 5.81892 3.14414 -3.05217 -1.93986 -0.271942 -0.0110648 -0.404273 -0.379733 -0.0402934 
6.12206 0.185051 1.48778 4.95341 1.95274 -2.50964 -2.63822 -0.67087 -0.0906631 -0.228033 -0.244518 -0.0403406 
7.4172 0.391079 1.20079 4.90723 1.98058 -2.59222 -2.84524 -0.440078 0.206689 -0.0861215 -0.126922 0.03495 
5.64049 1.42745 1.1433 3.83692 1.70876 -2.7509 -1.5054 0.184532 0.157074 -0.0881345 0.113702 0.187748 
5.48841 1.58845 0.0978025 3.30939 1.62829 -3.20802 0.1752 -0.0267061 1.15199 -0.0745072 0.272961 0.193363 
5.78532 0.954685 -0.395676 2.37166 1.1161 -2.67337 0.596792 1.45673 0.97929 0.305971 0.200587 0.106588 
4.98575 1.40405 -0.777578 2.05287 1.22589 -1.56133 1.30068 0.831758 2.2487 0.0360525 -0.126818 -0.0872413 
5.43212 1.2878 -1.1132 1.33743 1.94377 -0.552098 1.49351 0.752507 1.72368 -0.422213 -0.33559 -0.0384542 
5.84153 0.744674 -1.17865 2.64805 3.26422 -0.00222359 1.50289 1.10429 1.17814 -0.475611 -0.455404 -0.00116226 
4.79622 0.0601706 -0.543077 3.35886 3.44431 0.822109 1.45024 1.99126 1.0407 -0.162928 -0.482273 -0.000581047 
3.60613 2.19077 1.33361 1.46129 1.40225 1.11762 1.33613 1.32302 0.425847 -0.275673 0.0796686 0.0349726 
3.0486 2.36732 1.96938 1.74154 1.46552 1.2355 1.19575 1.1049 0.693777 0.293483 0.187213 0.0396832 
2.88304 2.19327 1.7497 1.55232 1.52098 1.46297 1.33166 1.07072 0.716251 0.404329 0.248516 0.0384735 
2.9336 2.24962 1.75049 1.5133 1.48605 1.42548 1.24598 1.01393 0.785499 0.52646 0.28072 0.0414733 
3.37695 1.62569 1.31722 2.14733 1.36766 -0.111228 0.682411 2.1439 1.59948 0.267434 0.243894 0.0706786 
5.74508 0.496615 -0.863429 2.33056 1.55738 -2.63955 1.22066 2.03457 2.1701 -0.00632257 -0.221099 0.0427689 
5.12127 0.503263 -0.475172 2.99351 1.86937 -2.59885 0.515499 1.75702 1.73207 -0.0629675 -0.24837 0.0614941 
5.64142 0.697709 -0.834771 3.91244 2.38655 -3.94509 1.01093 1.0003 2.10919 -0.591104 -0.321459 0.07083 
5.18905 1.02349 0.303331 3.50654 1.39933 -3.46415 0.493135 1.26349 1.56038 -0.12513 -0.0969749 0.108819 
5.98237 0.705157 0.865634 3.81771 0.0360432 -3.03717 0.368749 1.61487 1.07853 0.0583182 0.230588 0.11533 
4.09052 1.14324 1.49636 2.98335 0.235417 -1.62223 0.893534 1.8541 0.553516 0.580166 0.608239 0.152913 
3.52898 1.78956 1.96561 2.32384 0.416242 -0.875371 1.1574 1.44612 0.84773 0.429345 0.551966 0.119256 
1.23584 1.35603 3.39763 3.34228 -1.22336 -2.17035 3.10471 1.35559 1.66146 0.156564 0.541692 0.187912 
-0.256558 1.21834 3.20343 2.91113 -1.41694 -1.059 3.67847 2.39693 0.847299 0.393795 0.580778 -0.0270454 
-0.443481 0.187998 2.49784 1.75069 -1.31491 -2.70977 2.47831 1.15723 1.396 0.0861286 0.493759 -0.0145715 
-0.758032 -0.238801 2.29324 1.27563 -2.24619 -2.92451 2.23214 0.749132 1.43076 0.244705 0.58926 0.0814273 
-1.59704 0.273638 1.66584 2.04109 -2.13735 -2.92056 2.68204 0.333086 1.64118 0.409996 0.28847 0.144602 
-2.02151 -0.963807 2.05087 1.65705 -1.54742 -2.33946 2.20089 0.547059 1.85356 0.289651 0.178189 0.191964 
-2.47689 -1.95847 1.22605 2.54812 -1.79483 -2.59283 1.77545 0.801614 1.58216 0.324541 0.27987 0.0814062 
-2.86374 -1.99126 1.185 1.69905 -0.84118 -2.34326 2.07671 1.12842 1.41006 -0.368832 0.245319 0.0399378 
-3.00199 -2.00494 0.893202 2.07224 -2.93807 -2.62307 2.61371 1.03929 1.81585 -0.0120362 0.243089 0.01116 
-3.08602 -1.65539 0.468432 0.727737 -3.24354 -3.18679 2.74833 0.778882 0.928492 0.222642 0.163383 0.00601523 
-3.24729 -2.02983 0.359438 0.417583 -3.26331 -2.67721 2.5528 1.01763 1.28656 -0.542244 0.27405 -0.0706848 
-3.49544 -2.08414 1.43076 1.1335 -1.77977 -2.07147 3.26149 0.988675 0.570224 -0.135817 0.077994 0.0562498 
-4.17176 -1.41577 1.79986 1.24813 -4.08948 -2.43336 2.57493 0.441686 1.32979 -0.0566619 0.393734 0.0796318 
-3.88902 -1.52606 1.38596 2.77777 -3.38686 -1.44808 1.92261 1.32629 0.178903 -0.440283 0.67146 -0.0154706 
-4.432 -0.4221 0.827202 2.58294 -1.56963 -2.34412 1.67244 0.403989 -0.361607 -0.524239 0.365213 -0.0205802 
-4.28401 -2.31229 2.74864 1.66363 -2.27517 -1.32531 2.14652 -0.0483871 0.610513 -0.4287 0.208578 0.114665 
-3.72519 -2.48685 1.6764 1.03157 -2.35243 -2.4672 2.27678 1.27679 0.606018 -0.15182 0.205848 0.0392297 
-3.49705 -2.0795 2.0166 0.365806 -1.48857 -1.89726 1.6029 0.892662 0.0497056 -0.513159 0.342095 0.0032752 
-3.49946 -2.66739 1.34337 0.837481 -1.47838 -2.95757 2.51296 0.70172 0.168809 -0.618018 0.400428 0.0428987 
-2.60629 -2.60114 0.902809 1.37413 -1.56023 -2.3897 2.34902 0.741204 0.478632 -0.880784 0.452545 0.0116555 
-3.27622 -2.05944 1.08341 0.922404 -1.7602 -3.17042 2.32754 1.0621 0.206949 -0.362574 0.255146 0.0210213 
-3.70411 -2.56384 0.636793 0.764417 -0.906564 -2.9488 2.11075 1.77878 0.170401 -0.396858 -0.0117385 0.035926 
-3.44485 -2.74437 0.365468 1.77366 -1.56757 -3.45716 2.06303 1.0999 0.487742 -0.294572 0.00402023 0.0685235 
-2.56723 -3.16769 0.0914127 1.30342 -1.38709 -2.9074 1.85114 0.624648 -0.0320953 -0.453767 0.242205 0.0467217 
-1.88986 -2.22741 0.767358 1.77065 -1.83423 -3.38544 1.57799 0.83354 0.873136 -0.237483 0.35063 0.140409 
-2.08968 -2.72505 0.586791 1.68191 -1.1262 -3.24593 1.71548 0.87158 1.05892 0.103582 0.0724335 0.0970065 
-2.46979 -2.90707 1.01026 2.82159 -1.71438 -3.6711 1.55754 0.738794 1.62209 -0.198088 0.114659 0.203067 
