1.49589 0.0506638 0.342178 0.0577617 1.07825 0.255714 0.5955 0.123684 0.396444 -0.5596 0.302063 -0.00402423 
1.43462 -0.403427 0.980427 -0.122661 0.904202 -0.196807 0.8459 -0.779985 0.0126968 -0.000175016 0.0750172 -0.0385456 
1.41545 0.180286 0.983378 -0.151349 0.510083 0.19359 0.69197 -0.978302 0.521407 -0.130349 -0.0211852 -0.0326085 
1.43289 0.407633 1.66755 -0.268433 0.732792 0.460466 0.476389 -0.964843 0.0451397 -0.0471325 0.256028 0.00817637 
1.42415 0.249571 1.24932 -0.045976 0.468268 -0.250551 0.833736 -0.491643 -0.299319 -0.339193 0.0104183 -0.0264516 
1.26317 0.337238 1.12669 -0.133282 0.858972 -0.262493 0.840333 -0.360957 0.133226 -0.300473 0.0916425 -0.0538879 
1.58806 0.235657 0.923564 -0.269396 0.854495 -0.363463 0.446281 -0.515725 -0.170483 -0.326029 0.0599848 0.0633074 
1.42345 -0.246001 0.438764 0.114 1.17192 0.184479 0.685997 0.578596 0.611059 -0.133215 0.210013 -0.0219487 
3.12422 -3.67648 -2.51736 -1.0336 1.03801 0.769807 -1.18535 1.36385 2.24338 -0.463296 -0.573904 -0.0999408 
2.80171 -2.43183 -1.54285 -1.99748 0.581713 0.200477 -0.430565 0.453977 2.58457 -0.253439 -0.488856 -0.0545921 
2.44503 -0.305238 -0.463838 -1.34413 0.363151 -0.911315 0.946966 1.56088 1.61926 0.230271 -0.309555 -0.0244374 
1.57424 -0.471096 0.780174 0.800806 1.76321 -0.100112 0.629212 -0.545853 -0.0167686 -0.573572 -0.243805 0.0738157 
1.72449 0.0566847 1.19259 -0.031054 1.89913 -0.0331345 0.240889 0.671877 0.440274 -0.420121 -0.188357 0.0189834 
1.48112 0.878526 1.23892 0.262118 1.31804 0.389696 0.785506 -0.36214 0.0824827 -0.498483 0.329812 0.112422 
1.37369 0.0578691 1.32552 -0.438424 1.18881 0.0258416 0.16722 -0.975976 0.0924701 0.0884078 -0.0553073 0.0892697 
1.49274 0.339829 1.20019 -0.108638 0.260765 0.109254 1.31185 -1.12535 0.617819 0.105767 0.0727021 0.052363 
1.23582 0.0264638 1.36395 -0.692747 1.67456 -0.0374607 1.20303 0.00496008 -0.199321 -0.101478 0.140092 0.0545978 
1.65078 0.0912657 0.865854 0.491275 1.35345 0.283249 1.51148 -0.16196 -0.0494396 -0.0946848 -0.0724284 0.0519343 
1.6152 0.89374 0.852473 -0.174922 1.68039 0.0502885 0.903486 -0.0788499 -0.266593 -1.21433 -0.147442 0.0317863 
1.56935 0.501761 1.12762 0.0792437 1.24558 -0.0113894 1.47175 -0.269701 -0.210109 -0.0987484 0.00746509 0.00961825 
1.64395 0.206526 1.46392 -0.561372 1.19869 -0.585995 0.844175 -0.114877 -0.586721 -0.112611 0.00620576 0.0432893 
1.75583 -2.45657 0.616144 0.734864 0.580567 -0.624529 0.31796 0.65598 1.27274 -1.05347 -0.324539 -0.0653247 
2.05537 -4.91413 0.798884 2.3716 0.0257923 -1.04863 -0.596449 2.44158 2.35537 -1.46306 -0.716392 0.110312 
1.70234 -2.02383 0.998806 2.43359 0.272093 -2.35158 -0.377804 0.0961093 0.430539 -0.656593 -0.0839677 0.0872792 
1.83215 0.115594 1.23421 -0.200085 1.98244 -0.176373 0.974024 -1.19161 -0.489755 0.304641 0.416422 0.0810197 
1.96086 0.729124 1.51739 -0.537701 1.0035 0.22187 1.50431 0.00407418 0.124025 0.0545032 0.326718 -0.0192085 
1.51231 0.604579 1.51708 -0.217886 1.32182 0.716699 1.87996 0.720054 0.253836 -0.267753 0.270539 -0.007663 
1.47381 0.188605 0.784498 -1.01416 0.984406 -0.501638 0.845238 -0.531352 -0.157157 -0.127501 0.312469 0.0368126 
1.49307 0.640624 1.32336 -0.490276 1.10517 -0.612733 1.10954 -0.604862 -0.0459775 -0.00650063 0.131428 0.0319855 
1.44197 0.698994 0.928623 -0.506045 1.43264 -0.280226 0.363491 -0.205965 0.0995248 0.282112 0.160302 0.0592507 
1.52508 0.44248 1.04399 0.0987629 1.30915 -0.24889 1.13793 -0.347839 0.0922548 -0.0785559 0.00475699 0.0253901 
1.42462 0.184732 1.18223 -0.467409 0.978101 -0.149891 1.05643 -0.305236 0.242489 -0.293812 0.121799 -0.00660474 
1.03064 0.0278694 1.56819 0.0751744 1.11431 -0.317531 1.96977 -0.841141 0.299642 0.0500595 0.175551 0.059771 
1.45385 0.72555 1.06541 -0.234258 1.2577 -0.468567 1.18641 -0.477937 0.371126 -0.10028 0.0347627 0.0547972 
1.13471 0.684667 1.22588 -0.270598 2.03557 -0.856588 0.362622 -0.796295 0.300965 0.153547 0.132841 -0.0594972 
1.36155 0.441271 1.13928 0.0280764 1.67652 0.164316 1.21558 -0.284005 0.390754 0.0209824 0.0151741 0.000286434 
1.59057 -0.259308 1.25095 0.160931 0.617423 -0.536028 0.727007 -0.517072 0.291977 -0.212199 -0.110252 -0.0106916 
1.45966 -0.501748 1.14978 0.134747 0.578956 -0.54393 -0.0607058 -0.228667 0.902862 -0.643196 -0.285557 0.19974 
1.26745 -0.714514 1.18169 0.607673 0.764581 -0.113075 0.206759 0.313167 1.32418 -0.469906 -0.395611 0.124736 
1.33933 -0.462649 0.913112 0.814662 1.75489 -0.384843 0.0810681 -0.00949045 1.05467 -0.48875 -0.159496 0.0927918 
1.40509 0.329103 1.5861 -0.475147 0.0286545 -0.560642 1.29237 0.0663784 0.427423 -0.472072 -0.183785 0.0425715 
1.39133 -0.0088657 0.937802 -0.440144 1.3426 -0.073726 1.43275 -0.393111 -0.0700199 0.140659 0.0605952 0.0339241 
1.36717 0.276678 0.724378 -0.842756 1.0814 -0.187024 0.173928 -0.740991 0.38619 -0.469404 -3.75007e-005 0.0557116 
1.51154 0.694603 0.897276 -0.376892 0.443449 -0.127733 0.78683 -0.426957 -0.0735166 -0.363085 -0.0547521 -0.0177666 
1.36351 0.370329 1.26818 0.516248 1.24261 0.130654 0.804154 -0.0509698 0.380725 -0.344221 0.141565 0.038714 
1.48561 -0.0616862 0.871027 -0.289645 0.726198 0.301973 0.78015 0.0564237 0.18894 -0.321014 -0.0853488 0.00578066 
1.91701 0.174316 1.15731 -0.621271 1.56586 -0.362622 0.547185 -0.313331 0.169858 -0.0196206 0.00164716 0.0783215 
2.56644 2.10069 1.96416 1.62742 1.58197 1.35705 1.09019 0.961935 0.612139 0.39077 0.196564 0.0512327 
3.23674 2.98102 3.17619 2.87863 2.42362 2.32735 2.4366 1.62367 0.837919 0.576053 0.195291 0.106658 
3.68726 3.07453 2.90374 2.88753 2.07504 0.857885 0.386387 0.716113 0.829744 0.396267 0.268629 0.0813622 
3.0364 2.4989 2.43616 2.22182 1.58301 1.06732 0.897562 0.805366 0.626442 0.544782 0.366205 0.0674021 
3.19889 2.73341 2.58711 2.12822 1.51149 1.19683 0.998672 0.643115 0.590766 0.65403 0.425775 0.0828676 
3.11299 2.58797 2.31577 2.10409 1.73177 1.31069 1.00153 0.842472 0.683209 0.505964 0.35338 0.0670308 
3.08843 2.46911 2.22773 2.0467 1.60461 1.08639 0.803403 0.658974 0.610284 0.526042 0.383661 0.061056 
4.3912 2.26002 2.30184 3.87011 2.48743 -0.767293 -0.994534 -0.224055 0.449279 -0.244107 -0.197724 -0.0175828 
5.39739 1.51481 2.02616 4.3768 2.06488 -1.91268 -1.21583 -0.769277 0.296461 -0.435226 -0.211538 0.0335439 
5.69284 1.4374 1.14258 4.27982 2.03373 -2.74944 -0.607346 -1.29351 0.751127 -0.409773 -0.0739525 0.0513907 
5.94466 0.818089 0.93008 3.56839 0.656962 -2.36352 0.314548 -1.37529 0.647932 -0.27585 0.118724 0.0920193 
5.53473 1.30471 -0.0379048 2.62909 0.303724 -2.34044 0.527873 -0.22284 0.798106 -0.482544 0.238157 0.128154 
5.50272 0.920409 -0.90667 1.46429 0.716626 -2.21357 1.32946 0.938586 0.902211 -0.0164929 0.0733781 0.0395794 
6.2768 0.402788 -1.91365 2.28058 0.810939 -2.14314 2.26586 0.867418 2.17633 -0.2832 -0.0624678 -0.142574 
5.70127 0.607678 -1.28081 1.7331 1.58963 -0.91432 2.44461 1.13582 1.90138 -0.708132 -0.425111 -0.019064 
5.9154 0.460707 -1.68249 2.54105 3.2024 -1.47911 2.48399 0.881645 1.42998 -0.824647 -0.330451 0.127326 
5.46011 0.436829 -1.6914 3.69422 3.39903 -1.04917 1.61998 0.956457 2.05284 -0.280973 -0.0860469 0.0349448 
4.64206 1.92062 0.193977 1.23032 2.0587 1.24935 1.28922 1.83442 0.977584 -0.287504 0.135229 0.103225 
3.75829 2.39547 1.03708 0.988913 1.69349 2.02369 1.70782 1.20133 0.536019 0.1588 0.314273 0.0763088 
3.24464 2.14633 1.60272 1.74426 1.6271 1.0879 1.02206 1.27406 1.01991 0.509609 0.265875 0.0450859 
3.66693 1.51846 1.11778 1.76043 0.550395 0.1123 1.81489 2.19519 0.961061 0.563994 0.375285 0.0405817 
4.10762 1.39847 0.836903 1.7566 0.514795 -0.979177 1.15001 2.67912 1.35457 -0.00522936 0.00535759 0.0374667 
3.91688 1.01009 0.389054 2.35154 1.11323 -1.49387 0.39281 2.04264 1.48395 0.0777688 -0.0023631 0.0680991 
4.24428 0.869753 0.208136 3.01848 1.82072 -2.25496 -0.277653 1.77418 1.54165 0.225988 -0.0637801 0.110395 
5.49532 -0.251969 -0.706066 3.52131 2.77411 -4.15596 0.798894 1.24506 2.24948 0.0579205 -0.173528 0.174153 
5.87881 -0.163173 -0.269417 3.42892 3.12654 -3.96871 1.4053 1.22872 2.10425 0.120554 -0.224785 0.209645 
3.60616 0.440895 0.826086 3.04153 1.3 -2.14978 0.487233 1.62926 1.75703 0.203344 0.154123 0.115159 
3.722 1.65867 1.0891 2.37654 1.23013 -0.999351 0.0865317 1.58958 1.04636 0.134704 0.269653 0.10936 
3.89569 1.71216 2.06711 2.42433 0.202055 -0.555677 0.770352 1.01805 0.747803 0.769134 0.356116 0.0696882 
3.95431 0.932496 2.29252 2.76223 0.397805 -1.59982 1.24724 1.07549 1.79096 0.450661 0.481395 0.196968 
2.06422 -0.182725 3.23617 2.37459 0.174171 -2.31781 1.99401 1.18588 1.75657 -0.076054 0.538573 0.194225 
1.08726 0.15038 3.50571 1.54863 -0.369367 -1.24054 2.62519 1.10903 1.68681 -0.0570774 0.196515 0.136326 
0.311305 -0.235471 3.83177 0.775002 -0.125466 -1.46765 2.67641 1.15584 1.89983 -0.0162769 0.0667987 0.171018 
-0.0878755 -0.763853 2.87143 0.138617 -1.36873 -1.86911 2.09051 0.747732 1.71456 -0.190794 0.0192428 0.139179 
-0.473304 -1.85853 2.14225 -0.0245921 -1.48055 -1.50387 1.93732 1.01009 1.45391 -0.33997 0.0367173 0.0811916 
-1.01547 -1.68587 1.71767 -0.399871 -0.874731 -1.31333 2.41631 1.06312 1.43419 -0.210083 -0.163828 0.056305 
-1.75517 -2.39858 1.61751 0.039344 -0.933267 -1.26715 1.89925 2.10488 2.08256 -0.489612 0.049559 0.00775794 
-2.00449 -2.22543 2.05855 -0.237645 -1.31883 -1.97145 2.50241 1.16322 2.00725 -0.14785 -0.0504863 0.0812786 
