1.37593 0.14629 0.903025 -0.599798 0.550791 -0.335136 0.941255 -1.0784 0.108836 -0.23249 -0.0536119 0.0702724 
1.50658 -0.270892 1.02415 -0.0159376 0.384992 -0.0357788 0.525224 -0.353912 0.0809796 -0.261159 0.144044 -0.0145076 
1.72498 0.0398344 1.32583 -0.137709 0.607225 0.517043 0.734886 -0.252795 -0.00855539 -0.322152 -0.120287 0.0102423 
1.55776 0.0655046 1.37416 -0.447962 1.32436 0.0653282 0.846463 -0.360855 -0.375916 -0.441452 -0.0362462 0.070602 
1.75786 0.253448 0.999977 -0.131629 1.30029 -0.386117 1.02189 -0.422601 -0.284373 -0.157871 -0.0677931 0.023986 
1.68798 -0.0966933 1.27517 -0.498058 1.83062 -0.148271 1.30635 -0.0883845 -0.0459973 -0.194536 -0.0319852 0.0428121 
1.67641 0.293214 1.37009 -0.0960182 0.363394 -0.0789672 0.747625 -0.651787 -0.318821 -0.503675 0.0960075 0.120888 
1.69004 -0.153934 0.977846 -0.214303 0.208379 0.10964 0.125451 -0.780735 0.0344483 -0.445659 0.119203 0.00502812 
1.52239 -0.274236 1.19824 0.347279 1.38506 0.665684 0.152485 -0.522739 0.0566642 -0.0569258 0.146157 -0.0116988 
1.40773 0.210707 1.04812 -0.253576 0.700432 0.358496 0.910196 -0.906404 0.347229 -0.400104 -0.068662 0.0380783 
1.60383 0.061294 1.2393 0.117857 1.31484 0.227196 0.591222 -0.646497 0.306805 -0.297317 -0.345423 0.0362988 
1.32702 0.0535211 1.25345 -0.558211 0.318212 -0.36525 0.721962 -0.60925 -0.40514 -0.0455094 0.218783 0.0661561 
1.64447 0.177071 0.924805 -0.514573 0.516203 0.141822 1.08295 -0.43477 0.153169 -0.248097 0.152198 0.0312429 
1.38208 0.431217 0.801467 -0.807655 0.7111 -0.177519 0.40784 -0.41226 -0.00755555 -0.108862 0.243681 0.0455667 
1.62983 -0.115113 1.05202 -0.642059 0.393595 0.271653 1.00798 -0.607757 -0.314861 -0.404696 0.273711 -0.04177 
1.66497 0.094562 1.05685 -0.132576 1.23452 0.00806855 0.0887346 -0.366265 -0.220262 -0.540096 -0.0716946 0.105228 
1.89393 0.293085 1.55179 -0.341599 0.6936 -0.0564113 0.586604 -0.359376 0.151206 0.286928 0.0534272 0.0394133 
1.31071 0.207737 0.621897 -0.40836 1.40201 -0.297258 0.327201 -1.00018 -0.237681 -0.66389 -0.145439 0.0180591 
1.71229 -0.17667 1.18987 -0.039785 0.771913 -0.542539 0.196836 -0.580992 0.066968 0.121828 0.166948 0.0578913 
1.28155 0.305428 0.612161 0.123182 1.56282 0.48259 1.02755 -0.974531 -0.119088 -0.679727 0.20435 0.0578766 
1.60273 -0.0354494 0.912414 0.072526 1.0175 -0.0963867 0.580424 -0.484802 -0.394141 -0.175622 0.0567478 0.0349027 
1.64645 0.00885315 0.696506 -0.88384 0.887715 -0.44631 0.458476 -0.591115 -0.357408 -0.0806465 0.201144 0.0681381 
1.62854 0.128517 0.599229 -0.489891 0.579521 -0.18453 1.13571 -0.823221 0.0857495 0.138675 0.0882649 -0.0844304 
1.52021 0.0160729 1.04072 -0.480054 1.45589 0.291852 0.502908 -1.01625 -0.331884 0.120511 0.109136 0.0319639 
1.35172 0.0354069 1.46806 -0.865864 0.783508 -0.524801 0.604151 -0.352679 -0.117254 -0.0738361 0.0904911 0.0365358 
1.55784 0.185472 0.714109 -0.291237 0.630305 -0.0559476 1.22397 -0.656349 0.441029 -0.384909 0.0172982 0.0512467 
1.5637 -0.513607 1.47249 -0.113308 0.991326 0.110578 0.733719 -0.427748 0.0793258 -0.229047 -0.298574 0.0203817 
1.62673 -0.056079 1.18953 -0.425327 0.315894 0.755982 0.949964 -0.803291 -0.0640298 -0.289169 0.293777 -0.0384011 
1.95621 0.0287035 1.21569 -0.882154 1.19617 -0.38784 0.855386 -0.735375 -0.473631 -0.160654 -0.319725 0.0610745 
1.31949 -0.651304 1.8506 -0.761692 0.827782 0.537594 0.430192 -0.636773 0.450637 -0.677712 0.227161 0.122025 
0.433978 -2.0055 2.72392 -0.687744 1.39133 0.806635 -0.976529 -1.2708 0.10347 -0.454361 0.453254 0.0180366 
0.762979 -0.719397 1.91437 -1.05774 0.256334 1.57874 -0.219381 -0.109163 1.12553 -0.406473 0.198125 0.164756 
0.942389 -0.582814 2.34196 -1.22309 0.515329 1.77433 0.118609 -1.00751 0.797102 -0.589206 -0.111956 0.156439 
1.95934 -0.265634 1.66622 -0.712896 1.00086 0.279679 0.720178 -0.483316 0.0524359 -0.3723 -0.0386752 0.0231948 
1.52194 -0.462506 0.921975 0.120921 1.00753 0.885314 0.898366 -0.294928 0.393145 -0.297366 -0.0449844 0.0840519 
1.34638 -0.381743 1.02228 -0.674608 0.388 0.305696 0.255803 -0.591021 0.00469115 -0.248425 0.012577 0.0751974 
1.59933 -0.133688 1.19941 -0.447793 0.850801 0.240264 0.511365 -1.04535 0.327379 -0.231203 -0.008583 0.0312166 
1.76939 0.121588 0.981131 -0.515109 0.893747 0.367836 1.39937 -0.642532 -0.263403 -0.0621505 -0.0257575 0.0254345 
1.51384 0.261668 1.17983 0.339299 1.2845 -0.0672785 0.600477 -1.11601 0.342054 -0.0826045 0.166237 -0.0396359 
1.54798 -0.164796 1.27041 -0.784686 0.081241 0.384836 0.727922 -0.900416 -0.187057 -0.299614 -0.0906839 0.000489923 
1.3325 0.530844 0.908626 -0.541621 1.21779 0.48272 1.12517 -0.409666 0.43385 -0.0517238 0.148923 -0.00309889 
1.62988 0.475448 1.50794 -0.306498 1.0579 0.187893 1.64594 -0.26256 0.0716768 -0.0382202 -0.0614476 0.018272 
1.5447 -0.294773 1.43259 -0.386854 1.26136 0.382504 0.95308 -0.737657 0.12627 0.0675966 0.205296 0.0548989 
1.90964 0.223795 0.860317 -0.26984 0.895194 0.63111 0.16482 -0.685091 0.116038 0.177797 -0.0234339 -0.0452604 
1.54924 0.232263 1.14905 -0.1555 1.46111 -0.197771 0.844664 -0.765348 -0.0932823 -0.0572257 0.307011 0.0540872 
1.87248 -0.0055763 0.613273 -0.582508 0.978852 0.291975 0.848085 -0.934642 0.130956 -0.0194351 0.0468379 -0.107913 
1.90267 0.247795 1.50881 -0.596434 1.24051 -0.0917687 0.730242 -0.43003 0.248023 -0.0057833 0.0743912 0.0457598 
1.9393 0.355929 1.9086 -0.0264941 1.53118 0.728479 1.67647 -0.0392837 0.261081 0.261752 0.11524 0.0599528 
2.57723 2.1944 2.30426 1.54663 1.50358 1.28219 0.689413 0.770776 0.488747 0.3613 0.182906 0.0436002 
2.68861 2.10204 1.76214 1.5468 1.18869 0.854206 0.644414 0.636538 0.410636 0.221888 0.106982 0.0258059 
3.42989 2.90529 3.00823 2.36058 1.27156 0.858786 0.670157 0.563451 0.293612 0.372092 0.517631 0.0911013 
4.11653 2.99544 4.00567 2.43842 0.80254 1.06325 0.560407 0.42669 -0.0153585 -0.120745 0.65868 0.140576 
3.07238 2.5985 2.43607 1.89524 1.31442 0.978437 0.631661 0.313938 0.556271 0.728502 0.495805 0.0775356 
3.05908 2.43484 2.27689 2.06889 1.56966 1.10319 0.747098 0.539471 0.533497 0.640321 0.411202 0.0616688 
3.07164 2.48354 2.29586 2.08706 1.40968 0.986792 0.957741 0.666407 0.468168 0.535044 0.438755 0.0628397 
3.26744 2.27777 2.40312 2.61505 1.61701 0.784351 0.753628 0.575001 0.353076 0.534042 0.498843 0.0732657 
3.94343 1.49749 3.30923 4.42211 1.1801 -0.718899 0.0202073 0.0917899 -0.0397269 0.0842997 -0.0942765 -0.0246402 
4.07443 1.0973 2.61898 4.27244 0.662651 -1.76723 -0.792885 -0.331141 -0.245618 -0.0953788 -0.137806 -0.00404595 
4.29844 0.644281 2.66891 4.84683 0.49769 -2.31004 -0.737806 -0.405253 -0.298019 -0.00742976 -0.058404 -0.023989 
4.03859 0.570131 1.98483 4.03728 0.47662 -2.40692 -1.01333 -0.376461 -0.0082358 -0.00139294 0.0166202 0.0459515 
3.91802 0.441929 1.82161 3.7075 -0.0290777 -2.53427 -0.601197 -0.112142 -0.103748 0.0321495 0.22207 0.0892748 
4.70387 -0.335602 0.567598 3.8215 -0.0162479 -2.83236 0.791242 -0.393116 0.306259 -0.214458 0.368033 0.0725672 
4.8124 -0.55813 -0.161424 3.32772 -0.161706 -2.96284 1.80772 -0.176434 0.923479 -0.266952 0.269494 -0.0214945 
4.59412 -0.439547 -0.533093 3.06028 0.167305 -2.15375 2.08162 0.621888 1.46522 -0.226522 0.0182049 -0.0666773 
4.20856 0.0466363 -0.485085 2.80929 0.905785 -1.45974 1.86794 1.27458 1.60312 -0.513876 -0.207947 0.00898493 
4.40396 -0.112332 -0.912952 3.61948 2.16046 -1.1492 2.56255 0.620577 1.0248 -1.07027 -0.083078 0.0939168 
4.02266 -0.934573 -0.893716 4.57506 3.5647 -0.0717746 2.47869 1.56484 0.616531 -0.753592 -0.135001 0.181508 
4.31471 -1.11134 -0.573499 4.62001 3.92775 0.359077 1.55657 2.3436 0.422909 -0.41192 -0.187734 0.17669 
5.68133 0.580261 0.168339 3.42112 2.734 0.969181 1.03205 1.42506 0.846029 -0.209858 0.0924199 0.191036 
6.50614 0.0664847 0.369777 4.38208 2.25573 0.382183 2.05367 1.1098 0.823145 -0.0143864 0.151939 0.0986235 
4.66481 1.4745 0.818697 2.82798 2.99466 1.65082 1.29436 1.3542 0.764106 -0.0920923 0.172072 0.133657 
3.56853 2.21105 1.33844 1.66444 2.2115 2.01825 1.37453 0.883845 0.495419 0.339664 0.434499 0.0928319 
3.86566 1.59176 0.678402 1.49533 0.862162 -0.585661 0.807476 2.69656 1.74337 0.176535 0.290327 0.0759587 
4.09235 1.56391 0.421434 1.6212 0.361868 -1.51446 0.817206 2.1777 1.69828 -0.0541903 0.132716 0.0724446 
4.3985 1.03081 0.146067 2.4919 0.630861 -2.61825 0.188811 1.71861 1.35421 -0.0853833 -0.0214223 0.106985 
3.93637 0.186144 0.628732 3.26803 0.264021 -2.83164 0.0567585 1.75225 1.06901 -0.0998623 0.0778008 0.125913 
3.80689 0.141773 0.906874 3.02892 -0.103422 -3.03376 0.339812 1.78689 0.96776 -0.0844886 0.147945 0.133945 
3.35679 0.925109 1.68509 2.96742 0.104996 -1.8842 0.708944 1.39449 0.212638 -0.247055 0.163917 0.0968111 
5.16028 0.305805 1.27308 4.23391 0.707821 -3.06826 2.4085 0.255528 0.881914 -0.0850141 0.53642 0.133659 
3.39884 1.19323 2.54271 2.70223 0.521846 -1.30576 1.32684 0.700074 0.814661 0.349885 0.561593 0.134262 
1.01612 1.01315 2.52751 3.35073 1.02108 -2.44037 2.50849 0.589225 1.45852 -0.094384 0.534693 0.0721906 
-0.187009 0.28902 3.58922 2.80734 -0.839542 -1.65627 1.69006 0.796963 2.00772 0.018935 0.190715 0.0339703 
-1.01485 0.024705 3.2847 2.64704 -1.31492 -0.655632 2.12941 1.44494 0.887299 -0.27612 0.211441 0.125238 
-2.13078 -0.440768 3.19121 0.999797 -0.501535 -1.12233 2.10696 0.982154 0.853806 -0.292658 0.173601 0.315428 
-2.60617 -1.52434 2.52031 0.686673 -1.32658 -1.81049 2.24703 1.08617 1.31137 -0.0208152 0.280575 0.287119 
