1.70717 -0.960813 1.33162 -0.637817 1.67971 -0.370054 0.519069 -0.71466 -0.476781 0.241084 0.0944505 0.0314053 
1.70936 -0.869669 0.932694 -0.757293 1.72857 -0.857042 0.653404 -0.460021 -0.358561 -0.0290148 0.474062 0.0130581 
1.89352 -0.682631 0.701584 0.215538 1.27393 0.698248 0.280436 -1.24203 0.118297 0.0773998 0.29869 0.0528586 
1.69408 -0.627043 0.763562 -0.474 1.15089 0.200189 0.193679 -1.1739 -0.0440955 0.169961 0.226322 -0.0345883 
1.89351 -0.578381 0.913032 -0.357397 1.86433 -0.245779 0.143177 -0.945819 -0.142819 0.051225 0.192248 0.033723 
1.8384 -0.746227 0.763237 0.27734 1.26873 0.223343 0.230236 -1.06002 -0.3924 -0.140548 0.433697 -0.020805 
1.82543 -1.058 1.02504 -0.671022 1.09165 -0.65643 -0.0581389 -1.40474 -0.121168 0.397185 0.160076 -0.0142574 
1.93135 -0.98292 0.616966 -0.396314 0.922039 0.296615 0.331938 -0.589773 -0.420614 0.0279106 0.143243 -0.104238 
1.83581 -0.659721 0.547806 0.0639693 0.912798 0.15741 0.37565 -1.04821 0.460461 0.0780177 0.35376 0.0439955 
2.10302 -0.476824 0.484992 0.437812 0.961903 -0.118435 0.17003 -0.473387 -0.153013 0.0235847 0.493241 0.00950732 
2.02924 -0.2313 0.66987 0.717502 1.83034 0.280745 0.750524 -0.60127 0.0426854 -0.0984397 0.445995 -0.0149881 
2.03725 -0.39021 1.03909 1.11983 1.70484 0.733784 0.467216 -0.706653 0.234797 0.346714 0.517589 0.00893314 
1.9433 -0.336544 0.915052 -0.199069 1.62559 -0.475502 0.69651 -0.986778 0.0781739 0.032102 0.392815 0.0224677 
1.95317 -0.322127 0.376756 -0.207855 0.592655 0.343803 0.135191 -0.900304 0.290654 0.18472 0.733154 0.00832815 
2.26236 -0.823492 0.656884 -0.541335 1.55038 -0.380773 0.295561 -0.762346 -0.565264 0.120396 0.219501 -0.0553037 
1.84276 -0.809248 0.787426 0.394786 0.880802 -0.0177575 0.0896173 -1.03522 -0.420651 -0.0686957 0.340842 -0.0487958 
2.28389 -0.700191 1.61615 -0.0713491 1.47423 0.216618 0.0908343 -1.3974 0.0412723 -0.16144 0.0525599 -0.040575 
2.01621 -0.746061 1.21787 -0.14692 2.20188 -0.276341 1.02826 -0.800486 -0.0842038 0.596996 0.271643 0.0716875 
1.92637 -0.746213 0.543087 -0.622862 1.15774 -0.166002 -0.198341 -1.17106 0.0216014 0.427324 0.393573 0.0043158 
1.8109 -0.679311 0.485006 -0.456432 1.30783 -0.525272 0.329597 -1.10258 -0.549295 0.0871901 0.277357 -0.0716267 
1.95024 -0.597656 0.212228 -0.297212 1.094 -0.140021 0.675681 -1.13568 0.350518 0.21773 0.454194 0.0294359 
1.91692 -1.17758 0.503283 -0.375553 1.1777 -0.528319 0.369455 -0.762398 0.341512 -0.165017 0.147444 0.02646 
1.77638 -0.761437 0.592664 0.281632 1.27669 -0.257124 0.474125 -1.35367 -0.226788 0.12743 0.368117 -0.0474736 
1.93204 -0.590824 0.970674 0.0263755 1.98708 -0.242528 0.0136697 -1.45781 0.199352 0.148037 0.206967 0.0180942 
2.08892 -0.909347 0.212305 -0.0621254 1.43854 0.120321 0.175898 -0.457102 -0.149714 0.154001 0.105692 -0.158848 
2.37799 0.275955 1.76275 0.300413 2.279 0.996988 0.633599 0.407835 0.0650778 0.708117 0.451399 -0.0477042 
2.93364 2.23471 2.33547 2.30022 1.90861 1.5851 1.41737 0.926717 0.83066 0.785618 0.432957 0.0963674 
3.70799 3.41478 3.67204 2.92327 2.29854 1.7651 1.23244 1.06282 1.20052 0.681077 0.244359 0.114585 
4.9068 3.40561 1.96183 2.06024 1.81558 0.452295 0.0581185 1.6978 1.63726 0.315648 0.296492 0.0903104 
4.20768 3.02087 2.19692 2.08473 1.53737 0.783057 0.472339 0.849916 1.13677 0.642036 0.223941 0.0660351 
4.06521 3.0865 3.21972 2.75636 0.983828 0.321887 0.899218 0.882254 0.30526 0.434332 0.489509 0.129097 
3.44235 2.8149 2.32179 1.99385 1.60632 1.19694 0.9923 0.621737 0.334646 0.358593 0.465381 0.083529 
3.19837 2.65047 2.33155 2.06202 1.48002 1.04337 0.85568 0.739995 0.527058 0.4533 0.35724 0.0660905 
3.33976 2.72661 2.39652 2.28581 1.7146 0.842792 0.411532 0.457799 0.423758 0.414996 0.395076 0.0702146 
3.72723 2.24385 2.33227 2.99678 1.58085 -0.88159 -0.497712 0.383028 0.430671 -0.372482 -0.136133 0.0335177 
3.73064 1.08596 1.79472 3.03198 0.495752 -1.87483 -1.49054 -0.301948 0.0212588 -0.30539 -0.24551 0.0408643 
3.92383 0.628072 1.65743 3.06639 0.00323721 -2.12661 -1.60282 -0.487695 0.224242 -0.235913 -0.206285 0.0467213 
4.8321 -0.632834 0.962227 3.24194 0.329918 -2.47454 -1.03917 -0.321052 0.0644551 -0.0810516 0.0229892 0.0554334 
5.65473 -0.683079 -1.115 4.13564 -0.233197 -3.32537 0.771054 -0.482828 0.599055 -0.600286 0.385159 0.0192078 
5.02749 -0.426584 -0.640275 2.19499 -0.104182 -1.40575 0.385996 0.617692 0.330764 -0.341773 0.0432289 0.063854 
5.2614 -0.104549 -1.15069 1.49996 -0.255108 -1.23006 1.69426 0.988348 1.02666 -0.309514 0.0906134 0.0246394 
4.24286 0.360901 -1.07793 0.86497 0.66791 -0.134 1.70554 1.79101 1.17094 -0.478826 -0.130475 -0.00967498 
3.68663 0.257502 -0.449985 1.43856 1.46477 0.337374 1.8286 1.70092 0.837664 -0.849669 -0.330241 0.0415387 
4.00977 0.580103 -0.670341 1.56421 2.21738 0.917226 1.62376 1.46692 0.512641 -0.958068 -0.156638 0.123634 
3.52617 0.664746 -0.357896 2.10009 2.95234 1.35167 1.2805 1.52238 0.972708 -0.714077 -0.130747 0.102102 
4.47019 1.65897 -0.281516 1.34196 3.13842 2.61232 1.7349 1.29645 0.648342 -0.295578 0.0397709 0.0906645 
4.38322 2.2852 0.488504 0.843057 2.16514 2.44844 1.87593 1.05893 0.161291 -0.0935078 0.511484 0.192996 
5.1316 2.90285 0.632263 0.350107 1.88117 2.89607 2.23407 0.863816 -0.041376 0.124926 0.422865 0.21801 
4.09342 2.74227 1.18006 0.665298 1.47822 2.36402 2.32536 1.44264 0.581544 0.334936 0.244891 0.0841682 
3.83977 2.6383 1.38713 1.10409 1.70361 2.21516 1.78365 0.833495 0.201774 0.279082 0.539765 0.139878 
4.11663 1.1808 0.510562 2.82914 1.40305 -1.67083 2.28348 2.18141 1.33477 -0.0122069 0.470958 0.197487 
3.90398 1.33316 0.359836 2.09105 0.616542 -1.4077 1.43464 2.30347 2.24582 -0.0231418 0.221749 0.0703641 
4.0261 0.85843 0.169181 2.54844 0.995642 -1.89431 0.49119 2.1357 1.95842 0.201105 0.0767487 0.0870602 
3.77945 1.47518 1.40449 2.45239 0.593721 -1.16915 0.395934 1.54927 1.23705 0.206428 -0.0585258 0.046662 
4.03494 1.5728 1.93498 3.03613 0.426672 -1.23271 0.898949 1.65124 1.24885 0.638387 0.16669 0.080058 
5.85009 0.653568 2.23582 4.53297 0.00363682 -1.65652 1.0712 1.81566 0.976467 0.838838 0.460203 0.0400268 
6.14406 0.66761 2.40881 5.30728 -0.615249 -3.44585 0.985592 2.29591 0.680672 0.0014317 0.360226 0.107377 
4.92488 1.10117 3.84612 4.33699 -0.831804 -4.22138 2.01646 1.81714 -0.100618 0.251315 0.557862 0.159307 
0.769531 -0.0625405 5.47673 2.68548 -0.632756 -1.97258 1.57176 1.17369 1.36433 -0.118541 0.602492 0.243916 
-0.372916 -1.45407 4.70571 3.41479 -2.6143 -0.942839 2.39136 -0.427034 1.78677 -0.174722 0.151095 0.094967 
-2.43702 -1.16702 3.03047 2.63359 -1.21562 -2.47867 2.3092 0.65988 0.0573975 0.106057 0.257521 0.206342 
-2.16275 -2.38173 2.27216 2.16988 -0.510345 -1.30579 2.2689 0.171415 1.21297 -0.208684 0.29502 0.225932 
-2.10312 -2.04417 2.63416 3.45171 -1.44589 -2.22775 2.83574 0.37957 0.80643 0.0361502 0.450606 0.156497 
-2.31732 -2.15003 2.06458 2.33766 0.0199955 -2.17665 2.95975 0.210541 0.295755 -0.407059 0.388188 0.0826156 
-3.00863 -2.56816 2.59183 1.42481 -0.915756 -1.85566 1.87082 -0.147433 0.425289 -0.550012 0.312118 0.140885 
-3.0523 -2.40736 2.08617 1.48839 0.133566 -1.83278 1.27129 0.60833 0.265796 -0.56036 0.517525 0.0528682 
-3.75563 -2.92879 1.56591 1.58589 -0.430988 -1.93371 1.41173 0.419687 0.438441 -0.797073 0.45809 0.0656872 
-2.91733 -1.89625 1.60859 1.07585 -0.364525 -1.8538 1.30404 0.0062732 0.229845 -0.640663 0.403006 0.157441 
-4.64749 -3.18328 1.64127 1.41859 -1.25227 -2.09057 2.11609 1.12862 0.297667 -0.869357 0.181796 0.20036 
-4.40541 -3.04769 2.76729 1.42741 -1.02943 -2.4054 1.71067 0.555087 0.164389 -0.430526 -0.00743406 0.25504 
-3.43007 -1.81052 2.54413 0.285781 -0.617067 -1.23848 1.61774 -0.318623 0.365916 -0.622107 0.0136349 0.235027 
-4.85009 -2.84608 2.3631 1.53658 -1.42366 -2.49241 1.84351 -0.377156 0.242327 -0.346393 -0.0931132 0.210899 
-3.98301 -2.26255 2.42338 1.58393 -1.28741 -2.05325 2.03116 -0.19286 0.911574 -0.755612 0.0468159 0.177551 
-4.73701 -3.08695 2.26862 2.14634 -1.5355 -1.82582 1.96883 -0.139149 1.01946 -0.887247 0.0333687 0.181282 
-3.75005 -2.32811 2.31691 1.39863 -0.728395 -2.21533 1.55457 0.169469 0.591481 -0.703185 0.280759 0.0816329 
-4.81012 -2.56482 3.28347 1.4438 -1.10066 -2.6814 1.60056 -0.203323 0.868844 -0.774428 -0.00312014 0.154774 
-4.15042 -2.79421 3.30343 1.16084 -0.722705 -2.68714 1.33573 -0.328545 0.532723 -0.567336 0.00867437 0.102102 
-3.6306 -1.45761 4.08871 2.06067 -1.34473 -2.65282 1.088 -1.30816 -0.41475 -0.872911 0.127811 0.0120814 
-1.4366 0.925497 6.05909 2.95976 -0.0994897 -2.05228 2.37725 -1.20764 -0.10581 -0.714324 0.31854 0.0777168 
-1.22706 -0.263711 3.65645 1.52561 1.93093 -1.27222 1.41837 0.43259 -0.101888 -0.564099 0.19712 0.156962 
0.0977944 -0.288994 2.32519 -1.14371 0.638851 -0.704522 0.581051 -1.07138 -0.814665 -0.975943 0.385521 0.0253427 
1.42793 -0.684704 0.919952 -0.713986 1.29588 -1.29753 0.0539396 -0.207472 -0.922245 -0.55598 0.360619 -0.165451 
1.36441 -0.682659 0.489933 -0.995826 1.49336 -0.0462212 -0.54841 -0.190995 -0.482742 0.214242 0.119159 -0.00633359 
1.65447 -0.351382 0.0740191 -0.123917 0.945325 0.65751 0.693727 -0.831379 0.233547 0.401814 0.143934 -0.104346 
1.97183 -0.128072 0.220948 -0.189444 0.595893 0.839177 0.518911 -0.809588 -0.305805 0.470851 0.383154 -0.0699044 
