1.61753 -0.225674 1.28982 -0.154324 1.13677 -0.0421229 0.693106 -0.69892 0.299692 -0.00294196 0.133812 0.0504374 
1.49842 -0.150163 1.18405 -0.427934 0.521549 -0.528585 0.947198 -0.338696 0.243679 -0.206139 -0.101874 -0.0713753 
1.5644 0.481422 0.829405 -0.216967 1.38074 -0.0488803 0.520429 -0.037452 0.337783 0.0401153 0.152889 0.000275612 
1.54043 -0.0236765 0.565989 -0.429751 0.878483 -0.2337 0.578588 -0.654676 -0.168304 -0.282221 0.176535 0.0851806 
1.51806 0.108949 1.0896 0.46102 1.33512 -0.578062 0.658576 -0.0369959 0.206674 -0.0420715 0.195603 0.0906806 
1.41896 -0.0456525 1.00794 -0.533998 1.68274 -0.196856 0.315392 -0.0644893 -0.314062 -0.012278 -0.0488694 -0.0235639 
0.0103143 -2.51445 3.52551 -3.43007 2.41318 -0.250511 -0.0685213 4.86361e-005 -0.263998 0.763772 -0.759482 -0.197753 
0.999668 -3.87506 3.72206 -2.64648 2.61789 1.20394 -1.64746 -0.228772 -0.721759 0.129898 -0.249859 -0.280486 
1.76951 -1.83737 4.28133 -2.35739 3.03754 0.96516 -0.968168 0.738493 -1.15972 -0.0677628 0.190693 -0.184231 
1.62217 0.281306 3.17036 -1.22877 2.39911 1.502 -1.30524 -0.471759 -0.801762 -0.488939 -0.0394484 -0.175509 
1.60382 0.60255 1.83719 -1.57198 2.37028 -0.306196 -1.09417 1.18979 -0.946404 -0.287554 0.401287 -0.157466 
1.58306 0.343196 2.21151 -1.68502 1.86277 0.240769 -0.210953 0.555896 -1.2562 -0.188216 0.227794 -0.177897 
1.52997 0.145938 1.57729 -0.376954 1.44348 0.188184 0.071763 -0.76351 -0.162324 -0.401005 0.26199 0.0217469 
1.76677 0.441753 0.839204 0.272316 1.70673 0.258438 1.02346 -0.388319 -0.318504 -0.458475 0.130104 0.0327722 
1.68838 0.408527 0.66113 0.102177 0.366095 -0.295966 0.249986 -0.884246 0.1317 0.0381853 0.417228 0.103346 
1.45992 0.171815 0.955293 -0.0256531 0.693911 -0.53937 1.13547 -0.445626 0.443451 -0.0115799 0.179265 0.05215 
2.01665 0.172459 0.901328 -0.24778 0.996995 -0.189896 0.889316 -0.840505 0.612796 -0.0438477 -0.0617659 0.0531499 
1.56633 -0.152684 1.35698 0.417453 0.747041 0.429093 1.20255 -1.0901 0.392902 -0.112184 -0.0347568 0.0827999 
1.65395 0.0467208 0.943445 -0.200929 0.998383 -0.611375 0.429773 -0.483538 -0.354597 -0.021048 0.200596 -0.000506477 
1.85732 0.113416 0.887045 -0.00423318 0.500273 -0.150667 0.822204 -0.349235 0.736881 -0.220246 0.0886515 0.0137922 
1.54039 0.186327 1.05322 0.242609 0.947184 -0.0516212 1.17192 -0.643872 -0.104781 -0.168081 -0.118874 0.0702835 
1.68676 0.146875 1.10418 -0.532767 1.28219 0.417241 0.147705 -0.520865 0.185869 -0.554296 0.0438352 0.070088 
1.80527 0.726784 1.15979 -0.379771 0.596208 0.364963 0.814999 -1.745 -0.101036 -0.179954 -0.0164573 -0.0323781 
1.42652 0.036321 0.741053 0.174395 0.948284 -0.0163334 0.625584 -0.479577 0.142736 -0.431682 0.0818892 -0.0116632 
1.59467 0.081245 1.46494 -0.216477 1.73017 -0.43024 0.425276 -0.198971 -0.17126 -0.501317 0.146779 0.0388878 
2.04328 1.1653 1.87373 0.714436 2.36444 0.386446 1.53261 0.561299 0.762499 0.505135 0.325099 0.0555051 
2.72506 2.1723 2.07577 1.8731 1.73214 1.60947 1.30517 1.12649 0.852323 0.613005 0.403441 0.0824101 
2.89535 2.47059 2.25793 2.04526 1.77342 1.62832 1.37823 1.08312 0.792275 0.575915 0.360294 0.0784604 
3.91604 2.84195 2.11022 2.32998 2.3109 1.22959 0.166708 0.0945739 0.404778 0.466257 0.499313 0.102209 
3.2006 2.68937 2.23867 1.91399 1.65978 1.27827 0.942533 0.69463 0.519923 0.422961 0.352393 0.0674313 
3.19522 2.71964 2.43908 2.26351 1.96489 1.47346 0.925576 0.530101 0.416509 0.445377 0.414912 0.0690211 
2.98829 2.48527 2.37601 2.29794 1.93591 1.39613 0.977469 0.856413 0.854255 0.577798 0.308879 0.0666254 
2.79582 2.21373 2.01301 1.96855 1.79485 1.38263 0.941018 0.722799 0.673556 0.564382 0.315826 0.0443493 
2.87029 2.34423 2.17022 2.02988 1.72102 1.34154 1.02614 0.762701 0.61006 0.486773 0.300226 0.0478573 
3.90625 2.45856 2.61699 3.86632 2.82697 0.163167 -0.960932 -0.204564 0.354574 0.15027 -0.221661 -0.0806828 
5.41778 1.59608 2.92877 5.5528 2.3852 -1.14353 -0.877577 -1.00448 0.345368 -0.0761291 -0.342016 -0.131465 
5.49789 1.95564 1.79919 5.07555 3.36764 -1.97788 -1.82792 -0.577803 0.155785 -0.194525 -0.400548 -0.0693812 
5.52484 1.50463 1.43895 4.7564 2.72853 -1.92672 -2.24767 -0.354951 0.150338 0.0722083 -0.25932 -0.0446666 
6.13153 0.53211 0.82652 4.59033 2.09962 -1.68656 -1.63704 -0.619899 0.265426 -0.0227075 -0.178837 -0.0711832 
5.37082 0.869728 0.00439628 3.58515 2.49121 -1.5933 -0.24504 -0.948344 0.890909 -0.304202 -0.27352 -0.0880515 
3.88591 0.986946 0.510991 2.50963 2.41161 0.151417 -0.16284 0.262389 0.513547 -0.289214 -0.51862 -0.0772956 
3.79425 1.05109 0.367088 1.90115 1.82401 0.0500744 0.40353 0.756618 0.815467 -0.27822 -0.39654 -0.0420679 
3.77605 1.23899 0.0855619 1.45405 2.1087 1.08328 0.789516 1.28483 0.865191 -0.312481 -0.309717 -0.0208223 
3.47517 1.26049 -0.123978 1.46085 2.986 1.72015 1.15677 1.24756 1.05076 -0.344737 -0.337209 -0.0165175 
3.2628 0.516856 -0.219014 2.61328 3.45036 1.48778 1.52885 1.45841 0.96035 -0.454115 -0.381298 0.0795759 
3.49073 0.563045 0.10934 2.68947 3.33161 1.31639 0.766111 1.70951 1.20105 -0.0686432 -0.363424 0.0226085 
2.96484 2.04912 1.64471 1.89939 2.02922 1.59521 1.19594 1.05317 0.710712 0.208922 0.0635007 0.0356505 
2.94548 2.03973 1.53004 1.72741 2.10642 1.95413 1.53426 1.09167 0.567876 0.147935 0.0980011 0.0482457 
2.99398 2.18031 1.54814 1.55312 1.81183 1.58329 1.13619 0.854892 0.726752 0.40772 0.149561 0.0326848 
2.91635 2.24825 1.74666 1.40714 1.38952 1.41016 1.20862 0.915233 0.64326 0.414192 0.191935 0.0301019 
4.69479 0.76011 -0.871293 1.24879 1.14975 -0.842892 0.913434 2.647 1.82562 0.0601104 -0.0592438 0.0309005 
4.80963 0.21364 -1.53903 1.32227 2.36415 -2.60548 1.72395 1.46917 1.91312 -0.101813 -0.295245 0.0858787 
4.50083 0.866886 -0.801756 1.93925 1.21011 -2.03956 0.142983 1.88335 1.567 -0.0545319 -0.164868 0.0484067 
3.75439 1.10122 0.644254 2.05384 0.935021 -1.52622 0.0213741 1.65844 1.11639 -0.127749 -0.0522905 0.064332 
3.82248 1.15497 0.837976 2.23108 0.804864 -2.14335 0.765447 1.5914 0.876984 -0.0834885 0.0978356 0.107374 
3.54427 1.48566 1.22603 2.40507 0.784075 -1.81031 0.909682 1.6755 1.01237 0.0954006 0.392819 0.147634 
2.62411 0.371214 2.80329 2.39981 -1.08754 -0.77913 1.96385 0.526585 1.36564 -0.109447 0.310502 0.124474 
0.40479 -0.0154535 3.61968 2.88038 -0.957274 -1.04149 2.64998 0.892615 1.45874 -0.0205137 0.54969 -0.0584979 
-0.912389 -0.270294 3.82813 1.79158 -0.905901 -0.580122 2.95261 1.56976 1.26788 0.392202 -0.0058841 -0.108387 
-1.71756 -0.508999 2.88096 1.56981 -1.36762 -1.02168 2.65794 0.802568 1.44895 0.026098 -0.124063 0.144138 
-2.49606 -2.22958 1.71705 0.246393 -2.52666 -2.19336 2.37029 0.355055 1.46386 -0.145809 -0.250019 0.161796 
-2.74618 -2.28184 1.37341 0.428323 -2.32812 -1.84098 2.44008 0.536683 1.52833 -0.544232 -0.0737802 0.130316 
-3.40088 -2.36073 0.959693 0.398296 -2.45098 -1.91445 2.48744 0.552542 1.5198 -0.47922 -0.339776 0.142301 
-2.43462 -1.99088 0.484208 0.872921 -2.4859 -1.83913 2.09243 0.708547 1.36456 -0.233404 -0.318724 0.159489 
-3.1593 -2.50546 0.247011 -0.127064 -2.46066 -2.08222 2.00088 0.7715 1.4958 -0.382065 -0.411896 0.168628 
-2.96507 -3.14579 0.293328 0.797869 -2.20406 -1.82947 2.43618 1.18484 1.57394 -0.662227 -0.397931 0.0989367 
-3.07526 -2.39467 0.285375 0.439162 -2.00849 -1.66918 2.71843 0.561869 1.20366 -0.391408 -0.586252 0.129416 
-3.57524 -3.18443 0.128873 -0.464508 -2.01874 -1.10403 2.01688 0.774677 1.18972 -0.691519 -0.422426 -0.0668701 
-3.47545 -3.45439 -0.167136 0.922567 -2.2076 -2.00482 2.36437 0.792888 1.41791 -0.0293914 -0.543403 -0.0916478 
-3.22887 -4.05782 -1.07098 0.27654 -1.78932 -2.0802 2.46896 0.597889 1.05273 -0.190073 -0.431106 -0.10145 
-3.45351 -3.67281 -1.43743 0.731258 -2.19886 -3.02283 2.06611 1.04069 1.37031 -0.256708 -0.00382142 -0.141557 
-3.98438 -3.45853 -0.596284 0.489514 -3.1013 -3.04453 3.15371 0.834292 0.857946 -0.426923 0.305863 -0.104827 
-1.78374 -2.35072 -0.498049 -0.650809 -2.88439 -2.08601 3.53413 0.308554 0.398323 -0.500297 0.0360279 -0.0200627 
-2.46371 -2.72931 -1.0519 -0.496722 -2.76727 -1.91391 3.37304 0.794972 -0.311472 -0.998099 0.0914587 0.0346145 
-2.69845 -2.8161 -1.2434 0.326269 -2.37452 -2.50338 4.14642 1.31194 -0.293992 -1.03445 -0.00340317 -0.0185434 
-2.29621 -2.97327 -0.419585 0.10579 -1.85289 -1.73086 4.09491 1.13019 -0.382143 -1.05579 -0.128031 0.0380484 
-2.09206 -3.37889 -1.36314 -0.119948 -1.85676 -1.1904 3.39191 0.96179 0.494266 -1.25118 -0.154687 0.0735181 
-1.75664 -2.59368 -0.121193 -0.0936853 -1.50166 -2.15828 3.57335 0.674629 0.870119 -1.02663 -0.529551 0.0941185 
-2.10487 -2.91688 -1.02037 0.326706 -1.36569 -2.09649 3.61807 0.81666 0.791323 -0.90025 -0.413306 0.0776126 
-2.21568 -2.02771 0.431779 -0.464834 -1.45869 -2.83171 3.48857 1.34043 -0.00913382 -0.972563 0.0922727 -0.0668205 
-1.68443 -1.44329 0.284187 -0.954826 0.00565893 -1.57298 1.64008 1.9844 0.366883 -1.45185 0.713124 -0.142121 
-1.68212 -2.00038 0.63367 -1.00212 -0.59581 -2.0152 2.43442 1.74417 0.440162 -1.08823 0.492116 -0.100637 
-1.18521 -2.08477 0.00600903 -0.843362 0.451547 -0.71407 1.56813 2.06741 0.819158 -1.1822 0.856217 -0.0383719 
-0.949161 -1.23704 0.23884 0.161469 1.37504 -0.36033 2.17054 1.08487 0.322639 -1.01278 1.04489 0.0727227 
-0.43344 -1.54376 -0.615483 -0.759091 1.77854 -0.125148 2.60684 1.05906 0.262621 -0.65516 1.13668 0.107473 
