1.29751 0.0922039 1.64625 0.170738 1.51631 -0.382258 1.40645 -0.683655 0.383329 0.173137 0.207903 0.0906689 
1.13482 0.455048 1.29968 -0.0748606 1.74892 0.230813 1.33247 0.372596 0.48845 0.198129 0.0926438 -0.024394 
1.1408 0.502064 0.875927 0.123952 0.771804 0.0301756 1.24132 -0.474697 0.638569 -0.0050646 0.125213 0.0493909 
1.30917 0.122423 1.57077 -0.243 1.00769 0.542427 1.10628 0.290283 0.400331 -0.247012 -0.0139565 0.026175 
1.28441 -0.616896 1.74208 -0.25031 1.4088 -0.0788109 1.04029 0.0893351 0.285486 -0.598745 -0.680136 -0.0284284 
0.903749 -3.24533 1.91203 0.73937 1.64369 -0.493886 2.11757 0.414629 1.13499 -1.01143 -0.815281 -0.0132032 
1.6477 -3.02332 1.46587 1.08038 1.1411 0.130854 2.89966 0.700776 1.36375 -0.646792 -0.738393 -0.0160912 
2.24885 -1.58178 0.242904 2.21764 0.231246 -0.170505 3.16202 0.516921 0.413286 -0.265267 -0.552122 -0.275878 
2.38957 -1.05232 2.1916 2.4732 0.345148 -1.34149 1.87018 0.316445 -0.937725 0.277678 -0.280176 -0.256638 
3.09458 -0.399617 -0.0951467 0.261159 -0.830208 -0.856361 1.85126 1.04823 0.0646563 0.0214252 -0.582616 -0.266298 
2.76259 1.06365 0.260482 -0.372825 0.592083 -1.08676 0.553782 1.39831 0.866346 -0.878552 -0.624377 -0.237371 
2.23205 1.00181 1.70464 0.171357 1.38743 -0.522867 0.769418 0.326591 0.057394 -0.21385 -0.421229 -0.119059 
1.62813 0.649381 1.31165 0.164493 0.831904 -0.579003 0.196584 0.494196 0.647262 0.139476 0.180438 -0.0346456 
1.14622 0.902193 1.31914 -0.323757 0.981031 0.330736 0.647258 -0.0702025 0.170045 -0.200124 0.0640029 -0.0349584 
1.15013 0.927634 1.54577 -0.576065 0.563994 0.303966 0.445012 -0.611077 0.217555 -0.00407392 0.2353 0.0004081 
1.0704 1.03763 0.866731 0.545893 1.1457 -0.228479 0.880756 -0.551321 0.192137 0.0514616 0.383329 -0.0159534 
1.10121 0.852015 1.42271 -0.720052 1.34108 -0.112584 1.05001 0.181987 0.478695 -0.0581617 0.145999 0.00894703 
1.05578 0.491702 1.28754 -0.474679 0.974221 -0.705752 0.681015 -0.994935 0.267148 -0.00380855 -0.0814848 0.030654 
1.07326 0.728965 1.58099 -0.729714 1.4273 0.0569811 0.989114 -0.214171 0.302048 0.139766 0.00959154 0.0291673 
1.36089 0.37734 1.14251 -0.059859 1.73832 0.216391 1.07585 0.527738 0.202585 -0.346209 0.125011 0.0453257 
1.23914 0.530832 1.59971 0.482067 0.481862 -0.22211 0.305787 -0.330278 0.0655722 -0.156478 0.194954 -0.0154512 
1.53257 0.979831 1.77463 0.0793276 0.736512 -1.13116 0.534157 -0.0459632 0.229536 -0.156145 -0.173272 0.0267171 
1.29427 0.502711 1.60016 0.199201 0.823833 -0.431779 0.493163 0.678535 0.558806 -0.0356927 0.154368 -0.0536095 
1.42872 0.0286962 1.33197 0.0250501 0.813288 -0.830825 0.551857 0.589176 0.689093 0.0295619 0.215116 0.0257243 
1.25645 -0.337914 1.53221 -0.954642 0.524311 0.49968 0.101498 0.0111035 1.58488 -0.11534 0.0938809 0.0916563 
1.10997 -0.418007 1.64051 -0.315341 1.02265 0.0591409 0.429859 0.326109 0.339257 0.024679 0.218389 0.0548147 
0.869453 -0.920643 1.20395 -1.12961 3.30404 0.695272 -0.426057 -1.13838 0.821746 0.746204 -0.305241 -0.0424296 
1.41884 -1.20174 -0.180147 0.287161 2.92831 0.605389 -0.532798 -1.09259 1.01281 0.3679 -0.0360502 -0.0867888 
1.80657 0.566732 1.31383 -0.118408 2.23163 0.538817 -0.473667 0.180586 0.936234 -0.349852 0.0132277 -0.0837747 
1.66169 1.14092 1.48351 0.743537 1.99773 -0.0926589 1.56971 0.569608 0.228824 0.033009 0.149977 0.0199685 
2.41384 1.60851 1.9952 0.933663 1.45121 0.947037 1.22947 0.806887 0.635977 0.377122 0.110279 0.0334765 
2.3078 1.51157 1.81339 1.91425 1.63214 1.82108 1.90665 1.46382 0.958761 0.675088 0.406704 0.0462509 
3.18902 2.31274 2.41961 2.42198 1.28101 0.853552 1.29854 0.82711 0.332267 0.619788 0.521137 0.0768064 
3.41239 2.59986 2.76987 2.69122 1.39097 0.912677 1.20258 0.678856 0.312036 0.581311 0.491506 0.0872181 
3.25891 2.47321 2.57123 2.22863 1.2442 1.13 1.12591 0.341041 0.165935 0.627746 0.541919 0.0717011 
3.0318 2.42908 2.37227 2.20075 1.49861 1.10293 1.0646 0.867164 0.560505 0.510858 0.40797 0.0587627 
3.42698 2.1264 2.51399 3.09702 1.71462 0.0614974 0.283576 0.804153 0.675788 0.402117 0.371127 0.0847427 
4.88919 0.502109 2.62607 5.32244 1.97157 -2.19069 -0.791213 -0.331759 0.441456 -0.377487 -0.187514 0.0347861 
4.63269 0.138644 2.29709 5.09847 1.54489 -2.98487 -1.66188 -0.124373 0.236 -0.253341 -0.151625 0.0380565 
5.20558 0.264208 1.71154 5.32657 1.85818 -2.65902 -1.86935 0.0350486 0.474373 -0.14302 -0.130926 0.0519299 
5.34062 0.191611 1.3716 5.03298 1.91021 -2.85409 -1.98663 0.272805 0.558828 -0.0500031 -0.0660539 0.0886225 
5.47967 -0.153884 0.914927 4.6056 2.44756 -3.97556 -0.301391 -0.785786 1.05696 -0.00363656 0.00213968 0.122609 
5.23069 0.232649 0.17498 4.20114 1.33911 -3.67479 0.28227 -0.0383725 1.44686 -0.0109099 0.171043 0.0707519 
5.07335 -0.361282 -0.317613 3.00373 1.03886 -3.37194 1.50443 0.941031 1.90287 0.123411 0.1125 0.0718118 
5.34471 0.178835 -0.474581 1.64194 0.308237 -1.73397 1.57864 1.22503 1.13108 0.135797 0.0170374 -0.0214099 
4.97624 0.679091 -1.14288 1.69241 1.45385 -1.32714 2.52833 0.665805 1.95574 -0.410167 -0.216802 -0.0510322 
4.78943 0.0549907 -1.03517 2.46199 2.19738 -0.236236 2.59462 0.890441 1.18831 -0.629302 -0.368117 -0.0205767 
5.42423 -0.222168 -1.23108 2.76551 3.91999 -0.0510801 2.72115 0.421289 1.14461 -0.551722 -0.327392 0.0986581 
4.2534 0.453282 -0.654873 2.93745 3.44901 1.40816 1.35679 1.099 1.19176 0.0462272 -0.237341 0.00213885 
3.12746 0.528419 0.597655 2.77716 2.95076 1.22554 1.02069 1.46993 0.950243 -0.0871318 -0.0361776 0.0794321 
3.09452 1.76815 1.08715 1.66328 2.18664 1.76738 1.22494 1.07859 0.614874 0.0634547 0.105417 0.0442461 
3.13392 1.90762 1.23013 1.75216 2.61545 2.61238 1.75581 0.749603 0.105875 -0.00280401 0.230211 0.0932019 
2.91702 2.09103 1.65412 1.77183 2.0025 1.79666 1.2916 0.905942 0.646533 0.379366 0.192046 0.0444533 
2.93212 2.18991 1.67871 1.39916 1.21772 1.09827 1.04649 0.937029 0.775362 0.597366 0.366487 0.0360896 
3.31336 2.23801 1.6623 1.60998 0.718278 -0.249256 1.02457 1.84313 1.6157 0.441307 0.0819561 0.0208998 
3.47823 1.85879 1.17048 1.71983 0.943003 -0.247024 0.786104 1.76047 1.31825 0.165379 -0.0338445 0.00155923 
3.43462 1.7143 1.2374 2.10958 0.838193 -0.570138 0.435229 1.4235 1.14383 -0.0487703 -0.21495 -0.00561212 
3.60523 1.73925 1.53134 2.11636 1.22005 -0.322236 0.574083 0.905332 0.581122 -0.0223026 -0.12713 -0.0022423 
4.2794 1.74395 1.10229 2.71719 1.10207 -1.10202 0.586051 1.23108 1.24384 -0.189342 -0.0779869 0.0419256 
4.42759 2.05439 1.56783 1.97678 0.017905 -1.34205 1.14804 1.62138 1.03429 0.323566 0.0705449 0.0123635 
4.24281 1.42406 1.74096 2.65943 -0.359416 -1.65369 1.92194 1.71552 0.511172 0.358997 0.287329 0.0274312 
3.35535 1.83315 1.7699 1.95118 0.462217 -0.138509 1.60732 1.7628 0.662256 0.647915 0.448924 0.0638536 
1.10643 1.34315 4.98333 0.996004 0.624904 0.0332395 2.6786 1.238 1.03474 -0.0642533 0.397485 0.151349 
-1.66585 1.04341 4.89992 1.09527 0.304879 -1.64318 3.18145 1.02357 1.49693 0.393076 -0.0188147 0.154536 
-2.78497 0.129466 4.1291 0.16636 -0.301708 -0.66456 2.23402 0.364085 1.49874 -0.221122 0.0717385 0.195657 
-3.392 -0.426788 3.77757 -0.778939 -1.23498 -0.287837 2.27564 0.356762 2.33755 -0.14244 0.175628 0.148465 
-3.39593 -0.72949 3.07497 -0.833769 -1.32021 -1.05609 2.21524 0.577087 2.25117 -0.245091 0.073147 0.170746 
-4.14643 -1.29213 3.05611 -0.92581 -1.31841 -1.00626 2.58887 1.403 2.30464 0.00120317 -0.0178296 0.0650718 
-3.89625 -0.893911 2.47132 -1.14626 -1.03434 -0.744473 2.48994 0.270101 1.91408 -0.0131924 -0.210182 0.0610563 
-3.03462 -1.5282 2.49896 -1.68405 -1.3061 -0.643596 2.16504 0.120394 1.49496 -0.0235369 -0.369158 0.0601318 
-4.08721 -1.17438 1.58738 -1.27308 -2.24365 -0.810567 2.51403 0.304869 2.30078 -0.317169 -0.310164 0.0323851 
-3.3728 -1.39479 2.67103 -2.89391 -1.07947 -1.48033 1.69578 0.723864 1.21121 0.183826 -0.385221 0.143734 
-3.74832 -1.45513 1.98186 -4.02742 -2.25876 -1.90816 1.42076 1.14517 1.21051 0.260582 -0.231664 0.0657739 
-3.44829 -0.605909 1.11148 -2.38627 -1.77597 -0.289563 2.23692 0.401218 1.26217 -0.0451662 -0.362307 0.0409224 
-3.51583 -0.966008 2.30647 -2.62399 -1.80615 -0.656754 2.02676 0.367176 1.15592 -0.332757 -0.265756 0.0320886 
-4.3562 -2.22436 1.97124 -1.86336 -1.85373 -0.903954 1.92309 0.243942 1.40199 -0.158451 -0.36883 0.0388903 
-3.67293 -2.26538 1.4143 -2.35408 -1.50235 0.0216142 2.23957 -0.156018 1.16508 -0.663302 -0.306343 0.0492581 
-3.36865 -1.67005 1.93272 -2.71688 -2.40167 -0.855266 1.73538 0.724904 1.16965 -0.0359786 -0.369389 0.0708136 
-3.12089 -2.34116 0.445357 -3.44571 -2.74413 -1.25154 2.65099 0.751638 0.817901 -0.773999 -0.119549 0.0371367 
-2.9591 -2.96096 0.922988 -3.37727 -1.93454 -0.252484 2.8695 0.191576 0.769168 -0.688799 -0.326479 0.0472067 
-2.26046 -1.21983 1.76945 -2.53094 -2.37154 0.452832 2.88475 0.0069598 1.42968 0.042961 -0.251067 -0.0479847 
-3.49077 -0.0789137 3.88846 -3.86392 -1.58907 -0.550792 1.9262 0.363632 1.0406 0.539677 -0.115387 -0.0662202 
-3.253 -0.502505 4.04427 -2.17826 -1.40532 -1.183 2.69111 -0.264847 0.69354 0.162577 0.0504805 0.0663897 
-0.763181 -0.60888 4.10547 -2.39204 0.842023 -1.23449 1.65266 0.75148 -0.588165 0.241057 0.136759 -0.0613326 
0.963241 0.136885 1.67199 -0.728891 0.657207 1.26456 -0.477772 1.20971 0.535796 -0.501625 0.37212 -0.1438 
