1.65644 0.0441765 0.695765 -0.492607 0.0931682 0.383666 0.456866 -0.557112 -0.230122 0.0189282 0.205227 0.0194224 
1.73434 -0.163263 0.85718 -0.460055 0.559919 -0.321213 0.764833 -0.484013 0.0355386 -0.698995 -0.00204687 0.0268009 
1.81825 0.278603 0.574471 -0.42642 0.459175 -0.415403 0.347451 -0.438232 0.653839 -0.446875 0.174198 0.0102022 
1.61456 0.203676 1.40835 -0.873079 0.647096 -0.297157 1.12965 -0.0615921 0.25535 -0.315765 0.302624 0.0994054 
1.66184 -0.0693347 1.25769 -0.940465 1.19948 0.240166 0.793842 -0.565566 0.159197 -0.252736 -0.146665 -0.0152795 
1.62224 -0.416162 0.841718 -0.762878 0.747923 -0.348934 0.492056 -0.950453 -0.0723751 -0.00555737 0.216563 0.064137 
1.83724 -0.0380116 1.12185 -1.20667 0.456453 -0.431423 0.708524 -0.58615 0.4902 0.0394872 0.199262 0.126589 
1.48287 -0.206889 0.881825 -0.0269467 0.584729 0.0302641 0.562838 -0.833533 0.0718279 -0.470852 0.246619 0.0574406 
1.79943 0.285746 1.26714 0.00453679 0.588318 0.0982373 0.822444 -0.701549 0.0537653 -0.256474 0.200659 -0.00824737 
1.56817 0.205188 0.52819 -0.173145 1.11252 0.283921 0.518941 -0.624333 -0.107747 -0.230222 0.0311074 0.028311 
1.61741 0.245831 1.38108 -0.786589 1.00557 -0.227471 0.467993 -0.15877 0.0301453 0.0790769 -0.021197 -0.0146461 
1.4717 0.299823 1.15935 -0.400319 0.615528 -0.0424639 0.957196 -0.778807 0.241131 -0.240857 0.0743277 0.0443341 
1.58125 0.213166 1.24667 -0.372693 0.597111 0.216271 0.987484 -1.18854 0.0400704 0.0124202 0.0690554 0.110817 
1.78398 0.788772 1.44334 -0.831785 0.55665 0.194234 0.477673 -1.20764 0.267906 0.114858 0.297727 0.0952685 
1.43808 -0.576014 0.961788 0.139678 0.975121 0.189619 -0.165641 -0.427274 -0.0057396 -0.0375808 0.0258435 0.0167686 
1.58436 -0.353265 0.882829 0.0877432 1.59056 -0.203005 0.0852735 -0.296277 0.436953 0.126916 -0.157719 -0.0267018 
1.99117 -0.347215 1.88478 -0.116133 1.99873 -0.826447 0.729001 -0.0748315 0.752966 0.603806 0.000556447 0.0271913 
1.66281 -0.629978 0.22564 0.490195 2.34597 0.183611 0.212078 -1.23534 1.29112 0.636775 -0.226475 0.0629514 
2.00985 0.411633 1.4645 1.50066 2.19899 0.75727 0.716397 0.291674 1.29477 0.388702 0.136478 0.00709546 
3.08143 2.59343 2.24482 1.73323 1.24641 0.944479 0.664718 0.341925 0.174357 0.176961 0.131701 0.0388668 
3.47118 2.38071 2.30921 2.55494 1.63486 0.870207 1.22039 1.10919 0.383101 0.327406 0.475682 0.0998937 
3.67883 1.7892 1.74165 2.64904 1.87202 0.885338 1.09399 0.975007 0.459983 0.494264 0.533402 0.108164 
3.07301 2.49113 2.16222 2.02503 1.77205 1.2998 0.937581 0.819364 0.684567 0.56514 0.420356 0.0683279 
3.19806 2.44169 2.34392 2.39168 1.71075 1.09933 1.05706 0.781788 0.366958 0.44578 0.540354 0.0787449 
3.60249 2.46831 2.56711 2.8852 1.63351 0.570454 0.864016 0.792447 0.347327 0.549352 0.615544 0.120395 
3.40623 2.55127 2.42366 2.53074 1.68338 0.754072 0.723708 0.551317 0.291385 0.536017 0.63867 0.102574 
3.67261 2.55509 2.59225 3.04434 1.92723 0.460236 0.227478 0.475862 0.589897 0.545341 0.457717 0.100806 
4.58868 2.31216 2.48231 4.04436 2.47219 -0.0916217 -0.37889 0.331461 0.618262 0.487709 0.274738 0.0937025 
5.75274 1.80323 1.56544 5.08523 3.62704 -0.742924 -0.909131 0.45977 0.628755 0.206015 -0.178099 -0.0253307 
5.74793 0.910779 1.72746 5.58531 2.50291 -2.34748 -2.12903 -0.263744 -0.0103515 -0.237472 -0.26441 -0.0377499 
5.2588 0.239012 1.48302 5.14994 1.83794 -2.73546 -2.3418 -0.470103 0.0162683 -0.23805 -0.134731 0.0162117 
6.55746 0.145448 -0.194725 5.63989 2.31789 -4.39773 -0.41359 -1.23362 0.839835 -0.728646 0.179256 0.0644776 
6.12763 0.443398 -0.672282 5.12269 1.91577 -4.40733 -0.0853002 -0.554565 1.59672 -0.559152 0.305541 0.090962 
5.55596 0.28926 -0.39214 3.41085 1.38868 -2.5731 0.739653 0.886206 1.28474 0.0109153 0.118712 0.067348 
5.00286 0.79608 -0.651577 2.52132 1.46841 -1.45729 1.58575 1.31524 1.99377 0.046129 -0.0605761 -0.0171738 
4.38476 0.856508 -0.523062 1.79924 2.20624 -0.071805 1.21923 1.65663 1.41376 -0.333325 -0.363385 -0.00314734 
4.27783 0.659259 -0.711178 1.85687 2.89981 0.835213 1.57685 1.81401 1.066 -0.673669 -0.32788 0.0811214 
4.76448 -1.04454 -1.19459 4.40848 4.43045 0.498118 1.83285 2.37643 0.553865 -0.54922 -0.30796 0.182651 
4.5367 0.322236 -0.470895 3.12405 3.54044 1.23727 1.61445 2.42075 0.936468 -0.397204 -0.371947 0.120812 
3.64877 2.0879 1.20908 1.8849 2.48346 2.02099 1.55834 1.38443 0.587664 -0.100156 0.2884 0.0955231 
3.27485 2.11858 1.43893 1.81126 2.30331 2.04976 1.56332 1.12384 0.541369 0.169881 0.308985 0.0767236 
3.13997 2.2025 1.5178 1.4437 1.75418 1.99804 1.78865 1.07351 0.251344 0.0198505 0.314639 0.0640118 
3.006 2.19474 1.61588 1.52993 1.74495 1.72499 1.48054 1.1115 0.639086 0.299246 0.226216 0.0457258 
3.58108 0.291856 -0.0525001 1.88199 0.75589 -0.915375 0.743956 2.63836 1.82956 -0.00583082 -0.107948 0.00183934 
3.79254 -0.158805 -0.121084 2.35975 0.864749 -2.40231 0.691335 1.69042 1.83316 0.000247949 -0.170766 0.00840314 
3.77036 0.237819 0.553606 2.61281 0.678765 -2.00908 0.697223 1.49654 1.50517 -0.038489 -0.0650122 0.0465907 
4.92778 1.13 -0.0396832 3.35117 1.16532 -3.31036 1.39078 0.761482 1.75963 -0.35434 -0.0498612 0.0442681 
4.13778 0.99045 0.984971 3.24317 1.25266 -2.46293 1.91138 0.708889 0.54857 -0.525261 -0.175593 0.0443733 
3.62003 1.69362 1.79392 2.30506 0.114124 -1.99436 1.9085 1.17537 0.0181109 -0.0328468 0.326712 0.0799996 
3.60089 1.18349 2.64494 2.56958 -0.196375 -1.83662 3.40457 0.729394 0.871964 0.311802 0.511557 0.0847615 
1.35868 0.569675 4.05891 2.954 -1.63468 -0.908969 2.62272 0.606771 1.89613 -0.171879 0.580804 0.133377 
-0.314415 0.948415 3.3694 2.79654 -0.583259 -2.3845 4.1 0.689894 1.19202 0.592703 0.182516 0.0886664 
-1.24868 1.55648 3.3872 2.503 -0.807876 -2.37686 4.40475 0.0755062 1.91365 0.351525 0.197523 0.10205 
-1.87881 -0.00332888 2.78169 1.69772 -1.24186 -2.93792 2.82693 0.267779 1.7878 -0.127558 0.36692 0.128549 
-2.87679 -0.771598 1.76082 2.29188 -2.07279 -1.72225 2.22448 0.49543 1.9865 0.343934 0.121012 0.189034 
-2.95059 0.33386 1.55723 2.63151 -1.80265 -1.575 1.54704 0.64913 1.81864 0.0371385 0.218859 0.200114 
-2.97513 -0.703956 1.49905 2.92073 -1.45961 -1.91815 1.91873 1.16112 1.1027 0.0290103 0.314792 0.149998 
-3.51997 -1.87427 2.20165 3.10337 -0.744763 -1.78574 2.34735 0.349764 0.701781 -0.463858 0.149825 0.152525 
-4.32688 -1.34032 1.6346 3.70416 -1.99526 -1.37024 2.4629 0.341747 0.627855 -0.441426 0.149555 0.138774 
-4.09211 -1.81216 2.12284 3.19727 -1.08935 -1.50264 1.89991 0.466512 1.27152 -0.626553 0.190074 0.191124 
-4.2455 -1.71787 1.73616 1.80557 -2.31703 -1.59441 1.65683 0.972879 0.882011 -0.447407 0.223277 0.0896099 
-4.58571 -2.25682 2.11083 0.879556 -3.85313 -2.48347 0.714804 0.632212 1.78366 -0.00607311 -0.11174 0.243464 
-4.04591 -2.5369 2.19731 0.652146 -3.42346 -2.55015 1.45139 1.00569 1.1716 0.251156 -0.174101 0.199696 
-3.81095 -2.6256 2.70013 1.22556 -0.479426 -1.67596 1.5598 -0.225534 0.915116 -0.803023 0.008089 0.17 
-5.68306 -2.54995 1.0702 2.74189 -2.17853 -1.70031 0.226934 0.378051 0.0703277 -0.801682 0.3898 0.0331082 
-4.01524 -1.24948 0.223905 3.21753 -0.903631 -2.56058 1.66683 0.358602 -0.463266 -0.58663 0.311504 0.034831 
-4.31587 -1.98528 1.47839 2.9459 -1.90178 -2.59823 1.3361 1.10016 -0.513856 -0.543069 0.375711 0.0897541 
-3.87197 -1.93858 0.773815 3.66071 -1.71553 -2.22307 1.34485 0.856201 -0.0158832 -0.753948 0.367504 0.0454134 
-4.89958 -2.99327 1.55909 2.41899 -1.38029 -1.99317 0.457466 0.00722013 0.785297 -0.807298 -0.119397 0.21846 
-4.35116 -2.37151 1.63787 1.55661 1.02909 -3.5053 0.579001 2.20867 -0.174951 -0.603281 0.273878 -0.0173424 
-4.79533 -2.67637 3.21515 0.800209 0.515523 -2.50939 0.407609 0.756207 0.295534 -0.765716 0.275972 -0.0550839 
-4.5324 -3.57787 0.796757 3.24708 0.100608 -2.4394 -0.713505 0.793847 1.10238 -1.03203 0.133702 -0.0238494 
-3.77333 -2.79608 -0.616818 3.60517 0.459331 -3.40256 0.560754 0.472401 1.14891 -0.686119 -0.0782433 0.0237581 
-3.6377 -3.00396 -1.19317 3.26106 0.49519 -2.73762 0.63816 0.417074 0.998037 -0.613611 0.0608485 -0.119439 
-2.96338 -2.94052 -1.45563 3.98646 -0.237306 -2.22121 0.233704 0.773174 1.36778 -0.88229 0.156938 -0.156657 
-2.8327 -2.59385 -0.969101 3.42694 -0.222072 -2.18939 0.476147 0.785392 1.37166 -0.727168 0.119239 -0.129248 
-3.92632 -3.38569 -1.02199 4.15673 -0.387849 -2.45344 -0.0544717 0.575509 1.3402 -0.96615 0.188694 -0.125612 
-2.95421 -3.21585 -0.962723 2.79231 -1.38711 -2.0278 0.99637 1.1833 2.18446 -0.70189 -0.0670404 -0.123877 
-2.90007 -2.77467 -0.741048 1.98316 -1.18972 -2.43518 1.47089 1.8614 1.94969 -0.590496 0.0918414 -0.180145 
-2.24178 -3.03894 0.310423 0.932936 -2.4716 -3.26603 2.61121 1.34985 1.09535 -0.54838 0.29859 -0.0104214 
-1.386 -2.06924 0.716576 1.58933 -3.82297 -2.68732 2.80658 0.333549 -0.0366622 -0.665014 0.433239 -0.0956749 
0.488019 -2.03997 2.0464 0.396301 -2.16536 -0.511956 3.90161 -1.11119 -0.844737 0.338939 -0.0666698 0.0468797 
1.64803 -0.679106 -0.0222934 -0.0419117 -1.12902 -0.348902 2.81245 1.40609 -0.242528 -1.14528 -0.153029 -0.0935275 
1.83111 -0.100052 -0.43677 -0.408026 0.180224 -0.769187 0.239348 0.673775 0.200871 -0.726401 -0.0482952 0.0682592 
1.56957 0.599906 0.211348 -0.354123 0.374115 -0.0732477 0.403813 0.0717408 0.032395 -0.118463 0.137211 0.102389 
