1.33212 0.0397909 0.903658 0.0343993 0.673288 0.588811 1.05728 -0.673453 0.0882395 -0.182336 0.00522481 -0.0707953 
1.45051 -0.232788 1.4659 -1.34231 1.00875 -0.699642 0.456953 -0.0878104 -0.306016 -0.0696608 -0.144257 0.104229 
1.34094 -0.0583451 1.57156 -0.965439 0.801114 -0.823651 0.428439 -0.76764 -0.705678 0.234082 -0.0358009 -0.00663369 
1.38075 -0.485703 0.720272 0.294223 0.31951 -0.122321 0.221547 -0.913187 -0.0606865 -0.435431 0.191064 0.0142231 
1.36431 0.15829 1.10858 -0.086757 0.815656 -0.110965 1.20546 -0.517465 0.284126 -0.315183 0.151922 0.0265036 
1.96583 0.031592 1.20603 -0.27776 1.01016 -0.0104024 0.324696 -0.118039 0.0385072 -0.0652311 0.183905 0.0112355 
1.54561 0.211472 0.803289 -1.08359 1.156 -0.143076 0.87664 -0.484843 0.237651 -0.11396 -0.0661926 0.0237261 
1.51566 0.174794 1.08913 -0.12953 0.318241 0.53789 0.771798 -0.269192 0.557127 -0.408495 0.296661 0.0750326 
1.77682 0.0983109 1.15098 0.0571123 1.37223 -0.503628 0.696991 -0.218957 0.217277 -0.179782 0.101075 0.0648903 
1.53679 -0.105434 0.715813 0.0541906 1.19052 -0.487713 0.457874 -0.910698 -0.01273 0.108576 0.10178 0.00986001 
1.66721 0.0495205 1.23515 0.626322 0.969563 0.463246 1.07132 -0.671538 -0.273822 -0.12818 0.187195 -0.0224254 
1.33172 0.0758526 0.646963 -0.0121762 0.337665 0.774667 0.92546 -1.40628 0.370643 -0.0089624 0.233799 0.0313985 
1.66108 0.36029 1.25333 -0.0361786 1.45751 0.243082 0.678423 -1.08034 -0.018375 0.192575 0.282444 0.0676534 
1.67467 0.130642 1.1957 -0.669037 0.921395 0.282567 0.833103 -0.385973 0.0210238 0.0399526 0.173438 -0.0178829 
1.5149 0.215932 0.854326 -0.386584 0.975991 -0.68795 0.309403 -0.305259 -0.19915 -0.268342 0.221003 0.00961036 
1.81069 0.0437637 1.38724 -0.578821 1.28281 -0.11721 0.401107 -0.307601 0.0374943 -0.189935 -0.00720338 -0.00425209 
1.43298 0.492881 1.22157 -0.609706 1.74645 -0.554622 0.948586 0.0558914 -0.160993 -0.187421 0.316327 0.0879083 
1.68069 0.140789 1.28999 0.389095 0.961187 0.649498 1.435 -0.326463 0.420103 0.267515 0.141619 0.0274409 
2.09439 -0.0312904 1.8669 -0.0832515 1.41911 0.856869 0.835529 -0.401823 0.605643 0.0746654 0.173932 0.13659 
2.8749 2.40725 2.03597 2.09272 1.849 1.91429 1.6576 0.848063 0.794164 0.670592 0.318416 0.0893168 
3.12609 2.82013 2.63733 2.38239 2.00162 1.59198 1.2368 0.87103 0.625351 0.421201 0.272171 0.067343 
3.01892 2.59162 2.33215 2.03479 1.73491 1.41269 1.08135 0.820829 0.667977 0.536508 0.362388 0.0689416 
2.92164 2.4726 2.17629 1.85711 1.49602 1.21651 1.00371 0.825834 0.638066 0.457971 0.336103 0.0535292 
2.9056 2.4393 2.15995 1.83272 1.47881 1.11883 0.780836 0.538088 0.463174 0.41706 0.309491 0.043503 
2.96892 2.46331 2.15636 1.88705 1.52527 1.05112 0.66833 0.481648 0.502174 0.488667 0.326659 0.0480439 
2.9654 2.42045 2.07477 1.83546 1.56931 1.05743 0.635194 0.570085 0.545824 0.426604 0.286255 0.0432064 
3.05286 2.33212 1.97775 1.72062 1.64981 0.991775 0.623746 0.551463 0.459096 0.434751 0.244772 0.0416147 
3.54191 2.56476 2.59628 3.06837 1.68291 -0.876719 -1.41274 -0.248609 0.210565 -0.153064 -0.273267 -0.0179881 
4.02889 1.9784 1.62338 2.67587 1.42049 -1.44621 -2.18119 -0.863542 -0.0222791 -0.180296 -0.248553 -0.0332517 
3.99314 1.76887 1.55925 2.52893 1.04332 -1.51981 -1.80485 -0.484122 0.251954 0.00484315 -0.0892573 0.0418455 
4.8594 2.0229 0.880289 2.16885 0.944339 -1.16284 -1.50818 -0.242981 0.787462 0.36417 0.0544949 0.0450598 
3.57347 1.64144 0.940827 1.84081 1.09918 -0.614816 -0.851302 0.245393 0.874092 0.447007 0.190575 0.0597684 
3.42588 1.38349 0.405752 1.09775 1.25341 -0.237627 -0.131151 1.26741 1.41325 0.355184 -0.00200835 -0.00740839 
7.20973 0.986873 -1.75039 2.4949 1.91994 -2.64882 2.14195 0.963636 2.32922 -0.216241 0.0640521 0.0630793 
5.45859 1.3512 -0.987157 1.87057 1.69496 -0.874019 2.19455 1.59662 1.56451 -0.295977 -0.0916963 0.0465287 
4.82214 1.22507 -0.679987 1.6056 2.65246 0.59383 1.93953 1.36353 1.53213 -0.443169 -0.263247 0.0209647 
5.03428 1.2168 -0.798311 2.36561 4.1758 0.727038 1.85134 0.821865 1.18931 -0.59802 -0.275246 0.112368 
4.57765 0.657742 -0.269029 3.29084 4.05622 0.799198 0.675413 1.26915 1.19284 -0.0118858 -0.288729 0.0341184 
4.01992 1.34464 0.58757 2.6685 3.21187 1.35604 0.876296 1.78796 1.36807 0.0510124 -0.136641 0.0407385 
4.29043 2.16159 1.00467 2.22709 2.92652 1.66944 0.994522 1.60104 1.18311 -0.0203246 0.12143 0.0681381 
4.51165 2.74477 0.997272 1.17871 2.34101 2.41659 1.8524 1.387 0.741333 0.130318 0.25025 0.0916561 
5.43125 3.2614 1.14691 1.29898 3.1832 3.5858 2.56337 1.06173 0.235774 0.195003 0.228134 0.131937 
4.84972 2.26712 -0.31836 5.23335 2.33986 -1.01122 2.85205 1.83483 2.09942 -0.332599 0.343335 0.0597283 
5.40873 1.56835 -0.186615 5.28276 2.70914 -3.73767 2.25417 2.06368 2.854 -0.325292 -0.0198226 0.102174 
6.16016 1.3606 -1.0901 4.80356 3.19218 -3.8068 1.14981 1.2789 2.98898 -0.520955 -0.309231 0.00469857 
5.59704 1.41379 -0.924356 4.89552 2.90766 -4.06792 0.877534 1.11712 2.60164 -0.636675 -0.322147 0.0506333 
5.43283 1.21033 -0.165881 4.35318 1.90345 -4.60412 0.850671 1.06267 2.12914 -0.462436 -0.177168 0.107397 
5.33741 0.955501 0.523015 3.58404 0.577536 -3.51015 0.335496 1.79777 1.10294 0.0525204 -0.0327767 0.0598354 
4.626 0.439129 1.04826 3.55933 0.60994 -1.95193 0.879409 1.69111 0.416576 0.199911 0.184479 0.0473524 
3.73244 2.44965 1.21413 2.2767 0.767292 -0.760378 1.16427 0.999379 0.488206 -0.00387229 0.593885 0.132385 
3.31881 2.90326 1.11805 4.24982 -0.649954 -2.33844 1.82634 0.433684 0.947183 0.603051 0.768882 0.101267 
1.017 2.56364 1.82672 4.43933 -1.638 -1.66 1.4461 1.07199 1.51121 0.316675 0.654939 0.0777111 
-1.35429 -0.134471 4.01319 4.83261 0.774262 -1.68933 3.11221 0.148352 0.176217 -0.188342 0.239036 0.113069 
-2.0192 -0.366932 2.45915 3.35725 -1.60191 -2.35973 2.66336 0.421231 0.420158 0.13821 0.5278 0.099869 
-3.28883 -2.11094 1.94862 2.06434 -1.98325 -2.87597 3.08536 1.17472 1.19195 0.0562793 0.167249 0.186801 
-2.87894 -1.46816 0.767376 2.06366 -1.9573 -3.00373 2.69693 0.548539 1.23371 -0.257375 0.303087 0.128562 
-3.44575 -2.12911 2.11556 1.26181 -1.68335 -2.61975 2.22975 0.257062 1.14347 -0.547143 0.0677973 0.25565 
-2.64054 -2.57822 1.15418 1.82756 -1.4951 -2.88189 2.42551 0.325913 0.408562 -0.677069 0.288087 0.122942 
-2.58827 -2.6943 0.634979 2.12531 -1.00561 -2.90537 1.88101 0.417102 0.883247 -0.602026 0.136854 0.180535 
-2.20552 -2.65485 1.22485 2.3163 -1.32083 -2.49194 2.30645 -0.15299 0.600721 -0.337894 0.0689292 0.149211 
-4.2609 -3.0825 1.083 0.354945 -2.53434 -3.43775 3.39429 1.07088 1.1666 -0.526166 -0.0442338 0.0606553 
-4.27135 -3.02934 1.04951 0.92803 -2.54018 -3.41069 2.93039 1.08669 0.878134 -0.29635 -0.155461 0.143607 
-3.0668 -2.18276 1.10677 2.18178 -1.50792 -3.39464 2.18934 0.476455 0.977631 -0.511251 0.0774002 0.214719 
-3.61671 -2.04201 0.880243 1.81185 -0.845159 -2.9937 2.39933 0.440649 0.705773 -0.706587 0.0433976 0.130096 
-3.99845 -3.10157 1.36209 0.587355 -0.977612 -3.38843 2.48621 0.792346 0.871169 -0.913596 0.229873 0.0551856 
-3.53993 -2.58359 0.961748 1.6922 -0.65127 -3.65076 1.75726 0.922685 0.811102 -0.400112 -0.0763601 0.188809 
-4.07767 -3.13135 0.818341 0.969926 -1.32282 -3.60932 1.72292 1.77302 0.940746 -0.497141 -0.059081 0.118961 
-3.72038 -2.21213 0.129277 1.0637 -1.11846 -3.81119 2.10494 1.99259 1.20784 -0.529478 0.196943 0.0243576 
-2.75552 -2.80698 0.976642 0.650487 -0.552436 -2.74725 1.71256 1.66387 0.909223 -0.702905 0.306769 -0.0130696 
-2.42304 -2.31835 0.618009 1.38952 -1.82588 -2.85384 1.59354 0.906351 1.05138 -0.0211434 -0.0783437 0.160668 
-2.98947 -3.3413 -0.684412 0.0594619 -1.53029 -3.55273 1.64117 0.869726 0.537764 -0.0415508 0.0553086 0.103382 
-3.81415 -3.47339 0.333401 1.32802 -0.12394 -1.62395 2.99762 1.33664 0.292405 -0.949034 -0.0855635 0.102419 
-3.12709 -3.16978 1.39361 2.24164 0.30051 -2.21581 1.62165 0.345014 0.992474 -0.647716 0.0594658 0.0920217 
-3.02061 -3.04574 0.671067 2.35502 -0.378815 -2.78082 1.4458 0.783122 0.384318 -0.69189 0.084717 0.126334 
-3.55538 -3.19381 1.99372 2.35878 -1.1431 -2.32956 2.0043 1.1947 1.04064 -0.909581 0.163678 0.200155 
-2.05996 -3.2763 1.88887 2.65744 -0.936699 -1.66178 0.462062 0.923877 0.766301 -1.30435 0.231534 0.116648 
-0.475451 -2.33321 1.76845 1.17542 -0.455044 -0.866753 0.649451 1.13138 0.0691433 -0.743648 0.0235383 0.0821283 
1.31254 -1.08558 0.839397 -1.67983 -0.403568 0.167371 0.815617 1.6429 0.304417 -0.102413 0.172476 -0.100712 
1.68326 0.133929 0.295848 -1.48828 0.217587 0.0126318 0.704612 0.405932 0.271005 0.470861 0.0772112 -0.00618993 
1.82805 0.151487 0.403433 -0.0582889 0.855289 -0.090525 0.821891 0.213063 0.294801 -0.212616 0.208557 0.00956261 
1.37657 0.0994286 0.649876 -0.0551761 0.664615 0.347175 0.798959 0.0693691 0.52579 -0.193948 0.10582 0.0402205 
1.61811 0.739949 0.378692 0.339897 0.526699 0.573479 0.165163 -0.376519 -0.0935007 0.141222 0.234934 -0.0289571 
1.43448 0.440767 0.518373 0.0293687 0.42911 1.49741 0.198274 -0.266729 0.542639 -0.157329 -0.222018 0.0534761 
1.61898 0.813448 0.272055 -0.0175281 0.721429 0.148501 0.303455 -0.745963 -0.170488 -0.168105 0.115456 0.0400407 
1.29996 0.0786987 0.402434 0.710945 0.9717 0.814801 0.670462 -0.486174 -0.0295491 -0.0872832 0.269076 0.0389708 
