-2.37911 -0.529343 3.41353 -3.10292 2.62103 0.990095 -2.74587 2.19151 -0.221569 0.0195417 0.43168 -0.0774756 
-1.33725 -0.573746 3.24583 -2.57232 2.1484 0.594771 -1.48462 1.90127 -0.71799 -0.169455 0.346829 -0.0146396 
0.051715 -0.153658 2.77554 -2.06156 2.63093 0.666654 -2.06071 1.40276 -0.657863 -0.191872 0.469668 -0.050552 
0.382357 -0.327583 1.67066 -2.94796 1.89961 0.295703 -2.02382 1.04383 0.202459 -0.0217074 0.367727 -0.146896 
1.63439 -0.615118 0.862123 0.0421605 0.669723 -0.310467 0.446333 -0.548222 0.364319 0.0418311 0.354008 0.0808102 
2.18144 -0.330951 0.879575 -0.711164 0.948129 0.0144498 1.52746 -0.957368 -0.170181 0.377759 0.142593 -0.0253836 
2.04098 -0.782893 0.46164 0.678736 0.559923 0.168713 0.743883 -1.37034 -0.0272813 0.0991796 0.401676 0.0399684 
1.88503 -0.723224 0.533794 -0.160945 0.877326 0.037944 0.450787 -1.27612 -0.559755 0.472925 0.237924 -0.00347762 
1.65193 -0.818068 0.136084 -0.157114 1.01033 -0.0107746 0.764111 -1.06501 0.0516837 0.210222 0.4886 -0.00787974 
1.91101 -0.795379 0.153233 0.299506 1.23588 0.354994 0.46585 -1.31512 0.0871911 0.183437 0.283347 0.0469085 
2.00936 -0.858284 0.60322 0.359497 0.237183 0.077529 0.818236 -1.7788 0.380502 -0.204281 0.265561 0.0685939 
1.90644 -1.0088 0.443958 0.0679281 1.40424 -0.345765 0.654311 -0.741813 0.0828512 0.264118 0.365981 0.102662 
1.75193 -0.972695 0.788663 0.226128 1.27129 -0.0196538 0.441106 -0.902017 -0.733067 0.308359 0.159016 0.0176583 
2.07625 -0.178939 0.262812 -0.607661 1.17555 -0.532608 0.216773 -1.19204 -0.52902 0.0262141 0.2485 -0.0421874 
2.06055 -0.104141 0.673463 -0.0650925 1.18697 -0.0485328 0.814634 -0.807614 -0.28493 0.129737 0.128992 0.00921103 
1.86295 -0.590925 1.03378 -0.525655 1.40295 0.13128 -0.067875 -0.387377 0.526732 0.301921 0.318276 0.0641411 
1.88366 -0.781235 0.866113 -0.121594 1.59155 -0.130696 0.689168 -0.810782 0.0753215 -0.174877 0.132821 0.0685902 
2.19666 -0.804275 0.966793 0.0930943 1.40081 -0.80262 0.769812 -0.487865 -0.24551 0.254443 0.255279 0.00860635 
2.02962 -0.715784 1.27686 -1.01281 0.802585 0.27637 -0.119334 -0.799457 -0.226115 0.315401 0.179106 -0.0334926 
1.67704 -0.677488 0.53965 -0.0145906 1.7 -0.213163 0.84086 -0.537127 0.112328 -0.173923 0.177363 -0.0167466 
2.01555 -0.164543 1.22752 -0.358559 1.28108 0.477823 0.825412 -0.607581 -0.002669 -0.0815018 0.158625 -0.0873336 
2.18691 -0.417654 0.515324 -0.503429 0.640129 -0.880638 0.417555 -0.830564 -0.19231 -0.225475 0.0397124 0.00192673 
1.94823 -0.90334 0.901402 -0.760738 1.06489 -0.981858 -0.259071 -0.484454 -0.429398 -0.0791434 0.252376 0.00394097 
1.89862 -0.585123 0.592274 0.0484661 1.0706 -0.874363 0.146691 -1.02577 0.142587 0.0876916 0.256962 0.059596 
2.04361 -0.598408 0.439744 0.0666172 1.27451 0.0137275 0.470227 -0.84859 0.155733 -0.236857 0.244642 0.00977424 
1.53057 -0.638117 1.02439 -0.540654 0.714901 0.0129653 0.145386 -0.566716 0.385203 0.174196 0.144718 -0.0312151 
1.89631 -0.453397 1.30342 -0.849367 0.506588 -0.197231 0.33038 -0.952229 0.182188 0.179636 0.189883 0.00316025 
1.74373 -0.794166 0.867058 -0.218684 0.617899 -0.0584583 0.468552 -0.8361 -0.107161 0.05216 0.401784 0.0728943 
1.94362 -0.544091 0.889043 0.112749 0.931772 0.213367 0.536411 -0.178071 0.187617 -0.13415 0.114418 -0.0432634 
1.88858 -0.619863 0.313088 -0.33741 1.01904 -0.297909 0.616988 -0.479785 0.0537635 -0.210119 0.328032 -0.0598839 
2.05427 -0.393561 0.9714 -0.178707 0.745338 -0.813931 0.610752 -0.620375 -0.11735 0.07927 0.334018 -0.00550964 
1.64407 -0.500634 0.526368 0.0674161 0.993712 -0.605228 0.533814 -0.65791 -0.208102 -0.212432 0.502698 0.0868955 
1.66833 -0.478471 0.66715 -0.104768 0.557199 -0.145431 0.552907 -1.02347 0.339478 -0.0120939 0.221794 0.0313597 
1.81635 -0.441873 1.11735 -0.64186 1.48494 -0.423042 1.45554 -0.619754 0.0808417 0.453355 0.221633 0.038754 
1.75285 -0.850592 0.559236 -0.316229 0.945973 -0.769898 1.06754 -1.00063 -0.227015 0.124343 0.282549 0.0226338 
1.88126 -0.877449 0.876149 0.0299127 0.915059 -0.177231 0.171314 -1.128 0.173155 -0.0548637 0.310877 0.0156884 
1.99468 -0.545028 0.781251 0.0353161 0.424471 -0.0376732 -0.132509 -0.615365 0.207116 -0.297853 0.235683 0.100846 
1.95461 -0.328898 1.53662 -0.784185 1.02577 -0.284442 0.344982 -0.154491 0.37107 0.123861 0.177596 0.0507888 
1.70922 -0.301324 0.599663 -0.0963197 1.04977 -0.534307 0.649216 -0.78053 -0.109819 0.121957 0.31881 0.061497 
1.71069 -0.384005 0.956121 0.480875 0.583833 -0.695459 0.643909 -0.578351 0.382162 0.0474741 0.03736 0.0271015 
1.59655 -0.483422 0.953227 -1.09075 1.36796 -0.559816 -0.0911392 -0.523235 -0.266442 0.183222 0.0552778 0.0223802 
1.52183 -0.469992 0.345336 -0.231851 1.83724 0.541193 0.571702 -0.610026 -0.46774 -0.10383 0.117973 -0.0233245 
1.91803 -0.792975 0.98988 0.331222 1.25044 -0.157933 0.348335 -0.716242 -0.325096 -0.0947658 0.0868958 0.00332666 
1.85435 -0.176995 1.00952 0.181884 1.06806 -0.147891 0.751654 -0.514908 0.231522 -0.0394255 0.292457 0.0299549 
2.59518 1.27411 1.73809 1.17909 1.48975 0.837121 1.14651 0.315443 0.721842 0.48857 0.297184 0.0522994 
3.33363 2.69982 2.34764 1.67115 0.883329 0.669772 0.654857 0.358968 0.306339 0.49107 0.492079 0.10695 
3.06963 2.52666 2.36416 2.07057 1.47879 1.03752 0.914 0.68776 0.543426 0.54176 0.361415 0.0635607 
3.14024 1.76355 2.10267 2.59927 1.39533 0.789495 1.29672 0.670424 -0.00343022 0.565848 0.651971 0.0667487 
3.14823 2.01884 2.06054 2.41295 1.70666 1.06826 0.943993 0.518592 0.325629 0.656575 0.544563 0.0629997 
3.17859 2.16613 2.17818 2.4434 1.66564 0.882389 0.728609 0.443479 0.372959 0.690075 0.577409 0.0700181 
3.7138 1.87499 2.74231 3.73359 1.47418 0.418506 0.86982 0.277468 0.0126661 0.787699 0.622282 0.0691496 
3.47816 1.36544 2.59623 3.91824 1.66265 0.460177 0.99362 0.426623 0.10471 0.804371 0.686817 0.0469072 
4.10742 1.00242 2.51318 4.76282 1.52799 -0.0341059 0.873088 0.113207 0.0441935 0.962979 0.739344 0.0238048 
3.33235 1.68151 2.97387 3.87172 1.53621 0.0637163 0.772461 0.157707 -0.095064 0.509723 0.523567 0.0235934 
4.02741 1.05986 3.36058 5.15269 1.67257 -1.14731 -0.323783 -0.457861 0.103201 -0.0106211 -0.183586 -0.0797556 
3.92937 0.575279 3.06528 4.31328 0.203746 -0.894756 -0.501122 -0.487668 0.362018 -0.306756 -0.0264078 0.0815451 
3.33157 1.13324 2.66558 3.69428 0.353872 -1.69908 -0.768281 -0.305864 -0.279628 0.00947795 0.0575008 0.0385522 
3.71366 0.727013 2.85188 4.34948 0.0954458 -2.16804 -0.638641 0.00637183 -0.124855 -0.0938884 0.200928 0.10016 
5.01561 -0.265545 2.52098 4.94009 -0.63144 -2.23405 0.172871 -0.365544 -0.0432676 0.026166 0.295762 0.106128 
4.42597 0.133537 1.55164 3.4126 -0.334042 -1.55168 0.101111 0.26407 -0.0320916 0.186255 0.339274 0.079422 
4.65464 -0.0726571 0.74241 2.89023 0.0139779 -1.68044 1.25024 0.778921 0.966844 0.161445 0.182063 0.0415212 
4.14221 0.686957 0.536782 2.35774 0.0502114 -1.02638 1.60752 1.25593 1.21634 -0.0663781 0.114674 0.025613 
4.8327 0.51241 0.248 3.41129 -0.505948 -1.32173 2.68361 1.06111 1.82277 -0.557865 0.0307228 -0.0392163 
4.8159 0.139802 -0.536043 3.69255 1.33817 -1.06491 3.08863 1.28743 1.4689 -0.973953 0.0514133 0.0761864 
4.6057 -0.30334 -0.932963 4.83506 2.0828 -0.666858 3.11173 1.75227 1.34875 -1.08896 0.0215285 0.0858189 
4.56228 -1.5664 -0.172813 4.92491 2.72163 0.00914092 1.39463 2.15345 1.12839 -0.132744 -0.0548537 0.0973539 
4.51204 1.13954 0.173139 2.71294 2.82043 0.926567 1.09942 1.90083 0.84139 -0.158153 0.0408542 0.135066 
3.51641 2.05149 1.95133 2.4388 2.00811 1.59645 1.63042 1.22124 0.566496 0.364118 0.174636 0.0607729 
2.99947 2.21269 1.89795 2.07512 2.0165 1.57461 1.36575 1.34281 0.966394 0.361739 0.107079 0.0523999 
2.91192 2.17864 1.72139 1.56375 1.60808 1.60795 1.34134 0.967397 0.705733 0.512428 0.333093 0.0472982 
3.06298 2.25645 1.83749 1.65955 1.39631 1.27697 1.33297 1.14044 0.801223 0.632716 0.450727 0.0627869 
4.30293 1.26799 0.878177 2.69493 1.38389 -0.699763 0.788548 2.60787 1.41631 0.248898 0.461666 0.211264 
3.99478 1.23568 0.150436 2.61291 0.812491 -1.86484 1.28698 2.18686 2.00296 -0.0356543 0.246672 0.117839 
3.542 0.660109 1.47469 3.1845 0.576727 -1.6307 1.00423 1.33842 1.35924 0.0477726 0.0814477 0.0840311 
3.54636 0.323221 1.89684 2.91903 -0.142774 -1.58831 0.696921 1.1402 1.35801 0.0791254 -0.014838 0.0741012 
3.98912 0.123914 2.37949 3.44704 -1.1357 -1.15539 1.22101 0.469154 1.28046 0.240229 0.0131102 0.0503336 
4.36633 0.214553 2.88469 2.80683 -0.926816 -1.59813 1.78 0.344167 0.876994 0.459601 0.292294 0.0844891 
4.87853 0.485441 2.41179 2.87755 -0.2728 -2.05992 2.33499 0.218247 1.00657 0.576079 0.358524 0.089908 
3.81576 1.70904 2.77723 3.86812 0.0574973 -2.13272 1.82756 1.03223 0.458278 0.622652 0.451292 0.104346 
2.74323 1.72321 3.04236 2.37108 -0.587552 -1.82973 2.21865 0.958571 1.09023 0.747103 0.845179 0.128708 
1.28769 -0.217583 3.32489 4.51091 0.115012 -2.32871 2.15779 1.96962 1.45922 -0.473877 0.666691 0.192931 
-0.0990435 -0.651136 3.83573 3.60556 -0.0779079 -0.854903 3.91542 1.51227 0.164334 -0.0967273 0.585405 0.0664079 
-1.01403 -1.165 4.36738 2.20639 0.893452 -1.95428 2.60987 1.28517 0.642236 -0.498614 0.744603 -0.0469198 
-2.37525 -1.80348 2.12116 2.22906 -1.62971 -2.99419 0.549969 1.36586 1.42978 0.0321252 0.420328 0.0765215 
-2.75394 -2.09341 1.73847 3.54521 -1.38491 -2.31153 1.53287 0.738456 1.69226 -0.559579 0.115091 0.254693 
