1.94196 -1.20288 0.768759 0.0250801 1.29193 -0.18765 0.676642 -0.840549 0.00946363 0.140089 0.234293 -0.0448564 
1.81865 -0.660949 0.619873 -0.477432 1.12657 0.120977 0.321889 -1.02171 0.130089 0.171557 0.245643 -0.0541687 
2.06548 -0.926843 0.877304 -0.11768 1.44181 -0.510853 0.425903 -0.480227 0.00189314 0.163612 0.290868 -0.037822 
1.76946 -0.763327 0.977847 0.435556 1.37352 0.194813 0.415678 -0.749267 -0.310812 0.210897 0.347947 -0.0670517 
1.75679 -1.04827 1.01008 0.0350011 2.16529 0.184077 0.0795049 -1.12465 0.11811 -0.131552 0.318636 0.0532978 
2.09777 -0.798026 0.436997 0.454062 1.31813 0.674858 0.821644 -0.593294 0.412747 0.26065 0.503976 0.0333274 
1.93556 -0.37826 0.696438 0.460296 1.46482 -0.325707 0.183593 -0.399602 0.135418 0.136304 0.425555 -0.0100123 
1.09881 -0.0200373 1.05196 -1.00691 2.14715 -0.383391 -0.0267439 -0.584448 -0.890961 0.936724 0.206992 -0.00904608 
0.736099 -0.910905 1.10939 -2.17678 5.79528 -2.24431 -1.18363 0.855284 -0.466813 1.26095 -0.309523 -0.0476931 
1.45533 -0.165584 2.02249 -2.43183 3.50135 -0.954519 0.79944 0.540491 -1.36686 1.1879 0.269612 0.0817035 
1.6649 -0.232736 1.31553 -0.415327 2.83885 -0.659998 1.55077 -0.0611983 -0.349766 0.711026 0.272368 0.13137 
1.84275 -0.206852 0.940901 0.568433 1.57311 -0.00917191 0.759868 -0.884202 0.172231 0.58742 0.475856 0.0790709 
2.06698 -0.333918 0.430171 0.183246 1.66587 0.451178 1.13011 -0.507163 0.224302 0.499086 0.460779 0.0906517 
1.78586 -0.738614 0.796683 0.0260058 1.65567 -0.450463 1.49071 -0.24838 0.0633359 0.720544 0.30285 0.0934092 
1.9483 -0.830265 0.0970741 -0.23374 0.919107 -0.352615 0.0569636 -0.911828 0.476902 0.25489 0.467451 0.103837 
2.29854 -0.69034 0.601561 -0.516654 0.61902 0.0998256 0.731573 -0.164229 0.0554593 -0.127938 -0.00558223 -0.0597854 
1.9879 -0.782277 0.575466 -0.38843 1.54719 -0.264894 0.750064 -0.626835 0.215055 0.62821 0.497 0.0726658 
1.98313 -0.678207 0.665924 0.305194 0.94495 0.3882 0.47901 -1.14247 -0.0128947 -0.0304987 0.548582 0.0683743 
2.01432 -0.953191 0.831501 -0.313198 1.65354 -0.0244556 -0.0289285 -0.642133 0.189271 0.332555 0.3759 0.108801 
2.15429 -0.942865 0.88542 -0.192065 1.27617 -0.162673 1.24912 -1.23648 0.243223 0.51228 0.383877 0.089603 
2.16193 -0.485916 0.883814 -0.370522 1.48308 -0.0676099 0.256044 -0.859664 -0.268201 0.276312 0.421835 0.0348735 
2.0382 -0.591347 0.967542 -0.666896 1.81406 -0.589328 0.394557 -0.346768 -0.0597012 0.294252 0.58822 0.0334657 
2.08524 -0.533587 0.655057 -0.44062 0.981613 -0.325748 -0.324808 -0.429635 -0.0791704 0.420992 0.299144 0.025302 
2.13743 -0.778185 0.76357 -0.494076 1.87964 0.0579116 0.1112 -0.831614 0.450277 0.106334 0.312736 0.0895055 
1.96831 -0.658085 0.329181 0.0276007 1.54839 0.479525 0.116727 -1.07441 0.0319354 0.121752 0.298808 0.0478816 
2.11497 -0.474993 0.513999 0.0699473 1.35851 0.15093 0.185215 -0.859779 -0.192485 0.00507349 0.352642 0.0442749 
2.05187 -0.753146 0.923098 -0.454515 1.2651 0.233951 0.9252 -0.731955 -0.285997 0.225445 0.333931 0.0554725 
2.20039 -0.520675 0.458213 -0.279933 0.913466 0.297948 0.505254 -1.7091 0.176665 0.0312686 0.268146 0.049322 
2.20225 -0.685116 0.615676 -0.107255 1.62755 -0.14603 0.387489 -0.788494 -0.00098893 0.337843 0.337539 0.0450578 
2.0133 -0.540214 0.808682 0.0629998 1.41037 0.0066809 0.748479 -0.94889 0.0417722 0.023146 0.182958 0.00727347 
1.91651 -0.54733 0.416727 -0.25871 1.85342 -0.986012 -0.252227 -0.47037 -0.210868 0.212029 0.695723 0.0691249 
2.04956 -0.609691 0.285927 -0.328729 0.926962 -0.315108 0.33254 -0.982843 -0.232003 0.102904 0.321927 0.0383415 
1.75031 -0.115218 0.663389 -0.0822883 1.87994 0.226012 0.22415 -0.742174 -0.0910907 0.141834 0.486373 -0.0112092 
2.05219 -0.664923 0.93148 -0.115922 1.74162 -0.443571 0.383747 -0.73621 0.195535 0.0627542 0.318065 -1.69287e-005 
1.88807 -0.579522 0.656358 -0.536754 1.17193 -0.047845 0.237822 -0.761959 0.177153 0.393265 0.629115 0.079097 
1.88787 -0.420469 0.684299 -0.167266 1.43888 -0.258731 0.211758 -0.600557 0.0721584 0.331106 0.285308 -0.0118973 
1.89359 -0.849718 1.48078 -0.315297 2.07715 0.153315 0.40142 -0.444927 -0.492505 0.458249 0.468418 0.0352524 
1.89323 -0.661585 0.560493 -0.419847 1.24115 0.127656 0.480773 -0.337647 -0.481961 0.191393 0.39756 0.0123565 
2.12843 -0.837193 0.292535 -0.335145 0.740261 -0.349186 0.612753 -1.18311 -0.0551261 0.0213437 0.334252 0.00206473 
1.73682 -0.631664 0.508888 0.0685202 1.22922 -0.826927 0.383242 -0.623653 -0.405377 0.286571 0.7658 0.0909777 
2.02851 -0.417324 0.983279 -0.575398 2.03791 0.48482 0.907621 -0.669036 -0.118305 0.520819 0.383295 -0.00878316 
2.07326 -0.695671 0.367156 -0.587057 0.681363 -0.18259 0.405863 -1.30933 0.167414 0.295416 0.431791 0.0165233 
2.02308 -0.703472 0.426828 -0.225555 1.99087 -0.525787 1.03735 -0.957168 -0.534193 0.0370381 0.283477 0.0486488 
2.11119 -0.42819 1.08328 -0.0323187 1.5284 0.104047 0.870386 -0.417873 -0.018992 0.0150893 0.473156 0.0490726 
2.10047 -0.903462 0.881208 -0.60714 1.77994 -0.189499 0.468603 -0.50736 -0.548235 0.524232 0.453029 0.0367429 
1.7016 -0.74288 0.371235 0.229397 1.85789 -0.596333 -0.145788 -0.861352 -0.394925 0.143879 0.436781 0.0227904 
2.0782 -0.635491 0.376169 -0.347271 0.557154 -0.554905 0.196672 -0.667049 0.12362 -0.30914 0.156821 0.0771016 
1.79665 -0.652092 0.376352 -0.637477 1.81808 -0.170412 0.257271 -0.714063 0.0304429 0.119871 0.17774 -0.023666 
2.00253 -0.52765 0.568503 0.0398833 0.935222 -0.323537 0.431254 -1.05242 0.167824 0.275802 0.258964 0.0231701 
1.8431 -0.120649 0.386689 0.420041 1.34876 0.0684323 -0.070447 -1.05755 -0.194458 -0.138492 0.376655 -0.0456685 
2.21386 -0.915777 0.88288 0.364596 1.35114 -0.0978585 0.830875 -0.791509 -0.0290829 -0.0525107 0.427994 0.00935624 
1.93282 -0.732774 1.03991 -0.646913 1.61715 -0.0151857 0.0306023 -0.509928 -0.163153 0.413099 0.419739 -0.0352693 
2.06239 -0.779505 1.01803 0.0806515 1.2019 -0.378096 1.16975 -0.585458 -0.49078 0.339684 0.386678 0.0754711 
2.08506 -0.335337 1.65177 0.0384495 2.22254 0.692996 0.723888 -0.934476 -0.0369488 0.445855 0.246689 0.0516982 
2.21059 -0.519561 0.527199 0.356747 1.39799 -0.0154904 0.552325 -0.359855 0.0220792 0.179247 0.48999 0.0574602 
1.91669 -0.327722 1.05022 0.206285 2.21421 0.107003 0.468965 -0.674609 -0.38074 0.372153 0.329485 0.0387118 
2.11489 -0.152202 0.238602 -0.465348 2.01753 -0.652971 0.101012 -0.322474 -0.154517 0.173598 0.372729 0.0311984 
1.72121 -0.873538 0.969241 0.504021 1.15356 0.251344 0.652667 -0.67684 0.279577 0.236232 0.365456 0.111281 
2.62803 0.5655 2.41811 1.72646 2.6513 1.76062 2.32274 0.360609 0.738979 0.653139 0.67374 0.107012 
6.19765 3.16362 3.13845 0.517852 -0.685556 0.559723 1.42308 1.7156 0.69296 0.56262 0.403027 0.080529 
5.55968 2.12524 3.32966 1.44182 0.190319 1.46284 0.138858 1.29677 0.510457 -0.355562 0.32309 0.188191 
4.19727 2.61513 3.22683 2.50469 0.349863 0.614478 1.45716 0.842704 0.032444 0.245403 0.547627 0.106475 
3.18128 2.26689 2.39226 2.03584 0.821267 1.00506 1.24114 0.750096 0.429247 0.505307 0.457826 0.0632393 
3.00166 2.16365 2.19195 1.93868 1.14623 0.884502 0.990417 0.81327 0.379357 0.391926 0.451652 0.0515474 
3.09638 2.2175 2.34509 2.22781 1.135 0.652082 0.968192 0.815976 0.392527 0.429391 0.452254 0.0628549 
3.43034 2.5586 2.5378 2.39442 1.33106 0.769867 0.806574 0.353269 0.106332 0.440244 0.491553 0.0777886 
3.68772 2.54988 3.16761 3.00711 0.641045 0.128699 1.19402 0.480808 -0.148882 0.56647 0.532305 0.0827555 
4.11493 2.60889 3.14535 3.38811 0.710784 -0.202898 1.30731 0.720965 -0.356493 0.436162 0.570363 0.107624 
3.31966 2.50632 2.7777 2.71903 1.25684 0.444049 0.801941 0.470841 0.103526 0.267638 0.268095 0.0422928 
3.68191 2.26858 2.57072 3.19639 1.19984 -0.801243 -0.258311 0.154625 -0.284566 -0.277591 0.0451406 0.0384335 
3.91138 1.79857 2.85084 4.19219 0.924414 -2.04665 -0.921946 0.0551658 -0.477084 -0.354293 0.05388 0.0888687 
4.89038 1.52233 2.565 4.60315 0.455324 -2.86464 -0.798169 0.309341 -0.538173 -0.267813 0.115098 0.118311 
5.07747 1.2796 2.31542 4.15148 0.00375731 -2.95406 -0.774754 0.333956 -0.311429 -0.0400477 0.231678 0.130144 
5.64691 0.824962 1.15091 3.65504 -0.185961 -2.75579 0.471866 0.108605 0.0630073 -0.29416 0.309387 0.111256 
5.8541 0.537954 0.589829 3.64083 0.296848 -3.81373 2.07437 0.416114 1.03329 -0.372882 0.166951 0.0303206 
5.92894 0.90886 -0.308193 3.39394 0.324026 -2.69383 2.36563 0.846667 1.56452 -0.43671 0.144026 -0.0630879 
5.73577 0.89406 -0.378447 3.88137 1.0777 -2.13442 3.09667 1.37338 1.99843 -0.828187 -0.0300883 -0.0521409 
4.58493 1.21118 -0.820902 2.9671 1.95349 0.18482 2.56741 1.99852 1.97576 -0.772742 -0.0829 0.0593591 
4.46954 0.702653 -0.627684 3.55177 2.41631 0.102647 2.54828 1.62515 1.63311 -0.70551 0.020808 0.113619 
5.64684 -0.495306 -1.3516 5.05217 2.91691 -0.42953 2.37057 1.53958 1.60455 -0.600006 0.217071 0.149934 
4.72508 -1.07919 -0.5354 5.80668 4.05379 -0.234246 1.7333 2.65007 1.20142 -0.32099 -0.0390308 0.194331 
4.36127 0.691875 0.410327 3.50494 3.16891 0.651795 1.41529 2.27409 0.842926 -0.131483 0.230759 0.224324 
3.6489 2.20124 1.61242 2.54155 2.68282 1.59715 1.46336 1.81206 0.916901 -0.0182484 0.345907 0.116513 
3.10645 2.32218 1.93291 2.06685 2.04936 1.60912 1.33561 1.22565 0.87196 0.460259 0.3611 0.0728274 
2.93267 2.35463 2.10595 1.99551 1.88286 1.79473 1.67074 1.35442 0.84752 0.449883 0.267226 0.0696292 
