2.11318 -1.21721 0.835562 -0.856584 0.493422 -0.406639 0.232536 -0.978764 0.190808 0.491818 0.331549 0.0503695 
2.01987 -0.49561 0.457229 0.326717 1.5132 0.160966 0.699855 -0.965424 -0.0762803 0.349498 0.305658 -0.0552333 
1.9019 -0.437943 0.587752 -0.218355 1.37324 -0.555334 -0.431601 -1.03784 0.384857 -0.227816 0.361313 -0.00218845 
1.75094 -0.588121 0.676699 -0.348971 1.29665 -0.0838469 -0.100811 -0.330925 0.0286282 0.15639 0.294095 -0.0304974 
1.85542 -0.798547 0.583796 -1.06742 1.8482 -0.302281 -0.00114775 -0.513735 0.423958 0.358321 0.0384399 -0.0295543 
2.05595 -0.650246 0.903057 -0.28774 1.00074 0.205669 0.583644 -0.800682 -0.168795 0.511766 0.481161 -0.0286958 
1.83398 -1.04154 0.774214 -0.528297 1.57769 0.508187 0.397112 -1.02486 0.0950931 0.307681 0.111113 0.0178405 
1.96387 -0.714432 0.219629 -0.32457 1.18875 -0.193567 0.538847 -0.798248 -0.416631 -0.368233 0.357127 -0.0426351 
1.9361 -0.511827 0.333882 0.112046 1.24616 -0.173094 0.851071 -0.905192 -0.00133698 0.355351 0.320505 0.0316468 
1.86506 -0.733015 0.428138 -0.246873 0.992241 0.359109 0.613672 -0.796191 0.353905 0.250614 0.350308 0.00314051 
2.14445 -0.635202 0.959962 -0.0885525 0.923663 -0.0475517 0.966576 -1.36968 -0.671264 0.149504 0.378277 0.0708762 
1.98332 -0.459248 0.100619 0.199496 1.36315 -0.226111 0.270579 -0.884747 0.0822324 -0.090988 0.450232 0.0119089 
1.79208 -1.00857 0.811863 -0.298225 1.46751 0.455376 0.365558 -0.249364 0.0316207 0.227029 0.303325 -0.0649395 
1.67122 -0.836939 0.519566 -1.18265 1.11346 -0.21309 0.25225 -1.15316 -0.397045 -0.0589692 0.107947 -0.00717652 
2.05801 -0.928415 0.95063 -0.365222 1.11379 -0.0301976 0.342 -0.398007 0.327117 0.0924125 0.238872 -0.00271173 
2.04354 -0.760769 1.10738 -0.712077 0.936982 -0.151441 0.303222 -1.21287 0.339975 0.176208 0.112016 -0.0176482 
1.84378 -0.998885 0.908097 -0.130217 0.961309 0.1738 0.45287 -1.4593 0.0459535 0.126071 0.265588 0.0396631 
2.06752 -0.364858 0.686879 -0.247531 1.39234 -0.182615 0.327976 -0.900098 -0.295226 -0.00632445 0.624072 0.056596 
1.88308 -0.804832 0.788862 -0.399233 1.28886 -0.153857 0.824053 -1.03645 -0.55506 0.0560981 0.32589 -0.0137463 
2.00447 -0.517587 0.849935 -0.0801643 2.11024 -0.348133 0.507941 -0.0879845 -0.264448 -0.166404 0.367478 -0.0743953 
1.86039 -0.55155 1.87786 -1.48619 1.74742 0.197791 -0.426329 -0.173113 -0.275625 -0.169804 0.18039 -0.197539 
0.590742 -1.13514 4.51517 -4.0901 2.91421 3.07971 -3.74565 0.524787 0.0854206 -0.925854 0.413976 -0.138441 
1.71053 -0.429454 1.22088 -1.03279 1.10643 -0.0820496 -0.3259 -0.278844 -0.771291 0.218749 0.709285 -0.0584441 
1.8491 -0.521834 1.58955 -0.793021 1.927 -0.409128 -0.295607 -0.21179 -0.448588 -0.207307 0.399977 -0.0627092 
1.90636 -0.889341 1.13987 -0.554428 1.15554 0.618151 -0.0384121 -0.849711 0.0406854 -0.168091 0.351196 0.0333141 
1.79863 -0.275731 0.456276 0.160461 2.14688 -0.455918 0.575262 -0.951484 -0.573339 0.0682212 0.347121 -0.0381399 
2.1896 -0.830393 0.618243 -0.224232 0.913269 -0.242765 0.52298 -1.23664 -0.451615 -0.129556 0.255 -0.0352938 
2.12371 -0.216156 0.980791 0.0413912 1.34019 -0.0281015 0.161617 -1.33602 -0.391116 0.299284 0.35158 -0.0830973 
2.05142 -1.01312 0.281751 0.275553 1.34236 -0.736709 0.550154 -1.01127 -0.21431 -0.0823808 -0.0429063 -0.066546 
2.08796 -0.670846 1.09186 0.50725 1.0778 0.173505 0.325027 -0.93455 -0.322024 -0.179551 0.0399517 -0.100372 
2.185 -0.339756 0.244581 -0.282766 1.76941 -0.933488 0.328126 -0.71685 -0.394288 0.00928427 0.156228 -0.00580818 
2.08606 -0.845551 0.78911 0.241984 1.17505 -0.5042 0.0295597 -0.91542 0.0153521 -0.083719 0.257723 -0.0250639 
1.89748 -0.968848 0.617972 0.0266646 1.64513 -0.541908 0.458922 -1.26059 -0.246923 0.0750727 0.123821 -0.00127241 
1.24663 -0.808181 1.98486 -1.98825 1.71383 1.28669 -0.845735 -0.127439 -0.218099 -0.464903 0.433187 -0.0230468 
0.442506 -0.931276 3.59401 -3.67015 2.84428 1.43983 -3.34627 1.13751 -0.545141 -0.576694 0.591362 -0.0764816 
1.07452 -0.82916 1.69525 -1.28715 1.55475 0.618268 -0.721333 0.0403377 0.107941 -0.197556 0.717268 -0.0973224 
1.40857 -0.097383 0.526413 -0.776483 1.65937 -0.196261 0.266099 -0.33766 -0.116591 0.0498426 0.7602 -0.0705173 
1.99116 -0.715059 0.431185 -0.928094 1.45982 0.0273908 0.478458 -0.712677 -0.317214 -0.00270127 0.240322 0.016874 
1.80627 -0.898284 0.713993 -0.327557 1.30345 -0.242496 0.333739 -0.793647 -0.22847 0.0128695 0.223634 -0.0232786 
1.88153 -0.560185 0.90059 -0.0208177 0.629851 0.287919 0.973688 -1.36819 -0.110403 0.0634808 0.278297 -0.0589054 
1.78735 -0.77329 0.579226 -0.599424 1.43195 0.20204 0.436457 -1.10493 -0.0408278 0.139609 0.144005 -0.00535233 
2.10502 -0.819355 0.846706 0.0253052 1.46981 -0.877557 0.529956 -0.28963 -0.0447268 0.29919 0.262073 0.0460807 
1.89097 -1.15472 0.828515 -0.202881 0.56855 0.0321778 0.565075 -0.855134 0.250082 0.040465 0.213167 0.00478852 
2.06054 -0.256604 1.08857 0.0130657 1.13562 -0.00485694 0.0429138 -1.23577 -0.136651 0.130708 0.356376 0.0406971 
2.34902 1.26828 1.53744 1.33732 1.18832 0.869875 0.588704 0.686625 0.522555 0.52413 0.182229 0.018064 
3.51412 3.24671 3.28661 2.87773 2.48859 1.88785 1.60811 1.3564 1.01274 0.533515 0.262909 0.100054 
3.28007 3.02677 2.85891 2.87427 2.51059 1.72251 1.40556 0.971494 0.817211 0.443741 0.31755 0.0835961 
3.44267 3.20987 3.07527 2.72059 2.30878 1.62472 0.991777 0.602332 0.588168 0.392062 0.304089 0.0660153 
2.98395 2.58556 2.34824 2.08029 1.78107 1.50084 1.22253 0.98235 0.741149 0.528289 0.35578 0.072231 
2.93356 2.49071 2.27076 2.01157 1.78173 1.56046 1.24937 0.976406 0.766327 0.556223 0.33916 0.0670994 
2.87217 2.43321 2.22183 2.00216 1.74304 1.49997 1.23518 0.949292 0.728399 0.517296 0.326619 0.0600728 
2.87828 2.43909 2.22669 1.96897 1.7393 1.42761 1.15878 0.954392 0.719154 0.541992 0.339067 0.0599446 
3.7312 3.17745 3.05549 2.57465 1.84889 0.903754 0.277817 0.650561 0.513175 0.30752 0.497032 0.110125 
4.38161 2.56711 3.976 4.73773 1.62071 -0.741615 -0.752227 -0.210043 0.141988 -0.18316 -0.230287 0.00840996 
5.20556 0.672185 4.03221 5.58862 0.474331 -0.91781 -0.793984 -0.748085 0.269008 0.138836 -0.151284 0.0362262 
4.99935 0.887649 2.98752 5.04548 0.994771 -1.82369 -1.44709 -0.300412 -0.00301267 0.11727 0.0130141 0.0342677 
5.15697 0.682651 2.65675 5.23863 1.01952 -2.38153 -1.52494 -0.11766 0.0539992 0.134322 -0.0291033 0.0099767 
5.61897 0.556407 2.24818 5.0776 0.774014 -2.97963 -0.907008 -0.0527482 0.237459 0.172276 0.0485182 0.0102291 
6.67579 0.197875 0.618501 5.39238 0.513522 -2.99096 0.843943 0.117264 0.578545 -0.293639 0.235183 0.000568237 
4.61324 0.964667 0.757736 2.77645 0.838983 -1.75577 0.633667 1.31266 0.677092 0.01806 0.0149426 0.0597474 
5.08897 1.09936 0.102774 3.12078 0.704977 -2.0517 2.08263 0.977266 1.38487 -0.196671 0.196972 0.0265993 
3.96583 1.54202 0.49482 2.11227 1.07284 -0.476871 1.94739 1.96794 1.72901 -0.427073 0.0113478 0.0443933 
3.66918 1.25119 0.215311 2.30043 2.40069 0.708593 1.70738 2.3076 1.15222 -0.618039 -0.0760475 0.101209 
3.78173 1.128 0.233045 2.34512 2.86456 1.61422 1.81701 1.89688 0.767008 -0.751814 -0.00749849 0.148621 
3.72698 1.32914 0.488959 2.12176 2.70281 1.7367 1.75972 1.59237 0.57941 -0.440331 0.0627013 0.11341 
3.06458 2.21904 1.60687 1.66115 1.95481 2.02125 1.61704 0.856122 0.324163 0.270273 0.431667 0.0758568 
3.54439 2.57777 1.66909 1.47454 1.90263 2.15131 1.65285 0.929285 0.479275 0.422506 0.444965 0.103007 
3.40491 2.51503 1.99503 2.20467 2.70256 2.61006 1.83398 0.943128 0.393426 0.30428 0.40577 0.108339 
3.392 2.88472 2.45998 2.26246 2.17295 1.90997 1.40666 0.917689 0.666044 0.555321 0.384959 0.0911983 
3.26063 2.56459 1.86384 1.6117 2.49963 2.29863 1.69661 0.817089 0.830696 0.634022 0.314489 0.0917629 
4.05155 1.13757 1.30385 3.56012 0.751194 -0.893842 1.76289 2.39855 1.56347 0.0471917 0.08804 0.0960307 
3.98337 0.797618 1.65916 3.65973 1.25241 -1.93612 1.6347 1.82294 1.53708 0.0751742 0.00308557 0.114949 
3.34499 1.06257 1.86825 3.96578 1.20827 -1.69095 0.360941 1.73608 1.55166 0.221159 0.0918322 0.140031 
3.54607 1.00921 1.7515 3.69178 1.28776 -1.7799 0.425412 1.56493 1.20941 0.210581 0.0339072 0.113712 
3.24803 0.930726 2.19223 4.02362 0.782916 -2.10174 0.510945 1.7823 1.09802 0.246061 0.150437 0.158127 
4.85764 0.486252 2.18206 4.81274 0.998561 -4.12624 2.35902 1.25304 0.982947 -0.0374179 0.277384 0.171876 
4.20651 1.38449 2.33522 4.0546 1.02979 -1.2799 1.56826 0.895572 -0.380372 0.0782012 0.385099 0.0662096 
3.98034 1.81547 2.4565 4.04521 0.269918 -2.12359 2.0703 1.28651 0.454792 0.519992 0.401604 0.0983795 
1.73438 0.378669 3.24738 2.99175 0.571904 -2.1098 1.54004 1.24286 1.58512 -0.200562 0.412217 0.175054 
0.752618 -0.0462402 2.9291 3.72715 -0.840609 -2.05915 1.53885 1.52321 1.77892 -0.21523 0.44572 0.0518737 
0.126362 0.207177 3.60051 3.25913 -0.844668 -0.65298 2.0529 1.44946 2.18244 -0.133574 0.127547 0.107857 
-0.517694 -0.147261 2.93166 3.67311 -0.160275 -0.634238 2.76646 1.2578 1.36842 -0.342262 0.170623 0.0656668 
-1.55529 -0.191576 2.80573 3.46295 -0.578706 -0.516892 2.78392 1.07806 0.684604 -0.389401 0.168327 0.109068 
-1.73688 -0.545532 2.67767 3.17339 -0.520018 -1.4504 2.4694 0.290573 1.18631 -0.0253464 -0.217143 0.258505 
-2.1714 -1.21993 0.955252 3.10741 -0.865039 -2.30335 2.00172 1.64359 1.20484 -0.1776 0.127586 0.205535 
