0.243555 -0.792471 2.79215 -0.793042 -0.622746 2.57702 0.730993 -1.80914 1.25221 -0.0784381 -0.20531 0.0830806 
1.46171 0.608811 1.06218 -0.315868 0.545502 0.416414 0.764786 -0.869068 0.274378 -0.0598252 0.169743 0.0195084 
1.13902 0.49479 1.23903 0.367605 0.874 -0.323261 0.925699 0.243315 0.0658718 0.0418873 0.23993 -0.0155594 
1.12366 0.450039 1.01666 -0.207589 1.15409 -0.381031 1.14887 0.28993 0.255677 -0.110276 0.275729 -0.091057 
1.0511 0.420894 1.16661 -0.1817 1.21604 -0.0268121 1.22723 -0.0685491 0.180441 -0.239465 0.0740997 -0.134414 
1.22663 0.425785 0.965532 -0.416798 1.59704 -0.567604 0.453534 0.543488 0.48742 0.0610005 0.0703735 -0.0262006 
1.37194 0.48046 1.40719 0.28334 1.33021 -0.317816 0.784662 -0.0957805 0.419096 0.129872 0.195847 -0.0385787 
1.25886 -0.177832 0.907509 -0.480359 0.883906 -0.830838 1.51111 0.230351 0.470609 0.323525 -0.0372626 0.0241488 
1.08188 -0.00729795 0.808522 -0.363243 1.40661 -0.45222 0.991943 0.242842 0.261612 -0.182472 -7.09377e-006 -0.0471337 
1.40678 0.183074 0.864728 0.279367 1.67784 -0.33767 -0.0251124 0.435716 1.17927 -0.245144 0.25965 0.0311751 
1.25615 -0.328491 1.26716 -0.57168 1.19558 -0.0605852 1.00741 -0.324224 0.535114 0.00226794 0.0074505 0.00886558 
1.13754 -0.389893 1.34389 -0.320862 0.993817 -0.982361 0.767753 0.298414 0.22593 -0.124099 -0.157755 0.00707496 
1.02672 0.44807 1.50375 0.189878 1.06958 -0.110439 0.767653 0.343579 0.418111 -0.0853808 0.263503 -0.0223234 
1.20442 0.700753 2.0841 0.213869 1.83008 -0.0992065 1.52724 -0.0500848 0.907206 0.194534 -0.0444199 0.0860306 
2.60904 2.13982 1.9691 1.78594 1.6105 1.43262 1.15206 0.94398 0.852582 0.541456 0.311981 0.0631807 
2.74376 2.27299 2.04579 1.81209 1.58277 1.33865 1.07976 0.829364 0.614234 0.411132 0.219333 0.0453832 
2.87391 2.45506 2.25927 2.02092 1.73436 1.429 1.15676 0.929979 0.727716 0.53029 0.333714 0.0624483 
3.02374 2.55979 2.3728 2.15152 1.72062 1.26507 1.06042 0.908906 0.708115 0.527403 0.350533 0.0673058 
3.8517 2.89325 2.91023 3.15684 1.90709 0.494012 0.452449 0.824418 0.76886 0.522981 0.370739 0.116347 
3.01314 2.30767 2.58064 2.53684 1.37133 0.4431 0.45917 0.753211 0.785431 0.589351 0.314385 0.0694761 
3.98848 2.06204 2.1969 3.56554 2.16873 -0.503694 -1.17862 0.0597277 0.629062 -0.23312 -0.18252 -0.00959751 
3.80503 1.63008 2.51521 3.3993 1.31192 -0.931384 -1.45773 -0.373421 1.07905 0.0659005 -0.17621 0.0375004 
4.17222 1.30958 1.86096 3.47924 1.93709 -1.12416 -2.09779 -0.566256 0.602333 -0.178062 -0.142327 0.00731553 
4.66854 1.93714 1.95275 3.1662 1.7239 -1.4392 -1.72459 -0.766323 0.606575 0.00696529 -0.155314 0.00219317 
4.22686 2.03862 1.73128 2.50676 0.396288 -1.14235 -1.18721 -0.685566 1.53014 0.000661378 0.0169977 0.0570836 
4.91255 1.84062 0.861105 1.35493 0.544968 -1.21847 -0.335562 0.0565279 1.6204 0.100398 -0.0791292 -0.00139075 
5.45861 1.92091 -0.666067 0.245525 0.385976 -1.10985 1.34833 0.616719 1.53742 -0.0578337 -0.00344738 -0.00986971 
4.38954 1.70364 -0.564076 -0.0984608 1.66288 0.217889 1.86495 1.07317 1.57704 0.2593 -0.0317905 -0.0509643 
3.93861 1.38032 -0.484018 1.49002 1.45186 0.955822 1.71126 1.22762 1.11996 -0.268393 -0.179065 -0.0303764 
3.70577 1.40259 0.17984 1.5241 2.72616 1.18081 1.73377 1.32261 0.978805 -0.511799 -0.354434 0.0120104 
4.07585 1.23975 0.0630583 2.10908 3.18298 0.888023 0.842562 1.45266 1.22646 -0.237977 -0.176168 0.0385062 
4.48681 0.438163 -0.0717648 2.9303 3.17761 1.2144 1.00294 2.08796 1.12082 -0.115095 -0.258487 0.0676647 
4.96861 1.77916 -0.305281 1.66236 3.36069 1.62995 0.652906 1.71271 1.36384 -0.15559 0.00931068 0.0836383 
4.21085 2.34753 1.27341 2.06649 2.62494 1.79021 1.11295 1.24653 0.965789 0.268655 0.30413 0.0882701 
3.19773 2.58769 2.12774 1.99928 1.9807 1.72548 1.29397 0.95831 0.76331 0.583669 0.41225 0.0823002 
2.99571 2.43851 2.11821 2.07072 2.09349 1.86484 1.42523 0.97896 0.6816 0.543147 0.408667 0.0767808 
3.60952 0.939048 1.92182 2.37463 -0.11738 0.514325 2.17873 1.70458 1.67999 0.283336 0.477707 0.0890012 
4.33898 1.44926 2.60829 1.97049 0.185493 -0.40821 1.42869 1.31072 2.81072 0.249192 -0.121141 0.0932495 
5.20432 1.09347 0.876361 2.91429 1.38133 -1.9441 1.54169 1.43056 2.35335 0.249847 0.0576578 0.106177 
4.0329 1.73002 0.808773 2.46562 1.80865 -1.05214 0.626556 1.94928 2.2422 0.36652 0.108607 0.0811989 
3.62842 1.71608 1.41197 2.44019 1.44232 -0.791034 0.677202 2.09244 1.81498 0.352534 0.13882 0.0894122 
3.9937 2.27419 1.90744 2.31662 0.762476 -1.26865 0.732022 1.82601 1.24875 0.357757 0.0455662 0.0705782 
4.30451 2.20927 2.03541 2.85338 0.0450228 -2.46846 1.48986 1.69329 0.829469 0.119936 0.0747191 0.0694186 
5.5951 0.898948 1.96516 4.06425 0.175881 -3.30338 2.37924 1.70366 0.952006 0.225985 0.466793 0.101855 
4.21591 0.84973 3.39197 2.95209 -1.45012 -0.623565 2.34735 1.12896 1.64482 0.593784 0.520628 0.167975 
1.63263 0.734894 4.39519 1.93421 1.12198 0.830397 2.09231 0.719949 1.91299 -0.264561 0.00616184 0.250265 
-0.693735 -0.2102 4.8033 1.59661 0.1089 0.333747 3.45921 1.47712 1.65213 -0.391543 0.163828 0.185958 
-1.51301 -1.5703 4.06774 0.665087 -0.460464 -0.943274 2.30023 0.0367069 1.39246 -0.111671 0.175778 0.212151 
-3.16451 -2.88983 3.20558 0.955425 -1.33243 -1.43941 1.9951 1.05998 1.95454 0.302892 -0.114568 0.153619 
-3.63451 -3.37855 2.3868 1.2243 -1.94247 -2.14301 2.43929 1.16334 1.77397 -0.29515 -0.353339 0.218932 
-3.27327 -2.67674 0.959575 1.21349 -2.3437 -2.24784 2.07717 1.24825 1.71165 -0.270529 -0.309855 0.160983 
-3.19643 -2.93268 1.63761 0.523561 -1.9744 -2.21024 2.00598 0.225183 1.33729 -0.25583 -0.218556 0.145701 
-2.88249 -2.60834 1.03301 -0.331552 -2.94607 -2.39599 1.57058 0.500453 2.0204 -0.0562438 -0.0340754 0.0761015 
-3.66974 -3.18846 0.597498 -1.51658 -2.95592 -2.80046 1.6879 0.777749 1.49949 0.126822 -0.0543984 0.0941722 
-3.69914 -3.1828 0.588413 -0.49771 -3.86115 -2.93656 2.07869 0.518924 1.27121 0.127816 0.104686 0.0622289 
-3.31413 -2.78785 0.848739 -0.62151 -3.22051 -2.05352 1.35229 0.763673 1.79693 0.00638318 -0.167906 0.0443858 
-3.32452 -2.8964 1.37507 -0.0130559 -2.77391 -2.1111 1.3691 0.197627 1.83418 -0.274084 -0.0744488 0.0756459 
-3.20892 -3.317 1.81805 -0.603009 -1.53681 -2.00835 1.59551 0.519102 1.43522 -0.0904798 -0.220229 0.0857308 
-2.60443 -3.88509 1.46892 -0.277948 -1.47921 -1.92484 2.01531 0.546526 1.4973 -0.0462789 -0.254269 -0.0318036 
-2.70321 -3.66782 0.669128 -0.823289 -2.76996 -1.85669 2.37651 0.15419 1.56488 -0.176452 -0.00247164 -0.139536 
-3.12092 -3.17252 1.32476 0.130241 -2.66273 -3.05569 2.14785 1.16392 1.05569 0.0931477 0.0243822 -0.017447 
-3.00829 -3.31246 0.726246 -0.539542 -1.97987 -2.29407 2.27631 0.347197 1.67672 -0.119193 -0.152479 -0.0600806 
-2.67787 -4.18146 0.00836184 -2.01069 -2.58439 -1.89838 3.3114 0.786608 0.654201 -0.523524 0.0611303 -0.0373363 
-1.52452 -2.4602 2.23441 -0.814313 -2.39874 -1.72399 2.92353 1.25581 1.43325 -0.325539 0.0560306 0.0138551 
-0.616656 -1.57565 1.73721 -0.369234 -3.14549 -1.31249 3.21952 0.626242 1.65866 0.021226 0.148409 -0.085815 
0.156371 -2.37731 1.3772 0.137335 -4.31707 0.106824 3.79089 0.216808 0.641797 -0.399599 0.00345467 -0.146434 
1.35868 -1.90112 0.344297 -0.232363 -4.51863 -1.61271 4.84215 1.25127 0.374979 0.537878 0.216131 -0.204624 
2.60066 -1.96415 -0.182657 -0.402482 -3.58652 -1.73114 2.2192 0.658827 -0.0445085 0.634452 0.215072 -0.20539 
1.04129 0.140862 1.68344 -0.381127 -0.999512 -0.375737 2.04774 -0.203919 -0.562369 0.0179237 0.333232 -0.194221 
1.15827 -0.332809 1.44249 0.332728 -0.445846 0.0602369 1.54417 -0.316995 -0.26498 0.598148 0.267941 -0.126201 
1.07139 0.747535 1.09235 0.613904 -0.234027 -0.36732 0.638757 -0.0855777 -0.245217 0.514727 0.258443 -0.0542782 
1.30117 0.158064 0.720461 -0.0406616 0.00604416 1.05566 0.631918 -0.0596403 0.114269 0.172191 0.374781 -0.0313806 
1.02484 0.950174 1.16262 0.679624 0.0114294 0.283119 1.56078 0.43877 0.0883119 0.0927269 0.0732809 0.0201694 
1.1222 0.35307 0.78933 -0.0342249 0.816894 0.314293 0.0728186 0.683068 -0.122102 -0.0225619 0.0549682 -0.00677926 
1.15696 0.955712 1.09658 1.03723 1.17395 -0.0605447 0.459888 -0.448508 -0.126686 0.316693 0.0540039 0.0146546 
1.14391 0.787105 1.15659 0.929588 0.86921 0.0380081 0.872102 -0.230256 0.112187 0.266721 0.277891 0.0976559 
1.44087 0.709905 1.42752 0.623203 1.37471 0.938656 1.03801 0.537349 0.370091 0.727105 0.176027 -0.0428708 
1.29281 1.03567 1.27276 0.0147829 1.0107 -0.205687 0.868536 -0.643462 0.372289 0.0429876 0.381296 0.0371554 
1.34276 1.15961 1.12904 -0.0465488 1.35087 0.890042 0.477157 0.29068 -0.282987 0.338442 0.191178 0.00706397 
1.45733 0.907069 0.920271 -0.197174 1.39124 -0.317927 -0.273992 -0.258335 0.161539 -0.132477 0.0226844 -0.0488034 
1.12416 0.215287 0.709429 -0.523161 0.597441 0.245244 0.12553 -0.237489 -0.320847 -0.0795084 0.211352 -0.0122975 
1.04148 1.02828 0.911351 1.38259 1.06783 -0.274662 -0.0972605 -0.290081 0.3753 -0.0893668 0.190198 -0.0432079 
1.007 0.735269 1.24409 0.271793 1.06463 -0.0604842 0.172273 0.299404 -0.165062 -0.319372 -0.128344 0.0435024 
1.30358 0.373221 0.448325 0.173006 1.53766 -0.0766201 -0.461115 0.101744 -0.245559 0.0680133 0.0939021 -0.00500242 
1.16043 1.02637 0.471387 -0.0244163 1.2308 -0.0481819 0.852299 -0.318281 0.0165591 0.0458741 -0.0366842 -0.0254134 
