1.24217 -0.254063 1.69819 -0.354735 0.760326 0.509791 1.30557 0.14406 0.425904 0.114817 0.146008 -0.0338633 
1.10374 -1.86934 2.54895 -0.441718 0.203203 0.0237312 1.99893 -0.0197191 1.35562 0.203302 -0.362036 -0.0951197 
1.47863 0.562147 1.92053 -0.269774 1.01746 0.0738135 1.25066 0.108963 0.695531 -0.13111 0.116226 0.0635026 
1.35504 0.686173 1.05295 0.0919014 1.31482 0.0878643 1.40523 -0.338575 0.40038 -0.0185243 0.00969743 0.0276764 
1.33878 0.976071 1.421 -0.290731 0.759483 -0.512312 1.58002 0.527646 0.858377 -0.358403 0.15644 0.0654326 
1.622 0.455332 1.16172 -0.0543521 1.20026 -0.133036 1.1224 0.0506504 0.595369 0.295643 0.178267 0.00924548 
1.38989 0.697948 0.990356 -0.44861 1.58225 -0.0901851 1.39796 0.401606 0.286313 0.0161946 0.0816887 0.0419795 
1.40926 0.376693 1.71555 -0.763454 1.70161 0.214796 0.836467 0.0776849 0.263237 -0.125547 0.0923766 0.0226761 
1.46422 0.361856 0.967608 -0.165471 0.265403 -0.385782 0.377883 -0.365076 0.169998 -0.486727 -0.0386422 -0.0362791 
1.58255 0.279502 0.774648 -0.0872515 0.350289 0.154513 0.875265 -0.113182 0.678157 -0.267365 0.0341663 0.0596038 
1.4224 0.25627 1.48018 -0.287404 2.14292 0.0492958 0.731499 0.110663 0.329462 -0.284977 0.0785324 0.0172714 
1.41426 0.262374 1.22417 -0.231243 0.298399 -0.511068 1.20942 0.202779 0.144148 0.174095 0.0521516 -0.0132423 
1.50637 0.403781 1.09337 0.119989 0.482173 -0.0952156 1.07893 -0.488466 0.664641 -0.567804 -0.00181454 0.0730179 
1.6165 0.631873 1.56127 0.059489 1.42383 0.440586 1.68403 0.125055 0.148261 0.302568 -0.0298882 0.00641796 
2.24054 1.1813 2.30257 1.19552 2.44645 1.06069 1.87183 1.17623 0.603112 0.261677 0.246478 0.086254 
2.8276 2.35207 2.17255 2.0674 1.86237 1.48859 1.22089 1.06496 0.760516 0.4972 0.32189 0.0797318 
2.83929 2.39569 2.25719 2.09347 1.87051 1.64609 1.37717 1.0898 0.790178 0.535194 0.296583 0.069744 
2.96654 2.50492 2.25225 2.03935 1.75554 1.46948 1.22048 1.00959 0.768352 0.521355 0.323701 0.0671644 
4.04975 2.802 2.87873 2.90171 1.40796 0.701728 1.10858 0.731935 0.185115 0.486777 0.526795 0.123732 
3.38602 2.46979 2.39171 2.43359 1.66714 1.01862 1.04392 0.975803 0.712194 0.603908 0.488882 0.097307 
3.57177 2.59296 2.36456 2.57146 1.87989 0.896367 0.710019 0.798756 0.640502 0.475356 0.399435 0.0869345 
4.17444 2.67292 2.48488 3.01404 2.06135 0.313018 -0.328034 0.245955 0.41883 0.154044 0.123943 0.0404063 
3.93321 2.25011 2.32998 2.63381 1.05992 -0.648194 -0.909903 -0.420146 0.00370616 0.103137 -0.0156349 0.021525 
3.85632 1.79018 0.990739 1.48358 0.839892 -0.603794 -1.31362 -0.089534 0.622692 -0.0576637 -0.0846153 0.0332312 
4.08181 0.862105 1.14951 2.66283 1.03701 -1.72447 -1.69646 -0.594507 0.586082 0.311171 0.0667822 0.0634031 
6.09224 0.485866 0.26808 2.67207 0.527751 -2.65164 -0.112455 -0.650432 1.02105 0.189263 0.0768579 0.0657936 
5.3192 1.24554 0.171669 1.23129 0.239468 -1.35144 0.523791 0.615769 1.81352 0.159757 0.0498854 0.04551 
5.42183 1.05469 1.08943 0.671783 -0.707961 -0.675148 2.27504 0.898352 1.73062 0.0384824 -0.200267 -0.0317406 
5.39403 1.53538 -0.784876 1.06404 0.953633 0.264185 2.16943 1.50632 1.5111 -0.476787 -0.227028 -0.0262901 
4.46462 1.33019 -0.449048 1.72856 2.72507 1.00244 2.11533 1.28451 0.979248 -0.667536 -0.176987 0.0756192 
4.95013 0.583278 -1.27105 2.97669 3.53392 1.40282 1.6251 0.87482 1.4478 -0.312494 -0.000927078 0.0997181 
5.99007 0.163635 -1.68724 4.03128 3.26772 0.153165 1.80693 1.11197 1.19266 -0.558161 0.0110236 0.116846 
4.01852 2.09683 0.791596 1.42887 2.32969 2.28703 1.86773 1.19312 0.427202 -0.165651 0.268263 0.111965 
3.45615 2.33984 1.42758 1.42954 1.88928 2.00268 1.65868 1.15377 0.624509 0.326785 0.352945 0.0784154 
3.1873 2.32274 1.54282 1.38172 1.75771 2.02429 1.79522 1.14975 0.512539 0.327977 0.353815 0.0699536 
2.90861 2.23889 1.74565 1.62993 1.58589 1.54874 1.50084 1.29665 0.838455 0.513057 0.371257 0.0529638 
3.81693 1.82955 1.23739 1.72369 0.600124 -0.304057 1.2653 2.47031 1.48038 0.332917 0.149648 0.0329822 
4.60792 1.62719 0.520171 2.44509 0.395855 -1.88071 0.936634 2.1797 2.01912 0.0169812 -0.152985 0.00823484 
4.28885 1.19281 1.14125 1.72878 0.87004 -2.12802 0.614136 1.58995 1.66536 0.254939 -0.161255 0.0281965 
3.88076 1.48464 0.787973 2.31874 0.438151 -1.88389 0.90076 1.00548 1.58739 0.418046 -0.0942737 -0.0181945 
4.45494 1.41296 1.25268 2.34789 0.639997 -1.7919 0.451929 1.30823 1.04694 0.272462 -0.191748 -0.0174103 
4.47166 1.68884 1.51075 2.47628 0.316318 -2.75784 0.981721 0.956182 1.22441 0.0343227 -0.152897 0.0189349 
4.50004 1.15168 1.4065 2.5907 0.245897 -2.47188 1.83702 0.546488 0.885421 0.282545 0.0933104 -0.0111854 
3.78266 1.99874 2.1867 2.05013 -0.58433 -1.57327 2.10773 1.10545 0.851174 0.663393 0.38929 0.0288714 
2.67659 1.52036 3.07513 2.33444 -0.770307 -0.671225 2.2025 0.698825 1.19462 0.537347 0.317693 0.0369562 
1.48713 0.817107 4.06546 0.413802 0.553139 -1.00785 2.41107 0.824914 2.44146 0.48116 -0.0262364 0.227983 
0.507111 -0.0125954 3.48026 0.776235 0.183553 -1.02135 2.48545 0.890679 1.97977 0.255132 -0.180134 0.0712877 
-0.790135 -0.418775 3.21016 -0.180989 -0.660682 -1.41008 2.57923 0.886154 1.93553 -0.293324 -0.218367 0.0708709 
-2.53018 -1.83386 2.25545 -0.665619 -0.606569 -1.45005 1.68005 0.931638 1.95191 0.112676 -0.0994699 0.119413 
-3.70658 -2.45929 3.32498 -0.564021 -1.27041 -0.75873 2.21442 1.37635 1.80948 0.00364313 -0.426731 0.231358 
-3.48531 -2.18218 2.78508 0.292908 -1.3173 -1.90182 2.30439 0.387261 1.70487 -0.476246 -0.173175 0.233571 
-4.06902 -2.67381 2.45775 -0.74139 -2.16445 -1.55126 3.00479 0.863713 1.69438 -0.790171 -0.0729061 0.0481444 
-4.01706 -2.88707 2.64659 -0.0911448 -1.95987 -2.30352 3.27313 0.604369 1.02079 -0.121213 -0.300753 0.170773 
-4.10509 -3.5074 1.41403 -1.55482 -1.69575 -2.56116 1.34979 0.333516 1.45223 -0.422866 -0.0512927 0.126347 
-3.62833 -2.68907 2.27877 -1.06296 -2.499 -2.26801 2.04674 1.15672 1.39128 -0.00762209 -0.141597 0.0389329 
-3.55365 -3.20963 1.23093 -0.715309 -1.23347 -0.887427 2.30747 1.01654 1.12408 -0.572202 -0.33883 0.056696 
-1.72993 -2.53933 0.561694 0.719289 1.36576 0.42059 3.21483 0.182009 0.514435 0.0110628 -0.119989 0.127914 
-3.95665 -3.41367 2.05201 1.5739 1.10055 -1.07453 2.24961 0.794841 1.2348 -0.207655 -0.308724 0.225344 
-3.72869 -3.44455 2.82382 2.03056 -1.07257 -1.7088 0.959777 -0.538667 1.1448 -0.203253 -0.290274 0.103877 
-3.52134 -2.40755 2.03055 1.44802 -1.18574 -1.83911 1.29426 -0.304579 1.06117 -0.566452 0.0582374 0.0738823 
-4.80101 -4.2602 1.80594 -0.237112 -2.52845 -2.97915 1.63364 0.208704 1.17127 0.00365883 -0.085643 0.0477844 
-4.35587 -3.10632 1.96466 0.861455 -0.598901 -1.96366 1.45952 0.0896948 1.2371 -0.298617 -0.385644 0.161738 
-3.58841 -2.64432 2.35412 0.355025 -2.18928 -1.07478 3.22606 1.46786 1.5449 -0.246678 -0.0584785 0.0466038 
-3.4646 -3.48034 2.29795 -0.0503289 -3.63864 -1.80089 2.60457 1.53721 0.595885 -0.0267972 0.162941 -0.0515379 
-2.65854 -3.49656 3.99387 0.490708 -2.44188 -1.63736 2.02456 2.66535 0.885501 -0.19696 0.533774 0.0316036 
-0.202736 -3.60261 3.33239 0.14198 -2.59974 -0.513729 2.27466 2.9439 -0.529385 -0.278288 0.322694 -0.206445 
0.964087 -1.43812 2.60665 -0.301888 -1.93604 -1.40107 2.45292 1.56787 -0.898471 0.351165 0.113167 -0.179825 
1.15099 -0.229258 1.54929 0.0807466 -0.190302 -0.0278362 1.98823 0.90535 -0.642344 0.300307 0.307606 -0.177265 
1.01007 0.190522 1.72896 -0.182674 -0.357676 -0.332516 1.25727 -0.132928 -0.806722 -0.0079604 0.0676674 -0.0728017 
1.1511 0.278064 1.15833 0.557521 -0.0395346 0.648451 1.29267 0.580006 0.347485 -0.131612 -0.056873 0.0462808 
1.11342 0.453928 0.202549 0.593427 -0.0184173 -0.094664 1.02019 0.249146 0.0390829 -0.0692241 0.0681842 -0.042559 
1.47733 0.859659 0.747977 -0.638318 0.59067 0.0349963 0.560501 -0.217775 -0.270888 0.161578 -0.11896 -0.0121272 
1.27088 0.457841 0.410449 -0.400329 -0.505294 -0.0941669 0.328736 -0.285661 -0.0165225 -0.133825 -0.0659966 0.0116316 
1.37672 0.655022 0.687597 -0.0655116 0.879491 0.124824 0.125615 0.0898156 0.572047 0.0409847 -0.0833806 0.10388 
1.53075 0.409787 0.46424 0.0244231 0.041147 0.440814 1.22695 0.23237 0.0964304 0.0422068 0.18559 0.00623245 
1.47889 0.658041 0.736615 -0.116352 0.606813 1.05208 0.735727 -0.226148 0.327994 0.186848 -0.0943827 -0.0275787 
1.17464 0.668612 0.685053 -0.232158 0.327611 -0.217495 1.19782 0.218055 -0.205481 0.136081 -0.342488 0.0158704 
1.57383 0.452455 0.803039 -0.527139 0.166862 0.17508 0.58772 0.176397 0.35383 0.00963605 -0.0564646 -0.00467342 
1.17232 0.648182 0.218929 0.109715 1.03765 0.562877 0.56483 0.276782 0.159613 -0.159827 -0.0163648 -0.0920586 
1.45435 0.734074 -0.381933 0.271394 0.367955 0.459007 0.720252 0.33682 0.524377 -0.196735 0.0312829 -0.060488 
1.06168 0.54081 0.717788 -0.05766 0.51075 0.574717 0.869172 -0.150222 0.0674838 0.0438401 0.05562 -0.0407382 
0.488787 0.643082 1.01541 -2.10897 1.38682 0.495187 -0.26661 1.06468 0.458668 -1.02265 0.327765 -0.135656 
1.31556 0.538111 0.493999 -0.485162 1.04485 0.328337 -0.299214 0.544358 0.0948237 -0.198929 0.00123128 -0.0158466 
1.23931 0.859512 0.400279 0.239615 1.31213 0.0128513 0.406287 0.2794 0.246905 -0.244612 -0.129616 -0.0315824 
1.47808 0.519542 0.647866 -0.529949 0.274917 -0.151761 -0.460778 0.0404288 0.0681632 -0.199328 -0.0130407 0.0896749 
