1.43504 0.170154 0.815517 -0.378013 1.24474 0.183977 0.668026 -0.0663877 0.316995 -0.473991 0.152952 0.0533201 
1.53513 0.339406 0.89514 -0.283825 0.92534 -0.47993 0.399655 -0.0340016 0.526222 -0.19775 -0.0750103 0.0848727 
1.51441 0.0334047 0.836822 -0.820372 0.676471 0.378126 0.729671 -0.129583 0.55449 -0.276253 0.0660542 0.0733417 
1.48006 -0.0298654 0.724356 -0.182491 1.64529 0.12433 0.755871 -0.711623 0.779072 -0.0718358 0.121095 0.0205185 
1.23608 -0.290776 1.42422 -0.784548 1.28619 0.137887 0.644742 -0.731768 -0.0360617 -0.0952751 -0.074065 0.105457 
1.49007 0.377395 1.54321 -0.35098 1.0221 0.00961421 0.857713 0.15928 0.209007 0.0382879 0.220002 -0.0257809 
1.26487 0.351062 1.09476 -0.184092 1.51781 0.319197 1.0921 -0.351867 0.561303 -0.307346 0.0592969 0.0144054 
1.57197 -0.319005 1.04144 -0.41204 0.514187 -0.219598 0.587097 -0.277203 0.177208 -0.381605 -0.0598504 0.0336345 
1.38933 0.123614 1.34828 0.34262 0.960565 -0.220787 1.0665 0.295522 0.315571 0.130903 0.0961191 0.0178565 
1.54081 0.0993704 1.38445 -0.438721 0.367304 -0.506588 1.11627 0.467773 0.360325 -0.0449739 -0.117501 0.044054 
1.65366 0.365609 1.68935 0.0101476 1.00399 0.187631 1.95725 0.451939 0.65317 -0.062117 0.146548 0.0334168 
1.52371 0.622969 1.12952 0.104398 1.3679 0.0672212 0.9833 0.112467 0.743568 -0.100223 0.185646 0.0441407 
1.34879 0.917214 1.38452 -0.41631 1.04024 0.26076 0.893614 -0.184164 0.447234 -0.183114 0.105118 0.0852034 
1.40331 0.651091 1.74228 0.699774 0.489972 0.659944 0.842007 0.387573 -0.205242 0.0957247 0.208016 0.123264 
2.48854 2.37591 1.87286 1.81329 2.01915 0.962262 1.34537 1.14105 0.889854 0.517947 0.217267 0.0710514 
2.77434 2.2765 2.0679 1.83282 1.50766 1.20505 0.895181 0.605506 0.411713 0.30152 0.162008 0.0416279 
3.48887 3.15519 2.79807 2.30658 1.60898 1.04399 0.751197 0.627494 0.566859 0.500752 0.42787 0.0952638 
3.16718 2.62811 2.25052 1.97455 1.67584 1.12989 0.687386 0.749987 0.918263 0.715664 0.414116 0.0803234 
3.08277 2.53535 2.32622 2.15486 1.77129 1.18793 0.76067 0.657131 0.730883 0.630968 0.36382 0.0642502 
3.60284 2.78031 2.71186 2.90056 2.05453 0.7683 0.293673 0.451144 0.604154 0.502692 0.385182 0.0832599 
5.77245 1.9035 1.89839 4.69848 2.70122 -0.169899 -0.359014 0.440077 0.97672 0.540441 0.232374 0.0976204 
4.52369 1.91684 2.26452 4.24583 2.69144 -1.61009 -1.30719 -0.0770553 0.125634 -0.208291 -0.371361 -0.0387673 
4.34808 1.90358 2.1283 4.2658 2.43346 -1.1212 -1.66208 -0.587948 0.313878 -0.0904555 -0.225154 -0.0517095 
4.562 1.42262 2.66257 4.95199 2.79112 -1.78668 -1.46944 -0.479937 0.450416 -0.00343299 -0.101791 0.00477286 
4.07164 1.70943 2.10888 4.07913 2.51017 -1.60868 -1.71559 -0.559674 0.620107 -0.0358102 -0.0477605 0.0124239 
4.50134 1.73569 1.44988 3.57939 1.97655 -1.94201 -0.669357 -0.351604 0.715968 -0.0798828 0.0729332 0.0845507 
5.6233 1.17419 0.403196 3.57727 1.86001 -2.90198 0.790829 -0.245347 1.27569 -0.138264 0.0950583 0.0819246 
4.8904 1.29459 -0.279623 2.37383 0.750044 -1.80336 2.1997 0.819226 1.45955 -0.213569 0.364705 0.0892094 
5.00786 1.73916 -0.658714 1.75177 0.785227 -0.587295 2.26714 0.656614 1.62079 -0.0994504 -0.0419452 -0.118187 
4.71537 1.48018 -0.162208 1.8519 2.13961 0.0745421 2.26764 0.947148 1.5746 -0.402542 -0.307481 -0.0405257 
4.33586 1.34032 -0.818572 2.59857 3.66514 0.700765 2.4396 0.505384 1.83573 -0.837771 -0.267049 0.0180487 
3.92155 1.06208 -0.57678 2.80858 4.03259 1.55273 2.42815 0.885397 1.31049 -0.550399 -0.158417 0.0964001 
3.42156 0.761724 0.252123 2.47469 3.67457 2.27156 1.10949 1.54732 1.03147 -0.251692 -0.192913 0.0819972 
2.94167 0.667215 2.39286 2.54654 1.61315 1.9372 1.0115 1.32932 1.61575 -0.240492 0.00706497 0.131487 
3.1708 2.14307 1.51403 1.42601 2.02 2.16445 1.5203 0.977634 0.583931 0.340713 0.400415 0.0750647 
3.32335 2.17381 1.29134 1.51348 2.09786 2.11495 1.64466 1.09387 0.672837 0.367694 0.323243 0.0710354 
3.52727 1.16166 1.2288 1.9113 1.68471 1.45888 2.64608 1.3268 0.608027 0.302019 0.468527 0.0934499 
4.90336 -0.0746586 0.250426 1.69139 0.624992 -1.503 3.74183 0.990315 1.82134 0.14648 0.285533 0.113192 
4.76822 1.08979 -0.407 2.67147 0.970511 -2.34466 1.99004 1.60173 2.35052 0.066942 0.139663 0.0307809 
4.33377 0.963154 0.400671 2.72318 1.4842 -2.05162 1.69309 1.06533 2.05874 0.566811 0.252949 0.0616002 
4.42017 1.55539 1.12397 3.31354 1.25231 -1.88035 1.28467 1.31149 1.45885 0.379837 0.0548621 0.0523591 
4.822 0.946428 1.08991 4.21871 1.71126 -3.38718 2.02245 0.831795 1.51089 -0.0179981 0.127486 0.107418 
4.41605 0.7429 2.15063 3.42955 0.950632 -3.33497 2.63108 0.574996 1.06029 0.237185 0.220562 0.151381 
3.45912 1.97762 2.49811 2.18328 -0.0290017 -1.57637 1.72237 1.44113 0.657296 0.468792 0.472428 0.0993016 
2.86242 1.96643 2.41691 2.67507 0.702792 -0.445593 1.99187 0.64214 0.418604 0.31246 0.529642 0.0425408 
2.66121 1.58381 2.81684 2.27158 0.107061 -0.401631 2.18096 0.624423 0.347114 0.287372 0.416943 0.00551158 
2.59234 1.03929 3.97975 1.03598 0.389492 -1.34886 2.46364 0.838939 1.62811 0.323115 0.481827 0.213462 
1.31567 -0.292129 4.80419 1.93778 -0.119035 -0.718797 2.37163 1.0754 1.95092 -0.183023 0.253415 0.250268 
-0.40051 -0.196402 4.3297 1.62098 -0.297141 -0.968721 2.92995 0.772402 1.67304 -0.676382 0.0985048 0.0927761 
-1.35376 -0.774737 3.9673 1.09694 -1.19736 -1.81015 3.03571 0.647561 1.183 -0.401742 0.220351 0.06174 
-2.16189 -1.19644 2.75696 1.88676 -0.331288 -2.96596 2.43066 0.267468 1.0981 -0.148375 0.0196561 0.162052 
-2.67203 -2.50132 2.17518 0.543742 -1.37379 -2.62578 2.32777 0.746538 1.78005 -0.194048 -0.127969 0.16007 
-2.60614 -2.5815 1.61018 -0.310569 -1.07472 -2.54284 2.44838 0.955458 1.03308 -0.3386 0.0698931 0.0898691 
-2.38275 -2.47125 0.916734 -0.180716 -2.72817 -2.39406 2.0584 0.70323 1.62384 -0.398911 -0.0160771 0.0993546 
-2.16955 -2.43971 0.744204 -1.33591 -1.89114 -2.47245 1.64099 0.839049 1.42517 -0.389854 -0.0243504 0.146875 
-2.97896 -3.65045 0.848835 0.0941277 -1.96779 -3.53948 1.13158 0.925064 1.6521 -0.397323 0.108311 0.111795 
-3.72557 -3.12639 2.14209 0.304839 -2.79003 -3.20147 2.0666 0.646185 1.56593 -0.457973 0.256751 0.0795346 
-3.34756 -3.21615 1.80003 -0.0651085 -2.85972 -3.11978 1.92155 0.675782 1.86842 -0.468024 0.122651 0.119758 
-3.6363 -3.91267 1.55427 0.134163 -2.52647 -3.22803 2.10921 0.767295 1.78014 -0.378995 -0.155801 0.162892 
-3.14832 -3.4644 1.82296 0.954245 -1.6676 -2.90604 1.4863 0.603909 1.17967 -0.381201 -0.0567343 0.189284 
-3.13752 -2.96012 1.47896 0.259084 -1.55697 -1.47099 2.13821 0.7506 1.08534 -0.483505 -0.0868828 0.11636 
-3.38427 -3.29207 1.35161 -0.391948 -1.34339 -1.4639 2.46076 1.11951 1.01977 -0.178737 -0.458977 0.0509056 
-2.79861 -3.57123 1.35244 0.0873501 -1.49815 -1.73071 3.2645 1.14505 1.062 -0.460553 -0.39372 0.0336265 
-3.70882 -4.4962 1.21331 -0.189456 -1.7419 -1.57805 2.36556 1.22089 1.27393 -1.22761 -0.146087 0.039676 
-3.91964 -3.30916 1.35922 0.264486 -0.935229 -1.41156 2.80814 1.56793 1.1784 -0.474008 -0.28442 -0.0128893 
-3.00459 -4.05167 1.09366 0.596242 -1.1279 -0.768432 3.47688 1.14993 1.09847 -1.16632 -0.115731 0.0659226 
-1.27996 -2.78089 1.93103 -0.134727 -1.79102 -2.03903 2.55118 1.09131 1.40365 -0.436116 0.207329 0.053307 
0.0105723 -2.88686 2.59702 -0.868073 -2.58556 -1.18815 1.85807 1.1094 1.1365 0.176828 0.325671 0.0183927 
1.42456 -1.3756 0.976582 -1.72674 -1.10758 -0.316075 1.57059 0.655479 0.380225 -0.537184 0.363898 -0.0625189 
1.59065 0.504815 0.916851 -0.905953 -0.0250359 -0.207186 0.761386 0.559363 0.293869 -0.356151 0.0549055 -0.0886212 
1.3504 0.228347 0.89421 0.0144623 -0.195975 0.441492 0.7632 -0.83253 -0.233469 -0.179218 0.302799 -0.0367524 
1.23739 0.452509 0.471546 0.12796 0.780706 -0.380321 0.253872 -0.750652 -0.067282 0.197596 0.120211 0.0154877 
1.31347 0.357762 0.35425 -0.482135 1.09683 0.70881 0.56195 -1.15456 0.164372 0.268379 0.122282 -0.0676304 
1.44469 0.720824 0.68864 0.0366499 0.596984 0.236871 0.0953516 0.0405316 0.573174 0.0415431 0.187757 -0.0389709 
1.2447 0.282881 0.441774 0.306471 0.371315 0.316004 0.498123 -0.362748 -0.20693 -0.259007 0.0892568 -0.055718 
1.36655 0.643788 0.36636 -0.169639 1.07671 0.324354 0.688132 0.744988 -0.0575523 0.0610374 0.239298 0.000136936 
1.47343 1.23763 0.713918 -0.298714 0.772293 0.244768 0.575705 0.528307 0.0894208 -0.394193 -0.0814472 0.0109596 
1.71725 0.775195 0.535591 0.678625 1.82775 0.911034 1.06524 0.960555 0.640496 -0.0949398 -0.0307392 0.0286513 
1.66609 0.860074 0.859524 0.337799 1.35044 0.983297 1.45554 0.586669 0.236136 0.492121 0.170825 -0.00735106 
1.32269 0.659943 0.404535 -0.630278 0.792401 0.224348 -0.167617 -0.709795 -0.144226 0.0124013 -0.273588 -0.0658555 
1.431 0.193304 0.790144 -0.468443 0.636863 0.582524 0.679656 0.440786 -0.242744 -0.236553 0.0193426 -0.0685062 
1.11212 1.01264 0.357091 -0.7091 1.24935 0.37829 0.765052 0.129472 -0.367629 -0.305716 0.190463 -0.131486 
1.22419 0.957204 0.8039 -0.165515 0.286627 0.830941 0.752068 -0.14395 0.508183 -0.428291 0.00415181 0.0321812 
1.16463 0.611648 0.485649 0.560687 1.04606 -0.225747 1.43161 0.265244 0.0716153 0.331346 -0.14661 -0.0129531 
1.33119 0.795085 0.712712 0.422684 0.520135 1.2637 0.501838 0.560743 0.14605 -0.0759533 0.205926 -0.0343516 
