1.27865 0.533776 1.46188 0.110733 1.09377 0.261133 1.5344 0.0847381 0.485403 -0.351826 0.0913952 0.00777475 
1.43109 0.469666 1.51147 -0.232399 0.903378 0.215873 1.34614 0.2128 0.929066 -0.26367 0.121733 0.0864026 
-0.76831 2.11726 -0.0553569 -0.0861673 2.37631 -2.0534 2.99129 -1.31724 0.865505 -0.0893701 -0.323225 -0.048503 
0.639343 1.20566 0.572538 -0.447275 1.50872 -1.15742 1.47805 -0.254197 0.763169 -0.399462 0.185204 -0.0489391 
1.34144 -0.321621 1.31121 -0.0797526 1.5794 0.378761 0.626974 0.227643 0.171214 0.192134 0.205389 -0.0360316 
1.0695 -0.172957 0.0885678 -0.332807 0.656691 0.000267847 0.893887 0.378957 1.15257 -0.490845 -0.202424 -0.104892 
1.13243 0.3716 1.23734 -0.227881 0.591981 -0.222149 0.503903 0.0256602 0.712872 -0.0867729 -0.0176859 -0.0171283 
1.41562 -0.215455 1.51567 -0.810303 0.978618 -0.299447 0.250873 0.262762 -0.353114 -0.121606 0.0641097 -0.061871 
1.13846 0.369707 1.1882 0.0789498 1.18752 0.058027 0.527748 -0.324975 0.716621 -0.0566093 0.274949 0.0295843 
1.40142 0.202886 1.3267 -0.656219 1.35457 -0.357973 0.408433 -0.41778 -0.377875 0.0239195 0.115519 0.0398182 
1.01873 0.13148 1.03945 -0.286414 0.593483 -0.31402 0.447356 -0.132577 0.062947 -0.330116 -0.280265 -0.0163675 
1.20441 0.488105 1.4846 -0.256212 0.470501 -0.678848 0.578505 0.287602 0.3451 -0.125052 -0.0130158 -0.0404806 
1.10711 0.34627 1.39112 -0.878603 1.15906 0.450234 1.00788 0.146809 -0.163348 0.0954514 0.0891689 -0.0436825 
1.23732 0.532872 1.40849 -0.723944 0.652579 0.0843726 1.12056 -0.188873 0.0195536 -0.268621 0.0610099 0.0178677 
1.28536 0.262313 1.13215 0.46865 0.698498 -0.0964691 1.31355 0.151793 0.638515 0.0147382 0.334922 0.00140928 
1.38998 0.516817 1.44225 -0.0382978 1.06383 0.399097 0.724428 0.426848 0.568623 -0.389345 0.0531986 0.0236197 
1.4143 0.0276171 1.95844 -0.104208 1.27129 0.0237847 1.23363 -0.111185 -0.161521 -0.279866 -0.182289 0.110998 
1.3755 0.445958 1.71281 0.0825708 0.738723 0.708234 0.366532 -0.384021 0.839394 0.000349125 0.0326774 0.0287926 
1.52077 0.498053 1.47853 0.348359 1.77778 1.09913 1.69342 1.35156 0.497768 0.392671 0.00196647 0.0079344 
2.93981 2.53534 2.35261 2.23551 1.77658 1.68077 1.37573 1.06843 0.668328 0.444027 0.376114 0.0884731 
3.06263 2.66327 2.52971 2.29351 1.87669 1.43783 1.09128 0.809059 0.606776 0.488343 0.317204 0.0662037 
3.18702 2.74278 2.63835 2.3055 1.62146 1.18628 0.951125 0.770402 0.511146 0.407371 0.431313 0.0723211 
4.44075 3.10927 3.0562 3.10791 1.06749 -0.130328 0.973761 1.13944 0.121977 0.0512095 0.535561 0.163236 
3.39805 2.67239 2.43203 2.45735 1.83049 0.954917 0.960996 1.08237 0.666318 0.319677 0.400735 0.0834772 
3.53522 2.7982 2.55074 2.58475 1.81111 0.962334 0.714753 0.73658 0.49007 0.449613 0.40951 0.0847622 
3.14004 2.58519 2.20797 2.0594 1.84086 1.27114 0.806333 0.769311 0.793994 0.586445 0.329661 0.0650794 
3.18131 2.44501 2.28105 2.47667 2.13294 1.24273 0.702977 0.709832 0.84306 0.525906 0.161269 0.043255 
4.41469 2.30524 2.58384 4.02471 2.15466 -1.03018 -1.29607 -0.676199 0.126676 -0.00180492 -0.176919 -0.0321863 
4.05135 1.84252 1.67894 3.77109 2.18947 -1.17386 -1.70377 -0.429454 0.0723882 0.0624549 0.130468 0.0492472 
3.97362 1.69717 1.91598 3.0345 1.94064 -1.16118 -1.49468 -0.660865 0.256593 0.0901848 0.0472289 0.0211604 
4.58085 1.88932 0.952874 3.03206 1.37267 -1.30587 -0.901021 -0.550779 0.570757 -0.205791 0.105168 0.0638939 
5.3657 1.3079 0.49184 2.91394 1.07921 -1.66415 0.114483 0.199132 0.602225 -0.325425 -0.0322895 0.0584144 
5.54447 1.73794 -0.242283 1.66305 0.736588 -1.90258 1.80901 0.57805 0.998852 -0.437343 0.0662607 0.0773837 
5.64649 1.37735 -0.88964 1.51209 1.05565 -1.22742 1.96403 1.27753 1.49977 -0.173425 -0.207203 -0.0716252 
6.34296 0.209845 -1.64341 2.19524 1.46166 -0.416716 2.96272 1.3377 1.4778 -0.483934 -0.220674 -0.0638096 
4.96513 0.886867 -1.32786 2.44095 3.05247 0.244569 2.73129 1.41623 1.43966 -0.769884 -0.379771 0.0392919 
4.48167 0.554789 -0.460455 3.13205 3.41162 1.24229 2.12573 1.83709 0.996242 -0.595969 -0.396479 0.0928521 
4.2294 0.212354 -0.481808 3.03538 3.30266 1.04136 1.72175 2.50027 1.00717 -0.299631 -0.276544 0.120375 
4.32202 2.24511 0.824286 1.17563 1.89409 2.20001 2.00034 1.2647 0.473321 0.153402 0.287203 0.103892 
4.73125 2.60611 0.637472 1.27376 2.12597 1.7179 1.35184 1.4131 0.611027 -0.241728 0.376775 0.158727 
4.59933 2.56113 0.673428 1.05375 2.10272 1.68254 1.40289 1.20986 0.770509 0.154781 0.468583 0.145391 
5.17625 1.31923 0.153177 2.99377 0.570917 -1.14079 3.21904 2.10597 1.7447 -0.213539 0.295681 0.0519589 
5.53869 1.30667 -0.483681 3.54275 1.42007 -2.36236 2.21298 2.1184 1.9781 -0.393114 -0.0527413 0.0312357 
5.37864 1.07769 -0.166359 2.85183 2.4825 -3.61331 1.42991 1.74579 1.48587 -0.0120331 -0.410373 0.0917057 
5.05715 0.595696 -0.0950461 2.97214 1.27584 -3.2142 1.42299 0.704886 1.85775 -0.0260342 0.0499626 0.0656367 
5.08728 -0.101871 0.184673 3.03961 1.0562 -3.52247 1.49085 0.886529 1.82237 0.25779 0.176709 0.109622 
5.13532 -1.00885 0.752999 2.86855 0.829796 -3.27163 2.27384 0.593596 1.37523 0.402609 0.153934 0.130501 
4.65156 -0.425153 0.959576 2.87398 0.212114 -2.71002 2.52413 0.415035 1.25075 0.369623 0.446877 0.0839875 
4.05224 0.683097 1.72019 3.61459 -0.374814 -2.37705 2.05661 1.91891 0.778617 0.561549 0.486591 0.0533393 
3.518 1.40235 1.77428 2.25223 0.3359 -1.71353 2.47141 0.576727 0.803249 0.573342 0.518671 0.0694913 
2.38675 0.404618 3.53176 1.82721 -0.271806 -1.61765 1.8565 -0.195594 1.19918 0.479954 0.291058 0.0932005 
0.268169 0.46075 5.07233 1.19831 -0.137566 -1.42082 2.19302 1.08778 1.25619 0.237667 0.424803 0.110958 
-1.03083 0.564281 4.94913 0.318792 0.301696 -2.10176 2.0261 1.18044 1.47243 -0.230615 0.123019 0.165057 
-0.996666 0.236144 4.29103 -0.225223 -0.783805 -2.55473 2.06089 0.578433 1.02141 -0.205788 0.061625 0.0589223 
-2.55717 -0.551287 3.35916 -1.43554 -1.49442 -3.15158 1.74234 0.29948 1.28661 -0.188332 0.391519 0.0525444 
-3.65913 -2.51436 2.02048 0.183196 -2.26724 -2.98595 2.28161 0.407323 1.50951 -0.413206 0.192956 0.0209003 
-3.79788 -2.64439 1.83241 0.535824 -1.16288 -2.23645 2.0326 1.35113 1.35375 -1.13037 0.388363 0.0328662 
-4.18377 -2.74119 2.13766 1.07857 -2.55943 -2.84621 2.73366 1.38443 1.002 -0.728047 0.455484 0.0632991 
-3.01624 -2.57442 1.4562 0.356774 -0.0809939 -2.45663 2.24035 0.979587 0.992488 -0.507297 -0.0366605 0.133177 
-3.45808 -3.30872 0.770917 0.59422 -0.673045 -2.89491 2.25263 1.15571 1.23783 -0.771088 -0.166244 0.137053 
-3.93883 -3.23101 0.852766 0.0743383 -1.54906 -3.65468 1.6178 1.60129 1.16624 -0.604036 0.131725 0.0784396 
-2.88839 -2.74394 0.868823 0.131739 -0.996154 -3.13856 2.75582 1.54182 1.20695 -0.540744 -0.15017 0.0887742 
-3.68228 -3.86872 0.556103 -1.13424 -2.687 -3.00347 2.34789 1.03604 0.970557 -0.0181973 0.110394 -0.0550034 
-4.24577 -4.18352 -0.0130076 -0.159078 -2.09217 -3.7289 2.32484 1.5045 1.33203 -0.61518 0.103537 -0.0323637 
-2.80104 -3.13236 1.20558 1.1903 -1.32072 -2.63956 1.80862 1.36206 1.10397 -0.912911 0.467353 -0.0256809 
-4.30087 -3.9465 0.29611 0.283101 -2.05831 -2.76692 1.49667 1.7728 1.17237 -0.966541 0.368646 -0.0809035 
-3.21922 -2.8822 0.874473 0.595616 -1.46261 -3.40016 3.02631 1.13421 0.624564 -0.217282 0.125718 0.00426953 
-3.54479 -3.42894 0.70617 -0.551286 -1.85542 -2.94373 2.06696 1.50454 0.858584 -0.720594 0.425878 -0.0601586 
-2.9153 -3.24194 1.2276 0.35419 -1.40129 -2.63883 2.35503 1.97277 0.636585 -0.717357 0.237828 0.0174653 
-2.25839 -1.92622 2.16153 1.42313 -0.350749 -1.57021 2.9945 1.75149 0.631062 -0.318394 0.710371 -0.0734277 
0.216797 -1.05379 -0.281524 1.80282 -2.91655 -0.127873 3.92745 1.07457 0.478152 0.232746 0.514727 -0.163243 
1.02074 -0.0975832 1.13943 0.0804055 -1.14178 -0.555605 2.28655 0.585725 0.845905 -0.0193403 0.73634 -0.128016 
1.26561 0.548307 0.332302 0.0796919 -0.117662 -0.708938 1.22417 -0.0515166 -0.35779 -0.102421 0.11805 -0.0614458 
1.41243 0.252772 0.662668 1.00371 -0.0127705 -0.391519 1.26895 0.4771 -0.375738 -0.0677779 0.0655321 -0.0106053 
1.50932 0.460206 1.0583 0.0249738 0.411297 0.760241 0.720712 -0.238046 0.0558954 0.207898 0.0479091 0.00511493 
1.5722 0.509187 0.725911 0.233849 0.583101 0.849714 1.22062 -0.278299 0.111184 -0.480451 0.0443629 0.0214621 
1.46038 0.558145 0.32515 0.327541 0.642139 0.3703 0.821461 0.476588 0.00912263 0.0182635 0.179195 0.0109016 
1.62114 0.364223 0.546862 -0.33574 0.93257 0.075552 0.601588 -0.582452 0.222992 -0.140229 -0.127812 0.051223 
1.11147 0.0602558 0.562642 -0.284533 0.877907 0.452853 0.360272 0.35565 0.517727 -0.026275 0.0135997 -0.0157833 
1.40208 0.423447 -0.239329 -0.159412 1.04473 0.016385 0.639259 0.0326818 0.187765 -0.028085 -0.220686 -0.0660615 
1.67425 0.356052 0.454904 0.502618 0.57483 0.482882 1.07582 -0.461144 0.487566 0.252426 0.079041 -0.00216739 
1.24622 0.642505 0.88586 -0.119555 1.42072 0.128256 0.604357 0.2841 0.282981 0.166728 0.136953 -0.0538959 
1.21949 0.47139 0.80024 -0.247658 1.25254 0.216011 0.330677 0.0375648 0.406193 0.354105 0.14386 -0.0341028 
1.39976 -0.581195 0.0499768 0.612563 1.36421 -1.219 0.401354 1.3836 0.458324 -0.346875 -0.23714 0.143195 
1.40452 -0.0877087 0.39379 1.50709 0.200003 -0.9457 0.618701 1.37338 0.90687 -0.43583 -0.403031 0.0297277 
