1.40499 0.0707732 1.40872 -0.519473 1.07315 0.0924575 0.417972 0.552491 0.274644 -0.495166 0.123965 0.0369713 
1.37426 0.0714677 1.46635 -0.233485 0.692768 -0.171766 0.854029 -0.13979 0.0389502 0.145777 -0.0423386 -0.0071469 
1.31732 0.0730324 1.31757 -0.0732136 0.883538 0.0684605 0.858249 -0.495557 0.287433 -0.393985 0.0487923 0.0440853 
1.37766 0.114629 1.28195 0.229405 0.525575 -0.806926 1.15622 -0.100264 0.45383 0.0274251 -0.00157853 -0.0228881 
1.24316 0.0396534 1.24824 0.216669 0.972001 0.057389 1.35855 0.142493 0.100254 -0.214677 0.211614 -0.0398049 
1.32494 0.463049 1.4949 0.0466074 1.57315 -0.247377 0.143694 -0.00445244 0.677431 -0.0390705 0.109888 0.00208603 
1.25574 -0.143587 1.07046 0.023929 1.16448 1.33625 1.34055 0.0738337 0.632118 -0.0898503 -0.0515464 0.0127464 
1.51783 0.420874 1.02826 -0.320416 1.36827 -0.488411 1.20674 0.202096 0.119192 0.0359912 0.040525 0.0313675 
1.49317 0.436961 0.657865 0.0291863 0.732571 -0.27627 0.754703 -0.563697 0.426376 -0.337015 -0.139195 0.00811296 
1.37383 -0.00678778 0.741143 -0.332762 0.357817 0.0294257 1.13815 -0.29282 0.188358 -0.391007 0.0395739 -0.0415682 
1.3927 0.160984 0.840174 -0.00928062 0.805135 0.399844 1.26369 -0.341487 0.515829 -0.199467 0.161922 0.0476332 
1.36731 0.755489 1.75866 -0.225217 1.27142 -0.200883 0.397542 0.527077 0.394914 -0.0339835 0.097181 0.00492789 
1.60174 0.631739 1.51779 0.29636 1.36377 0.61034 1.33674 0.434263 0.951256 0.0577783 0.21894 -0.00433969 
1.60081 0.888988 1.92925 0.742848 1.74185 1.15149 2.04699 1.49338 0.845898 0.267317 -0.0386777 0.0441867 
2.66926 2.09231 1.76396 1.51982 1.19559 0.903869 0.849675 0.728318 0.454175 0.32119 0.231911 0.046234 
3.61584 2.90471 2.87138 2.5949 1.08706 0.462361 0.8216 0.675743 0.406333 0.561931 0.458472 0.110874 
3.73265 2.42959 2.93145 3.16326 0.974119 0.203759 1.21858 0.965663 0.288227 0.730832 0.483362 0.106563 
3.39231 2.24483 2.95619 3.06641 0.864973 0.14439 1.16531 0.684046 0.456247 0.813179 0.402035 0.075971 
3.14108 2.27988 2.4983 2.50279 1.41212 0.807643 1.01593 0.912032 0.626122 0.580352 0.417328 0.0708496 
3.33276 2.28069 2.66033 2.71526 1.12388 0.722144 1.24719 0.793202 0.322218 0.620414 0.488406 0.0714323 
3.88729 2.03341 2.70087 3.35325 1.13786 0.0988715 0.754559 0.292103 -0.0169153 0.600638 0.676825 0.117738 
3.27528 2.07041 2.20076 2.67321 1.47763 0.259409 0.330033 0.559148 0.54396 0.44271 0.211914 0.0589423 
3.84493 2.25163 2.29099 3.32568 2.34775 -0.281043 -1.23267 -0.143226 0.49113 -0.0955112 -0.335098 -0.0647136 
5.08586 2.12332 2.68051 4.52809 2.60879 -0.766727 -1.72173 -0.796533 0.690473 -0.127 -0.261901 -0.0285389 
5.97119 1.83514 2.01933 4.74372 2.3478 -1.2784 -0.859416 -1.42828 0.942547 0.0906613 -0.0763055 -0.0136811 
6.07533 1.75366 1.04666 4.79878 2.46165 -2.20157 -0.491725 -1.67973 1.00336 -0.092464 0.101498 -0.00883578 
5.32753 1.84609 0.929 2.87573 0.600477 -1.40582 -0.379299 -1.09257 1.10581 -0.0502323 0.145467 0.0484102 
3.84058 1.75047 1.07262 1.37118 0.316051 -0.815684 0.196967 1.30569 1.00937 0.236999 0.195451 0.0530258 
3.85219 1.44137 0.0289978 0.573583 0.445693 0.0651753 1.19073 1.88025 1.27048 0.342037 0.257107 -0.00205759 
4.26114 0.979593 -0.495181 0.831754 1.54483 0.718925 1.58599 1.96204 1.65775 -0.111785 -0.26206 -0.068139 
5.06158 1.5292 -1.20028 1.31474 2.40291 0.372743 2.28398 1.54623 1.88464 -0.696129 -0.294062 0.0142123 
3.99212 1.24501 -0.266491 2.02953 3.03821 1.67411 1.47208 1.51311 0.987891 -0.651823 -0.157186 0.0760274 
3.91758 1.60374 0.2768 1.42755 2.42722 1.97588 1.78605 1.70945 0.616681 -0.423806 0.0109126 0.0786977 
3.99551 2.14308 0.964767 1.34147 1.99912 2.01375 1.89004 1.44107 0.53064 -0.0288899 0.375787 0.119343 
4.97965 2.95939 0.740484 0.697298 1.83427 2.32282 1.95271 1.11769 0.250599 0.0707987 0.401922 0.181084 
3.52425 2.34635 1.37974 1.51057 2.27489 2.4559 1.73934 0.796036 0.371729 0.406934 0.486695 0.117085 
3.76385 1.76189 0.717983 1.3701 1.2277 0.704594 1.55603 2.09079 1.25643 0.479626 0.433093 0.061607 
4.90499 1.56584 0.0150697 1.82365 1.04104 -1.59669 2.29847 2.3954 1.8003 0.027133 0.0292887 0.0594706 
4.97685 0.925389 0.767674 3.1588 0.362475 -2.86174 1.46867 2.08274 1.77949 -0.0178285 -0.0414317 0.0550845 
4.37452 1.13396 0.722359 3.29163 1.18793 -2.19833 0.922863 1.36834 1.48082 -0.227166 0.139039 0.142707 
3.82969 1.4416 1.71676 2.89185 0.412924 -1.30887 1.68933 0.638747 1.40268 0.237436 0.297941 0.0611086 
3.58018 1.49488 1.95833 3.07277 0.57321 -0.885373 1.36921 1.49758 0.633706 0.223052 0.325124 0.0910495 
3.83839 1.21684 1.55005 2.68572 0.468226 -1.79769 2.12077 0.992 0.695366 0.58024 0.508811 0.0751175 
4.12504 1.7784 2.14135 3.36259 -0.287405 -2.4407 3.31409 0.807559 0.735117 0.347276 0.620881 0.0454992 
3.13589 1.63174 3.38615 1.74572 -0.0257577 0.440966 2.50561 -0.397712 0.749921 0.415676 0.277002 0.032306 
1.38186 0.662362 5.02748 2.39187 0.805439 -0.127923 3.42716 0.0744919 1.11438 0.120324 0.174861 0.181847 
-1.14065 -0.204536 5.3286 2.32259 0.802638 -0.595358 2.6638 -0.0182233 1.37846 -0.205675 -0.036092 0.152635 
-2.33437 -1.21636 4.61964 2.06477 0.47854 -0.34828 1.74585 0.205086 1.15971 -0.782043 0.262178 0.226507 
-3.33805 -1.84965 2.95721 1.16966 0.272768 -1.07299 1.98248 0.104673 1.3107 -0.658261 0.0907378 0.239284 
-2.94721 -2.09881 2.84977 -0.617053 -0.787919 -0.873833 2.07853 0.469896 1.19519 -0.690214 0.160497 0.100459 
-3.45201 -2.19985 2.79582 -0.742008 -1.61225 -0.66344 1.83484 0.556538 1.72179 -0.821013 0.161411 0.0520393 
-2.97025 -2.49372 2.25086 -0.604733 -0.848517 -1.3455 2.43373 0.564506 1.02043 -0.58216 -0.164874 0.154413 
-3.71485 -2.59503 2.38385 -0.188576 -1.47166 0.321196 3.04295 0.695473 1.32692 -0.95574 -0.0062732 0.0636497 
-3.57718 -2.44433 1.85179 -0.926648 -2.09066 -0.0311663 2.09786 0.912175 2.00753 -0.972534 -0.193295 -0.0375331 
-3.18393 -2.74436 2.12193 -1.46683 -1.62638 -0.714543 2.8136 0.776983 1.18873 -0.66157 -0.315518 0.0344683 
-3.41034 -2.92822 2.68546 -0.895195 -1.84929 -1.47331 2.5097 0.850676 1.17667 -0.196929 -0.168006 -0.00198728 
-4.23421 -3.29224 1.03331 -1.6486 -2.09634 -1.55543 2.2597 0.72519 1.55406 -0.696324 -0.114813 -0.0620678 
-3.1206 -3.71474 0.971064 -0.29612 -1.79739 -1.37545 1.77769 1.42769 1.30767 -0.769036 -0.000933054 -0.0102352 
-2.64045 -3.79638 0.71759 -2.37339 -1.46215 -1.60131 2.11491 1.11415 1.38892 -0.47146 -0.428629 0.00882304 
-2.13802 -3.12006 0.426009 -1.79129 -1.86708 -1.05492 1.48384 0.676078 1.68081 -0.394448 -0.103628 -0.0878521 
-1.74913 -3.01436 0.946154 -2.7265 -0.356585 -1.25285 1.26783 1.14413 1.56546 -0.0975863 -0.202898 -0.058994 
-0.970316 -2.74492 1.62402 -2.73422 -0.926409 0.358671 1.71427 0.454817 1.54257 0.0648843 -0.0544828 -0.0767241 
0.417184 -1.76406 1.47072 -2.64068 0.0756181 0.237469 1.94952 0.966248 0.972077 -0.209636 -0.109991 -0.0579436 
1.6527 -0.106661 0.767444 -1.15555 -0.328529 0.117 1.62675 0.97003 0.818862 0.525846 -0.11484 -0.137948 
1.77966 -0.0806131 0.968772 -0.470122 -0.0701799 -0.0967638 1.42169 1.74138 0.945318 0.421302 -0.16619 -0.0999401 
1.50576 0.359441 1.28441 -0.115073 0.312648 0.584288 1.0761 0.598905 0.601663 0.444418 0.133279 -0.0257185 
1.20036 0.573022 1.06028 -0.324214 1.38669 0.384853 1.63774 0.132613 0.16578 0.255028 -0.0034353 0.0205964 
1.33195 0.343393 0.811912 0.359293 0.170303 -0.0980092 1.20514 -0.338627 0.148621 -0.374531 0.130439 0.0584827 
1.45184 0.596048 0.319119 0.364487 0.531732 1.18779 0.78899 -0.217319 0.637778 -0.183643 -0.110896 0.0158858 
1.30658 0.609193 0.962816 0.263969 0.55177 0.0365474 0.889964 0.112323 0.23257 0.0564885 0.349127 0.059237 
1.20898 0.620158 0.56532 0.128972 0.439186 -0.0770914 0.570243 0.0369143 0.123335 0.0246045 0.0215622 0.0746256 
1.02598 0.578651 0.642795 0.381083 0.360066 0.363182 0.54141 -0.156713 0.412897 -0.337393 0.397966 -0.0324353 
1.408 0.839583 0.635678 0.229181 0.684676 0.0656861 0.459955 0.210814 -0.345406 0.319747 0.282844 0.0464389 
1.41458 0.760996 0.881414 -0.387912 0.80444 0.484741 0.470499 0.7863 0.278948 0.188809 0.0326716 -0.0262588 
1.5004 0.629989 0.818386 -0.182281 0.930436 0.807718 0.457261 0.26601 0.644712 0.153986 -0.107519 0.0637075 
1.41239 0.766805 0.644152 0.445362 0.980712 0.792184 0.837699 0.103483 0.699886 -0.0374479 0.142834 -0.0324426 
1.42668 0.978756 0.772077 -0.0394223 0.844229 0.0958176 0.677543 0.534878 -0.442478 0.14362 -0.0368995 0.0459887 
1.444 0.397705 0.657032 0.343292 1.16365 -0.0845664 0.491258 0.237741 0.0529466 0.196768 -0.100949 -0.0473643 
1.30022 0.372225 1.01792 0.0682238 1.13308 0.0421744 0.324772 0.638764 -0.442179 0.127008 0.0520859 0.0388784 
1.49566 0.435148 0.566182 0.973164 1.42373 0.154215 0.534781 0.0277014 0.0267122 0.0686223 0.0605613 -0.0103919 
1.47226 0.458715 1.0088 0.0321022 0.814897 0.658946 0.796979 0.422013 0.238406 0.035498 0.0131865 0.0285019 
1.18823 0.459645 0.986401 0.250706 1.51764 -0.0017575 0.193257 0.859921 0.461265 -0.183167 0.0409426 0.0141467 
1.31504 0.0662817 0.806131 -0.320729 0.873541 -0.604475 0.151325 0.341501 0.236699 -0.213517 0.174163 -0.0395943 
1.0959 -0.00021269 0.323473 -0.324349 0.581062 0.234009 0.197063 0.211789 -0.176629 -0.236589 -0.150278 -0.0150927 
1.0204 0.00673109 0.678718 -0.303546 0.42902 0.517558 0.570865 0.392871 0.10673 0.0883686 -0.0959847 -0.0785235 
