1.04497 -0.1473 1.61396 -0.0947351 1.08894 -0.48678 0.832202 -0.580845 0.142092 -0.509907 -0.117498 0.0198929 
1.33256 0.51103 1.56006 -0.677256 0.761217 0.099596 0.988632 -0.875722 0.111705 -0.0573022 -0.0792954 0.0834652 
1.10878 0.149533 1.60523 0.348757 0.940002 -0.0463547 0.901111 -0.237142 0.481781 -0.186819 0.177635 0.0284615 
1.19488 0.221506 1.27712 0.27802 0.60125 -0.0768641 1.34131 0.0545235 0.504184 -0.156563 0.0920329 0.0186126 
1.29718 0.362435 1.3779 0.220722 1.12 -0.0907797 0.884025 0.0384625 0.638855 -0.164641 0.350786 -0.0103029 
1.31912 0.0112266 1.37401 0.182927 1.06128 -0.490496 0.503488 0.215487 0.280933 -0.167439 0.183246 0.0126843 
1.04358 0.632853 1.11424 -0.0702852 0.858918 -1.2217 0.488883 0.104846 0.366947 -0.41994 0.109822 0.0171496 
0.947144 0.377325 1.15524 0.000350549 0.87148 0.427399 0.534666 -1.1918 0.17658 -0.158622 0.058518 0.00298416 
1.33552 0.760506 1.99843 0.367107 0.932389 -0.224011 1.11115 0.491185 0.952388 0.0363391 0.222365 -0.0170644 
1.37371 0.910675 2.02382 0.349579 1.96806 0.37844 1.745 0.32022 0.625301 0.378278 0.324062 0.0261991 
1.20352 0.871811 1.55953 0.0352531 1.3991 -0.0686112 1.36094 0.112918 -0.126971 0.0828681 0.15157 0.0640167 
1.34248 0.84842 1.74292 0.440597 1.83114 0.178097 1.10879 0.562139 0.589253 -0.047061 0.104077 0.0456294 
1.15034 0.261847 1.14774 0.162465 0.7414 -0.468981 1.70667 -0.0295863 0.340928 0.332998 0.152006 -0.0170175 
1.22405 0.619352 1.30877 0.014302 1.40602 -0.485887 0.211389 -0.48076 0.665845 -0.0732191 0.153855 -0.0490692 
1.18689 0.238092 2.07116 0.311404 1.27839 -0.439955 0.661538 -0.52332 0.403605 0.127252 0.091152 -0.00856019 
1.12586 0.532576 1.76459 0.261143 1.2324 -0.338242 0.343109 0.555538 0.38358 0.163231 0.0782243 -0.049803 
1.58768 0.605112 1.68469 0.216282 1.42578 0.0330562 0.75414 0.316124 0.488148 0.26521 0.25276 0.0173203 
1.29708 0.693783 1.66739 0.00601189 1.35315 0.492043 1.392 0.636177 0.491383 0.0379729 0.22382 0.0163246 
1.65184 1.12492 1.90808 0.573014 2.01138 0.615835 1.50976 0.557789 0.40668 0.424184 0.12994 0.0466622 
2.655 2.14093 2.06269 1.98475 1.69038 1.30925 1.17963 1.1664 0.891049 0.582872 0.33962 0.068292 
2.99364 2.34929 2.25129 2.2988 1.86765 1.06974 0.891495 1.11857 0.956514 0.493951 0.33352 0.0729776 
3.07853 2.39238 2.06961 1.90563 1.4954 0.869435 0.494798 0.40839 0.457235 0.424643 0.306539 0.053219 
3.24404 2.3559 2.39909 2.79869 1.96551 0.573197 0.285226 0.991472 1.18818 0.615434 0.235091 0.0754188 
4.34609 2.25753 1.95475 3.42445 3.16921 0.830143 -0.423209 0.391218 0.826651 0.324259 0.359261 0.0802629 
3.9815 2.46882 2.29028 3.21207 2.77619 1.05235 0.139726 0.507105 0.940663 0.594253 0.296111 0.0637983 
4.16218 2.20451 2.80448 3.73866 3.46131 -0.634752 0.442731 -0.222926 0.698417 0.381271 0.0444015 0.0371471 
5.40065 1.2148 1.92536 4.7551 4.57951 -2.1571 -0.0957286 -1.2569 1.15438 -0.0242514 -0.32618 0.0376519 
4.69849 1.23955 1.91059 4.71906 2.99501 -1.58489 -1.66838 -0.256976 0.804427 0.240504 0.00918706 0.0340484 
3.66605 1.70916 1.48465 2.12558 1.87761 -0.691979 -0.993676 -0.274802 0.470326 0.326128 0.00214642 0.00562997 
3.36132 1.92065 1.23064 2.01727 1.49562 -0.105819 -0.532666 -0.00389959 0.689006 0.112194 0.0363794 0.00516313 
4.81679 2.293 0.628603 1.56166 1.93961 -0.182817 0.151782 0.0813172 0.561823 0.000231388 -0.0127332 0.00938402 
6.63727 1.42352 -1.66132 1.41913 1.94367 -0.892279 1.9467 -0.189415 1.26526 -0.348764 0.0186708 0.0345509 
5.69935 1.20215 -1.90178 0.510153 2.2163 0.125734 1.91279 0.899343 1.49913 -0.0985425 -0.172819 -0.0266484 
5.54776 0.95815 -1.95457 0.723702 2.56757 0.378811 2.53798 1.4101 1.52394 -0.369243 -0.315044 -0.000811559 
6.5753 0.912458 -2.78242 1.97932 3.97224 -0.310016 3.45021 0.734305 1.69213 -0.869529 -0.333686 0.080904 
5.62322 1.06203 -1.31675 1.98093 3.31042 0.758547 2.69934 1.51099 0.936464 -0.641592 -0.340665 0.0836351 
4.23335 1.0381 -0.357091 2.83236 3.44436 0.110533 3.05594 1.12841 1.4385 -0.553037 -0.296959 0.0728672 
4.73524 0.694916 -1.14835 2.53539 4.13851 0.0536831 3.22737 1.33546 1.36785 -0.454816 -0.385754 0.108716 
3.9902 2.18226 0.501634 0.828777 2.13466 2.31772 2.16384 1.33744 0.369064 -0.237011 0.15436 0.0899137 
3.11142 2.02528 1.23018 1.27809 1.96652 2.37966 2.11843 1.23686 0.305369 -0.0182448 0.170966 0.0715044 
2.95396 2.20055 1.61566 1.53564 1.64658 1.68555 1.45384 1.07836 0.648892 0.319302 0.226514 0.0428925 
3.40105 1.56594 1.04013 1.89331 1.12972 -0.362769 0.959646 2.55107 1.89512 0.193509 0.0847374 0.0388613 
3.86202 1.66865 0.560081 1.80164 1.60822 -1.76144 1.57229 1.88138 2.24785 -0.0177055 -0.0411106 0.0654683 
4.45504 1.1959 -0.040261 2.59707 2.36776 -1.85559 1.37868 1.73077 1.74822 0.15216 -0.0229603 0.119572 
2.97649 1.23326 0.806721 2.44153 1.41675 -1.08136 0.556862 1.45617 1.63407 -0.0142027 0.154499 0.0687967 
3.61767 0.582922 0.74509 2.32382 3.04994 -2.51707 0.536341 1.39035 1.91896 0.147703 0.0860902 0.196829 
4.67045 0.841243 -0.298987 3.81386 2.6254 -3.15392 0.567025 1.25754 2.03023 0.0619392 0.0844823 0.201391 
5.29233 1.08288 -0.375431 3.87797 2.72024 -3.64483 1.48345 1.02855 1.76685 -0.298874 0.0269918 0.212936 
4.88639 1.93272 0.654276 3.43479 1.30195 -4.02115 1.71048 1.30727 1.50061 -0.0914625 0.243186 0.247482 
5.59593 1.86862 1.37142 3.9498 2.29202 -4.00168 1.81423 1.6225 1.12683 0.497375 0.18714 0.219427 
3.51512 1.34014 3.55457 2.43835 0.740397 -2.99508 1.60739 0.557031 1.34717 0.274123 0.273828 0.304071 
1.03 0.24823 4.05692 3.64122 -0.787054 -2.18668 1.8853 0.9086 1.39458 -0.379618 0.718138 0.145941 
-0.100362 0.517511 3.43393 3.26812 0.153975 -2.30973 1.88524 1.49846 1.01138 -0.398159 0.518232 0.0903584 
-1.21477 -1.04408 3.5698 3.02895 -0.589229 -2.09781 1.29703 0.250925 0.632896 -0.561825 0.0974271 0.157946 
-1.44367 -1.96089 3.42398 1.36074 -1.78135 -2.68256 2.01129 -0.612017 0.857582 -0.588541 -0.111089 0.243684 
-2.2465 -2.65926 1.63022 0.846387 -1.84725 -3.13624 1.88045 0.651193 0.61182 -0.130164 0.0372945 0.22324 
-2.66902 -3.09623 1.66709 1.04504 -1.02338 -2.89116 1.08023 1.0267 1.21847 -0.484285 0.0791704 0.267618 
-2.32568 -2.44357 1.39115 1.122 -1.91962 -1.98104 1.19276 0.896754 0.787682 -0.183453 0.0224952 0.241993 
-2.64831 -3.35779 0.901241 1.11171 -1.9693 -2.52154 2.17787 1.15717 1.22216 -0.417177 -0.0966286 0.191886 
-3.0641 -3.13178 0.883314 1.61732 -1.63726 -2.77602 2.50132 1.16628 0.971183 -0.610799 0.0378496 0.172104 
-3.33143 -3.63494 0.313007 1.02206 -1.94928 -2.86723 2.07434 1.18877 1.31198 -0.437751 -0.122199 0.144829 
-1.92583 -3.74113 1.60708 1.33807 -1.85416 -1.86184 1.72641 1.4017 0.489435 -0.346254 0.115122 0.130891 
-3.37607 -3.41962 0.56192 -0.923472 -2.534 -2.42317 1.53669 1.6191 0.784349 0.000302048 -0.00671749 0.0808696 
-2.48604 -3.76858 1.10261 0.857704 -2.38242 -3.0216 1.61482 1.34094 1.1694 -0.222023 -0.0034633 0.176542 
-1.82877 -3.17944 0.893214 1.52419 -2.28715 -1.96265 1.56977 0.950975 1.69405 -0.243116 -0.207972 0.18787 
-2.62936 -3.94983 0.149254 1.11761 -2.06255 -3.19194 1.659 1.43542 1.40934 -0.368254 -0.330434 0.161725 
-2.59614 -3.75323 0.349578 0.885844 -1.79647 -2.59258 1.51097 1.14263 1.22219 -0.0870635 -0.589841 0.177814 
-2.98129 -4.42581 0.288467 0.833314 -2.21071 -2.88519 2.21668 0.097191 0.896885 -0.0961752 -0.299073 0.140271 
-2.3251 -3.23398 1.11685 1.4898 -2.2231 -3.51617 1.58627 1.16828 1.1919 -0.0119436 0.0133658 0.186605 
-2.66613 -2.82208 0.258119 1.80834 -1.93023 -4.00886 1.6969 1.1564 1.11247 0.0568933 0.0563249 0.15509 
-1.9135 -2.82462 0.920514 1.98545 -2.07714 -2.47304 2.30537 1.25288 1.82194 0.423082 0.00318252 0.170342 
0.0190991 -0.495026 2.4433 2.07813 -1.72922 -2.01266 3.52942 1.66838 0.906866 0.428964 0.218548 0.091284 
0.662459 0.264004 3.68698 2.41376 -3.34616 -1.23046 3.51326 1.7083 0.433879 1.30183 0.259337 0.0175322 
1.77119 0.2461 2.4185 1.2134 -0.986857 -0.594833 2.07089 1.74802 1.43543 0.374274 0.3944 -0.0424513 
1.47401 0.180106 1.29168 0.555469 0.553006 -0.519455 1.18079 0.965276 0.502703 0.00682341 0.056062 0.035932 
1.32949 0.586636 0.858918 0.989019 -0.247738 0.00284186 0.667523 -0.252084 -0.0014143 -0.0878302 0.128178 0.0229973 
1.56687 0.431513 1.15046 0.85714 0.41068 0.464954 -0.0607589 0.545379 -0.0790787 -0.0984316 0.151596 0.0473507 
1.34395 0.84558 1.37868 0.209956 1.27658 0.388446 0.709786 -0.17954 -0.121612 0.0369621 0.314409 0.0666349 
1.54138 0.379943 0.665579 0.231493 1.43986 0.202597 0.285078 0.447733 -0.557934 0.204502 0.0787899 0.026174 
1.20195 0.256855 1.14844 -0.240698 1.00866 0.552646 0.5014 0.302548 -0.348824 0.34842 0.0507926 0.018124 
1.19267 0.775076 1.09031 0.16853 0.637609 0.21252 0.89223 0.132281 0.326532 0.0174094 0.0708118 0.0311634 
1.0233 0.595857 0.599103 -0.191713 0.563723 0.351027 1.24046 0.133254 0.212122 0.35472 0.318333 -0.0345865 
1.24502 1.02244 1.5376 0.188565 0.630569 -0.242932 -0.327888 0.746109 -0.00483408 -0.0173836 0.0565805 0.0357476 
1.14304 0.627523 0.5169 0.341986 1.43361 0.649476 0.031887 0.106774 0.388292 0.313663 0.0646645 0.00150937 
1.27721 0.622295 0.59698 0.0681528 0.426956 0.128116 0.317623 -0.246647 0.25019 0.004467 0.122152 -0.0576808 
