1.11527 0.702402 1.12926 -1.26929 1.41535 -0.434802 1.20269 -0.357994 -0.102946 0.192502 0.0505094 0.0356913 
1.1079 0.669193 1.78929 -0.165067 0.823957 -0.239122 0.581996 -0.263956 0.816382 -0.0918052 0.224182 0.0594395 
0.821399 0.709237 1.60701 -0.709572 0.684277 0.368773 1.29132 -0.00914483 0.304076 -0.0366319 0.144966 -0.0163375 
1.23738 0.251201 1.58514 0.105095 1.57623 0.137793 1.07189 -0.393 0.241663 0.332499 0.0152629 0.00657555 
0.478262 -0.0769951 1.56874 -0.30949 2.11123 -0.406527 0.475107 0.251834 2.41712 -0.12706 -0.49453 0.0291349 
-1.37701 -2.62675 -1.4174 -5.38182 -0.424411 -2.50284 0.356496 1.20224 3.29634 0.115322 -1.08135 0.0757647 
0.0146106 -0.373632 0.715727 -3.17855 1.60482 -0.56093 0.574392 1.15003 2.52661 -0.108386 -0.856808 0.073425 
0.224242 1.87405 0.384694 -4.79947 -1.13576 -0.619924 2.73676 0.51423 1.96053 0.390963 -0.449454 0.0782741 
1.83797 0.652607 0.276425 -2.47823 -1.47973 -0.427312 1.69035 0.516753 1.58501 -0.153677 -0.208728 -0.0996593 
1.76662 0.203602 0.426256 -2.08843 -0.650521 -0.676142 1.72285 1.35846 1.33874 0.0972726 -0.136596 -0.0959764 
1.9977 -1.00495 1.0598 -0.388361 -0.923424 -1.05651 0.452832 1.7371 0.756747 1.1415 -0.587192 -0.243552 
1.59938 0.221886 0.985728 -2.03392 -0.677416 -0.420589 1.23014 1.0079 0.783853 0.363322 -0.107626 -0.210502 
1.73773 0.439343 1.12202 -2.07131 -0.183049 -0.332659 1.04542 1.34985 0.857529 0.418378 -0.181831 -0.177206 
1.52961 0.498231 0.823944 -1.39582 0.135556 0.110793 1.3015 0.684662 1.26672 0.0692614 -0.0968836 -0.177658 
1.71203 0.30742 1.21871 -1.98096 -0.15725 -0.314416 0.904258 0.971271 0.906123 0.376065 -0.283928 -0.0951157 
1.78806 -0.631068 0.0659713 -1.19414 0.593035 -0.617418 1.48709 1.22491 0.974845 0.176193 0.0534725 -0.191117 
1.46775 -0.776697 -0.124141 -0.364564 0.615651 -0.742808 0.773494 0.991143 1.69478 0.00132351 -0.22547 -0.109938 
1.48877 -0.798783 0.473818 -0.307182 1.37463 -0.7361 0.0310669 1.84425 1.93679 0.195792 -0.220053 -0.133709 
1.43411 -1.35881 0.241213 -0.504603 0.431941 0.157531 -0.0693034 0.58184 2.67333 0.24627 -0.450485 -0.055885 
1.55705 -0.266565 0.774234 -0.633356 1.0195 -0.574243 0.0021511 2.00442 1.62988 0.0242199 -0.309818 -0.192569 
1.55165 -0.154911 0.876347 -0.803693 0.464533 0.0437625 0.793514 1.54085 1.64374 0.520838 -0.224147 -0.148971 
1.29648 0.219282 1.03733 -1.21427 0.643471 -0.289194 1.09005 1.24796 1.99391 0.0819994 -0.0620819 -0.0967481 
1.4377 0.562344 1.39278 -0.591942 0.690305 -0.245118 1.08059 -0.0390925 0.439075 -0.119215 -0.0287514 -0.0315226 
1.07944 -0.143817 1.68566 -0.354546 0.577216 0.0183677 0.204655 -0.916818 0.870769 0.0829855 0.117044 0.000496852 
0.968721 0.669679 1.13822 0.0821824 1.58021 -0.174443 1.20522 -0.849178 0.328638 -0.00931472 0.277087 -0.0252848 
1.11838 0.865553 1.67321 -0.320408 1.05768 -0.703727 0.4193 0.502261 0.530669 -0.0526656 0.0949245 -0.0506316 
1.18728 0.487309 1.12719 0.0867215 1.68733 0.251992 0.630796 0.308405 0.431358 -0.0490271 -0.0158841 0.00728366 
1.26883 0.657163 1.51114 0.0327294 1.28122 -0.472169 0.768733 -0.321595 0.484199 0.14296 -0.187131 -0.0261107 
1.9614 1.25936 2.05689 1.18796 1.58488 0.591735 0.672886 0.99712 0.699841 -0.116628 0.249045 0.0255431 
2.61291 2.06898 1.87503 1.68335 1.51661 1.30868 1.06747 0.844101 0.589863 0.39434 0.235973 0.0483095 
3.14468 2.77319 2.57043 2.44318 2.25733 1.97801 1.56618 1.19171 0.850477 0.54467 0.288351 0.0936609 
2.9952 2.55742 2.37828 2.1178 1.65639 1.21192 1.05295 1.00844 0.852192 0.547421 0.263896 0.0680901 
2.98173 2.39326 2.0632 1.93259 1.7092 1.27335 0.912814 0.745259 0.700069 0.569048 0.335931 0.0605662 
2.99023 2.27138 2.1804 2.30817 1.85145 1.2227 1.00213 0.94368 0.715295 0.505016 0.319278 0.063897 
2.96843 2.18186 2.15088 2.47692 2.17092 1.38571 0.943856 1.05202 1.07397 0.671125 0.239219 0.0630413 
3.59594 2.01703 2.08889 3.29284 2.65497 0.88875 0.325763 0.73781 0.983093 0.786258 0.362015 0.0638062 
3.42484 2.21949 2.25253 2.95298 2.35573 1.09317 0.551907 0.549528 0.725719 0.781555 0.441876 0.0709122 
3.44059 1.95049 2.79761 3.02996 3.29073 -0.528242 0.890118 0.18128 0.859359 0.780341 0.16068 0.0729315 
5.36776 0.660015 3.10776 5.12651 3.4451 -1.9339 0.439455 -1.71633 0.676154 -0.289392 -0.315734 0.0914402 
6.16512 -0.0976489 2.1986 5.23127 3.17054 -1.7003 -0.0610718 -1.49733 0.198452 -0.129827 -0.128884 0.0839551 
6.27548 0.212175 1.34225 4.7504 2.53569 -2.31196 0.306977 -1.3544 0.109571 -0.313222 0.060924 0.110401 
6.59753 0.254347 -0.138373 4.24522 1.69037 -2.65211 1.48479 -1.42183 0.330631 -0.69268 0.297233 0.113326 
5.65857 0.777405 -0.833476 3.19446 1.39807 -2.95885 1.36634 -0.318605 0.916243 -0.743036 0.233817 0.115512 
5.84155 0.505103 -1.57471 2.35403 1.10322 -2.35519 2.09701 0.344278 1.80855 -0.109106 0.304584 0.0149649 
5.98592 0.345367 -2.17936 1.97068 1.69119 -1.44289 2.95749 0.793742 2.33399 -0.31366 0.00172581 -0.054714 
6.27637 0.0141501 -2.34659 2.09058 2.86012 -0.893468 3.46823 1.16509 2.16949 -0.616045 -0.326509 0.0109134 
6.10075 -0.246818 -2.84606 3.24459 4.0629 -0.309675 3.46479 1.14768 1.70936 -1.08676 -0.21992 0.105861 
5.80123 -0.737965 -2.78525 4.76778 4.70429 -0.546353 2.93938 0.979336 1.66859 -1.30664 -0.181673 0.103204 
5.06785 -0.735613 -1.99931 3.87069 4.16403 0.204422 2.79277 1.74859 1.05016 -0.64404 -0.167726 0.13533 
4.88508 1.3902 -0.0618705 1.72782 2.72717 2.2715 2.2094 1.91833 0.354164 -0.518943 0.0612203 0.182147 
6.739 1.34686 -0.725933 2.3873 3.03418 1.35291 1.35887 2.12862 0.907705 -0.139033 -0.106977 0.148561 
4.28373 1.91354 0.532343 1.43525 2.56995 2.44562 1.77299 1.23715 0.572621 0.203204 0.242524 0.0933496 
3.42085 1.8429 1.40903 1.99986 2.04216 1.7214 1.49112 1.41428 0.764532 0.289675 0.24823 0.0658195 
4.54141 0.959534 0.262704 2.49193 1.51688 -2.10011 1.38942 2.20637 1.79107 0.158203 -0.00955535 0.0979678 
4.32046 1.13829 -0.00224446 2.75881 1.98145 -2.65894 0.903576 1.60115 1.89214 0.153524 -0.0784897 0.111492 
4.42147 1.10953 -0.0791874 2.82102 2.73293 -2.24961 0.289295 1.36263 1.89341 0.327763 -0.0348879 0.124025 
4.61488 0.987182 0.29 3.6123 2.59978 -2.27009 -0.120024 1.25768 1.92333 0.282772 0.0232631 0.140916 
5.53703 0.706828 0.351216 4.44386 3.43311 -4.17705 0.888688 1.34878 2.17619 0.0805897 -0.20103 0.226184 
3.90638 0.636356 1.36035 4.59566 2.26684 -2.43821 0.13084 1.63367 1.22106 -0.0694039 -0.0323592 0.16114 
4.51503 0.775969 1.11538 4.61131 1.68981 -2.95267 0.724189 1.97265 1.11141 -0.121293 0.0223058 0.172498 
4.87829 1.70614 1.47732 4.44289 0.867947 -2.92565 1.0738 1.302 0.788147 -0.12463 0.238373 0.141292 
4.48304 1.90203 2.24472 3.90733 0.594483 -2.67036 1.01951 1.91228 0.756877 0.534371 0.45458 0.227077 
3.49815 0.458399 2.91896 3.61869 0.13814 -0.800191 0.601178 1.0808 1.91466 -0.0281238 0.323864 0.23664 
2.26433 -0.148074 3.31288 3.93741 1.2942 -1.65111 1.39043 0.688527 1.95769 -0.413201 0.172246 0.192118 
0.995388 -0.346065 2.90301 3.27812 0.417671 -1.90315 2.05691 1.57849 1.64416 -0.207201 0.407013 0.0499241 
0.255211 -0.111116 2.53467 2.71233 0.00989236 -3.10526 1.59732 0.528418 1.26595 -0.381841 0.240258 0.00842865 
-0.713433 -2.03552 0.835951 2.00686 -0.62185 -2.7108 0.216493 0.379532 1.23052 -0.539652 -0.20606 0.0569619 
-0.733003 -3.15097 1.39999 2.04888 -0.970549 -2.7662 1.22252 0.920439 1.7792 -0.79439 0.123097 0.119687 
-1.72527 -3.16285 -0.508329 1.78762 -1.12473 -3.03778 1.69978 1.21349 2.02616 -0.271222 -0.254082 0.111311 
-1.91575 -3.21843 0.426639 1.36413 -1.56557 -3.16805 1.59841 1.90794 1.78418 -0.442084 -0.0670727 0.108412 
-1.52321 -3.69779 1.2756 1.91218 -0.916372 -2.3712 1.46497 2.22756 1.70942 -0.0813264 -0.0516165 0.150162 
-1.69356 -2.67099 0.879236 0.889519 -1.34326 -2.71842 1.93961 1.34691 2.08546 -0.0914136 -0.0466963 0.114081 
-1.50751 -3.24158 -0.140026 0.717184 -1.25962 -3.08124 1.53994 0.86405 2.27693 0.000199067 -0.127225 0.0219185 
-2.08602 -3.68565 -0.301289 1.15988 -0.99448 -3.5133 1.489 1.34048 2.35217 -0.243303 -0.331465 0.112343 
-1.58973 -3.87946 0.622624 0.313414 -1.01322 -3.02491 1.45852 1.34652 1.78107 -0.215455 -0.00748421 0.00551123 
-1.87331 -2.92353 -0.138192 0.345424 -1.00965 -3.70043 0.898307 1.46656 1.73751 0.207753 -0.13696 0.0979436 
-1.70955 -2.96585 -0.0612923 0.218179 -1.95183 -2.72173 1.15805 0.972928 1.53255 -0.0317553 0.0132098 -0.0140715 
-0.875347 -3.99585 0.0141744 -1.62053 -4.07547 -4.21116 2.42909 0.901962 1.86242 -0.211804 0.182173 0.0813294 
0.110274 -4.19201 0.197716 -1.37796 -3.72094 -4.16707 2.03542 1.01027 1.78614 -0.230857 0.011861 0.119289 
-0.323141 -3.67562 0.421672 0.125605 -2.57213 -2.82127 1.85024 0.766442 2.25587 -0.546109 0.0285137 0.054536 
-0.176314 -3.36209 1.06345 0.00194001 -2.56594 -3.53441 2.37517 0.622872 1.74094 -0.140273 -0.115515 0.129043 
0.397642 -3.73346 1.1161 0.738301 -1.99501 -3.73786 1.95961 1.25573 1.82753 -0.579828 -0.0632399 0.129564 
-0.507705 -4.34571 0.032501 0.532094 -2.28999 -4.20111 2.23312 1.23411 1.53262 -0.220105 -0.0956574 0.0630313 
0.249124 -3.02812 2.8275 0.298804 -2.86767 -3.65237 1.41215 1.4321 1.45056 -0.734265 0.18091 0.122591 
0.618919 -3.43048 2.10758 1.36645 -3.64549 -3.71325 2.02953 1.42098 0.954977 -0.554894 0.173691 0.0572233 
