1.69448 0.182798 0.644151 -0.432577 0.114458 -0.519321 0.651214 0.790054 0.564512 -0.117952 0.0472875 -0.00655429 
1.29716 0.772896 1.194 -0.248206 0.464943 -0.358803 1.81816 0.481336 1.06809 0.170967 -0.031891 -0.0466176 
1.97537 0.71655 1.63913 0.310793 0.27676 -0.28307 1.1038 1.01627 0.676749 -0.236339 -0.0336918 0.0258227 
1.63316 0.418487 0.942999 -0.422915 0.856798 0.114651 1.26485 0.371288 0.660958 0.153153 -0.0516107 0.00921447 
1.74376 0.26919 0.91741 -0.90496 0.13055 0.444306 1.64885 -0.0382316 0.279709 -0.240742 0.103793 -0.00847503 
1.58432 0.267112 1.41146 0.202221 0.960096 -0.129599 1.16272 0.190673 0.330817 0.184331 0.112004 0.0367054 
1.63898 0.796598 1.17496 -0.224238 0.330822 -0.208974 1.29916 -0.120456 0.910232 0.258167 -0.0106215 -0.0318 
0.956911 0.54323 1.12345 -0.220913 0.490432 -0.269265 1.02638 0.50799 -0.0620876 0.287235 -0.2987 -0.0407414 
-0.996261 3.66997 -1.79472 2.89223 -1.10357 0.776354 0.0270449 -0.442169 0.616789 -0.340801 0.206397 -0.141779 
0.139508 2.66599 -3.67571 -0.490274 -2.04143 0.916917 1.92321 0.380994 0.85542 -0.348525 -0.00476204 -0.133919 
0.626051 2.58775 -5.49519 -3.23063 -1.75142 2.24694 2.94735 0.185408 0.81385 -1.12696 0.0364623 -0.0721375 
2.1164 -0.28776 -2.09144 -2.3687 -0.139917 1.08419 2.07632 0.375223 0.208503 -0.941615 0.205423 0.0503627 
1.63546 0.043477 -0.297253 -0.382794 0.566299 0.30686 1.61425 -0.0848541 0.263678 -0.508283 0.389669 -0.0119311 
1.51202 -0.557169 1.36319 -0.149401 1.27254 0.342604 0.494674 0.403556 -0.113782 0.133114 0.0423451 -0.0396267 
1.55725 -0.123629 0.934067 0.441727 1.33156 -0.487231 1.33959 -0.06783 0.208779 -0.52214 -0.106534 0.104787 
1.40093 0.629566 1.12796 -0.887536 0.593654 0.10982 0.747708 -0.657562 0.272603 -0.118966 0.168027 0.0277092 
1.17994 -0.0471187 0.300377 -0.258801 0.486763 -0.898504 1.31227 -0.625384 0.117165 0.300828 -0.0050782 -0.0109715 
1.37268 0.275098 0.766123 -0.502399 0.633779 0.520002 0.630312 -0.0390972 -0.12932 -0.496878 -0.257612 0.0160587 
1.23158 0.0266774 1.38344 0.100977 1.14087 -0.282416 1.4564 -0.190455 0.203618 -0.0826084 0.18042 0.0543842 
1.22589 0.0710635 1.29577 -0.139672 0.376056 0.155546 0.743514 0.276695 0.449969 0.0572166 0.111924 -0.0563201 
1.31997 0.0419028 1.62734 -0.580083 0.379857 -0.373998 0.479202 0.107303 0.123321 -0.463576 -0.0486115 0.0994031 
1.00579 0.656806 1.0889 0.50461 0.901585 -0.867357 0.218259 -0.400133 0.0227993 0.0876329 0.334885 0.0746484 
1.3109 0.152593 1.66632 0.338412 0.494214 -0.308267 0.809481 -0.347881 0.334188 -0.0979935 0.291416 -0.0064472 
0.967295 -0.106567 1.11182 0.277895 1.36903 -0.746705 1.09773 0.0115945 -0.149053 0.11574 0.306449 0.0102113 
2.22684 0.671914 -0.213543 -0.180496 0.224337 0.0117279 1.2515 1.25738 1.02081 -1.50661 0.782938 0.0176076 
4.56002 1.57914 -1.30227 2.08912 0.696916 -0.225082 2.82353 1.84238 1.98659 -1.2966 0.0763277 -0.0210217 
4.7561 -0.57757 -2.47897 2.74152 2.62402 0.485263 2.82934 1.79274 1.62072 -0.804826 -0.089172 0.0492557 
3.82222 -1.35375 -1.95016 4.83217 4.74339 0.255686 2.97008 1.00577 1.15485 -0.828938 0.139878 0.232828 
3.6927 -1.44237 -0.600205 3.45955 4.00695 1.3724 1.82292 1.68259 0.459844 -0.410388 0.0357264 0.206631 
2.61466 -1.06202 -0.311652 3.45846 3.85927 2.10916 1.50087 1.46019 0.338717 -0.447133 0.0126612 0.210837 
5.38173 -1.36789 -0.725377 3.74784 4.45961 1.6794 0.832994 1.54761 0.280002 -0.394606 -0.0287487 0.190297 
4.00421 1.03784 0.640072 1.70759 1.55716 0.18058 0.167848 2.08684 0.835108 -0.448017 -0.0132137 0.0680228 
4.13387 1.80778 0.899938 1.59261 2.66775 0.561652 0.0924088 1.32151 0.00173053 -0.819107 -0.163944 0.0275184 
5.50084 1.40349 1.32191 0.649867 3.92075 -0.695135 0.144262 1.51887 -0.478656 -0.906533 -0.460951 0.0811764 
3.48918 1.75582 1.24606 1.52043 2.0447 0.253898 0.176871 0.935501 -0.056788 -0.744933 -0.328209 -0.0485234 
3.31466 1.4277 1.08131 1.50671 1.93974 0.594687 0.119579 0.421133 -0.259513 -0.786408 -0.197862 -0.0325428 
3.98349 1.62447 0.445027 1.17913 3.01269 -0.419988 0.0185249 0.595135 -0.178887 -1.17409 -0.279258 0.0178601 
5.19087 1.6131 0.992732 -0.0861573 4.4211 -1.63317 0.280374 -0.0750065 -0.486769 -1.1053 -0.729706 0.169491 
4.86472 1.65252 1.12997 0.297753 3.63935 -1.01662 -0.0394977 0.304789 0.0124096 -1.01152 -0.506534 0.0403283 
4.14655 2.20522 0.84709 1.23654 3.25047 -0.0875048 0.294305 0.396201 -0.0942686 -1.07833 -0.271645 -0.0165893 
4.34308 2.1512 0.983941 1.48597 2.67054 -0.444091 -0.0658869 0.778106 0.210125 -0.839045 -0.177964 0.0218918 
4.26419 1.95579 0.752923 1.469 2.40431 0.213063 -0.258133 0.542901 0.00987329 -0.907344 -0.0102493 0.0514975 
4.23805 2.71725 1.59455 2.41714 1.98852 -0.458778 0.5615 0.464067 0.402618 -0.647007 -0.150208 -0.00463027 
5.64228 2.61679 0.543099 1.53659 4.49402 -1.41715 1.42838 -0.216491 0.347604 -1.0103 -0.634046 0.181137 
4.33118 1.691 0.653148 1.43698 3.24559 -0.162863 0.845929 0.815259 0.189014 -0.879777 -0.22171 0.0925881 
4.05475 1.97721 0.54452 1.23793 2.45496 0.126643 0.970501 0.691796 0.346294 -0.683484 0.0823736 0.0843559 
5.27464 2.31154 0.0311652 2.05553 2.83169 -1.62579 1.84429 0.254213 0.47859 -0.812809 -0.0714699 0.213286 
3.71707 2.27141 1.01952 1.35706 1.50893 -0.537959 1.30721 0.674095 0.528078 -0.772608 0.103139 0.0359071 
3.18894 2.88672 1.94964 1.12846 1.52887 0.32326 0.978564 0.0561285 0.702917 0.105491 -0.0278277 0.00246128 
3.09548 2.96592 2.15769 1.95761 1.3733 -1.22931 0.295457 1.49626 0.820119 -0.614324 0.343833 0.0481911 
0.489251 2.77898 2.21519 4.55117 0.21988 -2.19653 0.300788 1.74765 0.270815 -0.50262 0.693362 3.07817e-005 
-1.01917 1.956 3.0339 3.51942 0.377369 -2.42378 2.18784 1.13892 0.131624 -0.0528149 0.270343 0.201683 
-1.44443 0.647856 2.25092 3.39411 1.69229 -3.18688 3.69506 0.711125 0.561394 -0.54451 0.68401 0.146594 
-1.71118 1.52956 3.89342 3.5347 0.768797 -2.64025 3.65512 0.982786 0.639788 -0.353673 0.860727 0.0276538 
-1.51699 1.06111 3.4177 2.58821 2.18674 -1.71293 2.978 1.57448 0.589638 -0.560634 0.886029 0.0174666 
-1.92991 1.42642 3.23478 2.20382 0.981716 -1.45727 2.79099 1.71833 0.917712 -0.639051 0.819973 0.0218018 
-2.48398 1.6189 3.37625 1.31442 0.596366 -1.81009 3.0968 1.70498 1.03731 -0.60301 0.837811 0.0149226 
-2.85009 0.48038 2.31843 1.96267 1.59406 -1.20537 2.3105 1.26805 0.722011 -1.00797 0.990877 0.0479512 
-2.97349 -0.529014 1.83428 0.977699 0.86737 -2.3973 2.1652 1.21526 0.807806 -0.739432 0.95515 -0.0176991 
-4.63966 -0.647931 2.16082 0.0404508 -0.932909 -2.56416 1.61269 1.1096 0.451725 -0.859931 0.848584 0.0277183 
-4.35985 -0.610343 2.41207 1.46706 -0.355961 -3.52215 1.89307 1.93953 1.01153 -0.588673 0.78644 0.165258 
-4.04958 -0.436904 2.36473 1.58511 -1.5939 -3.19784 2.52758 2.03763 0.971901 0.172979 0.772082 0.191824 
-4.14304 -0.591172 1.57255 1.61909 -1.39495 -1.63566 1.97295 1.61343 0.257838 -0.44445 0.596173 -0.0323647 
-3.48124 -1.45632 1.51723 0.0860429 -2.58207 -3.16411 1.09016 0.770408 0.334897 -0.493244 0.643888 -0.00197977 
-4.7669 -2.32369 2.39215 0.50954 -1.68824 -2.46867 1.55835 0.848186 0.759898 -0.773969 0.315443 0.0807613 
-4.66869 -1.98198 1.63397 1.07891 -1.75531 -2.91928 0.86054 1.05771 0.0275507 -0.722794 0.546807 0.0201004 
-4.37545 -1.98166 1.34539 0.991893 -1.6033 -2.55844 1.01587 1.76883 0.391453 -0.895388 0.618707 -0.0632134 
-4.68276 -1.93464 1.69717 0.892632 -1.88155 -3.22249 0.0246068 0.987151 0.404897 -0.618414 0.475065 0.076235 
-4.25472 -1.7787 1.28701 1.99536 -2.17199 -2.9717 1.19019 0.41861 0.207984 -0.568435 0.462142 -0.0570301 
-3.52629 -1.92424 1.50681 -0.10105 -1.71165 -2.02763 1.65424 1.96817 0.0698119 -0.822997 0.781133 -0.187804 
-3.15933 -1.93613 0.256486 -1.38202 -3.36599 -1.28843 1.39055 1.98461 -0.0993493 -0.964732 0.281536 -0.158431 
-3.19245 -2.26745 0.542786 -0.269943 -2.56247 -2.22561 1.77919 1.84413 -0.321895 -0.592859 0.64128 -0.22987 
-2.66134 -1.0782 1.7329 0.584112 -3.02495 -2.25871 0.627217 2.25213 -0.62223 -0.239397 0.722868 -0.145088 
-2.73001 -0.743238 3.20737 0.527721 -2.88395 -2.22197 1.85005 1.60835 -0.270566 -0.08182 1.04039 -0.287324 
-1.62987 -1.84503 3.51783 0.383619 -3.87923 -0.947754 1.66666 1.54777 -0.858413 -0.514945 0.603443 -0.288167 
0.546422 -0.712525 2.13044 0.442012 -1.55895 -0.120599 1.75943 0.855754 -0.280461 0.152796 0.234885 -0.061435 
0.804039 -0.128954 1.47017 0.146239 0.633041 0.0316147 1.14935 0.0302785 -0.148086 0.445815 0.0277261 0.0214907 
1.38882 0.316564 1.26394 0.256084 0.168694 -0.469941 0.639852 -0.0776425 0.0598841 0.142142 -0.0648881 0.0820097 
1.34538 0.483635 0.36068 -0.0572991 0.684071 0.524098 0.399431 0.628419 0.235105 0.00440923 -0.000788155 -0.000188117 
1.221 0.339943 0.608711 0.11645 0.948717 -0.124633 1.02888 0.617244 0.228471 0.0897829 0.100524 -0.0105777 
1.51928 0.221429 0.0887359 0.401621 0.661917 0.528021 0.3222 0.153304 -0.0280046 -0.325917 -0.205799 0.00800564 
1.43163 0.434803 -0.123965 0.548187 0.307005 0.0594846 0.696939 -0.615624 -0.114446 -0.19377 0.0615567 -0.0201199 
1.32559 0.298514 0.72488 -0.0999643 1.08266 -0.549023 -0.120053 -0.37143 0.0438213 0.0161968 -0.0620582 0.112179 
1.42224 0.669104 0.419391 0.211339 1.0904 0.39298 0.704472 0.668738 0.744978 0.177359 0.0197277 0.0363003 
1.4728 0.594074 0.638469 0.572561 0.150404 0.515236 1.0922 0.0170477 0.492451 0.0466061 0.0597746 0.0391277 
