1.53307 0.447707 1.09462 -0.434572 0.7891 -0.0492968 0.821008 0.283997 0.704009 -0.239009 -0.072839 0.0141763 
1.38631 0.299627 1.06808 -0.707243 0.905207 -0.742976 0.810509 0.266097 -0.00395872 -0.5696 0.228223 0.0239535 
1.12643 -0.147553 1.1532 -0.415126 0.570341 -0.46301 0.750612 -0.572871 -0.0151174 0.0717069 0.199452 0.0298367 
1.48296 0.0329513 0.900089 -0.217896 0.982078 -0.81697 0.686463 0.273453 0.748982 -0.317937 0.11675 0.022923 
0.954132 0.41038 0.525155 -0.54329 1.34608 -0.343422 0.580087 0.0597067 0.391889 -0.293629 -0.116961 -0.0777193 
1.38423 0.151378 1.43361 -0.246331 1.28179 -0.438282 1.0654 0.171419 0.131731 -0.188894 -0.12543 -0.0108101 
1.19656 0.241581 0.564208 0.136885 0.35291 -0.348156 0.902083 0.178291 -0.0146566 -0.203093 0.0995077 -0.0304357 
1.01352 0.154343 1.48407 -0.656877 1.21459 0.266181 1.17291 0.265943 0.659164 -0.121782 0.0250145 0.0572029 
1.44136 0.43944 0.542762 0.0709478 0.479385 -0.260161 0.767431 -0.167175 0.593343 -0.190783 -0.178282 -0.0484606 
1.25454 0.416215 0.89005 -0.143486 0.859616 -0.909397 0.845116 -0.0706975 -0.29736 -0.0049677 -0.0226165 0.0252422 
1.35408 0.242474 1.26917 -0.172053 1.15737 0.312284 0.247604 0.326455 0.355883 -0.146855 0.0824431 -0.0390572 
1.23009 0.42038 1.25754 -0.497462 0.844972 -0.106394 1.03803 0.166869 0.646489 -0.210228 0.0474439 0.0426988 
1.40674 0.3183 1.38956 -0.0712404 1.3177 0.120612 1.42277 -0.0978029 0.64429 -0.315993 0.0248401 -0.0619657 
1.51466 0.217763 1.44257 0.380326 1.3152 0.193901 1.31413 -0.207914 0.0911901 0.0198626 -0.347448 -0.0105429 
1.29714 0.295775 1.08571 -0.812242 0.78573 -0.267361 1.55622 0.474111 0.160056 -0.319928 0.109594 0.0177086 
1.56124 0.550789 0.856316 -0.173046 0.593395 -0.137056 0.701669 -0.173978 0.553955 -0.402829 0.0685861 0.0114626 
1.4235 0.835137 0.812032 -0.566796 0.498835 -1.00689 1.23768 0.194098 0.483931 -0.262582 0.266702 0.0800152 
1.26012 -0.00848449 1.0951 0.393287 0.799015 -0.729208 0.195166 -0.668719 0.33668 -0.251463 -0.0986926 -0.0345724 
1.14433 0.164521 0.926209 -0.702811 0.574301 -0.0830534 1.49824 -0.0243347 0.0955028 -0.479789 0.0710849 -0.0207092 
1.42887 1.02043 1.39516 -0.961881 0.513813 -0.0885145 0.837347 -0.11058 -0.198743 -0.124169 0.0254513 -0.00471416 
1.19629 0.300343 0.7468 -0.227174 1.67499 0.845523 0.684554 0.0596973 0.376078 -0.212949 0.0243639 -0.0458121 
1.13604 0.492235 1.8262 -0.0339514 0.623623 -0.203266 0.583522 0.011494 0.0167478 -0.213456 -0.0198544 -0.061171 
1.44798 0.365078 1.41767 -0.166357 0.674017 -0.48692 1.05312 0.254758 0.0126254 -0.0824758 0.230496 -0.0395862 
1.3555 0.293995 1.23559 -0.0130463 1.54441 -0.344332 0.683987 0.236649 0.490691 -0.12317 0.0900992 0.0163546 
1.08739 0.592206 0.996924 -0.0120279 0.901723 0.194829 1.12735 0.12067 0.427141 -0.179639 0.0620298 -0.0393432 
1.16851 0.581577 1.05439 -0.879089 1.26022 0.217755 1.45491 0.414733 0.0369386 0.23109 0.152381 -0.0595509 
1.22998 0.0869588 1.38109 0.136271 1.18719 -0.743021 -0.157755 -0.183962 0.469188 -0.111271 0.0476649 0.00371084 
1.67854 -0.658203 0.718922 -0.436591 1.54889 -0.261746 -0.210269 0.44784 1.094 0.072822 -0.0746339 -0.0345143 
1.49884 -0.806181 0.743383 0.726215 2.52685 -0.634296 -0.593065 -0.512663 1.29791 0.475722 -0.318899 -0.10162 
1.429 -1.23449 -0.787039 0.396493 2.63047 -0.578263 -0.330757 -0.284295 1.41353 0.197309 -0.394526 -0.139397 
1.67969 0.00992106 0.867129 1.71778 0.193098 0.414073 1.96432 0.571033 2.13933 -0.59529 0.192975 -0.0418979 
2.65371 0.903906 1.30562 1.59723 0.547225 0.157382 1.78684 0.702264 0.888438 -1.25263 0.160071 0.0708609 
4.05255 0.472154 0.119776 1.23225 2.17622 0.0205286 1.18259 1.27687 1.41916 -1.01631 -0.192166 0.0637204 
4.50693 -0.911457 -1.57399 4.0501 5.15093 0.293346 3.19286 0.125267 1.05325 -0.678969 0.0597781 0.241754 
4.82925 -1.33981 -1.28076 3.82436 4.38586 -0.0943614 3.22891 0.0355724 0.928977 -0.588716 0.103441 0.230944 
3.24675 -0.341217 -0.716128 3.15112 3.84326 1.2206 1.912 0.37341 0.374575 -0.532189 0.096615 0.17862 
3.37173 0.118104 0.0681476 2.86049 4.19292 1.71813 1.02526 0.821366 0.163543 -0.32555 0.132225 0.179308 
4.47195 0.599363 0.168213 2.43722 3.0982 -1.05088 2.14075 0.202147 1.21327 -0.744844 -0.231361 0.147366 
4.17512 1.4188 0.130037 2.07299 2.74156 -0.69672 1.83322 0.421246 0.65962 -1.23207 0.0541665 0.195122 
4.3014 1.77982 0.0714308 2.29529 2.71883 0.0359161 0.462413 0.81549 0.414056 -1.01237 -0.0450629 0.11978 
4.08286 1.32923 0.812017 1.49346 3.28701 -0.79072 0.998448 0.558177 0.352152 -1.05981 -0.290597 0.133165 
4.16446 1.88205 0.494847 1.8445 2.91126 -0.696665 0.65003 0.382164 0.44847 -1.21417 -0.110904 0.102806 
4.65603 1.98159 0.53302 1.76711 3.03019 -1.30021 1.15329 -0.406095 0.756974 -1.49797 -0.16056 0.16897 
4.44279 2.10375 0.978063 1.68724 3.06129 -1.68503 0.545721 -0.0376395 0.491204 -1.00939 -0.0549364 0.169649 
4.96372 2.7942 1.03436 0.486312 3.86244 -2.2082 0.437801 0.344215 0.40152 -1.02429 -0.24469 0.233652 
4.16686 2.23442 0.957888 1.30811 2.05728 -0.855644 -0.314924 0.625113 0.366843 -0.509416 0.164505 0.0850301 
4.39176 2.24503 0.741594 1.53724 2.46097 -1.04603 -0.018026 0.223992 0.873092 -0.943666 0.0935449 0.104709 
4.28082 2.42763 1.08729 2.07885 2.26947 -0.900401 0.544315 0.834455 0.39651 -0.84131 -0.0567447 0.0727527 
4.18362 2.54188 1.3514 1.81197 2.32056 -1.37988 0.669617 0.448975 0.619948 -0.668701 0.0951122 0.113996 
4.43707 2.63983 1.4031 1.91423 2.78617 -0.798626 0.652664 0.796972 0.149453 -0.91721 0.0831192 0.133572 
4.64166 2.59226 0.852347 1.76024 3.11704 -1.57386 1.25511 0.183422 0.664962 -1.06534 0.124647 0.249852 
3.53961 2.41487 1.35977 2.48065 1.91852 -0.544111 0.985506 1.22163 0.718085 -0.700276 0.0975995 0.0799151 
3.30413 2.43189 1.97569 2.14878 1.55769 -0.557672 1.53404 0.917314 1.12048 -0.575775 0.354251 0.0928913 
3.53405 2.931 1.78783 2.30011 1.82789 -0.326286 1.98736 0.716359 1.18324 -0.120497 0.417443 0.100228 
3.31215 2.36196 2.16554 2.60206 0.941512 -0.777155 1.94864 1.64862 1.50513 -0.0911444 0.604195 0.156608 
0.418637 1.58548 3.50399 3.63831 -0.542056 -1.63064 2.2176 1.82109 1.1323 -0.383799 1.10188 0.105242 
-0.77588 0.654292 2.91437 3.44167 -0.141171 -1.47276 2.79658 1.30205 0.834526 -0.466326 0.924222 -0.117913 
-1.70501 -0.631047 3.09839 3.17101 -0.732064 -0.938796 2.48988 1.35824 0.330638 -0.549486 0.824037 -0.0605725 
-2.06805 0.712891 2.20125 3.13588 -0.944745 -1.23772 3.32967 1.85841 0.468281 -0.401978 0.655605 -0.132627 
-3.153 -0.0729747 2.08918 2.6342 -1.57607 -1.22389 2.71721 2.06558 -0.00706724 -0.133187 0.752093 -0.110021 
-2.75184 -1.0248 2.5619 1.23552 -1.24385 -1.8689 2.40592 2.50113 0.49534 -0.311989 0.958084 -0.0923504 
-3.04794 -1.38348 1.36394 2.17136 -1.66615 -1.13142 2.28933 1.88958 0.733518 -0.67284 0.525693 0.0260111 
-2.8923 -1.15883 0.731292 2.27563 -2.06663 -0.316346 2.55594 2.15441 0.917794 -0.449684 0.461626 0.0189197 
-3.33253 -1.14173 1.67004 0.973717 -2.24132 -0.927127 3.37344 2.66084 0.661928 -0.253445 0.515638 -0.113473 
-3.81765 -1.59746 1.72168 0.751071 -1.87831 -0.999129 3.29006 2.16372 0.905594 -0.662447 0.552062 -0.0659281 
-3.40811 -1.98454 0.943433 0.257716 -2.95328 -1.99812 1.81573 1.12578 0.428638 -0.833765 0.562931 -0.0455938 
-3.06976 -1.9955 0.379471 1.17364 -2.49234 -1.34288 1.8551 0.746353 0.401278 -0.92372 0.306174 0.0325542 
-3.13254 -1.79287 1.46284 -0.212635 -1.21065 -0.620238 1.44615 0.439064 -0.149856 -1.11683 -0.0393479 -0.076127 
-3.65066 -2.37338 1.39023 -1.97825 -2.49162 -1.83794 2.27895 0.79738 0.653215 -0.612407 0.13565 -0.149546 
-4.12873 -2.35633 0.439542 -2.41487 -2.63791 -1.19824 1.93332 1.68107 0.382705 -0.818188 0.538721 -0.262682 
-3.70125 -2.41029 -0.121378 -1.86273 -3.5692 -2.2333 3.77816 0.24184 0.134325 -0.0474569 0.376015 -0.271827 
-3.62576 -1.64652 0.316238 -1.81706 -2.52254 -1.69158 3.0658 0.637866 0.20221 -0.503877 0.313494 -0.211917 
-3.68181 -1.79641 1.2966 -0.277097 -2.73445 -1.88581 2.26941 1.44945 0.681758 -0.154518 0.517994 -0.250037 
-2.43752 -1.61351 1.71581 1.45631 -1.69937 -2.29356 3.40998 0.765684 0.0223263 -0.615332 0.487588 -0.0879906 
-2.95245 -0.854268 2.62895 -1.66803 -3.45455 -2.2962 3.38211 -0.331108 0.0018915 0.344336 0.251989 -0.318696 
-1.55308 -1.62227 3.13356 -1.4675 -4.03558 -0.396454 1.99601 0.801887 -1.86358 0.349191 -0.271688 -0.333165 
-0.403337 -1.28536 3.68313 -0.40539 -4.53116 0.621067 3.38732 0.613602 -0.437818 1.1465 -0.27587 -0.264308 
0.340187 -2.47367 3.82183 -0.504314 -3.13167 -0.82276 2.05473 -0.803289 -1.42442 0.812859 0.00207262 -0.175659 
0.657403 -1.75877 3.22499 0.713197 -1.55205 0.294939 1.5355 -1.04935 -0.233267 0.945994 0.226239 -0.0749452 
0.908121 -1.57043 2.69881 0.655266 -2.28506 0.071538 2.70076 -1.74233 -0.639882 0.744702 0.121208 -0.0441252 
1.05099 -1.31626 1.86305 0.362191 -0.645974 -0.0370151 1.80763 -1.00404 -0.400344 0.587634 -0.0383889 -0.158737 
0.936564 -0.302159 0.910359 0.524145 -0.310728 -0.217653 0.388179 -0.980916 -0.228197 0.236747 -0.0935805 -0.0430694 
1.25002 0.146197 1.13048 0.322723 0.775693 0.803174 0.910025 -0.389539 -0.00994913 0.255686 0.00662207 0.0500985 
1.3482 0.496534 0.429824 0.467758 1.05743 0.643253 0.404148 -0.30567 0.0221693 0.0717448 0.012091 0.0603626 
1.28884 0.398446 0.405088 0.476954 -0.198128 0.138704 0.098008 -0.476925 -0.0777395 -0.108167 -0.0853768 0.042222 
