1.53824 -0.113494 0.952145 0.185277 1.36688 -0.217485 0.693608 -0.576714 0.200863 -0.325326 0.301929 -0.065125 
2.08562 -1.01303 -0.196217 0.83054 2.30654 -0.486752 -0.551097 -0.901412 1.60371 0.381578 -0.0401836 -0.0967786 
1.37781 -1.38327 -0.162914 1.12298 3.52311 -0.383979 -1.8451 -0.734436 1.45213 0.292595 -0.110595 -0.104104 
1.49551 -1.77647 -0.494387 0.159267 4.20773 -1.00827 -1.74388 -0.0828979 1.25667 0.772539 -0.177237 -0.0420982 
1.18732 -1.68473 -0.0514215 1.05077 4.13869 -0.964936 -1.11987 0.108931 0.978637 0.688983 -0.273096 -0.112474 
1.19747 -1.16242 0.299991 0.758918 2.84773 -0.484119 -0.206489 -0.276451 1.15832 0.654476 -0.22447 -0.15833 
1.49033 -1.64522 -0.160679 1.22027 2.57522 -0.558238 -0.597991 -0.404471 1.27217 -0.00132858 -0.268971 -0.205511 
1.59248 -1.27202 0.125582 0.0256047 2.91376 -0.469092 -0.314964 -0.183849 0.992294 0.481991 -0.401327 -0.114641 
1.25774 -0.508776 0.40927 -0.010356 3.09752 0.606492 0.304903 -0.11893 1.22522 0.280355 -0.282887 -0.110882 
1.06223 -0.247784 0.881011 0.018052 1.24476 -0.0557061 0.380608 -0.568619 1.0986 0.170109 -0.0778759 -0.0689362 
1.37557 -0.262821 0.778308 0.410299 1.25422 -0.457436 0.0281418 -0.210983 0.733646 0.448756 0.185229 -0.159854 
1.2866 -0.384462 0.82137 -0.205683 -0.0178461 -1.06161 0.888049 -0.322801 -0.0242951 -0.13881 -0.0245641 -0.0801901 
1.36859 0.213073 1.73693 -0.0431834 1.16075 -0.337462 1.13288 -0.781004 -0.134165 0.0544833 -0.0247567 -0.0166708 
1.81852 0.180614 1.06178 -0.40937 0.549265 -0.199685 1.83683 -0.334307 0.196177 -0.148526 0.151821 0.0517887 
1.48033 0.0204197 1.4558 -0.142475 1.16225 -0.433586 1.26101 0.0480013 -0.108322 -0.479991 -0.114046 0.0348163 
1.47882 0.560931 1.4791 -0.0596455 0.823404 -0.45082 1.46419 0.173204 0.162645 -0.26336 0.0546632 -0.00791608 
1.39298 0.114304 1.4985 -0.654797 0.762596 -0.570473 0.850875 -0.411169 -0.0985636 0.0817899 0.00578178 0.0236575 
1.41515 0.404076 1.33769 -0.33289 0.624692 -0.00748885 1.04523 0.00323632 0.301994 0.0377258 -0.0426468 -0.0435076 
1.40409 0.531269 0.830802 -0.127851 0.696485 -0.378323 1.27582 -0.497329 0.434015 -0.555751 -0.0066593 0.0595575 
1.35319 0.583959 1.33653 -0.214227 0.615606 -0.179849 1.4594 0.577825 0.485501 -0.408053 -0.0271943 -0.00819936 
1.75652 0.288514 1.26977 0.295374 0.625758 0.26896 1.13389 -0.301233 -0.177004 -0.50842 -0.037102 -0.0144489 
1.30058 0.0855927 1.25924 0.250251 0.468684 -0.0272041 0.631404 -0.209657 0.00288464 0.051421 -0.0682218 0.00632459 
1.20175 0.438802 0.725863 -0.256085 0.522779 0.591586 0.425102 -0.0116919 0.357037 -0.403574 -0.00472481 -0.083222 
1.36719 0.548442 1.16085 -0.164348 0.97603 0.39611 1.06187 -0.483597 -0.0448685 -0.053469 0.0143294 -0.0169812 
1.32202 0.45966 1.49502 -0.306672 0.969414 -0.304104 1.45129 -0.52041 0.454338 0.0286176 -0.0732735 0.0356081 
1.43865 0.226962 1.11093 -0.180991 0.758891 0.302731 0.686373 0.129993 0.100255 -0.182493 -0.0141354 0.00532784 
1.3563 0.691438 0.811518 -1.00689 0.841036 -0.537768 0.682409 -0.337946 0.137941 -0.233104 0.22781 -0.0210505 
1.80987 -0.33906 1.00707 -0.0737896 0.623594 0.327746 1.1144 0.105073 0.719742 -0.262255 -0.118003 0.0835574 
2.92795 -0.193344 -0.165184 -1.46203 0.977651 0.386949 1.5089 1.00348 -0.0632622 -0.373284 -0.0867266 0.0417594 
2.11789 1.00467 -0.106488 0.723739 1.52324 0.10317 1.22461 1.86759 1.07936 -0.737102 0.550515 -0.0373177 
3.83122 0.297866 -0.454381 2.48594 3.01343 1.71473 2.21205 1.27798 -0.1596 -0.583538 0.11609 0.194194 
4.33657 -0.382928 -0.979571 2.83279 4.05348 2.0958 1.85291 1.32773 -0.056431 -0.27129 0.119858 0.200957 
4.86273 -1.43185 -1.51526 3.50757 4.54955 1.83982 2.24292 1.09522 -0.217986 -0.282437 0.322786 0.244554 
4.29041 -1.20717 -0.899837 3.26621 3.70372 1.50885 1.73273 1.23338 0.0609953 -0.404952 0.0282768 0.170341 
3.91592 0.260473 0.19907 3.0112 3.67292 1.08574 1.19577 0.838403 -0.411021 -0.559845 -0.0400716 0.145804 
4.08592 1.23572 0.717907 2.46001 3.80965 0.422828 1.11865 0.686762 -0.602245 -1.27839 0.00176352 0.191463 
4.35275 0.92769 1.06002 2.23237 3.66804 0.311126 1.00773 0.911274 -0.67533 -1.40613 -0.237985 0.156021 
4.75713 1.31501 0.253946 1.26762 3.90752 -0.850361 0.351169 0.594857 -0.85747 -1.14013 -0.362755 0.152473 
5.07376 1.30089 0.76964 1.37599 3.72401 -1.0226 0.341231 0.632063 -0.514425 -0.991913 -0.36269 0.153493 
4.57397 1.41576 0.87721 1.53821 3.24376 -0.791107 -0.104494 0.712257 -0.154287 -1.04535 -0.198602 0.119605 
4.37653 1.88981 0.692382 1.41573 3.21123 -0.889228 -0.289977 0.954621 -0.147954 -1.04555 -0.100367 0.118021 
4.00319 1.42194 1.05561 1.66628 2.58726 -0.832163 -0.658446 1.02349 0.0636241 -0.773706 0.0118984 0.101667 
4.56164 1.65883 0.800575 0.504424 4.03417 -1.16828 -0.299449 1.36302 -0.403737 -0.606367 0.0873674 0.219212 
5.04475 1.62999 0.391823 0.940037 4.12963 -1.33794 0.213969 0.929693 -0.38152 -0.462811 -0.117047 0.268292 
4.76223 1.44082 0.488951 1.00438 3.82014 -1.15518 0.137887 1.19888 -0.43729 -0.550405 -0.219344 0.170852 
4.39794 1.35552 1.18542 1.48061 3.04594 -0.484062 0.382281 0.734131 -0.0259601 -1.11237 -0.102615 0.153883 
5.30185 2.00352 0.215474 1.09466 3.43992 -1.28673 0.202596 1.22905 -0.485705 -0.64466 -0.219422 0.221928 
3.73747 1.89318 1.04066 2.26348 2.52052 0.0728634 0.762098 0.672417 0.0534656 -1.03551 -0.0809943 0.0560365 
3.33261 1.7587 1.55299 2.31307 1.7636 0.230236 0.225782 0.624014 -0.149743 -0.806683 -0.0312415 0.0119973 
3.56908 2.14137 1.76895 2.47288 2.0537 0.256539 0.956587 1.04844 -0.0930864 -0.826247 -0.0901052 0.0159937 
3.9665 2.43988 2.31235 2.93289 1.41927 -0.251878 1.16947 1.48094 0.235378 -0.762831 0.00968957 0.0485004 
3.47651 2.58581 2.72576 2.81028 1.60346 -0.421528 1.16156 0.695678 0.465295 -0.445508 0.295028 0.0848806 
3.21053 2.42798 2.30101 1.93243 1.52119 -0.0114197 1.36011 0.734838 0.857521 0.173647 0.324353 0.0862984 
1.8355 0.56634 3.69029 2.74972 0.178462 -0.234318 2.33899 1.85651 -0.241713 0.102547 0.542305 0.0685261 
-0.26847 -0.317183 3.586 4.05774 0.669399 -1.21895 1.78494 2.78147 0.321825 0.0845121 0.462203 0.0257857 
-1.08857 -0.054803 3.53162 2.46902 0.350017 -1.50374 3.57775 3.08176 0.00872458 0.163756 0.480366 -0.0270946 
-1.50846 -0.35805 2.61934 3.03314 0.47144 -1.21237 3.79379 2.40745 -0.162814 -0.169523 0.57624 0.00448709 
-1.68514 -0.864938 2.86157 2.81684 0.174842 -0.861425 3.43626 2.31936 -0.238357 -0.434909 0.694076 0.0218521 
-1.91535 -0.659044 2.45143 2.78025 0.46368 -1.75147 3.1158 2.15739 -0.199267 -0.248496 0.618435 0.0605769 
-2.12735 -1.33976 2.43489 2.04438 -0.120351 -2.27881 3.31819 2.44679 -0.498181 0.0541384 0.624589 0.0258561 
-2.65057 -1.72677 1.76557 1.82403 -0.129728 -1.52419 3.09309 2.18896 -0.551474 -0.336153 0.621287 -0.0317869 
-2.20763 -1.82602 1.38333 1.45492 -1.50019 -2.84811 2.43203 1.14514 -0.673043 -0.546046 0.699692 -0.141043 
-4.35246 -2.4087 1.37238 0.339956 -2.1694 -3.15341 2.44918 2.15925 0.310279 -0.830171 0.933338 -0.225075 
-4.24982 -1.81724 1.22283 0.914626 -2.42659 -2.33321 3.60898 1.75578 -0.387997 -0.281224 0.706775 -0.306191 
-3.47696 -1.92376 1.06562 0.815174 -1.54853 -2.62122 2.39952 2.21126 -1.12339 -0.286665 0.730465 -0.24001 
-4.20664 -2.36847 0.641543 0.658741 -2.31921 -2.76222 3.07673 2.50829 -0.575406 -0.438026 0.616146 -0.26401 
-4.24889 -1.85954 0.504657 0.9758 -2.07367 -3.41815 3.28451 2.63245 -0.644683 -0.269383 0.620516 -0.228988 
-3.1486 -2.0185 1.14398 0.844227 -2.20616 -2.54423 2.76973 2.39412 -1.10383 -0.487676 0.723989 -0.248498 
-3.84447 -2.22024 0.681097 1.4359 -1.84931 -2.89905 3.30485 2.16038 -0.96225 -0.45458 0.662585 -0.218352 
-2.90568 -1.46797 0.623801 1.34812 -1.50129 -2.45258 2.45953 2.24055 -1.54363 -0.355341 0.54553 -0.222291 
-2.97911 -1.73605 0.69926 1.47138 -1.68054 -2.89412 2.50772 2.09217 -1.25076 -0.197038 0.560284 -0.172917 
-5.03872 -2.96799 -0.685528 0.461101 -2.78421 -3.29274 2.89447 2.57238 -0.472546 -0.548315 0.628185 -0.247154 
-3.75758 -2.29124 0.379627 1.01098 -0.772108 -3.17526 3.01251 2.70636 -0.506878 -0.664882 0.490701 -0.142745 
-2.81895 -1.17546 0.779536 1.18204 0.136534 -1.84308 3.53734 2.3792 0.0751336 -0.260925 0.441942 -0.0348108 
-3.09455 -1.40674 0.830982 0.250022 -1.80427 -2.51483 3.64367 2.42721 -0.16583 -0.183979 0.208452 -0.162035 
-2.59119 -0.712897 -0.137932 -1.79849 -1.13903 -1.7136 2.55884 2.07221 -0.226554 0.352692 -0.437051 -0.127465 
-1.8649 0.26232 -0.484984 -1.40076 -0.145255 -0.77673 3.17548 2.38849 -0.867444 0.437375 -0.395449 -0.0194207 
-0.568941 -0.191807 0.423895 -1.62369 1.10904 -1.7471 2.9599 1.68067 -1.12671 -0.0300602 -0.188214 -0.0534594 
0.171236 0.68078 0.277252 0.192835 1.15372 -0.993644 2.49853 0.412934 -1.32168 -0.0536524 -0.0176109 0.109764 
0.669922 0.342622 0.906054 -0.0207705 1.30166 -1.70355 2.97644 1.20469 -0.879056 -0.185118 0.0426666 0.0914662 
1.0918 0.0211827 1.12838 -0.0700393 -0.0672744 -0.748106 2.59003 0.593119 -0.808399 -0.397429 0.173424 -0.0356988 
0.972708 0.490938 0.234058 -0.429096 0.815698 -0.25524 1.67279 0.292745 0.131215 0.0803157 0.177378 -0.0068433 
1.13923 0.341362 0.974964 0.264528 0.611294 -0.573136 1.05711 -0.159741 0.259466 -0.242996 0.192551 -0.00242775 
2.16341 1.01455 1.90962 0.127318 0.195546 0.0437161 0.0768592 -0.503927 0.258914 0.0836158 0.164589 0.00282954 
1.29691 0.337574 0.902465 0.567573 0.811461 0.469309 1.35436 0.145753 0.294758 0.232149 0.364317 0.068254 
