1.1863 -0.486774 1.07616 0.386487 1.59547 0.357494 -1.05324 -0.432 1.5122 -0.0798432 -0.072562 -0.137684 
1.24049 -0.51491 0.584341 0.18098 1.71381 0.183314 -0.177722 -0.405341 2.02617 -0.203658 -0.213611 -0.146041 
1.56525 -0.491048 0.684372 0.0244602 0.665365 -0.963953 0.577404 -0.0704776 0.403125 -0.279264 0.214657 0.071593 
1.49144 0.00606334 0.778928 -0.236134 1.02093 -0.384525 1.28579 0.46577 0.325052 -0.0600182 0.0668365 0.0315114 
1.38595 -0.286502 1.21192 0.222497 0.703649 -0.589302 0.555435 -1.06077 0.568642 -0.434357 -0.00894604 -0.0549072 
1.51718 0.204955 1.04003 -0.570329 1.12019 0.775668 1.20277 -0.110892 0.653783 -0.000223138 0.0054984 -0.0410853 
1.55546 0.198174 1.34772 -0.378795 1.11631 -0.329506 1.13121 0.65962 0.583869 -0.135884 -0.108907 -0.00161769 
1.34 0.547038 1.26567 -0.703446 0.394479 -0.0971009 1.23709 0.176706 0.327768 -0.103887 -0.052957 -0.0499179 
1.24504 0.564989 0.944197 -0.110347 0.53187 -0.330673 1.04529 -0.12714 0.472774 -0.239927 0.102503 -0.0274787 
0.0952329 2.26374 -0.959714 0.473789 -0.335977 -0.877625 1.83506 0.0838622 1.42179 -0.552206 0.071284 -0.147915 
-1.24293 1.82158 -6.49907 -1.7177 0.141107 -1.63115 1.03871 1.92914 1.75477 -0.637576 -0.00194189 -0.118473 
0.305945 1.33669 -3.82639 -1.47898 0.449415 -1.30527 1.36838 1.28586 1.81185 -0.445911 0.281046 -0.055657 
0.736714 1.92713 -1.90656 -1.47285 -0.418948 -0.286343 1.88141 0.000604004 1.62187 0.00626666 0.372059 -0.144907 
1.09447 0.94361 0.209118 -0.707969 -1.22686 0.503247 1.16641 0.6591 0.928026 0.129856 0.779254 -0.257531 
1.00893 -0.139171 1.46711 -0.568013 0.398437 -0.439112 0.837959 0.0657291 -0.499291 -0.294454 0.155166 -0.152827 
1.20304 0.392754 1.87258 -1.82737 0.377131 -0.083698 0.831547 0.678195 -0.244177 -0.043058 -0.0128872 0.0145392 
1.52165 0.287576 1.22406 -0.931821 1.24067 0.413688 0.862204 0.234366 -0.333881 -0.111596 0.226984 -0.115906 
1.46285 -0.206563 1.66216 -0.517447 0.602772 -0.454348 0.885259 -0.20692 -0.41282 -0.147898 -0.200577 -0.0190218 
1.5847 0.218797 1.60313 -0.575896 0.667897 -0.767119 0.505135 0.0201292 0.331514 -0.0988678 -0.236927 0.0676195 
1.63976 0.0915439 1.93603 -0.362812 1.06934 -0.160818 0.752398 -0.408055 0.198947 -0.20244 0.105964 0.0104294 
1.51715 0.549377 1.43629 0.128048 0.801912 -0.708541 1.13554 0.36025 0.297873 0.0459478 0.0380282 0.0326615 
1.58146 -0.155116 1.80004 -0.00306317 0.52988 0.0340595 1.16607 0.377936 0.298895 -0.247856 -0.0170885 0.031359 
1.63566 -0.00993347 1.93503 -0.38764 1.78926 0.278403 0.888339 0.275656 0.342121 -0.0379111 -0.0510512 0.0938168 
1.39177 0.454171 1.32239 -0.582119 0.911932 -0.254551 0.921017 -0.159838 0.0657239 -0.272543 0.0501505 0.0696676 
1.59874 0.294071 1.25576 -0.268845 0.477233 -0.525937 1.46569 -0.0305571 -0.0312584 -0.154901 -0.183669 0.0035813 
1.57224 -0.19916 1.41318 -0.279233 1.04068 -0.377085 1.48215 0.185526 0.0502432 0.0229122 -0.378333 0.0484733 
1.45598 0.135192 1.28699 0.185439 1.07128 0.0474088 0.627266 0.12096 -0.121523 -0.185765 0.065014 -0.036524 
1.15656 0.513578 1.54596 -0.554665 0.276798 -0.708533 1.0016 0.244034 -0.306786 -0.375496 -0.0606186 0.0345803 
1.31176 0.22917 1.25505 -0.0863366 1.55563 -0.671984 0.322349 -0.178889 0.161468 -0.494939 0.0456437 0.074987 
1.10987 0.308953 1.39605 0.0534356 0.972503 0.48282 1.5955 -0.551279 0.167705 -0.250117 0.0907549 -0.0994404 
1.54977 0.661516 1.54449 -0.407212 0.813028 -0.49226 1.32828 -0.0652059 0.217548 -0.0510922 -0.0200824 0.0385718 
2.50034 0.186167 0.743297 -1.79255 -0.23607 -0.915144 -0.456459 1.857 0.905632 -0.649121 0.0914266 0.118486 
3.67745 1.36155 0.676032 1.96666 0.519999 0.0863468 2.52252 2.64917 1.68613 -0.71192 0.0251166 0.0239241 
4.43224 -0.07005 -1.28992 2.7479 3.96918 0.832233 2.31113 1.32985 0.959014 -0.652791 -0.0541098 0.203188 
3.34273 -0.841146 -0.368198 3.66224 4.24632 1.64868 1.51173 1.50101 0.0356113 -0.346562 0.073171 0.241127 
2.92972 -0.24471 0.307505 3.58483 3.87712 1.97185 1.04659 0.859213 0.17362 -0.399144 0.0756475 0.20052 
3.95334 -0.408242 -0.599388 3.29166 4.19467 2.12055 1.4933 1.28958 0.161719 -0.280176 0.0994275 0.219091 
4.20351 0.670979 0.31409 3.28484 4.03233 1.30267 0.464606 0.410539 0.473317 -0.512313 -0.0632539 0.0912528 
4.14 1.3575 0.994061 1.88938 2.49481 -0.136904 0.972167 0.584079 0.00889521 -0.948169 -0.0972415 0.0792352 
3.94203 1.71403 0.738309 2.47261 2.72186 0.474906 0.60947 0.463923 0.291246 -1.04476 -0.0589699 0.0624951 
4.44017 2.37311 0.850025 1.88496 3.07927 0.167006 0.938136 -0.0631469 0.629671 -1.00881 -0.0622155 0.0480442 
4.57081 2.48492 1.40297 1.45281 3.35001 -0.630985 1.13632 -0.263263 0.700039 -1.15543 -0.0241635 0.146942 
5.00178 2.34967 0.540223 1.98538 3.3721 -1.41454 0.631263 -0.181415 0.678778 -1.14509 -0.196272 0.165071 
4.82066 1.88319 0.410071 1.33684 3.09596 -1.10404 -0.00565823 -0.151513 0.40878 -0.955547 -0.0518489 0.167658 
4.69413 1.92451 0.34256 1.58643 3.1834 -1.50808 0.333249 -0.344004 0.608973 -0.948022 -0.0454233 0.186519 
4.88243 2.20114 0.709712 1.09941 3.46146 -1.49294 0.322602 -0.225641 0.554878 -1.01995 -0.143157 0.195805 
4.82907 2.31885 0.267296 1.1348 3.92633 -1.71979 0.655353 -0.486054 0.535339 -0.778888 -0.175021 0.210784 
4.67754 2.14281 0.113978 1.32805 3.66912 -1.52243 0.191713 -0.28231 0.652935 -0.811645 -0.0724737 0.194615 
3.8708 1.51035 0.3308 1.71543 2.40103 -0.92488 -0.0295289 -0.121864 0.5929 -0.793376 0.0556235 0.118301 
4.79306 2.735 -0.431462 1.45184 4.36214 -1.96591 0.688088 -0.582625 0.760892 -0.717938 -0.0576929 0.276952 
4.73147 2.06784 0.684964 0.704546 4.04462 -1.73701 -0.154565 -0.185006 0.892515 -0.665325 0.0738893 0.279214 
4.48927 1.95414 0.000779122 1.98402 4.08547 -1.68228 0.531369 -0.666822 1.08887 -0.864941 -0.0994868 0.191839 
4.19091 1.70262 0.036864 1.97362 3.9388 -1.2975 0.378326 -0.372143 1.05571 -0.73518 -0.137722 0.133716 
4.44355 2.41678 -0.210357 2.08555 3.63616 -1.54952 0.640262 0.0932713 0.675722 -0.61432 0.041489 0.219769 
4.40811 2.13328 0.363927 2.53113 2.79041 -1.56993 0.88584 0.252756 1.04754 -0.967524 0.148148 0.206356 
4.43718 2.46744 0.924042 2.59718 1.90501 -1.82047 0.820616 0.569627 1.31626 -0.726351 0.393594 0.227467 
4.86212 2.54512 0.888741 4.01638 2.69668 -2.71357 2.16234 0.156364 1.19301 -0.470829 0.249383 0.218584 
3.28345 2.29335 2.99704 2.2257 1.63911 -0.616737 1.77167 1.08039 0.265038 0.0206438 0.592811 0.136643 
2.25767 1.89963 2.35815 3.14473 0.591074 -1.45507 1.84116 1.19936 0.965856 -0.277508 0.527292 0.137841 
0.354976 0.4835 2.10593 2.86139 -0.672626 -1.58427 2.87511 1.90441 1.26115 -0.497154 0.733982 0.0307406 
-1.33059 0.368499 2.15182 3.38501 -0.610674 -2.31884 1.71892 1.58555 1.13744 -0.536885 0.663543 0.0484675 
-2.17729 0.141405 1.04354 4.34081 0.116492 -0.14457 1.78214 2.28928 0.345701 -0.389032 0.309975 0.0316608 
-2.63267 0.655058 -0.231609 3.67151 0.0379357 -1.4524 1.94212 2.32318 0.0920303 -0.294972 0.432288 0.143392 
-3.36854 0.0723295 -0.395256 3.52078 -0.941262 -0.940045 1.68045 2.82139 -0.0238493 -0.318359 0.621811 0.0546317 
-4.1574 0.615521 -0.173336 2.87333 -1.49634 -0.729789 2.07996 2.83031 0.349664 -0.238912 0.632294 0.0137875 
-3.78876 -1.27587 0.314818 1.68708 -1.13658 -1.47893 2.20661 3.16027 0.468685 -0.611964 0.406999 0.0441498 
-3.591 -1.49091 0.414639 0.902749 -0.604288 -2.65218 1.23577 2.34901 0.779362 -0.549705 0.609103 -0.0282663 
-4.00272 -1.72561 -0.11602 -0.333795 -1.06018 -2.25278 1.11908 2.02092 1.31628 -0.770325 0.141242 -0.0714689 
-3.28585 -2.33005 0.497085 0.442278 0.0387998 -2.43925 1.58818 1.25374 0.707854 -0.570054 0.22054 0.0217709 
-3.43348 -2.52442 -0.43723 0.23564 -0.243148 -2.64966 1.57448 1.6655 0.793923 -0.829561 0.345884 -0.123529 
-3.08272 -1.57861 -0.0428115 -0.335263 -0.556511 -1.8928 0.675472 1.60788 0.720491 -0.99633 0.435917 -0.0484242 
-3.75276 -2.88715 -1.84208 -0.167485 -2.11404 -1.62587 1.5287 1.89874 0.253534 -0.778221 0.573415 -0.234921 
-3.2867 -2.03609 -0.746671 -0.649321 -1.5579 -2.91545 2.03968 1.3878 -0.157766 -0.867368 0.695986 -0.14501 
-3.18788 -2.20526 -1.08056 -1.22931 -1.8963 -1.79753 2.42343 1.11528 0.123936 -1.24823 0.500009 -0.0868845 
-3.60799 -2.44754 -1.90216 -2.7704 -1.18546 -1.77257 2.60517 0.874071 0.0569146 -1.17487 0.65876 -0.0106783 
-3.53495 -2.84938 -1.18456 -1.66205 -1.59482 -2.07842 2.27073 1.72781 0.38318 -1.17997 0.627121 -0.185423 
-3.36033 -2.86413 -0.866661 -1.05836 -2.23077 -1.87184 2.15846 2.23801 0.720814 -1.27919 0.446639 -0.245117 
-2.86447 -1.28507 -0.977154 -2.28329 -1.51118 -0.554618 1.49204 1.01213 0.41482 -0.958836 0.63323 -0.147464 
-3.81575 -2.6468 -1.70972 -3.81011 -1.89351 0.108322 2.23505 1.57691 -0.733111 -0.737694 0.789957 -0.193432 
-2.48343 -3.21472 0.93085 -2.26894 -2.83648 -1.68771 1.78867 2.30396 -0.811991 -0.103437 0.245302 -0.154908 
-1.31517 -1.14688 3.19057 -4.00031 -1.50088 -1.29008 1.46004 1.03658 -0.532102 1.0579 0.233302 -0.262991 
-0.807743 -1.74271 4.4357 -0.42277 -1.94223 0.312464 1.38924 -0.698821 -1.02324 0.620114 -0.0935636 -0.0502631 
-0.283736 -1.27199 4.21545 -0.1712 -1.48046 0.105632 0.915453 -0.129792 -1.30187 0.246403 0.156557 -0.152949 
0.710802 -0.0796495 1.8992 0.475978 -0.664937 0.916277 1.20172 -0.99645 0.285925 0.579519 0.0142345 -0.0662615 
0.739682 0.288552 1.10064 0.717704 -0.208988 -0.0703378 0.779882 -0.696398 0.00559606 -0.296934 0.0266356 -0.00439255 
