2.07211 -0.33029 1.02586 -1.41404 0.194782 -1.0958 1.09176 0.689004 1.35694 0.109689 -0.209885 -0.12543 
1.46702 0.194467 0.944708 -0.856507 0.522407 -1.06004 1.44351 0.798191 0.919867 0.213312 0.126347 -0.0615545 
1.80741 0.149196 1.10838 -1.75189 0.510804 -0.414048 0.805825 0.834369 1.52235 0.270036 -0.18847 -0.105463 
1.55964 0.668643 0.80173 -0.370771 1.13488 -1.29993 0.925189 0.467312 0.425725 0.301255 0.142748 -0.0674674 
1.56343 0.18504 1.38963 -1.43799 0.631933 -1.23013 0.619729 0.447533 1.16072 -0.104043 -0.120185 -0.0547159 
1.25916 0.262402 0.913705 0.185441 0.980009 -0.23824 0.937057 0.108866 0.933568 0.19472 0.0897922 -0.00702928 
1.30613 0.107493 1.19499 -0.268796 1.02437 -0.11571 1.06181 0.290675 0.148555 0.367879 -0.0209512 -0.0415813 
1.37102 0.304622 1.42603 0.0240358 0.789703 0.330481 0.798007 0.0149129 0.353249 -0.331818 -0.0301011 0.0661018 
0.718325 1.23871 0.352286 0.711158 0.560388 1.41078 0.180839 0.420644 -0.457603 0.327507 -0.129926 -0.00655585 
1.31091 0.302359 1.12195 0.0948978 1.05327 -0.0745697 0.57668 -0.0722616 0.621268 0.0747373 -0.159228 -0.0324683 
1.35102 0.327049 1.26526 0.245953 0.621968 -0.586094 0.846991 -0.0680763 0.662617 0.0865143 0.291204 0.0349779 
1.28732 0.363069 1.88755 0.658011 1.17911 -0.014837 0.682441 0.150838 0.764132 -0.119153 0.107919 -0.0398436 
1.53869 0.497913 1.33267 -0.681005 1.44043 -1.05265 0.698542 0.459767 0.796375 -0.000923104 0.0215738 0.0806598 
1.25982 -0.0912517 0.84171 -0.361739 1.16748 -0.675124 0.497668 -0.379592 0.354445 0.146676 0.0075466 0.00191267 
1.55034 -1.21623 0.262613 0.17463 2.3179 -0.0244455 0.256176 -0.806509 0.288414 -0.296104 0.0239984 0.0347261 
1.70336 -1.35316 0.22329 -0.263533 1.57329 0.683127 0.346601 -1.00799 0.722282 0.237181 0.0552776 0.0484371 
1.34893 -0.490409 0.478236 -0.055826 1.86689 1.22916 -0.044852 -0.625643 0.543483 0.461125 -0.0954237 -0.106576 
1.23532 -0.439656 0.585566 0.643301 2.48581 -0.0119494 0.506319 -1.02876 1.24258 0.309607 0.215187 -0.0340248 
1.27128 -0.092941 1.10431 0.0517894 1.34844 0.134625 0.958775 0.157182 0.650592 0.198031 0.111463 -0.029701 
1.31547 0.337211 1.41441 -0.407997 1.11592 -0.836465 0.688558 0.19402 0.687963 -0.111677 -0.08837 0.063185 
1.37936 -0.0200645 1.70244 0.172055 1.83721 0.127683 0.946807 0.0191799 0.497881 0.0777789 0.0303139 -0.0683987 
1.05319 0.123393 1.23198 -0.80321 0.966191 -0.0561432 0.430968 -0.690396 0.342468 -0.499727 -0.219247 -0.0256877 
1.0898 0.0697722 1.08268 -0.490874 1.69334 -0.594441 0.126639 0.175488 -0.188911 -0.186801 0.114807 0.0222556 
1.20314 0.355671 1.44295 -0.932594 0.150341 -0.438947 0.738976 -0.376532 -0.396983 -0.313357 0.0597942 -0.0877947 
1.03242 0.293311 1.61466 0.0220656 0.597443 -0.13781 0.90356 -0.0626055 0.444039 0.18445 0.15301 0.0106063 
1.25121 0.191795 1.28859 -0.29668 1.33867 -0.14847 0.327599 0.48592 0.472462 -0.302963 -0.0862677 -0.0260294 
1.27854 0.651867 1.84953 -0.373495 0.731084 -0.253659 0.443706 0.431325 0.524761 -0.0367646 0.191498 -0.00849834 
0.966335 -0.149802 1.17613 -0.341568 0.718363 -0.453344 0.467895 -0.55734 -0.0221593 -0.0529053 -0.227879 -0.0203132 
1.21575 0.36729 1.24062 0.304114 0.940003 -0.500349 0.774014 -0.409786 0.698785 -0.255919 0.277406 0.0143975 
1.05464 0.421245 0.680138 -0.274401 1.16465 -0.165826 0.538592 -0.385373 0.55149 0.0126341 0.0864648 -0.0451263 
0.838898 0.510008 1.33473 -0.392337 1.14133 0.433575 0.62752 0.230636 -0.223081 0.168337 0.0909695 0.0144647 
1.38149 0.745835 1.22958 0.0495733 2.00218 -0.126292 0.567293 0.322001 0.171686 -0.128816 0.233409 -0.0321054 
1.08603 0.310053 1.09863 0.0309768 1.29021 -0.479333 0.763865 -0.25994 0.531315 -0.000256769 0.0457711 0.00392388 
1.14571 0.214711 0.980263 -0.011778 1.13997 -0.381772 0.250102 -0.0684495 0.947537 -0.3425 -0.0422079 0.00982641 
1.03426 0.58625 1.61006 -0.254083 1.12939 -0.324975 0.417289 0.0594683 -0.164079 -0.202076 -0.0998578 0.0191686 
1.5522 0.151338 1.78773 0.140214 1.12248 -0.210537 0.642029 0.721256 0.588422 -0.448691 0.0363627 0.0379214 
1.96809 0.94693 2.05373 0.840268 -0.00368563 0.393942 0.696207 2.88392 0.685144 -1.00389 0.551117 -0.0404206 
3.3686 0.823236 -1.04192 0.884 1.40829 1.26619 2.03568 2.74386 1.6422 -1.01415 0.535076 0.0887237 
4.46815 0.612542 -1.5304 0.370709 2.72622 1.40798 0.929643 2.32286 1.31865 -0.327688 -0.0780114 0.0084525 
3.77983 0.0933818 -0.248889 2.85035 3.51599 1.70497 0.99558 1.47639 0.612241 -0.408016 -0.154809 0.117317 
5.93247 -2.10714 -1.01912 2.87987 4.65276 2.34651 0.676552 1.8333 0.585023 -0.329054 -0.0318514 0.167215 
5.13901 -1.07287 -1.39019 2.84419 4.30917 2.3243 0.706599 1.65641 0.368724 -0.266127 -0.0473883 0.169015 
4.58492 0.175694 -0.231227 2.91011 4.47312 1.65269 0.292426 0.961977 0.541465 -0.240718 -0.109981 0.101787 
5.13559 0.634882 0.0348059 0.90662 2.44739 1.2439 -0.117977 2.29932 0.782912 -0.529309 -0.0861117 0.103246 
5.24803 1.21446 0.577464 0.386397 3.66314 -0.210914 0.33647 1.7221 0.0484255 -0.542754 -0.323558 0.0700256 
4.85249 1.30985 0.67083 0.279085 3.5349 0.204853 0.504832 1.00907 -0.0676741 -0.680639 -0.187222 0.097764 
5.0185 1.81433 0.460389 0.791708 2.68473 -0.226977 -0.0585308 1.36775 -0.226583 -0.883434 -0.0498693 0.154782 
4.56766 2.07252 0.545081 0.657027 2.45502 -0.0195724 -0.346584 1.01679 0.11269 -0.806245 0.020444 0.0879509 
4.37914 2.02063 0.409085 1.04115 2.31107 -0.561688 -0.120014 1.34597 0.667158 -0.589805 0.0482268 0.107485 
4.43251 2.04197 0.821598 1.17089 2.32323 0.313615 0.425665 1.34441 0.447721 -0.687691 0.128425 0.124005 
4.39123 2.18353 0.900428 1.05469 2.01729 0.197637 -0.0457321 1.49918 0.368425 -0.359174 0.320747 0.143436 
4.583 2.11407 0.537449 1.21261 2.51203 0.589482 -0.342608 1.2704 0.759221 -0.479648 0.255231 0.135063 
3.77302 2.20718 1.46582 1.63075 2.01466 0.258425 0.172224 0.791453 0.382102 -0.389547 0.330742 0.0997717 
3.75278 1.8593 0.675572 1.0753 2.34826 0.886002 0.633252 1.17896 0.439782 -0.312213 0.34004 0.112655 
3.90037 2.21631 1.07398 1.16973 2.22279 0.512971 0.914549 1.49367 0.309207 -0.383028 0.354872 0.125485 
3.96979 1.88225 0.471151 1.2595 2.52097 0.894268 0.878902 1.5118 0.320201 -0.302611 0.203816 0.115308 
4.03488 2.56715 0.665078 0.729957 1.56163 1.35265 1.93475 0.996015 0.302917 -0.113325 0.299981 0.108809 
3.23704 2.31214 2.11429 1.96054 1.67518 0.575407 1.68281 1.01223 0.537494 0.31407 0.375214 0.0856044 
2.33779 1.95692 1.87125 2.41664 0.969506 -0.535959 2.86546 1.80466 1.28943 -0.489518 0.858756 0.0862261 
0.913979 1.06388 1.87116 1.64441 0.927842 -0.416604 3.3145 1.7364 0.963791 -0.281112 0.460683 0.0393981 
-0.412869 0.301897 1.6587 2.6928 0.26596 -1.59894 3.20858 2.58702 0.790087 -0.489811 0.520585 -0.0584781 
-1.05403 0.289029 2.14836 2.38987 0.00839579 -0.905646 2.95152 2.71386 0.480016 -0.0932321 0.676336 -0.212969 
-1.63637 0.218584 2.2362 2.84073 -0.18072 0.450269 3.17043 1.94811 0.121978 -0.404891 0.488376 -0.00240139 
-1.93082 0.153427 1.3358 3.92955 -0.162226 -0.475347 1.76729 3.08803 -0.266774 0.00756565 0.414176 -0.0524295 
-2.28675 0.081064 1.56475 4.50061 0.30311 -0.154018 2.15769 2.13882 0.282416 -0.375137 0.563223 -0.0476297 
-1.91965 -0.832578 1.16046 1.85258 0.750092 -1.19014 2.46409 2.03075 0.972036 -0.586136 0.567 -0.174702 
-1.7444 -0.832893 1.01739 1.69042 -0.0458233 -1.81842 2.4924 2.85589 0.893397 -0.385712 0.64912 -0.217755 
-2.47977 -1.60485 0.843003 1.18046 0.337767 -1.62285 2.92013 2.58395 0.785419 -0.597775 0.515356 -0.204957 
-2.89476 -2.14487 -0.0393235 0.529112 0.114858 -1.77806 1.24481 2.1293 0.40345 -0.769374 0.235091 -0.203465 
-3.37073 -2.4049 0.297611 0.316043 0.353996 -1.28037 2.79011 1.50537 0.42922 -0.697796 0.267446 -0.182409 
-2.99293 -2.03977 0.959586 -0.681108 -0.471143 -1.18367 3.1104 1.07865 0.387193 -0.560704 0.388044 -0.206687 
-2.58746 -1.82047 0.784643 0.962631 -1.4667 -1.3026 2.43525 2.22704 0.571281 -0.0474839 0.580696 -0.23923 
-2.78969 -1.97108 1.14948 1.01392 -2.73817 -0.314014 2.127 2.42515 0.374422 -0.287616 0.508044 -0.163941 
-2.88128 -1.87551 -0.100288 0.907752 -2.69361 -1.36363 3.63496 1.53794 -0.670513 -0.577682 0.356381 -0.192824 
-2.78281 -1.79342 -0.285287 1.40301 -2.105 -0.729186 2.49883 1.83823 -0.0216289 -0.785142 0.481107 -0.0949853 
-3.22728 -1.93621 -0.0760544 1.12354 -0.417634 -1.37677 3.09742 2.88842 -0.000562441 -0.623427 0.40765 -0.229468 
-2.25984 -2.05594 0.223993 1.88291 -1.36577 -2.91039 3.07461 2.39705 0.814967 -0.732131 0.452121 -0.11217 
-2.2253 -2.45606 0.906419 3.95736 -0.957759 -1.97296 0.591673 2.55047 0.721661 -0.778932 0.675884 -0.0672659 
-1.44709 -3.07359 0.567644 4.30864 -1.92841 -2.14101 1.23343 2.84438 0.84987 -0.169343 0.415908 0.053041 
-0.521986 -2.67306 1.56468 2.99271 -3.3694 -1.47691 3.48462 1.06295 -0.143545 0.196939 0.5437 -0.104863 
0.599561 -2.65979 1.82886 2.11802 -2.55358 -1.90633 2.92771 1.29417 -0.0805473 0.720466 0.576329 -0.0241279 
0.85687 -0.573843 1.77078 2.41259 -1.38006 -1.72509 3.14094 0.615421 -0.934036 0.206861 0.399984 -0.0139646 
0.832372 -0.719711 1.7224 1.88338 -0.332306 -0.245437 1.10094 0.404733 -0.918253 0.28125 0.639266 -0.000109364 
0.606696 -0.613751 0.990129 1.20414 0.701361 -0.522578 1.62766 -0.240755 -1.03881 0.120899 0.418549 -0.0214617 
0.7366 0.23254 1.16082 0.819489 0.135256 -0.532777 0.314897 -0.118454 -0.252727 0.259285 0.187486 -0.104616 
