2.24108 0.218514 -2.29143 1.02251 1.9239 2.7865 2.7631 1.69917 -0.00199616 -0.602421 0.425357 -0.0151564 
2.72612 -0.651959 -2.20288 -2.8526 0.625539 1.94431 2.39437 1.10714 0.575461 -0.127149 -0.134623 -0.0501669 
3.07284 -0.142788 -1.27219 -3.5144 1.13624 1.87621 3.13414 0.862536 1.07829 -0.289515 -0.191417 0.0374537 
1.85751 0.00534851 0.454157 -1.42901 2.10636 1.0131 2.01603 0.97352 1.05095 0.188519 -0.0742495 -0.14398 
2.01283 0.571983 0.333821 -1.46643 0.100048 -0.00892994 1.41203 1.76264 1.55055 0.0172382 -0.19991 -0.0992841 
2.98641 1.2836 1.63924 -0.747656 0.707429 0.696053 2.10681 1.74562 1.77128 0.538032 -0.215436 -0.0319185 
3.08501 1.35051 0.899922 -0.720875 -0.0525467 0.92934 2.02637 2.08257 1.42475 0.459244 0.078415 -0.0658705 
3.1799 1.18424 1.15541 -1.36929 0.259115 -0.921464 1.51075 1.39182 1.60581 0.251226 -0.202083 -0.0550493 
3.2193 0.762192 0.128266 -2.37111 -1.28893 -2.04666 0.8957 1.32727 1.3695 0.201936 -0.157662 -0.0532486 
2.67017 0.495597 -1.12052 -3.17188 -2.44302 -1.33632 1.05102 1.77077 1.84328 0.466573 -0.124752 -0.0663066 
2.34691 0.193307 -0.859614 -2.61301 -0.675187 -0.0292258 1.33522 1.57962 1.25219 0.515449 -0.0802661 -0.0998591 
2.66364 1.35337 1.18136 -1.30377 0.876517 -1.0172 0.185518 0.499333 0.851252 0.161266 0.394563 0.09374 
2.43521 1.73837 2.72767 0.269593 1.79192 0.184856 1.26653 1.05687 1.39129 1.07234 0.554566 0.088178 
1.98444 0.90385 3.12145 0.787456 2.16538 0.601915 1.97943 0.642458 1.42647 0.563713 0.18536 0.114707 
1.54005 0.534631 2.10021 -1.06731 0.40495 -0.151004 0.553729 -0.239383 0.203379 0.401908 0.0539996 0.0486175 
1.28717 0.238379 1.72724 -0.107013 1.42962 -0.439904 0.596547 -0.633143 -0.262989 -0.240382 -0.165058 -0.0356032 
1.33576 0.149077 1.50789 -0.530982 0.886289 0.281681 0.521086 -0.265604 0.346212 -0.238369 -0.00823557 -0.0244741 
1.40549 -0.00582418 1.55141 -0.855825 1.25395 -0.214026 1.30066 -0.824355 0.0311449 0.15707 -0.106361 0.00239375 
0.881276 0.177247 1.40922 -0.572152 0.753996 0.0571877 1.29294 -0.438651 0.211999 -0.46879 0.0475128 -0.0478148 
1.40026 0.329728 1.72314 -0.0229938 1.32189 -0.420291 0.641681 -0.267609 0.635602 0.101522 0.322015 -0.0488812 
1.11531 0.269903 1.48131 -0.258671 0.503129 -0.325344 0.746456 -0.232332 0.616286 -0.0855727 0.198891 0.0127349 
1.11438 -0.115442 0.920354 -0.248628 0.360802 -0.291257 0.222099 -0.887811 0.257061 -0.0840423 -0.0227392 -0.0500794 
1.31214 0.320039 1.42068 -0.0912123 1.52208 -0.31733 1.27754 -0.104349 0.520048 -0.178461 -0.0119992 0.0741091 
1.33828 0.258576 1.53045 -0.485242 1.15306 -0.637814 0.66815 -0.21268 0.173216 -0.204192 -0.0507616 -0.0652369 
1.34428 0.247363 1.3291 -0.736727 0.767376 -0.00160195 0.19908 -0.138048 0.584201 -0.585922 -0.0597196 -0.0213537 
1.23107 0.040521 0.841761 -0.434425 1.31534 -0.23028 1.06259 0.0968459 0.707348 -0.204976 0.189341 -0.0453012 
0.954832 -0.00866574 1.56276 -1.45766 0.541387 0.390584 0.742956 -0.34328 0.64412 -0.374062 0.0113718 -0.0254452 
2.31409 0.451913 -0.734124 0.333205 -0.895173 0.659743 2.6391 1.46863 1.22315 -1.40082 0.34003 -0.106696 
4.0706 1.2222 -0.821515 2.71011 1.69132 -1.42959 3.55205 1.73445 1.81106 -0.815219 -0.0262294 0.0253036 
4.09631 0.000167977 -1.16814 2.8411 3.51189 0.177833 3.20281 1.0149 0.879456 -0.553517 0.134942 0.170779 
3.63421 -0.312984 -0.880414 2.94023 3.66052 1.65605 1.68405 1.18039 0.203179 -0.199733 0.105954 0.156796 
3.48426 0.218667 -0.259602 2.43137 2.82767 1.75735 1.35563 0.848465 -0.222082 -0.166464 0.307377 0.138804 
3.59565 -0.0211364 -0.155744 2.08569 3.3042 2.28013 2.15842 1.29612 -0.214538 0.00544199 0.270513 0.1543 
4.17996 1.05999 0.673702 2.80898 2.37301 0.156273 0.548963 1.0442 0.711556 -0.261039 0.0202908 0.0787284 
4.03329 1.54326 1.46751 2.47377 1.79497 -1.10472 1.12061 1.1572 0.450216 -0.630268 0.234917 0.162031 
4.08851 2.08803 1.46588 2.50886 2.23613 -0.28245 0.950039 0.615465 0.0532917 -0.698707 0.122721 0.096246 
3.87353 2.20336 1.79904 2.80935 2.63849 -0.125155 0.336423 0.816829 0.632892 -0.793119 -0.171056 0.0281213 
4.28852 2.06335 1.21389 2.6006 3.74986 -0.631252 0.78353 -0.0654468 0.628857 -1.27994 -0.0553155 0.132709 
4.00149 2.81831 1.89846 2.14603 3.50881 -1.40275 -0.258664 0.665224 0.783956 -1.15154 -0.0135522 0.0585217 
4.81677 2.80628 1.75557 2.11369 3.57232 -1.1375 0.54278 -0.111352 0.914889 -1.46956 -0.194857 0.115896 
4.24773 2.87237 1.20402 2.15468 4.16616 -1.43867 0.557496 -0.337394 0.676279 -0.962511 -0.114085 0.0897616 
3.5568 2.31935 1.79652 2.02242 1.88289 -0.759333 0.148373 0.499146 0.322367 -0.592159 0.0620512 0.0490252 
3.5636 2.46602 1.85297 2.40106 2.17488 -0.293428 0.167208 0.595748 0.366245 -0.578802 0.00941072 0.0210986 
4.43489 2.32453 1.0813 2.57768 3.4544 -1.24567 0.575954 0.342172 0.781004 -1.12285 0.034593 0.176541 
4.39367 2.22292 1.55275 2.48102 3.4652 -0.459744 1.18151 0.198744 0.481892 -1.4751 0.177876 0.203178 
4.39128 2.27721 1.26011 3.28503 2.31365 -1.29097 2.35284 0.760733 0.711792 -1.07172 0.0293067 0.131984 
3.2469 2.25656 2.17943 2.7009 1.819 -0.170783 1.86365 0.304698 0.631097 -0.252201 0.511185 0.0941833 
2.42922 0.499402 1.98078 4.9473 1.45909 -1.90278 1.36399 1.97752 0.922601 -0.08718 0.48984 0.179539 
-0.246424 -0.532131 2.20387 4.0285 1.01016 -1.23701 2.022 2.52442 1.20981 -0.753511 0.566183 0.0310302 
-1.20632 0.171088 1.0713 2.74631 -0.00242409 -1.83726 1.68009 2.4406 1.01217 -0.686318 0.575163 -0.00278038 
-1.75035 -0.681392 1.86259 3.78648 -0.53432 -1.7706 2.4398 2.00991 0.370666 -0.81099 0.926615 -0.00778283 
-2.00898 -1.24974 1.70654 2.81276 -0.0519781 -2.15781 2.71185 1.39914 0.0228881 -0.582027 0.791901 0.0063036 
-2.36285 -1.66103 0.927402 1.81319 -0.457674 -1.54428 2.01435 2.39782 0.67695 -1.05513 0.942482 -0.0870386 
-2.89218 -2.39816 2.23981 1.54343 -0.984575 -1.94059 1.8623 3.21435 1.04322 -0.912031 1.03776 -0.0310679 
-3.48602 -2.69789 1.95214 1.28458 -1.47916 -1.89432 1.81991 2.10298 0.741445 -1.13388 0.883654 -0.105278 
-2.62114 -2.70675 1.54177 1.62425 -1.78341 -1.43458 2.60068 2.21439 0.171739 -1.08406 0.75939 -0.108918 
-2.3636 -2.12254 0.744171 1.44908 -1.05106 -1.97697 2.60005 2.00273 0.768283 -0.860902 0.556922 -0.0167261 
-3.19478 -2.71639 1.90959 0.299553 -0.422423 -2.04029 2.6912 2.41619 1.18007 -1.13441 0.721527 -0.0904141 
-2.95538 -2.81629 0.876586 0.485418 -1.42788 -1.44337 1.60943 1.64663 0.378589 -1.32759 0.508058 0.000149489 
-2.64017 -2.14966 0.40416 1.04569 -0.731435 -1.43707 1.43492 1.11873 -0.0432632 -1.32912 0.666162 -0.0401369 
-2.33886 -3.42927 0.627567 -0.775097 -2.31113 -2.7966 -0.00700942 0.767517 -0.0413238 -0.732468 0.754899 0.0770732 
-2.57907 -3.44729 -0.196491 -2.25364 -2.09921 -1.81555 1.44111 1.16896 -0.248286 -0.908017 0.621588 0.0426963 
-1.98517 -2.89166 -1.55475 -2.77109 -2.10978 -1.25183 1.37528 1.25099 0.0336948 -0.245183 0.260112 0.0565508 
-1.32419 -2.61021 -1.29949 -3.69715 -1.30406 -0.444428 1.34666 1.45551 -0.4367 -0.640598 0.431443 0.027844 
-0.891804 -2.27989 -0.989425 -3.87658 -1.31406 -0.00550603 2.20427 1.47497 -1.1345 -0.249456 0.151157 0.00728362 
-0.216383 -1.05138 0.487706 -2.92608 -0.746206 0.39131 2.41079 1.56448 -0.82544 0.326381 0.423456 -0.0914796 
0.949273 -0.889617 1.25998 -2.26136 -0.538319 -0.0230522 1.24116 1.4638 -0.942538 0.202237 0.488594 0.0129694 
1.47833 -0.18056 0.463948 -1.63525 -0.691492 0.0902996 2.21622 0.640368 -0.0311157 0.317312 0.827314 0.0711957 
1.17135 -0.163191 1.74803 0.718711 -0.723333 -0.307501 2.17928 0.456425 0.239798 0.395107 0.585528 0.032933 
0.93546 -0.342223 1.12055 0.853065 0.242744 -0.342437 1.0431 0.494405 0.677657 0.611018 0.146008 0.0979571 
1.16952 0.324102 1.22692 1.61717 1.24291 0.0381479 0.976716 -0.0811299 -0.340327 0.29328 0.233918 0.00452179 
1.14285 0.622967 1.51361 1.07712 1.31585 1.08384 1.33993 0.294505 0.629158 0.460182 0.610476 -0.0656813 
1.17998 0.855334 1.52179 1.26461 0.780571 0.0925472 0.786481 0.35549 -0.161733 -0.0345118 0.356719 0.0601657 
0.51319 1.57245 1.05301 0.602429 1.76905 0.252269 1.24353 -0.182163 0.792978 0.220962 0.194606 0.030635 
1.27444 0.573295 1.45516 1.06397 1.24966 -0.0351458 0.125419 0.184088 0.498984 0.651403 0.0351298 0.0800099 
1.20629 0.905718 0.926935 0.551349 1.15573 -0.685009 0.56128 0.000232009 0.0836504 0.0472486 -0.0988374 0.071308 
1.06032 0.633329 1.01457 0.332166 1.85199 0.651283 0.623594 0.2862 0.522229 0.267122 0.473469 -0.0517663 
1.08384 0.813743 1.2143 0.667353 0.6212 0.839553 1.73587 0.177122 -0.204432 -0.43894 0.197848 0.0574971 
0.902966 0.81682 1.27171 -0.0301118 1.16925 0.873739 0.569365 -0.144015 0.189345 0.282332 -0.112173 -0.0133716 
1.14052 0.515075 0.552641 -0.0880982 0.715144 -0.342635 0.300799 0.523368 0.203145 0.17006 0.15438 0.0635175 
1.04242 0.53956 0.955198 -0.528212 0.517164 -0.038911 0.582285 0.0915816 0.184912 0.342479 0.045672 0.0326965 
1.17516 0.829006 0.868389 -0.257739 1.08291 0.489539 0.246808 0.35453 -0.0654262 0.081676 0.0848902 0.00486058 
1.17869 1.04321 1.04923 0.172822 1.17949 0.148538 0.323511 -0.360577 1.16108 0.47566 0.0555354 0.0329385 
1.31318 0.442756 0.799803 0.333431 1.20077 0.177822 1.03734 0.480269 0.375766 0.165695 -0.10349 0.102408 
1.34074 0.439067 0.411381 -0.123014 0.422508 0.084657 0.805614 -0.046408 0.846692 0.225752 -0.0329365 0.0165119 
