1.23666 0.65142 1.04383 -0.41411 0.768806 -0.237157 0.870847 -0.11619 0.501988 -0.045804 0.0774562 0.029936 
-1.24037 -0.975071 -0.612756 0.0461664 1.51828 0.713478 1.59703 -0.0372593 0.316694 -0.898607 0.128562 0.121264 
-5.27661 -1.15064 -0.76563 0.434014 1.02534 0.979083 1.24866 0.875131 0.723245 -1.77519 0.302682 0.119374 
-2.21426 1.08885 -0.0751997 0.38567 1.35648 0.545237 0.705289 -0.158407 0.159717 -1.2467 0.14967 -0.0222865 
0.24757 1.77685 -1.97247 -0.546969 -0.566201 1.98419 2.06594 -0.160433 0.00682454 -0.536321 -0.249851 0.00539557 
1.33592 0.59721 -1.0348 0.977489 1.08013 0.529826 0.332099 0.0887773 0.181713 -0.355472 -0.341759 0.153053 
1.34014 -1.19076 -2.18851 3.17541 1.46063 0.402919 0.44292 0.969618 -0.177325 -0.605428 -0.411998 0.196941 
2.01475 -1.59677 -1.16076 1.80852 1.25497 -0.186991 0.267975 0.466971 0.628463 -0.57126 -0.363202 0.0517146 
1.86133 -0.240089 -0.217826 0.395622 1.57114 0.241662 1.0072 0.555938 -0.00491129 -0.579483 -0.292787 0.0839417 
1.49911 -0.291125 0.538013 -0.185258 1.10784 -0.922527 0.866642 0.1713 0.201091 0.0575392 0.000191348 0.0649428 
1.95127 -0.125268 1.59891 0.310639 1.0283 0.153921 1.65872 -0.0242615 0.560252 0.336378 -0.254686 0.0431025 
1.80745 0.816825 1.6932 -0.314698 1.37503 0.40353 0.804832 0.591087 -0.1173 -0.0737309 0.17198 0.0717398 
1.73352 0.371931 1.61042 -0.319229 1.28213 0.117957 0.964787 -0.0499861 0.287142 -0.145556 -0.0475338 0.0817561 
1.9495 0.233744 1.07095 -0.183971 0.925571 0.110759 0.960676 0.543863 0.346779 0.0304713 -0.154179 0.0861292 
1.39989 -0.931486 1.79423 2.61538 2.58385 -0.33454 1.43572 0.339323 2.22516 0.0349943 -0.280699 0.114124 
1.3158 -1.99139 0.823028 3.09331 2.71109 -1.5186 0.610627 -0.248362 2.60701 -0.656928 -0.380634 0.0957687 
1.56257 -0.888195 1.03816 1.36332 2.32542 -1.06434 0.0455372 1.1113 1.03078 -0.000702787 -0.0733811 0.0492343 
1.12462 -1.01928 0.690366 0.673898 1.72483 -0.544995 -0.375026 0.612423 1.04032 -0.00959252 -0.354278 -0.0342797 
1.39772 -0.128123 0.595726 -0.0322521 1.40053 -0.956925 1.02089 -0.0205558 0.755292 0.130619 -0.280363 0.0178595 
1.61736 -0.0756366 1.37746 0.0904531 1.35319 0.218835 0.653994 0.452038 0.287728 -0.00030312 0.149417 0.0019467 
1.68158 0.452845 1.57102 -0.0968979 0.836939 -0.115378 1.21197 0.060551 0.686447 0.207627 0.264823 0.0536161 
1.43355 0.228441 1.15212 -0.0673983 1.36242 -0.0590804 1.35773 -0.207971 0.954993 0.29756 0.399387 0.0443253 
1.62698 0.206865 1.67052 -0.837051 2.05397 0.273061 1.17344 0.403052 0.585989 0.597772 0.249904 0.0390885 
1.1247 0.108996 1.53278 -0.835742 1.52988 0.466136 0.236417 -0.150052 0.65095 -0.459942 0.0342314 0.0850928 
1.12859 -0.0485634 1.22298 -0.542276 1.3825 0.375127 0.198166 -0.700308 0.887897 -0.564568 0.140075 0.0781281 
1.43936 0.121008 1.78869 -1.06899 0.512513 -0.571079 -0.0210431 -0.343333 0.28061 -0.534236 0.183271 0.189739 
1.40132 -0.15835 0.963879 -0.224705 1.02526 -0.174543 0.279257 0.413851 0.360306 -0.0689338 -0.0102515 0.011313 
1.3088 0.380605 0.974115 -0.265189 0.710647 -0.240696 1.06062 -0.312276 0.0640903 -0.513019 0.186601 0.0343768 
1.25419 0.219085 0.687989 -0.755886 0.434235 0.0290983 0.906029 0.000474737 -0.31805 -0.78666 0.0514603 0.111162 
1.42866 0.11051 1.12618 -1.22084 0.464799 0.388418 0.415581 -0.0340844 0.848055 -0.464645 -0.0229492 0.0663901 
1.2532 0.222675 1.00827 -0.551456 0.728955 0.368659 0.318682 -0.452225 0.547463 -0.212617 0.035344 0.0745906 
3.07436 3.66685 -3.54557 1.19127 0.646972 0.818549 4.05796 0.584341 1.18879 -0.769035 0.495429 -0.0328569 
3.81285 0.856954 -1.86274 2.11355 1.43572 1.01731 3.31802 2.14291 2.0502 -0.938455 0.447801 0.0488624 
4.71649 -0.605659 -0.65492 3.32489 2.421 0.283379 2.39962 1.56268 0.940785 -0.365965 -0.118306 0.0352869 
4.5455 -0.921975 -0.67912 4.47334 5.2064 0.32023 2.51852 0.945928 0.591826 -0.482022 0.0593374 0.289098 
4.07562 -0.802631 -0.951348 4.86029 4.7662 0.624549 2.13958 1.38607 0.333801 -0.479621 0.00992751 0.248439 
4.25479 -1.13754 -1.25066 5.24124 5.44334 0.437421 2.13018 1.13404 0.495685 -0.471469 0.0274802 0.268107 
3.98614 -0.62254 -0.732603 3.69707 4.47303 0.211434 2.00488 0.857639 0.735885 -0.576667 -0.183165 0.197434 
4.84495 0.471805 0.238645 1.31082 3.50914 -0.732458 1.06601 0.320402 0.405296 -0.947857 -0.362245 0.197708 
5.08202 0.935289 -0.134135 1.62219 3.09051 -1.08665 1.07009 -0.639388 0.720298 -1.23 -0.42166 0.145683 
5.16917 0.834357 0.276877 1.50651 3.14987 -1.40846 0.508565 -0.210523 0.428344 -1.05613 -0.584748 0.105274 
4.62691 1.11862 0.681722 1.8671 4.03177 -0.769733 0.406872 -0.0735916 0.361162 -1.08506 -0.535916 0.0886674 
4.58359 1.57596 -0.0364494 1.89742 3.89386 -0.803566 0.409083 -0.121569 0.639129 -1.05148 -0.311138 0.108377 
3.3887 1.30677 0.677685 2.02611 2.21104 -0.703267 -0.0722301 0.328785 0.8317 -0.725883 -0.29124 0.0221019 
3.52453 1.49103 0.23179 1.80143 2.97199 -0.823855 -0.197912 -0.01644 0.552238 -0.769699 -0.247722 0.0181815 
4.27056 1.94203 -0.142412 1.41796 3.44788 -1.6425 -0.150605 0.0257483 1.0326 -0.619463 -0.0390383 0.13756 
4.55519 1.93338 -0.380403 2.00669 4.03661 -1.59673 0.42651 -0.440678 1.02093 -0.750162 -0.16283 0.156158 
4.4844 1.70245 0.112461 2.29813 3.80379 -1.20829 0.642457 -0.392474 0.980838 -0.881288 -0.254413 0.104658 
4.26907 1.15404 0.590278 2.15018 3.59226 -0.996775 0.191899 0.0543951 0.596715 -0.69821 -0.206 0.123927 
4.65755 2.04683 0.309471 1.71115 3.71513 -1.20378 -0.157397 0.0983974 0.690977 -0.713101 -0.0336316 0.163099 
4.51386 1.97711 0.780433 2.09671 3.04274 -1.1674 -0.472615 0.747759 0.640592 -0.472574 0.0328316 0.145577 
3.95352 2.03846 0.954404 2.6752 2.02213 -0.505967 0.409396 0.749865 0.48251 -0.912386 0.134603 0.10679 
3.95697 2.24909 1.6613 2.1084 2.00473 -0.102916 0.607564 0.865469 0.527337 -0.396888 0.114815 0.0727084 
4.211 2.72029 1.73197 2.88511 2.27476 -0.956014 1.97675 0.725233 0.847038 -0.869868 0.0849473 0.103505 
3.96468 3.14053 2.4353 2.80939 1.36399 -1.43792 1.86599 0.787295 0.823258 -0.439126 0.491498 0.15781 
3.1619 2.55186 2.89154 2.65807 1.13518 -0.867498 1.70592 1.28242 0.755783 -0.284884 0.539827 0.133552 
0.793734 0.297238 3.94102 4.35296 0.858679 -2.47079 1.89788 1.97578 1.00002 -0.416538 0.731102 0.155077 
-0.924333 -0.434648 3.51644 4.69247 1.52987 -1.36864 2.48791 2.06969 1.10191 -0.869918 0.736424 0.0976629 
-1.87805 0.277662 2.33836 3.96816 1.18178 -1.53615 2.16084 1.31122 0.724992 -0.765897 0.628183 0.131108 
-2.02793 -0.416036 3.07289 1.89881 0.52156 -1.65746 2.63481 1.12628 0.447465 -0.476271 0.885239 0.0399748 
-2.20457 0.462633 2.95144 4.25962 -0.454923 -0.554671 2.18125 2.13348 -0.129618 -0.18333 0.622272 0.0925917 
-1.97619 0.765311 2.38407 4.36132 0.107764 -0.738094 2.81408 1.66685 0.274525 -0.0695692 0.327914 0.181356 
-2.10686 1.02405 1.25596 5.18535 -0.414876 -1.01742 1.51391 2.26693 -0.00673779 0.0426072 0.340508 0.0855209 
-2.59227 -0.424442 1.84166 4.13669 -0.134768 -2.70156 2.5894 1.36554 0.401271 -0.159231 0.489353 0.157573 
-3.02865 -0.891468 0.783094 3.21934 -0.191362 -2.69779 3.05484 1.56672 1.05363 -0.189971 0.431821 0.104625 
-3.73441 -0.737032 1.38921 2.67484 -1.49263 -2.54384 2.77808 2.43293 0.773276 0.0138329 0.542447 0.152113 
-3.63031 -1.31329 -0.0227862 2.61283 -1.3316 -2.30983 2.44116 2.51459 -0.0657278 -0.519967 0.478678 -0.117653 
-3.38773 -2.3398 0.468866 1.60283 -1.28456 -3.3256 1.58892 2.70178 0.113259 -0.773014 0.487179 -0.0978492 
-3.12015 -1.80674 0.0364142 2.37447 -1.76301 -4.01563 2.48885 2.16968 0.265528 -0.735758 0.551365 0.0048997 
-2.98178 -1.68494 0.289131 1.92068 -1.11839 -3.71992 1.49442 2.03373 -0.0319251 -0.725475 0.420348 -0.0177829 
-3.63666 -2.26799 -0.970571 0.102012 -1.27781 -1.9869 0.895075 2.09891 0.840743 -0.632559 0.212721 -0.250975 
-2.83582 -1.77822 0.307001 -1.10927 -2.12609 -2.25941 2.29489 1.50816 -0.166594 -0.800721 0.394776 -0.138104 
-2.20362 -0.489153 1.23926 -1.44426 -1.65186 -1.51854 2.32389 1.52745 0.137427 -0.188942 0.451082 -0.168523 
-1.67919 -0.18784 3.58625 -0.616935 -3.00601 -0.262511 2.35762 1.62594 0.975641 1.14593 0.266911 -0.0083851 
-0.568047 0.396738 5.60301 -2.19251 -1.3619 -0.230074 2.30108 1.5865 0.792706 1.83886 -0.0417595 -0.0347595 
-0.0146119 -0.277554 5.24965 -0.782854 -2.25613 -0.494056 3.51479 0.656972 0.151798 1.8122 -0.255194 0.0393907 
0.773066 -0.809098 3.14892 0.546206 -1.08868 0.158809 2.23534 -0.80642 0.382546 0.8701 -0.0340488 0.108601 
0.900742 -0.460979 2.33177 0.654346 -0.406551 0.564963 1.49022 -0.370372 0.132811 0.392181 -0.0161486 0.00941789 
1.31983 0.0853523 1.74631 0.942491 -0.4336 0.127384 1.76618 -0.243727 -0.633471 0.757596 -0.136858 0.0138071 
1.31443 0.610106 1.13362 0.973398 0.610956 0.157039 0.782854 0.44559 0.365316 0.214083 0.303875 0.00688468 
1.36649 0.513099 0.809685 0.0188306 0.686641 0.00918332 0.718042 -0.232307 -0.0245192 -0.174865 0.0909516 0.0295692 
1.30319 0.84072 0.43986 0.226064 0.609853 0.145283 0.619272 -0.336824 0.0343889 -0.435829 0.227852 -0.00312911 
1.37391 0.222057 0.849801 0.788483 1.08658 0.333238 1.02643 0.431882 0.208003 0.454849 -0.00739725 0.0681994 
1.36184 0.474403 0.378988 0.859371 0.589665 0.698918 0.735535 0.203883 0.4583 -0.013395 -0.0105549 0.0310802 
1.23956 0.037577 0.382668 0.467 0.0222818 0.0924795 0.373497 -0.0921261 0.160735 -0.296139 -0.302056 -0.0756228 
