0.994774 0.728315 1.24465 0.322373 0.492573 -0.73512 0.642108 -0.792012 0.265052 -0.10767 -0.0185732 -0.133259 
1.31015 0.230197 1.43561 -0.665271 0.73595 0.0512483 0.726554 0.0147995 0.3614 0.127687 0.168498 0.0121694 
0.965179 0.678007 1.3682 0.091223 1.63554 -0.60067 0.589032 0.262857 -0.134216 0.444537 0.00879248 0.0102541 
1.43188 -0.0627585 1.58353 -0.141117 1.19419 -0.103978 1.43736 0.306335 0.22903 0.014169 0.177875 0.0134228 
1.07703 0.124133 1.84673 -0.120182 0.849924 0.304603 0.723931 -0.360808 0.287086 0.0650831 0.114106 0.0360452 
1.13467 0.211602 0.873761 0.186311 0.634509 -0.14181 0.54423 -0.486728 0.621053 -0.369876 -0.0586385 0.000405179 
0.967978 -0.0343177 1.00001 0.0211744 0.960527 -0.455364 1.14652 -0.416021 0.319294 -0.143255 -0.216041 0.0353497 
1.07683 0.393377 1.37102 -0.00514004 1.1802 -0.326747 0.821548 0.317235 0.0714078 -0.381492 0.0230799 -0.0689174 
1.34849 0.350042 0.583327 -0.231008 0.829264 -0.594521 1.36326 -0.61273 0.254004 0.142933 0.223112 0.0173861 
1.13479 0.0907462 1.04715 0.751658 1.53421 0.329122 1.33289 -0.218368 0.193162 0.48766 0.0768315 -0.0661491 
1.02638 0.547704 1.39382 -0.340119 0.911402 -0.33543 0.4627 -0.487885 0.138181 0.0282725 -0.0543737 -0.067677 
0.738135 0.112415 0.670579 -0.335136 1.24597 -0.952179 0.620146 -0.415064 -0.117804 -0.186445 -0.138889 -0.0188297 
1.20145 0.22621 1.41015 -0.54091 0.397161 -0.669852 0.0864206 -0.0449159 0.108239 -0.138592 0.160267 0.00483219 
1.26213 0.448667 1.45314 -0.0855619 1.0537 0.532306 0.210451 -0.371453 0.869148 -0.158499 0.044604 0.0127434 
1.3219 0.0617991 1.75977 0.882689 1.1301 -0.660229 1.28205 -0.0775644 0.297851 -0.103707 -0.118808 0.0574299 
1.28 0.00754799 0.839537 -0.718689 0.263187 -0.779943 0.419604 -0.837567 0.448336 -0.126901 0.0217886 0.0605524 
1.45187 -0.0245445 0.673408 -0.525568 0.764606 -0.402455 1.40258 0.112599 -0.129409 0.0838059 0.181548 0.0126408 
1.3484 -0.0634289 0.6216 -0.427453 0.33793 0.577612 0.966418 0.251002 0.812591 0.0830098 0.0395046 -0.0704297 
1.40655 -0.382692 0.309157 0.454044 1.40988 -0.683067 0.902686 -0.071222 0.497453 -0.516437 -0.0466833 -0.0349781 
1.06238 -0.356306 1.00091 0.104326 0.90638 -0.186242 0.0948878 0.340817 0.89126 -0.452212 -0.101092 0.0950369 
1.22434 0.203064 1.45866 0.19616 0.620214 -0.621852 0.148747 -0.699763 0.224118 -0.193793 -0.00081947 0.00987193 
0.837202 0.427552 1.27654 -0.0187634 1.09586 0.167983 0.500863 -0.385845 0.361717 0.0796817 0.0458248 -0.0330469 
0.810547 0.216375 -0.250944 -0.671895 1.97233 -0.448113 0.797682 1.00905 -1.30079 -0.926286 0.153977 -0.0841053 
2.80146 -0.544957 0.671026 0.270347 0.584804 0.827506 2.95306 1.10073 0.0710815 -0.0216515 0.233401 -0.0402256 
3.82789 -0.928714 -1.75586 3.33625 2.84133 1.52963 3.0146 0.605923 0.697486 -0.538457 0.34375 0.130276 
4.46885 -1.06252 -1.19644 3.80784 3.90463 1.34641 2.75702 1.28431 0.205595 -0.491783 0.158959 0.208451 
4.4934 -0.570955 -1.09295 3.2289 3.57411 2.19401 3.18451 1.16727 -0.368401 -0.0451163 0.319129 0.157183 
4.885 -1.2692 -2.59851 2.74679 4.21662 2.19889 2.2885 1.46886 -0.0219777 -0.503919 0.086013 0.21934 
4.3326 -0.46208 -1.28978 2.70062 3.39767 1.7494 1.54301 1.0679 -0.402029 -0.523759 -0.00301774 0.181029 
3.67214 1.1548 0.851876 2.45859 3.04521 0.631276 0.650722 1.16217 -0.173016 -0.709459 -0.165488 0.0828985 
4.41001 0.668936 -0.148241 2.43466 3.51201 0.229063 0.607859 1.05086 -0.393974 -0.90015 -0.235735 0.157325 
3.51593 0.930609 0.0793636 2.06081 2.1679 0.131623 0.0680723 0.62162 -0.0602591 -1.13185 -0.149172 0.0788428 
4.31662 1.29906 -0.0166239 1.44901 3.08778 -0.263751 -0.292012 0.759788 -0.240237 -1.0027 -0.268598 0.0750184 
4.88215 1.16456 -0.208167 1.3095 2.74474 -0.633059 -0.393136 0.855478 -0.0687618 -0.804492 -0.12271 0.164855 
4.51097 2.42056 0.644897 1.18983 3.00347 -1.2792 -0.43424 0.633402 0.0471649 -0.716518 -0.197365 0.050048 
4.59625 2.07781 0.516587 1.66193 2.99833 -0.818906 -0.540486 0.454449 -0.0805492 -0.857005 -0.175872 0.0655645 
5.43477 2.51753 -0.0851977 0.717549 3.95176 -1.77221 0.23415 0.555757 -0.66047 -0.734686 -0.562328 0.184862 
4.45801 2.12852 0.86049 1.21695 3.28132 -1.58238 -0.501374 0.720141 -0.397761 -0.62542 -0.191002 0.0775094 
4.00359 2.10288 1.10546 1.89826 2.77302 -0.829964 -0.419041 0.977573 -0.230327 -0.667062 -0.211165 0.0242592 
4.89029 2.4376 0.641027 1.11589 3.69143 -1.03851 0.441812 0.797776 -0.591748 -0.69526 -0.258355 0.1474 
4.65603 3.0739 0.309327 0.926764 2.73338 -1.06473 0.661014 0.827886 -0.490445 -0.886112 -0.0154471 0.176077 
4.73061 2.51474 0.846469 0.901387 2.60475 -2.23741 0.341887 0.849669 -0.0341034 -0.486734 0.0666855 0.239471 
4.96765 2.52562 0.312154 0.853177 3.12695 -1.62432 0.946395 0.973856 -0.443175 -0.572877 -0.0324344 0.284054 
4.53138 2.82985 0.603874 2.1701 2.9641 -1.30314 1.00476 0.812094 0.156652 -0.904507 -0.0826851 0.15465 
4.46127 3.02725 1.60852 1.93841 3.39373 -1.12817 1.70437 1.50278 -0.972278 -0.711805 -0.166729 0.162462 
3.60589 2.50791 1.60153 1.90272 1.1874 0.276566 1.28405 0.882369 0.00874389 -0.359212 0.371501 0.0815334 
1.82619 0.60003 3.2608 3.29084 1.15404 -1.48947 0.544412 1.81479 0.476311 -0.329761 0.631155 0.113258 
0.205293 0.559641 2.69382 4.50534 0.657266 -2.9507 1.29586 2.16443 0.578813 -0.416332 0.562436 0.0863089 
-0.233946 0.159319 3.58276 2.97433 0.632382 -2.72877 2.1999 2.07911 0.761783 -0.647503 0.738609 0.0854146 
-0.978861 -0.193649 2.80701 2.95425 0.722928 -1.38791 2.53997 1.53664 0.440441 -0.793624 0.672861 0.0506316 
-1.37057 -0.612122 1.69614 3.16421 0.018333 -1.70024 2.66222 2.31323 0.272042 -0.690011 0.827174 -0.0127606 
-1.90122 -0.195646 1.52408 3.76219 0.636327 -1.73325 3.19246 2.76958 -0.33231 -0.634786 0.827624 -0.0216788 
-2.15523 -0.650877 1.51028 2.87184 0.746918 -2.67362 3.11306 2.37316 -0.0572946 -0.430872 0.554198 0.0451263 
-2.73583 -1.47957 0.782983 1.83595 0.116789 -2.63869 3.22991 2.83218 0.435315 -0.479055 0.5121 -0.0649107 
-2.80529 -2.09877 -0.210957 0.502335 0.182254 -2.58166 1.99994 2.64539 0.323613 -1.06479 0.401561 -0.0716219 
-2.71765 -2.17227 -1.07599 0.609023 -0.722746 -2.04766 1.89766 1.6052 -0.29586 -0.784602 0.266354 -0.0846952 
-3.3657 -3.57122 -1.71876 -0.793828 -1.14804 -2.17018 2.61831 1.38657 -1.028 -0.238689 0.154471 0.0197793 
-2.5994 -2.33944 -0.804259 1.5109 0.420653 -1.98757 1.99337 2.28972 -0.511414 -0.703025 0.038451 -0.0572073 
-2.22231 -2.02962 -0.344086 1.84316 0.96129 -1.70765 1.95797 3.02384 -0.0320013 -0.575639 0.078692 -0.0351944 
-2.63629 -2.3423 -0.703151 2.63279 0.462402 -0.55287 2.24679 2.2511 0.809235 -0.753134 0.19836 0.00710477 
-2.26439 -2.22216 -1.0154 1.52603 0.0399528 -2.8447 1.97746 1.70144 -0.108384 -0.538887 0.120312 -0.183323 
-2.8916 -3.706 -1.67958 0.317979 -0.229107 -2.06198 2.16722 2.70814 -0.871974 -0.902744 0.0419993 -0.155102 
-1.65672 -2.06047 -0.704269 0.532993 -1.44253 -2.8679 1.13891 2.01861 0.957371 -0.220935 0.274888 -0.168205 
-1.87487 -4.6808 -0.741231 -1.18611 -1.54865 -2.41678 0.353914 2.44326 -0.365998 0.431725 0.314499 -0.113826 
-0.718369 -2.32275 1.17682 -1.22608 -3.91172 -1.63963 3.63809 0.45658 0.0741795 1.44305 -0.0836853 -0.06642 
0.146677 -1.71705 2.71378 0.503969 -2.91619 0.212423 3.67831 -2.05709 0.523557 0.820403 0.110146 -0.0255266 
0.644255 -1.76302 3.30334 1.03471 -2.88589 0.432899 2.24489 -1.38474 0.170246 0.634993 -0.0212223 -0.0747947 
1.08772 -0.65163 1.70125 0.772563 -0.575649 0.297736 1.50305 -0.570586 0.222691 0.752535 0.232807 -0.0856708 
1.00382 -0.281898 0.876515 0.0550501 -0.691609 0.190718 1.49593 -0.04641 0.691819 0.454012 -0.252713 -0.0594285 
1.56029 0.596493 0.635275 -0.452029 -0.0516943 -0.351522 0.91939 -0.149739 0.132775 -0.208752 -0.373175 0.0551037 
1.20443 0.385671 0.0829801 -0.627341 0.848295 -0.00540537 0.232289 0.0289464 0.0655754 -0.173925 -0.140483 0.0624649 
1.23717 0.844457 0.404692 0.623624 1.10884 -0.00172872 0.205218 -0.630293 0.556911 -0.058394 0.0567236 0.075637 
1.10242 0.465428 0.645269 0.156604 0.163429 -0.2253 -0.742989 -0.248625 -0.373042 0.272436 0.148193 0.0429408 
1.36209 0.724719 0.824298 0.189796 0.98659 0.511167 0.128567 0.0999056 0.545606 0.129613 0.0205996 0.0030087 
1.29678 0.307522 0.574454 -0.141072 1.18312 -0.351653 0.293914 0.0685827 -0.166493 -0.0486599 0.140013 0.00262224 
1.43341 0.457053 0.952135 0.494454 0.145649 0.716788 0.850969 -0.44686 -0.142168 -0.00626722 0.11762 0.0284485 
0.97445 0.352603 0.249791 0.415139 0.650828 -0.0770712 0.516298 -0.433087 0.12875 0.00640297 -0.00979105 -0.0207867 
1.04168 0.491958 0.926608 -0.376077 0.321259 -0.359095 0.356347 -0.214019 0.0402618 0.00146866 0.077301 -0.012948 
1.06108 0.500249 0.319374 0.319721 0.641661 -0.24275 0.174416 -0.00401089 0.0126894 0.0933826 0.0408541 -0.0904784 
0.86512 0.659573 0.855815 -0.0727473 1.16079 0.226857 -0.489132 -0.439525 0.427097 0.180372 0.0348256 -0.0816449 
1.22384 0.507915 0.913453 -0.0406002 0.398604 -0.201076 0.700076 0.628381 0.529738 -0.0193452 0.016848 0.0642663 
0.941118 0.849718 0.731492 -0.0109044 0.399808 0.69744 0.551323 -0.330427 0.0799784 0.0135467 0.0604178 0.0200135 
1.19459 0.557857 1.01617 0.168835 0.540436 -0.0136794 0.271659 0.0517376 0.613109 0.296644 -0.0402642 0.0406505 
1.21472 0.387848 1.21803 -0.266549 0.131428 0.33031 -0.118304 -0.363975 0.276536 -0.0301964 0.151489 -0.0537022 
1.15339 0.285858 0.779727 0.0247448 -0.0966655 0.139465 0.0314001 0.208848 0.489077 0.131212 -0.0906049 0.0556789 
