1.20893 -0.784568 1.44728 0.00968533 2.18705 -0.904895 -0.438306 0.117343 1.26594 0.489003 -0.127035 -0.0887902 
1.44012 -0.228219 1.58763 0.234237 0.999394 -0.608486 0.308796 -0.101282 0.872536 -0.307802 0.171019 -0.011708 
0.905949 -0.403644 1.03583 -0.0238543 1.43725 -0.233652 0.344117 -0.520877 0.840961 0.179055 -0.0150372 -0.0259826 
1.01623 0.0149718 1.38504 -0.607733 0.94647 -0.302915 0.658358 0.568765 0.579559 -0.0641555 0.0532519 0.103793 
0.336849 0.658569 0.646467 1.222 0.805137 -0.582849 1.43714 0.0556645 0.19259 -0.617669 0.615297 -0.0120124 
-3.67157 -2.62775 -0.217007 3.86473 0.342851 -1.51205 1.7629 1.63825 -0.182917 -0.888931 0.689025 -0.0659321 
-2.58369 -1.39571 -0.196765 2.0304 0.704921 -1.01848 0.875843 1.15872 -0.480016 -0.647472 0.460598 -0.148521 
-0.577885 1.0837 -0.494045 3.35373 -1.78611 0.0479764 1.87217 0.496479 -0.532743 -0.217985 0.723989 -0.0730543 
1.26179 0.270744 1.25311 0.242661 0.945308 0.330808 0.303485 0.0451702 -0.44697 0.155101 0.0837776 -0.0703754 
1.38117 0.23786 1.42686 -1.58484 1.27705 0.594585 0.671017 -0.0791291 0.469497 0.540791 -0.155649 -0.0050422 
1.44222 0.140473 1.98007 -0.550796 0.815602 -0.244493 0.684522 -0.428545 0.388541 0.0329094 -0.0917256 0.0615932 
1.07265 -0.0846706 -1.73805 3.40856 1.92503 1.14742 -2.81897 1.3296 0.636377 0.518148 -0.396646 -0.0458549 
0.922526 0.0687441 -0.558171 1.41953 1.39064 1.13632 -0.465422 -0.216664 0.338368 0.684035 -0.43635 -0.0444356 
1.34513 0.0905119 1.35767 -0.333509 1.07679 0.159181 0.886966 -0.188312 0.435551 0.383647 -0.0794291 -0.0767855 
1.7244 0.0899524 0.186841 -1.30074 2.03029 0.433672 0.991926 -1.12182 -0.681442 -0.420135 0.215278 0.0631684 
1.5179 0.104048 1.34156 -0.473718 1.62111 -0.305422 1.20119 -0.142394 -0.25758 -0.0735636 0.3331 0.0146616 
1.1814 0.153505 1.37661 -0.311356 0.102166 0.979126 0.748937 -0.446334 0.394108 -0.377453 0.130922 0.0123985 
1.41726 0.597095 1.11757 -0.742869 1.11357 0.0835263 0.782282 0.120403 0.486218 0.15183 -0.0887976 0.0448618 
1.17183 -0.133932 1.32676 -0.936704 0.503824 -0.213421 0.891354 -0.622993 0.605727 0.0516429 -0.251835 0.00392954 
1.33011 0.0758084 1.73643 -0.669621 1.01243 -0.979317 0.772875 0.0195667 0.419518 0.0400256 0.0796044 0.0529661 
1.36822 0.454246 1.421 0.0251432 1.53874 0.166671 0.931474 -0.108974 0.745602 -0.116731 -0.142365 0.0224697 
1.12502 0.577757 1.60568 -0.123724 0.837512 -0.307119 0.848644 -0.470271 0.398573 -0.0909676 -0.076301 -0.0179742 
0.895167 0.377483 1.12565 -0.344157 1.147 0.116889 0.549883 -0.456458 -0.0211649 0.147773 0.122637 -0.0449319 
1.18587 0.418266 1.28164 0.131006 0.733722 0.0839877 1.08068 0.0293298 0.436929 -0.0692936 0.0905974 0.0647219 
1.34613 0.448364 2.14369 0.107487 0.63679 0.0541194 -0.0177773 -0.434748 0.380561 -0.0962485 0.0273765 0.00868624 
1.08793 0.0870967 1.1885 0.185626 1.52232 -0.28416 0.995432 -0.280013 0.379358 0.478565 -0.08837 0.0774358 
1.31409 0.222956 1.47013 -0.168917 0.906711 -1.05613 0.437285 -0.0424284 0.636751 -0.0110382 -0.0535335 0.00256473 
1.13737 0.577761 1.0272 -0.266605 1.67723 -0.279013 0.069861 -0.514127 0.0221903 -0.188127 -0.0105664 -0.0494042 
1.0089 0.378727 1.37017 0.146386 0.57269 -0.187607 1.16544 0.125464 0.736754 -0.102774 0.0770118 0.0355948 
1.08443 -0.0272742 1.05065 -0.0841299 -0.542732 -0.722806 0.578968 -0.00986888 0.368656 0.0678043 -0.0101264 -0.0108725 
1.35527 0.827863 1.52546 -0.115343 0.951549 -0.0138114 0.627536 -0.410285 0.167145 -0.162379 0.162573 0.00661733 
1.17059 0.239904 1.28827 -0.215792 1.4167 -0.283781 0.594958 -0.552244 0.855052 0.0455197 0.0364806 -0.0293045 
0.963219 0.311626 1.56693 -0.565331 1.53435 -0.557007 -0.0838189 -0.00748906 0.282505 -0.343208 -0.0139386 0.036341 
1.30214 0.483689 1.13969 -0.226318 1.07735 -0.548282 0.492077 -0.496544 0.400152 -0.14573 -0.326206 -0.0637258 
0.852669 0.211593 0.612858 -0.381844 0.727466 -0.731868 1.15472 0.0557651 0.470139 -0.042369 0.200442 -0.121898 
1.20146 0.615894 1.80816 -0.442252 0.994938 -0.628179 0.683415 0.280418 0.541488 0.332045 0.0213869 0.0414443 
1.21238 0.487904 1.47518 -0.297682 1.12326 -0.626469 -0.0492159 -0.450991 0.697155 -0.191197 -0.124723 -0.00323267 
1.11658 0.59695 1.38544 -0.0667066 1.16874 0.039825 -0.0843031 -0.695362 -0.295883 0.245995 0.0126281 0.0237637 
0.927654 0.339343 1.04657 -0.650618 0.870793 -0.00159438 0.412671 -0.593823 0.54356 0.0479382 0.331048 0.0926548 
1.23892 -0.444375 0.914276 -0.657705 1.23364 -0.80614 0.956034 0.849034 0.440503 -0.225592 -0.171322 -0.014783 
1.13386 -0.128225 -1.15651 -0.251887 2.433 -0.89265 2.048 2.10084 -0.463266 0.402551 0.282474 -0.157982 
2.04133 -1.13331 -1.78324 -0.834888 0.880238 -0.216933 1.74565 2.29501 1.2787 -0.546804 0.165564 0.0254477 
3.92989 -1.59375 0.346542 3.10032 4.01817 1.76363 2.10115 2.45254 -0.394278 -0.143015 0.0284872 0.11833 
4.97134 -1.57855 -1.48276 3.032 4.72558 2.31239 1.07864 1.84148 0.153755 -0.279673 0.0539883 0.205485 
5.48096 -2.33193 -1.38974 3.33089 5.64415 1.7853 0.665492 1.71145 0.331359 -0.239142 0.0218097 0.194634 
4.33283 -1.61765 -1.69215 2.96793 5.07324 1.91133 1.09173 1.65998 0.452931 -0.264989 -0.0990604 0.183234 
4.8309 -0.298106 0.0116594 3.25832 3.63564 -0.103556 0.435324 1.37845 0.483063 -0.451572 -0.41827 0.0451679 
5.3197 1.58082 0.393106 -0.249487 4.15504 -0.830002 0.455061 0.982441 -0.494778 -0.715662 -0.718761 0.0196009 
5.82115 1.86403 0.334931 -1.07314 4.20025 -1.42673 -0.0923882 0.994819 -0.86445 -0.588119 -0.809432 0.0100161 
5.09696 1.90886 -0.129999 0.251495 2.80921 -0.574322 -0.535537 1.1782 -0.264326 -1.0034 -0.53813 -0.0218057 
4.20464 1.2811 0.386877 0.57655 1.47591 0.0891335 0.103531 0.931884 -0.128007 -1.01585 -0.243919 0.0315401 
4.91784 1.21591 -0.301663 -0.138164 2.8416 -1.02675 -0.541691 1.02711 -0.138999 -0.538682 -0.319068 0.0766425 
5.0158 1.99743 0.127571 -0.18304 2.84619 -1.52378 -0.34919 1.42246 0.0433745 -0.391159 -0.0863737 0.169588 
5.36317 2.09314 0.044272 -0.770961 4.13789 -1.53564 -0.200598 1.48785 -0.275121 -0.0953897 -0.27781 0.175056 
5.18197 2.36472 0.0840157 -0.038914 3.99541 -1.42243 -0.383193 1.25464 -0.0854423 -0.19981 -0.272095 0.136025 
4.85736 2.05688 0.935887 0.868078 3.151 -0.799062 -0.453477 1.13824 0.168367 -0.143423 0.100054 0.133635 
5.2337 2.08652 0.203004 0.788482 4.12148 -0.371409 0.0476239 1.39243 -0.187849 -0.456586 -0.283556 0.121105 
4.82659 2.18698 0.422584 0.829365 3.19058 -0.703736 0.365848 1.23238 -0.110265 -0.540531 -0.0807355 0.15993 
4.67573 2.25553 0.505974 1.52372 3.38175 -0.584749 0.694307 1.15598 0.0217095 -0.552892 -0.133667 0.144213 
5.33017 2.64771 0.15328 2.15215 3.47462 -1.56843 1.88209 0.527762 0.685846 -0.43685 -0.110162 0.247986 
3.61135 2.71837 2.23124 1.9953 1.77403 -0.0397152 0.956207 1.19873 0.186992 0.233702 0.389161 0.1072 
2.91165 2.21885 2.43428 2.01921 1.26492 -0.716291 1.24916 1.20151 0.224869 0.394298 0.690082 0.1185 
0.685234 1.40704 3.72701 2.77846 1.13102 -2.28705 0.825951 2.04729 0.375307 0.0806102 0.924452 0.0228753 
-0.394356 1.51524 2.38349 4.0459 0.0668552 -2.5328 0.304333 3.01977 0.189719 -0.0160937 0.582567 0.00740937 
-0.93822 0.615712 2.74858 3.83739 -0.0486094 -2.75793 1.73947 2.94795 -0.0296091 -0.246382 0.756929 0.0371362 
-1.14603 0.508685 1.98694 4.58864 -0.43069 -2.15511 0.344082 2.71682 -0.736558 -0.326404 0.605273 0.00551022 
-1.76168 -0.949533 1.77067 3.26407 -0.00808782 -2.40337 1.84149 2.69397 -0.401706 -0.367364 0.612398 0.0725225 
-2.41519 -0.70547 1.35869 3.20291 -0.0990171 -2.35791 2.62618 2.80022 -0.528756 -0.149728 0.620795 0.0519897 
-2.34403 -0.562741 1.16764 2.72419 0.389582 -2.67952 2.12483 2.42089 -0.370593 0.037485 0.59053 0.0896687 
-3.13373 -1.53874 1.45229 2.0863 -0.356627 -2.71419 3.73194 2.47118 -0.0759518 -0.280505 0.692825 0.00389981 
-3.84616 -1.26112 0.799434 1.5931 -0.587135 -2.48248 3.43239 3.06669 -0.0821108 -0.379438 0.61081 -0.0827607 
-3.80885 -1.28491 0.521659 2.69665 -1.2652 -2.56189 2.84634 3.57271 0.243072 -0.421326 0.727544 -0.0477475 
-3.65633 -1.42122 1.13654 1.36334 -0.405055 -2.2471 2.96617 3.28519 0.283977 -0.209653 0.653772 -0.109251 
-3.49779 -0.816749 0.411231 1.27582 -0.0518225 -1.97323 2.89695 2.21505 0.060662 -0.263843 0.362308 -0.0371458 
-3.46738 -1.56143 0.738148 1.98218 -0.27564 -2.68832 2.87734 3.26525 0.198485 0.0654757 0.285824 -0.00071507 
-3.41187 -1.88159 0.892141 1.87238 -1.25608 -3.5188 2.12565 3.50768 0.312394 -0.499591 0.644819 -0.0439683 
-3.45313 -2.07005 0.0679372 1.55359 -1.01039 -2.85391 2.52415 2.80755 -0.361222 -0.622818 0.292648 -0.0743787 
-3.35308 -1.45057 0.368999 2.18295 -0.54588 -2.7858 2.11759 3.25995 0.273479 -0.302026 0.42708 -0.0902946 
-2.11304 -1.02631 0.601057 1.99979 0.461642 -2.45987 2.31634 3.08491 0.350801 -0.296883 0.645266 -0.108624 
-2.71167 -2.41691 -0.119835 0.748304 -1.41708 -2.97271 1.87196 2.97461 0.554577 -0.711847 0.314993 -0.244093 
-2.6598 -1.35506 1.53385 0.480249 -2.19007 -2.56675 2.22906 2.51647 0.677955 0.123015 0.642337 -0.147953 
-2.26848 -0.557784 1.63234 -0.111112 -3.38143 1.55115 2.06817 1.68094 1.22513 0.21431 0.522929 -0.274462 
-1.92991 -0.0262869 2.4561 1.4487 -2.92719 1.47905 1.15237 0.377744 0.543699 0.433828 0.588239 -0.0772598 
-0.560685 -0.132552 1.47598 2.53476 -3.20273 0.851295 2.05503 0.741301 0.195337 0.902904 0.330097 -0.059346 
0.838969 -0.856292 2.07651 1.02807 -2.42498 0.15273 2.7815 0.385166 -0.108923 0.953407 0.247869 -0.0877556 
