1.34042 -0.00175531 1.54216 -0.701707 1.18048 -0.247795 0.805728 0.00865494 0.472922 -0.511201 0.0506707 -0.0398153 
1.09767 -0.0629852 1.27846 -0.48139 1.36042 0.0654283 1.08708 -0.208349 0.467522 -0.270011 0.0135109 -0.027447 
1.21575 0.270759 0.754062 -0.48285 1.1118 -0.185107 0.569251 0.0551146 0.480653 -0.270099 -0.0449786 -0.0466065 
0.982522 0.404009 1.31152 -0.440566 1.62411 -0.312103 0.914672 0.368148 0.190096 0.340622 -0.223182 -0.0744123 
0.743374 0.859266 0.772264 -0.202063 0.95096 -0.337514 1.1683 0.114863 0.699671 -0.453332 0.165031 0.0483207 
1.19209 0.0924726 0.821524 -0.145537 1.40353 -0.209477 0.949738 0.0110553 0.66944 -0.147311 0.152274 -0.051763 
1.07625 0.437033 1.57149 -0.383253 0.387452 -0.129121 0.781623 -0.537641 0.695969 -0.241599 0.214748 0.0290794 
1.37828 0.229289 1.51875 -0.0838631 1.93806 -0.151822 0.504983 -0.0272553 0.172089 -0.045072 0.333167 0.0341058 
1.22039 0.457852 1.26518 -0.328919 0.845921 0.177384 0.94395 0.034456 0.54682 0.0178958 -0.0723301 0.00837809 
1.35461 0.42586 1.69621 -0.271016 0.629485 -0.144241 0.462175 0.130383 0.104149 -0.0311075 0.130238 0.0258876 
1.01512 0.433711 0.983688 -1.23386 -0.00532158 0.338613 1.23548 -0.343147 0.484351 -0.0872843 0.0978916 -0.0442172 
1.31983 0.215475 0.673259 0.0291179 0.858435 -0.671493 0.239072 0.00733637 -0.126281 -0.107833 -0.185166 -0.0304701 
1.06279 0.433744 0.832427 -0.241153 1.21163 -0.484086 0.80298 -0.00816039 0.210408 -0.0957422 -0.255845 -0.050935 
1.19156 0.391407 1.28531 -0.142797 0.826711 -0.0853156 1.44224 -0.212626 0.434014 -0.25285 0.0254104 0.030231 
1.29194 0.25528 1.30046 0.0291107 1.47906 -0.343947 1.3313 0.503122 0.718373 -0.033543 0.134447 -0.0435954 
1.27785 -0.0456591 1.26661 -0.0635304 1.30193 -0.253605 -0.0218996 0.136774 0.180451 0.16305 0.150302 -0.000341077 
1.48909 -0.806149 1.13026 -0.0157865 0.87288 -1.35474 1.30216 0.658787 0.615384 -0.481443 -0.0379861 0.041128 
1.26591 0.19449 0.641177 0.0272557 1.54073 -1.02114 0.763557 0.516624 0.499772 -0.32318 -0.00399307 -0.0347088 
1.41108 0.396557 1.3119 -0.763964 0.778601 -0.37267 1.0162 0.168056 0.561576 0.188971 0.0490046 0.0418971 
1.51761 0.222566 1.05186 -0.704794 0.659706 -0.48195 0.780096 0.322484 0.355681 0.229819 0.173664 0.0113967 
1.39777 -0.0395216 1.4527 -0.066132 0.907441 -0.563145 0.208883 0.119821 0.172324 0.111847 0.0906717 0.0509216 
1.29762 0.717981 1.01281 -0.0490123 0.919741 -0.657451 0.90612 -0.0219796 0.513756 -0.0829875 -0.0678255 -0.013281 
1.7113 0.402947 1.27848 -0.774833 0.907971 0.530589 0.17207 0.669492 0.275431 0.0766108 0.114368 -0.0628413 
1.09456 0.328508 1.15861 -0.975578 1.26593 -1.64898 0.458892 0.210898 -0.367299 0.496144 0.007616 -0.0128482 
-0.0197974 1.39658 1.17853 -2.7075 4.16876 -2.70163 0.523069 1.28116 -0.949552 0.844682 -0.195455 0.0675004 
1.17641 0.727401 1.50226 -0.837661 0.495526 -1.19303 0.333872 0.159826 0.143584 0.29058 -0.165675 -0.0356416 
1.27792 0.413839 1.28177 -0.0656531 0.937178 -0.499255 0.400151 0.071524 0.394036 -0.14265 0.0747488 0.0529404 
1.22995 0.267835 1.42839 -0.242528 0.852201 0.355041 1.14804 -0.502284 0.764418 -0.152483 0.143516 -0.0284946 
1.31504 0.170892 1.45914 -0.57261 1.14561 0.223845 0.782184 0.351264 0.686992 -0.38044 0.0610717 -0.00469136 
1.36493 0.453378 1.50983 -0.193619 0.806443 0.130273 0.523826 -0.130702 0.351255 -0.0904194 0.080636 0.00547442 
1.20546 0.113232 1.01031 0.303491 1.0693 -0.087236 0.540831 0.235419 0.892399 -0.16259 0.287693 -0.0834977 
1.4532 0.479576 1.64489 -0.185113 1.41869 0.661699 0.843588 0.172307 0.699667 -0.0370337 0.399832 0.0105212 
1.50945 0.378074 1.52177 -0.14284 0.843343 0.457763 0.88806 -0.192919 0.468708 0.00188386 0.261871 0.00945661 
1.14094 0.210425 1.16544 0.699522 1.58573 0.0733604 0.494733 0.0163434 0.777357 -0.0890111 0.163575 -0.000691994 
1.24256 0.778744 1.66171 0.087085 0.865933 0.317804 0.81916 -0.0201517 0.625423 -0.134207 0.230393 0.0741297 
1.48314 0.805057 1.82697 0.469441 1.18487 0.623254 0.705652 0.957571 1.19996 0.147598 0.279486 0.0259346 
1.29408 0.617598 1.72055 0.584089 1.46442 0.428166 1.2451 -0.234314 0.448065 0.153022 0.336896 -0.0582463 
1.21384 0.479886 1.39635 0.131595 1.81278 -0.228921 0.803147 -0.208957 0.752609 -0.000296472 0.221265 0.0858814 
1.3437 0.254986 1.67776 0.255166 0.616445 -0.499374 0.820882 0.176333 0.203867 -0.255345 0.239054 -0.00147275 
1.1842 0.363249 1.50118 -0.0274674 1.55519 0.00892042 0.673759 0.263342 0.364652 0.0966256 0.137723 -0.0350855 
1.00452 0.805825 1.37793 -0.630503 0.862261 0.105049 0.703734 -1.36422 0.55908 0.0416336 -0.190198 -0.00119204 
1.07701 0.123516 1.34393 -0.00405904 1.10575 0.0996168 0.783746 0.0211236 0.410846 -0.075211 0.0440719 -0.0680312 
1.20588 0.845063 1.35712 0.163645 0.880805 -0.513026 0.600701 -0.0567335 0.204063 -0.178589 0.0980628 -0.125787 
1.27645 0.754113 1.36283 0.300659 0.907404 0.125438 0.0962722 -1.09706 0.643329 -0.621679 -0.0133498 -0.15328 
1.31066 0.539581 1.5594 0.641011 1.5905 -0.0749428 0.520855 -0.261399 -0.178517 -0.58711 0.0828049 -0.0970917 
1.20042 -0.379339 1.67162 0.0677047 1.30697 -0.197173 0.661508 0.302932 0.280332 -0.377625 0.017284 0.0198651 
1.24318 0.168943 0.465244 0.200259 1.59898 -0.986199 1.14386 0.200772 0.378189 -0.0809398 0.166752 -0.00253616 
1.32614 0.0564358 1.48717 0.312268 1.38178 -0.168479 0.270102 0.0685578 -0.113378 -0.12577 0.0263459 -0.00558037 
1.27864 0.515763 1.16599 -0.319071 1.32174 0.0652047 0.571587 -0.194041 -0.0297349 0.0759738 0.00799384 0.0619945 
1.14276 0.198501 1.33199 0.226741 0.962452 -0.221675 0.679279 -0.236332 0.350164 -0.155528 -0.106337 -0.0469684 
1.51859 0.592455 1.86768 0.98723 1.02752 0.739725 1.51501 0.34754 0.888203 0.175901 0.317876 0.0162796 
1.32208 0.917913 1.47205 0.0193511 1.90801 0.724647 1.03749 0.379823 0.798832 0.042818 0.103847 0.00856297 
1.50071 0.608913 1.69218 -0.0093106 1.56465 0.179219 0.431414 -0.0472754 0.94904 -0.12735 0.213949 0.0781576 
0.855811 0.232153 2.53342 -0.467499 0.86266 0.323985 1.44724 1.15294 -0.154747 -0.23425 -0.195063 -0.123141 
1.07001 0.603765 -0.375384 0.505728 1.40606 0.228183 2.03301 2.05795 0.418359 -1.11155 0.364164 -0.0663128 
3.32753 -0.473251 -0.565542 1.64037 2.80014 1.18724 2.58371 1.15935 -0.192466 -0.525277 0.364802 0.227562 
3.808 -1.7542 -1.87954 2.34108 3.88493 2.41886 2.02223 0.773351 0.578616 -0.586202 0.0158591 0.165442 
3.48806 -1.27286 -1.39467 2.41133 3.76986 1.99862 1.2629 1.12238 0.45701 -0.432804 -0.0412325 0.129386 
3.93631 -0.490517 -1.73755 2.83078 4.60415 1.78135 1.06945 0.955525 0.286899 -0.289898 -0.0329728 0.164343 
4.54585 -0.354506 -0.930359 3.39387 5.05501 1.25308 0.645955 0.671886 0.11284 -0.308755 -0.131969 0.15021 
4.73343 0.571984 -0.455106 1.71301 3.43537 -0.0123761 0.765067 0.688201 -0.12396 -0.839991 -0.38412 0.0813523 
4.88319 0.761058 0.599604 -0.106088 4.23035 -0.95188 0.586108 1.12882 -0.970653 -0.788179 -0.403866 0.180594 
5.05848 1.08884 0.028711 -0.0531025 4.27308 -1.13424 -0.122268 0.998678 -0.72428 -0.659001 -0.524312 0.114062 
5.31794 1.49413 0.274276 -0.645469 3.89464 -2.27375 -0.365929 0.302983 -0.651438 -0.681357 -0.652968 0.148185 
5.12417 2.05626 -0.0590515 -0.00301857 3.36184 -1.88353 -0.606929 0.0419562 -0.3906 -0.94442 -0.507555 0.0829717 
5.17826 1.89859 0.0933581 -0.195247 3.03856 -1.14048 -1.0587 0.539183 -0.497485 -0.857107 -0.255752 0.0707592 
5.36849 1.75562 0.132004 -0.745231 3.96551 -1.6916 -0.881048 0.760191 -0.677504 -0.395773 -0.278475 0.141008 
5.06006 2.03959 -0.219609 -0.514043 3.15124 -1.64879 -0.67807 1.03025 -0.453759 -0.331502 0.0168206 0.220165 
4.16549 1.54475 0.514299 0.839877 1.66691 -1.20831 -0.806453 0.647088 -0.209715 -0.633887 0.07246 0.112951 
4.13429 2.01045 0.8135 0.514008 1.90038 -0.6946 -0.257596 0.404153 -0.489994 -0.504297 0.101538 0.0763153 
3.78562 2.19811 0.860404 0.752277 1.43004 -0.129272 -0.137113 0.292861 -0.0314788 -0.176817 0.275901 0.0725844 
4.17115 2.62681 0.997695 1.09357 1.95108 -0.161216 0.864344 0.924875 -0.275778 -0.358487 0.20818 0.121046 
3.75369 2.20273 0.646223 1.52555 3.89374 0.0582649 1.04697 1.06019 -0.220145 -0.975675 -0.178441 0.0796165 
4.24079 2.57402 0.780978 1.92211 2.72566 -0.333106 1.52272 0.8277 0.0105022 -0.959213 0.21851 0.176433 
3.86566 3.40191 1.05785 2.59415 1.32352 -0.793265 1.17871 0.658561 0.203387 -0.597044 0.478412 0.121435 
2.74734 2.33006 2.28812 2.78082 1.27934 -0.35294 1.30389 1.81971 -0.345706 -0.181482 0.576268 0.0896426 
0.95266 1.56579 2.55456 2.77008 1.46857 -1.13081 1.658 1.79335 0.0870669 -0.267616 0.852087 -0.000534525 
-0.492997 0.896664 2.58248 4.49215 0.72317 -3.07426 0.652946 2.25747 0.135714 -0.571353 0.608118 -0.0181314 
-1.19909 0.573534 2.4519 4.02428 0.648294 -2.77894 1.0885 2.39821 -0.309808 -0.29482 0.413403 0.0281633 
-1.23153 0.34659 2.09626 3.5079 1.13573 -2.31365 1.45005 2.3966 0.0333481 -0.446711 0.485247 0.0251497 
-1.62371 -0.175021 2.5371 3.82971 0.744765 -2.3035 2.87517 1.57535 0.0354529 -0.395947 0.767603 -0.020178 
-1.62068 -0.516943 2.43668 3.7169 0.416466 -1.24574 3.55929 2.4492 -0.455974 -0.376148 0.782219 -0.00778273 
-1.65479 -0.997971 1.65054 3.17086 0.7028 -1.35229 3.0968 2.34047 -0.347831 -0.528238 0.676223 0.0394219 
-2.30804 -0.858302 2.28847 2.84166 0.241437 -2.30411 2.81838 2.03419 -0.0439233 -0.714201 0.982766 -0.0440216 
-2.23417 -1.60043 1.04889 2.40823 0.457638 -2.27671 2.91846 2.69862 -0.147698 -0.987157 0.810938 -0.0397361 
