1.19997 -0.494454 1.24482 1.07859 1.36749 -1.93641 -0.17023 1.06127 0.970663 -0.31096 0.0709492 0.0740072 
1.20093 0.603709 1.4638 -1.03182 1.07951 -0.606206 0.65233 -0.478138 0.0344198 -0.0292026 0.146791 -0.126359 
0.895029 1.07231 1.08605 -0.534733 1.14325 -0.0349458 0.426557 -0.236012 0.69002 0.31439 0.197781 -0.0724536 
1.03155 1.12181 1.41239 -0.48377 1.74652 0.425103 0.728419 -0.0386881 0.530027 0.116486 0.0421752 -0.0662015 
0.83574 0.846883 1.18385 -0.496708 1.13668 -0.29966 0.286068 0.0241274 0.466911 0.284222 0.0667659 -0.0380688 
1.06759 0.433403 1.50694 -1.31899 1.37557 0.355785 0.552732 -1.03735 0.0662193 0.41359 -0.0658517 -0.0590916 
1.28579 0.243948 1.38673 -0.561968 1.00789 -0.0619754 1.18661 0.130922 0.265204 0.0300713 -0.00193727 -0.0191452 
1.07525 -0.322464 0.932786 0.13149 1.84621 0.0299805 -0.395442 -0.772222 1.36731 0.227679 -0.172379 -0.0953795 
1.27354 -1.24549 0.0157386 1.10291 2.26342 -0.502022 -0.89522 0.0742587 1.16755 0.436163 -0.13976 -0.176367 
1.4372 -1.60645 -0.625762 0.930613 2.99924 -0.228736 -1.65187 -1.07114 1.50081 0.101436 -0.177504 -0.117597 
1.28437 -1.56752 0.0377013 0.476843 3.16555 -0.124065 -1.68826 -0.580334 1.3693 0.49776 -0.0593032 -0.0882694 
1.00657 -0.785616 -0.0787946 0.204459 2.83216 0.22792 -0.69759 -1.00235 0.503136 0.276078 -0.0114072 -0.255147 
0.983114 -0.150928 1.46229 0.204143 2.4763 0.00102323 0.380813 -0.692958 0.434482 0.207592 0.0983279 -0.0440675 
1.04991 -0.546737 1.27442 -0.332813 2.13456 -0.257245 -0.537928 -0.501308 1.01521 0.0766701 0.25437 -0.114455 
1.21392 -0.105156 0.89559 0.345758 1.31408 0.272266 0.269421 -0.714512 0.553641 -0.0361831 0.162873 -0.073723 
1.24313 0.442356 1.16422 -0.258048 1.39388 -0.546444 0.624706 -0.484504 0.532902 0.0796644 0.127736 -0.0432285 
1.34742 0.237802 1.80845 0.235102 0.633249 -0.110747 1.13498 0.284193 0.6102 -0.300811 0.0394519 0.0196813 
1.19969 0.314724 0.807194 -0.481358 0.871344 -0.309479 0.703448 0.578545 0.498084 -0.254799 -0.11397 0.0083032 
1.21858 0.603314 1.74472 0.00135602 0.886443 -0.444548 0.611435 -0.480257 0.613326 -0.113934 -0.305999 0.0364529 
1.2894 0.150418 1.4135 -0.351703 0.861285 -0.572997 1.39279 -0.513356 0.284327 0.361698 -0.0481209 0.0363095 
1.28428 0.326817 1.61675 -0.183317 0.363307 -0.879094 0.695105 0.132246 0.0565157 -0.0602126 0.290179 0.0345424 
1.15184 0.380929 1.68694 -0.818236 1.06311 -0.652524 1.0119 0.707562 -0.0666311 -0.399393 0.0565409 0.0628304 
0.731405 0.649042 2.98011 -0.230301 0.804083 1.24687 1.56786 3.60278 0.738046 -0.409961 0.121911 -0.041687 
2.02638 1.09683 0.00953149 0.0648003 2.10537 0.715839 1.68208 1.99433 0.411638 -1.15768 0.774657 -0.081917 
3.49157 0.0300798 -0.10642 1.68089 2.24672 2.3704 2.33401 1.39605 -0.674787 0.176451 0.540659 0.13326 
3.9541 0.0506628 -0.162626 3.33629 3.90359 2.37937 2.15169 1.02922 -0.222752 0.17392 0.247982 0.165993 
4.44111 -0.351939 -0.334315 4.10892 4.35362 1.93155 2.42529 1.09356 -0.0302083 0.0377875 0.00449847 0.109456 
5.07612 -0.0256519 -0.215755 3.14055 4.81566 2.63398 2.13509 1.45315 -0.758771 0.0818553 0.13271 0.121796 
3.71346 1.03636 0.852317 2.7995 3.08626 1.42831 1.23869 0.716825 -0.494813 -0.194657 0.0420733 0.0829241 
3.50252 1.85862 1.49219 1.78981 1.89866 0.729966 1.06889 0.338391 -0.258869 -0.160815 -0.131372 0.00282841 
3.60371 2.00949 1.72526 1.59195 2.16598 0.403338 1.34618 0.545324 -1.11356 -0.382424 0.168991 0.0676022 
3.91419 2.02176 1.65812 1.82864 2.70827 0.232061 0.883223 0.434518 -0.763638 -0.435507 -0.0471087 0.0429674 
4.20807 2.41945 1.86004 1.40719 2.83554 -0.374745 0.448974 0.639142 -0.994356 -0.396939 0.0195175 0.0547315 
4.50889 2.33323 1.96866 1.10844 3.76979 -0.94746 0.519596 0.826581 -0.946405 -0.706731 -0.0239333 0.131339 
4.52755 2.65802 1.75275 1.49583 2.59697 -0.824058 0.229753 0.56994 -0.901966 -0.26525 0.0686784 0.0899061 
4.66666 2.63161 1.61647 1.92187 3.23103 -1.2859 0.544858 0.729881 -0.488976 -0.38043 -0.0794233 0.133907 
3.78807 3.74169 1.00695 2.27626 2.15644 -0.739591 -0.0159065 1.19317 -0.176517 -0.819592 0.270889 0.0693357 
4.49394 2.68685 1.94774 2.14999 2.39488 -0.428037 0.21362 1.06473 -0.320703 -0.514569 0.0439445 0.0790801 
3.65583 2.27319 1.6776 1.5992 1.3583 0.232071 0.15685 0.2743 -0.0304149 -0.233321 0.24247 0.0574366 
3.47252 2.46065 1.65685 1.64763 1.11964 -0.0904149 -0.234788 0.125759 0.186495 0.0700344 0.273487 0.0575871 
3.98822 2.49449 1.60132 1.80857 1.35641 -0.438639 -0.262412 0.503437 0.148915 -0.182487 0.248312 0.0844955 
5.1239 2.9588 1.23615 1.39656 1.89271 -0.587839 -0.14803 0.9826 -0.0820795 -0.408744 0.159274 0.151951 
5.06986 2.89616 1.24512 1.09729 2.52306 -1.22264 0.146695 0.857041 -0.0571282 -0.502169 0.10673 0.186412 
6.81621 2.07811 0.389877 0.533584 4.12586 -1.64771 -0.513588 1.35089 -0.687433 -0.0381034 -0.28264 0.194194 
4.98955 2.63369 -0.0377358 1.39397 3.6266 -1.17094 0.054487 0.503412 0.523862 -0.487898 -0.0124252 0.19988 
4.44741 2.202 0.154356 2.35282 3.70187 -0.581234 0.937085 -0.0279265 0.655283 -1.04376 0.168969 0.195329 
4.11872 2.54798 0.666 2.30768 3.93198 -0.447181 0.844651 1.11174 -0.390496 -0.821279 0.226929 0.236717 
3.4927 2.22564 1.72229 2.20548 1.54742 -0.427572 1.33907 0.921957 0.279152 -0.496807 0.455943 0.120014 
3.15846 2.32924 2.07026 2.03199 1.42228 0.429341 0.796465 0.76567 0.209417 0.0545453 0.28392 0.0645565 
1.17468 1.32581 2.15603 2.15435 0.824457 -0.901207 1.68614 2.13158 0.766807 -0.427912 0.632331 0.0747222 
0.152576 0.407917 2.47009 2.85014 0.40775 -0.787727 2.28987 1.89403 0.0290546 -0.432307 0.67792 0.00240955 
-0.321967 -0.264321 2.22409 2.7995 0.594171 -1.12784 2.16741 1.82947 0.785213 -0.641577 0.664647 -0.0991491 
-1.5772 -0.709103 1.7299 3.40559 0.859767 -0.0780562 1.99577 2.14684 0.543341 -0.505862 0.381885 -0.0403525 
-1.97851 -0.36898 -0.0761856 3.76539 0.252439 -1.38227 1.5808 3.11828 0.0845294 0.200749 0.0271773 0.0175135 
-1.70841 -0.640943 -0.0513054 3.70937 -0.113157 -0.227887 1.09244 2.49318 0.804768 -0.314295 0.162017 0.0185665 
-2.19958 -1.58051 0.513401 2.32164 0.291675 -0.814705 1.50947 2.27409 1.1871 -0.215473 0.184728 -0.0196985 
-2.28199 -1.83305 0.506309 2.31802 0.578643 -1.26364 2.40541 1.91089 0.95988 -0.318116 0.454999 -0.0902551 
-2.42535 -2.22004 0.375861 2.03524 0.171534 -0.805602 2.95198 2.48976 0.364712 -0.533308 0.42818 -0.121392 
-2.31496 -2.09475 -0.262364 0.866436 -0.173363 -1.37652 2.55524 1.6994 0.102171 -0.781115 0.303721 -0.116779 
-2.9794 -3.02843 -1.28996 0.195864 -1.65795 -1.18936 1.84245 1.28222 -0.0907829 -0.479363 0.108498 -0.0842442 
-3.46322 -3.3674 -0.359005 -0.326483 -0.798754 -1.51269 2.40664 1.41614 -0.871945 -0.949233 0.410432 -0.0552828 
-2.55924 -2.87945 -0.182274 0.555107 0.147917 -2.61807 2.45753 1.91503 -1.02687 -0.986833 0.44757 -0.124196 
-3.41665 -3.44806 -1.68256 -0.151729 -1.72805 -1.49243 2.36366 1.55537 -0.767537 -0.775995 0.505947 -0.126982 
-2.89892 -2.58465 0.0818126 0.979278 -2.36356 -2.12912 2.64844 1.90412 -0.78973 -0.871439 0.526319 -0.123932 
-2.12965 -2.22512 -0.813863 0.88122 -2.49754 -2.75168 2.0557 2.41488 0.124686 -1.15605 0.320005 -0.113 
-2.43363 -2.58424 -1.2962 0.416363 -1.61338 -2.92564 1.24014 2.74016 0.341393 -0.605427 0.0475337 -0.141749 
-0.970717 -2.56212 -1.90275 -2.11347 -0.725992 0.961543 2.27667 1.8621 -1.32201 -0.27558 0.406979 0.0705129 
0.075735 -2.05718 -1.55239 -1.33467 -2.6147 2.0787 5.23854 1.358 -0.632121 0.00502026 -0.148788 0.0453452 
1.11543 -1.38352 -0.569287 0.52157 -4.69284 1.81607 3.10852 0.893439 -0.153676 0.45906 0.0563711 -0.0822842 
0.569345 -0.843264 2.2536 1.69955 -3.99157 -0.356821 2.41997 0.928706 0.100804 0.790253 0.442746 -0.0208172 
0.780257 -0.390492 1.45144 1.18088 -1.27646 -0.609865 1.45113 0.0439915 -0.377222 0.298943 0.24708 0.0346658 
1.02365 -0.493825 1.43152 1.60687 -1.18596 0.327153 1.24043 0.707428 0.387925 0.0468633 0.377421 -0.00198239 
0.895895 0.478496 1.07139 0.950002 0.426767 -0.490126 0.863529 0.00827659 -0.748367 -0.0840003 0.222481 0.0253907 
0.989467 0.321957 0.674518 0.452295 0.973461 -0.759944 0.559793 -0.161476 0.347801 0.0481804 0.0939572 0.0561181 
1.05735 0.447346 1.20117 0.525078 0.67429 -0.470182 0.522554 -0.0112246 0.134074 0.171817 0.0797335 0.0172402 
1.09012 0.727447 0.618829 0.275643 0.330099 0.267328 0.215955 0.262272 0.0439205 -0.172392 0.186655 -0.00233382 
0.90748 0.275376 0.418906 0.288963 0.476722 -0.223886 0.280886 -0.0339836 0.514779 0.406333 -0.218479 -0.0685238 
0.876695 0.497192 0.529655 0.0965389 1.79273 0.446536 0.000432579 0.251048 0.512677 0.262079 0.115586 -0.146031 
0.842327 0.29604 0.960492 0.632666 0.874364 0.121114 0.970126 0.260768 -0.169796 0.130716 0.0615995 -0.0043617 
1.00369 0.88126 0.786755 0.70684 0.709009 -0.296419 0.0299575 -0.413621 0.504106 0.0566235 0.0460945 -0.0224811 
1.1066 0.562675 0.510357 0.449616 0.690266 0.256208 0.539636 -0.311843 0.245972 0.0264224 0.295704 0.00749337 
0.737755 0.918768 0.431305 -0.0194061 0.104318 0.0157207 0.604593 0.137744 -0.0918189 0.0126037 0.0470067 -0.00847225 
0.981483 0.945613 1.18077 -0.0167347 1.50935 0.295458 0.282079 0.0746982 0.391461 -0.295017 -0.129373 0.00297948 
1.11398 0.427587 0.537243 0.180213 1.24004 -0.3357 0.247339 -0.443807 -0.275994 0.20634 0.0224389 -0.0181477 
0.901422 0.416391 0.72266 0.588573 1.00283 0.63821 0.64747 0.175603 0.291188 -0.202063 0.304006 -0.00538525 
