1.5324 0.183748 1.41398 0.180865 0.928179 -0.30193 1.42491 -0.151479 0.643892 0.229111 0.189387 0.0560203 
1.3459 0.368121 1.42684 -0.429676 0.122914 0.222761 0.751352 -0.0683624 0.04342 0.180657 -0.00261922 0.0345822 
1.13083 0.273656 1.13356 0.192905 0.507738 -0.181878 1.58097 0.127293 0.34807 -0.297105 0.0229794 0.0606489 
1.13622 0.162948 0.788582 -0.492223 0.889569 0.200507 0.592865 0.336349 0.30613 -0.204062 0.330834 0.00536634 
1.37418 0.194303 1.70685 -0.898697 1.15893 -0.727551 1.12631 0.0866909 0.508144 0.283654 0.134038 0.047792 
1.10381 0.221543 1.02422 0.0531789 1.72758 -0.276918 0.685129 0.188406 0.46971 -0.192766 0.0339469 -0.0604731 
0.925628 0.190866 0.882426 -0.10653 0.0557519 -1.0398 0.161958 -0.456175 0.33135 -0.445552 0.235596 -0.0446518 
1.28064 0.0507198 1.09258 -0.332783 0.842762 -0.874814 0.349793 -0.139728 0.403669 -0.0146709 -0.208 0.0406351 
1.38404 0.263291 1.4683 -0.128809 0.906459 0.547698 0.622173 -0.446263 0.189821 -0.0160729 0.0311504 -0.00693534 
1.20531 -0.133724 0.918197 0.0876461 1.64965 0.214057 0.0774096 -0.293195 0.732409 -0.112878 0.0211146 0.0315561 
1.44043 0.0857411 1.47696 -0.49545 0.762826 -0.29536 0.320449 0.138469 0.407504 0.22697 -0.185817 0.043058 
1.09594 0.298685 1.37135 -0.918015 0.603091 -0.716968 1.15578 -0.311066 0.0346797 -0.178541 -0.0394297 0.0551238 
1.35174 0.185836 1.72901 -0.735348 1.00613 -0.796696 1.18581 -0.0921264 0.146792 -0.0434028 0.163655 -0.00881822 
1.15926 0.315773 1.29704 0.0191104 0.113697 -0.130616 0.885554 -0.0269537 0.961007 -0.151128 0.00560363 -0.0127015 
1.26993 0.267488 1.74268 -0.360967 1.39037 0.078024 0.538461 0.159266 0.172405 -0.125376 -0.00999921 -0.000578711 
1.39425 0.0740666 1.51941 0.131079 -0.251521 0.606712 0.931159 -0.785024 0.405857 0.0542703 0.0614382 -0.025376 
3.4914 1.83971 0.469515 1.14974 0.349823 -0.00031822 1.92697 2.07672 1.36986 -1.20545 0.247353 -0.0380555 
2.86602 0.95224 0.878708 2.574 2.71686 1.34604 0.997133 1.55283 0.531939 -0.712876 0.113332 0.108015 
3.11316 0.898975 1.03335 2.42908 3.06541 1.32961 1.39751 1.2496 0.320363 -0.476057 0.138754 0.11895 
3.66288 0.298513 0.454107 3.23966 3.38136 1.64917 1.29268 1.37587 0.561467 -0.586712 0.0750586 0.186223 
3.83536 0.581624 0.482377 3.22978 4.15825 1.84989 1.44501 1.65275 0.178072 -0.361361 -0.00197586 0.185482 
4.16791 1.68944 0.184711 2.10081 2.30687 0.264495 0.864286 1.62019 0.592963 -0.416196 0.00296616 0.085279 
4.51245 1.93364 1.17972 0.354209 1.6608 -0.0332276 1.19184 0.733218 0.442371 -0.771543 -0.232563 0.000130094 
4.99285 2.47017 1.41485 1.09586 3.11092 -1.04887 1.43737 0.81971 0.126231 -1.01954 -0.378049 0.10932 
4.51974 2.88191 1.17418 1.29218 3.34332 -0.586285 0.594286 1.07026 0.184159 -1.12706 -0.325708 0.00497855 
4.64017 2.60092 1.24582 0.410438 2.84013 -0.77088 0.554698 0.524329 0.0523295 -1.12036 -0.133493 0.0714644 
5.26656 2.86664 1.0753 -0.474784 3.45566 -1.65699 -0.10715 1.32498 -0.28056 -0.714586 -0.369919 0.055915 
4.09594 2.77386 1.1566 0.835769 1.7432 -0.155025 0.208379 0.100192 -0.0716277 -0.526007 0.0240537 0.00277079 
3.8831 2.79728 1.70406 0.958633 1.4326 -0.391073 0.101151 0.230279 -0.146747 -0.381086 0.132902 0.0218686 
4.59135 3.43433 1.70435 0.701188 2.31734 -1.25221 0.101108 0.466659 0.370873 -0.578075 0.095497 0.0638361 
4.55013 3.45116 1.34732 0.578517 2.9296 -1.51569 0.583208 0.380245 0.187735 -0.845193 -0.0284 0.0770717 
5.14753 3.12281 0.838526 0.316376 2.93758 -1.30877 0.170351 0.151719 0.520106 -0.938375 -0.236384 0.0447097 
4.74594 3.475 0.0586858 -0.160932 4.37862 -1.53858 0.148993 0.473718 0.345766 -0.955598 -0.220292 0.0275572 
4.74704 2.92166 0.269293 1.01225 3.82108 -0.884446 1.06512 0.511434 0.387016 -1.05041 -0.181921 0.13646 
3.36247 2.67783 0.710713 1.70087 2.90827 -0.0488972 1.37275 0.89408 0.317029 -0.91744 0.163457 0.0595301 
3.2519 1.8047 1.65661 1.6764 1.74207 0.595993 1.37311 0.721523 0.304737 -0.485315 0.279663 0.0745053 
3.18572 2.68761 1.65615 2.03287 1.54617 0.37836 0.982023 0.873231 0.551072 -0.249804 0.371967 0.0587302 
3.6302 2.59556 2.31754 1.76562 1.04943 -0.189312 1.28575 1.18626 0.908014 -0.492632 0.572787 0.124571 
1.23982 0.731765 2.57322 5.31537 -0.686236 -1.9708 2.76491 1.09578 0.466446 -0.301821 0.600268 0.0951953 
-0.652522 0.481126 3.29941 2.98972 0.725251 -1.30119 1.95114 1.752 0.29008 -0.392103 0.910461 -0.122948 
-1.86466 1.12867 2.3814 3.44146 -0.223329 -1.84508 2.41202 1.39856 0.248267 -0.096142 0.620803 0.0138367 
-2.59274 0.191551 1.52477 4.88359 0.221728 -1.91093 1.81636 1.81857 0.235234 0.0626077 0.332449 0.00484612 
-2.7434 -0.687409 2.15873 2.54954 -0.155757 -2.84276 3.10086 2.00933 0.44469 -0.240176 0.690885 0.0233546 
-3.18283 0.256042 2.65461 3.78455 0.43453 1.78216 1.58414 1.40269 1.04014 -0.753558 0.460406 0.24755 
-2.66597 0.893464 0.270364 2.90213 -0.0967636 -0.424233 1.22386 2.53584 0.440986 -0.302583 0.371892 -0.0306667 
-3.04563 0.267431 0.467633 3.19809 -0.213468 -0.862316 2.73485 1.67736 0.710526 -0.417058 0.373265 -0.0117634 
-3.30419 -0.237193 0.286717 1.77595 -0.413944 -0.644228 3.12818 1.64686 0.681103 -0.546956 0.605745 -0.144902 
-3.24696 -1.44905 -0.00166992 0.564109 -0.167255 -1.4427 2.56978 1.62489 0.264244 -1.0386 0.5825 -0.237756 
-3.27801 -2.51511 -0.133469 0.227838 -1.44074 -2.10214 2.23936 1.66003 0.564059 -1.02696 0.470374 -0.213812 
-2.35735 -1.68518 0.0860745 0.0238944 -1.01696 -1.6476 1.54354 1.70136 0.440382 -1.00316 0.649997 -0.174167 
-2.85415 -2.56787 -0.431236 0.0788148 -0.752917 -2.0572 2.33378 1.7857 0.0985993 -0.972031 0.215046 -0.144921 
-3.81191 -3.0299 -1.77825 -1.00257 -2.04508 -0.959063 2.86771 1.30814 -0.232408 -0.707167 0.264831 -0.169809 
-3.76244 -3.03347 -1.42622 0.682087 -2.3012 -1.59126 2.01872 2.27857 -0.288138 -0.782184 0.456645 -0.267009 
-2.38721 -1.28855 -0.699161 -0.326211 -2.28546 -1.65662 1.64313 1.73211 -0.318427 -0.777414 0.680825 -0.230911 
-1.4438 -0.698993 0.467315 1.90416 -0.880114 -2.2906 2.51544 2.31575 0.443772 -0.630309 0.570304 -0.0675467 
-2.13589 -1.8549 -0.10695 -0.281087 -2.30067 -2.7654 1.87895 2.47962 0.372764 -0.751775 0.527446 -0.229222 
-1.21504 -1.85538 0.842935 -0.638808 -3.36345 -3.62671 2.36487 1.41797 -0.084891 -0.759886 0.42299 -0.132928 
-0.165065 -2.10666 0.111807 -1.16571 -3.18465 -2.52952 1.6598 2.61522 -0.523433 -0.107237 0.180699 -0.172252 
0.994469 -2.97451 1.1273 0.157135 -4.5865 -2.29243 3.82728 2.53496 -0.705245 0.902108 0.318754 -0.156626 
1.03375 -2.63164 1.70895 0.256033 -4.40248 -2.23799 2.4424 2.15385 -0.489831 0.178278 0.210546 -0.141257 
1.64843 -0.173295 0.464885 -1.10755 -2.04567 -1.01078 2.53843 1.96689 0.589251 0.0955089 0.53998 -0.147342 
1.76577 -0.0610841 0.129308 -0.798119 -1.058 -1.36405 1.72974 2.1259 0.448374 0.352521 0.196058 -0.143315 
1.59287 0.299568 0.526664 -0.16258 -1.2978 -0.915808 1.56988 1.75433 0.689091 0.443361 0.28339 -0.114176 
1.2437 0.538383 0.5753 -0.116744 0.914101 -0.286714 0.453321 0.454415 0.425831 0.233831 0.256812 0.070106 
1.50956 0.436305 0.564263 -0.285562 -0.8342 -1.15172 -0.231874 0.10603 -0.578113 -0.366351 -0.190947 0.0181469 
1.52871 1.34366 1.16641 0.140406 1.40876 0.594048 0.554388 -0.0335102 0.255427 -0.0349407 0.197884 0.0611246 
1.4365 0.934058 0.935622 0.412539 0.678585 0.784284 0.325937 -0.184143 0.206598 0.37301 0.343409 0.0353949 
1.1459 0.921301 1.07327 0.586391 1.09695 -0.454531 0.583381 -0.500378 0.0209463 0.162897 0.139006 0.0159737 
1.11991 0.735969 0.730374 0.358398 1.27033 0.460231 0.325208 0.290518 0.0516807 0.499221 0.269947 -0.00629588 
1.26902 0.225393 0.400737 0.619176 0.943787 0.47041 0.382421 -0.232335 0.291006 0.034124 0.104128 0.0445865 
1.40443 0.911205 0.927864 0.744811 0.892909 0.562275 0.43679 -0.0531655 0.610844 -0.0264961 -0.0374339 0.0750022 
1.49486 0.51007 0.521542 -0.233396 0.270355 0.950449 0.470437 0.208086 0.0577568 -0.0525171 0.0650262 -0.0830616 
0.849129 0.883408 0.861699 0.492329 1.0806 0.132643 0.293823 -0.389344 0.295945 0.168571 -0.00159303 0.0326847 
1.26262 0.609748 0.340594 -0.397612 0.817362 0.348098 -0.0572414 -0.277584 -0.00110649 0.325066 0.187638 0.0694383 
1.17735 0.70082 0.589276 -0.0525472 1.64476 -0.529209 1.25105 -0.247571 0.297025 0.219039 0.298601 0.0102487 
1.24243 0.989341 0.854227 0.0618591 1.40251 0.52186 0.894071 0.0561056 -0.143357 -0.330963 -0.0327001 0.045608 
1.02056 0.569564 0.810732 0.0728787 1.03646 0.255401 0.149517 0.232899 0.184161 0.46721 -0.0706866 0.0197984 
1.05148 0.447459 0.982805 0.0414005 0.332385 -0.0327686 -0.424561 -0.210773 0.735399 -0.0439653 -0.0116323 0.0386616 
1.1523 0.206416 0.970955 -0.580385 0.609253 0.75499 0.412513 0.451729 0.0524237 0.101694 -0.122497 0.0358218 
1.09418 0.466564 0.714627 -0.0943568 0.495845 -0.0158149 -0.0818299 -0.241146 0.297244 -0.00795719 0.260724 0.0467337 
1.03539 0.387053 0.452212 -0.313969 0.854827 0.0327691 0.258816 0.405028 0.10985 0.13319 -0.0238486 -0.0527047 
1.2069 0.539317 1.20583 0.266951 0.666468 0.749512 0.542962 -0.500919 0.0735427 0.030287 -0.0331428 0.0292204 
1.35185 0.60174 1.58506 0.323577 1.37635 0.30401 0.306111 -0.508738 0.408656 -0.179504 -0.0232355 -0.027586 
1.20133 0.607499 0.953027 -0.12472 0.959011 0.469037 0.296696 -0.219242 0.380645 0.110357 0.00979108 0.0116997 
1.6573 0.288199 1.12779 0.270984 0.52486 0.396351 0.428748 -0.312534 0.409805 -0.263631 -0.197208 -0.0766869 
