1.02467 0.186052 1.1912 -0.407375 0.957821 0.19587 0.98165 -0.150622 0.443797 0.0851167 0.0413881 -0.0900807 
0.95206 0.103215 1.69664 -0.114977 0.607312 -0.154708 0.93507 0.357048 0.544697 -0.19964 0.143631 0.033096 
0.99708 -0.32507 1.58446 -0.62103 1.4689 -0.546841 0.656841 -0.487379 -0.0791003 0.0188056 0.0399555 -0.00406853 
1.31468 0.0597825 0.861544 -0.138774 1.24872 -0.0971256 0.725187 -0.195286 0.532502 0.0937545 -0.142621 0.0628003 
0.952706 0.269225 1.60258 0.190142 1.36423 -0.0707903 0.994505 -0.201873 0.406902 -0.0817147 -0.0329993 -0.0317558 
0.920914 0.0672717 0.503225 -0.0840057 1.17712 -0.621201 0.86911 0.00511592 0.297896 -0.584022 0.0428934 -0.0208713 
0.800918 0.476368 1.29676 -0.075 1.53809 0.162272 0.849123 -0.377959 0.512661 -0.256622 0.260967 -0.047955 
1.418 0.31067 1.38212 0.437354 0.933027 -0.142565 0.310963 0.0833252 0.550544 -0.333842 0.0559124 -0.0424237 
1.22243 0.436009 1.19126 -0.0398261 0.993883 -0.786257 0.611729 -0.800363 -0.181846 -0.0108301 -0.0896938 -0.0104937 
1.4174 0.0757477 1.02282 -0.963596 1.36755 -0.57822 0.673797 0.139127 -0.260511 0.0329488 -0.105618 -0.0185883 
1.22266 0.390726 1.58083 -0.441014 1.07976 -0.257606 1.06852 -1.01334 0.0505466 0.383529 0.0982072 0.0028167 
1.08948 0.526063 1.39512 0.392239 0.882867 -0.647915 0.845714 0.035749 0.124867 -0.0247411 0.113581 -0.00887297 
1.18996 0.616026 0.895154 -0.548328 1.2171 0.0105879 0.317186 -0.414442 0.349549 0.128921 0.118293 -0.119057 
1.13049 0.120384 0.952456 0.433202 1.25267 -0.201977 0.519375 -0.442857 0.482848 -0.532508 0.350115 -0.0295484 
1.12251 0.802826 1.29943 0.373658 1.72608 -0.825969 0.699386 0.255194 0.0902535 -0.334286 0.277263 0.0228047 
1.26054 0.0767476 1.36252 -0.0309946 0.593372 -0.496783 0.68289 -0.497393 0.429888 -0.395552 -0.0218791 -0.0167322 
1.19336 0.461634 0.954792 -0.570078 1.1525 -0.597816 0.793043 -0.446923 0.664579 -0.391934 0.138056 0.051638 
1.1088 -0.240283 1.96674 0.212814 0.177544 -0.421243 -0.0299333 -0.299304 -0.0134079 0.142203 0.0749359 -0.0469665 
1.1415 0.0668178 1.30738 -0.308658 0.862613 -0.514272 0.737706 -0.246258 -0.281055 -0.311864 0.0899923 -0.0697222 
1.29444 0.0524718 1.26244 -0.340001 1.50487 -0.347555 0.998682 -0.153995 0.396242 -0.419489 0.248233 0.0859889 
1.16931 0.294209 1.29927 -0.398032 0.314682 -0.491776 0.849233 0.0899268 -0.117204 -0.0980977 -0.035672 -0.0298284 
1.24776 -0.149899 1.01103 -0.0358784 0.954621 -1.37199 0.837286 -0.28044 -0.215386 -0.145612 -0.0611492 -0.0557337 
1.07426 0.297257 1.29735 -0.747375 1.69233 -0.048761 1.15825 -0.282094 0.183589 0.276483 0.0819045 -0.0431762 
0.94661 -0.0917254 1.54741 -0.513197 0.712356 -0.994673 0.441682 -0.412211 0.204558 0.458623 0.0191538 0.0304563 
1.33299 0.47479 1.30446 0.149181 0.373711 -0.902817 0.491876 -0.458401 0.272249 -0.469116 -0.0625635 -0.0551399 
2.24543 -0.956745 2.46663 0.759305 0.232743 2.87664 1.3915 0.984991 -0.290212 -0.66473 -0.115441 -0.000953524 
3.22192 -0.226165 1.36813 3.11236 1.03793 0.735337 2.01457 1.77791 1.14373 -0.187952 0.166909 0.111447 
4.69745 -1.86909 -0.717908 3.6763 3.36494 1.75118 2.11787 1.84662 -0.171087 -0.553127 0.0492117 0.176679 
4.10493 -1.65145 -1.24435 4.15485 4.26567 1.39101 2.08497 1.45112 -0.0791012 -0.453995 0.18988 0.245446 
4.51284 -1.43237 -0.663252 4.08918 4.0551 1.15943 1.70701 1.17026 -0.0560706 -0.42593 0.130927 0.209434 
3.98526 -0.689291 -0.107421 4.02061 3.48868 1.19611 1.57781 1.06367 -0.0708139 -0.515834 -0.0198604 0.157087 
5.48502 -0.574866 0.12743 3.99484 4.45413 0.182962 1.84497 0.504855 -0.196543 -0.718801 -0.123608 0.170524 
4.0744 1.88344 0.847201 1.99149 3.90966 -0.432154 1.14405 0.898159 -0.791703 -1.00848 -0.335633 0.114324 
4.02123 2.00412 1.03382 1.36666 1.90693 0.290415 0.736464 0.366259 -0.75666 -1.11978 -0.136771 0.0108117 
3.72631 2.22972 1.10978 1.21802 2.55429 0.137177 0.687874 0.49983 -1.12838 -0.952037 -0.179735 -0.00545543 
4.32575 1.9971 1.15562 1.28465 3.30019 -1.03768 -0.182207 0.649508 -0.923055 -0.912668 -0.0732883 0.0867063 
4.60545 2.2813 0.936171 1.568 3.13378 -1.1191 -0.502369 0.301876 -0.304438 -0.603077 -0.267771 0.0279838 
4.31425 2.62735 0.95642 1.32861 2.11991 -0.971024 -0.357734 0.0404574 -0.105196 -0.406074 0.0136804 0.0486187 
4.01513 3.04078 1.76458 1.02332 1.94131 -0.51782 0.15897 -0.0496933 -0.464777 -0.209212 0.163059 0.055742 
5.04966 2.8064 1.51049 1.3549 3.11353 -0.847273 0.37577 0.97215 -0.40999 -0.477495 0.00963034 0.15386 
5.05663 3.26501 1.92477 1.85295 3.9779 -1.40073 0.72489 1.23072 -0.851956 -0.594915 -0.350641 0.123774 
3.92195 3.18125 2.59691 2.14777 2.25024 -0.533288 0.0477368 0.479986 0.107184 -0.368177 -0.122012 -0.0148473 
3.26877 2.74662 2.22367 1.91444 1.70838 0.0508685 0.284716 0.35488 0.0917796 -0.107437 -0.0164718 0.00230836 
3.32869 2.94113 2.66997 2.10617 1.9433 0.248206 0.128382 0.407883 -0.107489 -0.133345 -0.186089 -0.0391193 
3.97765 3.25368 2.82811 2.15224 1.35402 -0.14011 0.0641458 0.520234 -0.0395167 -0.173379 0.00911123 -0.00284414 
4.02261 3.57676 2.75606 1.89372 1.11621 -0.108658 -0.0635085 0.299579 -0.0685532 0.00189793 0.0254061 -0.000677401 
4.0299 3.28497 2.50423 2.06572 1.36446 0.264082 0.410055 0.409672 -0.0989141 -0.282787 -0.076552 -0.04525 
3.9175 2.72124 1.72661 1.78457 1.61695 0.571394 0.500088 0.597228 -0.0226724 -0.606937 -0.100854 -0.0467916 
4.03912 3.14567 2.46648 2.02804 1.88597 0.581655 1.3902 0.91153 -0.0216161 -0.310309 -0.115129 -0.0371264 
3.39089 2.98691 2.76894 2.60262 1.30843 0.548109 1.28136 0.808614 0.434812 -0.0479734 0.121067 0.0244313 
2.30888 1.53485 2.82422 2.82348 0.801693 -1.03272 2.03795 2.4528 -0.0926254 -0.105287 0.266395 0.132772 
-0.0632742 0.562766 2.81058 2.03945 0.655234 -0.380608 2.35261 2.49541 -0.642498 -0.0284269 0.609453 -0.121489 
-1.06187 0.0606037 3.0653 2.78302 0.260843 -1.61117 2.75499 2.79137 0.0678945 -0.134644 0.676282 -0.206519 
-1.1497 -0.223097 2.65738 2.345 0.089812 -1.8822 2.76817 2.83915 0.0857261 -0.216809 0.377305 -0.125116 
-1.52179 -0.275633 2.67069 2.46315 0.1593 -2.2079 3.07057 2.69391 -0.218402 -0.294982 0.517909 -0.139552 
-1.60342 -0.926426 2.78457 1.90569 0.22072 -1.46339 3.21555 2.44183 -0.044028 -0.472289 0.517603 -0.070902 
-2.05928 -1.16205 2.05696 1.38043 -0.530469 -2.22263 2.41397 2.9299 0.259563 -0.773521 0.862264 -0.120533 
-2.43108 -2.2861 1.31777 1.63692 -1.07735 -2.80189 2.46973 2.83932 -0.312986 -0.602085 0.629322 -0.098286 
-2.7467 -2.25211 1.45925 1.37325 -1.10181 -2.07818 2.23445 2.77654 0.144098 -0.627875 0.602477 -0.0928973 
-1.7598 -2.70572 1.73583 1.57568 -0.342143 -1.96944 1.76989 2.81288 -0.193782 -0.748441 0.535135 -0.0236324 
-2.75318 -2.56048 1.3265 1.32492 -0.988305 -2.15996 1.74038 3.53739 0.33755 -0.52882 0.476613 -0.114762 
-2.58854 -2.6863 0.475445 0.810763 -1.27524 -3.37331 1.43646 3.0179 -0.242693 -0.489918 0.375118 -0.150428 
-3.23901 -3.95716 0.254148 -0.531642 -1.49428 -2.75162 1.24769 2.61387 0.57263 -0.723796 0.316179 -0.208762 
-2.48066 -3.43465 0.295484 -0.641047 -1.41377 -1.62224 1.41549 2.31306 -0.731851 -0.596758 0.431411 -0.187317 
-2.71929 -3.87376 -0.869263 -2.32013 -1.4278 -1.72044 2.46834 1.31712 -1.07694 -0.0493706 0.577779 -0.176308 
-2.37921 -3.51545 -0.812286 -2.7001 -1.50788 -1.47096 2.21436 1.76104 -1.21079 -0.554963 0.564027 -0.0913087 
-1.76763 -2.80981 -0.0968538 -2.00103 -1.56228 -1.36326 1.55802 2.13106 0.063035 -0.788181 0.295593 -0.208112 
-0.651716 -1.59181 0.382736 -3.22982 -1.96614 -0.438096 2.07905 2.15945 -0.304882 0.0420009 0.724645 -0.193042 
0.372896 1.56607 2.83111 -0.52943 -0.104681 0.0744964 3.68653 1.58905 0.344522 0.066952 0.485412 -0.265801 
-0.0294323 0.491454 3.92665 0.919897 -0.771165 -0.870663 3.6831 1.79215 1.30868 0.773317 0.764861 -0.159548 
1.30975 -1.31672 4.79902 2.36525 -2.10824 0.526598 4.65442 1.36574 0.476384 1.00008 0.444996 -0.078067 
1.38215 -0.60359 3.31216 2.69852 -0.390831 0.936428 2.73921 0.406603 -0.584897 0.591761 0.50483 -0.0260211 
1.0453 0.189878 1.85541 1.78731 0.668177 -0.332496 1.83145 -0.507304 -0.355222 0.734486 0.48135 -0.00558373 
0.933757 -0.0715524 1.14049 0.765707 0.397878 0.448871 0.776421 -0.229845 -0.216705 0.126855 0.35091 -0.0445183 
1.05577 -0.068027 1.20539 0.0281082 -0.0656133 -0.799374 -0.0949399 0.0965816 0.202788 0.0263548 0.215544 -0.000263696 
1.19158 0.508169 0.902609 0.0470536 0.91487 -0.832551 0.409281 0.0257535 -0.168051 0.463447 0.0138871 0.0144481 
1.15767 0.467397 0.73211 0.553931 0.291634 0.0732104 -0.201361 -0.388793 0.0753077 0.0321365 0.00853045 0.0386102 
1.19332 0.431581 0.221086 -0.225371 0.0652861 -0.0978292 0.00161922 -0.0975048 0.392803 -0.137393 0.226148 -0.0273417 
1.05231 0.74157 0.380114 -0.279994 0.933829 0.253904 0.445604 0.211557 0.0515672 0.287337 0.199503 -0.0158566 
1.10136 0.743947 0.674605 0.265153 0.662009 -0.231432 0.0695864 -0.367427 -0.306234 -0.221131 0.160955 0.028268 
1.09811 0.456875 0.439443 0.646121 0.654065 -0.145109 0.106983 -0.509889 -0.366321 0.0107855 0.200324 0.0169589 
0.917234 0.162387 0.522466 0.761736 1.61273 -0.348996 0.149157 0.593372 -0.344175 -0.0569316 0.339682 0.0471954 
1.01467 0.33266 1.07058 0.0964125 0.995953 0.581362 0.250926 -0.105876 0.218675 -0.117637 -0.0434469 0.0572195 
1.24756 0.558293 0.707371 -0.45394 1.06313 0.284544 -0.175225 -0.942578 -0.134059 -0.0288213 -0.067369 -0.0068923 
0.833632 0.5839 0.706937 0.134097 1.08111 0.795545 0.170468 0.0867546 0.461833 -0.251876 0.0976223 0.0363856 
