1.18449 0.744136 1.38703 -0.527522 0.0360662 0.107421 1.1094 -0.330061 0.65906 0.0392813 0.120633 -0.0568987 
1.42343 0.106467 0.822887 -1.29145 0.855037 0.269905 1.33836 -0.325821 0.39542 0.221435 -0.0328098 -0.0805154 
1.50703 0.390459 0.867602 -0.766532 0.767159 0.415522 0.862257 0.253374 0.946401 0.104379 0.0611146 -0.0881876 
1.37959 0.426382 1.6333 -0.275115 0.945837 0.418369 1.67728 0.13718 0.789091 0.332983 0.251383 0.0211072 
1.36156 -0.0213872 0.82492 -0.0794933 1.55339 -0.388537 0.365418 -0.163867 1.3852 -0.132357 -0.181961 -0.0173809 
1.3481 0.108897 0.995808 -0.455525 0.829912 0.134825 0.56033 -0.622581 0.613189 0.0683684 -0.0533429 0.00991278 
1.71577 -0.0667098 0.82503 -0.321442 0.960833 -0.350489 0.962545 -0.243148 0.321603 0.0966275 -0.109672 0.00647412 
1.55779 0.363789 1.12771 -0.0500086 1.49222 0.0322383 1.00405 0.0250199 0.278372 0.0582147 0.149359 0.0461033 
1.35106 0.114819 1.32864 -0.590047 1.02446 -0.443046 0.720423 0.633087 -0.413543 0.225442 0.137729 -0.0406825 
1.26966 0.416108 1.75192 -0.105162 1.49838 -0.341697 0.753611 -0.333875 0.444524 0.0597214 -0.0502694 -0.0282747 
1.34894 0.839069 1.11743 -0.79341 0.95079 0.127433 0.40414 -0.0692958 0.707199 -0.192687 -0.0285245 -0.0351549 
1.64486 0.440748 1.86907 -0.120678 0.791301 -0.45985 0.727854 -0.49077 0.28118 -0.108046 -0.00442222 -0.0243906 
1.30587 0.0439507 1.02875 -0.482544 1.09404 -0.806056 0.445253 -0.371681 0.274571 0.335949 0.248395 0.028757 
1.05013 -0.070763 1.11931 -0.559423 1.0251 0.291138 0.902279 0.561638 0.872461 0.136722 0.110582 0.0371922 
1.53599 0.381945 1.36389 -0.0892274 0.498911 -0.570983 0.139818 -0.369125 0.554375 -0.0701926 0.0723947 0.0581217 
1.54319 0.343924 1.06494 -0.0893496 0.808612 0.550563 0.58608 -0.530123 0.710533 -0.30407 -0.0494838 0.0316168 
1.05631 -0.0319902 1.79886 -0.285038 0.554954 0.295844 1.2093 0.345696 0.422406 -0.0362834 0.189434 -0.0584006 
1.11949 0.762979 1.61242 -0.482415 0.602261 0.0725609 1.58081 0.309305 0.147348 -0.0604786 0.128428 -0.090994 
1.57842 0.122309 1.08355 -0.484864 0.942246 -0.129864 0.631694 -0.334683 0.156307 0.01415 0.0305919 0.014818 
1.30119 0.391656 1.6364 -0.0321579 0.811566 -0.231938 0.699338 0.102074 0.171835 -0.18863 0.137012 0.0235811 
1.25351 0.257036 2.16964 -0.178643 0.494884 0.00838782 0.523655 0.485994 -0.00174686 -0.300526 0.0197478 0.0685414 
1.30955 0.250391 1.35476 -0.251742 0.426583 0.239795 0.500495 -0.0279797 -0.0901771 -0.225208 0.261587 0.0137404 
1.36501 0.242224 1.10794 -0.148934 0.550339 -0.308956 0.275969 -0.178738 0.560445 -0.0324984 -0.0385757 0.0329758 
1.33045 0.0177815 1.4286 -0.42857 0.872594 -0.262149 0.613625 0.0146704 -0.037273 -0.149583 0.130371 0.0197432 
1.52213 -0.211213 0.603161 -0.253354 1.27292 -0.178668 0.879738 0.228071 0.442199 -0.149701 -0.025323 -0.0232327 
2.0572 0.0943681 -1.01412 -0.112595 0.95493 0.28305 0.556317 1.45557 0.0234888 -0.856687 0.156645 -0.0449306 
3.18058 1.26469 -0.83224 -0.605485 -0.228017 0.00497841 0.283394 0.688145 0.985957 -1.6076 0.555758 0.0799061 
4.32123 1.94653 0.790652 1.95575 2.3366 0.314355 2.05759 1.88257 0.634434 -0.84986 -0.0190116 0.113225 
3.89315 0.966658 0.766398 2.88063 3.71579 1.40984 1.99438 1.57117 0.448035 -0.556762 -0.0478021 0.165526 
4.26466 0.277515 0.0579396 3.60481 4.78261 1.39461 2.05048 1.0236 0.618318 -0.350739 0.0795937 0.234298 
4.12277 0.3247 1.00187 3.99966 4.89238 1.5644 2.07697 1.13927 0.535636 -0.385305 -0.0165398 0.22149 
3.75885 1.63994 1.7353 3.79385 4.01414 1.65495 1.5552 1.41889 0.651407 -0.133357 0.147485 0.129264 
4.60021 1.58027 1.9305 3.73674 2.68857 -0.196664 1.07208 1.8393 1.08048 -0.148291 -0.292947 0.0336696 
4.7326 2.34513 2.09453 1.39526 3.38151 -0.273026 0.892979 2.04115 0.0688596 -0.803917 -0.268087 0.0356614 
5.06963 2.26947 2.0751 0.879943 4.01994 0.626874 0.522754 1.57075 0.200237 -0.652299 -0.239323 0.00452404 
4.69825 3.13072 0.875592 1.78426 3.89158 0.129155 0.855771 1.00437 0.345629 -0.830317 -0.247341 0.0233673 
4.53921 3.09809 1.52634 1.46257 2.91061 0.346673 0.912326 0.994941 0.245496 -0.73516 -0.0635307 0.0212572 
4.34193 2.88691 1.87874 1.26068 2.98392 -0.776759 0.257826 1.21405 0.589559 -0.364572 -0.1146 0.020872 
4.39079 2.79032 1.64825 1.54717 3.06187 -0.139891 -0.0806155 1.33657 0.399423 -0.492065 -0.0449616 0.0166736 
3.82885 2.13133 1.95389 2.84877 2.62602 -0.0398684 -0.409942 1.27868 0.300214 -0.81634 -0.0678125 0.0441103 
3.22783 2.43058 2.23777 2.27178 1.89783 0.517907 0.424136 0.560557 0.125377 -0.331967 -0.212546 -0.015579 
3.45653 2.78697 2.18589 2.00917 1.72638 0.580451 0.293764 0.40082 0.342189 -0.163063 -0.0814136 -0.0137518 
4.0842 3.10113 2.35798 2.37121 2.98747 -0.394952 0.233597 1.08164 0.597888 -0.565781 -0.0777858 0.00797685 
4.60817 3.68457 1.68497 0.735559 3.88573 -0.847512 0.326251 0.558115 0.766239 -0.875678 -0.0954499 -0.0284975 
4.49285 2.93765 0.292549 0.78358 4.16781 -1.01528 0.58958 0.541162 0.65091 -1.18296 -0.179435 0.0675634 
4.23211 2.574 0.53242 1.1038 3.59277 -0.1734 0.876789 0.557719 0.655856 -1.337 -0.0743773 0.0476885 
4.43541 2.71533 0.68547 1.08294 3.61712 -0.676559 1.36816 0.634058 0.363606 -1.33028 -0.157685 0.110772 
4.22565 2.69682 1.23018 1.72005 2.40046 -0.178198 1.58182 0.909215 0.559936 -0.709823 -0.14116 0.0210327 
3.28488 2.86074 2.18524 1.94938 1.43363 0.0283889 1.69513 0.886061 0.741855 -0.0813042 0.348085 0.0669642 
3.35229 2.85335 2.30611 1.89067 1.61414 -0.252429 1.87669 1.32345 0.689206 0.01835 0.354487 0.0895783 
2.21706 1.50488 2.31019 2.40096 0.741251 -0.804592 3.10169 1.26837 0.765075 -0.225612 0.79934 0.0775985 
0.229005 0.468569 2.56903 3.05777 0.31556 -1.60751 2.19028 2.43807 0.512823 -0.0711 0.794223 -0.0553305 
-0.576835 0.208943 3.28739 2.8055 0.958823 -1.90194 2.76958 1.50202 0.659987 -0.19073 0.760185 -0.0816312 
-0.7508 -0.0826267 2.3618 3.16672 0.686916 -1.52954 2.56574 2.97263 1.02645 -0.391236 0.567143 -0.0930749 
-1.05071 0.165224 2.18175 3.19982 0.417568 -1.16197 2.56831 3.05464 0.674997 -0.516166 0.733918 -0.123847 
-1.64718 0.0233587 2.25905 3.0409 0.407781 -0.93897 3.29997 3.09208 0.0837764 -0.143689 0.504009 -0.112565 
-1.94723 -0.340363 1.41572 3.00336 1.11141 -0.795455 2.62869 2.5624 0.138085 -0.505486 0.56058 -0.115004 
-2.56689 -1.05801 1.0723 1.36946 0.225709 -0.974601 2.34533 2.33888 0.797336 -0.628603 0.573997 -0.107135 
-3.22057 -2.24241 0.603674 0.271973 -0.759127 -1.10793 1.6115 2.14348 0.841192 -0.995295 0.521948 -0.23175 
-2.82605 -2.97183 0.0942499 -0.783479 -0.291328 -0.949449 1.78996 1.73962 0.514162 -1.56214 0.480104 -0.183443 
-3.6243 -3.15822 0.135147 0.184821 0.345144 -2.31219 2.48639 1.53964 0.472515 -0.911755 0.30149 -0.112425 
-4.33102 -1.84826 0.0437344 0.648313 -0.96415 -1.32222 1.73565 2.63571 0.56073 -0.818152 0.50062 -0.210682 
-3.50299 -2.61161 0.114048 -0.17314 -1.13782 0.621239 1.2572 1.85682 0.590395 -1.15314 0.483664 -0.18196 
-3.61067 -2.75452 1.71988 -1.05319 -1.75393 -0.250289 1.60423 1.47602 1.37036 -0.89529 0.370381 -0.167411 
-2.72523 -2.85302 0.234844 0.282791 -2.08124 -0.619848 2.3177 1.77501 -0.275066 -0.629099 0.467075 -0.212646 
-2.26855 -3.61055 0.712213 0.234507 -0.347243 -1.81354 2.42868 1.69137 0.151422 -0.833754 0.482541 -0.201687 
-2.56566 -3.77451 -1.79685 -1.23595 -2.82535 -1.83746 2.3544 2.17547 0.177311 -1.09149 0.723036 -0.243668 
-1.52183 -2.89054 -0.381528 -0.996781 -1.87669 -2.83593 1.23657 2.88524 0.468959 -0.967138 0.399862 -0.193331 
-0.574213 -4.90242 -1.55356 -2.50176 -2.78781 -2.17875 2.19028 2.50351 -0.721258 -0.0240784 0.425046 -0.0585342 
1.00945 -5.23935 -0.452052 -2.99721 -4.23036 -0.537652 1.93014 3.90492 -0.669673 -0.670078 0.313105 -0.210692 
0.251074 -3.22939 -0.171572 -2.0027 -4.82186 -1.53856 2.51578 2.29373 -0.275898 0.233454 0.163484 -0.193518 
2.51246 -4.28627 1.18869 -0.509255 -3.94926 -2.67562 2.54182 1.96867 -0.166982 0.643183 0.454517 -0.161737 
1.42957 -1.98355 0.746174 0.162177 -3.70749 -1.7071 2.70521 1.90439 0.217624 0.703001 0.373495 -0.0738838 
1.30781 -0.0269465 1.37783 0.78327 -2.34168 -2.27301 1.46983 1.53636 -0.114801 0.21268 0.549624 -0.0992823 
1.46251 -0.222625 0.626821 1.08129 -1.16037 -1.35596 1.63342 -0.16489 -0.587407 -0.070169 0.425886 -0.114941 
0.885381 0.429746 0.907362 0.408019 -0.863456 -0.932441 1.21474 0.0381915 0.0175205 -0.101871 0.29471 -0.0759632 
1.20559 0.517264 0.627451 0.431575 1.15587 -0.526194 0.208354 -0.595213 -0.793612 0.0213153 0.41332 -0.0092425 
1.18496 0.194251 0.850183 0.00514858 0.687043 0.0269147 -0.0705183 0.0168686 0.217547 0.0459522 -0.0258931 0.0105739 
0.940078 0.601339 0.876971 0.11346 0.233913 -0.00207079 0.128335 0.215503 -0.330349 0.195132 0.105591 0.122236 
1.21031 0.857069 0.812638 0.522211 0.366996 0.147449 0.288545 0.033123 0.251411 -0.0170053 0.114175 0.0017629 
1.27801 0.736537 0.603128 -0.0108196 0.495398 0.0755459 0.5378 -0.457353 -0.355134 0.200516 -0.119303 5.54885e-005 
1.11736 0.950227 0.745393 0.0218727 0.964413 0.340259 0.287174 -0.450391 -0.149107 0.119317 0.180185 -0.0206023 
1.36474 0.587254 1.26467 0.332331 0.503033 0.0262939 0.0228605 0.0365053 0.324782 -0.0495868 0.0837361 0.000103516 
1.52648 0.80896 0.524419 0.465782 0.748387 -0.0911017 0.314947 0.57507 -0.318323 0.388135 -0.0206437 0.0109599 
1.26857 0.765094 0.685761 -0.137682 0.415844 0.374111 0.767774 -0.367492 0.263776 -0.0799314 -0.0456176 0.0404501 
