1.4488 0.644838 1.25512 0.0720269 1.02768 0.0296262 1.17369 -0.545065 0.19983 -0.237989 -0.0154072 0.0382019 
1.26931 0.223698 1.24091 -0.0979399 1.14138 -0.352515 0.963743 -0.0954653 0.478849 -0.223181 -0.109098 -0.0143497 
1.46446 0.297611 2.29592 0.365583 0.958305 -0.615769 1.23996 -0.306511 0.633645 -0.062823 0.0747295 0.0181501 
1.32486 0.356943 0.680792 0.290277 1.05445 -0.387675 0.4389 -0.729537 0.350067 -0.28284 0.12374 -0.0460406 
1.49525 0.302815 1.2059 0.209051 1.30015 0.162885 1.32795 0.408807 0.215279 -0.167123 0.126406 0.000630309 
1.10639 0.154822 1.56147 -0.237638 1.28323 -0.196726 0.68773 -0.0510992 0.242875 -0.131479 0.0838189 -0.00497092 
1.1682 0.0878082 1.11281 -0.230111 0.724535 -0.397322 1.3893 -0.156994 -0.414592 -0.058926 -0.127328 -0.00602363 
1.26243 0.314597 0.798877 -0.318709 0.462047 -0.401264 0.115983 -0.495487 0.229823 -0.238468 -0.125925 0.0246776 
1.22022 0.527254 1.04086 0.245654 0.476949 -0.840805 0.796529 -0.373721 -0.189712 -0.380677 0.0278183 -0.0340367 
1.16967 0.540557 1.22462 0.188756 0.286701 -0.143874 0.611785 -0.55825 -0.0660454 -0.236543 0.407797 -0.0194965 
1.14366 0.328274 1.58194 -0.356824 1.52063 -0.189833 1.38905 -0.0770571 -0.349063 -0.0795751 0.026728 -0.00564438 
1.53868 0.936344 0.818062 -0.0819235 0.914388 -0.263184 0.656048 0.229687 0.521044 -0.15648 0.207515 0.00942084 
0.742687 1.2302 0.559414 1.61657 0.532263 0.372737 0.576727 -0.113447 0.30099 -0.29267 0.350564 0.00508707 
-1.42637 1.95985 -2.80903 5.57425 -0.895042 -2.05047 1.83502 1.19729 0.998165 -1.3899 0.281187 -0.0676686 
0.587515 1.43922 -0.407251 0.400607 -0.151168 -0.710186 0.437228 -0.700531 0.536448 -0.718309 0.362954 -0.0494085 
1.26033 0.209908 1.33535 -0.21112 1.31685 0.61118 1.09893 -0.669637 0.551383 -0.172859 -0.152236 0.0451709 
1.33768 0.456728 1.2061 -0.267398 1.00975 0.0445362 0.962421 -0.242486 0.232077 -0.03157 0.138095 -0.0343014 
0.365575 -0.629707 -0.0889323 2.49875 2.84015 0.135288 1.41084 2.51989 0.293233 -0.270163 -0.516173 0.109395 
1.89912 -3.52032 -1.01593 2.60005 3.15629 1.69712 0.461355 1.75282 1.48936 -1.26381 -0.182908 0.13047 
3.01218 -3.43709 -2.03314 2.88898 4.22583 0.608133 0.668997 0.376834 0.893705 -0.568518 -0.227588 0.0366 
2.39612 -3.65939 -2.95897 0.299792 1.96948 -0.35946 0.903287 1.21827 0.879436 -0.632622 -0.563232 -0.0658075 
2.43605 -1.15961 -2.16209 -1.72757 0.796976 1.26506 2.99583 0.357934 0.000389455 -0.668292 -0.0978029 0.058574 
2.48845 -0.263029 -0.950215 -1.09487 0.0153136 -0.0420814 2.02891 0.684966 0.369087 -0.419462 -0.0697357 -0.110303 
2.19411 -0.143688 -0.313443 -2.01192 0.485337 -1.0889 2.20276 1.4958 0.644975 -0.0291605 -0.150823 0.00163499 
1.83999 -0.124374 0.799014 -1.65538 0.0994493 -1.06605 2.16112 1.13095 0.782525 -0.0012543 -0.166172 -0.0425309 
1.57114 0.414153 0.808542 -1.09154 -0.108753 -1.13623 1.07759 1.10863 0.353089 0.146788 -0.233466 -0.0841399 
1.68923 0.615306 1.34536 -1.01683 0.680341 -0.794203 1.42175 0.505281 0.437393 -0.218722 -0.103991 -0.0741016 
1.34504 0.0530215 1.5381 -1.04119 0.338139 -0.271526 0.873938 -0.383223 0.490202 0.0673329 0.072477 0.00518927 
1.44326 0.375909 1.10813 -0.746416 0.421279 0.105308 1.32286 0.0597386 0.557805 0.0555093 0.228937 -0.0390404 
1.43208 0.37686 1.58814 -0.597736 0.517549 -0.478811 1.50356 -0.434024 0.348708 -0.106268 -0.0390323 0.0464051 
1.35415 0.767385 1.15656 -0.187863 0.493736 -0.193098 1.23724 -0.333993 0.443317 -0.233705 0.195628 -0.0159378 
1.25513 0.330236 0.898421 0.135739 1.39334 -0.327113 1.08814 0.134874 0.350155 -0.064288 0.0956911 -0.0592767 
1.39156 0.494666 1.11276 -0.688339 -0.131266 -0.197927 -0.154592 -0.557145 0.30335 0.233765 0.222267 -0.0458946 
1.64629 0.566941 1.79796 -0.622189 0.15952 -1.55219 0.128863 -0.520816 -0.300792 -0.242501 -0.0785035 0.0280925 
1.63638 0.52117 0.0237379 -0.646163 -0.398959 -1.34003 0.60402 -0.347143 0.669545 0.132886 0.2502 -0.0337131 
1.60982 0.19918 1.53926 -1.06789 0.68343 -0.454782 0.0167124 0.0329072 0.187512 0.149448 0.244957 0.0621609 
1.68393 0.0644311 0.254812 -0.825787 -0.297763 -1.07206 0.364744 -0.57689 1.03433 0.396917 0.518921 0.119286 
1.93388 0.245107 0.571524 -0.635458 -0.47125 -0.819813 0.646337 0.122606 0.864583 0.286029 0.411993 0.048518 
1.34058 0.145911 1.01587 -0.446848 0.27463 -0.956967 -0.104044 0.223917 1.06339 -0.0211086 0.0874684 -0.046199 
1.44264 0.383605 0.695549 -0.0746484 0.132355 -1.17333 0.397577 -0.134846 0.303943 0.104725 0.467943 -0.0272002 
1.67949 0.377199 1.28116 -1.1738 0.517971 -0.369951 0.594597 -0.0350499 0.893449 -0.0253597 -0.212394 -0.0178343 
1.42952 0.0854173 1.01864 -0.0645392 0.587534 -0.162816 0.52086 -0.578105 0.302363 -0.511389 -0.286189 -0.034434 
1.27751 0.348491 1.27899 0.0108965 0.659709 -0.710283 1.33411 -0.240235 0.344647 -0.109699 -0.355697 -0.0131306 
1.42447 0.22145 1.603 -0.0339216 1.13719 0.338064 0.930941 0.0476412 0.715115 0.11814 -0.0214744 0.0523923 
-0.024563 2.03296 0.763067 -0.344877 2.0053 -0.761777 1.61749 0.966983 0.393073 0.326994 0.252096 -0.0571214 
-3.21984 4.86546 1.03851 -0.974971 4.1482 -0.796337 1.86797 0.555257 0.259119 0.363516 0.138639 -0.0036768 
0.158389 3.11079 -1.44513 -1.3661 1.75929 -2.12674 1.2522 2.25558 0.931538 -0.411114 0.084729 -0.0690031 
2.30906 1.18999 0.52425 0.363165 0.762398 0.873626 1.37775 2.85196 0.628081 -0.76954 0.573671 -0.0695991 
4.48668 -0.335749 0.834012 3.4488 3.56984 2.07351 1.94046 2.24147 -0.273457 -0.444145 0.191324 0.225007 
3.39348 -0.681861 -0.152353 3.967 3.94477 1.48752 1.89007 1.75959 -0.114487 -0.457411 0.10621 0.263114 
3.25065 -0.670226 -0.266239 3.67187 3.70472 1.29751 1.63399 1.49916 -0.0589025 -0.549116 -0.0370529 0.212613 
4.40404 -1.4143 -0.830866 5.16345 4.60248 0.848475 2.04429 1.5192 -0.0437858 -0.641576 0.0244121 0.243702 
3.82219 0.186263 0.194805 3.24748 3.61912 1.2539 0.861532 1.13151 -0.102785 -0.623019 -0.110944 0.134461 
4.25208 1.67421 0.577646 2.03565 2.77783 0.291788 0.422981 1.23176 0.00751424 -1.17684 -0.182271 0.0844106 
4.28649 1.74443 0.818752 2.42896 3.58533 0.290583 0.914376 0.605674 0.133812 -1.35557 -0.276395 0.0806241 
4.00765 2.02186 1.07506 1.94064 3.28758 -0.470721 0.354829 1.06991 -0.130011 -0.918752 -0.23797 0.0420521 
4.58917 2.04104 0.971967 1.3488 3.0822 -1.38633 0.104968 0.459451 0.234808 -1.05642 -0.302245 0.0829905 
4.06365 2.32117 1.31134 1.86302 2.32125 -0.532915 0.450479 0.720303 0.420954 -1.00214 -0.0654489 0.0466183 
4.75971 2.53237 1.12617 1.70509 3.66222 -0.784492 -0.00502491 0.99634 -0.145898 -0.886798 -0.22478 0.0914405 
5.23938 2.82987 1.20366 1.80037 3.4838 -0.262861 -0.070476 0.836073 0.000932215 -1.03591 -0.219931 0.0864605 
4.65506 2.74263 1.57729 1.78707 3.15713 -0.538363 0.0715906 0.682096 0.371565 -0.968904 -0.00106783 0.0918408 
4.56737 2.5402 1.53163 2.12027 3.29498 -0.942702 0.104273 0.813497 0.784786 -0.574006 0.0842339 0.148886 
3.87116 2.74248 1.60901 2.00258 2.17855 -0.682338 -0.462894 0.704555 1.0202 -0.000420708 0.304125 0.0917269 
4.16971 2.83058 1.54757 2.084 2.83733 -1.06066 -0.160169 0.744852 0.565364 -0.423684 0.0427231 0.077391 
4.67357 3.1776 1.73897 1.28782 3.10454 -1.31672 -0.0628037 0.830443 0.583008 -0.585422 -0.0582339 0.0707719 
3.52665 2.91878 2.07762 2.09632 1.58478 -0.32395 0.498761 0.327333 0.425172 -0.358365 0.0910144 0.0254933 
3.32092 2.64291 2.3169 1.94868 1.61668 0.330928 0.365568 0.327225 0.357248 -0.00597779 0.0135045 0.0183235 
3.36665 2.7499 2.44565 2.08386 1.86205 0.709142 0.714292 0.530163 0.600491 0.0620886 0.134782 0.0364683 
3.47883 2.92262 2.42366 2.76409 1.54197 0.249837 0.461199 0.788189 0.596625 -0.162661 -0.00369037 0.0199469 
4.77354 4.58554 1.53698 2.8367 2.13096 -1.74528 2.51177 0.898097 1.08166 -1.17665 0.125279 0.0747754 
3.68408 3.51006 2.12913 2.30103 0.924778 -1.09211 2.0492 1.41806 1.36015 -0.0450697 0.664055 0.136547 
3.19855 2.7335 2.49808 2.29304 1.97495 0.0814926 1.6668 0.760296 0.888465 -0.0137604 0.526062 0.103761 
2.48245 1.14746 1.85719 2.4286 0.915635 -0.616315 2.32065 2.59504 1.15002 -0.292699 0.481606 0.135835 
0.397328 -0.479189 2.01191 2.61099 0.907233 -1.52086 2.8346 2.62053 0.97032 -0.774649 0.724598 -0.0420084 
-0.572377 -0.993363 1.49542 3.87395 1.1934 -2.01878 3.12996 2.89534 0.459718 -1.00043 0.729244 -0.121725 
-1.20848 -0.640323 1.15182 3.56211 1.08026 -1.77014 0.931675 1.96859 0.838989 -0.375213 0.545564 -0.293042 
-1.93978 -0.604974 0.400063 3.89542 0.892151 -2.32958 0.624502 1.3564 0.940755 -0.360914 0.41509 -0.167175 
-2.05284 -1.05315 0.57154 3.43237 0.139061 -2.55904 0.793377 1.9128 0.873189 -0.33278 0.636509 -0.167409 
-2.73651 -1.87282 0.509132 2.41644 -0.59041 -2.3083 0.452541 1.87035 0.656807 -0.479924 0.766667 -0.198518 
-2.7577 -1.34614 -0.395677 2.70362 0.924752 -3.2971 0.280069 1.57737 1.09567 -0.612412 0.535877 -0.199055 
-3.03668 -1.25629 0.171771 3.25712 0.835702 -2.85645 1.28214 1.16449 1.65888 -0.299573 0.663648 -0.164592 
-2.43802 -1.54526 1.27676 2.13144 0.402478 -1.52891 2.50176 1.42111 0.0146462 -0.173205 0.834716 -0.07989 
-2.59086 -1.37707 0.449891 1.89029 -0.24414 -1.50502 2.18301 2.48129 0.526194 -0.158889 0.729388 -0.0289828 
-1.89249 -0.916803 -0.0270624 3.07405 -0.0731354 -1.08689 1.99579 2.95873 -0.00259895 -0.633125 0.740688 -0.0138176 
-1.54758 -2.03453 1.28926 2.78786 -0.181567 -1.89667 1.79136 2.84678 0.543855 -0.836962 0.897537 -0.000804667 
