1.74715 0.326199 1.63792 -0.516073 0.654837 -0.198079 0.987642 -0.818189 0.195633 -0.180988 -0.0585879 0.10562 
1.4509 -0.0324018 0.700139 0.209487 1.33312 -1.23105 0.302328 -0.167995 0.334012 -0.520256 -0.01228 0.057108 
1.40028 0.318062 1.18319 -0.214967 0.880754 -0.442139 1.41262 -0.380139 0.21201 0.120116 0.0638959 -0.0110571 
1.28052 -0.143745 1.3847 -0.256239 1.43174 0.0447665 0.516999 -0.132363 -0.0216691 -0.147799 -0.320551 -0.000214253 
1.29375 -0.0993086 1.09992 0.344791 1.04094 -0.241802 0.585589 -0.549176 0.462807 0.067982 0.0557863 -0.0342243 
1.72534 0.380873 0.859686 -0.0504847 0.0404417 -0.619752 1.03916 0.0868042 0.514915 -0.286686 0.00483241 0.0228338 
1.47943 0.19573 0.621955 -0.419146 1.17792 -0.197083 1.0426 -0.155566 0.343856 -0.56511 0.0120212 0.041526 
1.43628 0.214726 1.56779 -1.15115 0.847914 -0.136376 0.787091 -0.439284 0.316564 -0.0635797 0.154279 -0.0104076 
1.55409 0.178125 1.46849 -0.296215 1.46076 0.441773 1.02029 -0.27547 0.228348 -0.0491223 0.126757 -0.0204814 
1.66536 0.030918 0.956433 -0.58304 1.01174 -0.988604 0.266875 -0.363793 0.28385 -0.114022 0.0970148 0.0276081 
1.60747 0.415093 1.81797 -0.510737 0.857769 -0.579171 0.986314 0.137212 0.0479284 -0.556913 -0.0426673 0.0346015 
1.50358 0.0517736 1.4594 -0.425015 1.20021 0.0541072 1.04886 -0.211533 0.297806 0.343836 0.0840759 0.0222 
1.52802 0.299136 1.01038 -0.282958 0.567314 -0.362482 0.133454 -0.495748 0.714888 -0.388736 0.111483 0.0185348 
1.62836 -0.132755 1.38572 -1.08797 0.763094 -0.2587 0.858113 0.112501 0.259144 0.0279215 -0.0703736 0.0794969 
1.54094 0.56545 1.31566 -0.0132348 1.09734 -0.682943 0.922119 0.0495878 -0.0931998 -0.0575703 0.027357 -0.0222636 
1.26281 0.293562 0.767389 -0.123834 0.971123 -0.218778 1.07541 -0.521484 0.739846 0.00638293 0.0768238 0.0346634 
1.53302 0.0822153 0.986095 -0.463085 1.01435 -0.257714 0.875297 0.272666 0.379282 0.281566 0.145944 0.0519179 
1.29948 0.253766 0.996168 -0.660821 0.957754 -0.706975 0.767642 -0.299591 -0.349931 -0.106945 0.0197746 -0.0543652 
1.51914 0.538066 1.12708 -0.00981126 0.921691 0.396401 1.36594 -0.916422 0.224105 0.00694456 0.250421 0.0214514 
1.40279 0.302246 1.07316 -0.594141 0.582432 -0.243772 1.32834 -0.320479 -0.199407 -0.116223 -0.0423225 -0.0310883 
1.64503 0.508058 0.483101 -0.491215 1.34339 -0.295253 0.918595 -0.211849 -0.0481604 0.273371 0.0738741 -0.0145958 
0.0715542 1.99442 0.077466 -3.74968 -0.601457 -0.18475 0.0654787 2.07826 -0.0257377 0.649672 -0.00986748 -0.272906 
0.507194 1.33231 0.172489 -1.79941 0.73477 -0.137441 -0.330839 1.22706 0.383579 0.40201 0.176752 -0.226133 
0.820322 1.04506 0.65739 -0.208545 0.461938 0.416558 0.0260985 1.08342 -0.0494223 -0.02486 0.173725 -0.153884 
0.971063 0.357068 0.424709 -0.655227 -0.201082 0.275002 -0.076926 0.234675 -0.0544165 0.123914 0.315609 -0.14717 
1.58014 -0.384123 0.337436 0.831127 1.27159 -0.874352 -0.259631 -0.869353 0.491594 0.276921 -0.0498353 0.00190838 
1.96617 -0.41559 1.38367 0.185062 1.46254 -0.513705 -0.910615 -1.33179 0.861158 -0.0280702 0.0106552 0.0550621 
1.39077 -0.72648 0.554038 -0.223036 1.94993 0.311808 -0.927406 0.0460722 1.28482 0.287454 -0.248735 -0.1341 
1.3661 -0.593834 0.871177 -0.645703 0.777609 -0.222682 1.01941 -0.411225 0.225872 0.0225312 -0.181482 0.0017445 
1.3521 0.0427432 1.13362 0.318811 1.16179 0.377326 -0.0202991 0.33522 1.0414 -0.109691 0.0389484 -0.0401735 
1.58365 0.0432126 0.96023 0.333689 1.10931 0.293944 0.517123 -0.527234 0.419369 -0.40955 0.035756 -0.0610333 
1.60448 0.222636 1.17733 -0.677146 0.721456 -0.278884 0.0557022 -1.20052 0.201292 -0.0978322 -0.02469 0.0823387 
1.45256 -0.0134559 1.57032 -0.269739 0.919058 -0.818278 0.490401 -0.964385 0.154108 0.100997 0.0667438 0.0330733 
1.5552 0.547556 1.24225 -0.137369 0.675546 -1.01544 -0.123845 -0.511847 -0.074549 -0.00771911 0.300366 -0.0035051 
1.47427 0.161847 0.947788 0.651594 1.14299 -0.0374021 1.03934 -0.382953 0.159993 -0.273156 -0.198121 -0.0551094 
1.51539 0.257126 0.95319 -0.523554 1.26139 -0.316143 0.144285 -0.370028 0.107468 -0.0582663 -0.147808 0.0216064 
1.77268 0.404238 1.42897 -0.340774 0.449674 -0.806207 0.0550395 -0.871074 -0.221704 0.0109033 0.284933 -0.0221785 
1.81145 0.992242 -0.842654 -1.36331 2.21963 0.480542 2.37349 1.84251 -1.2871 -0.0324717 0.602862 -0.00464138 
2.11044 1.32471 -0.397165 -0.0768054 0.415925 0.9085 2.12233 2.05571 0.030414 -0.43851 0.589194 -0.167213 
4.61018 0.806074 -0.333819 1.19546 2.33947 1.13505 1.15231 2.40111 0.815025 -0.388747 -0.0656352 0.0790359 
4.20663 0.512629 0.603383 3.6883 3.29677 1.67848 2.20095 1.89524 -0.101512 -0.399307 0.150131 0.208419 
4.43227 -0.0330597 0.673891 4.85557 3.87078 0.680612 3.22957 1.85109 0.136147 -0.715511 0.118985 0.262834 
3.54375 -0.119317 1.10526 4.91547 3.35711 0.305606 1.61421 1.67883 0.309458 -0.358234 -0.00341793 0.162231 
3.29656 -0.0438777 1.34279 4.33794 3.28035 1.23102 1.66196 1.47284 0.0933981 -0.425716 -0.0538892 0.171879 
4.90161 0.694805 1.41966 4.35446 3.0302 -0.309434 1.09926 1.38812 0.321242 -0.836427 -0.418773 0.0434311 
4.62038 1.51277 1.21045 2.71671 3.1331 -0.232746 0.251671 1.54402 -0.325443 -0.897179 -0.375423 0.0451544 
3.96228 1.33495 1.19955 3.16858 2.93866 -0.0564498 0.14048 1.04606 0.00827359 -1.05275 -0.38017 0.0406174 
4.57539 1.57832 1.27691 3.13491 3.05214 -0.942098 0.0899569 0.554324 0.443348 -0.830049 -0.378397 0.0418089 
4.53877 1.85891 0.819092 2.74331 2.79342 -0.269274 -0.331646 0.532313 0.452599 -0.979169 -0.266336 0.0419434 
3.81441 2.07868 1.18055 2.38401 2.26011 -0.138997 -0.386244 0.584895 0.33924 -0.702568 -0.249219 -0.021704 
3.6881 2.12529 1.21267 2.17108 1.8107 6.6392e-005 -0.297176 0.418981 0.476008 -0.694779 -0.380302 -0.0638121 
4.01978 2.13939 1.60036 2.72507 2.47293 0.0883314 -0.187482 0.551908 0.084042 -0.762294 -0.229559 -0.0197391 
5.50483 2.41058 0.888268 2.9616 4.29211 -0.783208 0.985891 -0.403497 0.276634 -1.15962 -0.443944 0.0867698 
4.82909 2.66364 0.458984 3.00514 3.98982 -0.1335 0.388876 0.07638 0.557534 -1.07141 -0.342917 -0.00533898 
4.87204 2.66414 0.881605 1.95786 3.89721 0.276798 -0.059374 0.267073 0.152439 -0.802123 -0.280991 -0.0212924 
4.0723 2.15356 1.09972 2.81267 3.43623 0.562826 0.487785 0.380074 0.265841 -0.997195 -0.230397 0.00415591 
3.97735 2.40997 1.0331 2.82648 2.9983 0.682714 0.242131 0.146231 0.391445 -0.846139 -0.147159 -0.0248388 
3.83587 2.45115 1.76629 2.96497 3.12228 -0.410453 -0.517184 0.151689 0.492087 -0.334754 -0.243682 -0.0370112 
4.24451 3.04172 1.85551 1.40868 2.22352 -0.293258 -0.55676 0.204141 0.118905 0.0372931 0.107123 0.037639 
4.85447 3.23742 0.486415 0.492003 3.21048 -0.0106571 0.322742 0.407013 -0.183192 -0.732028 0.193764 0.147349 
4.7781 3.14241 0.114435 0.360254 3.58892 -0.228385 0.890191 0.180965 -0.222485 -0.775085 0.00676455 0.139544 
4.42083 2.89542 0.645699 0.783483 2.81813 -0.187104 1.21713 0.187864 -0.0374457 -0.893907 0.123275 0.122661 
4.25311 2.92405 0.939218 1.00242 2.4044 0.717074 1.56463 0.368233 0.149003 -0.846946 0.0879244 0.0577368 
3.43577 2.83308 2.04949 1.94167 1.6771 1.41586 1.75879 0.529395 0.337772 -0.300477 0.198133 0.0369226 
3.33258 2.88906 2.27433 2.05787 1.39009 -0.0387256 1.37477 0.724043 0.315106 -0.00645621 0.487777 0.0929901 
2.01071 1.42617 2.6755 3.20331 1.6275 -1.51898 2.07902 1.8498 0.568326 0.0513803 0.867886 0.135114 
0.626755 0.129614 3.04944 4.45808 -0.710068 -0.968267 3.17829 2.15898 0.322416 0.386948 0.761227 -0.00238211 
-0.46306 0.204722 2.91422 3.69726 -0.190943 -1.32122 2.2448 2.64074 1.04317 -0.132004 0.545127 0.0167717 
-1.17011 -0.281434 2.48686 2.9275 0.64721 -1.50136 3.38806 2.72161 0.164417 -0.435977 0.628083 0.00882084 
-1.08933 -0.273379 2.87147 2.56394 -0.148977 -1.83901 3.55278 3.2612 0.462134 -0.593072 0.934706 -0.126858 
-1.35069 -0.134563 2.81198 2.50139 0.158789 -1.73695 3.61932 2.82 0.369199 -0.367926 0.725898 -0.0752202 
-1.09103 -0.681308 2.14584 2.70662 0.399494 -1.74483 3.65987 2.51957 0.382478 -0.539878 0.465605 0.0474909 
-1.68633 -1.0642 1.29464 1.74174 0.0308274 -2.15799 3.12851 3.30651 0.516482 -0.590423 0.568297 -0.0752918 
-2.12698 -1.78649 0.935007 2.0325 -0.0918396 -1.46248 3.2424 2.69132 0.458003 -0.944843 0.614003 -0.0529425 
-2.25449 -1.87806 0.339876 1.43192 0.0824062 -1.96028 2.36289 2.66086 1.10985 -0.331478 0.24663 -0.0945823 
-1.85416 -1.85383 0.4229 1.90009 0.27447 -0.420067 2.53078 2.47982 0.209925 -0.896794 0.470225 -0.110033 
-1.90622 -2.30896 0.0933674 0.845048 -0.0693237 -1.37661 2.60012 2.24502 0.0338733 -0.129224 0.140104 -0.159714 
-2.00247 -2.59521 -0.0278033 0.173801 0.125057 -0.679508 2.86739 1.55568 -0.00634622 -0.665302 0.233358 -0.152171 
-1.51295 -1.77783 0.24685 0.197185 -0.270824 -0.421216 2.72211 1.77204 -0.202863 0.0784997 0.355181 -0.236979 
-1.2149 -2.06954 0.222219 0.656516 -0.485784 -1.05801 3.33342 1.33672 -0.806247 -0.393452 0.255034 -0.138605 
-1.66768 -2.28709 0.147541 -0.140104 -0.975227 -1.18479 2.94365 1.76609 -0.421004 -0.578146 0.370956 -0.169815 
-0.534809 -1.92147 -0.0345785 0.0677101 -0.67322 -1.78288 2.55831 1.93885 0.0551685 -0.922062 0.126283 -0.113137 
-0.824709 -1.66914 -1.59785 -2.07909 -1.06478 -1.23041 2.08181 1.74863 -0.497038 -0.101556 0.722213 -0.223542 
-0.379183 -1.1081 -0.609478 -2.33584 -1.93977 -0.788055 2.04817 0.929116 -1.47111 0.270988 0.478319 -0.0827615 
1.27872 -2.6982 0.17671 -1.68392 -2.8348 -0.531926 2.43717 2.15835 -1.99758 -0.2142 0.11612 -0.0992088 
