0.0491811 2.47237 -2.6689 -1.92323 -1.69074 -0.257384 2.23726 1.27183 1.28277 -0.148583 0.12264 -0.211227 
0.920982 1.13025 -0.189612 -0.278436 -0.621346 0.281098 1.41679 -0.0726981 1.24853 -0.545722 0.188388 -0.186087 
1.45776 0.909997 0.285665 -0.274101 -0.0264061 -0.131583 1.03903 -0.403657 1.22298 -0.546464 0.253791 -0.118955 
1.51763 0.338112 0.979329 -0.962782 0.872808 0.0353024 1.09324 -0.943121 0.0466897 0.0220621 4.11372e-005 0.0318643 
1.4892 0.520741 1.76875 -0.120853 0.884383 0.233113 0.995082 -0.393923 -0.062381 -0.208343 0.123779 0.0701593 
1.64748 -0.080602 1.53843 -0.423876 1.2072 0.0105486 0.906767 -0.85132 0.327205 0.00698408 0.00857397 0.0524404 
1.50487 0.151469 1.57944 -0.49204 0.794785 -0.183589 0.640631 -0.126822 0.396749 -0.0717497 -0.11106 0.00280414 
1.21963 -0.0314754 1.4431 -0.0188602 1.08981 -0.358928 0.294236 -0.353085 0.628927 0.204204 0.0213608 -0.0820571 
1.26518 -0.457369 0.165679 0.760249 0.764265 -0.835178 0.238179 0.798358 -0.108718 -0.855447 -0.22675 0.0899575 
0.203785 -1.4816 -0.973422 1.6372 -0.247228 -0.382463 -1.17193 3.94873 0.345519 -0.558014 0.0721603 0.0314711 
1.32028 -0.766754 0.742069 0.82485 -0.0430284 -1.56608 0.293297 1.49579 0.620255 -0.580656 -0.0185795 0.091888 
1.27699 0.386822 1.36963 0.833979 0.508788 0.0563334 0.595354 -0.36367 -0.02133 0.0746478 -0.369425 0.0380113 
1.34659 0.0723259 1.19706 -0.442378 0.351893 -0.302462 0.508867 -0.844031 -0.486494 0.0967591 0.04138 -0.0389773 
1.49871 0.269573 0.708528 -0.350519 0.683991 0.235388 0.945982 -1.04533 0.611928 -0.388082 0.00212381 0.055264 
1.39692 0.367022 1.22438 -0.224087 1.02029 0.627707 1.25736 -0.745724 0.600184 0.342523 0.0364963 -0.0520976 
1.44792 0.25084 1.29936 -0.567871 0.734051 -0.206788 0.764977 -0.439901 0.336347 -0.445627 0.0433811 0.0282287 
1.32549 0.152912 0.842663 -0.235656 0.473841 0.323866 0.736288 -0.776249 -0.378755 -0.51972 0.282801 -0.0351847 
1.18404 0.0141636 1.00182 -1.02741 0.540585 -0.451702 0.177013 -0.499605 0.15317 -0.552546 0.261429 -0.00517172 
1.40207 -0.294396 1.70864 -1.00274 -0.333647 0.0221102 1.40016 -0.229906 0.267544 -0.0314053 -0.106751 0.00496018 
1.40997 0.0712159 0.696659 -0.485594 0.515058 0.788478 1.04047 -0.409571 0.200879 -0.382724 -0.122309 0.0132593 
1.62774 0.0822263 0.522204 -1.16973 0.441105 0.12545 0.399888 -0.0933689 0.311317 0.315997 -0.15388 0.113063 
1.57768 -0.140339 0.748702 -0.421213 1.71443 -0.347062 0.478138 -0.51327 0.0638307 -0.477941 -0.0624218 0.0794402 
1.56343 0.21907 1.45935 -0.47285 1.23214 0.0407027 0.571021 -0.154228 0.224674 -0.107868 0.0943542 0.0686567 
1.40139 0.164053 1.63874 -0.354822 1.4522 0.543373 0.902872 0.143375 0.000463773 0.0832458 0.252144 0.0164823 
1.37862 0.453295 0.985063 -0.114699 0.634699 -0.0558208 1.40454 -0.384974 0.138983 -0.170663 0.0665444 -0.0244866 
1.48049 -0.17263 1.23558 -0.550984 0.928004 -0.649008 0.805589 -0.239374 0.000768425 0.0229295 -0.0639894 0.0827751 
1.47568 0.21295 0.728175 -0.553222 0.625976 -0.342192 0.475311 -0.17167 -0.22925 -0.280688 -0.0795596 -0.0163268 
1.42286 -0.0919281 1.61067 -0.417429 0.208222 -0.431568 0.599946 -0.424751 0.434216 -0.308101 -0.0415359 0.0431918 
1.946 0.833154 0.945889 -0.275331 0.0631989 -0.374161 0.0683021 1.43389 0.266531 -0.709392 0.732806 -0.00645074 
1.30181 0.909825 0.831575 0.869588 0.570778 -0.0962517 2.50645 2.12832 0.54004 -1.11178 0.33702 -0.130302 
2.99204 0.975659 1.32822 1.73487 2.19107 1.79023 0.422166 1.9499 0.239242 -0.891983 0.27126 0.06487 
3.16969 1.00828 1.23472 2.81763 3.12011 1.52675 0.954548 1.40868 0.470771 -0.312801 0.161928 0.104633 
3.15947 1.06741 1.47515 3.20955 2.77391 1.4838 1.64689 1.5358 0.156787 -0.448068 0.192736 0.138976 
3.45007 0.956779 1.31021 3.5742 3.04273 1.64732 1.96881 1.7924 0.23734 -0.379449 0.177658 0.17835 
3.59491 0.570601 0.709957 3.82933 3.44181 1.10502 1.44477 1.58229 0.203632 -0.275356 0.208626 0.176976 
4.22457 1.27153 1.7568 3.716 2.53147 -0.0959772 1.18613 1.57677 0.102169 -0.58184 -0.252335 0.0419011 
4.45259 1.94121 1.87097 1.30232 3.36531 0.3745 0.459907 1.97724 -0.33669 -1.04176 -0.00227528 0.0686789 
4.82053 1.8052 2.25781 1.26865 4.50078 -0.463788 0.601668 1.8619 -0.241611 -0.552943 -0.303181 0.066291 
5.48313 1.47585 2.72965 1.06842 5.123 -0.0802758 0.470178 1.70156 -0.496937 -0.810899 -0.39396 0.11216 
4.29524 2.44529 1.51875 1.93292 2.80035 0.150903 -0.037181 0.841125 0.339788 -0.914477 -0.156571 -0.000924975 
3.60383 2.28176 1.57603 1.82793 2.23681 0.660231 -0.286255 0.245311 0.0561821 -0.388539 -0.288586 -0.0649207 
3.44807 2.38766 2.02767 2.35495 1.93074 0.425888 -0.0923893 0.369221 -0.0147912 -0.477386 -0.201992 -0.044237 
4.26933 2.66076 1.89899 2.22116 2.72694 0.612471 0.0665915 0.629679 -0.19577 -0.971892 0.00980932 0.011797 
4.31713 2.94377 2.03263 2.71294 2.54378 -0.127925 -0.236272 0.515086 0.259275 -0.712644 -0.116148 -0.0124664 
3.41075 2.51354 2.43511 2.28987 1.87777 0.302731 0.0647401 0.610928 -0.00752444 -0.400538 -0.0374893 -0.0110399 
3.33796 2.19339 1.93004 2.01145 1.51171 0.336959 0.0217079 0.409574 0.290531 -0.214017 -0.0227912 0.00535458 
3.43927 2.31221 1.66002 2.2078 2.37111 0.0919172 0.122321 0.555375 0.428494 -0.36331 -0.0213694 0.0156597 
4.30962 2.58517 1.57591 2.66853 3.3886 -0.210766 0.00029311 0.811923 0.66534 -0.779136 -0.0185629 0.060983 
4.22649 2.49812 1.65095 2.3028 3.56488 0.976073 0.128384 0.93374 0.201963 -0.776054 -0.00468623 0.0190755 
4.0451 2.5177 2.10584 1.71846 3.77818 0.760796 0.336584 0.412754 0.236974 -0.701184 0.0164372 0.00659148 
3.10241 2.36109 2.11998 2.07063 2.29804 1.30655 0.589847 0.486435 0.018585 -0.22585 0.00368383 0.00350281 
3.31944 2.64914 2.43195 2.33498 1.66654 0.492004 0.516086 0.714557 0.148195 -0.196589 -0.117841 -0.0126845 
3.96952 3.09589 1.97305 1.23679 2.13091 0.563965 0.876585 1.13958 -0.175347 -0.746939 0.0634382 -0.00731962 
4.03575 2.9685 1.53326 1.198 1.52958 0.91869 0.938936 0.866039 0.0209819 -0.503645 0.000979473 -0.00686833 
3.70196 3.29985 2.21892 1.46086 1.21667 0.354363 1.11981 0.375812 0.571948 -0.0597811 0.0904291 0.0137926 
3.22568 2.70861 2.29692 1.91985 1.18509 0.578809 0.824914 0.659141 0.521324 0.297937 0.283347 0.0618741 
3.08641 2.18854 2.17602 2.34171 1.22155 0.0316977 1.74247 2.24368 0.738768 0.144427 0.498566 0.115526 
1.09302 -0.0942231 2.73846 3.60177 -0.228767 -1.77213 2.95692 2.24195 0.719672 0.0666246 0.754221 0.0578846 
-0.850016 -1.17604 1.41864 3.32446 0.202461 -2.23827 1.13241 3.04252 0.596339 -0.704712 0.491177 -0.0766114 
-1.45899 -1.17443 1.51322 2.17605 1.08063 -2.63647 2.23203 2.84648 0.869284 -0.925344 0.582818 -0.0901914 
-1.95318 -0.745949 1.55385 2.0116 0.498093 -2.79597 2.51576 2.50822 0.555336 -0.809408 0.746136 -0.117055 
-2.6288 -0.906163 1.54437 2.52299 0.939814 -2.97802 2.63333 2.12648 0.400688 -0.482649 0.865099 -0.118883 
-3.2992 -1.17375 1.09155 2.0222 0.825817 -2.98479 2.2982 2.9489 0.647851 -0.785377 0.822129 -0.0815795 
-3.35459 -1.70107 0.296874 2.31583 1.05017 -3.5948 1.8546 1.97565 0.842641 -1.05528 0.480165 -0.0181818 
-3.19833 -2.90401 -0.55474 0.813016 0.436631 -2.02165 1.99134 2.20163 -0.218076 -1.29994 0.514202 -0.194195 
-3.63364 -3.35405 -1.22159 0.453504 -0.447878 -0.976602 1.41651 1.85776 0.205322 -1.39275 0.161855 -0.0877528 
-2.94888 -2.27615 0.266381 0.679122 -1.70569 -1.00949 1.49297 2.36997 0.267793 -0.856692 0.568331 -0.235721 
-3.4858 -3.3522 -0.812934 -0.0522354 -1.6464 -0.741637 2.05681 1.51364 -0.437994 -1.00633 0.405749 -0.169822 
-2.89971 -1.96494 -0.545585 -0.606173 -2.29959 -0.95053 1.73507 1.68845 -0.510159 -0.517789 0.457037 -0.227668 
-2.88111 -3.21819 -1.59157 -0.561983 -1.44602 -1.70312 3.08378 1.41456 -1.11908 -0.857788 0.447739 -0.164325 
-3.08736 -2.71901 -1.25169 -1.15528 -1.84758 -1.35065 2.38679 1.59621 -0.856704 -0.804724 0.469704 -0.1039 
-2.53737 -2.88117 -0.90616 0.143358 -1.80448 -2.77422 2.53475 2.62374 -0.523949 -1.18568 0.480735 -0.173229 
-1.91971 -2.82776 -1.02238 -0.882771 -2.89666 -3.48591 1.98268 1.89605 0.337615 -0.25077 0.583852 -0.112773 
-0.410464 -1.93749 -0.0596168 -2.03206 -1.9681 -0.903606 3.28725 1.62529 -0.87073 -0.606166 -0.180675 0.0741533 
0.904179 -3.20942 -0.562503 -2.18368 -2.96579 -0.351638 3.52802 2.00769 -0.53808 -0.398947 0.0158548 -0.045633 
1.25139 -2.8891 0.523149 -0.429164 -2.90709 -1.93398 5.00218 1.76848 -0.819249 0.173382 0.00743916 -0.0729474 
0.948939 -2.99667 1.96383 1.64563 -2.00225 -1.99973 3.11155 1.36626 -0.944117 -0.0987596 0.246493 -0.0136699 
1.26143 -0.754703 1.03271 0.916016 -0.711858 -1.21838 2.15348 -0.440519 -1.20476 0.189308 0.263728 -0.00545994 
1.1694 -0.0383512 0.53906 0.316545 0.293024 0.214561 1.6748 -0.158176 -1.05131 0.0323438 0.312011 -0.0824828 
1.34274 0.355186 0.777198 0.604982 0.405483 0.157079 1.1468 -0.472087 -0.462686 0.125357 -0.11189 0.113026 
1.11534 0.525457 1.03547 0.214891 0.897406 0.0439733 0.595756 0.253684 0.00655209 -0.158036 -0.0632828 0.0222351 
1.2342 0.810623 0.30159 -0.199273 0.290323 0.74611 0.359697 -0.0719092 0.0629143 0.203625 0.241576 0.0557232 
1.51683 0.473527 1.11589 0.895109 0.517053 -0.418747 0.392552 -0.183485 0.302986 -0.258653 0.348054 0.0443871 
1.47115 0.711853 0.132354 0.119986 0.35373 0.379292 0.389166 -0.528817 0.070569 0.215318 0.110305 0.081726 
1.44456 0.460342 0.700586 0.171268 0.230384 0.753142 0.330105 -1.02121 0.0256655 0.164876 0.23114 0.0354629 
