-1.51522 2.24923 0.908784 -1.69448 2.52811 -1.14064 -0.305295 0.330113 0.00119975 -0.0111093 0.294273 -0.0297321 
1.04849 0.468395 2.28206 -1.01408 2.07173 -0.540396 0.12844 -0.414821 0.31463 0.018955 0.302424 -0.0633175 
1.45587 -0.21879 1.23681 -0.389888 0.884907 0.116714 0.00581314 0.486094 0.488434 0.153922 0.0543355 -0.0423404 
1.2864 -0.313312 1.83832 -0.434975 0.744206 -0.0674448 0.653921 -0.194527 0.319688 0.0259396 0.169209 0.00698751 
1.73308 0.0973841 1.76588 -0.1898 0.469567 -0.227913 1.46071 -0.191808 0.329943 -0.0408202 0.0236481 0.0245334 
1.43462 -0.33526 2.16789 -0.153059 1.05472 -0.206035 0.691071 -0.249978 -0.0758044 0.0127598 0.225687 0.00586144 
1.39117 -0.0430995 1.60735 -0.399742 0.84709 0.497401 0.506038 -0.795732 0.425195 -0.201515 -0.241895 0.0566704 
1.41127 -0.494889 1.5795 -0.188273 0.832255 -0.321807 0.993218 0.0290226 0.73283 0.101098 -0.0901745 0.0642263 
1.4878 0.18346 1.8947 -0.193319 0.94313 -0.585218 1.34218 0.00806351 0.413883 0.00464885 0.0341693 0.0744893 
1.54066 0.467674 1.75574 0.10016 1.16675 0.0391436 0.758503 -0.0527353 0.413338 -0.0536122 -0.041062 0.0206771 
1.44122 0.0458896 1.56141 -0.015259 1.04003 -0.28331 0.487209 -0.306407 0.0587466 0.107532 0.281784 0.0192107 
1.39935 0.438292 1.97404 0.276389 1.07612 -0.500444 0.611123 -0.200173 0.489574 0.157047 0.176871 0.0290242 
1.31488 0.0289327 1.2623 -0.22448 1.17937 0.0417198 0.725719 -0.625246 0.728873 0.0387669 -0.088878 0.000714324 
1.49803 0.26366 1.73983 -0.692045 1.63578 -0.332683 0.151751 -0.648966 0.114189 -0.22355 0.196206 0.0671723 
2.53298 1.29235 -0.982704 -1.10306 2.6139 -0.28201 1.56578 2.38443 -0.718063 0.123227 0.103272 -0.0580933 
4.38251 0.403617 0.570406 -0.265688 1.67584 0.816498 2.25363 2.65585 -0.365458 -0.03551 0.0670916 -0.0283046 
3.91807 0.667985 0.674453 1.01596 2.44412 0.979101 1.4628 2.59999 0.114303 -0.150482 0.374514 0.109982 
3.91987 0.0652686 0.312845 3.16191 3.43165 1.5723 2.17174 1.58565 -0.344955 -0.281089 0.37489 0.232646 
4.30014 -0.00164921 -0.347603 3.51554 4.42184 1.30532 2.5764 1.33232 -0.333833 -0.17301 0.311036 0.265541 
4.97497 -0.0164802 0.36114 3.9969 4.80699 1.15412 2.96806 1.71742 -0.337001 -0.3915 0.176786 0.270883 
5.22291 -0.227013 0.777431 4.50742 4.42969 0.488957 3.81184 1.25285 -0.0263579 -0.721527 0.0327692 0.249956 
5.21825 1.40169 0.855616 1.92124 2.79293 0.400682 0.383667 0.977552 -0.451909 -0.576638 0.0714299 0.135264 
4.08827 1.77983 1.17929 2.0053 2.01467 0.691644 0.980076 0.612051 -0.607122 -1.13572 -0.0166798 0.0623542 
4.39594 2.69621 1.70429 0.754098 2.82087 -0.320716 0.0225164 0.970433 -1.28484 -0.856346 -0.106287 -0.00759282 
4.63867 2.61084 2.02776 1.09685 2.17842 -0.0726934 0.341732 0.418221 -1.45898 -1.09778 -0.0471158 0.0204754 
5.19371 2.26797 2.28211 0.945132 2.53504 -0.52944 0.278331 1.0503 -1.42629 -1.34475 -0.14683 0.0583617 
5.27146 3.3146 0.936408 0.74276 2.88979 -0.422516 0.206502 -0.268764 -0.47444 -1.2357 -0.277466 0.0158594 
4.54215 3.22184 1.84479 1.18893 0.902465 0.152122 0.223661 -0.0277631 -0.97442 -0.966364 -0.0598589 -0.0214339 
3.66136 2.73577 2.03976 1.58516 1.11149 0.0429679 -0.257916 -0.301113 -0.580863 -0.548966 -0.0413017 -0.0416369 
3.79088 2.8688 2.06314 1.50767 1.17658 0.0160974 -0.157544 -0.328739 -0.418005 -0.440312 0.00629152 -0.0262186 
4.24071 2.88515 1.75572 1.90079 2.29205 0.0620048 0.149632 0.177886 -0.290009 -0.782361 -0.0365968 -0.00199737 
4.34146 2.97438 1.80322 1.63463 1.85424 -0.160384 -0.483243 0.211404 -0.24904 -0.587886 0.0119886 0.00693571 
4.95734 3.18542 1.60277 1.86125 2.83984 -1.17961 -0.367466 0.465596 -0.0652979 -0.727171 -0.206853 0.042 
4.4698 2.9835 2.11808 1.92514 2.34976 -0.490146 0.0185934 0.445666 -0.505277 -0.862906 0.0112612 0.0394286 
3.66481 2.96188 2.30411 1.65711 1.09476 0.122945 -0.070775 0.105733 -0.123746 -0.327395 0.058145 -0.004313 
3.74266 2.91445 2.08052 1.66119 1.1028 0.022779 -0.206549 0.0645637 -0.106712 -0.178474 0.0954557 0.00493568 
4.77364 2.82178 0.610963 1.76149 3.25198 -0.819058 0.555465 0.467049 0.196298 -1.40841 -0.0453083 0.152018 
4.74311 2.4174 0.577648 1.77885 3.02482 -0.59344 0.310539 0.615261 0.171204 -1.3257 0.0151872 0.171843 
4.49908 2.45185 1.52799 2.34325 2.76604 -0.839325 0.29519 1.23205 0.358447 -0.880378 -0.0371593 0.117019 
4.19547 2.45905 1.39183 2.98232 1.75225 -0.302225 1.47793 1.33836 0.373528 -0.8741 0.193607 0.125951 
3.12113 2.21255 2.2466 2.75033 1.17739 0.0657865 1.33718 1.64225 0.62562 -0.166398 0.472976 0.115194 
2.14674 1.67522 1.68638 2.59616 1.20772 -0.695864 1.72403 2.15717 1.08117 0.121923 0.60801 0.0979838 
-0.0302883 -0.263425 2.90805 4.09129 0.0322044 -1.43383 1.74706 3.83878 0.878943 -0.685887 1.06565 -0.00127023 
-0.635598 -0.170731 2.9571 3.99883 0.759214 -1.33214 1.93913 3.22622 0.649304 -0.39956 0.562513 0.00478574 
-1.40888 -1.52795 2.86495 2.71888 -0.273431 -1.98652 1.97348 2.88457 0.564653 -0.792436 0.81658 -0.0271296 
-2.5615 -1.87733 0.762133 2.58101 -0.444134 -2.31963 2.60766 3.13188 0.777405 -0.662583 0.54872 0.0723368 
-1.61313 -1.55613 -0.0115428 3.04596 0.613799 -2.36032 1.76076 2.61426 0.262717 -0.958798 0.591567 0.0326949 
-2.41989 -1.61177 1.44888 2.14568 -0.0771218 -2.26252 2.22782 2.96143 0.431099 -0.664718 0.651166 0.0350594 
-3.26214 -2.17518 1.94734 1.43241 -1.1736 -1.42422 2.97503 2.81798 1.17373 -0.525937 0.367044 -0.00212236 
-2.56859 -2.63746 0.800682 0.958084 -0.687238 -2.10806 1.42886 2.45095 -0.0410771 -0.793594 0.150665 0.0265781 
-3.77872 -3.90784 -0.082205 0.115764 -0.364899 -2.9044 1.56399 3.21148 -0.668893 -0.677815 -0.0280689 -0.0252936 
-3.13848 -2.4107 -0.0249042 1.36705 -0.907102 -3.24981 1.64655 2.46686 0.282724 -0.837715 0.256131 -0.058846 
-3.09298 -2.18895 0.675816 1.00169 -1.0999 -3.20736 1.59903 2.63314 0.070467 -0.585252 0.334919 -0.118974 
-3.55454 -3.07252 0.112585 0.503829 -1.49035 -2.87376 1.05038 2.82527 0.231165 -0.643322 0.147983 -0.0894962 
-2.87005 -2.39727 -0.159472 1.36638 -0.172077 -2.75378 1.20139 2.54365 0.0183033 -1.04057 0.338857 -0.140207 
-4.19762 -4.03989 -1.35369 0.86311 -0.699199 -2.77728 0.851484 1.99706 0.438754 -0.851804 0.133669 -0.0801591 
-2.19437 -2.37316 0.175837 1.4698 0.144717 -2.87684 0.776225 1.82322 0.568313 -1.1222 0.200518 -0.0713591 
-2.92746 -3.15033 0.0493013 1.18429 -0.323325 -2.83378 0.322612 2.95271 0.802688 -0.598496 0.000933277 -0.0685461 
-3.54412 -2.82434 -0.875544 1.71042 -0.506233 -2.26009 0.731064 3.33061 0.433684 -0.807314 -0.0432191 -0.12383 
-4.14314 -3.67319 -0.856734 0.829045 -2.10293 -3.05155 0.585662 2.67968 1.1177 -0.638492 0.16717 -0.16332 
-3.38691 -2.39868 -1.38597 2.78166 -1.18271 -2.85702 0.127997 3.15621 0.30969 -0.626766 0.250298 -0.192708 
-4.56389 -3.86002 -1.74723 1.31486 -2.17163 -3.07705 0.0527655 2.67356 0.858974 -0.199964 0.184412 -0.225675 
-4.68025 -3.78827 -1.29829 1.11082 -1.84136 -2.77682 0.30222 2.97256 0.847879 -0.706476 0.142065 -0.178677 
-3.64754 -3.78401 -0.135835 1.04789 -0.521992 -2.0397 1.35693 2.80186 0.521021 -1.34791 0.218874 -0.161805 
-2.56503 -2.98124 -0.362447 2.3091 -0.358319 -2.28544 0.687129 2.71892 0.276411 -0.743449 0.260969 -0.180085 
-2.95942 -3.01815 -0.669529 0.467466 -0.937329 -3.36492 0.868484 2.31089 0.393938 -0.231221 0.00558847 -0.20815 
-2.42177 -2.22241 0.598676 1.1211 -1.56845 -1.51932 0.469982 1.8822 -0.0430224 -0.730677 0.637332 -0.084238 
-2.69499 -2.50843 0.0939461 1.16447 -2.03137 -2.69082 1.59427 2.84992 -0.296782 -0.772243 0.573071 -0.144147 
-1.6895 -3.83947 1.34469 0.522253 -2.93794 -0.624222 1.51303 2.27644 -0.48959 -0.854226 0.385941 -0.0950703 
-0.647193 -3.17925 2.13981 0.586714 -1.68746 -0.0237134 2.40313 2.67673 -1.40264 -1.12404 0.30101 -0.106261 
0.33293 -1.64798 0.41145 0.124856 -0.226064 -1.2443 2.94279 1.91243 -1.45492 -0.679474 -0.0344315 -0.0808991 
0.859976 -1.32505 0.705762 -0.480059 -0.422901 -1.47029 1.43409 1.1831 -0.000822529 -0.226894 0.0489166 -0.0791918 
0.92094 -0.377585 0.842503 0.461644 0.424785 -0.720553 1.1459 0.521403 -0.446872 -0.331437 0.0672459 0.128279 
1.29754 0.21419 0.36947 0.230758 0.176686 -1.11451 0.986214 0.249944 0.1337 0.224536 0.305511 -0.0176209 
1.08613 0.175707 1.28003 0.265998 -0.171738 -0.210218 0.214414 -0.012557 0.115261 0.532804 0.115623 -0.036253 
1.20696 0.907949 1.51331 1.22066 1.18018 0.125343 0.284956 -0.189493 0.194557 -0.00523003 -0.196175 0.0572983 
1.06367 0.416433 1.00797 0.515762 0.698402 0.649746 -0.125025 -0.302599 0.241712 0.0299494 -0.221745 0.124066 
1.27797 0.46347 0.366257 0.451711 0.662738 -0.238 0.345754 -0.178766 -0.0571641 -0.0770916 0.342789 0.0153117 
0.982156 0.851816 1.14911 0.471187 1.02288 0.254918 0.424258 0.200765 -0.312787 0.0627931 0.0778707 0.0166494 
0.879345 0.907966 1.6172 0.207748 0.257725 0.0432035 -0.0384324 -0.036534 -0.0679967 0.477385 -0.0069905 0.039309 
1.15743 0.574288 1.23506 0.182702 0.661011 -0.197666 0.798148 0.105799 -0.641999 0.182417 -0.166815 0.0282367 
1.00921 0.651822 0.914015 0.0813855 0.490168 0.871962 0.111111 0.0465954 -0.155205 -0.562071 0.098792 -0.0064955 
0.785468 0.712148 0.960459 -0.108581 1.12125 0.314607 0.384999 0.0612277 0.148184 -0.202245 0.0272152 -0.0689621 
1.28487 1.11459 0.654529 0.46136 1.27007 0.352292 0.711703 -0.570407 0.506636 0.0679631 -0.0514585 0.0400769 
1.32251 0.482903 0.989 0.674554 1.25956 -0.32577 0.238392 -0.0203497 0.511112 0.167819 0.227869 0.00948824 
