1.00944 -0.161074 0.897014 -0.172033 1.06655 -0.0746523 0.993377 -0.180443 -0.0477823 0.0181689 0.340623 -0.0266381 
1.14996 0.0063593 1.48181 -0.28868 1.41834 -0.0797324 1.02908 0.114359 0.969239 0.255288 0.028295 -0.018995 
0.945368 -0.112183 0.940798 -0.241282 0.822972 0.0944589 0.0879191 0.0812805 0.836954 0.0704034 0.0357367 0.00861911 
-0.264019 -4.40329 -0.111663 -4.02416 -3.03852 -1.13037 1.25813 1.43971 1.85872 -0.65421 -0.242948 0.0828194 
1.27839 -3.62267 1.35474 -3.71781 -1.86577 0.240882 0.13836 1.49069 1.35768 -0.309608 -0.352814 -0.00208693 
0.966227 -1.22689 2.00955 -4.96833 -5.20679 1.24089 1.72248 0.292272 1.97563 0.456235 -0.502371 -0.0438741 
1.68394 -1.15495 3.27812 -2.41589 -3.36995 1.8346 1.80035 -1.244 1.8542 0.618614 -0.358425 -0.0373598 
1.56 0.016097 1.18276 -1.35875 -0.709883 1.42097 1.69119 -0.303127 1.54887 0.210353 -0.30719 -0.104405 
1.228 0.541751 1.75881 -1.26769 -0.482843 0.0428337 1.47938 -0.0503329 1.09325 -0.0727704 -0.596258 -0.119896 
1.23236 0.598289 1.2319 -0.656387 1.06967 0.13673 1.54146 -0.539779 0.355876 0.164358 -0.269662 -0.0506008 
1.41007 1.10873 0.919979 0.25647 0.738846 0.300644 1.11073 0.0406856 0.522862 0.336374 0.0622857 -0.0342783 
1.0458 0.963422 0.952463 -0.149358 1.63498 -0.231289 0.272194 -0.55855 0.418365 -0.0432024 0.0656587 0.00186157 
1.16843 1.17484 0.432179 0.197688 1.36639 -0.381973 0.624014 0.0168002 0.0182081 0.0838276 0.356155 -0.0670702 
1.38206 0.326259 1.10268 0.162056 0.824222 -0.640435 0.797797 -0.272947 -0.129974 0.0195122 -0.083142 -0.103042 
1.10001 0.528452 1.14204 -0.696591 1.19935 -0.849295 0.973157 -0.317105 -0.241811 0.140281 -0.0255801 -0.0279696 
1.10588 0.691144 1.45657 0.0292802 1.51744 -0.500065 0.082372 -0.32321 0.362448 0.183761 0.259288 -0.0956183 
1.20341 0.490148 0.850745 -0.310177 1.55097 -0.265946 1.04624 0.112485 0.312762 -0.103489 0.293307 -0.00891564 
1.41126 0.432244 1.1271 -0.32237 0.659264 -0.528863 0.614221 -0.118182 0.00951994 0.175774 0.270674 0.0256413 
1.22642 0.417587 1.30963 -0.328036 1.39293 -0.875736 0.206278 -0.091103 0.302341 0.260377 0.0808763 -0.0548866 
1.1543 0.40277 1.4351 -0.266696 0.815004 -0.0914482 0.719894 0.173933 -0.0368144 -0.255147 0.18119 0.0702241 
1.21098 0.643737 1.20377 0.0274257 0.962765 -0.578455 1.24123 0.328288 -0.0274539 -0.0786636 0.213926 0.0182381 
1.0156 0.428298 0.820869 0.00194765 -0.0174167 -0.828228 0.658515 0.0670711 0.0122999 -0.152823 0.0278315 -0.0929366 
1.03242 0.0419743 1.0479 -0.051441 1.27162 -0.444382 0.285828 -0.542054 -0.151873 -0.0405255 -0.13495 -0.0407431 
1.18512 0.323385 1.30181 -0.559163 1.07197 -0.248916 0.685444 -0.374548 0.397836 0.129914 0.0992324 0.000445502 
0.95427 0.556948 1.13466 -0.216511 1.23259 0.0596774 0.696264 -0.386603 -0.180784 -0.32079 0.146762 0.0201641 
1.61839 0.0275763 0.624988 -1.20907 3.40819 -1.2295 1.1076 0.712322 -0.679396 -0.248002 0.253764 0.077454 
2.04588 1.66338 -0.382172 0.467373 2.17091 -1.00731 2.04251 1.46187 0.157678 -0.936712 0.660371 0.0302261 
3.84473 0.971788 0.146778 2.19988 2.04159 0.894212 1.27828 1.37252 0.34455 -0.462187 0.186881 0.113967 
3.80291 0.0752531 -0.495323 3.00116 3.43206 1.54966 2.16824 1.04871 0.125402 -0.395693 0.169792 0.18413 
4.26487 -0.664759 -1.73321 4.6703 3.80258 0.62081 3.43879 0.13445 0.427867 -0.930373 0.386039 0.120979 
4.30346 -0.417264 -1.31169 4.17985 3.99561 0.978962 3.72721 0.39294 -0.014536 -0.506683 0.504359 0.202014 
3.61815 0.549991 0.213512 2.93927 3.6618 2.27399 1.98796 0.928589 -0.234952 -0.126748 0.269409 0.190855 
3.94026 1.89919 0.646995 3.35508 2.68618 1.0875 1.17993 0.303739 0.611772 -0.993707 -0.0923196 0.0151804 
4.05385 2.30665 0.548787 3.71393 2.60376 0.627289 2.24846 -0.1099 -0.0619037 -1.58513 0.177257 0.0536958 
3.53856 2.53234 1.16637 2.64342 2.41164 0.722467 1.42299 -0.119989 0.00368952 -1.34437 0.186173 0.00927018 
3.19196 2.68115 1.66465 2.74214 0.415603 0.369906 0.706674 0.238647 0.133534 -0.616892 0.261816 0.00158585 
3.49896 2.69952 1.53557 2.29277 1.58622 0.393629 1.09948 -0.291931 -0.0901884 -0.722374 0.401369 0.0451145 
4.04641 2.7953 1.79661 3.47822 1.73574 -1.25884 -0.020002 0.24113 1.36887 -0.912247 0.17088 0.0838256 
4.09223 2.75826 1.01192 2.84731 2.03172 0.604153 0.920977 0.0383474 0.0201797 -1.12535 0.333114 0.0758665 
4.075 2.69291 1.96561 3.18312 1.30503 -0.0905069 0.176908 0.0680189 0.138641 -0.677891 0.251419 0.0628954 
3.9985 2.53566 1.62103 2.89887 2.02697 -0.181327 1.23956 0.140276 0.357748 -0.938162 0.30738 0.0917408 
4.35147 3.00086 1.33534 3.81078 2.37454 -0.378086 0.612554 0.227312 0.957775 -1.3396 0.171202 0.0483535 
4.05301 2.66811 1.72487 4.63655 1.81471 -0.974045 1.26993 -0.343504 0.993556 -0.999001 0.316189 0.0155785 
3.93415 3.02703 1.82506 3.24359 2.49066 -0.413517 1.07029 0.238181 0.467782 -1.25021 0.322651 0.064128 
3.88894 2.76267 1.89989 3.48675 2.03277 0.207802 0.668935 0.46716 0.795633 -0.845309 0.133232 0.0252662 
3.53485 2.51448 1.90639 2.88748 1.92109 0.267009 0.899583 0.635569 0.466021 -0.5613 0.130681 0.0346415 
3.28094 2.55249 2.02367 2.77388 2.05943 0.496824 1.24486 1.22427 0.656838 -0.600439 0.0744381 0.0423043 
2.54495 3.0133 2.12591 3.29026 1.729 0.621625 0.793186 2.29325 1.20295 -0.686031 0.465566 0.0729421 
1.06422 1.1132 3.26081 4.53438 1.87693 -1.46848 0.62974 1.65096 0.675341 -0.737768 0.823616 0.0269701 
0.266285 0.793694 3.37751 4.17549 1.49999 -1.29072 0.40183 1.48481 0.849577 -1.06483 0.797767 -0.0359535 
-0.0399522 1.62467 2.48857 2.48438 1.41912 -1.14844 0.789423 1.64964 0.929233 -0.875539 0.68535 0.00467826 
-0.708636 0.380462 2.4007 2.42339 1.58258 -0.828112 2.28036 1.99024 0.743633 -0.466163 0.567188 -0.0411073 
-1.28704 1.09971 1.58387 3.33614 0.397217 -0.340813 1.58401 2.43838 0.595331 -0.623544 0.670331 -0.0406967 
-1.85121 -0.19539 2.56259 4.88025 1.57316 -0.870747 0.19566 2.49094 0.937271 -0.846586 0.572809 -0.0101585 
-2.01326 -0.386296 2.64603 4.21514 1.25655 -1.16219 -0.43877 1.84323 1.31452 -0.875239 0.50897 0.00518848 
-2.45463 0.197279 1.31394 4.22524 0.117249 -1.2668 0.22875 2.46008 0.739171 -0.692625 0.688161 0.00806457 
-2.64672 0.645333 0.909012 4.2283 -0.195768 -0.993309 0.262245 2.15856 0.562698 -0.451461 0.682717 0.000487099 
-3.19375 -0.493948 0.823879 1.90136 0.107106 -1.08978 1.65573 2.54603 1.01841 -0.891957 0.847637 -0.080961 
-2.80307 -2.25144 0.347504 0.582684 -0.147049 -0.961803 0.88178 2.29032 0.315141 -1.18909 0.473069 -0.127558 
-2.90956 -3.28358 -0.906192 -0.530186 -1.25994 -1.14214 1.42265 1.42683 -0.0313788 -1.30302 0.720259 -0.158899 
-3.04601 -2.66788 0.216055 0.241106 0.148856 -1.01562 0.999061 1.84356 1.19458 -1.55507 0.214525 -0.0401787 
-2.436 -3.47281 0.0100062 1.64694 -0.315671 -3.03094 1.30024 2.709 0.453115 -1.26337 0.258382 -0.04363 
-1.56319 -3.0606 -0.463197 3.05127 -0.138968 -2.38511 0.405598 1.96498 0.261756 -1.20362 0.123384 0.0857856 
-1.50146 -2.32931 -0.141979 2.05005 0.315578 -2.6701 -0.111752 1.85514 0.815456 -1.62172 0.319866 -0.0361032 
-2.31769 -3.32137 -0.156524 1.42493 -0.450389 -3.56858 0.24636 2.7169 1.80433 -1.61064 0.500926 -0.0608737 
-1.36921 -2.9423 -0.036815 2.65267 -0.0638959 -3.43478 0.266835 1.90507 1.17775 -1.71645 0.425072 0.0217489 
-3.10629 -4.52053 -0.953678 1.53915 -0.773268 -3.36008 -0.369611 2.47601 0.772675 -0.996714 0.324434 -0.0216725 
-3.44446 -3.32949 1.6112 1.58969 -3.09806 -2.48504 1.13739 3.49114 0.627112 -1.01066 0.755298 -0.0246937 
-0.942062 -3.95467 1.34526 2.20332 -2.19862 -1.30452 0.713497 1.91907 -0.479113 -0.565229 0.385453 -0.00355271 
-0.152994 -4.04149 0.696227 1.53239 -1.73138 -1.6351 1.14122 3.04061 -0.546273 -0.773217 0.117595 0.0551915 
0.276151 -3.22724 1.47398 -0.636547 -2.10115 0.660845 1.13538 3.47141 -0.00450155 -0.228611 0.282981 0.0196564 
2.13185 -1.40898 1.87097 -2.96337 -3.15226 -0.337483 2.02078 2.85303 0.239496 0.0147575 0.399998 -0.101623 
2.62569 -0.808349 1.17555 -0.840476 -3.95014 -1.53107 1.34791 0.615341 -1.37844 -0.0747638 -0.142183 -0.231042 
1.24637 -0.858828 1.17712 0.396507 -1.91568 -1.24381 1.62353 0.225914 -0.827096 -0.0341312 0.095406 -0.0986585 
0.795476 -1.1022 1.32666 0.772179 -0.880675 -1.2135 2.18835 0.790391 -0.219169 0.684345 0.109869 -0.179464 
1.08821 -0.224465 0.783486 0.315705 -0.920119 -1.01022 1.76302 0.676749 0.0678521 0.341595 -0.00277628 -0.152376 
0.761656 -0.219154 0.816194 -0.389738 -0.195724 -1.09715 1.68088 -0.191583 -0.77653 0.682503 0.0128801 -0.130829 
1.0241 0.00449119 1.11855 0.354921 -0.0991064 -0.911596 0.0137296 -0.144404 -0.329027 0.304637 -0.112166 -0.038183 
1.34005 0.426015 0.718923 0.247435 0.233017 -0.533989 0.860291 -0.0533115 0.111062 0.0427847 0.180477 -0.055901 
1.12983 0.968688 0.730426 -0.164607 0.392691 -0.821706 0.748875 -0.324598 -0.305675 -0.279608 -0.0453677 -0.0395722 
1.42674 1.09296 1.16578 -0.300657 -0.137227 -0.608545 -0.100405 -0.132082 -0.0882615 -0.505818 -0.254686 -0.120944 
0.941289 0.731748 0.388423 -0.68616 -0.199444 -0.511671 0.0905613 -0.682112 0.0834072 0.228956 -0.252084 -0.149538 
1.17445 0.699168 1.08373 0.233919 1.04749 0.0268191 0.26098 -0.125985 0.590358 0.139166 -0.078757 -0.0114234 
1.03499 0.463572 0.612189 0.563677 0.341679 -0.72026 0.961345 -0.112048 -0.0519356 0.178923 -0.137399 0.0485948 
1.00575 0.794681 0.491031 -0.198702 1.05371 0.600732 0.679016 0.359633 0.948065 0.663638 -0.101872 -0.0295265 
