1.25688 -0.232032 1.67331 -0.611922 1.24713 0.189108 0.938358 0.126013 0.132659 -0.190452 0.194309 -0.0465895 
0.988907 0.282942 1.22811 -0.630518 0.920323 -0.0921248 0.775379 0.262634 0.547338 -0.121763 -0.00506574 -0.157063 
0.918292 0.0942215 1.22182 -0.0585721 0.767887 -1.05581 0.454422 -0.193755 0.329004 -0.127342 -0.0937785 0.0392446 
1.26088 -0.148822 1.04891 -0.0524861 1.48306 -0.703054 0.5243 -0.100234 0.145321 -0.475508 0.117068 0.00222507 
1.18351 -0.0381345 1.02404 0.325813 0.871874 -0.297036 1.20692 -0.400772 1.18115 -0.161109 -0.166186 -0.0240526 
1.27518 0.372039 1.29011 0.192449 1.21601 -0.27401 0.167532 -0.0753525 0.850795 -0.0521165 0.187946 -0.00875988 
1.21842 0.54398 1.39633 -0.643508 0.693784 -0.873382 0.759199 -0.651313 0.0926463 -0.0991754 -0.0446738 0.0123349 
1.2351 0.537008 1.53545 -0.845778 1.01807 -0.353725 0.589957 -0.277183 0.480349 0.133435 -0.0241449 0.0396131 
3.6231 2.52384 1.81717 -0.615729 -1.56428 -3.07806 -2.33747 -2.41166 -1.29165 -0.599828 0.043195 0.0233628 
4.30789 3.28999 1.20401 -0.719627 -1.47264 -3.3017 -2.54375 -1.94011 -1.14774 -0.495194 -0.0455659 0.0365662 
4.48365 3.53244 2.2893 -1.07178 -2.06147 -3.16998 -2.01884 -1.4933 -0.582311 -0.509217 -0.0378206 -0.0023651 
3.66945 2.6721 1.77693 -1.33871 -1.44742 -2.87977 -2.22257 -2.80056 -0.98113 -0.443588 -0.0550758 0.0527351 
1.17326 1.67417 0.671194 -1.79001 0.176177 -0.528677 1.25597 0.494525 -0.990816 -0.55926 0.246079 -0.0869672 
2.69873 0.901453 0.1942 0.440069 1.51396 1.64385 1.76766 0.249088 0.0828415 -0.0576575 0.330958 -0.00449471 
4.45755 0.0561891 -1.40981 0.954759 3.46423 3.34954 3.0346 1.39535 -0.777902 0.0827271 0.192718 0.130974 
3.53335 0.373394 -0.541657 1.78666 3.44215 2.98613 1.82079 0.509155 -0.298929 0.147292 0.341179 0.137071 
3.60405 0.648593 -0.378417 1.78298 3.21497 2.57435 1.6584 0.738462 -0.197446 -0.0675077 0.235635 0.127424 
3.82901 0.118971 -0.920417 2.18228 3.52446 2.77868 2.32649 0.845515 -0.490481 0.0501777 0.261266 0.1622 
4.578 0.504836 0.753639 2.28271 3.62309 1.26959 0.735347 1.04182 -0.860364 -0.37193 0.12681 0.114867 
4.46754 1.42732 1.08471 2.30754 3.12238 0.946288 1.36243 0.585624 -1.21986 -0.772799 0.133604 0.147909 
4.71063 1.24961 1.00926 2.72494 3.12133 0.483824 1.60746 0.0990539 -0.989411 -0.854087 0.0131604 0.117463 
4.61382 1.71832 0.796975 2.72784 2.38819 -0.22925 1.22391 -0.382718 -0.236068 -1.1704 0.0413566 0.103166 
4.6109 1.77052 1.60537 2.39685 2.54532 -0.272891 1.29589 -0.0573496 -0.503878 -0.787677 -0.0894229 0.0564015 
3.82829 2.95683 2.09925 1.67493 3.13595 -0.197457 2.05499 -0.0859875 -0.880679 -1.08128 0.0196061 0.0474102 
4.08046 2.36195 2.36219 1.86548 2.94414 -0.54639 1.32542 0.0849053 -0.809122 -0.624728 0.0159078 0.0653225 
3.91197 2.70033 2.24895 2.10253 3.11848 -0.508969 1.14956 0.193956 -0.622892 -0.989555 0.157724 0.0682653 
3.84681 3.19239 1.96442 1.61703 2.22293 -0.556994 1.4059 -0.560605 -0.567222 -0.86594 0.364378 0.0677758 
4.09999 2.41654 1.84282 1.94455 2.45202 -0.401242 -0.13657 0.836171 -0.570731 -0.398536 0.0776311 0.0325014 
3.91285 2.42317 1.76448 2.53093 2.58952 -0.13338 0.607654 0.982821 -0.477206 -0.728001 -0.100344 0.0142031 
4.22685 2.49501 2.2938 2.36204 2.42504 -0.440336 0.738682 0.994918 -0.322678 -1.04158 -0.047104 0.0299216 
4.14289 2.09381 2.31265 3.17545 1.83062 -0.0114615 1.04741 1.17709 -0.609823 -0.608579 0.136874 0.0618463 
3.36803 1.9919 3.55722 3.27687 0.742511 -2.35548 1.05436 1.66933 -0.112401 0.0179044 0.160761 0.160824 
0.269697 1.26257 3.76093 4.73752 0.196685 -3.04825 1.4209 1.33657 0.276358 -0.402513 0.803431 -0.0168955 
0.0182089 0.474318 2.69568 4.28254 0.467662 -1.96258 0.845278 2.01245 0.450742 -0.406197 0.232917 0.113421 
-1.07961 0.448045 2.76622 4.15152 0.526382 -1.90115 1.26836 2.81785 -0.278167 -0.0525993 0.267508 0.108371 
-1.43348 -0.398719 1.9506 3.24632 0.655769 -0.879801 1.69124 2.89323 0.309352 -0.609538 0.455813 0.0178786 
-1.7187 -0.637073 2.24161 3.88774 1.21341 -1.39023 2.191 2.81303 -0.167761 -0.254935 0.418275 0.106099 
-0.908594 -1.3788 1.33037 3.90334 1.11497 -1.23781 1.38394 3.04604 -0.0673153 -0.509084 0.365449 0.171565 
-1.45352 -2.18048 1.41436 3.68798 0.623699 -1.23191 1.69401 3.16562 -0.379196 -0.435762 0.384474 0.140829 
-1.37269 -2.3337 0.404791 3.48136 0.0972997 -1.86054 1.42508 2.64998 0.180536 -0.917979 0.410181 0.115965 
-1.46825 -2.74076 0.036713 2.68709 0.0583819 -2.8982 0.99114 1.57087 0.0180469 -1.34881 0.34019 0.0817448 
-2.23159 -2.53678 -0.312188 2.77732 -0.244342 -3.0621 0.626534 1.96538 -0.528633 -1.33566 0.519384 0.012151 
-4.22964 -2.1566 0.092565 1.34784 -0.963404 -4.24089 1.6702 3.0822 0.201392 -0.99189 0.69246 -0.137136 
-3.21398 -1.84818 0.740698 1.14755 -0.539197 -4.19538 1.6635 2.77307 0.242117 -0.815642 0.735559 -0.132905 
-3.93783 -1.66202 0.729009 1.29534 -1.57086 -3.7144 2.09738 2.68562 0.730128 -0.747161 0.826425 -0.206014 
-3.66853 -2.29626 0.798036 0.759784 -0.529194 -3.04461 1.6043 2.48023 0.25622 -0.994205 0.62556 -0.190559 
-3.95219 -2.76958 1.06657 1.2073 0.877322 -3.60389 1.99441 1.9839 -0.215326 -1.07565 0.673694 -0.115498 
-4.53284 -2.62806 1.46437 1.47337 0.711646 -2.98003 2.98612 1.73774 -0.317062 -0.890106 0.738256 -0.0756425 
-3.43274 -2.94684 1.64458 0.519769 -0.0372597 -2.50979 1.42335 3.15047 0.231805 -0.692588 0.53992 -0.173711 
-3.11838 -3.01236 1.61883 0.860015 -0.681343 -1.29372 1.41433 2.68864 0.274594 -0.920627 0.58007 -0.192628 
-2.26654 -3.15471 0.743628 0.0046249 -1.259 -1.14846 1.71009 1.52873 -0.70144 -1.08795 0.439531 -0.172943 
-1.37974 -2.24396 0.351794 0.579541 -1.97087 -3.15382 1.92798 2.11383 -0.693571 -0.740376 0.338333 -0.105396 
-0.853414 -2.07511 1.44528 -0.42114 -1.80083 -4.24002 2.08403 1.6106 1.00805 -0.887527 0.633734 -0.0686372 
-0.242917 -2.89623 0.573492 0.316461 -2.44211 -5.20636 0.693747 2.50023 1.06248 -0.820313 0.58569 -0.00843739 
0.604377 -1.48249 0.415851 -0.546361 -1.23637 -2.23802 2.6242 0.587844 1.53861 -0.280161 0.44198 0.0734839 
1.11362 0.201191 0.988337 -0.358277 0.627821 -2.23335 1.17369 0.0521222 1.5724 0.102419 0.399022 -0.146198 
1.12155 0.110298 0.912789 0.000853383 0.0125265 -0.661553 0.572371 -0.861008 -0.260575 -0.351626 0.0464532 -0.0563914 
0.86052 0.386583 1.02358 0.391301 0.357182 -1.55593 0.869825 -0.0717154 0.295982 0.0761382 0.298215 -0.0191118 
1.24162 0.294963 0.649592 0.283283 0.404884 -0.674279 0.778618 -0.292034 -0.139733 -0.320584 0.159587 -0.0511536 
1.01373 0.675878 0.817058 0.266952 0.332086 -0.0308519 0.768458 -0.404293 0.240177 0.0741071 -0.0427309 -0.0809307 
1.32293 0.734778 0.528982 0.340161 0.519792 0.113002 0.182713 0.136538 -0.195549 0.268115 0.030385 0.0486068 
0.969763 0.116511 0.881138 0.32871 0.037846 0.084689 0.213076 0.276084 0.492724 0.307213 0.0268555 -0.0652188 
1.19717 0.569359 0.424337 -0.140346 0.78867 -0.241811 0.794695 -0.153684 0.145294 0.0688119 0.23872 -0.0441822 
0.967163 -0.0202142 0.602913 -0.227777 0.988556 0.0443898 0.558626 -0.514961 0.325557 0.071723 0.0566951 -0.0924542 
1.20488 0.0969269 0.855134 -0.282823 0.850214 -0.126314 -0.105731 -0.472126 0.491844 -0.34599 0.132756 0.0238618 
1.29707 0.519057 0.705487 0.0857166 1.117 -0.00719114 0.132841 -0.120099 -0.160875 -0.0627985 0.124971 -0.00710611 
1.1901 0.457672 0.249532 0.166458 0.547061 0.424535 0.179136 -0.262431 0.0607401 -0.441188 -0.137158 0.0304838 
1.21202 0.459607 0.573918 -0.0276364 1.1343 0.591387 0.675614 -0.383489 0.677533 0.0290119 -0.232775 0.0266011 
0.825575 0.288765 0.453091 -0.196579 0.348765 -0.245798 0.184911 -0.383362 0.315702 0.108026 0.0939034 -0.00179238 
0.862866 -0.278146 0.875756 -0.680471 1.11345 0.791524 -0.370085 -0.431078 0.401922 0.0589568 -0.106842 0.0334639 
0.895049 -0.00924365 -0.104687 0.164334 0.392831 0.24185 0.195588 -0.643987 0.567922 -0.111157 0.0481373 -0.0323612 
1.27031 0.349031 0.91901 0.185816 -0.296687 -0.150002 0.22052 -0.499277 0.077425 -0.032237 -0.0887044 0.0162483 
1.01043 0.40777 0.521321 0.509355 0.541654 0.476807 0.324063 -0.414232 0.640268 0.317121 -0.0265497 0.0351175 
1.11891 0.545297 1.17717 -0.22946 0.444057 0.0484597 0.855698 -0.209947 0.228344 0.0457278 -0.33134 0.0273842 
1.36092 0.559076 1.5444 0.132275 0.653462 0.77154 0.836212 0.278252 1.07896 -0.00718548 0.0146312 -0.0341243 
1.18457 0.907146 0.863876 0.135007 1.21219 0.558032 0.817776 -0.114369 0.186182 -0.105569 -0.255712 -0.0131797 
1.10077 1.28027 0.876606 -0.192716 0.948075 0.0377215 0.693413 -0.711073 -0.0433046 -0.0158811 -0.0196564 0.0553326 
1.3341 0.713582 0.596767 0.349251 0.795062 0.516293 0.0487246 -0.341953 0.214162 -0.453474 -0.0829821 -0.00903132 
1.14563 0.828582 1.46256 0.0615063 1.13129 -0.376008 0.332084 0.584181 -0.224334 0.14456 -0.234246 -0.0737297 
0.931798 0.831703 1.35959 0.383223 0.629177 0.145551 0.505203 -0.131447 0.204792 0.444805 -0.188368 -0.0945594 
1.17852 0.303421 1.02482 -0.099906 0.499321 0.19853 0.902507 -0.631936 0.20679 0.100119 -0.299758 -0.0401871 
1.25057 1.16374 1.60829 0.489281 1.15697 0.730889 0.623766 -0.306831 -0.104601 -0.148347 -0.372717 -0.0685238 
1.12533 0.908621 2.12949 0.241811 1.2493 0.602797 0.83155 -0.0548752 0.459357 -0.249846 -0.377889 -0.0894576 
1.07799 0.909191 1.57886 0.177558 1.03809 0.748108 0.916817 0.159471 0.49922 -0.397822 -0.0712046 -0.20655 
1.12108 0.500038 1.78981 0.916832 1.06438 0.331337 0.670462 0.0912667 0.470699 -0.388285 -0.214194 -0.132956 
