1.02922 0.383656 1.4841 -0.855842 1.23619 -0.373889 0.676661 -1.18099 0.310798 0.366119 0.143537 -0.00629788 
1.34581 0.712008 0.410798 -0.679467 1.60722 -0.340466 1.01986 0.139262 0.23627 -0.0101548 0.069848 -0.0972618 
1.1973 0.676902 1.34698 0.285437 0.81041 -0.443781 0.343223 -0.344982 0.017939 0.0298324 0.0202689 -0.016186 
1.23176 0.822106 1.82249 -0.471216 1.33798 0.0658791 0.934518 0.046752 0.811843 -0.103681 0.105191 0.0128726 
1.16728 0.28603 1.99062 -0.528787 0.485166 0.200262 0.884487 -0.079333 0.0712175 -0.110328 0.164134 0.028053 
1.29186 0.1022 0.812177 -1.18278 -0.0204164 -1.3908 0.839291 0.379664 0.970626 0.0876706 -0.0373878 -0.0845133 
1.34732 0.598503 0.922999 -0.799251 0.400249 0.130627 1.00206 -0.738401 0.825702 0.228453 0.0486075 -0.0682687 
1.10529 0.521767 0.937346 -0.607398 1.05404 -0.545944 0.342279 -0.0525025 0.260876 -0.213294 0.0543775 -0.0831752 
1.14689 0.582359 0.714405 -0.352445 0.832596 -0.184353 1.06256 -0.127081 0.0149079 -0.142929 0.0320236 -0.0755587 
1.08173 0.344613 1.09609 -0.571811 0.983847 -0.731645 1.14242 -0.0171713 0.364339 0.295341 0.119742 -0.0135926 
1.16365 0.508004 1.40045 -0.498947 0.487264 -0.0929166 0.420283 -0.900928 0.325592 0.0353973 0.144917 -0.0187837 
0.816495 -0.0595829 1.28476 -0.330912 0.146472 -0.203462 1.44262 -0.364278 0.509695 -0.312919 -0.054403 -0.0200795 
1.37035 0.689797 1.70601 -0.0909177 0.457111 -0.645285 0.193897 -0.272361 0.15287 0.0786638 0.0566867 -0.00105493 
1.04988 0.334003 1.10746 0.27967 1.25799 0.566926 1.17513 -0.685303 0.6964 -0.0255421 0.001726 -0.0628092 
1.01629 0.524336 1.41212 -0.432858 1.14984 0.0433782 0.911919 -0.189002 0.211641 -0.0777732 -0.0085946 -0.0259988 
1.18304 0.459505 1.29977 -0.0324782 1.58337 -0.478242 0.982992 0.205399 0.486722 0.0284238 0.262651 -0.0122014 
1.09818 0.30086 1.63237 0.734671 0.56018 -0.566377 0.57074 0.575314 0.0803215 0.000628684 0.176023 0.0427847 
1.29969 -1.2911 0.783766 1.17907 1.94635 -1.53651 0.446013 1.14581 0.136422 -0.409362 -0.500997 0.0367417 
1.58259 -1.68668 0.505398 1.79663 2.31464 -1.31235 -1.38254 0.362566 1.13618 -0.51798 -0.178644 -0.0388816 
1.53673 -2.7869 -0.853053 2.09064 2.75315 -2.17588 -1.24678 0.957334 1.77308 -0.752983 -0.322093 -0.0439616 
1.73099 -1.55713 -1.05589 1.28016 2.20658 -0.495853 0.246381 1.30071 0.337503 -0.809844 -0.265372 0.0336823 
2.96343 0.320259 -1.69262 -0.732234 1.50062 -0.37289 -0.492386 2.58238 -0.465968 -0.211354 -0.0967724 -0.0701291 
3.0779 1.05389 -0.715322 -0.134499 1.62866 1.23203 2.14957 2.34965 -0.406688 -0.315392 0.0743067 0.0212897 
3.69883 -0.943529 -0.366686 3.04866 2.97485 2.27985 2.64787 1.39827 -1.04925 -0.0871166 0.399285 0.1596 
4.20143 -2.33555 -1.44798 4.54029 2.3717 2.67215 2.8132 0.860617 -0.973962 -0.0725174 0.523034 0.111972 
3.1372 -1.2454 -0.254993 3.33747 3.51486 2.02076 2.50099 0.491477 -0.68851 0.063316 0.436939 0.134792 
4.31158 -1.92677 -0.784482 3.54151 3.93712 2.04133 2.02762 1.28253 -1.16051 -0.149732 0.338288 0.108258 
4.14476 0.756329 0.135962 2.41565 1.61841 -0.380434 0.60004 0.846438 -0.603391 -0.452109 -0.0733244 0.00893001 
3.24785 0.444831 1.20462 2.60831 0.806426 -0.59946 0.878844 0.444987 -0.731456 -0.862963 -0.163278 -0.0445998 
3.86687 0.27878 1.41817 2.49344 1.96117 0.239155 0.520241 0.792496 -1.06346 -0.814343 -0.123085 0.000929393 
5.49721 -1.20286 3.38428 1.48204 2.40558 -0.794095 -0.0729669 1.1669 -0.805382 -0.639258 -0.140589 0.0199515 
4.42992 0.893432 2.35164 2.68221 1.89198 -0.647278 -0.683058 0.915149 -0.389527 -0.685616 0.0390743 0.0623166 
4.32332 1.46386 1.95639 3.06515 1.85285 -0.0297202 -0.313737 0.614289 -0.0593904 -0.714919 -0.0295143 0.0680649 
4.15298 2.1336 2.45722 3.22065 1.46464 -0.637773 -0.234378 0.847561 0.22571 -0.587086 0.0407284 0.0935467 
3.50063 2.33967 2.32932 2.64291 1.39196 -0.361546 -0.176677 0.479426 0.0522287 -0.104501 0.319327 0.0908509 
3.51375 2.06734 2.17571 2.31558 0.841303 -0.254908 -0.15664 -0.0681919 -0.255651 -0.0341969 0.436546 0.0932615 
3.97375 2.17386 2.07377 2.70698 1.54255 -0.463436 -0.251527 0.657414 0.00822948 -0.423288 0.403134 0.148137 
4.69172 1.75022 1.60136 3.37838 1.97514 -0.266788 0.233291 1.02407 -0.0929435 -0.707779 0.144291 0.16498 
4.05389 1.73492 2.07691 3.61818 1.7725 -0.130362 0.752627 0.823688 -0.145024 -0.683322 0.0869296 0.073682 
3.66969 2.05717 2.3722 3.31808 1.41684 0.073157 0.735435 0.665108 -0.304529 -0.421403 0.278383 0.061421 
4.15199 2.10757 2.65923 3.41246 0.488321 -0.144231 0.997381 0.528116 -0.429285 0.074593 0.606378 0.125602 
1.81341 2.47047 2.35203 3.19304 0.0792619 -0.307368 2.42045 1.68386 0.409053 -0.383468 0.452029 0.0635422 
0.653182 0.763779 2.00788 3.41243 0.498753 -1.5605 1.59122 2.1181 0.194753 -0.132772 0.519102 0.0923452 
-0.536317 0.929951 2.28613 3.6672 0.0970462 -1.73472 2.33982 2.48877 0.3061 0.0059579 0.80392 -0.111412 
-1.35875 0.457744 2.57983 3.86526 0.320535 -1.74484 2.90189 2.80358 -0.17451 0.11467 0.504378 0.0327935 
-1.62037 0.0151396 2.75432 3.09287 -0.109978 -0.804245 3.38319 2.99648 -0.147352 -0.188247 0.705136 -0.066032 
-1.97459 0.422602 2.87715 4.01965 -0.431127 -0.717401 3.42406 2.99926 -0.832768 0.362018 0.715151 -0.0686684 
-2.14437 0.200004 3.06492 4.26104 -0.470799 -1.08686 2.73605 2.84295 -1.06648 0.151838 0.932844 -0.101385 
-2.85527 -0.07696 1.88214 4.11539 -0.0326748 -1.6444 1.92639 2.5015 -0.485363 -0.0862021 0.712339 -0.0153206 
-3.25413 -0.920138 0.475485 3.29537 -1.17628 -1.74975 1.14095 3.68826 0.493915 0.00830712 0.601588 -0.0779881 
-3.33387 -0.932426 0.748122 2.0583 -1.7598 -1.07864 1.81971 3.69952 -0.59322 0.0923172 0.361501 -0.0440505 
-3.12634 -1.94126 0.606472 0.956414 -2.37726 -2.58602 2.1597 2.60172 -0.642079 -0.378859 0.580738 -0.193553 
-3.99141 -1.9615 -0.6283 1.0591 -2.84547 -2.41937 1.74937 2.91738 -0.774568 -0.179252 0.249507 -0.110326 
-4.75927 -1.19631 -0.736707 2.2101 -2.57384 -2.72679 1.48328 3.68065 -0.248278 -0.196126 0.327905 -0.189628 
-3.91939 -0.553573 -0.252653 1.66519 -1.91871 -1.50785 1.17149 2.90181 0.00125638 -0.248132 0.482311 -0.168935 
-3.71939 -1.61415 -0.0807375 2.95505 -1.87753 -2.89454 0.9037 3.37186 -0.155353 -0.553064 0.561614 -0.0882795 
-4.13813 -1.10325 0.210713 1.70445 -2.09581 -1.32442 1.76605 3.30779 -0.2422 -0.0135736 0.281658 -0.129171 
-4.68422 -1.88689 -0.778221 0.632482 -2.42118 -3.13329 1.40708 2.90416 0.0286214 -0.30185 0.26421 -0.105455 
-4.87234 -2.67272 -0.987819 1.85973 -2.59963 -1.91258 1.04966 3.08965 -0.497007 -0.7268 0.332307 -0.119302 
-2.89231 -3.03987 -0.133003 1.89186 -0.943623 -2.57311 1.36602 3.05278 -0.535639 -1.01588 0.393407 -0.00609569 
-2.9487 -2.59791 -0.357797 1.7142 -0.949151 -2.92946 0.587975 3.03459 -0.0879884 -1.0082 0.409107 -0.0185878 
-3.18774 -2.08631 0.454286 1.41108 -0.528575 -3.61016 0.947742 2.35563 0.213891 -0.915744 0.461104 -0.0254847 
-3.2827 -2.01193 0.467269 0.979139 -0.20925 -3.89512 1.49685 2.44885 -0.336218 -0.441328 0.23176 -0.0517484 
-2.58617 -2.64022 0.039877 0.381799 -0.785864 -3.38901 1.45117 3.25345 0.120459 -1.1644 0.440018 -0.208382 
-1.93184 -2.45646 0.864219 1.06886 -0.39915 -1.70176 1.93681 2.93056 0.336414 -0.73166 0.368406 -0.226309 
-0.672194 -2.71453 1.5387 2.07883 -0.329764 -2.70825 1.99719 3.83172 0.883374 -0.848527 0.533707 0.0453318 
-0.48527 -2.55036 1.31718 0.284496 -0.789387 -2.7887 0.480031 3.48383 0.57426 -0.0522101 0.325303 -0.117279 
0.835029 -2.18206 1.04199 -1.61876 0.220407 -1.42281 -0.0128314 2.61526 0.402202 0.382499 -0.265727 -0.179671 
1.22868 -0.964098 0.205046 -1.00884 0.960054 -1.45351 0.663355 2.30363 1.0005 0.145019 -0.0106497 -0.0132684 
1.46046 -1.10854 -0.191457 0.0908845 0.280964 -1.34711 0.0793533 0.944108 1.60271 0.337196 0.0334051 -0.18085 
1.32519 -0.956378 -0.377009 0.8177 0.52002 -0.597646 -0.00268165 0.492782 0.532996 -0.282059 -0.137499 -0.050811 
1.24908 -0.49966 -0.00103704 0.876012 0.953354 0.384948 -0.0173587 -0.180639 0.685835 -0.0579101 -0.158473 -0.0136536 
1.07736 0.0977638 0.581308 1.24205 0.282946 -0.184484 0.0599423 -0.0040583 0.106024 -0.310687 0.0545529 0.056853 
1.19309 0.32429 0.540867 0.600352 0.722322 -0.135288 -0.122064 -0.0107492 0.287148 0.0733974 0.255658 -0.0196649 
1.234 0.397927 0.616008 0.630974 0.75001 -0.15986 -0.286284 -0.0227114 0.150953 -0.178671 0.155282 0.035654 
0.945124 0.737891 0.167035 -0.0937613 0.608922 0.495142 0.504673 0.120858 0.460678 -0.104433 0.0299403 -0.0296631 
1.12432 0.371184 1.23663 0.747363 0.325751 0.278354 0.238245 0.10067 0.273866 0.121578 -0.170129 0.0257356 
1.31172 0.539052 1.06181 0.046036 0.483664 0.467794 0.563067 -0.432775 0.379073 0.0483746 0.0700995 0.0763231 
1.12942 0.798442 0.474841 0.0444878 0.312091 0.899581 0.492141 -0.258226 0.0842217 0.112233 -0.0183198 0.0380854 
1.08218 0.648109 0.832527 0.154572 1.1858 0.288216 -0.123196 -0.14279 0.710647 0.194927 -0.22971 -0.0228513 
0.819816 0.320019 1.03164 7.16338e-005 -0.32337 0.123874 -0.122714 -0.0260894 0.212013 -0.0891708 -0.0596288 0.0818895 
0.978714 0.638695 0.645605 0.162434 0.88894 0.386879 0.547369 -0.142895 0.280108 0.236905 -0.0870669 -0.0771396 
1.33224 0.621678 -0.0813708 0.179198 1.05662 0.389979 0.575324 -0.35258 0.532222 0.0913272 -0.380135 -0.0241819 
1.01545 0.62495 0.53881 0.33031 0.564533 0.220947 0.142199 -0.226099 0.405643 0.159015 0.231105 -0.0173949 
1.11439 0.573358 0.926108 0.42147 1.15391 0.7054 0.540165 0.258036 0.358371 -0.084814 -0.117229 0.00312415 
