0.994254 0.277327 1.14205 -1.10434 0.857906 -0.607738 0.563085 -0.0068865 0.396344 -0.530962 -0.0873774 0.0539235 
1.14204 0.511154 0.550528 0.167586 0.741749 -0.52501 0.816966 -0.281084 0.105689 -0.273449 0.0923012 -0.0171701 
1.00103 -0.0198778 1.78445 -0.665217 1.14462 -0.353553 0.582702 -0.452176 -0.0589977 0.119905 -0.0791795 0.00543038 
1.3587 0.191585 1.25742 0.0633467 0.879891 0.0154185 0.679768 -0.170392 0.549062 -0.157484 0.207506 -0.0201703 
1.37106 0.831116 1.29996 0.0520792 1.36029 -0.713814 0.752553 0.104599 0.183016 -0.246236 0.189028 -0.0130192 
1.04511 0.2644 0.849115 0.123211 0.597059 -0.165034 0.849562 0.233679 0.37017 -0.0471093 0.036124 -0.0403278 
1.18168 0.0993668 1.10641 -0.724906 1.50077 -0.0910845 0.288811 0.0472454 0.454375 -0.670993 0.0135143 0.0434433 
1.3308 0.284568 1.30211 0.405966 0.195143 -0.219944 0.788155 0.157436 0.574961 -0.321544 0.1986 0.00921238 
1.28987 -0.0320707 1.4343 -0.370787 0.68956 0.205115 0.854494 -0.491542 0.271961 -0.510198 0.00836635 -0.0188234 
1.77557 0.357394 0.53783 -0.199882 -0.264002 1.39072 0.363581 1.53066 -0.668601 -1.38217 0.759954 0.138012 
2.25736 0.225016 -0.000359244 0.869754 1.29115 -0.0887439 0.661895 2.66569 1.07218 -0.626414 0.254692 -0.0160808 
3.20154 -0.934248 -1.1844 2.27758 4.32727 2.23189 2.19304 2.07435 -0.518439 -0.290031 0.297305 0.22131 
4.40511 -1.67776 -1.19012 4.07076 3.9058 1.78772 2.64744 1.45194 -0.276734 -0.248579 0.391634 0.217356 
3.03242 -0.96889 -0.419394 3.49543 3.09932 1.82355 2.77075 1.08699 -0.178435 -0.312269 0.409068 0.189996 
3.01744 0.37585 0.594039 2.48826 2.65473 2.13525 1.71966 0.758012 -0.247944 -0.167176 0.238418 0.118965 
3.85974 0.828047 0.633521 2.05247 1.94973 0.687368 0.848286 0.888064 -0.100563 -0.420756 0.222575 0.0993505 
4.16083 0.940223 1.07521 1.96621 1.61098 -0.341522 0.848076 1.2931 -0.135444 -0.652352 0.0602744 0.095013 
4.36578 1.05273 0.847118 2.38158 1.45253 -0.143881 0.657874 1.24591 -0.0774431 -0.848452 0.145354 0.171315 
3.90377 1.43129 1.50472 2.44574 1.20709 -0.337973 0.61615 0.645751 -0.0508653 -0.658306 0.0310477 0.0659972 
3.66865 1.94969 1.22704 2.25678 1.58388 -0.0539187 0.232734 0.806621 -0.0128023 -0.708878 -0.0102528 0.0491956 
4.03207 1.78511 1.21943 2.2333 1.56501 -0.422193 0.117473 0.653267 0.201431 -0.612206 0.0831694 0.0877495 
4.7041 1.46693 1.37795 3.3705 1.30064 -0.414867 0.68414 0.278614 0.186119 -0.677782 0.00890882 0.074966 
4.19619 2.04799 1.90523 2.75097 1.03443 -0.289858 0.225969 0.456462 0.0546087 -0.0116452 -0.138316 -0.0233618 
4.51343 2.38535 1.82383 2.79642 1.80421 -0.724927 0.215117 0.634984 0.0879848 -0.585942 -0.0689087 0.0471673 
4.94351 2.42406 1.54853 2.50889 2.02567 -0.539946 0.605801 0.209275 -0.501621 -0.584594 -0.0468922 0.0508554 
3.88075 2.33025 1.99953 2.5415 1.19491 -0.143232 0.416609 0.712607 -0.213315 -0.896223 -0.00637521 0.0160301 
4.27553 1.97672 1.38619 2.74429 1.9328 -0.123905 -0.0389168 0.774915 -0.127388 -1.07338 -0.120558 0.0570781 
4.91773 1.09524 1.19578 3.53492 1.55959 0.0544975 0.584583 0.900782 -0.238784 -1.02759 -0.042073 0.136703 
4.70466 0.482597 1.27574 3.48222 1.44491 -0.824926 1.07068 1.02639 -0.125674 -0.505743 0.311264 0.166302 
5.43614 0.132374 1.45019 4.20111 0.594058 -0.761438 1.38132 0.642498 -0.296817 -0.199178 0.451158 0.112963 
5.12613 1.45434 1.93516 3.38188 0.741504 -0.129359 0.295754 1.5141 -0.917587 0.332366 0.522546 0.110374 
2.29989 1.95556 2.74348 3.27079 0.761861 -2.46854 0.278325 1.58834 -0.340533 0.0147972 0.540881 0.113045 
0.393433 0.528579 3.20479 5.20845 0.861942 -2.12848 0.26556 2.06288 0.398165 -1.44659 0.553669 0.0117041 
-0.527936 -0.0310554 2.80751 4.57067 -0.0704699 -1.82395 1.73429 2.03333 0.229945 -0.770483 0.810368 0.0543989 
-1.6002 1.02716 4.04486 3.12359 0.869225 -1.79356 2.75601 1.54063 0.469678 -0.566646 0.971306 -0.0185203 
-1.62767 0.0457814 3.42027 3.91468 1.27703 -0.799528 2.65219 2.55736 0.230098 -0.730336 1.25256 -0.101634 
-1.52292 -0.579617 3.23461 3.00831 0.553099 -1.60755 2.64869 2.39147 0.204221 -0.752723 1.0867 -0.0713443 
-2.21399 -0.339972 3.34158 3.2607 0.49181 -0.353157 1.30931 1.62953 0.566607 -0.855431 0.951988 0.00730514 
-2.86902 -0.71076 3.52897 4.82806 0.909915 -1.53875 2.20725 2.12687 0.0176112 -0.622468 0.891599 0.0216889 
-2.96767 -1.10482 2.38469 3.64718 1.25255 -1.66281 2.15412 2.18219 -0.188592 -0.482302 0.877897 -0.0164486 
-3.18452 -0.953187 2.09864 4.49054 2.06504 -1.99502 1.60639 1.83742 0.50745 -0.39199 0.508774 0.0194812 
-3.38975 -1.74211 0.894932 2.85766 0.94596 -2.6033 1.78987 2.93991 0.200201 -0.507826 0.599535 -0.00818198 
-3.20529 -1.7616 0.486301 2.2835 -0.450359 -2.60935 1.38842 1.91719 -0.612625 -0.638423 0.582683 -0.126676 
-2.83363 -2.12209 0.842756 1.55442 -1.3559 -2.04011 1.69006 2.82034 -0.222212 -0.900164 0.728325 -0.122713 
-3.07098 -2.18873 0.50086 1.51143 -0.430035 -0.554747 2.60158 3.11507 0.178045 -0.367865 0.330562 -0.0238978 
-2.14793 -2.00011 -0.340928 1.2558 1.46012 0.240032 2.23526 2.89953 -0.448632 -0.768061 0.430533 0.0523349 
-2.71194 -1.9446 -0.277632 0.0643637 0.17772 -0.785669 3.08472 2.23078 -0.463643 -1.06599 0.281231 -0.0866202 
-3.1023 -2.82771 -1.04466 -1.34136 -0.35004 -0.964999 2.33754 2.08592 -0.993153 -0.785079 0.0386951 -0.0859601 
-2.60133 -3.19422 -2.02415 -1.12877 -0.216058 -1.44626 2.52841 1.43627 -0.880426 -0.962062 0.386164 -0.110099 
-2.76426 -1.87119 -0.104594 0.0678662 0.0829976 -0.319996 2.51749 3.22255 -0.499008 -0.580578 0.253921 -0.101531 
-2.07986 -1.73683 1.63593 0.751468 -1.08531 -1.31857 2.78957 3.39325 -0.381172 -0.513879 0.637819 -0.160182 
-1.04115 -2.30988 2.74833 -0.853069 -0.99569 -0.343613 2.27641 2.88594 -0.649153 0.355695 0.0228483 -0.0142635 
-0.178795 -1.54542 2.97579 -0.77941 -0.724352 0.684407 0.630159 1.52007 -0.824357 0.137231 0.155095 -0.0995625 
0.765306 -0.495481 1.47811 0.0116183 0.483447 1.53019 1.45255 -0.354207 0.27315 0.172126 -0.10583 0.157497 
0.851824 0.205631 1.46189 0.883847 -0.10909 0.143219 1.3259 0.0191249 0.0345446 0.25333 0.333402 0.0714418 
1.01579 0.207542 1.23385 0.493205 0.0626995 0.300464 0.891268 1.24502 0.749809 0.124673 0.325059 -0.0636125 
0.824102 0.465641 1.109 -0.0702547 0.651687 0.0839945 -0.290396 -0.161975 0.628853 0.0501625 0.290508 0.0409922 
0.832746 0.461485 1.11458 -0.0606447 -0.134008 -0.0003254 0.580188 -0.336241 0.183908 0.181829 0.140449 -0.0637995 
1.19682 0.398904 0.931918 0.268202 0.927441 1.05458 -0.0950785 -0.303431 0.308003 0.0798165 -0.0163413 0.0116464 
1.0148 0.894683 0.517975 0.147994 0.225593 0.798436 0.66533 -0.151938 0.100349 0.269136 0.0296735 -0.113868 
1.12328 0.582357 0.282465 0.136564 0.437529 0.494806 0.415592 -0.148843 0.30529 0.239856 -0.0304994 0.0417645 
1.08316 0.113614 0.884883 0.581897 0.558606 0.311968 0.597165 0.0421609 0.255022 -0.113632 0.012417 -0.00984605 
1.31099 -0.0543853 0.337082 0.239918 0.802085 0.628819 -0.291972 0.0781061 0.763542 0.35568 -0.097843 -0.0907848 
1.0652 -0.240706 0.640255 0.648628 0.979965 -0.186498 -0.800367 -0.536435 0.105273 0.468229 -0.1305 -0.0906624 
1.14849 -0.56076 0.700434 0.861341 1.17235 -0.336091 -0.914364 -0.554056 0.844602 0.568361 -0.130864 -0.0573986 
1.30783 -0.308059 0.974837 0.301978 1.30855 0.52431 -0.242589 -0.523314 1.04649 0.34804 -0.0657347 -0.0117134 
1.02251 0.219439 0.332926 0.111531 0.666064 0.482453 -0.265944 -0.225471 0.239686 0.0778706 -0.0189672 -0.0691448 
1.30917 0.167867 1.03211 0.0448554 0.672166 -0.466675 0.656039 0.290219 0.411272 0.20628 0.106951 0.0103007 
0.966198 0.0111745 0.59121 -0.494786 0.434725 0.563146 0.55208 -0.368106 0.332134 -0.252403 0.127164 0.0197873 
1.10128 0.382044 0.693109 -0.0615077 0.733878 -0.103162 0.50939 0.325655 0.546156 0.323002 -0.121127 0.0834666 
1.1582 0.341767 0.81372 0.330411 0.529381 0.0194101 -0.046961 -0.222415 0.281088 -0.0227284 -0.256671 0.00405482 
0.871191 0.695801 1.12325 0.613348 0.394189 -0.317297 0.105412 -0.0756672 1.02364 -0.0850583 -0.164228 -0.0296794 
0.640208 0.822468 0.900557 0.487992 0.419804 -0.128111 -0.377039 -0.0827531 0.685424 0.0874878 -0.184072 0.0507655 
0.941799 0.45384 0.652659 -0.0241171 0.0935522 1.26233 0.753441 0.0815044 0.273858 -0.144017 0.0633169 0.018288 
1.13057 0.456628 1.23626 -0.168517 0.918497 0.82825 -0.223848 -0.122928 -0.211658 0.0685392 0.0806691 -0.12644 
0.743202 0.190015 0.62015 -0.110377 1.18253 -0.577535 0.765263 0.265034 0.0936827 0.206052 0.0438057 -0.0146421 
1.18296 0.45246 1.09968 0.374992 0.362209 0.787083 -0.0262997 -0.448362 0.285885 0.0967177 -0.0763383 -0.0425566 
1.11869 0.643549 0.884209 0.295167 0.557411 -0.460454 0.863546 -0.125854 0.261132 -0.348068 -0.0498269 -0.0393901 
0.971848 0.428131 0.84117 -0.093814 0.739781 -0.0144598 0.589912 0.00986916 0.278155 -0.0513278 0.0830499 -0.0389854 
0.95984 0.425542 0.786627 0.377431 0.913818 -0.370557 0.0943862 0.188316 -0.316372 0.0260376 0.140129 -0.01931 
1.15988 0.234297 1.00868 0.467289 0.470095 -0.0963903 1.03022 -0.170953 0.0943324 0.0324047 -0.071434 -0.0753524 
0.895479 0.425391 1.13316 0.698197 0.652275 0.675002 0.212828 -0.251827 0.130147 -0.0632548 -0.186556 0.102006 
0.957539 1.04566 1.14193 0.466083 0.635508 0.615911 0.335415 -0.403477 0.378776 -0.260709 -0.0445734 0.000266683 
1.06444 0.628075 0.919117 0.605848 1.27853 0.281705 0.442248 -0.457053 0.390233 -0.447816 -0.0483784 0.00630773 
0.803888 0.615072 0.347061 0.356729 0.200137 -0.223424 1.16565 -0.272032 0.201902 0.0740688 -0.184091 0.0660871 
