0.993916 0.10149 1.06351 -0.206983 0.646361 -1.21524 -0.100926 -0.119082 0.0159195 -0.30622 -0.122518 -0.047407 
1.10253 0.171639 1.42246 -0.510227 1.29319 -0.946509 0.661928 -0.0389665 0.0867617 -0.369961 0.0412122 0.0289899 
0.998974 0.347852 1.55875 0.0202926 0.45816 -0.486037 0.885964 -0.103732 -0.101396 0.0998452 0.318699 -0.0177353 
1.15227 0.396918 1.10474 0.438833 0.777814 -0.721361 0.582355 0.725773 0.174647 -0.0280523 0.145479 0.0176792 
1.12329 0.313317 1.42893 -0.0831079 1.32039 -0.117064 0.815834 -0.264801 -0.128645 -0.571015 -0.0447745 0.037502 
1.28577 0.323971 1.65393 -0.0166776 0.606497 -0.324664 1.02888 0.256404 0.459376 -0.316216 -0.0909736 0.0023033 
1.14259 0.00746263 0.64705 0.447782 1.75225 -0.685333 0.0490389 -0.138603 1.21386 -0.0110702 0.114403 -0.0424408 
1.71698 -0.191907 0.847103 0.72016 2.00171 -0.656924 -0.0518427 -0.860461 0.581542 0.336797 0.130766 -0.0123118 
1.13948 -0.89191 0.486647 -0.223125 0.945197 0.0219038 0.120009 -0.579096 0.328236 -0.0965698 0.26568 -0.143101 
1.02946 -1.87596 0.562962 0.540812 2.07006 -0.794809 0.355481 -0.306894 1.05077 0.0663267 -0.519745 0.0423986 
1.27113 -1.63509 1.40889 0.633209 1.92122 -0.154464 0.404123 -0.156897 0.703042 0.08347 -0.542725 0.00490596 
1.37869 -1.44974 0.491605 0.867985 2.04127 -0.406956 -0.189503 -0.290099 0.815422 -0.164717 -0.158762 -0.0196928 
1.31777 -0.830617 1.0853 0.334448 1.29942 -0.270605 0.074207 -0.0855528 0.146898 0.097889 0.104854 -0.05767 
1.30494 0.0346991 0.678142 -0.610601 1.23456 0.140948 -0.0891831 -0.652169 0.17332 0.176516 0.00391407 -0.0546617 
1.27118 0.283386 1.00084 -0.854516 0.379522 -0.187422 1.00947 -0.0448925 0.606752 -0.294775 0.0848556 0.0459779 
1.37354 -0.0486834 1.20031 -0.31675 1.61992 -0.0665932 1.04427 -0.209481 0.369292 -0.300937 0.172309 -0.0154115 
1.36704 0.204068 1.21423 -0.0879726 1.0462 -0.586061 0.343198 -0.39241 0.536063 -0.0910609 -0.12588 -0.0278321 
1.3743 0.492322 0.98607 0.697165 1.06322 -0.181397 1.01176 1.2895 0.106644 0.513161 0.481769 -0.0518992 
2.44107 0.344121 -0.116815 0.224175 1.6993 0.689561 1.3301 2.16193 -1.14395 0.314896 0.573514 -0.0378515 
4.15737 -0.223633 -1.03829 2.49034 2.64025 2.34201 3.01497 1.6573 -0.333889 -0.37685 0.347994 0.206849 
5.27302 -2.67547 -1.2449 4.81128 3.19113 1.29959 3.27627 1.21753 -0.281191 -0.428206 0.393768 0.173085 
3.6316 -1.06681 -0.28854 3.7676 3.12575 1.63127 2.39618 1.36211 -0.594282 -0.208954 0.276418 0.18148 
3.88326 -0.528928 -0.433689 3.50501 3.29162 1.5092 2.1482 1.23378 -0.70341 -0.248238 0.270067 0.184122 
4.26874 -1.21844 -0.733762 4.47246 3.68945 1.78488 2.15108 1.3378 -0.819059 -0.218798 0.330166 0.195104 
4.86598 0.34392 0.820105 3.38057 1.95667 0.168079 1.57321 0.922789 -0.50179 -0.385584 0.125065 0.0709601 
4.20653 0.998749 1.49482 3.29515 2.63498 1.03272 1.03001 0.744534 -0.715216 -0.923755 0.068964 0.123872 
4.53234 1.24871 1.02922 2.43185 2.96768 0.167037 0.241436 1.03282 -0.720535 -1.01536 -0.0413547 0.134926 
4.2668 1.18122 1.03478 2.55175 2.68453 0.174858 0.19038 0.373586 -0.231376 -1.0708 -0.0100821 0.119966 
4.77464 2.2446 1.44128 1.92396 2.28921 -0.752514 0.058397 0.713432 -0.24949 -0.562536 0.0148889 0.100075 
4.52445 2.56439 1.63514 2.11867 1.76032 0.698869 1.3142 -0.218142 -0.499792 -0.685732 0.184107 0.0764959 
4.09047 2.61344 1.6156 2.39598 2.22456 0.846025 0.643257 -0.0404193 -0.303297 -0.745651 0.224206 0.0577469 
4.41129 2.71698 1.2798 2.13961 2.73299 0.604631 0.4419 0.174504 -0.495734 -0.83536 0.243649 0.112698 
4.34931 2.23207 1.4479 2.53661 2.42789 0.317539 0.109813 0.376521 0.131529 -0.93258 0.200286 0.119229 
4.25889 3.12819 1.06778 2.7314 3.39848 -0.429039 0.607648 0.197997 0.205568 -1.41963 0.151767 0.0859101 
4.13605 2.55043 1.60427 3.20599 1.62635 0.156749 0.251195 0.767562 0.336601 -1.19088 0.0234455 0.0520376 
4.43719 2.06296 0.622563 2.88349 2.55189 -0.705897 0.978628 0.730168 0.0652118 -0.985066 0.207879 0.205606 
4.83423 1.42652 0.749136 3.34236 1.88001 -0.994452 0.831279 0.63811 0.032515 -0.728956 0.320834 0.219569 
4.07174 1.27715 1.18798 3.30174 1.97535 -0.136231 1.3308 0.876006 -0.0794716 -0.653806 0.470174 0.183638 
3.26466 2.39122 2.34174 2.21622 0.819309 0.14047 1.15761 1.03635 0.0842384 0.139571 0.515396 0.0723646 
2.76505 2.14384 2.55867 3.28512 0.142587 -0.831467 1.61985 1.62992 0.495481 0.352895 0.837596 0.139619 
0.645809 1.88709 3.40828 3.67758 0.28265 -1.77468 1.40368 2.11481 0.632793 0.297668 0.967088 0.0397495 
-0.196904 1.81162 4.25191 4.15774 -0.433575 -2.16178 1.2422 2.21985 -0.0135876 0.115034 1.08432 -0.0404929 
-0.209599 0.854467 3.50754 3.15107 -0.154414 -1.39904 2.27027 2.46582 0.727698 0.0509144 0.827296 0.00566322 
-0.778002 1.32394 2.92337 3.26844 -0.0361717 -0.897696 2.78998 3.01243 0.588489 0.332052 0.80972 -0.0810963 
-0.752815 0.733438 2.66292 1.96156 0.799813 -0.407078 3.37468 2.97076 0.341532 -0.224786 0.80495 -0.0952331 
-1.12108 0.732327 2.48539 3.46882 -0.364481 -1.57121 3.76272 3.39988 0.120506 0.0533785 0.920095 -0.138671 
-1.5411 0.626633 2.98906 3.33673 -0.2358 -1.19521 1.95716 2.74497 0.194921 -0.311765 0.896069 -0.0934336 
-1.56652 -0.547117 2.6875 3.13615 0.472637 -1.96805 2.4168 2.78988 0.327962 -0.637045 0.889688 -0.0997489 
-2.25292 -0.936166 2.15187 1.9724 -0.845859 -0.116233 1.11674 2.93588 0.948952 -0.748166 0.741392 -0.104202 
-2.26127 -1.2371 1.90364 2.45192 -0.655201 -1.77244 1.97493 3.0787 0.389239 -0.431814 0.971973 -0.15906 
-2.00659 -0.995033 2.70165 2.57477 -0.346298 -1.24611 1.62936 2.38692 0.592088 -0.151678 0.677728 -0.184494 
-2.01871 -2.12879 2.01351 2.91292 -0.995046 -0.324304 0.675798 2.85356 0.823436 -0.406401 0.622861 -0.0889479 
-2.33085 -2.04429 1.95184 1.84545 -1.59379 -1.62154 2.87184 2.5575 0.883232 -0.103499 0.616645 -0.151767 
-2.0043 -2.1986 2.13349 1.8117 -0.871569 -0.879449 3.00612 2.18948 0.184729 0.0400165 0.545017 -0.113802 
-2.49381 -2.94121 1.84461 1.26702 -0.497727 -1.28832 1.92057 3.04869 0.653633 -0.658765 0.565043 -0.189923 
-3.31553 -3.02355 0.512795 0.443397 -0.166806 -2.42292 0.41317 2.96068 0.996659 -0.604244 0.359262 -0.211383 
-3.10196 -2.90847 -1.34388 0.797236 -0.291834 -1.38899 1.04763 2.8212 0.611085 -0.884731 -0.0251723 -0.34508 
-2.73875 -2.74568 -0.83205 0.284324 -1.57403 -2.82372 1.6732 2.16388 0.118298 -0.222063 0.135815 -0.319328 
-3.55303 -3.77087 -1.29444 -0.297135 -0.501404 -2.75544 1.9815 2.67567 0.330972 -0.905043 0.133834 -0.299218 
-2.77893 -2.4241 -0.564871 -0.171753 -1.67115 -2.93306 2.7276 2.40411 -0.348782 -0.66739 0.30414 -0.244488 
-1.86272 -2.40116 0.211114 0.569226 -1.57044 -2.97236 2.59906 2.94386 -0.369887 -0.605579 0.368534 -0.16587 
-1.75194 -2.79969 -0.337805 -0.00222214 -2.62679 -3.06694 1.99582 2.64527 -0.126925 -0.953623 0.312139 -0.176376 
-0.116256 -3.42495 0.605218 1.07743 -3.15729 -2.85703 1.18149 2.92882 -0.0672008 -0.29702 0.289374 -0.0908637 
0.683531 -4.08377 1.6196 0.431395 -2.14963 -3.29347 1.41594 3.64431 -0.819315 -0.103674 0.418705 -0.118395 
0.884483 -2.39998 0.695837 0.785206 -1.66475 -0.551252 1.16076 1.64217 0.702519 -0.147483 0.399724 0.099091 
1.64628 -0.603373 1.01601 -0.5852 -0.58697 -0.927228 0.501355 0.497068 0.777935 -0.105438 0.221915 -0.0193106 
1.91588 0.166443 0.200301 0.0716557 0.573844 -0.895579 0.765175 0.358763 0.376829 0.365427 0.207556 -0.0342724 
1.12352 0.262627 1.51449 0.373925 0.235651 -0.346369 0.23614 0.094764 -0.0239799 -0.0482214 0.0149039 0.0866422 
1.18554 0.531934 0.472313 -0.218092 0.839796 0.711884 0.399427 -0.378017 0.249201 0.166335 0.325463 0.0192383 
1.51787 0.572106 0.791988 0.0340771 0.373185 0.168819 0.163945 -0.254982 0.316437 -0.448878 0.19819 -0.00131966 
1.28536 0.532773 0.62746 0.967785 0.817091 0.138223 0.260656 0.32404 0.00968515 -0.0628491 -0.260448 0.0185892 
1.2227 0.470615 1.02639 0.633977 0.614183 -0.257624 0.291159 -0.831608 0.58094 -0.111262 0.338069 0.0519167 
1.29682 0.615451 0.553541 0.430466 0.597704 1.01162 0.3903 -0.236803 0.326073 0.236036 -0.0684272 0.0826905 
1.32845 0.743253 1.18484 -0.384773 0.511672 1.0698 0.281697 -0.757812 0.318835 0.334134 0.0963782 0.0622242 
1.21653 0.849037 1.07576 -0.247055 0.590788 -0.417674 0.175314 -0.206382 0.310978 0.197136 -0.195642 0.0253471 
1.20066 0.651977 1.12034 0.456787 1.27897 -0.0208549 0.661449 -0.193055 0.542999 0.136582 -0.0617862 0.0685175 
1.19551 0.548905 0.870084 0.686811 0.647464 1.08861 0.880752 -0.180533 0.169969 -0.00512214 -0.29071 0.0800566 
1.19799 0.646131 0.833887 0.0667156 1.07009 0.143931 0.709751 -0.334475 0.640119 0.109041 -0.122841 0.0340782 
0.730291 0.600569 0.905878 -0.0202529 0.76373 0.22017 0.329617 -0.30109 -0.0343086 -0.0653611 -0.111626 -0.0514862 
1.34674 0.181804 0.692646 0.382089 0.655522 0.357002 -0.116025 0.212148 0.437234 0.115507 -0.101648 -0.0219563 
1.1799 0.950116 0.962713 0.0999718 1.48228 0.347454 0.255573 -0.557856 0.264839 -0.0289801 0.0182015 0.0257288 
0.882986 0.549843 0.88832 0.401947 0.467206 -0.0550504 0.601557 -0.0318671 0.663976 0.106232 -0.0502279 -0.0328806 
1.2134 0.888221 1.1225 -0.521966 0.70353 0.115821 0.329971 -0.16088 0.983409 -0.241363 -0.175124 0.0351285 
1.12161 0.539874 0.265026 0.550396 0.827007 -0.557936 0.850158 0.023697 0.466762 0.221084 -0.135124 -0.00726915 
0.93689 0.729702 1.19426 0.220607 0.257361 0.592144 1.2263 -0.279818 1.01638 -0.45007 0.0600032 0.0185413 
