1.33858 0.300123 1.24379 -0.918621 0.63516 -0.57619 1.38401 -0.237681 -0.286105 0.0229293 0.0781757 -0.0111045 
1.31588 0.169793 1.07226 -0.39962 1.17135 0.0175863 1.21361 0.47034 -0.266458 -0.196729 0.304888 0.00236861 
1.04955 0.354459 1.22801 -0.0129545 0.855667 -0.380729 1.17572 0.624394 0.802328 0.133515 0.118482 -0.0565084 
1.14561 0.658424 1.49688 -0.313913 1.26215 -0.0394543 1.42557 0.265195 0.404404 -0.230666 0.167577 0.0843846 
1.2146 0.596649 1.33627 -0.244978 1.45506 0.150331 1.2719 0.319354 1.33219 -0.00238284 0.0941138 0.0648763 
1.39798 -0.00305706 1.2339 0.0685459 1.31672 -0.0758747 1.6028 -0.225206 0.550514 -0.0283209 0.107475 0.112066 
0.933058 0.723997 1.05813 0.0937597 0.984437 0.563277 0.502474 0.453508 0.196547 0.344091 0.25943 -0.126802 
0.922474 0.439387 1.8788 -0.216681 0.671248 -0.953125 -0.0922439 -0.696691 0.684262 0.148525 0.0142257 -0.0279304 
1.08589 -1.22322 0.660734 1.62595 1.31077 -0.912436 1.03486 0.424679 0.169778 -0.624274 0.0836472 0.122889 
2.04881 -4.32574 -1.93911 3.16018 1.20904 -0.982236 2.74243 2.72772 -0.741022 -1.13818 0.0333453 0.28379 
1.36267 -4.38008 -1.08679 3.31085 1.295 -0.741971 3.37272 2.19434 -0.990081 -0.672351 0.244414 0.219711 
1.85757 -2.91481 -0.577466 3.62696 2.37454 -0.778533 2.27661 0.694055 -0.822436 -0.130967 0.240917 0.252768 
1.21441 -1.02556 0.719666 1.15612 1.50204 -1.53383 0.396267 0.938456 0.138491 -0.606266 -0.0862856 0.176435 
1.25875 -0.46163 1.09885 0.813804 2.36293 -1.08314 -0.174784 0.580613 1.58499 -0.279733 -0.0765038 0.00109562 
1.17345 0.539885 1.40241 0.421682 0.938381 -0.219441 -0.251236 -0.664985 0.875826 -0.0758336 0.0317238 -0.0593379 
0.992098 0.218943 1.49401 0.0813292 1.59695 -0.664062 0.223078 -0.374905 0.473235 0.359648 0.184738 -0.126691 
1.02838 0.771897 1.20172 -0.32352 1.16606 0.254735 0.896771 0.150774 0.709331 -0.126512 0.0533071 -0.0342814 
0.987682 0.842958 1.55759 -0.401236 1.05392 -0.0588645 0.326842 -0.855347 0.452319 0.0889577 -0.276208 -0.0307808 
1.37421 0.336632 1.57048 0.194437 0.925754 -0.277377 0.607602 -0.288625 0.311886 0.3421 0.0100999 -0.0059908 
1.06569 0.527019 1.40623 -0.0932451 1.39595 0.000462324 0.926856 -0.772616 -0.37464 -0.465852 -0.0209139 0.0371176 
1.08068 0.203994 1.00009 -0.624139 1.2326 -0.0148217 0.0553248 0.672892 0.663169 -0.0528477 0.250117 -0.0858351 
1.10746 0.370272 1.51311 -0.370726 0.696034 -0.316457 0.841453 -0.636216 0.484113 0.0589541 -0.153728 0.0492027 
1.03454 0.43788 1.39405 -0.0939078 -0.0778512 -0.52434 0.962167 -0.51049 0.431987 0.460381 0.00471162 -0.035736 
1.27236 0.396449 1.4938 0.269738 1.32964 -0.902307 0.628771 0.119701 0.682994 -0.174288 0.0581552 0.0321242 
1.28194 0.335234 1.52024 -0.560829 1.44504 0.325076 0.356827 -0.417762 -0.00702798 -0.185638 -0.197847 0.0467121 
1.15969 0.297897 1.92788 -0.141623 1.4342 -0.241831 0.906845 0.23376 0.786338 -0.152095 -0.00162766 -0.00772553 
1.2627 0.414341 1.89396 -0.325272 0.755863 0.0070954 0.0780806 -0.0494913 0.614338 -0.227908 0.0149046 -0.00911283 
0.8833 0.232613 0.930471 -0.248397 0.624745 -0.671711 0.597082 -0.35523 0.232669 0.0616231 0.0494224 -0.0271467 
1.43458 0.122135 0.696215 -0.961293 0.069513 -0.392387 0.263583 -0.0169503 0.572877 -0.492932 -0.151505 0.0606023 
1.88681 0.941265 1.53114 0.0955459 -0.297394 -0.834877 0.512898 1.53485 0.132917 -0.467899 0.129659 -0.0259124 
3.36778 -0.234313 -0.992937 0.0368494 0.999445 3.14785 3.5821 1.48924 0.447029 -0.393785 0.268567 0.0135491 
2.77136 0.768928 0.481801 1.67483 2.59335 2.76415 2.27406 0.627951 0.0355233 0.374027 0.373822 0.0946722 
3.31905 1.1123 0.785086 1.88513 3.00849 2.771 1.80556 0.884017 0.0165798 0.324167 0.104047 0.0779989 
4.64952 0.211978 -0.30742 2.34029 3.75019 2.77716 2.38807 1.16999 -0.613925 0.36182 0.264439 0.103746 
4.43887 0.363618 1.12846 2.1013 2.97048 0.912914 2.50564 1.19134 -0.56076 -0.0244448 -0.0916714 0.0210682 
4.41512 2.22758 1.07471 2.35157 3.40829 0.490773 2.82104 -0.333692 -1.07088 -0.343553 0.0452663 0.127288 
4.59272 2.25604 0.875015 4.02466 1.63182 0.686973 2.31021 -0.409702 -0.707316 -1.04205 0.395315 0.0474069 
3.89446 2.57643 2.16755 2.83411 0.689738 -0.335997 0.903635 0.277703 0.202469 -0.634103 -0.0344816 -0.00861853 
4.24072 2.58159 2.35334 2.92485 0.932847 -0.0364547 1.18113 -0.472826 -0.892672 -0.297491 0.146552 -0.0163238 
4.80981 2.69051 1.48393 3.28749 1.69297 -0.437774 0.214595 -0.415513 0.611126 -1.40526 -0.0269845 0.0273766 
4.11267 2.58097 1.74341 2.74773 1.12951 -0.065159 0.678121 -0.408835 -0.116337 -1.03259 0.279469 0.0460498 
4.11611 2.49019 2.72469 2.79579 0.961433 -1.07884 0.40958 -0.128646 -0.152894 -0.39682 0.0864312 0.0346707 
5.31722 1.90215 2.05549 3.34604 0.655763 -2.30017 0.849735 -0.689631 0.0366421 -0.493055 0.110576 0.0615833 
4.31786 2.51947 1.68173 2.60219 1.16195 -1.09308 0.120899 -0.0133977 0.179916 -0.931608 0.00959984 0.0403376 
4.34321 2.30773 1.8882 2.5022 1.61496 -1.17141 -0.244118 0.275796 0.245984 -0.829047 -0.0828663 0.0515832 
5.30019 1.64915 1.28367 2.80488 1.48101 -0.42989 0.7171 0.0867154 -0.2719 -0.96757 0.00331449 0.122405 
4.75838 1.87876 1.3216 2.68533 1.73254 -0.317004 0.848323 0.482414 -0.0349986 -1.1168 -0.0447999 0.098674 
4.96028 1.18149 1.59142 2.90113 1.57905 -0.66801 0.257859 0.939909 -0.0884625 -0.613269 0.127873 0.149273 
4.42076 1.11863 1.2724 3.33974 1.52015 -0.616851 1.39219 1.03856 0.0310715 -0.536484 0.292159 0.151404 
3.51337 2.23421 2.52588 2.95633 0.766497 -0.350806 0.98325 1.17413 0.0178885 -0.0413523 0.376047 0.0870788 
2.89523 1.05206 2.30733 3.36895 0.994773 -0.797801 0.927332 1.95485 0.29948 -0.169923 0.157568 0.138781 
0.776204 -0.213676 2.19328 4.86126 0.616447 -1.31812 0.816399 2.84551 0.356949 -0.453782 0.384325 0.027262 
-0.682933 0.0837846 2.70918 4.67458 0.761379 -1.52644 1.12221 3.37692 -0.328075 -0.603381 0.466061 0.00817501 
-0.826769 0.655809 2.56742 2.92691 0.61482 -0.634868 1.86194 2.93748 0.485147 -0.358822 0.616471 -0.0222715 
-0.778465 0.295626 2.02429 3.41298 1.58691 -1.23775 2.37802 3.28766 0.392799 -0.575371 0.608994 0.047336 
-0.954816 -0.445201 2.09267 3.69354 1.6496 -1.24513 2.67191 3.62125 0.229359 -0.742911 0.712535 0.0124454 
-0.926501 -0.844101 2.00699 3.50312 1.21849 -0.710364 2.81742 3.24123 0.0133065 -0.611297 0.50352 0.0910692 
-1.54137 -0.592716 1.58693 3.50767 0.740422 -1.07402 3.16659 3.1881 -0.212045 -0.43431 0.413682 0.044327 
-1.48288 -1.17824 1.13176 3.28538 0.976625 -2.19196 2.32977 3.48877 -0.0986119 -0.480017 0.413131 0.016564 
-1.40806 -1.32793 0.987776 1.95601 0.793436 -2.37767 2.90375 3.6366 0.298622 -0.624948 0.316825 -0.0394819 
-1.6364 -2.39716 0.554744 2.11663 1.63775 -0.957864 2.58576 2.59743 -0.161362 -0.785868 0.453363 0.0561443 
-1.66419 -2.04409 0.480393 1.70033 0.638403 -1.42081 2.57262 3.03858 0.630048 -0.662493 0.286465 0.00252318 
-1.68526 -1.84095 0.602865 1.90898 1.30463 -1.50329 2.39471 2.95112 0.0652014 -0.451998 0.364412 -0.00406916 
-1.3624 -1.78004 0.536078 1.77283 1.1457 -1.19561 2.13172 3.37286 -0.0952045 -0.442596 0.303573 0.0393635 
-1.24582 -2.35303 0.275612 2.22816 0.802404 -0.725283 2.727 2.56698 0.0823543 -0.649797 0.125322 0.0827303 
-1.70292 -2.83501 0.688623 1.51211 0.819513 -0.589767 2.25321 3.13088 -0.340336 -0.361385 0.249821 -0.0149166 
-1.95196 -2.45649 -0.265283 1.32813 0.965754 -0.819867 1.97927 2.88477 0.135104 -0.375151 0.0866184 -0.0826168 
-1.97223 -2.678 0.41912 1.38695 0.405448 -2.02071 2.95209 2.84473 0.0188558 -0.0450278 0.164719 -0.062895 
-1.67311 -2.87805 0.549309 1.30427 0.137674 -1.14989 2.09044 2.78749 0.19105 0.187898 -0.0116329 -0.0657468 
-2.40305 -2.20103 0.767168 1.50303 0.366284 -2.59082 2.52135 3.15122 -0.0367073 -0.428912 0.512644 -0.100756 
-1.44175 -2.13468 0.754107 2.38651 -0.198011 -2.97711 1.55059 4.24595 0.758024 -0.477383 0.620049 -0.000552744 
-1.59478 -2.44567 0.185587 2.93244 -0.566987 -2.26834 0.675789 4.31251 1.33063 -0.877614 0.53119 0.0375699 
-0.55345 -3.14211 1.12238 2.62054 0.749023 -2.71231 0.170911 2.50557 0.85883 -0.405397 0.295795 0.0330138 
0.891925 -2.22761 1.84536 2.28125 -0.222686 -1.4852 -0.126104 0.420605 1.24074 -0.135848 -0.131197 0.00035851 
0.696647 -0.416432 2.00653 0.0374028 -0.587888 -0.440747 0.992677 0.0962536 0.493898 -0.227105 0.136029 0.0748841 
1.07572 0.167341 1.08445 0.907981 0.127976 -0.791359 0.693887 0.714057 -0.0617033 -0.243238 0.0658837 0.0613633 
0.780272 0.159532 1.12747 0.262519 0.154736 -0.635319 0.101409 0.0801792 -0.302216 -0.0883099 -0.167641 0.0126084 
1.09992 0.622291 1.39076 0.562355 0.715125 -0.366685 0.22127 0.259682 0.161661 -0.25096 0.302387 0.0967785 
0.969541 0.571269 1.23023 0.779143 -0.0419004 -0.271384 0.339998 -0.105412 0.0230046 -0.219675 0.0727618 0.00446063 
0.89933 0.838278 0.934473 0.416456 1.14266 -0.183993 0.55771 0.036911 0.468842 0.285438 0.0492284 0.00394702 
1.08318 0.483451 0.865526 0.178689 0.518039 -0.192743 0.173408 0.0402188 0.521249 0.188229 0.0840461 -0.0912871 
1.02393 0.729872 0.720265 0.104129 -0.379059 0.28812 0.718912 -0.0837231 0.257124 -0.13514 0.184842 -0.110053 
1.17424 0.715541 1.03076 0.436325 0.530762 0.0827785 -0.333632 0.408306 0.238269 -0.25644 -0.0939154 -0.0266012 
1.24402 0.704923 0.58531 0.293001 0.733296 -0.118101 -0.0746025 -0.708267 0.160111 0.116955 -0.206602 -0.0177068 
1.08622 0.552233 0.687105 0.394224 -0.000530633 -0.0990505 -0.86649 0.291984 0.4532 -0.547469 -0.0963184 -0.0350898 
