-2.59762 3.93443 -0.459308 0.934599 -0.375445 -1.37683 2.59581 -0.910338 -0.667056 -0.0175822 0.358489 -0.129618 
-0.476114 2.51363 -0.821196 0.617684 0.854581 0.754258 1.41369 -0.663099 0.450652 0.189389 0.152079 -0.234407 
0.474209 1.68192 0.0138201 0.509614 -0.0577077 0.74076 1.43097 -0.489259 0.384609 -0.648167 0.344778 -0.205363 
0.967719 1.03438 0.980576 -0.438746 0.467523 0.23905 0.985695 -0.399417 0.477338 -0.422647 0.267318 -0.0224539 
1.58863 0.178902 1.4739 -0.985254 0.0752533 -0.845124 0.851824 -0.803974 -0.223743 -0.390744 0.00530048 0.00640865 
1.51106 0.315698 0.940052 -0.761533 0.977466 -0.804077 0.211276 -0.244957 -0.115191 -0.112835 -0.381933 -0.01045 
1.62328 0.409174 1.64895 -0.215239 0.678709 0.317555 0.82188 -0.750089 0.302064 -0.278624 0.102737 0.0152914 
1.47004 0.0817283 1.80478 -0.156106 1.06452 -0.0909038 0.970692 0.313627 0.38603 -0.0149487 0.0786941 0.0471655 
1.68409 0.13303 1.36131 -0.142027 0.793369 -0.0548439 0.464269 -0.124868 0.876401 -0.0298211 0.135992 0.0118657 
1.70327 0.308705 1.32895 -0.164901 -0.224741 -0.0379593 1.7036 -0.339042 0.29718 0.118343 -0.0214577 -0.038546 
1.18543 0.169584 1.25609 -0.214583 0.82389 -0.522615 1.18965 -0.666299 -0.167589 -0.0728663 0.28468 -0.0199139 
1.67156 -0.579342 0.273504 -0.0310023 1.34374 -0.333658 -0.269622 -1.06272 0.831866 0.205915 -0.161652 -0.034838 
1.53707 -0.723737 0.870003 0.375394 2.22596 -0.399796 -0.249764 -0.20568 1.10773 0.406788 0.0414622 -0.136383 
1.72349 -0.896068 -0.0341902 0.818475 1.06125 -0.594592 -0.854901 -0.709687 1.5351 0.492412 -0.345363 -0.128616 
1.30771 -1.04394 -0.206276 0.542225 2.66327 0.159852 -0.158213 0.020022 1.67846 0.00697418 -0.341029 -0.145725 
1.56589 -0.885274 0.595449 0.889871 2.01113 -0.710607 -0.231654 -0.315701 1.2018 0.129615 -0.467363 -0.169849 
1.93544 -0.658469 -0.148966 -0.155931 2.0115 -0.618093 -0.30867 -0.0272596 0.942547 0.00614179 -0.444888 -0.116219 
1.58154 -0.811759 0.30358 0.511826 1.51965 -0.0234293 0.0722784 -0.554092 0.929637 0.269961 -0.539811 -0.145015 
1.3463 -0.225875 0.996215 0.26878 1.57259 -0.0701718 0.188135 -0.474953 0.708523 -0.113817 -0.0644291 0.00073851 
1.44241 0.534479 1.03869 0.0637248 1.26358 1.71387 1.47359 0.280251 0.143964 0.00640576 0.139698 -0.060361 
2.50381 2.39121 -1.2974 0.988668 2.64255 0.653561 1.07335 1.39475 -1.06021 -0.985758 0.532194 0.0176028 
3.86305 -0.328475 -0.323423 0.138985 1.99262 1.8778 2.54848 2.67955 -1.50394 -0.172643 0.0757042 -0.0428359 
3.75436 -0.722182 -0.481719 3.45099 2.97489 2.01099 2.27442 1.98847 -0.677431 -0.181648 0.33876 0.210195 
3.82819 -0.923864 -0.533483 3.8746 3.45566 1.358 2.59081 1.48976 -0.342742 -0.314602 0.397668 0.235571 
3.80948 -0.764183 -0.736883 4.4911 3.37114 1.20591 2.32789 1.87108 -0.521415 -0.310491 0.242483 0.225758 
4.44194 -0.879581 0.109606 3.27697 4.49777 1.47244 1.87698 2.2726 -0.920301 -0.0848106 0.337444 0.198126 
4.74202 -0.507035 0.176959 3.43549 4.27973 1.8984 1.84163 2.34773 -1.27022 -0.241975 0.338392 0.204292 
4.40112 -0.0970855 1.5228 2.27018 2.58315 -0.741771 2.35313 0.485591 -0.803996 -0.387811 -0.125119 0.0846098 
4.41949 0.635505 1.1852 3.89902 0.604599 0.220523 1.88021 0.140659 -0.220828 -0.553606 0.072423 0.00354502 
4.35485 0.992834 1.42027 3.62324 0.764588 -0.0198696 1.68027 -0.00104818 -0.647912 -0.485175 0.141932 0.000255977 
4.41088 1.2136 1.54189 3.2574 1.29117 -0.119667 0.745393 0.152053 -0.212805 -0.637885 -0.0129401 0.0426674 
5.68046 0.35484 1.82242 3.28391 0.709453 -1.51929 0.946892 -0.488228 -0.0439653 -0.436864 -0.0248775 0.0864463 
4.48493 1.67963 1.76396 2.85571 0.377892 -0.578419 -0.188653 0.0646694 -0.0104225 -0.42696 0.159172 0.0867828 
4.04642 1.89461 1.50259 2.26059 1.29268 -0.68878 -0.284365 0.431538 0.327832 -0.54434 0.237599 0.115312 
4.09886 1.86454 1.72899 2.66664 1.00329 -1.21231 -0.671243 0.607653 0.568904 -0.221498 0.233146 0.138627 
4.68005 2.15565 1.53711 2.20566 0.8033 -0.327025 0.33889 0.61875 0.0506099 -0.150725 0.471236 0.186723 
4.03222 2.03808 2.06576 2.15068 0.38012 0.191735 0.866896 0.452556 -0.0600752 -0.0555026 0.233585 0.0527247 
3.48739 1.98189 2.05041 2.45788 1.29907 0.562506 0.991253 0.812008 -0.205343 -0.354888 0.10117 0.0377044 
3.83211 2.0903 2.14825 2.43717 1.11509 0.654358 1.31061 0.899119 -0.186324 -0.289943 0.117537 0.0346729 
4.70452 1.51784 2.19297 3.62249 1.11744 0.27269 1.94882 1.04214 -0.663894 -0.412484 0.431872 0.120013 
3.77707 2.19684 2.14601 2.70616 1.35191 -0.380826 1.44603 1.75461 -0.206298 0.21598 0.652653 0.173431 
1.48971 1.1948 3.45408 3.50583 0.540333 -0.919679 1.65839 2.4451 -0.324015 0.575716 0.618255 0.0806241 
-0.289067 1.01568 3.90721 3.74622 0.443785 -3.07037 2.22675 2.29068 -0.113812 0.0730019 0.61901 0.0951137 
-0.950177 0.691383 3.98438 3.37015 -0.376038 -2.71006 2.50157 2.59482 -0.597787 0.472627 0.506401 0.0811526 
-2.01512 1.15284 3.64527 4.08076 -0.780123 -1.39699 2.84273 2.34122 -0.578987 0.34684 0.582658 0.0296369 
-1.44611 -0.792694 3.11679 4.00383 0.664952 -0.756959 2.50937 1.8481 -0.068569 -0.0925207 0.404763 0.166487 
-1.97345 -0.602297 3.80931 3.8997 0.939133 0.160555 1.87948 1.95349 0.08453 -0.051827 0.279597 0.232969 
-1.97835 0.634957 2.44134 3.70003 1.6315 -1.55181 3.63687 2.68273 -0.0422844 -0.18868 0.625415 0.0369816 
-2.1368 -0.262206 3.76293 2.46838 1.10997 -0.84762 2.96592 2.80158 -0.451708 0.109279 0.42601 0.0584802 
-1.98465 -1.18141 2.15232 1.97317 0.0289382 -1.27393 2.35692 3.0254 -0.26094 -0.164118 0.294018 0.0424885 
-2.73742 -2.59003 1.99858 1.5853 -0.170077 -0.93122 2.66926 2.67745 -0.000710646 -0.32544 0.273052 0.0677025 
-3.28519 -1.82631 0.774239 0.817023 -2.07981 -0.562887 2.79053 1.48197 0.859669 -1.12692 0.123119 -0.0511475 
-2.96505 -2.05185 0.0101368 1.72339 -0.495393 -2.61511 1.7864 2.83597 -0.120071 -0.814862 0.280206 -0.123268 
-3.43211 -2.42488 0.632832 1.85669 -0.50265 -2.07731 2.31203 3.71867 0.211302 -0.423466 0.167116 -0.0664882 
-3.17514 -2.87058 0.561146 1.25892 0.0940482 -2.13066 2.07404 3.64571 0.407113 -0.463269 -0.0545878 -0.0816677 
-3.19636 -2.82005 0.505421 1.64143 -0.678662 -1.0807 1.20637 2.30458 0.0199824 -0.63578 0.182984 -0.111849 
-3.40303 -3.3067 0.456754 0.293898 0.0868774 -1.44535 1.73168 1.95347 -1.23464 -0.685177 0.571859 -0.186221 
-2.96222 -3.15716 0.764583 -0.00578426 -1.62573 -2.31942 1.19185 2.67524 -0.0110603 -0.554999 0.31289 -0.231037 
-3.40063 -2.71844 1.56928 0.130178 -0.911981 0.24071 1.52786 3.02729 0.454347 -0.928218 0.273673 -0.194631 
-3.23828 -3.05471 0.388103 1.24195 -1.52698 -1.57104 1.51967 2.48772 0.537825 -0.609048 0.253532 -0.188849 
-2.77222 -2.13766 0.538338 1.60204 -0.440395 -3.40194 1.87499 1.36409 -0.0436025 -0.253265 0.434373 -0.122201 
-3.93212 -2.93871 -0.396039 1.43333 -1.54883 -3.6188 0.959383 3.39792 -0.634206 -0.452174 0.503204 -0.11232 
-2.44163 -2.30847 0.508188 1.37538 -0.320851 -2.7162 0.761198 2.67612 -0.821575 -0.615983 0.601454 -0.0851398 
-2.149 -3.3286 0.18595 1.97301 -1.1616 -3.01694 0.777134 3.01359 0.366414 -0.804148 0.301557 0.00359601 
-2.56796 -2.22892 -1.25498 1.66671 0.925248 -2.59913 1.83898 2.93669 0.544017 -0.466861 -0.13143 -0.0727341 
-0.186753 -1.72139 -0.611423 -0.737785 0.168473 -0.384466 1.75661 1.33197 -0.236955 -0.76559 -0.276598 -0.00166707 
1.33493 -0.665976 0.952277 0.411587 -0.638198 0.0796781 2.60748 1.57198 -0.569861 -0.357839 -0.229846 -0.0380175 
1.36685 -0.604997 -0.0555001 0.149194 -1.03605 -0.210028 2.2242 1.25279 -0.25937 -0.788143 -0.35872 0.00788752 
1.52023 0.3639 0.0979076 0.0576529 0.198819 -0.282421 1.91077 1.41737 -0.117323 -0.477325 0.115691 0.0462068 
1.22503 0.154821 1.46516 0.142507 0.378761 0.247909 1.36725 0.608834 0.239079 -0.0602283 0.281688 -0.00698353 
1.29967 0.386701 0.458341 0.646124 0.971972 -0.258228 0.944826 0.157502 -0.038105 -0.0424771 0.214571 0.0439346 
1.17967 0.593941 0.870956 1.1739 0.176162 0.362783 1.22865 0.301257 0.0597234 0.0119819 0.11934 0.00459167 
0.92872 0.784587 0.785858 -0.194286 -0.173664 0.268499 0.95759 0.104695 0.303387 0.112097 0.174269 0.0185664 
1.15853 0.49981 0.300686 0.541446 0.332961 0.565991 1.01961 -0.121147 0.255939 0.0573564 0.262554 -0.0180077 
1.24037 0.712124 0.779414 -0.129098 0.34194 0.381804 -0.0592574 -0.861843 0.555937 0.0611199 0.190434 0.0227858 
0.945673 0.774772 0.931653 0.172265 1.31056 0.127264 0.653343 -0.100926 -0.32184 0.0225338 -0.032677 0.0483367 
1.1169 0.597804 0.509305 0.456153 0.736931 0.560084 0.615971 -0.483787 0.256095 0.114039 -0.450647 0.00649304 
1.64057 0.338457 0.89587 -0.0970267 0.0571895 0.029106 0.951963 0.0409461 0.133862 -0.228372 0.317396 0.0780269 
1.29676 0.70457 0.6839 0.157146 0.037178 0.72085 0.408955 -0.319505 -0.411541 0.242506 0.0329078 0.00598475 
0.990959 0.605106 0.376542 0.32873 0.758669 0.36203 0.425276 -0.240118 0.305329 -0.381616 -0.13231 0.0306967 
1.09623 0.237447 0.832664 0.230215 1.23614 0.0935297 0.902049 0.169076 0.208696 -0.21638 0.0939773 -0.0450294 
0.922852 0.549866 0.264289 -0.370632 0.512446 0.713485 0.290135 0.123366 0.121345 -0.276865 -0.167621 -0.0759114 
1.12325 0.697184 0.523253 0.0974629 -0.180877 -0.786361 0.402944 0.228593 0.100202 -0.123847 -0.0313794 0.0341786 
0.807822 0.995481 1.14685 0.386436 0.889553 -0.0254867 0.573888 -0.631497 0.650977 0.443328 0.0132029 -0.0512295 
0.829199 0.35393 0.984704 -0.422678 0.483275 0.268838 1.15869 0.514215 0.260551 -0.214354 -0.186839 -0.0739856 
