1.17728 0.0833287 1.62996 -0.0801023 1.16512 -0.484312 1.06522 -0.03768 0.470533 0.388307 -0.103446 0.0418001 
0.913461 0.184456 1.09023 -0.911213 0.651696 -0.57873 1.04164 0.0735438 -0.0169774 -0.153289 0.25024 0.0117501 
1.17199 0.543794 1.60383 0.345919 1.07982 -0.379085 1.19587 -0.0532441 0.830767 0.363248 0.0803012 0.0119103 
1.139 0.222149 0.988747 0.266074 1.35683 -0.354279 1.40627 0.46774 -0.00803569 0.0495718 0.291476 -0.0284202 
1.29473 0.500942 1.38083 -0.39876 1.02993 -0.648765 0.430998 -0.545845 0.0261576 -0.285804 -0.0189417 -0.0462373 
1.07163 0.179127 1.3422 0.104531 0.696329 -0.840604 0.797322 -0.381301 0.228765 -0.048425 -0.00864954 -0.0654849 
0.983035 0.173736 1.4114 -0.357641 0.965496 -0.500169 1.10357 -0.306749 -0.328257 -0.208693 0.12102 -0.0458156 
1.09148 0.145881 1.38773 -0.358673 1.56855 -0.637955 0.392008 -0.249642 0.383779 -0.49626 -0.158391 -0.0963467 
2.10316 1.03038 1.70453 0.0528087 1.29133 0.331801 0.226692 2.2414 0.256254 -0.692152 0.287501 0.00443484 
3.13244 0.684659 0.0848484 0.538639 1.34752 1.5818 -0.0565415 1.85403 0.789439 -0.783759 0.51179 0.0918472 
3.37206 -0.607427 -0.137594 3.32239 3.46348 2.20761 2.03613 1.28425 -0.556436 -0.122592 0.179951 0.176002 
4.06696 -1.97605 -1.37545 4.24632 3.80444 1.7219 2.69425 1.18829 -0.444085 -0.311004 0.425702 0.19704 
3.61339 -1.46103 -1.1254 3.84161 3.87475 1.42147 2.27328 1.14997 -0.30655 -0.257581 0.244944 0.177768 
3.7613 -1.15535 -1.1653 3.39245 3.6858 1.28835 2.52159 0.942935 -0.109225 -0.502143 0.294712 0.213544 
5.60464 -1.48226 -0.824379 4.2586 3.22336 -0.505154 2.42854 0.048612 -0.350491 -0.890557 0.147513 0.162391 
4.03331 0.350768 0.116515 3.02755 2.47065 -0.152263 1.32671 0.354476 -0.466334 -1.35653 -0.0739994 0.155408 
4.05931 0.832849 -0.274634 3.06885 2.40465 -0.413346 1.33219 -0.139931 -0.47054 -1.51776 0.0626233 0.166539 
4.08473 1.24146 -0.173835 2.32403 2.5303 -0.140639 0.33017 0.0178314 0.131939 -1.32931 -0.0267098 0.132197 
4.46892 1.66079 -0.36471 1.93405 3.06287 -0.82955 0.0113203 0.401482 -0.0232617 -0.858449 0.00556498 0.199018 
4.72832 1.80419 0.0249477 1.37043 3.907 -1.53633 -0.065131 0.393547 -0.202952 -0.419179 -0.0278728 0.246352 
4.63824 1.73101 -0.040351 1.87033 3.42764 -1.17759 -0.139199 0.0678343 0.184033 -0.84919 0.02735 0.211832 
4.7586 1.85759 0.105022 1.83449 3.80819 -1.42112 0.0286046 0.41579 -0.103024 -0.66874 -0.168384 0.212863 
4.47054 2.24659 -0.0945027 1.53274 4.0131 -1.57315 0.0869318 0.362623 -0.148248 -0.571118 -0.109607 0.220166 
4.99636 1.58557 0.766763 1.65245 4.35561 -1.45719 0.428103 0.173682 -0.0411838 -0.652946 -0.223832 0.252883 
4.57611 2.07683 0.712108 2.28368 3.43223 -0.571384 -0.164009 0.371652 0.309062 -1.20792 0.00252132 0.159549 
4.38959 2.01413 0.453542 1.9028 3.55977 -0.566271 -0.485891 0.576058 -0.0096704 -0.825241 0.0406659 0.134559 
4.20472 1.93698 0.62791 2.13674 3.70799 -0.368079 -0.306341 0.76542 -0.0700088 -0.801875 -0.054914 0.102702 
5.03054 1.99172 0.562354 1.85147 4.45693 -0.905332 0.045412 0.763242 -0.563903 -0.615729 -0.230804 0.193051 
4.17638 1.95916 0.795682 2.31442 2.63601 0.0664538 0.166169 0.842423 -0.0370745 -1.11044 0.0219137 0.113828 
4.01454 2.20967 1.05133 2.17598 2.91064 0.0928199 0.0893029 0.863232 -0.207298 -0.857521 0.0973023 0.0894567 
4.02643 2.03972 1.57132 2.43404 2.47434 -0.000744638 0.136647 0.893761 0.182584 -0.820713 -0.0124507 0.0634494 
4.13566 2.1736 0.83123 2.58017 3.66403 -0.104776 -0.00696502 1.08276 -0.0787461 -0.46539 -0.0631865 0.0906689 
4.95323 3.1346 0.207763 2.5149 3.30351 -1.73895 0.502351 0.742339 0.0652832 -0.608552 0.00146434 0.303752 
4.53604 2.33548 0.882843 2.1916 2.63017 -1.33303 0.127325 0.670319 0.227768 -0.966371 0.240585 0.235354 
4.30481 3.09552 1.04653 2.73863 2.45979 -0.591494 -0.221856 0.799864 0.678365 -0.883403 0.136912 0.074033 
4.55799 4.31903 2.85208 2.35829 0.666236 -2.29091 1.81585 0.404709 1.14878 -0.403544 0.302358 0.0647863 
3.57032 3.118 3.6733 3.17665 0.660206 -1.36757 1.93965 1.05876 0.788079 -0.52009 0.396169 0.108852 
1.33615 0.702935 4.76231 4.10136 0.756553 -2.01524 1.40276 1.85344 0.206843 -0.271544 0.564973 0.177808 
0.224342 -0.307637 2.74362 4.11934 1.2291 -2.0983 1.80338 2.92605 0.949821 -0.667717 0.744612 0.0699829 
-0.500555 -0.174995 1.12713 5.05876 1.35458 -1.66965 0.346975 3.45627 0.617083 -0.576167 0.310921 0.101382 
-1.49716 -0.764765 1.02619 5.26898 2.04879 -1.41203 1.03557 2.89594 0.330692 -0.378939 0.187409 0.158854 
-1.38763 -0.841305 1.01686 4.39228 1.35326 -1.49478 1.19624 2.57238 0.85782 -0.84277 0.441441 0.0644741 
-1.73685 -1.28559 0.756038 4.08551 1.51401 -2.34722 2.08226 2.81902 0.552749 -0.955762 0.562542 0.0682658 
-2.05333 -1.58616 0.0557787 3.54434 1.27 -2.22857 1.40004 2.68471 0.661093 -0.864956 0.387818 0.0712296 
-3.36099 -2.3424 0.0767191 2.72797 -0.258211 -2.37272 2.17198 3.69749 0.992324 -0.999307 0.291274 0.0449619 
-3.56249 -2.85053 -0.156519 1.86509 -0.923391 -2.74355 1.35663 2.44913 0.353936 -1.03123 0.308991 -0.0268907 
-3.58768 -2.81982 -0.593316 1.91149 -0.690718 -2.88833 0.755315 2.38905 0.416537 -1.08438 0.269042 -0.0451756 
-2.52671 -2.02574 -0.184723 2.0282 0.00867427 -2.99761 0.991392 1.96731 -0.30171 -0.940611 0.205061 -0.018347 
-3.61095 -3.04659 -0.554195 1.42459 -0.710734 -2.56035 1.17452 2.66473 0.149687 -0.955907 0.046405 -0.0220859 
-3.01593 -2.37753 -0.132016 2.10865 -0.384168 -2.97458 0.983999 2.27803 0.179917 -0.870847 0.201625 -0.0230537 
-3.06371 -2.69104 -0.65528 1.54494 0.291139 -3.17641 1.31692 2.72885 0.147577 -0.96279 0.116639 -0.0489658 
-2.69755 -3.10586 -0.710745 1.43652 -0.23461 -3.11418 1.37829 2.26577 0.234808 -1.12026 0.122754 0.000769158 
-1.99355 -2.13915 -0.779888 1.88692 0.342178 -2.76634 0.887534 2.01182 0.218442 -0.964039 -0.0217881 0.0335558 
-3.0989 -3.28984 -1.03087 0.925431 -1.09638 -2.68201 1.08064 2.7302 0.384818 -0.674754 -0.235772 0.0057331 
-3.60086 -2.48057 -1.09275 1.02477 -1.07021 -2.58508 0.853784 2.98576 0.291508 -0.557487 -0.116242 -0.131308 
-3.64814 -2.66715 -1.4096 1.01604 -1.39517 -3.57487 0.326755 2.90725 0.560888 -0.323192 0.10736 -0.145121 
-4.00859 -3.40647 -2.41503 0.580917 -1.14018 -2.77103 1.53289 2.64762 0.193662 -0.574551 -0.0467435 -0.211634 
-3.84775 -2.80301 -1.46627 -1.20564 -2.96439 -2.1235 2.98887 1.99118 -0.240004 -0.599176 0.467528 -0.260904 
-3.03252 -1.256 0.136496 -0.976168 -1.63785 -2.09499 2.65709 1.9885 -0.501299 -0.973357 0.35309 -0.196351 
-3.22578 -1.39004 0.262466 -1.96111 -1.65263 -2.50781 3.35715 1.74986 -0.212723 -0.80221 0.330012 -0.244585 
-3.23357 -0.978214 0.76152 -1.65054 -0.95474 -3.24191 3.46519 1.44696 -0.124013 -0.685664 0.341151 -0.195828 
-3.27074 -2.18354 0.121146 -0.757329 -2.47503 -2.84928 3.5893 1.49277 -0.454338 -0.466482 0.504967 -0.362679 
-2.86964 -2.3599 0.205217 1.26901 -1.99218 -2.42097 3.3035 2.80244 -0.552227 -0.805905 0.314278 -0.145239 
-2.11336 -1.98819 0.980707 -0.434439 -1.62487 -2.77527 2.17053 2.93178 -0.890644 -0.566314 0.29871 -0.258724 
-0.793466 -2.98241 1.80627 0.520599 -1.52908 -2.35397 2.66908 2.77539 -0.869146 -0.101464 0.16482 -0.0572009 
-0.0857578 -2.14099 1.77806 1.58405 -0.713606 -2.75457 2.90372 0.583632 -0.694563 -0.302207 0.0771074 0.020341 
0.93003 -1.34166 0.225847 0.664842 -0.163079 -0.819747 2.0848 -0.774635 -0.892067 -0.265326 0.351843 0.0942472 
1.1554 -0.523794 0.370129 0.354333 0.00453988 -0.629674 1.33414 0.590789 -0.186101 -0.121431 -0.00705248 0.068462 
0.921936 -0.0682859 0.440012 0.364403 0.557539 -0.563344 0.0832838 -0.0987086 0.00566758 -0.423453 0.256588 0.0403409 
1.49847 -0.0932076 0.202731 0.202025 0.51883 -0.303999 -0.186054 0.463457 0.457351 -0.170825 0.365449 -0.0544767 
1.28985 0.0120448 0.0806463 0.0875814 0.630384 -0.120698 -0.572736 -0.599224 0.156946 -0.432717 -0.104275 0.0128682 
1.31054 0.0389564 0.117063 0.663718 0.863254 -0.0275233 0.312078 -0.274271 0.266144 -0.0507741 0.293859 -0.0159574 
1.02633 0.442764 0.765239 -0.0151468 0.235823 -0.128527 -0.20496 -0.458257 -0.144394 -0.124895 0.40812 -0.0376804 
1.01536 0.281626 0.613419 0.383868 1.11791 0.193752 -0.0237623 0.149909 0.207244 0.0374462 0.291674 -0.0182816 
0.841439 0.937337 1.27214 -0.433606 0.0413751 -0.574478 0.216624 -0.257377 -0.253341 0.0346601 0.0934959 0.0111019 
1.14558 0.291065 0.25784 0.209897 0.839203 -0.251094 0.821288 0.198835 0.146492 -0.0784261 0.120017 0.0283093 
0.881729 0.0311506 0.616455 -0.180331 1.12129 0.488877 -0.038487 -0.350192 0.16571 -0.0517552 0.0961244 0.0242433 
1.2448 0.160699 0.709759 -0.545299 0.98858 0.467869 0.736702 -0.298344 0.538489 0.293537 0.0874083 -0.00227589 
1.20195 0.330224 0.721663 0.407769 0.932564 0.683733 0.499864 -0.0408884 -0.0117421 -0.00638198 0.153454 0.0208228 
1.14323 0.63951 0.423733 -0.0478401 0.778794 0.427005 0.243017 0.202888 0.443585 -0.0342011 -0.0499398 0.00330883 
0.935866 0.691293 0.74517 0.153824 0.533615 0.716369 0.140909 0.0900138 0.676441 -0.525498 0.167855 -0.0178133 
0.961355 0.598747 0.75256 -0.297652 1.2854 0.532225 0.106919 0.107592 0.177265 0.249889 -0.258515 -0.0116364 
1.15418 0.34821 1.0423 -0.739452 1.416 0.263634 -0.212786 0.286654 0.640323 0.0132561 -0.421795 0.0270523 
0.986987 0.731539 0.624142 0.268376 0.928601 0.252065 0.486445 0.42467 0.389276 -0.140838 -0.129776 -0.00663299 
0.877119 0.361934 0.867344 -0.262968 0.365467 0.79054 -0.0791589 -0.465397 -0.136311 -0.215615 -0.157728 -0.0488822 
