0 1 0 0 0 
0 0.574213 0.425787 0 0 
0 0 0.785011 0.214989 0 
0 0 0 0.899642 0.100358 
0 0 0 0 1 
0 1 0 0 0 
0 0.75 0.25 0 0 
0 0 0.9 0.1 0 
0 0 0 0.925441 0.0745586 
0 0 0 0 1 
0.723336 0.276664 0 0 0 
0 0.940566 0.0594338 0 0 
0 0 0.719101 0.280899 0 
0 0 0 0.355148 0.644852 
0 0 0 0 1 
0.610032 0.389968 0 0 0 
0 0.857303 0.142697 0 0 
0 0 0.904099 0.095901 0 
0 0 0 0.866704 0.133296 
0 0 0 0 1 
0.512174 0.487826 0 0 0 
0 0.664522 0.335478 0 0 
0 0 0.943368 0.0566318 0 
0 0 0 0.892604 0.107396 
0 0 0 0 1 
0.360791 0.639209 0 0 0 
0 0.269197 0.730803 0 0 
0 0 0.960798 0.0392018 0 
0 0 0 0.884299 0.115701 
0 0 0 0 1 
0.66666 0.33334 0 0 0 
0 0.000813427 0.999187 0 0 
0 0 0.958332 0.0416683 0 
0 0 0 0.860868 0.139132 
0 0 0 0 1 
0.604256 0.395744 0 0 0 
0 0.57129 0.42871 0 0 
0 0 0.950349 0.0496511 0 
0 0 0 0.833149 0.166851 
0 0 0 0 1 
0.875 0.125 0 0 0 
0 0.871934 0.128066 0 0 
0 0 0.924193 0.0758073 0 
0 0 0 0.839581 0.160419 
0 0 0 0 1 
0 1 0 0 0 
0 0.94885 0.0511501 0 0 
0 0 0.951651 0.0483487 0 
0 0 0 0.809063 0.190937 
0 0 0 0 1 
0.61947 0.38053 0 0 0 
0 0.763684 0.236316 0 0 
0 0 0.984404 0.0155964 0 
0 0 0 0.816832 0.183168 
0 0 0 0 1 
0.888889 0.111111 0 0 0 
0 0.6602 0.3398 0 0 
0 0 0.974655 0.0253453 0 
0 0 0 0.899605 0.100395 
0 0 0 0 1 
0.75 0.25 0 0 0 
0 0.793341 0.206659 0 0 
0 0 0.969844 0.0301558 0 
0 0 0 0.833333 0.166667 
0 0 0 0 1 
0.8 0.2 0 0 0 
0 8.04597e-064 1 0 0 
0 0 0.983871 0.016129 0 
0 0 0 0.500014 0.499986 
0 0 0 0 1 
0.5 0.5 0 0 0 
0 0.5 0.5 0 0 
0 0 0 1 0 
0 0 0 0.915026 0.0849736 
0 0 0 0 1 
0.793311 0.206689 0 0 0 
0 0.938531 0.0614695 0 0 
0 0 0.654373 0.345627 0 
0 0 0 0.874992 0.125008 
0 0 0 0 1 
0 1 0 0 0 
0 0.85634 0.14366 0 0 
0 0 0.958401 0.0415989 0 
0 0 0 0.900783 0.0992172 
0 0 0 0 1 
0.870793 0.129207 0 0 0 
0 0.853443 0.146557 0 0 
0 0 0.970962 0.0290383 0 
0 0 0 0.89613 0.10387 
0 0 0 0 1 
0.509719 0.490281 0 0 0 
0 0.427117 0.572883 0 0 
0 0 0.960335 0.0396648 0 
0 0 0 0.896935 0.103065 
0 0 0 0 1 
0 1 0 0 0 
0 0 1 0 0 
0 0 0.962737 0.0372631 0 
0 0 0 0.875115 0.124885 
0 0 0 0 1 
0.9 0.1 0 0 0 
0 0.8 0.2 0 0 
0 0 0.96 0.04 0 
0 0 0 0.909091 0.0909091 
0 0 0 0 1 
0.496611 0.503389 0 0 0 
0 0.857078 0.142922 0 0 
0 0 0.979599 0.0204012 0 
0 0 0 0.857143 0.142857 
0 0 0 0 1 
0.600262 0.399738 0 0 0 
0 0.735914 0.264086 0 0 
0 0 0.974639 0.0253614 0 
0 0 0 0.884309 0.115691 
0 0 0 0 1 
0.65076 0.34924 0 0 0 
0 0.876015 0.123985 0 0 
0 0 0.999236 0.000764097 0 
0 0 0 0.83116 0.16884 
0 0 0 0 1 
0.875 0.125 0 0 0 
0 0.8 0.2 0 0 
0 0 0.961538 0.0384615 0 
0 0 0 0.875 0.125 
0 0 0 0 1 
0.015685 0.984315 0 0 0 
0 0.665556 0.334444 0 0 
0 0 0.971719 0.0282806 0 
0 0 0 0.843623 0.156377 
0 0 0 0 1 
0.749997 0.250003 0 0 0 
0 0.813965 0.186035 0 0 
0 0 0.965065 0.0349348 0 
0 0 0 0.855995 0.144005 
0 0 0 0 1 
0.75 0.25 0 0 0 
0 0.701595 0.298405 0 0 
0 0 0.953808 0.0461918 0 
0 0 0 0.82253 0.17747 
0 0 0 0 1 
0.684639 0.315361 0 0 0 
0 0.934963 0.0650372 0 0 
0 0 0.976987 0.0230132 0 
0 0 0 0.833358 0.166642 
0 0 0 0 1 
0.895138 0.104862 0 0 0 
0 0.878702 0.121298 0 0 
0 0 0.945095 0.0549053 0 
0 0 0 0.79227 0.20773 
0 0 0 0 1 
