1e-030 1e-030 1e-030 1e-030 1e-030 1e-030 1e-030 1e-030 1e-030 1e-030 1e-030 1e-030 1e-030 1e-030 1e-030 1e-030 1e-030 1e-030 1e-030 1e-030 1e-030 1e-030 1e-030 1e-030 1e-030 1e-030 1e-030 1e-030 1e-030 1e-030 1e-030 1 
1e-030 1e-030 1e-030 1e-030 1e-030 1e-030 1e-030 1e-030 1e-030 1e-030 1e-030 1e-030 1e-030 1e-030 1e-030 1e-030 1e-030 5.2114e-320 1e-030 1e-030 1e-030 1e-030 1e-030 0.574205 1e-030 1e-030 1e-030 1e-030 1e-030 1e-030 7.42883e-006 0.425787 
1e-030 1e-030 1e-030 1e-030 1e-030 1e-030 1e-030 1e-030 1e-030 1e-030 1e-030 1e-030 1e-030 1e-030 1e-030 1e-030 1e-030 1.26044e-028 1e-030 1e-030 1e-030 1e-030 1e-030 0.785015 1e-030 1e-030 1e-030 1e-030 1e-030 1e-030 0.214985 1.39742e-035 
1e-030 1e-030 1e-030 1e-030 1e-030 1e-030 1e-030 1e-030 1e-030 1e-030 1e-030 1e-030 1e-030 1e-030 1e-030 1e-030 1e-030 0.301075 1e-030 1e-030 0.100358 1e-030 1e-030 7.08263e-081 1e-030 1e-030 1e-030 1e-030 1e-030 0.100358 0.498209 1.9276e-029 
1e-030 1e-030 1e-030 1e-030 1e-030 1e-030 1e-030 0.0149174 1e-030 1e-030 1e-030 1e-030 1e-030 1e-030 0.0149174 1e-030 0.0596697 0.0447523 0.0596697 0.0149174 0.0447523 1e-030 1e-030 0.52211 0.0298348 1e-030 1e-030 0.0298348 1e-030 2.93722e-315 0.01545 0.149174 
1e-030 1e-030 1e-030 1e-030 1e-030 1e-030 1e-030 1e-030 1e-030 1e-030 1e-030 1e-030 1e-030 1e-030 1e-030 1e-030 1e-030 1e-030 1e-030 1e-030 1e-030 1e-030 1e-030 1e-030 1e-030 1e-030 1e-030 1e-030 1e-030 1e-030 1e-030 1 
1e-030 1e-030 1e-030 1e-030 1e-030 1e-030 1e-030 1e-030 1e-030 1e-030 1e-030 1e-030 1e-030 1e-030 1e-030 1e-030 1e-030 1e-030 1e-030 1e-030 1e-030 1e-030 1e-030 2.91176e-109 1e-030 1e-030 1e-030 0.999999 1e-030 1e-030 1e-030 1.0232e-006 
1e-030 1e-030 1e-030 1e-030 1e-030 1e-030 1e-030 1e-030 1e-030 1e-030 1e-030 1e-030 1e-030 1e-030 1e-030 1e-030 1.91041e-122 1e-030 1e-030 1e-030 1e-030 1e-030 1e-030 0.6 1e-030 1e-030 1e-030 1.26543e-033 1e-030 0.1 6.64891e-026 0.3 
1e-030 1e-030 1e-030 1e-030 1e-030 1e-030 1e-030 1e-030 1e-030 1e-030 1e-030 1e-030 1e-030 0.0745586 1e-030 1e-030 0.0745586 0.149054 1e-030 1e-030 0.0743638 1e-030 0.0745586 6.35356e-298 1e-030 1e-030 1e-030 1e-030 1e-030 1e-030 0.552906 2.09319e-017 
1e-030 1e-030 1e-030 1e-030 1e-030 1e-030 1e-030 1e-030 1e-030 1e-030 1e-030 1e-030 1e-030 0.053015 1e-030 1e-030 0.053015 0.0353583 1e-030 1e-030 0.0884045 0.0176717 1.69604e-148 0.0883584 1e-030 1e-030 1e-030 0.0353433 1e-030 0.0176717 0.187042 0.42412 
1e-030 1e-030 1e-030 0.276664 0.276664 1e-030 1e-030 1e-030 1e-030 1e-030 1e-030 1e-030 1e-030 1e-030 0.276664 1e-030 1e-030 1e-030 1e-030 1e-030 1e-030 1e-030 1e-030 1e-030 1e-030 1e-030 1e-030 1.42512e-249 1e-030 1e-030 0.170009 4.07741e-007 
1e-030 1e-030 1e-030 8.35014e-297 1e-030 1e-030 1e-030 1e-030 1e-030 1e-030 1e-030 1e-030 1e-030 1e-030 2.47867e-038 1e-030 1e-030 3.3341e-297 1e-030 1e-030 3.3341e-297 1e-030 1e-030 1e-030 1e-030 1e-030 1e-030 0.0593072 1e-030 1e-030 0.0823449 0.858348 
1e-030 1e-030 1e-030 1e-030 1e-030 1e-030 1e-030 1e-030 1e-030 1e-030 1e-030 1e-030 1e-030 1e-030 1e-030 1e-030 1e-030 8.62084e-087 1e-030 1e-030 7.60717e-011 1e-030 1e-030 1e-030 1e-030 1e-030 1e-030 0.000597317 1e-030 1e-030 3.11041e-006 0.9994 
1e-030 1e-030 1e-030 1e-030 1e-030 1e-030 1e-030 9.93223e-025 1e-030 1e-030 1e-030 1e-030 1e-030 1e-030 1e-030 1e-030 1e-030 0.352624 1e-030 1e-030 0.64485 1e-030 1e-030 2.61682e-224 1e-030 1e-030 1e-030 3.41897e-031 1e-030 1e-030 0.00250894 1.77032e-005 
1e-030 1e-030 1e-030 1e-030 1e-030 1e-030 1e-030 0.0168211 1e-030 1e-030 1e-030 1e-030 1e-030 0.0504632 1e-030 1e-030 0.0168211 0.108549 0.0336421 1e-030 0.0168211 1e-030 0.0168211 0.0168211 1e-030 1e-030 1e-030 0.0841053 1e-030 0.0168211 0.302714 0.3196 
1e-030 1e-030 1e-030 1e-030 1e-030 1e-030 1e-030 1e-030 1e-030 1e-030 1e-030 1e-030 1e-030 1e-030 1e-030 1e-030 1e-030 1e-030 1e-030 1e-030 1e-030 1e-030 1e-030 0.0607083 1e-030 1e-030 1e-030 0.159367 1e-030 1e-030 0.779925 2.07446e-009 
1e-030 1e-030 1e-030 1e-030 1e-030 1e-030 1e-030 1e-030 1e-030 1e-030 1e-030 1e-030 1e-030 1e-030 1e-030 1e-030 1e-030 1e-030 1e-030 1e-030 1e-030 1e-030 1e-030 0.120482 1e-030 1e-030 1e-030 0.412988 1e-030 1e-030 6.7711e-006 0.466523 
1e-030 1e-030 1e-030 1e-030 1e-030 1e-030 1e-030 1e-030 1e-030 1e-030 1e-030 1e-030 1e-030 1e-030 1e-030 1e-030 3.84421e-226 5.42344e-014 1e-030 1e-030 7.09138e-081 1e-030 1e-030 6.90784e-018 1e-030 1e-030 1e-030 0.16276 1e-030 1e-030 0.479503 0.357737 
1e-030 1e-030 1e-030 1e-030 1e-030 1e-030 1e-030 1e-030 1e-030 1e-030 1e-030 1e-030 1e-030 1e-030 0.024168 1e-030 0.056671 0.652518 1e-030 1e-030 0.266584 1e-030 1e-030 9.68711e-194 1e-030 1e-030 1e-030 4.81745e-037 1e-030 1e-030 2.08895e-020 5.89368e-005 
1e-030 1e-030 1e-030 1e-030 1e-030 1e-030 1e-030 0.0173918 1e-030 1e-030 1e-030 1e-030 1e-030 1e-030 0.0142385 1e-030 0.0795649 0.0887806 0.0173918 1e-030 0.0347846 1e-030 1e-030 0.0173918 0.0173918 1e-030 1e-030 9.55164e-060 1e-030 1e-030 0.243486 0.469578 
1e-030 1e-030 1e-030 1e-030 1e-030 1e-030 1e-030 1e-030 1e-030 1e-030 1e-030 1e-030 1e-030 1e-030 1e-030 1e-030 1e-030 1e-030 1e-030 1e-030 1e-030 1e-030 1e-030 6.87241e-137 1e-030 1e-030 1e-030 8.0968e-029 1e-030 1e-030 0.975652 0.0243483 
1e-030 1e-030 1e-030 1e-030 1e-030 1e-030 1e-030 1e-030 1e-030 1e-030 1e-030 1e-030 1e-030 1e-030 1e-030 1e-030 1e-030 1e-030 1e-030 1e-030 1.5491e-224 1e-030 1e-030 0.00626021 1e-030 1e-030 1e-030 0.670957 1e-030 1e-030 3.51888e-012 0.322783 
1e-030 1e-030 1e-030 1e-030 1e-030 1e-030 1e-030 1e-030 1e-030 1e-030 1e-030 1e-030 1e-030 1e-030 1e-030 1e-030 1e-030 1e-030 1e-030 1e-030 1.33308e-121 1e-030 1e-030 0.490997 1e-030 1e-030 1e-030 3.33887e-009 1.03179e-150 1e-030 1e-030 0.509003 
1e-030 1e-030 1e-030 1e-030 1e-030 1e-030 1e-030 0.107396 1e-030 1e-030 1e-030 1e-030 1e-030 1e-030 1e-030 1e-030 1e-030 0.322188 1e-030 1e-030 0.107396 1e-030 1e-030 0.140833 1e-030 1e-030 1e-030 0.214792 0.107396 1e-030 3.89837e-082 2.95783e-008 
1e-030 1e-030 1e-030 1e-030 1e-030 1e-030 1e-030 3.0677e-016 1e-030 1e-030 1e-030 1e-030 1e-030 0.0377358 1e-030 1e-030 0.0377358 1.14921e-166 0.0754717 0.0188679 0.0754717 0.0188679 1e-030 0.396226 1e-030 1e-030 1e-030 0.0377358 1e-030 1e-030 0.113208 0.188679 
1e-030 1e-030 1e-030 1e-030 1e-030 1e-030 1e-030 1e-030 1e-030 1e-030 1e-030 1e-030 1e-030 1e-030 1e-030 1e-030 1e-030 1e-030 1e-030 1e-030 1e-030 1e-030 1e-030 4.78349e-013 1e-030 1e-030 1e-030 1 1e-030 1e-030 1e-030 1e-030 
1e-030 1e-030 1e-030 1e-030 1e-030 1e-030 1e-030 1e-030 1e-030 1e-030 1e-030 1e-030 1e-030 1e-030 1e-030 1e-030 1e-030 1e-030 1e-030 1e-030 1e-030 1e-030 1e-030 0.0133028 1e-030 1e-030 1e-030 0.986697 1e-030 1e-030 1e-030 1.94002e-067 
1e-030 1e-030 1e-030 1e-030 1e-030 1e-030 1e-030 1e-030 1e-030 1e-030 1e-030 1e-030 1e-030 1e-030 1e-030 1e-030 5.1593e-116 6.15057e-245 1e-030 1e-030 1.99513e-015 1e-030 1e-030 0.898148 1e-030 1e-030 1e-030 0.0626502 1e-030 1e-030 1e-030 0.0392018 
1e-030 1e-030 1e-030 1e-030 1e-030 1e-030 1e-030 0.115699 1e-030 1e-030 1e-030 1e-030 1e-030 1e-030 1e-030 1e-030 0.115701 0.462805 3.02403e-280 1e-030 0.115701 1e-030 1e-030 0.123906 1e-030 1e-030 1e-030 0.0563774 1e-030 1e-030 0.00981003 3.17988e-024 
1e-030 1e-030 1e-030 1e-030 1e-030 1e-030 1e-030 3.29983e-007 1e-030 1e-030 1e-030 1e-030 1e-030 0.0417404 1e-030 1e-030 0.0208702 0.0417404 0.0417404 0.0417404 0.104351 0.0208702 1e-030 0.271312 1e-030 1e-030 1e-030 0.0417404 1e-030 1e-030 0.102581 0.271312 
1e-030 1e-030 1e-030 1e-030 1e-030 1e-030 1e-030 1e-030 1e-030 1e-030 1e-030 1e-030 1e-030 1e-030 1e-030 1e-030 1e-030 1e-030 1e-030 1e-030 1e-030 1e-030 1e-030 2.14292e-016 1e-030 1e-030 1e-030 3.95861e-298 1e-030 1e-030 0.999999 1.05074e-006 
1e-030 1e-030 1e-030 1e-030 1e-030 1e-030 1e-030 1e-030 1e-030 1e-030 1e-030 1e-030 1e-030 1e-030 1e-030 1e-030 1e-030 1e-030 1e-030 1e-030 1e-030 1e-030 1e-030 0.000750332 1e-030 1e-030 1e-030 8.28425e-087 1e-030 1e-030 6.62444e-005 0.999183 
1e-030 1e-030 1e-030 1e-030 1e-030 1e-030 1e-030 1e-030 1e-030 1e-030 1e-030 1e-030 1e-030 1e-030 1e-030 1e-030 1e-030 3.08272e-014 1e-030 1e-030 7.28695e-251 1e-030 1e-030 0.958332 1e-030 5.54354e-063 1e-030 0.0416683 1e-030 1e-030 7.06614e-045 2.22443e-016 
1e-030 1e-030 1e-030 1e-030 1e-030 1e-030 1e-030 1e-030 1e-030 1e-030 1e-030 1e-030 1e-030 1.69536e-271 1e-030 1e-030 1e-030 0.682838 1e-030 1e-030 0.139071 1e-030 1e-030 2.40207e-005 1e-030 0.139132 1e-030 1.21344e-092 1e-030 1e-030 0.0389354 1.29123e-017 
1e-030 1e-030 1e-030 1e-030 1e-030 0.0200752 1e-030 1e-030 1e-030 1e-030 1e-030 1e-030 1e-030 0.0602256 1e-030 1e-030 0.0803008 0.0620753 0.0401504 1e-030 0.0602344 1e-030 1e-030 0.120451 0.0200752 2.99158e-053 1e-030 0.100376 1e-030 1e-030 0.094758 0.341278 
1e-030 1e-030 1e-030 1e-030 1e-030 1e-030 1e-030 1e-030 1e-030 1e-030 1e-030 1e-030 1e-030 1e-030 1e-030 1e-030 1e-030 1e-030 1e-030 1e-030 1e-030 1e-030 1e-030 3.74238e-021 1e-030 1e-030 1e-030 1 1e-030 1e-030 1e-030 1e-030 
1e-030 1e-030 1e-030 1e-030 1e-030 1e-030 1e-030 1e-030 1e-030 1e-030 1e-030 1e-030 1e-030 1e-030 1e-030 1e-030 1e-030 1e-030 1e-030 1e-030 1e-030 1e-030 1e-030 0.000502246 1e-030 1e-030 1e-030 0.999498 1e-030 1e-030 1e-030 1e-030 
1e-030 1e-030 1e-030 1e-030 1e-030 1e-030 1e-030 1e-030 1e-030 1e-030 1e-030 1e-030 1e-030 1.03227e-130 1e-030 1e-030 1e-030 1e-030 1e-030 1e-030 1e-030 1e-030 1e-030 0.893662 1e-030 7.36015e-016 1e-030 0.106338 1e-030 1e-030 1e-030 1e-030 
1e-030 1e-030 1e-030 1e-030 1e-030 1e-030 1e-030 1e-030 1e-030 1e-030 1e-030 1e-030 1e-030 0.166851 0.166183 1e-030 1e-030 0.333277 5.03673e-205 1e-030 0.166837 1e-030 1e-030 7.03503e-007 1e-030 0.166851 1e-030 4.41955e-223 1e-030 1e-030 1e-030 2.00009e-009 
1e-030 1e-030 1e-030 1e-030 1e-030 1e-030 1e-030 1e-030 1e-030 1e-030 1e-030 1e-030 1e-030 1.5166e-028 7.41812e-005 0.0185162 1e-030 0.148177 0.074065 1e-030 0.0185178 0.0185162 1e-030 0.351809 1e-030 1.64931e-156 1e-030 0.0370325 1e-030 0.0185162 1e-030 0.314776 
1e-030 0.125 1e-030 1e-030 1e-030 0.125 1e-030 1e-030 1e-030 1e-030 1e-030 1e-030 1e-030 1e-030 1e-030 1e-030 1e-030 1e-030 1e-030 1e-030 1e-030 1e-030 1e-030 4.73091e-220 1e-030 1e-030 1e-030 1.14197e-013 1e-030 1e-030 0.25 0.5 
1e-030 2.65626e-264 1e-030 1e-030 1e-030 5.14487e-127 1e-030 1e-030 1e-030 1e-030 1e-030 1e-030 1e-030 1e-030 1e-030 1e-030 1e-030 4.94066e-324 1e-030 1e-030 1e-030 1e-030 1e-030 0.359669 1e-030 1e-030 1e-030 0.640331 1e-030 1e-030 2.052e-126 1.06974e-008 
1e-030 3.04545e-127 1e-030 1e-030 1e-030 1e-030 1e-030 1e-030 1e-030 1e-030 1e-030 1e-030 1e-030 4.42883e-250 1e-030 1e-030 1e-030 3.90659e-024 1e-030 1e-030 1e-030 1e-030 1e-030 0.696786 1e-030 1e-030 1e-030 1.34766e-011 1e-030 1e-030 0.0758073 0.227407 
1e-030 1.98781e-169 1e-030 1e-030 1e-030 1e-030 1e-030 1e-030 1e-030 1e-030 1e-030 1e-030 1e-030 0.143205 1e-030 1e-030 0.0557645 0.800999 1e-030 1e-030 1e-030 1e-030 1e-030 2.57886e-013 1e-030 1e-030 1e-030 4.35081e-172 1e-030 1e-030 6.79343e-089 3.13962e-005 
1e-030 1e-030 1e-030 1e-030 1e-030 1e-030 1e-030 1e-030 1e-030 1e-030 1e-030 1e-030 1e-030 0.0222501 1e-030 1e-030 0.0733903 0.0403252 0.0200938 1e-030 0.100469 1e-030 1e-030 0.26122 1e-030 1e-030 1e-030 0.0602815 1e-030 1e-030 0.200938 0.221032 
1e-030 1e-030 1e-030 1e-030 1e-030 1e-030 1e-030 1e-030 1e-030 1e-030 1e-030 1e-030 1e-030 1e-030 1e-030 1e-030 1e-030 1e-030 1e-030 1e-030 1e-030 1e-030 1e-030 1e-030 1e-030 1e-030 1e-030 1 1e-030 1e-030 1e-030 1e-030 
1e-030 1e-030 1e-030 1e-030 1e-030 1e-030 1e-030 1e-030 1e-030 1e-030 1e-030 1e-030 1e-030 1e-030 1e-030 1e-030 1e-030 1e-030 1e-030 1e-030 1e-030 1e-030 1e-030 0.769173 1e-030 1e-030 1e-030 0.0968163 1e-030 1e-030 2.74779e-023 0.134011 
1e-030 1e-030 1e-030 1e-030 1e-030 1e-030 1e-030 8.9827e-194 1e-030 1.71553e-303 1e-030 1e-030 1e-030 1e-030 9.07016e-084 1e-030 1e-030 1e-030 1e-030 1e-030 1e-030 1e-030 1e-030 0.820112 1e-030 1e-030 1e-030 0.0648162 1e-030 1e-030 0.0966973 0.0183749 
1e-030 1e-030 1e-030 1e-030 1e-030 1e-030 1e-030 0.190937 1e-030 5.61727e-022 1e-030 1e-030 1e-030 1e-030 0.381874 1e-030 1e-030 1e-030 1e-030 1e-030 1e-030 1e-030 1e-030 6.77862e-030 1e-030 1e-030 1e-030 0.250427 1e-030 1e-030 1e-030 0.176762 
1e-030 1e-030 1e-030 1e-030 1e-030 1e-030 1e-030 7.56044e-239 1e-030 0.0259543 1e-030 1e-030 1e-030 1e-030 4.07385e-073 1e-030 1e-030 0.103817 0.0259543 1e-030 1e-030 1e-030 0.0259543 0.648857 1e-030 1e-030 1e-030 0.141582 1e-030 1e-030 1e-030 0.0278812 
1e-030 1e-030 1e-030 1e-030 1e-030 1e-030 1e-030 1e-030 1e-030 1e-030 1e-030 1e-030 1e-030 1e-030 1e-030 1e-030 1e-030 1e-030 1e-030 1e-030 1e-030 1e-030 1e-030 1 1e-030 1e-030 1e-030 2.59811e-215 1e-030 8.58602e-052 1.64783e-111 1e-030 
1e-030 1e-030 1e-030 1e-030 1e-030 1e-030 1e-030 1e-030 1e-030 1e-030 1e-030 1e-030 1e-030 1e-030 1e-030 1e-030 1e-030 1e-030 1e-030 1e-030 1e-030 1e-030 1e-030 1 1e-030 1e-030 1e-030 4.36883e-029 1e-030 9.8145e-008 1.59057e-015 2.44422e-047 
1e-030 1e-030 1e-030 1e-030 1e-030 1e-030 1e-030 1e-030 1e-030 1e-030 1e-030 1e-030 1e-030 1e-030 1e-030 1e-030 7.0104e-030 5.29244e-091 1e-030 1e-030 1e-030 1e-030 1e-030 0.78165 1e-030 1e-030 1e-030 0.0467893 1e-030 0.0467893 0.0467893 0.0779822 
1e-030 1e-030 1e-030 1e-030 1e-030 1e-030 1e-030 0.0821 1e-030 1e-030 1e-030 1e-030 1e-030 1e-030 1e-030 1e-030 0.362044 0.549498 1e-030 1e-030 1e-030 1e-030 1e-030 0.00425799 1e-030 1e-030 1e-030 2.45949e-031 1e-030 3.3614e-079 0.00210028 4.1634e-009 
1e-030 1e-030 1e-030 1e-030 1e-030 1e-030 1e-030 0.0644316 1e-030 1e-030 1e-030 1e-030 1e-030 1e-030 1e-030 1e-030 0.00273624 4.05819e-006 1e-030 1e-030 1e-030 1e-030 1e-030 2.82992e-025 1e-030 1e-030 1e-030 9.88646e-178 1e-030 7.41098e-323 0.115432 0.817396 
1e-030 1e-030 1e-030 1e-030 1e-030 1e-030 1e-030 1e-030 1e-030 1e-030 1e-030 1e-030 1e-030 1e-030 1e-030 1e-030 1e-030 1e-030 1e-030 1e-030 1e-030 1e-030 1e-030 0.777778 1e-030 1e-030 1e-030 1.3487e-026 1e-030 1e-030 0.111111 0.111111 
1e-030 1e-030 1e-030 1e-030 1e-030 1e-030 1e-030 1e-030 1e-030 1e-030 1e-030 1e-030 1e-030 1e-030 1e-030 1e-030 1e-030 1e-030 1e-030 1e-030 1e-030 1e-030 1e-030 8.34727e-007 1e-030 1e-030 1e-030 0.999999 1e-030 1e-030 1.86701e-059 7.25886e-089 
1e-030 1e-030 1e-030 1e-030 1e-030 1e-030 1e-030 1e-030 1e-030 1e-030 1e-030 1e-030 1e-030 1e-030 1e-030 1e-030 1e-030 1.77459e-145 1e-030 1e-030 5.46175e-087 1e-030 5.89412e-116 0.811049 1e-030 1e-030 1e-030 0.0368797 5.0611e-058 0.0253453 0.0253453 0.101381 
1e-030 1e-030 1e-030 1e-030 1e-030 1e-030 1e-030 1e-030 1e-030 1e-030 1e-030 1e-030 1e-030 1e-030 1e-030 1e-030 1e-030 0.401578 1e-030 1e-030 0.100395 1e-030 0.100395 2.74364e-036 1e-030 1e-030 1e-030 0.0604382 0.100395 2.72776e-217 0.2368 3.66652e-053 
1e-030 1e-030 1e-030 1e-030 1e-030 1e-030 1e-030 1e-030 1e-030 1e-030 1e-030 1e-030 1e-030 1e-030 1e-030 1e-030 1e-030 8.85633e-044 1e-030 1e-030 1e-030 1e-030 1e-030 0.0422988 1e-030 1e-030 1e-030 1e-030 1e-030 1e-030 0.238621 0.71908 
1e-030 1e-030 1e-030 1e-030 1e-030 1e-030 1e-030 1e-030 1e-030 1e-030 1e-030 1e-030 1e-030 1e-030 1e-030 1e-030 1e-030 1e-030 1e-030 1e-030 1e-030 1e-030 1e-030 1 1e-030 1e-030 1e-030 2.41096e-007 1e-030 1e-030 1e-030 9.38906e-097 
1e-030 1e-030 1e-030 1e-030 1e-030 1e-030 1e-030 1e-030 1e-030 1e-030 1e-030 1e-030 1e-030 1e-030 1e-030 1e-030 1e-030 1e-030 1e-030 1e-030 1e-030 1e-030 1e-030 2.21209e-010 1e-030 1e-030 1e-030 0.387848 1e-030 1e-030 1e-030 0.612152 
1e-030 1e-030 1e-030 1e-030 1e-030 1e-030 1e-030 1e-030 1e-030 1e-030 1e-030 1e-030 1e-030 1e-030 1e-030 1e-030 1e-030 1.58844e-259 1e-030 1e-030 3.60045e-041 1e-030 1e-030 0.814207 1e-030 1e-030 1e-030 0.0338725 1e-030 0.0301558 1e-030 0.121765 
1e-030 1e-030 1e-030 1e-030 1e-030 1e-030 1e-030 1e-030 1e-030 1e-030 1e-030 1e-030 1e-030 1e-030 1e-030 1e-030 1e-030 0.333333 1e-030 1e-030 0.666667 1e-030 1e-030 7.90042e-020 1e-030 1e-030 1e-030 1.89104e-286 1e-030 1.57264e-239 1.43079e-229 4.8651e-018 
1e-030 1e-030 1e-030 1e-030 1e-030 1e-030 1e-030 1e-030 1e-030 1e-030 1e-030 1e-030 1e-030 0.027027 1e-030 1e-030 0.135135 3.12245e-125 0.0540541 1e-030 4.25533e-034 1e-030 1e-030 1e-030 1e-030 1e-030 1e-030 1e-030 1e-030 1e-030 0.189189 0.594595 
1e-030 1e-030 1e-030 1e-030 1e-030 1e-030 1e-030 1e-030 1e-030 1e-030 1e-030 1e-030 1e-030 1e-030 1e-030 1e-030 1e-030 1e-030 1e-030 1e-030 1e-030 1e-030 1e-030 1 1e-030 1e-030 1e-030 1.94432e-314 1e-030 1e-030 1e-030 1.73747e-094 
1e-030 1e-030 1e-030 1e-030 1e-030 1e-030 1e-030 1e-030 1e-030 1e-030 1e-030 1e-030 1e-030 1e-030 1e-030 1e-030 1e-030 1e-030 1e-030 1e-030 1e-030 1e-030 1e-030 3.99229e-010 1e-030 1e-030 1e-030 1.35026e-256 1e-030 1e-030 1e-030 1 
1e-030 1e-030 1e-030 1e-030 1e-030 1e-030 1e-030 1e-030 1e-030 1e-030 1e-030 1e-030 1e-030 1e-030 1e-030 1e-030 1e-030 1e-030 1e-030 1e-030 1e-030 1e-030 1e-030 0.822581 3.3512e-089 1e-030 1e-030 0.0967742 1.15216e-213 1e-030 0.0322581 0.0483871 
1e-030 1e-030 1e-030 1e-030 1e-030 1e-030 1e-030 1e-030 1e-030 1e-030 1e-030 1e-030 1e-030 1e-030 1e-030 1e-030 1e-030 3.42461e-072 1e-030 1e-030 1.21604e-226 1e-030 1e-030 8.23842e-025 0.499986 1e-030 1e-030 1e-030 0.499986 1e-030 2.8055e-005 1e-030 
1e-030 1e-030 1e-030 1e-030 1e-030 1e-030 1e-030 1e-030 1e-030 1e-030 1e-030 1e-030 1e-030 1e-030 1e-030 1e-030 1e-030 0.200001 1e-030 1e-030 0.0666669 1e-030 1e-030 1e-030 1.22996e-274 1e-030 1e-030 1e-030 1.70046e-028 1e-030 0.266664 0.466668 
1e-030 1e-030 1e-030 1e-030 1e-030 1e-030 1e-030 1e-030 1e-030 1e-030 1e-030 1e-030 1e-030 1e-030 1e-030 1e-030 1e-030 1e-030 1e-030 1e-030 1e-030 1e-030 1e-030 1e-030 1e-030 1e-030 1e-030 1e-030 1e-030 3.43328e-312 0.999999 1.32201e-006 
1e-030 1e-030 1e-030 1e-030 1e-030 1e-030 1e-030 1e-030 1e-030 1e-030 1e-030 1e-030 1e-030 1e-030 1e-030 1e-030 3.43329e-312 1e-030 1e-030 1e-030 1e-030 1e-030 1e-030 1e-030 1e-030 1e-030 1e-030 1e-030 1e-030 1e-030 3.52379e-007 1 
1e-030 1e-030 1e-030 1e-030 1e-030 1e-030 1e-030 1e-030 1e-030 1e-030 1e-030 1e-030 1e-030 1e-030 1e-030 1e-030 1e-030 6.86657e-312 1e-030 1e-030 1e-030 1e-030 1e-030 1e-030 1e-030 1e-030 1e-030 1e-030 1e-030 1 1e-030 1e-030 
1e-030 1e-030 1e-030 1e-030 1e-030 1e-030 1e-030 1e-030 1e-030 1e-030 1e-030 1e-030 1e-030 0.254101 1e-030 1e-030 0.496749 0.164177 0.0849731 1e-030 2.23173e-060 1e-030 1e-030 1e-030 1e-030 1e-030 1e-030 1e-030 1e-030 1.08532e-254 2.62478e-007 1e-030 
1e-030 1e-030 1e-030 1e-030 1e-030 1e-030 1e-030 1e-030 1e-030 1e-030 1e-030 1e-030 1e-030 0.0294533 1e-030 1e-030 0.0462261 0.103587 0.043968 0.014656 0.0293119 1e-030 1e-030 0.0879357 1e-030 1e-030 1e-030 0.0879357 1e-030 0.0586238 0.190527 0.307775 
1e-030 1e-030 1e-030 1e-030 1e-030 1e-030 1e-030 1e-030 1e-030 1e-030 1e-030 1e-030 1e-030 1e-030 1e-030 1e-030 1e-030 1.41817e-236 1e-030 1e-030 1e-030 1e-030 1e-030 1e-030 1e-030 1e-030 1e-030 0.999959 1e-030 1e-030 1.11404e-059 4.13438e-005 
1e-030 1e-030 1e-030 1e-030 1e-030 1e-030 1e-030 1e-030 1e-030 1e-030 1e-030 1e-030 1e-030 1e-030 1e-030 1e-030 1e-030 6.75068e-080 1e-030 1e-030 1e-030 1e-030 1e-030 1e-030 1e-030 1e-030 1e-030 0.117777 1e-030 1e-030 0.0691941 0.813029 
1e-030 1e-030 1e-030 1e-030 1e-030 1e-030 1e-030 1e-030 1e-030 1e-030 1e-030 1e-030 1e-030 1e-030 1e-030 1e-030 1e-030 8.26062e-010 1e-030 1e-030 7.80377e-130 1e-030 1e-030 1e-030 1e-030 1e-030 1e-030 0.0850239 1e-030 1e-030 0.302194 0.612782 
1e-030 1e-030 1e-030 1e-030 1e-030 1e-030 1e-030 1e-030 1e-030 1e-030 1e-030 1e-030 1e-030 0.0356175 1e-030 1e-030 0.0991 0.62398 1e-030 1e-030 0.241263 1e-030 1e-030 2.92404e-138 1e-030 1e-030 1e-030 9.53264e-032 1e-030 1e-030 2.05539e-006 3.74668e-005 
1e-030 1e-030 1e-030 1e-030 1e-030 1e-030 1e-030 0.0188676 1e-030 1e-030 1e-030 1e-030 1e-030 0.0512271 0.0566029 1e-030 0.022778 0.0567629 0.0188676 1e-030 0.0956593 1e-030 1e-030 0.0943382 0.0377353 1e-030 1e-030 0.0188676 1e-030 1e-030 0.207544 0.32075 
1e-030 1e-030 1e-030 1e-030 1e-030 1e-030 1e-030 1e-030 1e-030 1e-030 1e-030 1e-030 1e-030 1e-030 1e-030 1e-030 1e-030 1e-030 1e-030 1e-030 1e-030 1e-030 1e-030 1e-030 1e-030 1e-030 1e-030 1e-030 1e-030 1e-030 1 1e-030 
1e-030 1e-030 1e-030 1e-030 1e-030 1e-030 1e-030 1e-030 1e-030 1e-030 1e-030 1e-030 1e-030 1e-030 1e-030 1e-030 1e-030 1e-030 1e-030 1e-030 1e-030 0.14366 1e-030 4.64776e-081 1e-030 1e-030 1e-030 0.843296 1e-030 1e-030 1e-030 0.0130437 
1e-030 1e-030 1e-030 1e-030 1e-030 1e-030 1e-030 1e-030 1e-030 1e-030 1e-030 1e-030 1e-030 1e-030 1e-030 1e-030 1e-030 1e-030 1e-030 1e-030 3.24022e-065 7.53768e-088 1e-030 0.37439 1e-030 1e-030 1e-030 0.213398 1e-030 1e-030 1e-030 0.412212 
1e-030 1e-030 1e-030 1e-030 1e-030 1e-030 1e-030 1e-030 1e-030 1e-030 1e-030 1e-030 1e-030 0.0186713 1e-030 1e-030 0.297643 0.294914 1e-030 1e-030 0.388771 8.58556e-289 1e-030 3.47924e-038 1e-030 1e-030 1e-030 3.28937e-221 1e-030 1e-030 1e-030 8.48636e-038 
1e-030 1e-030 1e-030 1e-030 1e-030 1e-030 1e-030 1e-030 1e-030 1e-030 1e-030 1e-030 1e-030 0.0655112 0.0232986 1e-030 0.046599 0.117136 0.0232986 0.0698957 0.0252001 0.0232986 1e-030 0.442673 0.0232986 1e-030 0.0232986 0.0465971 1e-030 1e-030 1e-030 0.0698957 
1e-030 1e-030 1e-030 1e-030 1e-030 1e-030 1e-030 1e-030 1e-030 1e-030 1e-030 1e-030 1e-030 1e-030 1e-030 1e-030 1e-030 1e-030 1e-030 1e-030 1e-030 1e-030 1e-030 0.870795 1e-030 1e-030 1e-030 0.129205 1e-030 1e-030 1.75211e-259 4.91037e-007 
1e-030 1e-030 1e-030 1e-030 1e-030 1e-030 1e-030 1e-030 1e-030 1e-030 1e-030 1e-030 1e-030 1e-030 1e-030 1e-030 1e-030 1e-030 1e-030 1e-030 1e-030 1e-030 1e-030 0.184581 1e-030 1e-030 1e-030 4.47792e-010 1e-030 9.58196e-208 0.237922 0.577496 
1e-030 1e-030 1e-030 1e-030 1e-030 1e-030 1e-030 1e-030 1e-030 1e-030 1e-030 1e-030 1e-030 1e-030 1e-030 1e-030 1e-030 1e-030 1e-030 1e-030 1e-030 1e-030 1e-030 0.580797 1.40193e-037 1e-030 1e-030 0.232307 1e-030 0.0290383 0.0980506 0.0598067 
1e-030 1e-030 1e-030 1e-030 1e-030 1e-030 1e-030 1e-030 1e-030 1e-030 1e-030 1e-030 1e-030 1e-030 1e-030 1e-030 0.169037 0.519352 1e-030 1e-030 0.10387 1e-030 0.10387 6.16414e-076 0.10387 1e-030 1.71396e-026 2.80594e-008 1e-030 1e-030 1.4553e-184 1e-030 
1e-030 1e-030 1e-030 1e-030 1e-030 1e-030 1e-030 1e-030 1e-030 1e-030 1e-030 1e-030 1e-030 1e-030 1e-030 1e-030 0.089965 3.26517e-028 0.0379181 1e-030 0.0379181 1e-030 4.60383e-244 0.530854 1e-030 1e-030 0.0379181 1e-030 1e-030 1e-030 0.227509 0.0379181 
1e-030 1e-030 1e-030 1e-030 1e-030 1e-030 1e-030 1e-030 1e-030 1e-030 1e-030 1e-030 1e-030 1e-030 1e-030 1e-030 1e-030 1e-030 1e-030 1e-030 1e-030 1e-030 1e-030 2.5327e-010 1e-030 1e-030 1e-030 1 1e-030 1e-030 3.00489e-040 2.84853e-288 
1e-030 1e-030 1e-030 1e-030 1e-030 1e-030 1e-030 1e-030 1e-030 1e-030 1e-030 1e-030 1e-030 1e-030 1e-030 1e-030 1e-030 1e-030 1e-030 1e-030 9.23497e-283 1e-030 1e-030 0.0126266 1e-030 1e-030 1e-030 0.986618 1e-030 1e-030 0.000755297 3.83309e-127 
1e-030 1e-030 1e-030 1e-030 1e-030 1e-030 1e-030 1e-030 1e-030 1e-030 1e-030 1e-030 1e-030 1e-030 1e-030 1e-030 1.78862e-136 2.16405e-181 1e-030 1e-030 1.84104e-017 1e-030 1e-030 0.752756 1e-030 1e-030 1e-030 0.167967 1e-030 1e-030 0.0396125 0.0396648 
1e-030 1e-030 1e-030 1e-030 1e-030 1e-030 1e-030 0.103065 1e-030 1e-030 1e-030 1e-030 1e-030 0.0717347 1e-030 1e-030 0.103065 0.41226 1e-030 1e-030 0.309195 1e-030 1e-030 1.85089e-020 1e-030 1e-030 1e-030 0.000360842 1e-030 1e-030 0.000320361 6.89256e-069 
1e-030 1e-030 1e-030 1e-030 1e-030 1e-030 1e-030 1.76941e-010 1e-030 1e-030 1e-030 1e-030 1e-030 0.0281633 1e-030 1e-030 0.0647936 0.0863915 0.0215979 1e-030 0.107989 1e-030 1e-030 0.475153 1e-030 1e-030 1e-030 0.0863915 1e-030 0.0215979 0.0863243 0.0215979 
1e-030 1e-030 1e-030 1e-030 1e-030 1e-030 1e-030 1e-030 1e-030 1e-030 1e-030 1e-030 1e-030 1e-030 1e-030 1e-030 1e-030 1e-030 1e-030 1e-030 1e-030 1e-030 1e-030 1e-030 1e-030 1e-030 1e-030 1 1e-030 1e-030 1e-030 1e-030 
1e-030 1e-030 1e-030 1e-030 1e-030 1e-030 1e-030 1e-030 1e-030 1e-030 1e-030 1e-030 1e-030 1e-030 1e-030 1e-030 1e-030 1e-030 1e-030 1e-030 1e-030 1e-030 1e-030 1e-030 1e-030 1e-030 1e-030 1 1e-030 1e-030 1e-030 1e-030 
1e-030 1e-030 1e-030 1e-030 1e-030 1e-030 1e-030 1e-030 1e-030 1e-030 1e-030 1e-030 1e-030 1e-030 1e-030 1e-030 1e-030 7.39218e-231 1e-030 1e-030 1e-030 2.09229e-005 1e-030 0.88819 1e-030 1e-030 1e-030 0.0745262 1e-030 1e-030 1e-030 0.0372631 
1e-030 1e-030 1e-030 1e-030 7.10146e-081 1e-030 1e-030 1e-030 1e-030 1e-030 1e-030 1e-030 1e-030 1e-030 2.80191e-186 1e-030 0.000189629 0.607716 1e-030 1e-030 0.121869 0.124815 1e-030 0.14541 1e-030 1e-030 1e-030 1.04959e-067 1e-030 1e-030 1e-030 3.59391e-124 
1e-030 1e-030 1e-030 1e-030 0.0207656 0.0830626 1e-030 1e-030 1e-030 1e-030 1e-030 1e-030 0.0622969 0.0207656 0.0415313 0.0207656 0.103797 0.0650756 1e-030 0.0207656 0.0212672 0.062297 0.0207656 0.373782 1e-030 1e-030 1e-030 0.0415313 1e-030 1e-030 0.0207656 0.0207656 
1e-030 1e-030 1e-030 1e-030 1e-030 1e-030 1e-030 1e-030 1e-030 1e-030 1e-030 1e-030 1e-030 1e-030 1e-030 1e-030 1e-030 1e-030 1e-030 1e-030 1e-030 1e-030 1e-030 0.8 1e-030 1e-030 1e-030 0.1 1e-030 1e-030 0.1 2.92481e-020 
1e-030 1e-030 1e-030 1e-030 1e-030 1e-030 1e-030 1e-030 1e-030 1e-030 1e-030 1e-030 1e-030 1e-030 1e-030 1e-030 1e-030 1e-030 1e-030 1e-030 1e-030 1e-030 1e-030 1.53076e-007 1e-030 1e-030 1e-030 3.84634e-263 1e-030 1e-030 4.08115e-276 1 
1e-030 1e-030 1e-030 1e-030 1e-030 1e-030 1e-030 1e-030 1e-030 1e-030 1e-030 1e-030 1e-030 1e-030 1e-030 1e-030 6.3297e-294 2.63765e-021 1e-030 1e-030 1e-030 1e-030 1e-030 0.92 1e-030 1e-030 1e-030 0.04 1e-030 1e-030 0.04 3.29532e-025 
1e-030 1e-030 1e-030 1e-030 1e-030 1e-030 1e-030 1e-030 1e-030 1e-030 1e-030 1e-030 1e-030 0.0909091 1e-030 1e-030 0.181818 0.181818 1e-030 1e-030 0.272727 1e-030 1e-030 3.01403e-012 1e-030 1e-030 1e-030 1.4822e-323 1e-030 1e-030 0.272727 7.51127e-107 
1e-030 1e-030 1e-030 1e-030 1e-030 1e-030 1e-030 1e-030 1e-030 1e-030 1e-030 1e-030 1e-030 0.0294118 1e-030 0.0294118 0.117647 0.0882353 1e-030 1e-030 0.147059 0.0294118 1e-030 0.470588 0.0294118 1e-030 1e-030 9.3344e-108 1e-030 1e-030 1.17728e-017 0.0588235 
1e-030 1e-030 1e-030 1e-030 1e-030 1e-030 1e-030 1e-030 1e-030 1e-030 1e-030 1e-030 1e-030 1e-030 1e-030 1e-030 1e-030 1e-030 1e-030 1e-030 1e-030 1e-030 1e-030 0.999999 1e-030 1e-030 1e-030 1.31466e-006 1e-030 1e-030 2.12337e-195 1.02146e-112 
1e-030 1e-030 1e-030 1e-030 1e-030 1e-030 1e-030 1e-030 1e-030 1e-030 1e-030 1e-030 1e-030 1e-030 1e-030 1e-030 1e-030 8.17539e-280 1e-030 1e-030 4.81933e-279 1e-030 4.81933e-279 0.823501 1e-030 1e-030 1e-030 0.175867 1e-030 4.14126e-190 9.6284e-057 0.000631917 
1e-030 1e-030 1e-030 1e-030 1e-030 1e-030 1e-030 1e-030 1e-030 1e-030 1e-030 1e-030 1e-030 1e-030 1e-030 1e-030 1e-030 5.71231e-280 1e-030 1e-030 1.01521e-023 1e-030 4.89289e-298 0.719176 1e-030 1e-030 1e-030 0.158507 1e-030 0.0204012 0.0612037 0.0407123 
1e-030 1e-030 1e-030 1e-030 1e-030 1e-030 1e-030 1e-030 1e-030 1e-030 1e-030 1e-030 1e-030 1e-030 1e-030 1e-030 8.37128e-056 0.428571 1e-030 1e-030 0.142857 1e-030 0.142857 4.79589e-008 1e-030 1e-030 1e-030 2.31295e-249 1e-030 1e-030 0.285714 1e-030 
1e-030 1e-030 1e-030 1e-030 1e-030 1e-030 1e-030 1e-030 1e-030 1e-030 1e-030 1e-030 1e-030 0.05 1e-030 1e-030 0.05 1.05624e-014 1e-030 1e-030 1e-030 1e-030 1.32671e-315 0.55 1e-030 1e-030 1e-030 1e-030 1e-030 1e-030 0.15 0.2 
1e-030 1e-030 1e-030 1e-030 1e-030 1e-030 1e-030 1e-030 1e-030 1e-030 1e-030 1e-030 1e-030 1e-030 1e-030 1e-030 1e-030 1e-030 1e-030 1e-030 1e-030 1e-030 1e-030 0.999173 1e-030 1e-030 1e-030 0.000827497 1e-030 3.03333e-038 1.44264e-070 1.62288e-104 
1e-030 1e-030 1e-030 1e-030 1e-030 1e-030 1e-030 1e-030 1e-030 1e-030 1e-030 1e-030 1e-030 1e-030 1e-030 1e-030 1e-030 7.51999e-167 5.57464e-092 1e-030 1e-030 1e-030 1e-030 0.898362 1e-030 1e-030 1e-030 0.101536 1e-030 0.000101827 4.39618e-008 9.75284e-012 
1e-030 1e-030 1e-030 1e-030 1e-030 1e-030 1e-030 1e-030 1e-030 1e-030 1e-030 1e-030 1e-030 1e-030 1e-030 1e-030 3.38021e-275 1.64955e-041 6.42597e-018 1e-030 1e-030 1e-030 1e-030 0.712434 1e-030 1e-030 1e-030 0.135407 1e-030 0.0253516 0.0507229 0.0760838 
1e-030 1e-030 1e-030 1e-030 1e-030 1e-030 1e-030 1e-030 1e-030 1e-030 1e-030 1e-030 1e-030 1e-030 1e-030 1e-030 0.0451807 0.805246 0.115691 5.09685e-099 1.34332e-056 1e-030 1e-030 0.000856753 1e-030 1e-030 1e-030 0.0317382 1e-030 1.57232e-043 0.00128552 2.12369e-006 
1e-030 1e-030 1e-030 1e-030 1e-030 1e-030 1e-030 1e-030 1e-030 1e-030 1e-030 1e-030 1e-030 1e-030 1e-030 1e-030 0.0525318 0.0339339 0.0652784 0.0326392 0.0979175 1e-030 1e-030 0.293753 1e-030 1e-030 1e-030 2.83912e-016 1e-030 2.96099e-047 0.162833 0.261113 
1e-030 1e-030 1e-030 1e-030 1e-030 1e-030 1e-030 1e-030 1e-030 1e-030 1e-030 1e-030 1e-030 1e-030 1e-030 1e-030 1e-030 1e-030 1e-030 1e-030 1e-030 1e-030 1e-030 0.928637 1e-030 1e-030 1e-030 1.02332e-009 1e-030 1e-030 5.98053e-022 0.0713628 
1e-030 1e-030 1e-030 1e-030 1e-030 1e-030 1e-030 1e-030 1e-030 1e-030 1e-030 1e-030 1e-030 1e-030 1e-030 1e-030 1e-030 1e-030 1e-030 1e-030 1e-030 1e-030 1e-030 0.610207 1e-030 1e-030 1e-030 0.0655245 1e-030 1e-030 1.70514e-006 0.324267 
1e-030 1e-030 1e-030 1e-030 1e-030 1e-030 1e-030 1e-030 1e-030 1e-030 1e-030 1e-030 1e-030 1e-030 1e-030 1e-030 1e-030 1e-030 1e-030 1e-030 1e-030 1e-030 1e-030 0.841429 1e-030 1e-030 1e-030 0.0880574 1e-030 1e-030 0.0408357 0.029678 
1e-030 1e-030 1e-030 1e-030 1e-030 1e-030 1e-030 1e-030 1e-030 1e-030 1e-030 1e-030 1e-030 1e-030 1e-030 1e-030 1e-030 1e-030 1e-030 1e-030 1e-030 1e-030 1e-030 0.999791 1e-030 1e-030 1e-030 0.000209207 1e-030 1e-030 5.23681e-126 1.71681e-027 
1e-030 1e-030 1e-030 1e-030 1e-030 1e-030 1e-030 1e-030 1e-030 1e-030 1e-030 1e-030 1e-030 1e-030 1e-030 1e-030 1e-030 1e-030 1e-030 1e-030 1e-030 1e-030 1e-030 0.993121 1e-030 1e-030 1e-030 0.00687935 1e-030 1e-030 2.11191e-208 1.20353e-032 
1e-030 1e-030 1e-030 1e-030 1e-030 1e-030 1e-030 1e-030 1e-030 1e-030 1e-030 1e-030 1e-030 1e-030 1e-030 1e-030 1e-030 1e-030 1e-030 1e-030 1e-030 1e-030 1e-030 1 1e-030 1e-030 1e-030 1e-030 1e-030 1e-030 1e-030 7.11454e-017 
1e-030 1e-030 1e-030 1e-030 1e-030 1e-030 1e-030 1e-030 1e-030 1e-030 1e-030 1e-030 1e-030 1e-030 1e-030 1e-030 1e-030 1.88773e-289 1e-030 1e-030 1e-030 1e-030 1e-030 1.75651e-007 1e-030 1e-030 1e-030 1.1485e-046 1e-030 1e-030 1e-030 1 
1e-030 1e-030 1e-030 1e-030 1e-030 1e-030 1e-030 1e-030 1e-030 1e-030 1e-030 1e-030 1e-030 1e-030 1e-030 1e-030 1e-030 7.71152e-030 1e-030 1e-030 1e-030 1e-030 1e-030 0.923077 1e-030 1e-030 1e-030 0.0769231 1e-030 1e-030 1e-030 5.17677e-023 
1e-030 1e-030 1e-030 1e-030 1e-030 1e-030 1e-030 0.125 1e-030 1e-030 1e-030 1e-030 1e-030 1e-030 0.125 1e-030 1e-030 0.75 1e-030 1e-030 1e-030 1e-030 1e-030 3.46118e-016 1e-030 1e-030 1e-030 8.69008e-307 1e-030 1e-030 1.53667e-013 8.24808e-219 
1e-030 1e-030 1e-030 1e-030 1e-030 1e-030 1e-030 1.49199e-065 1e-030 1e-030 0.0263158 1e-030 1e-030 1e-030 3.28217e-010 0.0263158 0.0263158 0.157895 0.0789474 1e-030 1e-030 0.0789474 1e-030 0.131579 1e-030 1e-030 1e-030 7.7944e-127 1e-030 1e-030 0.263158 0.210526 
1e-030 1e-030 1e-030 1e-030 1e-030 1e-030 1e-030 1e-030 1e-030 1e-030 1e-030 1e-030 1e-030 1e-030 1e-030 1e-030 1.65553e-251 5.66592e-287 1e-030 1e-030 1.06197e-288 1e-030 1e-030 0.0156727 1e-030 1e-030 1e-030 1.22777e-005 1e-030 1e-030 2.23169e-056 0.984315 
1e-030 1e-030 1e-030 1e-030 1e-030 1e-030 1e-030 1e-030 1e-030 1e-030 1e-030 1e-030 1e-030 1e-030 1e-030 1e-030 3.16153e-319 5.62505e-252 1e-030 1e-030 1.12346e-286 1e-030 1e-030 0.712937 1e-030 1e-030 1e-030 0.287063 1e-030 1e-030 3.92171e-010 5.12447e-045 
1e-030 1e-030 1e-030 1e-030 1e-030 1e-030 1e-030 1e-030 1e-030 1e-030 1e-030 1e-030 1e-030 1e-030 1e-030 1e-030 7.75523e-030 5.01763e-118 1e-030 1e-030 1e-030 1e-030 1e-030 0.844241 1e-030 1e-030 1e-030 0.104145 1e-030 1e-030 0.0282806 0.0233326 
1e-030 1e-030 1e-030 1e-030 1e-030 1e-030 1e-030 1e-030 1e-030 1e-030 1e-030 1e-030 1e-030 1e-030 1e-030 1e-030 0.15637 0.591002 1e-030 1e-030 0.153231 1e-030 1e-030 2.7457e-008 1e-030 1e-030 1e-030 0.0717892 1e-030 1.01023e-163 0.000247909 0.0273595 
1e-030 1e-030 1e-030 1e-030 1e-030 1e-030 1e-030 1e-030 1e-030 1e-030 1e-030 1e-030 1e-030 1e-030 0.0254847 1e-030 0.0254857 0.0820773 0.101939 1e-030 0.102451 1e-030 1e-030 0.101939 0.0254847 1e-030 1e-030 6.98255e-021 1e-030 0.0254847 0.4332 0.0764541 
1e-030 1e-030 1e-030 1e-030 1e-030 1e-030 1e-030 1e-030 1e-030 1e-030 1e-030 1e-030 1e-030 2.1565e-028 1e-030 1e-030 1e-030 1e-030 1e-030 1e-030 1e-030 1e-030 1e-030 0.250003 1e-030 1e-030 1e-030 0.250003 1e-030 1e-030 0.499995 5.96741e-275 
1e-030 1e-030 1e-030 1e-030 1e-030 1e-030 1e-030 1e-030 1e-030 1e-030 1e-030 1e-030 1e-030 0.186035 1e-030 1e-030 1e-030 1.72833e-298 1e-030 1e-030 1e-030 1e-030 1e-030 0.39523 1e-030 1e-030 1e-030 0.054919 1e-030 1e-030 7.65373e-006 0.363808 
1e-030 1e-030 1e-030 1e-030 1e-030 1e-030 1e-030 1e-030 1e-030 1e-030 1e-030 1e-030 1e-030 1.63486e-088 1e-030 1e-030 3.24825e-260 8.38414e-022 1e-030 1e-030 1e-030 1e-030 1e-030 0.834087 1e-030 1e-030 1e-030 0.164361 1e-030 1e-030 1.52515e-196 0.00155151 
1e-030 1e-030 1e-030 1e-030 1e-030 1e-030 1e-030 1e-030 1e-030 1e-030 1e-030 1e-030 1e-030 2.93522e-007 1e-030 1e-030 0.13597 0.864029 1e-030 1e-030 1e-030 1e-030 1e-030 3.82765e-009 1e-030 1e-030 1e-030 3.76323e-121 1e-030 1e-030 7.14113e-040 1e-030 
1e-030 1e-030 1e-030 1e-030 1e-030 1e-030 1e-030 0.0249652 1e-030 1e-030 1e-030 1e-030 1e-030 0.124826 1e-030 0.0249652 0.126219 4.58336e-020 0.0499304 1e-030 0.0499304 1e-030 1e-030 0.174756 1e-030 1e-030 1e-030 0.0249652 1e-030 1e-030 0.374478 0.0249652 
1e-030 1e-030 1e-030 1e-030 1e-030 1e-030 1e-030 1e-030 1e-030 1e-030 1e-030 1e-030 1e-030 1e-030 1e-030 1e-030 1.94315e-306 1.75617e-282 1e-030 1e-030 9.71575e-307 1e-030 1e-030 0.25 1e-030 1e-030 1e-030 4.3721e-023 1e-030 1e-030 0.5 0.25 
1e-030 1e-030 1e-030 1e-030 1e-030 1e-030 1e-030 1e-030 1e-030 1e-030 1e-030 1e-030 1e-030 1e-030 1e-030 1e-030 5.24049e-283 1e-030 1e-030 1e-030 1e-030 1e-030 1e-030 0.236007 1e-030 1e-030 1e-030 0.763993 1e-030 1e-030 9.90795e-015 5.92491e-110 
1e-030 1e-030 1e-030 1e-030 1e-030 1e-030 1e-030 1e-030 1e-030 1e-030 1e-030 1e-030 1e-030 1e-030 1e-030 1e-030 9.26682e-272 4.2194e-062 1e-030 1e-030 1e-030 1e-030 1e-030 0.933496 1e-030 1e-030 1e-030 0.0665044 1e-030 1e-030 1.95789e-215 1e-030 
1e-030 1e-030 1e-030 1e-030 1e-030 1e-030 1e-030 1e-030 1e-030 1e-030 1e-030 1e-030 1e-030 1e-030 1e-030 1e-030 0.29392 0.706014 1e-030 1e-030 6.59036e-005 1e-030 1e-030 1.07867e-038 1e-030 1e-030 1e-030 2.44551e-078 1e-030 1e-030 7.82892e-100 1e-030 
1e-030 1e-030 1e-030 1e-030 1e-030 1e-030 1e-030 1e-030 1e-030 1e-030 1e-030 1e-030 1e-030 0.019855 1e-030 1e-030 0.0663917 0.139417 0.019855 1e-030 0.119122 1e-030 1e-030 0.397099 1e-030 1e-030 1e-030 0.0794198 1e-030 1e-030 0.0992748 0.0595649 
1e-030 1e-030 1e-030 1e-030 1e-030 1e-030 1e-030 1e-030 1e-030 1e-030 1e-030 1e-030 1e-030 1e-030 1e-030 1e-030 6.96715e-229 1.07006e-261 1e-030 1e-030 4.32124e-199 1e-030 1e-030 0.901493 1e-030 1e-030 1e-030 7.11354e-013 1e-030 4.32124e-199 1e-030 0.0985066 
1e-030 1e-030 1e-030 1e-030 1e-030 1e-030 1e-030 1e-030 1e-030 1e-030 1e-030 1e-030 1e-030 1e-030 1e-030 1e-030 8.91175e-200 3.43462e-229 1e-030 1e-030 1e-030 1e-030 1e-030 0.690563 1e-030 1e-030 1e-030 0.071119 1e-030 1.00301e-139 8.58686e-321 0.238318 
1e-030 1e-030 1e-030 1e-030 1e-030 1e-030 1e-030 1e-030 1e-030 1e-030 1e-030 1e-030 1e-030 1e-030 1e-030 1e-030 3.68523e-125 8.64579e-155 1e-030 1e-030 6.61527e-028 1e-030 1e-030 0.863535 1e-030 1e-030 1e-030 0.135927 1e-030 1.45225e-006 1.25536e-246 0.000536125 
1e-030 1e-030 1e-030 1e-030 1e-030 1e-030 1e-030 1e-030 1e-030 1e-030 1e-030 1e-030 1e-030 1e-030 1e-030 1e-030 0.166642 0.499921 1e-030 1e-030 0.166642 1e-030 1e-030 5.51796e-006 1e-030 1e-030 1e-030 7.9318e-238 1e-030 0.166631 0.000158885 1.60965e-040 
1e-030 1e-030 1e-030 1e-030 1e-030 1e-030 1e-030 1e-030 1e-030 1e-030 1e-030 1e-030 1e-030 1e-030 1e-030 1e-030 2.8152e-048 1.63268e-006 1e-030 1e-030 8.22272e-123 1e-030 1e-030 0.35296 1e-030 1e-030 1e-030 1e-030 1e-030 6.27069e-285 0.352904 0.294134 
1e-030 1e-030 1e-030 1e-030 1e-030 1e-030 1e-030 1e-030 1e-030 1e-030 1e-030 1e-030 1e-030 6.92654e-178 1e-030 1e-030 1e-030 4.24749e-174 1e-030 1e-030 1.41583e-174 1e-030 1e-030 0.32056 1e-030 1e-030 1e-030 0.155143 1e-030 1e-030 0.524297 3.91919e-206 
1e-030 1e-030 1e-030 1e-030 1e-030 1e-030 1e-030 1e-030 1e-030 1e-030 1e-030 1e-030 1e-030 1.63694e-174 1e-030 1e-030 1e-030 9.04784e-305 1e-030 1e-030 6.78354e-134 1e-030 1e-030 0.498403 1e-030 1e-030 1e-030 0.501581 1e-030 1e-030 1.55957e-005 9.2639e-203 
1e-030 1e-030 1e-030 1e-030 1e-030 1e-030 1e-030 1e-030 1e-030 1e-030 1e-030 1e-030 1e-030 1e-030 1e-030 1e-030 1e-030 1.33856e-048 1e-030 1e-030 7.18077e-012 1e-030 1e-030 0.814125 1e-030 1e-030 1e-030 0.185875 1e-030 1e-030 9.91418e-021 2.77792e-194 
1e-030 1e-030 1e-030 1e-030 1e-030 1e-030 1e-030 1e-030 1e-030 1e-030 1e-030 1e-030 1e-030 0.167962 1e-030 1e-030 1e-030 0.619115 1e-030 1e-030 0.20773 1e-030 1e-030 0.00130813 1e-030 1e-030 1e-030 1.33021e-031 1e-030 1e-030 0.00388482 3.2328e-020 
1e-030 1e-030 1e-030 1e-030 1e-030 1e-030 1e-030 1e-030 1e-030 1e-030 1e-030 1e-030 1e-030 0.0269603 1e-030 0.0226283 0.0905134 0.0457006 0.0226283 0.0226283 0.067885 1e-030 1e-030 0.113142 0.0226283 1e-030 1e-030 0.113142 1e-030 1e-030 0.180604 0.27154 
