32 24 32 24 31 24 24 24 18 18 18 31 21 30 31 31 31 31 32 32 32 24 24 24 32 32 32 28 19 19 20 19 19 21 21 21 18 18 18 17 17 17 17 8 15 25 25 32 24 24 24 24 31 24 24 24 24 24 32 24 24 24 24 24 24 24 24 24 24 24 24 24 32 24 24 24 28 24 24 32 24 24 24 24 24 
32 28 28 28 28 32 24 24 32 24 30 24 24 24 32 31 17 14 23 31 18 18 21 31 31 31 31 31 31 32 24 32 31 31 32 32 32 32 32 24 21 21 21 18 21 21 14 17 18 14 14 17 17 22 28 31 31 31 31 31 30 32 32 32 32 31 24 32 32 32 24 32 32 32 32 32 31 32 31 32 32 24 32 28 32 
5 4 15 31 32 32 32 32 32 32 32 32 32 32 32 31 28 32 32 32 32 32 32 32 21 18 31 31 18 31 8 31 32 32 31 31 31 31 32 32 32 24 32 32 32 32 32 32 23 32 32 32 19 18 21 18 18 14 17 18 31 14 19 14 18 28 28 31 30 31 32 31 31 31 31 28 28 31 32 28 32 31 32 31 32 
31 31 28 24 28 32 32 28 32 32 28 31 31 31 32 32 31 28 31 32 18 21 21 18 18 18 18 17 15 32 31 31 32 31 31 32 31 32 31 32 32 32 32 32 32 32 32 32 32 31 32 32 32 18 21 21 18 18 18 17 8 19 18 17 17 17 25 31 31 31 31 31 31 32 32 32 31 32 32 32 32 32 24 32 32 
31 31 32 28 28 24 32 32 32 24 24 32 32 32 24 24 32 24 32 24 32 24 24 28 28 21 24 29 18 18 18 8 32 31 32 31 32 32 32 31 31 31 31 24 32 32 32 24 32 28 21 24 21 21 19 21 17 17 14 19 14 19 19 20 22 24 24 24 24 24 24 24 24 24 24 24 28 24 24 24 24 24 24 32 24 
28 28 28 24 24 24 24 24 24 28 24 24 24 24 32 24 24 24 24 24 24 24 24 24 24 24 24 24 28 21 17 18 24 18 18 18 8 31 31 32 31 31 32 32 32 32 32 31 32 32 32 32 32 32 21 21 21 21 21 19 19 17 18 18 14 14 20 20 22 24 24 32 24 24 24 28 24 24 24 24 24 24 28 24 24 
31 31 31 32 24 24 24 24 24 24 24 24 24 24 24 24 24 24 28 24 24 24 24 24 24 24 24 24 18 26 18 21 18 18 18 31 31 31 32 32 32 32 31 32 32 32 32 32 32 32 32 32 32 32 32 32 24 21 21 21 18 18 14 17 14 14 17 19 19 6 17 17 25 18 28 28 28 28 24 28 24 24 31 24 24 
28 28 28 28 28 24 24 24 24 24 24 28 24 24 28 24 24 24 24 24 24 24 24 24 24 26 14 21 18 18 15 32 32 32 32 32 32 32 32 32 32 32 32 32 24 24 24 24 24 32 24 32 32 24 24 32 19 19 19 18 18 18 18 18 19 18 18 21 18 30 16 28 22 28 24 24 24 24 24 24 24 24 24 24 24 
32 6 31 2 31 32 32 32 28 28 24 28 28 24 28 24 24 24 24 32 24 24 32 24 24 31 24 24 32 18 18 18 18 18 14 17 24 31 31 32 31 31 31 31 31 32 32 24 24 32 31 31 31 24 32 32 32 21 21 21 21 17 19 21 17 14 17 18 24 18 28 28 24 24 28 24 24 32 24 24 24 32 32 32 24 
28 24 24 24 28 24 32 24 24 24 32 24 24 28 24 24 24 24 24 24 24 32 24 24 24 31 28 24 24 31 24 24 24 24 24 24 24 24 24 24 24 28 15 8 15 32 28 10 28 24 24 24 24 24 24 24 24 24 24 24 24 24 28 24 24 28 24 24 32 24 24 24 24 24 24 24 28 24 28 23 19 18 18 18 18 
24 24 24 24 24 24 24 24 24 24 24 24 24 24 30 31 24 24 24 28 24 32 32 24 24 24 24 24 32 24 24 31 24 24 24 24 24 24 24 24 24 24 24 24 24 24 24 24 24 32 32 24 30 31 30 24 24 24 24 28 28 24 24 24 24 24 24 24 24 24 24 17 18 18 18 17 8 31 32 32 32 32 32 32 32 
24 24 24 24 24 24 32 31 24 28 28 28 24 24 24 24 24 32 31 24 24 24 24 24 24 24 24 24 32 32 32 24 24 28 24 24 24 24 24 24 24 24 24 24 24 24 24 24 24 30 24 28 29 21 23 18 31 18 18 18 31 31 31 32 32 31 32 32 32 31 32 31 31 32 32 32 32 32 32 32 32 24 32 32 32 
24 24 24 24 28 32 32 32 28 24 24 24 24 24 24 24 24 24 24 24 24 24 24 32 32 24 24 24 24 24 24 32 24 32 24 28 24 30 24 24 24 24 21 21 18 21 18 21 32 31 32 31 32 32 31 31 32 32 32 31 32 32 31 31 32 32 32 32 32 32 32 32 32 32 32 32 32 19 17 17 17 14 19 17 17 
24 24 24 24 24 32 24 24 28 24 24 24 24 24 24 24 24 32 28 24 24 31 32 32 31 24 24 24 24 24 24 24 24 24 24 24 24 24 24 24 24 24 24 24 24 24 28 28 24 24 24 24 24 24 28 24 24 28 24 24 24 24 24 24 24 24 24 24 25 29 31 31 18 18 18 21 31 32 31 32 32 32 32 32 32 
31 31 32 32 30 17 18 17 14 17 19 17 17 14 14 18 17 31 31 18 21 18 18 30 32 31 31 32 32 32 32 32 31 31 31 31 31 31 24 24 31 24 24 32 32 32 32 17 19 19 20 21 18 18 18 18 17 14 17 14 28 32 19 28 30 28 28 30 32 31 30 32 32 32 24 32 32 32 32 24 31 32 28 32 28 
28 28 28 28 28 32 32 32 32 32 32 28 31 32 32 32 32 32 32 32 28 32 31 32 18 18 18 21 18 18 21 17 14 31 31 32 32 32 32 32 32 32 31 32 32 24 24 24 24 24 32 32 32 32 21 18 21 21 21 18 19 14 18 21 17 8 15 14 25 15 31 31 31 31 15 25 32 32 31 31 32 31 32 28 31 
31 28 28 28 28 28 22 28 32 28 24 32 28 32 32 24 32 24 28 32 24 24 24 24 24 32 28 32 32 28 32 24 21 21 17 17 17 18 18 21 18 21 14 32 32 24 24 24 24 24 24 24 24 24 24 24 24 24 24 24 24 24 22 28 19 20 20 20 18 21 18 18 18 17 14 17 18 14 27 15 28 32 24 25 24 
24 24 24 28 24 24 24 24 32 24 32 32 31 32 31 28 28 31 24 24 31 24 32 24 31 24 24 30 28 24 28 32 24 24 24 28 28 24 24 24 28 24 24 24 24 24 24 24 28 25 17 18 18 18 18 21 23 18 17 27 31 31 31 31 31 32 24 24 24 24 24 24 24 24 24 24 24 31 24 24 24 21 19 17 17 
28 28 28 28 24 31 24 24 24 24 24 24 24 24 28 24 24 24 28 24 24 24 32 28 24 24 24 24 28 21 17 21 18 18 21 18 18 8 14 31 24 32 24 31 31 31 24 24 24 24 24 24 24 24 24 24 24 24 21 18 21 21 21 19 18 17 17 18 21 17 18 14 28 28 28 30 28 24 24 24 24 24 24 24 24 
28 28 24 24 24 24 24 24 24 24 24 28 24 24 32 24 24 24 24 24 24 24 24 24 24 24 28 24 24 22 24 18 18 18 18 21 18 17 5 15 31 24 24 24 24 32 24 24 24 24 24 24 24 24 24 22 22 22 23 21 17 17 17 6 6 6 6 16 13 13 14 13 17 18 15 18 18 28 20 24 24 28 24 24 24 
24 24 24 28 31 24 24 24 24 24 32 32 32 32 32 24 24 24 24 24 24 24 24 24 24 28 24 24 24 24 24 24 24 31 24 24 24 24 24 24 18 17 21 31 21 21 18 14 17 31 31 24 32 32 24 24 24 24 24 24 24 24 24 24 24 24 24 24 24 21 22 21 21 21 21 18 17 18 17 18 14 17 17 16 25 
24 24 24 24 28 24 24 24 24 24 28 24 24 24 24 32 24 24 24 24 31 31 31 24 24 24 24 24 28 24 24 28 24 24 24 28 32 24 28 24 30 24 24 24 24 28 24 24 24 24 28 24 24 28 24 24 24 24 21 23 18 31 31 18 18 24 17 14 31 32 32 31 24 32 32 24 24 31 24 24 24 24 24 24 24 
24 24 24 24 24 24 24 28 24 24 28 24 24 24 24 30 24 24 31 24 24 32 28 32 24 24 24 24 24 28 31 24 24 24 24 24 24 24 24 24 24 24 32 28 24 28 19 18 18 18 18 18 18 18 17 31 31 31 31 32 32 32 32 31 32 32 24 24 24 24 24 24 32 32 24 24 24 21 19 19 20 21 21 18 17 
24 24 24 32 24 24 24 24 32 32 28 24 24 24 24 24 24 31 28 24 24 24 24 24 24 24 24 31 31 28 24 24 24 24 32 24 24 28 24 24 24 24 28 32 24 24 24 24 24 24 24 28 24 24 24 24 24 24 24 24 24 24 24 24 24 24 24 24 24 24 28 24 24 24 24 24 24 24 24 24 24 24 24 24 24 
24 24 24 24 24 24 24 24 32 32 32 32 32 24 28 24 24 24 24 24 24 28 24 24 24 24 24 24 24 24 24 24 24 24 24 24 24 24 24 18 18 18 18 18 18 8 15 31 31 31 31 31 31 31 31 32 32 31 32 31 24 24 24 24 32 24 32 32 32 32 22 22 22 18 18 18 18 18 17 19 19 19 18 11 16 
32 24 28 24 24 24 24 24 24 28 24 24 24 24 24 31 24 24 24 24 28 24 24 24 24 24 24 24 24 24 24 24 24 28 24 24 24 24 32 28 17 18 18 21 18 18 31 31 31 31 31 31 31 31 31 31 31 31 31 31 24 31 31 31 24 24 24 32 32 32 30 18 21 21 21 21 18 18 19 19 19 19 17 15 25 
24 28 31 31 14 32 24 24 32 28 24 24 24 24 24 24 28 24 24 24 24 24 24 24 24 28 24 28 24 24 24 24 24 24 28 24 24 24 18 18 18 18 18 18 17 17 14 31 31 31 31 31 31 31 31 31 31 32 31 31 31 31 31 24 24 24 28 21 21 19 19 17 17 14 14 14 8 14 17 16 17 24 24 24 24 
24 32 31 31 28 28 24 28 24 24 24 24 24 24 24 28 24 24 24 24 24 24 24 24 24 24 24 24 24 18 18 18 18 17 17 21 31 31 31 31 24 24 24 32 32 31 24 24 32 24 24 24 24 24 24 24 24 24 24 28 21 21 21 21 21 18 18 18 18 18 18 17 14 17 19 18 17 24 24 28 24 28 24 24 28 
24 24 24 32 24 24 24 24 32 32 28 24 24 24 24 32 24 24 24 24 24 24 28 24 24 24 24 24 24 24 28 24 24 28 24 24 24 24 24 28 24 24 24 28 24 28 24 24 24 24 24 24 24 24 24 24 24 24 24 24 24 24 30 21 17 18 18 18 31 31 31 32 32 31 32 31 32 32 31 24 24 24 24 24 24 
31 24 31 28 24 24 31 31 31 28 28 28 24 24 24 24 24 28 28 28 24 24 24 28 24 24 24 24 28 24 24 24 24 24 24 24 21 18 18 18 14 31 31 31 32 31 31 31 32 31 31 32 32 32 32 32 32 32 32 32 24 24 32 21 28 21 19 18 17 17 17 18 17 21 14 16 28 20 28 28 25 24 24 28 24 
