0.72958 0.27042 0 0 0 
0 0.838219 0.161781 0 0 
0 0 0.891912 0.108088 0 
0 0 0 0.936985 0.0630153 
0 0 0 0 1 
0.72958 0.27042 0 0 0 
0 0.838219 0.161781 0 0 
0 0 0.891912 0.108088 0 
0 0 0 0.936985 0.0630153 
0 0 0 0 1 
0.715349 0.284651 0 0 0 
0 0.854544 0.145456 0 0 
0 0 0.942639 0.057361 0 
0 0 0 0.877734 0.122266 
0 0 0 0 1 
0.642363 0.357637 0 0 0 
0 0.843579 0.156421 0 0 
0 0 0.746359 0.253641 0 
0 0 0 0.962315 0.0376853 
0 0 0 0 1 
0.666667 0.333333 0 0 0 
0 0.75 0.25 0 0 
0 0 0.895268 0.104732 0 
0 0 0 0.933945 0.0660546 
0 0 0 0 1 
0.760666 0.239334 0 0 0 
0 0.791351 0.208649 0 0 
0 0 0.957323 0.0426772 0 
0 0 0 0.946003 0.0539971 
0 0 0 0 1 
0.334221 0.665779 0 0 0 
0 0.953631 0.0463694 0 0 
0 0 0.908526 0.0914741 0 
0 0 0 0.941025 0.0589749 
0 0 0 0 1 
0.701159 0.298841 0 0 0 
0 0.851831 0.148169 0 0 
0 0 0.843196 0.156804 0 
0 0 0 0.969977 0.0300227 
0 0 0 0 1 
0.861349 0.138651 0 0 0 
0 0.88952 0.11048 0 0 
0 0 0.85566 0.14434 0 
0 0 0 0.965197 0.0348032 
0 0 0 0 1 
0 1 0 0 0 
0 0.875 0.125 0 0 
0 0 2.55427e-045 1 0 
0 0 0 0.9614 0.0386 
0 0 0 0 1 
0 1 0 0 0 
0 0.957697 0.042303 0 0 
0 0 0.875747 0.124253 0 
0 0 0 0.959646 0.0403544 
0 0 0 0 1 
0.749355 0.250645 0 0 0 
0 0.857236 0.142764 0 0 
0 0 0.963797 0.0362034 0 
0 0 0 0.924862 0.0751381 
0 0 0 0 1 
0 1 0 0 0 
0 0.597598 0.402402 0 0 
0 0 0.900314 0.0996858 0 
0 0 0 0.97867 0.0213298 
0 0 0 0 1 
9.00111e-024 1 0 0 0 
0 0.94484 0.0551599 0 0 
0 0 0.930613 0.0693872 0 
0 0 0 0.930342 0.0696584 
0 0 0 0 1 
0.872939 0.127061 0 0 0 
0 0.915339 0.0846609 0 0 
0 0 0.698611 0.301389 0 
0 0 0 0.888054 0.111946 
0 0 0 0 1 
0.500002 0.499998 0 0 0 
0 0.923077 0.0769231 0 0 
0 0 0.897566 0.102434 0 
0 0 0 0.970639 0.0293612 
0 0 0 0 1 
0.778455 0.221545 0 0 0 
0 0.959642 0.0403578 0 0 
0 0 0.962962 0.0370378 0 
0 0 0 0.996578 0.00342166 
0 0 0 0 1 
0.754011 0.245989 0 0 0 
0 0.948602 0.0513981 0 0 
0 0 0.911207 0.088793 0 
0 0 0 0.967848 0.0321517 
0 0 0 0 1 
0.703283 0.296717 0 0 0 
0 0.919939 0.0800607 0 0 
0 0 0.805419 0.194581 0 
0 0 0 0.98 0.02 
0 0 0 0 1 
0.909351 0.0906492 0 0 0 
0 0.888498 0.111502 0 0 
0 0 0 1 0 
0 0 0 0.959247 0.0407526 
0 0 0 0 1 
0.725027 0.274973 0 0 0 
0 0.818085 0.181915 0 0 
0 0 0.892113 0.107887 0 
0 0 0 0.961117 0.038883 
0 0 0 0 1 
0.608788 0.391212 0 0 0 
0 0.854765 0.145235 0 0 
0 0 0.894668 0.105332 0 
0 0 0 0.963743 0.0362572 
0 0 0 0 1 
0 1 0 0 0 
0 0.929551 0.070449 0 0 
0 0 0.871293 0.128707 0 
0 0 0 0.961302 0.0386979 
0 0 0 0 1 
0.499395 0.500605 0 0 0 
0 0.00318553 0.996814 0 0 
0 0 0.844971 0.155029 0 
0 0 0 0.972188 0.0278116 
0 0 0 0 1 
0.774393 0.225607 0 0 0 
0 0.875737 0.124263 0 0 
0 0 0.802285 0.197715 0 
0 0 0 0.973214 0.0267857 
0 0 0 0 1 
0.474926 0.525074 0 0 0 
0 0.901987 0.0980131 0 0 
0 0 0.925692 0.0743078 0 
0 0 0 0.980827 0.0191732 
0 0 0 0 1 
0.857042 0.142958 0 0 0 
0 0.889013 0.110987 0 0 
0 0 0.921449 0.0785508 0 
0 0 0 0.956872 0.0431278 
0 0 0 0 1 
0.385538 0.614462 0 0 0 
0 0.969447 0.030553 0 0 
0 0 0.869154 0.130846 0 
0 0 0 0.941176 0.0588235 
0 0 0 0 1 
0.874029 0.125971 0 0 0 
0 0.480027 0.519973 0 0 
0 0 0.957524 0.0424765 0 
0 0 0 0.935075 0.0649247 
0 0 0 0 1 
0.909091 0.0909091 0 0 0 
0 0.487497 0.512503 0 0 
0 0 0.865618 0.134382 0 
0 0 0 0.979662 0.0203383 
0 0 0 0 1 
