1e-030 1e-030 1e-030 1e-030 1e-030 1e-030 1e-030 1e-030 1e-030 1e-030 1e-030 1e-030 1e-030 1e-030 1.3711e-107 1e-030 1e-030 5.36044e-275 1e-030 1e-030 2.53961e-273 2.49167e-275 1e-030 0.000777969 1e-030 1e-030 1e-030 2.52208e-008 1e-030 1e-030 2.17617e-032 0.999222 
1e-030 1e-030 1e-030 1e-030 1e-030 1e-030 1e-030 1e-030 1e-030 1e-030 1e-030 1e-030 1e-030 1e-030 4.40678e-041 1e-030 1e-030 1.45521e-273 1e-030 1e-030 1e-030 1.71627e-275 1e-030 0.601704 1e-030 1e-030 1e-030 0.162488 1e-030 1e-030 0.0409107 0.194898 
1e-030 1e-030 1e-030 1e-030 1e-030 1e-030 1e-030 1e-030 1e-030 1e-030 1e-030 1e-030 1e-030 1e-030 5.86051e-006 1e-030 1e-030 8.26387e-108 1e-030 1e-030 2.51216e-041 1e-030 1e-030 0.0300357 1e-030 1e-030 1e-030 0.102243 1e-030 1e-030 0.0800283 0.787687 
1e-030 1e-030 1e-030 1e-030 1e-030 1e-030 1e-030 1e-030 1e-030 1e-030 1e-030 1e-030 1e-030 1e-030 0.0630119 1e-030 1e-030 1.77517e-013 1e-030 1e-030 2.48607e-005 2.78899e-045 1e-030 2.12129e-008 1e-030 1e-030 1e-030 0.00313263 1e-030 1e-030 0.189447 0.744383 
1e-030 1e-030 1e-030 1e-030 1e-030 1e-030 1e-030 1e-030 1e-030 1e-030 1e-030 1e-030 1e-030 0.02 3.5566e-039 1e-030 0.1 0.02 1e-030 1e-030 0.119992 0.0800001 0.02 0.34 1e-030 1e-030 1e-030 0.1 1e-030 0.02 6.96577e-006 0.18 
1e-030 1e-030 1e-030 1e-030 1e-030 1e-030 1e-030 1e-030 1e-030 1e-030 1e-030 1e-030 1e-030 1e-030 1.3711e-107 1e-030 1e-030 5.36044e-275 1e-030 1e-030 2.53961e-273 2.49167e-275 1e-030 0.000777969 1e-030 1e-030 1e-030 2.52208e-008 1e-030 1e-030 2.17617e-032 0.999222 
1e-030 1e-030 1e-030 1e-030 1e-030 1e-030 1e-030 1e-030 1e-030 1e-030 1e-030 1e-030 1e-030 1e-030 4.40678e-041 1e-030 1e-030 1.45521e-273 1e-030 1e-030 1e-030 1.71627e-275 1e-030 0.601704 1e-030 1e-030 1e-030 0.162488 1e-030 1e-030 0.0409107 0.194898 
1e-030 1e-030 1e-030 1e-030 1e-030 1e-030 1e-030 1e-030 1e-030 1e-030 1e-030 1e-030 1e-030 1e-030 5.86051e-006 1e-030 1e-030 8.26387e-108 1e-030 1e-030 2.51216e-041 1e-030 1e-030 0.0300357 1e-030 1e-030 1e-030 0.102243 1e-030 1e-030 0.0800283 0.787687 
1e-030 1e-030 1e-030 1e-030 1e-030 1e-030 1e-030 1e-030 1e-030 1e-030 1e-030 1e-030 1e-030 1e-030 0.0630119 1e-030 1e-030 1.77517e-013 1e-030 1e-030 2.48607e-005 2.78899e-045 1e-030 2.12129e-008 1e-030 1e-030 1e-030 0.00313263 1e-030 1e-030 0.189447 0.744383 
1e-030 1e-030 1e-030 1e-030 1e-030 1e-030 1e-030 1e-030 1e-030 1e-030 1e-030 1e-030 1e-030 0.02 3.5566e-039 1e-030 0.1 0.02 1e-030 1e-030 0.119992 0.0800001 0.02 0.34 1e-030 1e-030 1e-030 0.1 1e-030 0.02 6.96577e-006 0.18 
1e-030 1e-030 1e-030 1e-030 1e-030 1e-030 1e-030 1e-030 1e-030 1e-030 1e-030 1e-030 1e-030 1e-030 1e-030 1e-030 1e-030 1e-030 1e-030 1e-030 1e-030 1e-030 1e-030 1.40736e-009 1e-030 1e-030 1e-030 0.853952 1e-030 1e-030 2.5455e-035 0.146048 
1e-030 1e-030 1e-030 1e-030 1e-030 1e-030 1e-030 1e-030 1e-030 1e-030 1e-030 1e-030 1e-030 1e-030 1e-030 1e-030 2.96412e-084 1e-030 1e-030 1e-030 1e-030 1e-030 1e-030 0.436369 1e-030 1e-030 1e-030 1.51825e-007 8.01937e-210 1e-030 0.290913 0.272718 
1e-030 1e-030 1e-030 1e-030 1e-030 1e-030 1e-030 1e-030 1e-030 1e-030 1e-030 1e-030 1e-030 1e-030 1e-030 1e-030 0.057361 1e-030 1e-030 1e-030 1e-030 1e-030 1e-030 2.63904e-008 1e-030 1e-030 1e-030 0.057361 6.2357e-234 1e-030 6.76661e-010 0.885278 
1e-030 1e-030 1e-030 1e-030 1e-030 1e-030 1e-030 1e-030 1e-030 1e-030 1e-030 1e-030 1e-030 1e-030 1e-030 1e-030 8.29089e-051 1e-030 1e-030 1e-030 3.18154e-149 1e-030 1e-030 5.70306e-005 1e-030 1e-030 1e-030 4.99883e-081 0.122255 1e-030 0.733594 0.144095 
1e-030 1e-030 1e-030 1e-030 1e-030 1e-030 1e-030 1e-030 1e-030 1e-030 1e-030 1e-030 1e-030 0.0204083 1e-030 0.0612249 0.0408166 0.0408166 1e-030 1e-030 0.0816332 0.0204083 1e-030 0.24489 1e-030 1e-030 1e-030 0.0612249 1.94899e-006 1e-030 0.0612255 0.36735 
1e-030 1e-030 1e-030 1e-030 1e-030 1e-030 1e-030 1e-030 1e-030 1e-030 1e-030 1e-030 1e-030 1e-030 1e-030 1e-030 1e-030 1e-030 1e-030 1e-030 1e-030 1e-030 1e-030 1.41138e-282 1e-030 1e-030 1e-030 3.50757e-008 1e-030 1e-030 1e-030 1 
1e-030 1e-030 1e-030 1e-030 1e-030 1e-030 1e-030 1e-030 1e-030 1e-030 1e-030 1e-030 1e-030 1e-030 1e-030 1e-030 1e-030 1e-030 1e-030 1e-030 1e-030 1e-030 1e-030 2.49479e-034 1e-030 1e-030 1e-030 0.156421 1e-030 1e-030 1e-030 0.843579 
1e-030 1e-030 1e-030 1e-030 1e-030 1e-030 1e-030 1e-030 1e-030 1e-030 1e-030 1e-030 1e-030 1e-030 1e-030 1e-030 1e-030 1e-030 5.90279e-196 1e-030 1.18056e-195 1e-030 1e-030 0.253641 1e-030 1e-030 1e-030 2.53915e-034 1e-030 1e-030 3.14406e-019 0.746359 
1e-030 1e-030 1e-030 1e-030 1e-030 1e-030 1e-030 1e-030 1e-030 1e-030 1e-030 1e-030 1e-030 1e-030 1e-030 1e-030 1e-030 1e-030 2.22366e-217 1e-030 4.59166e-040 1e-030 1e-030 1.16251e-037 1e-030 1e-030 1e-030 5.7312e-101 1e-030 1e-030 0.216908 0.783092 
1e-030 1e-030 1e-030 1e-030 1e-030 1e-030 1e-030 1e-030 1e-030 1e-030 1e-030 1e-030 1e-030 1e-030 1e-030 1e-030 0.0441182 0.0220591 0.220591 1e-030 0.132355 0.0220591 1e-030 0.198532 0.0220591 0.0220591 1e-030 0.0441182 1e-030 0.0220591 0.0495056 0.200485 
1e-030 1e-030 1e-030 1e-030 1e-030 1e-030 1e-030 1e-030 1e-030 1e-030 1e-030 1e-030 1e-030 1e-030 1e-030 1e-030 1e-030 1e-030 1e-030 1e-030 1e-030 1e-030 1e-030 6.20792e-017 1e-030 1e-030 1e-030 5.79884e-084 1e-030 1.12435e-144 0.333333 0.666667 
1e-030 1e-030 1e-030 1e-030 1e-030 1e-030 1e-030 1e-030 1e-030 1e-030 1e-030 1e-030 1e-030 1e-030 1e-030 1e-030 1e-030 1e-030 1e-030 1e-030 1.37169e-285 1e-030 1e-030 0.75 1e-030 1e-030 1e-030 0.25 1e-030 3.99005e-291 2.24276e-168 2.90742e-007 
1e-030 1e-030 1e-030 1e-030 1e-030 1e-030 1e-030 1e-030 1e-030 1e-030 1e-030 1e-030 1e-030 1e-030 1e-030 1e-030 1e-030 1e-030 1e-030 1e-030 1.00601e-256 1e-030 1e-030 5.17192e-188 1e-030 1e-030 1e-030 2.34405e-011 1e-030 7.40753e-021 2.1421e-106 1 
1e-030 1e-030 1e-030 1e-030 1e-030 1e-030 1e-030 1e-030 1e-030 1e-030 1e-030 1e-030 1e-030 1e-030 1e-030 1e-030 1e-030 1e-030 1e-030 1e-030 3.20074e-086 1e-030 1e-030 0.0160138 1e-030 1e-030 1e-030 1.37892e-044 1e-030 0.132109 0.278142 0.573735 
1e-030 1e-030 1e-030 1e-030 1e-030 1e-030 1e-030 1e-030 1e-030 1e-030 1e-030 1e-030 1e-030 1e-030 1e-030 0.0562716 0.0937861 1e-030 0.0562716 1e-030 0.1313 1e-030 1e-030 0.258054 1e-030 1e-030 1e-030 0.0375144 1e-030 1.46366e-203 0.071075 0.295727 
1e-030 1e-030 1e-030 1e-030 1e-030 1e-030 1e-030 1e-030 1e-030 1e-030 1e-030 1e-030 1e-030 1e-030 1e-030 1e-030 1e-030 1e-030 1e-030 1e-030 1e-030 1e-030 1e-030 1.06723e-010 1e-030 1e-030 1e-030 0.148004 1e-030 6.24219e-005 2.99252e-048 0.851934 
1e-030 1e-030 1e-030 1e-030 1e-030 1e-030 1e-030 1e-030 1e-030 1e-030 1e-030 1e-030 1e-030 1e-030 1e-030 1e-030 1e-030 1.64547e-272 1e-030 1e-030 1e-030 1e-030 1e-030 0.00426983 1e-030 1e-030 1e-030 0.109051 1e-030 0.0611223 9.42719e-016 0.825556 
1e-030 1e-030 1e-030 1e-030 1e-030 1e-030 1e-030 1e-030 1e-030 1e-030 1e-030 1e-030 1e-030 1e-030 1e-030 1e-030 1e-030 1.77719e-090 1e-030 1e-030 2.4885e-169 1e-030 1e-030 0.127104 1e-030 1e-030 1e-030 0.1166 1e-030 0.0301641 0.0013672 0.724765 
1e-030 1e-030 1e-030 1e-030 1e-030 1e-030 1e-030 1e-030 1e-030 1e-030 1e-030 1e-030 1e-030 1e-030 1e-030 1e-030 1e-030 0.000217905 1.2627e-131 1e-030 1.17841e-010 2.17771e-048 1e-030 6.88951e-005 1e-030 1e-030 1e-030 0.0068475 1e-030 2.89961e-016 0.479826 0.513039 
1e-030 1e-030 1e-030 1e-030 1e-030 1e-030 1e-030 1e-030 1e-030 1e-030 1e-030 1e-030 1e-030 1e-030 1e-030 1e-030 0.293446 0.11726 0.117379 1e-030 0.0880339 0.0586893 1e-030 0.205412 1e-030 1e-030 1e-030 0.0293446 1e-030 3.92116e-094 0.0317456 0.0586894 
1e-030 1e-030 1e-030 1e-030 1e-030 1e-030 1e-030 1e-030 1e-030 1e-030 1e-030 1e-030 1e-030 1e-030 1e-030 1e-030 1e-030 1e-030 1e-030 1e-030 1e-030 1e-030 1e-030 1.07484e-026 1e-030 1e-030 1e-030 1 1e-030 1e-030 1e-030 1e-030 
1e-030 1e-030 1e-030 1e-030 1e-030 1e-030 1e-030 1e-030 1e-030 1e-030 1e-030 1e-030 1e-030 1e-030 1e-030 1e-030 1e-030 1e-030 1e-030 1e-030 1e-030 1e-030 1e-030 0.556433 1e-030 1e-030 1e-030 0.347678 1e-030 0.0463694 1.12296e-270 0.0495197 
1e-030 1e-030 1e-030 1e-030 1e-030 1e-030 1e-030 1e-030 1e-030 1e-030 1e-030 1e-030 1e-030 1e-030 1e-030 1e-030 1e-030 1e-030 1e-030 1e-030 1e-030 1e-030 1e-030 4.93264e-032 1e-030 1e-030 1e-030 0.0914741 1e-030 0.091474 5.56491e-040 0.817052 
1e-030 1e-030 1e-030 1e-030 1e-030 1e-030 1e-030 1e-030 1e-030 1e-030 1e-030 1e-030 1e-030 1e-030 1e-030 1e-030 1e-030 1e-030 1e-030 1e-030 1e-030 1e-030 1e-030 8.43348e-194 7.13817e-029 1e-030 1e-030 1.9739e-114 1e-030 4.86478e-008 0.823141 0.176859 
1e-030 1e-030 1e-030 1e-030 1e-030 1e-030 1e-030 1e-030 1e-030 1e-030 1e-030 1e-030 1e-030 1e-030 1e-030 0.0587481 0.205619 0.0587481 0.14687 1e-030 1e-030 0.0293741 1e-030 0.234993 0.0587481 0.0587481 1e-030 0.0587481 1e-030 1.06088e-207 0.030623 0.0587808 
1e-030 1e-030 1e-030 1e-030 1e-030 1e-030 1e-030 1e-030 1e-030 1e-030 1e-030 1e-030 1e-030 1e-030 1e-030 1e-030 1e-030 1e-030 1e-030 1e-030 1e-030 1e-030 1e-030 8.09376e-018 1e-030 1e-030 1e-030 4.74386e-180 1e-030 1e-030 1e-030 1 
1e-030 1e-030 1e-030 1e-030 1e-030 1e-030 1e-030 1e-030 1e-030 1e-030 1e-030 1e-030 1e-030 1e-030 1e-030 1e-030 1e-030 1e-030 1e-030 1e-030 1e-030 1e-030 1e-030 0.478271 1e-030 1e-030 1e-030 0.148169 1e-030 1e-030 1.66103e-242 0.37356 
1e-030 1e-030 1e-030 1e-030 1e-030 1e-030 1e-030 1e-030 1e-030 1e-030 1e-030 1e-030 1e-030 1e-030 1e-030 1e-030 1e-030 1e-030 1e-030 1e-030 1e-030 1e-030 1e-030 0.43468 1e-030 1e-030 1e-030 5.19784e-009 1e-030 1e-030 5.81613e-117 0.56532 
1e-030 1e-030 1e-030 1e-030 1e-030 1e-030 1e-030 1e-030 1e-030 1e-030 1e-030 1e-030 1e-030 1e-030 1e-030 1e-030 1e-030 1e-030 1e-030 1e-030 3.61313e-217 6.17155e-246 1e-030 2.32324e-025 1e-030 1e-030 1e-030 1.88461e-084 1e-030 1e-030 0.150113 0.849887 
1e-030 1e-030 1e-030 1e-030 1e-030 1e-030 1e-030 1e-030 1e-030 1e-030 1e-030 1e-030 1e-030 1e-030 1e-030 1e-030 0.113575 0.113575 1e-030 1e-030 0.141968 0.0567873 1e-030 0.283936 0.0567873 1e-030 1e-030 0.0283936 1e-030 1e-030 0.0567873 0.148191 
1e-030 1e-030 1e-030 1e-030 1e-030 1e-030 1e-030 1e-030 1e-030 1e-030 1e-030 1e-030 1e-030 1e-030 1e-030 1e-030 1e-030 1e-030 1e-030 1e-030 1e-030 1e-030 7.60051e-259 0.427921 1e-030 1e-030 1e-030 3.84168e-046 1e-030 1e-030 0.415954 0.156125 
1e-030 1e-030 1e-030 1e-030 1e-030 1e-030 1e-030 1e-030 1e-030 1e-030 1e-030 1e-030 1e-030 1e-030 1e-030 1e-030 1.76708e-307 1e-030 1e-030 1e-030 6.12439e-249 1e-030 4.22775e-190 0.458561 1e-030 1e-030 1e-030 0.441919 1e-030 1e-030 2.35172e-054 0.0995202 
1e-030 1e-030 1e-030 1e-030 1e-030 1e-030 1e-030 1e-030 1e-030 1e-030 1e-030 1e-030 1e-030 1e-030 1e-030 1e-030 2.87177e-277 1e-030 1e-030 1e-030 9.44779e-219 1e-030 1e-030 0.831839 1e-030 1e-030 1e-030 1.38535e-010 1e-030 1e-030 3.36503e-223 0.168161 
1e-030 1e-030 1e-030 1e-030 1e-030 1e-030 1e-030 1e-030 1e-030 1e-030 1e-030 1e-030 1e-030 1e-030 1e-030 1e-030 3.61062e-248 1e-030 1e-030 1e-030 1.33182e-190 1e-030 1.36346e-155 3.18895e-038 1e-030 1e-030 1e-030 3.80628e-320 1e-030 1e-030 0.0696063 0.930394 
1e-030 1e-030 1e-030 1e-030 1e-030 1e-030 1e-030 1e-030 1e-030 1e-030 1e-030 1e-030 1e-030 1e-030 1e-030 0.0302342 0.181405 1e-030 0.151171 0.0302342 0.0604684 1e-030 0.0302342 0.423279 0.0302342 1e-030 1e-030 1e-030 1e-030 1e-030 8.93896e-084 0.0627394 
1e-030 1e-030 1e-030 1e-030 1e-030 1e-030 1e-030 1e-030 1e-030 1e-030 1e-030 1e-030 1e-030 1e-030 1e-030 1e-030 1e-030 1e-030 1e-030 1e-030 1e-030 1e-030 1e-030 1e-030 1 1e-030 1e-030 1e-030 1e-030 1e-030 1e-030 1e-030 
1e-030 1e-030 1e-030 1e-030 1e-030 1e-030 1e-030 1e-030 1e-030 1e-030 1e-030 1e-030 1e-030 1e-030 1e-030 1e-030 1e-030 1e-030 1e-030 1e-030 1e-030 1e-030 1e-030 0.75 1e-030 1e-030 1e-030 1e-030 1e-030 1e-030 3.84186e-125 0.25 
1e-030 1e-030 1e-030 1e-030 1e-030 1e-030 1e-030 1e-030 1e-030 1e-030 1e-030 1e-030 1e-030 1e-030 1e-030 1e-030 1e-030 1e-030 1e-030 1e-030 1e-030 1e-030 1e-030 1.68759e-007 1e-030 1e-030 1e-030 1e-030 1e-030 1e-030 1 2.22746e-196 
1e-030 1e-030 1e-030 1e-030 1e-030 1e-030 1e-030 1e-030 1e-030 1e-030 1e-030 1e-030 1e-030 1e-030 1e-030 1e-030 1e-030 1e-030 1e-030 1e-030 1e-030 1e-030 1e-030 4.05497e-034 1e-030 1e-030 1e-030 1e-030 1e-030 1e-030 0.2316 0.7684 
1e-030 1e-030 1e-030 1e-030 1e-030 1e-030 1e-030 1e-030 1e-030 1e-030 1e-030 1e-030 1e-030 0.0407388 1e-030 0.0203694 0.0611082 0.0203694 0.0611082 1e-030 0.0814776 1e-030 1e-030 0.509235 1e-030 1e-030 1e-030 0.101847 1e-030 1e-030 0.0407388 0.0630075 
1e-030 1e-030 1e-030 1e-030 1e-030 1e-030 1e-030 1e-030 1e-030 1e-030 1e-030 1e-030 1e-030 1e-030 1e-030 1e-030 1e-030 1e-030 1e-030 1e-030 1e-030 1e-030 1e-030 1e-030 1e-030 1e-030 1e-030 1 1e-030 1e-030 1e-030 1e-030 
1e-030 1e-030 1e-030 1e-030 1e-030 1e-030 1e-030 1e-030 1e-030 1e-030 1e-030 1e-030 1e-030 1e-030 1e-030 1e-030 1e-030 1e-030 2.19109e-301 8.30975e-273 1e-030 8.96047e-223 1e-030 0.322592 1e-030 1e-030 1e-030 0.0850561 1e-030 1e-030 0.0846697 0.507682 
1e-030 1e-030 1e-030 1e-030 1e-030 1e-030 1e-030 1e-030 1e-030 1e-030 1e-030 1e-030 1e-030 1e-030 1e-030 1e-030 1e-030 1e-030 2.44076e-272 5.26378e-223 1.23208e-300 1.70976e-206 1e-030 0.046502 1e-030 1e-030 1e-030 0.122931 1e-030 1e-030 1.97758e-014 0.830567 
1e-030 1e-030 1e-030 1e-030 1e-030 1e-030 1e-030 1e-030 1e-030 1e-030 1e-030 1e-030 1e-030 1e-030 1e-030 1e-030 1e-030 1e-030 1e-030 1e-030 7.92697e-273 2.11211e-040 1e-030 0.201772 1e-030 1e-030 1e-030 5.36863e-026 1e-030 1e-030 0.44372 0.354508 
1e-030 1e-030 1e-030 1e-030 1e-030 1e-030 1e-030 1e-030 1e-030 1e-030 1e-030 1e-030 1e-030 0.0363208 1e-030 1e-030 0.217925 0.0363208 0.145283 0.0363208 0.0726415 0.217925 1e-030 8.59046e-127 1e-030 1e-030 1e-030 1e-030 1e-030 0.0726415 0.0364262 0.128197 
1e-030 1e-030 1e-030 1e-030 1e-030 1e-030 1e-030 1e-030 1e-030 1e-030 1e-030 1e-030 1e-030 1e-030 1e-030 1e-030 1e-030 1e-030 1e-030 1e-030 1e-030 0.248858 1e-030 0.250645 1e-030 1e-030 1e-030 1.75934e-015 1e-030 1.1676e-115 5.97721e-234 0.500496 
1e-030 1e-030 1e-030 1e-030 1e-030 1e-030 1e-030 1e-030 1e-030 1e-030 1e-030 1e-030 1e-030 1e-030 1e-030 1e-030 1e-030 1e-030 1e-030 1e-030 1e-030 0.00101775 1e-030 8.47628e-306 1e-030 1e-030 1e-030 0.830569 1e-030 1.13715e-042 1.13261e-231 0.168413 
1e-030 1e-030 1e-030 1e-030 1e-030 1e-030 1e-030 1e-030 1e-030 1e-030 1e-030 1e-030 1e-030 1e-030 1e-030 1e-030 1e-030 1e-030 1e-030 1e-030 1e-030 1.91616e-177 1e-030 0.144814 1e-030 1e-030 1e-030 0.0790044 1e-030 0.0471905 6.22669e-045 0.728991 
1e-030 1e-030 1e-030 1e-030 1e-030 1e-030 1e-030 1e-030 1e-030 1e-030 1e-030 1e-030 1e-030 1e-030 1e-030 1e-030 1e-030 1e-030 1e-030 1e-030 1e-030 1e-030 1e-030 4.97435e-019 1e-030 1e-030 1e-030 1.34412e-039 2.99014e-210 0.052335 0.520424 0.427241 
1e-030 1e-030 1e-030 1e-030 1e-030 1e-030 1e-030 1e-030 1e-030 1e-030 1e-030 1e-030 1e-030 1e-030 1e-030 1e-030 0.151171 0.120936 0.0302341 0.0604682 0.0907024 0.0604682 1e-030 0.332575 1e-030 1e-030 1e-030 1e-030 0.0302341 6.51323e-311 0.0324643 0.0907463 
1e-030 1e-030 1e-030 1e-030 1e-030 1e-030 1e-030 1e-030 1e-030 1e-030 1e-030 1e-030 1e-030 1e-030 1e-030 1e-030 1e-030 1e-030 1e-030 1e-030 1e-030 1e-030 1e-030 1e-030 1e-030 1e-030 1e-030 1e-030 1e-030 1e-030 1 1e-030 
1e-030 1e-030 1e-030 1e-030 1e-030 1e-030 1e-030 1e-030 1e-030 1e-030 1e-030 1e-030 1e-030 1e-030 1e-030 1e-030 1e-030 1e-030 1e-030 1e-030 1e-030 1e-030 1e-030 0.402408 1e-030 1e-030 1e-030 0.121195 1e-030 1e-030 1e-030 0.476396 
1e-030 1e-030 1e-030 1e-030 1e-030 1e-030 1e-030 1e-030 1e-030 1e-030 1e-030 1e-030 1e-030 1e-030 1e-030 1e-030 1e-030 1e-030 1e-030 1e-030 1e-030 1e-030 1e-030 7.35685e-010 1e-030 1e-030 1e-030 0.36872 1e-030 1e-030 6.15151e-254 0.63128 
1e-030 1e-030 1e-030 1e-030 1e-030 1e-030 1e-030 1e-030 1e-030 1e-030 1e-030 1e-030 1e-030 1e-030 1e-030 1e-030 2.04093e-181 1e-030 4.22515e-123 1e-030 3.98969e-064 0.0213298 1e-030 0.285807 1e-030 1e-030 3.89933e-035 4.41228e-073 1e-030 0.0213298 0.127979 0.543554 
1e-030 1e-030 1e-030 1e-030 1e-030 1e-030 1e-030 1e-030 1e-030 1e-030 1e-030 1e-030 1e-030 1e-030 1e-030 1e-030 0.121948 0.0406492 0.162597 0.162597 0.0812985 0.121948 1e-030 0.105711 1e-030 1e-030 0.0406492 0.121948 1e-030 1e-030 5.27047e-255 0.0406549 
1e-030 1e-030 1e-030 1e-030 1e-030 1e-030 1e-030 1e-030 1e-030 1e-030 1e-030 1e-030 1e-030 1e-030 1e-030 1e-030 1e-030 1e-030 1e-030 1e-030 1e-030 1e-030 1e-030 9.00111e-024 1e-030 1e-030 1e-030 1.50762e-082 1e-030 1e-030 1e-030 1 
1e-030 1e-030 1e-030 1e-030 1e-030 1e-030 1e-030 1e-030 1e-030 1e-030 1e-030 1e-030 1e-030 1e-030 1e-030 1e-030 1e-030 1e-030 1e-030 1e-030 1e-030 1e-030 1e-030 0.171801 1e-030 1e-030 1e-030 0.441279 1e-030 7.04992e-266 7.04992e-266 0.38692 
1e-030 1e-030 1e-030 1e-030 1e-030 1e-030 1e-030 1e-030 1e-030 1e-030 1e-030 1e-030 1e-030 1e-030 1e-030 1e-030 1e-030 1e-030 1e-030 1e-030 1e-030 1e-030 1e-030 0.130822 1e-030 1e-030 1e-030 9.795e-024 1e-030 9.0258e-024 1.78904e-204 0.869178 
1e-030 1e-030 1e-030 1e-030 1e-030 1e-030 1e-030 1e-030 1e-030 1e-030 1e-030 1e-030 1e-030 1e-030 1e-030 1e-030 1e-030 1e-030 1e-030 1e-030 1.17321e-110 1e-030 1e-030 4.06841e-044 1e-030 1e-030 1e-030 4.54578e-018 1e-030 0.0696584 0.341104 0.589238 
1e-030 1e-030 1e-030 1e-030 1e-030 1e-030 1e-030 1e-030 1e-030 1e-030 1e-030 1e-030 1e-030 0.0539037 1e-030 1e-030 0.0269518 0.188663 1e-030 1e-030 0.215615 1e-030 1e-030 0.269518 0.0269518 1e-030 1e-030 0.134759 0.0269518 7.42144e-314 0.029733 0.0269529 
1e-030 1e-030 1e-030 1e-030 1e-030 1e-030 1e-030 1e-030 1e-030 1e-030 1e-030 1e-030 1e-030 1e-030 1e-030 1e-030 1e-030 1e-030 1e-030 1e-030 1e-030 1e-030 1e-030 5.70112e-296 1e-030 1e-030 1e-030 2.39136e-031 1e-030 1e-030 0.127061 0.872939 
1e-030 1e-030 1e-030 1e-030 1e-030 1e-030 1e-030 1e-030 1e-030 1e-030 1e-030 1e-030 1e-030 1e-030 1e-030 1e-030 1e-030 1e-030 1e-030 1e-030 6.4167e-046 1e-030 1e-030 0.253983 1e-030 1e-030 1e-030 0.650369 1e-030 1e-030 3.34351e-182 0.0956478 
1e-030 1e-030 1e-030 1e-030 1e-030 1e-030 1e-030 1e-030 1e-030 1e-030 1e-030 1e-030 1e-030 1e-030 1e-030 1e-030 1e-030 3.49843e-017 4.60069e-259 1e-030 0.602779 1e-030 1e-030 4.34769e-093 1e-030 1e-030 1e-030 0.397216 1e-030 1e-030 1.47926e-231 4.92233e-006 
1e-030 1e-030 1e-030 1e-030 1e-030 1e-030 1e-030 1e-030 1e-030 1e-030 1e-030 1e-030 1e-030 1e-030 1e-030 1e-030 1e-030 0.111946 0.11189 1e-030 5.24973e-026 1e-030 1e-030 3.94853e-217 1e-030 1e-030 2.40327e-012 5.48935e-191 1e-030 1e-030 1.22023e-203 0.776164 
1e-030 1e-030 1e-030 1e-030 1e-030 1e-030 1e-030 1e-030 1e-030 1e-030 1e-030 1e-030 1e-030 1e-030 1e-030 0.0188441 0.0942203 0.0753762 0.0188534 1e-030 1.96772e-090 0.0565322 1e-030 0.188441 1e-030 1e-030 0.0565322 0.0753762 1e-030 1e-030 0.0565322 0.359293 
1e-030 1e-030 1e-030 1e-030 1e-030 1e-030 1e-030 1e-030 1e-030 1e-030 1e-030 1e-030 1e-030 1e-030 1e-030 1e-030 1e-030 1e-030 1e-030 1e-030 1e-030 1e-030 1e-030 0.499998 1e-030 1e-030 1e-030 0.499999 1e-030 1e-030 1e-030 2.44648e-006 
1e-030 1e-030 1e-030 1e-030 1e-030 1e-030 1e-030 1e-030 1e-030 1e-030 1e-030 1e-030 1e-030 1e-030 1e-030 1e-030 1e-030 1e-030 1e-030 1e-030 1.72513e-315 1e-030 1e-030 2.57746e-022 1e-030 1e-030 1e-030 0.461539 1e-030 1e-030 2.21485e-216 0.538461 
1e-030 1e-030 1e-030 1e-030 1e-030 1e-030 1e-030 1e-030 1e-030 1e-030 1e-030 1e-030 1e-030 1e-030 1e-030 1e-030 1e-030 1e-030 1e-030 1e-030 6.97516e-269 1e-030 1e-030 0.614603 1e-030 1e-030 1e-030 2.25695e-019 1e-030 1e-030 4.76142e-132 0.385397 
1e-030 1e-030 1e-030 1e-030 1e-030 1e-030 1e-030 1e-030 1e-030 1e-030 1e-030 1e-030 1e-030 1e-030 1e-030 1e-030 1e-030 1e-030 1e-030 1e-030 1.9779e-159 1e-030 1e-030 5.93774e-029 1e-030 1e-030 1e-030 1.09971e-281 1e-030 1e-030 0.176167 0.823833 
1e-030 1e-030 1e-030 1e-030 1e-030 1e-030 1e-030 1e-030 1e-030 1e-030 1e-030 1e-030 1e-030 1e-030 1e-030 1e-030 1e-030 0.114595 1e-030 0.076397 0.229191 0.0381985 1e-030 0.343786 1e-030 1e-030 1e-030 0.0381985 1e-030 1e-030 0.0381985 0.121435 
1e-030 1e-030 1e-030 1e-030 1e-030 1e-030 1e-030 1e-030 1e-030 1e-030 1e-030 1e-030 1e-030 1e-030 1e-030 1e-030 1e-030 1e-030 1e-030 1e-030 1e-030 1e-030 1e-030 0.0615426 1e-030 1e-030 1e-030 4.04721e-007 1e-030 0.220219 1.40693e-143 0.718238 
1e-030 1e-030 1e-030 1e-030 1e-030 1e-030 1e-030 1e-030 1e-030 1e-030 1e-030 1e-030 1e-030 1e-030 1e-030 1e-030 1e-030 1e-030 1e-030 1e-030 1e-030 1e-030 1e-030 0.341078 1e-030 1e-030 1e-030 0.280044 1e-030 0.000241587 0.000277553 0.378359 
1e-030 1e-030 1e-030 1e-030 1e-030 1e-030 1e-030 1e-030 1e-030 1e-030 1e-030 1e-030 1e-030 1e-030 1e-030 1e-030 1e-030 1e-030 1e-030 1e-030 1e-030 1e-030 1e-030 0.309339 1e-030 1e-030 1e-030 0.148831 1e-030 2.33762e-006 0.0559332 0.485894 
1e-030 1e-030 1e-030 1e-030 1e-030 1e-030 1e-030 1e-030 1e-030 1e-030 1e-030 1e-030 1e-030 1e-030 1e-030 1e-030 1e-030 1e-030 1e-030 1e-030 1e-030 1e-030 1e-030 0.033242 1e-030 1e-030 1e-030 0.0377188 1e-030 0.0361745 0.121757 0.771108 
1e-030 1e-030 1e-030 1e-030 1e-030 1e-030 1e-030 1e-030 1e-030 1e-030 1e-030 1e-030 1e-030 1e-030 1e-030 1e-030 1e-030 1e-030 1e-030 1e-030 1e-030 1e-030 1e-030 8.95559e-096 1e-030 1e-030 1e-030 5.02289e-041 1e-030 2.46138e-012 0.110032 0.889968 
1e-030 1e-030 1e-030 1e-030 1e-030 1e-030 1e-030 1e-030 1e-030 1e-030 1e-030 1e-030 1e-030 1e-030 1e-030 1e-030 1e-030 1e-030 1e-030 1e-030 1e-030 1e-030 1e-030 0.358014 1e-030 1e-030 1e-030 0.641985 1e-030 1e-030 1.90806e-272 7.32356e-007 
1e-030 1e-030 1e-030 1e-030 1e-030 1e-030 1e-030 1e-030 1e-030 1e-030 1e-030 1e-030 1e-030 1e-030 1e-030 1e-030 1e-030 1e-030 1e-030 1e-030 2.33191e-116 1e-030 1e-030 0.137004 1e-030 1e-030 1e-030 0.302939 1e-030 1.64351e-056 0.051602 0.508454 
1e-030 1e-030 1e-030 1e-030 1e-030 1e-030 1e-030 1e-030 1e-030 1e-030 1e-030 1e-030 1e-030 1e-030 1e-030 1e-030 1e-030 1e-030 1e-030 1e-030 1e-030 1e-030 1e-030 0.408957 1e-030 1e-030 1e-030 0.221568 1e-030 9.1832e-040 9.00546e-006 0.369467 
1e-030 1e-030 1e-030 1e-030 1e-030 1e-030 1e-030 1e-030 1e-030 1e-030 1e-030 1e-030 1e-030 1e-030 1e-030 1e-030 1e-030 1e-030 1e-030 1e-030 1.95257e-080 1e-030 1e-030 0.0414988 1e-030 1e-030 1e-030 0.03662 1e-030 0.0321517 0.160628 0.729102 
1e-030 1e-030 1e-030 1e-030 1e-030 1e-030 1e-030 1e-030 1e-030 1e-030 1e-030 1e-030 1e-030 1e-030 1e-030 1e-030 1e-030 1e-030 1e-030 1e-030 0.104635 1e-030 1e-030 0.365312 1e-030 1e-030 1e-030 0.0974101 1e-030 9.57113e-158 2.084e-035 0.432643 
1e-030 1e-030 1e-030 1e-030 1e-030 1e-030 1e-030 1e-030 1e-030 1e-030 1e-030 1e-030 1e-030 1e-030 1e-030 1e-030 1e-030 1e-030 1e-030 1e-030 1e-030 1e-030 1e-030 8.81482e-011 1e-030 1e-030 1e-030 0.471282 1e-030 6.51842e-172 1e-030 0.528718 
1e-030 1e-030 1e-030 1e-030 1e-030 1e-030 1e-030 1e-030 1e-030 1e-030 1e-030 1e-030 1e-030 1e-030 1e-030 1e-030 1e-030 1e-030 1e-030 1e-030 1e-030 1e-030 1e-030 0.118851 1e-030 1e-030 1e-030 0.223202 1e-030 1.66029e-136 1e-030 0.657947 
1e-030 1e-030 1e-030 1e-030 1e-030 1e-030 1e-030 1e-030 1e-030 1e-030 1e-030 1e-030 1e-030 1e-030 1e-030 1e-030 1e-030 1e-030 1e-030 1e-030 1e-030 1e-030 1e-030 0.294884 1e-030 1e-030 1e-030 0.510535 1e-030 0.194581 4.67056e-292 7.11289e-010 
1e-030 1e-030 1e-030 1e-030 1e-030 1e-030 1e-030 1e-030 1e-030 1e-030 1e-030 1e-030 1e-030 1e-030 1e-030 1e-030 1e-030 1e-030 1e-030 1e-030 8.68948e-126 4.85617e-026 1e-030 0.18 1e-030 1e-030 1e-030 2.45e-267 1e-030 1.91016e-019 0.18 0.64 
1e-030 1e-030 1e-030 1e-030 1e-030 1e-030 1e-030 1e-030 1e-030 1e-030 1e-030 1e-030 1e-030 0.0714286 0.0714286 1e-030 0.214286 0.214286 1e-030 1e-030 0.285714 0.142857 1e-030 2.34382e-011 1e-030 1e-030 1e-030 1e-030 1e-030 1e-030 1e-030 1.2726e-143 
1e-030 1e-030 1e-030 1e-030 1e-030 1e-030 1e-030 1e-030 1e-030 1e-030 1e-030 1e-030 1e-030 1e-030 1e-030 1e-030 1e-030 1e-030 1e-030 1e-030 1e-030 1e-030 1e-030 1e-030 1e-030 1e-030 1e-030 0.158733 1e-030 1.81026e-023 0.181298 0.659969 
1e-030 1e-030 1e-030 1e-030 1e-030 1e-030 1e-030 1e-030 1e-030 1e-030 1e-030 1e-030 1e-030 1e-030 1e-030 1e-030 1e-030 1e-030 1e-030 1e-030 1e-030 1e-030 1e-030 1e-030 1e-030 1e-030 1e-030 0.473764 1e-030 0.111502 7.28436e-034 0.414734 
1e-030 1e-030 1e-030 1e-030 1e-030 1e-030 1e-030 1e-030 1e-030 1e-030 1e-030 1e-030 1e-030 1e-030 1 1e-030 1e-030 1e-030 1e-030 1e-030 1e-030 1e-030 1e-030 1e-030 1e-030 1e-030 1e-030 1e-030 1e-030 1e-030 1e-030 1e-030 
1e-030 1e-030 1e-030 1e-030 1e-030 1e-030 1e-030 1e-030 1e-030 1e-030 1e-030 1e-030 1e-030 1e-030 1e-030 1e-030 1e-030 1e-030 1e-030 1e-030 1e-030 1e-030 1e-030 7.62498e-034 1e-030 1e-030 1e-030 1e-030 1e-030 1e-030 0.447376 0.552624 
1e-030 1e-030 1e-030 1e-030 1e-030 1e-030 1e-030 1e-030 1e-030 1e-030 1e-030 1e-030 1e-030 0.025341 1e-030 0.025341 0.050682 0.025341 0.050682 1e-030 0.025341 1e-030 1e-030 0.405456 0.025341 1e-030 1e-030 0.101364 1e-030 1e-030 0.0765845 0.188526 
1e-030 1e-030 1e-030 1e-030 1e-030 1e-030 1e-030 1e-030 1e-030 1e-030 1e-030 1e-030 1e-030 1e-030 1e-030 1e-030 1e-030 1e-030 1e-030 1e-030 1e-030 1e-030 1e-030 0.000181993 1e-030 1e-030 1e-030 6.78495e-235 1e-030 1.24803e-264 1e-030 0.999818 
1e-030 1e-030 1e-030 1e-030 1e-030 1e-030 1e-030 1e-030 1e-030 1e-030 1e-030 1e-030 1e-030 1e-030 1e-030 1e-030 1e-030 1e-030 1e-030 1e-030 6.00683e-246 1e-030 1e-030 0.181795 1e-030 1e-030 1e-030 0.263978 1e-030 0.306106 8.08454e-046 0.248121 
1e-030 1e-030 1e-030 1e-030 1e-030 1e-030 1e-030 1e-030 1e-030 1e-030 1e-030 1e-030 1e-030 1e-030 1e-030 1e-030 1e-030 1e-030 1e-030 1e-030 0.107887 1e-030 1e-030 0.107887 1e-030 1e-030 0.107887 0.167106 1e-030 0.142121 0.36711 4.49172e-079 
1e-030 1e-030 1e-030 1e-030 1e-030 1e-030 1e-030 1e-030 1e-030 1e-030 1e-030 1e-030 1e-030 1e-030 1e-030 1e-030 1e-030 1e-030 1e-030 1e-030 2.16673e-174 3.30886e-145 1e-030 0.0435829 1e-030 1e-030 1.01937e-181 9.59495e-270 1e-030 3.81605e-211 0.178756 0.777661 
1e-030 1e-030 1e-030 1e-030 1e-030 1e-030 1e-030 1e-030 1e-030 1e-030 1e-030 1e-030 1e-030 1e-030 1e-030 1e-030 0.0489247 0.0489247 0.0244624 1e-030 0.146774 0.0244624 1e-030 0.388441 1e-030 1e-030 1e-030 0.0978494 1e-030 0.0244624 7.28439e-122 0.195699 
1e-030 1e-030 1e-030 1e-030 1e-030 1e-030 1e-030 1e-030 1e-030 1e-030 1e-030 1e-030 1e-030 1e-030 1e-030 1e-030 1e-030 1e-030 1e-030 1e-030 1e-030 1e-030 1e-030 1e-030 1e-030 1e-030 1e-030 0.999999 1e-030 1e-030 6.90978e-007 9.86695e-072 
1e-030 1e-030 1e-030 1e-030 1e-030 1e-030 1e-030 1e-030 1e-030 1e-030 1e-030 1e-030 1e-030 1e-030 1e-030 1e-030 1e-030 0.145235 1e-030 1e-030 1.4987e-057 1e-030 1e-030 2.97853e-179 1e-030 1e-030 1e-030 0.273826 1e-030 1.39313e-142 0.290469 0.29047 
1e-030 1e-030 1e-030 1e-030 1e-030 1e-030 1e-030 1e-030 1e-030 1e-030 1e-030 1e-030 1e-030 1e-030 1e-030 1e-030 1e-030 7.30934e-167 1e-030 1e-030 0.210665 1e-030 1e-030 2.26104e-179 1e-030 1e-030 1e-030 0.684003 1e-030 0.105332 1.77162e-018 6.91408e-024 
1e-030 1e-030 1e-030 1e-030 1e-030 1e-030 1e-030 1e-030 1e-030 1e-030 1e-030 1e-030 1e-030 1e-030 1e-030 1e-030 1e-030 5.88041e-054 1e-030 1e-030 1e-030 1e-030 1e-030 1.21958e-029 1e-030 1e-030 1e-030 0.0386021 1e-030 6.76986e-121 0.360891 0.600507 
1e-030 1e-030 1e-030 1e-030 1e-030 1e-030 1e-030 1e-030 1e-030 1e-030 1e-030 1e-030 1e-030 1e-030 1e-030 1e-030 0.129924 0.0519697 1e-030 0.0519697 0.129924 0.0259849 1e-030 0.233864 1e-030 0.0259849 1e-030 0.0259849 1e-030 0.0259849 0.105144 0.193265 
1e-030 1e-030 1e-030 1e-030 1e-030 1e-030 1e-030 1e-030 1e-030 1e-030 1e-030 1e-030 1e-030 1e-030 1e-030 1e-030 1e-030 1e-030 1e-030 1e-030 1e-030 1e-030 1e-030 1e-030 1e-030 1e-030 1e-030 1e-030 1e-030 1e-030 1 1e-030 
1e-030 1e-030 1e-030 1e-030 1e-030 1e-030 1e-030 1e-030 1e-030 1e-030 1e-030 1e-030 1e-030 1e-030 1e-030 1e-030 1e-030 1e-030 1e-030 1e-030 1e-030 1e-030 1e-030 5.63065e-006 1e-030 1e-030 1e-030 0.65839 1e-030 1e-030 3.81233e-238 0.341604 
1e-030 1e-030 1e-030 1e-030 1e-030 1e-030 1e-030 1e-030 1e-030 1e-030 1e-030 1e-030 1e-030 1e-030 1e-030 1e-030 1e-030 1e-030 1e-030 1e-030 1e-030 1e-030 1e-030 0.2378 1e-030 1e-030 1e-030 0.212928 1e-030 1e-030 6.15456e-095 0.549272 
1e-030 1e-030 1e-030 1e-030 1e-030 1e-030 1e-030 1e-030 1e-030 1e-030 1e-030 1e-030 1e-030 1e-030 1e-030 1e-030 1e-030 1e-030 1e-030 1e-030 3.3921e-025 7.57667e-199 1e-030 0.044592 1e-030 1e-030 1e-030 3.82201e-033 1e-030 1e-030 0.0386979 0.91671 
1e-030 1e-030 1e-030 1e-030 1e-030 1e-030 1e-030 1e-030 1e-030 1e-030 1e-030 1e-030 1e-030 0.0276285 1e-030 0.0276285 0.0828854 0.110514 1e-030 1e-030 0.110514 0.055257 1e-030 0.193399 1e-030 1e-030 1e-030 0.165771 0.0276285 1e-030 0.055257 0.143517 
1e-030 1e-030 1e-030 1e-030 1e-030 1e-030 1e-030 1e-030 1e-030 1e-030 1e-030 1e-030 1e-030 1e-030 1e-030 1e-030 1e-030 1e-030 1e-030 1e-030 1e-030 1e-030 1e-030 1e-030 1e-030 1e-030 1e-030 1 1e-030 3.73277e-009 1.64096e-162 3.94377e-028 
1e-030 1e-030 1e-030 1e-030 1e-030 1e-030 1e-030 1e-030 1e-030 1e-030 1e-030 1e-030 1e-030 1e-030 1e-030 1e-030 1e-030 1e-030 1e-030 1e-030 3.80886e-271 1e-030 1e-030 1e-030 1e-030 1e-030 1e-030 0.00240804 1e-030 0.996814 1.47049e-027 0.000777889 
1e-030 1e-030 1e-030 1e-030 1e-030 1e-030 1e-030 1e-030 1e-030 1e-030 1e-030 1e-030 1e-030 1e-030 1e-030 1e-030 1e-030 1e-030 1e-030 1e-030 9.24895e-063 1e-030 1e-030 1e-030 1e-030 1e-030 1e-030 0.106661 1e-030 6.09188e-008 0.137209 0.75613 
1e-030 1e-030 1e-030 1e-030 1e-030 1e-030 1e-030 1e-030 1e-030 1e-030 1e-030 1e-030 1e-030 1e-030 1e-030 1e-030 1e-030 1e-030 1e-030 1e-030 3.90391e-011 1e-030 1e-030 2.06176e-079 1e-030 1e-030 1e-030 0.104998 1e-030 1e-030 0.113043 0.781959 
1e-030 1e-030 1e-030 1e-030 1e-030 1e-030 1e-030 1e-030 1e-030 1e-030 1e-030 1e-030 1e-030 1e-030 1e-030 0.0252572 0.151543 0.0757717 0.0757717 1e-030 0.126286 0.0252572 1e-030 0.303087 0.0252572 0.0252572 1e-030 0.0388117 1e-030 1e-030 0.0517866 0.0759125 
1e-030 1e-030 1e-030 1e-030 1e-030 1e-030 1e-030 1e-030 1e-030 1e-030 1e-030 1e-030 1e-030 1e-030 4.17487e-137 1e-030 1e-030 1e-030 1e-030 1e-030 1e-030 2.99761e-262 1e-030 3.64973e-017 1e-030 1e-030 1e-030 0.00877254 1e-030 5.87131e-046 0.451213 0.540014 
1e-030 1e-030 1e-030 1e-030 1e-030 1e-030 1e-030 1e-030 1e-030 1e-030 1e-030 1e-030 1e-030 1e-030 2.23208e-015 1e-030 1e-030 1e-030 1e-030 1e-030 1e-030 1.46704e-154 1e-030 0.124238 1e-030 1e-030 1e-030 0.509753 1e-030 0.0775091 1.03781e-007 0.288499 
1e-030 1e-030 1e-030 1e-030 1e-030 1e-030 1e-030 1e-030 1e-030 1e-030 1e-030 1e-030 1e-030 1e-030 0.197715 1e-030 1e-030 1e-030 1e-030 1e-030 1e-030 8.16965e-105 1e-030 4.00971e-005 1e-030 1e-030 1e-030 0.169818 1e-030 0.11336 4.93038e-010 0.519067 
1e-030 1e-030 1e-030 1e-030 1e-030 1e-030 1e-030 1e-030 1e-030 1e-030 1e-030 1e-030 1e-030 1e-030 1.68329e-008 1e-030 1e-030 1e-030 1e-030 2.45322e-172 2.55236e-057 2.71973e-009 1e-030 0.0293955 1e-030 1e-030 1e-030 5.58946e-022 1e-030 0.048292 0.0267857 0.895527 
1e-030 1e-030 1e-030 1e-030 1e-030 1e-030 1e-030 0.0331906 1e-030 1e-030 1e-030 1e-030 1e-030 0.0663812 1.06999e-303 1e-030 0.0663812 0.0331906 0.0331906 0.0995719 0.0995719 0.132762 1e-030 0.262291 1e-030 1e-030 1e-030 8.2049e-319 1e-030 8.03827e-062 1.70547e-206 0.173468 
1e-030 1e-030 1e-030 1e-030 1e-030 1e-030 1e-030 1e-030 1e-030 1e-030 1e-030 1e-030 1e-030 1e-030 1e-030 1e-030 1e-030 1e-030 1e-030 1e-030 1e-030 1e-030 1e-030 2.43867e-060 1e-030 1e-030 1e-030 4.58559e-012 1e-030 6.61382e-142 0.960634 0.0393656 
1e-030 1e-030 1e-030 1e-030 1e-030 1e-030 1e-030 1e-030 1e-030 1e-030 1e-030 1e-030 1e-030 1e-030 1e-030 1e-030 1e-030 1e-030 1.73705e-082 1e-030 1e-030 1e-030 1e-030 0.0979521 1e-030 1e-030 1e-030 0.561099 1e-030 3.356e-007 0.114495 0.226454 
1e-030 1e-030 1e-030 1e-030 1e-030 1e-030 1e-030 1e-030 1e-030 1e-030 1e-030 1e-030 1e-030 1e-030 1e-030 1e-030 1e-030 1e-030 5.18265e-036 1e-030 1e-030 1e-030 1e-030 0.235134 1e-030 1e-030 1.34936e-161 0.175214 1e-030 0.0740313 0.00110123 0.514519 
1e-030 1e-030 1e-030 1e-030 1e-030 1e-030 1e-030 1e-030 1e-030 1e-030 1e-030 1e-030 1e-030 1e-030 1e-030 1e-030 1e-030 1e-030 0.0191732 8.25952e-148 1e-030 1e-030 1e-030 0.188593 1e-030 1e-030 5.99462e-040 0.108104 1e-030 0.0192445 0.153146 0.51174 
1e-030 1e-030 1e-030 1e-030 1e-030 1e-030 1e-030 1e-030 1e-030 1e-030 1e-030 1e-030 1e-030 1e-030 1e-030 1e-030 1e-030 1e-030 0.137381 0.686905 1e-030 1e-030 1e-030 4.42813e-007 1e-030 1e-030 0.137381 0.0383328 1e-030 1e-030 9.08866e-147 1.04428e-034 
1e-030 1e-030 1e-030 1e-030 1e-030 1e-030 1e-030 1e-030 1e-030 1e-030 1e-030 1e-030 1e-030 1e-030 1e-030 1e-030 1e-030 1e-030 1e-030 1e-030 1e-030 1e-030 1e-030 1e-030 1e-030 1e-030 1e-030 4.00801e-009 1e-030 1e-030 0.428873 0.571127 
1e-030 1e-030 1e-030 1e-030 1e-030 1e-030 1e-030 1e-030 1e-030 1e-030 1e-030 1e-030 1e-030 1e-030 1e-030 1e-030 1e-030 1e-030 1e-030 1e-030 1e-030 1e-030 1e-030 7.87929e-034 1e-030 1e-030 1e-030 0.998884 1e-030 1e-030 1.12625e-044 0.00111644 
1e-030 1e-030 1e-030 1e-030 1e-030 1e-030 1e-030 1e-030 1e-030 1e-030 1e-030 1e-030 1e-030 1e-030 1e-030 1e-030 1e-030 1e-030 1e-030 1e-030 1e-030 1e-030 1e-030 0.338712 1.81467e-183 1e-030 1e-030 6.73907e-010 1e-030 3.90527e-010 0.149465 0.511822 
1e-030 1e-030 1e-030 1e-030 1e-030 1e-030 1e-030 1e-030 1e-030 1e-030 1e-030 1e-030 1e-030 1e-030 1e-030 1e-030 1e-030 1e-030 1e-030 8.37418e-168 1e-030 1e-030 1e-030 0.033755 6.37672e-074 1e-030 1e-030 0.0431278 1e-030 0.0431278 0.0473204 0.832669 
1e-030 1e-030 1e-030 1e-030 1e-030 1e-030 1e-030 1e-030 1e-030 1e-030 1e-030 1e-030 1e-030 1e-030 1e-030 1e-030 0.0906965 0.120929 0.0604643 0.0906965 0.0906965 0.0302322 1e-030 0.329691 0.0604643 1e-030 1e-030 3.46467e-132 1e-030 1.08423e-160 1.04217e-102 0.12613 
1e-030 1e-030 1e-030 1e-030 1e-030 1e-030 1e-030 1e-030 1e-030 1e-030 1e-030 1e-030 1e-030 1e-030 1e-030 1e-030 1e-030 1e-030 1e-030 1e-030 1e-030 1e-030 1e-030 0.999993 1e-030 1e-030 1e-030 3.42524e-075 1e-030 1e-030 1e-030 6.50525e-006 
1e-030 1e-030 1e-030 1e-030 1e-030 1e-030 1e-030 1e-030 1e-030 1e-030 1e-030 1e-030 1e-030 1e-030 1e-030 1e-030 1e-030 1e-030 1e-030 1e-030 1e-030 1e-030 1e-030 0.236175 1e-030 1e-030 1e-030 0.213871 1e-030 1e-030 5.52946e-115 0.549954 
1e-030 1e-030 1e-030 1e-030 1e-030 1e-030 1e-030 1e-030 1e-030 1e-030 1e-030 1e-030 1e-030 1e-030 1e-030 1e-030 1e-030 1e-030 1e-030 1e-030 1e-030 1e-030 1e-030 1 1e-030 1e-030 1e-030 3.07762e-128 1e-030 1e-030 2.63634e-009 5.63563e-008 
1e-030 1e-030 1e-030 1e-030 1e-030 1e-030 1e-030 1e-030 1e-030 1e-030 1e-030 1e-030 1e-030 1e-030 1e-030 1e-030 1e-030 1e-030 1e-030 1e-030 1e-030 1.79013e-189 1e-030 2.5091e-009 1e-030 1e-030 1e-030 1e-030 1e-030 1e-030 0.470588 0.529412 
1e-030 1e-030 1e-030 1e-030 1e-030 1e-030 1e-030 1e-030 1e-030 1e-030 1e-030 1e-030 1e-030 1e-030 1e-030 1e-030 0.0769231 0.269231 1e-030 0.0769231 0.0384615 0.115385 1e-030 0.423077 1e-030 1e-030 1e-030 1e-030 1e-030 1e-030 8.24535e-015 1.08813e-178 
1e-030 1e-030 1e-030 1e-030 1e-030 1e-030 1e-030 1e-030 1e-030 1e-030 1e-030 1e-030 1e-030 1e-030 1e-030 1e-030 1e-030 1e-030 1e-030 1e-030 1e-030 1e-030 1e-030 5.46001e-024 1e-030 1e-030 1e-030 0.251703 1e-030 2.43708e-121 0.25186 0.496438 
1e-030 1e-030 1e-030 1e-030 1e-030 1e-030 1e-030 1e-030 1e-030 1e-030 1e-030 1e-030 1e-030 1e-030 1e-030 1e-030 1e-030 1e-030 1e-030 1e-030 1e-030 1e-030 5.87753e-311 0.95485 1e-030 1e-030 1e-030 5.52569e-012 1e-030 2.35187e-175 9.09747e-026 0.0451498 
1e-030 1e-030 1e-030 1e-030 1e-030 1e-030 1e-030 1e-030 1e-030 1e-030 1e-030 1e-030 1e-030 1e-030 1e-030 1e-030 1e-030 4.80134e-312 1e-030 1e-030 1e-030 1e-030 1e-030 0.0919051 1e-030 1e-030 1e-030 0.121017 1e-030 0.0125902 0.0425045 0.731983 
1e-030 1e-030 1e-030 1e-030 1e-030 1e-030 1e-030 1e-030 1e-030 1e-030 1e-030 1e-030 1e-030 1e-030 1e-030 1e-030 1e-030 1e-030 1e-030 1e-030 1e-030 1e-030 4.3845e-272 3.35057e-010 1e-030 1e-030 1e-030 0.00992506 1e-030 0.0456807 3.69271e-086 0.944394 
1e-030 1e-030 1e-030 1e-030 1e-030 1e-030 1e-030 1e-030 1e-030 1e-030 1e-030 1e-030 1e-030 1e-030 1e-030 1e-030 0.0552584 0.110517 0.0552584 1e-030 0.0276292 1e-030 0.0276292 0.359179 1e-030 0.0276292 1e-030 0.110517 1e-030 0.0552584 0.0276292 0.143496 
1e-030 1e-030 1e-030 1e-030 1e-030 1e-030 1e-030 1e-030 1e-030 1e-030 1e-030 1e-030 1e-030 1e-030 1e-030 1e-030 1e-030 1e-030 1e-030 1e-030 1e-030 1e-030 1e-030 3.85636e-043 1e-030 1e-030 1e-030 1e-030 1e-030 1e-030 0.363636 0.636364 
1e-030 1e-030 1e-030 1e-030 1e-030 1e-030 1e-030 1e-030 1e-030 1e-030 1e-030 1e-030 1e-030 1e-030 1e-030 1e-030 1e-030 1e-030 1e-030 1e-030 1e-030 1e-030 1e-030 1 1e-030 1e-030 1e-030 8.12751e-015 1e-030 1e-030 3.49157e-007 2.22593e-122 
1e-030 1e-030 1e-030 1e-030 1e-030 1e-030 1e-030 1e-030 1e-030 1e-030 1e-030 1e-030 1e-030 1e-030 1e-030 1e-030 1e-030 1e-030 1e-030 1e-030 1e-030 3.57647e-241 1e-030 0.0288872 1e-030 1e-030 1e-030 0.537528 8.02842e-212 8.40215e-137 0.140759 0.292825 
1e-030 1e-030 1e-030 1e-030 1e-030 1e-030 1e-030 1e-030 1e-030 1e-030 1e-030 1e-030 1e-030 1e-030 1e-030 1e-030 9.69374e-248 3.38992e-189 1e-030 1e-030 4.48254e-160 4.6638e-072 1e-030 0.279854 1e-030 1e-030 1e-030 2.81247e-079 9.2505e-043 0.0203383 0.0526234 0.647184 
1e-030 1e-030 1e-030 1e-030 1e-030 1e-030 1e-030 1e-030 1e-030 1e-030 1e-030 1e-030 1e-030 1e-030 1e-030 1e-030 0.259084 0.129542 1e-030 1e-030 0.259084 0.194313 1e-030 0.069557 1e-030 1e-030 1e-030 1e-030 0.0647709 1e-030 0.0236506 1.54329e-098 
