32 32 32 32 24 28 24 24 32 24 31 32 32 32 28 32 32 32 32 32 32 32 32 32 32 32 32 15 32 32 31 32 32 31 31 21 18 21 22 24 24 24 24 24 24 24 32 32 22 22 21 23 22 21 21 21 17 17 14 17 17 17 32 24 28 24 24 28 28 30 28 28 24 32 24 32 32 32 32 24 32 24 24 24 24 
32 32 32 32 24 28 24 24 32 24 31 32 32 32 28 32 32 32 32 32 32 32 32 32 32 32 32 15 32 32 31 32 32 31 31 21 18 21 22 24 24 24 24 24 24 24 32 32 22 22 21 23 22 21 21 21 17 17 14 17 17 17 32 24 28 24 24 28 28 30 28 28 24 32 24 32 32 32 32 24 32 24 24 24 24 
28 28 28 32 32 24 31 31 24 24 32 32 32 32 32 32 32 32 28 32 32 32 17 32 32 32 32 32 31 31 31 31 31 32 31 29 24 24 24 24 24 24 24 24 24 21 21 22 21 18 18 17 17 16 16 14 16 21 28 31 32 24 28 32 32 31 28 32 32 32 24 32 32 32 31 32 32 32 32 32 32 32 32 24 32 
32 32 32 32 32 28 32 32 32 32 32 24 32 32 32 31 32 32 32 32 32 32 31 32 32 32 32 32 31 31 31 32 32 32 32 32 32 32 32 31 21 19 21 24 24 31 32 32 32 21 19 19 19 19 18 17 19 21 21 19 17 19 19 19 21 30 24 26 25 28 22 32 32 24 24 32 32 28 24 24 32 31 24 32 24 
31 32 32 24 24 24 28 32 32 32 32 32 32 32 32 32 32 32 30 30 31 31 31 32 31 32 32 32 32 32 32 32 24 31 32 24 24 24 24 24 24 24 24 21 21 21 17 17 19 17 17 21 17 16 19 16 16 19 21 32 21 21 32 32 31 31 32 32 31 24 24 28 32 28 32 32 32 32 32 24 24 24 32 32 32 
32 32 28 32 32 32 32 32 32 32 32 30 32 28 32 24 32 28 32 32 32 32 32 32 32 32 24 24 32 32 32 28 32 31 32 32 32 32 32 31 31 32 31 32 32 31 32 31 31 31 31 18 21 21 24 24 24 24 24 24 32 22 22 21 19 18 19 17 17 17 17 19 17 17 19 17 17 18 17 17 18 28 24 32 31 
28 28 24 24 28 30 32 28 24 28 24 28 24 28 28 28 24 24 24 24 24 24 24 32 32 32 32 32 32 32 32 32 28 30 31 31 31 31 31 31 31 31 31 31 31 31 32 32 32 31 31 25 25 24 24 24 24 24 24 24 32 24 22 19 19 19 16 17 17 17 19 16 17 17 19 17 17 18 18 28 31 26 28 26 32 
32 32 32 32 24 24 28 32 32 24 24 32 24 32 24 32 32 32 32 32 32 32 32 32 32 32 32 32 32 32 32 31 32 32 31 31 31 32 32 32 32 32 31 32 32 32 32 32 32 32 24 24 24 24 24 24 24 24 32 21 22 22 21 21 18 18 17 17 17 18 21 17 21 25 25 18 28 31 31 32 24 32 32 24 32 
24 24 31 31 31 32 24 24 32 28 28 28 24 24 28 24 24 24 24 24 32 24 24 32 32 32 32 32 32 32 32 31 32 32 32 32 31 32 32 32 32 32 32 32 32 32 32 32 32 32 32 32 24 24 24 24 24 24 24 24 24 32 23 24 24 21 21 17 17 19 17 17 19 17 19 17 19 19 16 20 24 25 24 24 32 
25 24 32 24 24 24 32 24 24 31 32 32 32 32 32 32 32 32 32 32 32 32 32 32 31 31 31 31 31 31 32 32 32 32 32 32 24 24 24 24 24 24 24 24 24 32 24 21 21 19 21 21 14 14 17 16 17 19 17 19 18 24 24 24 24 24 24 24 24 24 28 24 24 24 24 24 24 28 32 31 28 31 28 28 32 
28 32 32 32 24 24 32 32 28 24 31 24 28 32 32 32 24 24 24 31 32 32 32 32 24 32 32 32 32 32 32 28 32 31 31 32 31 32 31 31 32 31 31 32 32 31 32 24 31 31 24 24 24 24 31 32 32 32 22 22 22 22 22 20 22 19 21 18 19 17 19 17 21 17 17 17 14 17 19 30 30 32 32 32 31 
24 32 32 22 28 28 28 28 32 28 28 32 32 32 30 32 32 32 32 32 32 24 28 24 24 32 32 32 32 32 32 32 32 24 28 32 32 32 32 30 31 31 32 32 32 31 31 31 32 32 31 31 24 29 24 24 31 24 24 24 24 24 24 24 32 32 24 22 22 20 20 21 18 19 18 18 17 17 17 18 17 21 21 17 32 
31 32 24 28 32 32 28 28 32 32 32 32 28 32 24 32 32 31 32 32 32 32 32 24 24 24 24 32 32 32 24 32 32 32 30 31 31 32 32 32 32 32 32 32 32 32 32 32 31 31 24 24 22 31 32 24 24 24 24 24 24 27 24 21 22 21 19 19 17 17 19 17 18 20 20 22 20 20 24 28 19 28 28 22 32 
32 24 28 32 32 32 28 28 28 28 28 24 24 32 32 28 32 28 32 32 32 24 32 32 32 32 32 32 32 24 32 32 32 32 32 30 31 32 32 32 32 32 32 31 32 31 31 31 28 21 21 29 24 24 24 24 24 24 24 24 28 21 21 21 18 18 18 17 14 14 18 21 18 21 18 18 21 25 24 28 28 31 24 28 32 
32 32 31 32 32 32 32 32 28 24 28 24 28 28 28 28 28 24 32 28 21 28 21 18 19 32 32 32 32 32 32 32 32 27 32 27 27 31 31 32 32 31 32 32 32 32 32 32 32 32 32 32 32 24 24 24 24 24 32 32 32 24 24 32 24 22 24 22 18 17 17 17 17 17 16 19 18 18 28 18 28 28 22 28 24 
28 24 32 28 32 28 28 32 32 32 28 28 32 32 28 24 24 32 24 24 24 32 32 24 32 32 32 32 32 32 32 32 32 32 32 32 32 32 32 32 32 32 32 32 31 31 31 31 31 31 32 32 32 32 32 32 32 32 32 24 21 31 32 28 24 24 24 24 24 24 24 24 32 32 22 20 20 21 21 21 21 21 18 18 18 
32 32 30 32 24 32 32 32 28 24 32 28 28 28 28 24 24 32 24 24 24 32 24 32 32 24 28 32 28 24 28 32 32 32 32 32 24 28 32 24 32 31 24 32 28 32 32 24 24 24 32 32 24 28 31 32 32 32 32 32 32 32 32 24 32 28 32 30 31 31 32 32 32 32 32 32 32 32 32 32 32 32 32 31 32 
28 24 28 28 24 32 28 32 32 32 32 28 24 32 28 31 32 32 28 28 32 24 32 32 28 24 28 24 28 32 24 32 24 32 24 32 31 31 31 24 32 32 32 32 32 32 32 32 28 30 32 31 32 32 32 32 32 32 31 32 32 32 32 32 32 32 32 28 24 24 24 24 32 32 24 24 32 32 24 32 32 32 28 21 21 
32 28 28 32 32 32 32 24 32 32 28 28 32 32 32 24 28 28 28 24 30 32 32 32 31 32 32 32 24 31 32 32 32 32 32 32 32 32 32 32 31 31 32 32 31 32 32 31 32 32 32 32 32 32 32 31 32 24 32 24 24 24 24 24 24 32 31 31 32 32 24 22 22 21 21 21 21 18 18 17 17 14 17 18 15 
32 28 32 32 32 32 31 31 32 32 28 28 32 32 32 30 28 28 28 32 15 32 31 31 32 32 32 32 32 32 32 32 31 31 32 32 32 31 31 31 31 31 31 31 32 32 24 24 24 24 24 24 24 24 31 24 32 24 24 32 32 32 32 32 24 24 19 19 17 16 18 17 21 14 25 31 31 28 28 24 28 28 32 24 24 
32 32 32 32 24 28 32 30 30 28 31 28 21 24 30 31 27 31 31 32 24 32 32 32 32 32 32 32 32 32 32 32 32 32 32 31 32 32 31 32 32 31 32 31 24 24 24 24 24 24 24 24 24 24 32 32 32 32 24 22 21 21 21 21 21 18 17 17 18 19 30 28 28 32 28 32 24 24 21 24 32 32 24 24 28 
28 28 28 31 32 28 18 32 31 28 28 21 28 28 21 30 28 28 28 32 32 32 32 32 31 32 32 32 32 32 32 32 28 32 31 32 31 31 32 31 31 31 31 31 31 32 32 24 21 31 31 24 24 31 24 24 24 24 24 32 32 32 32 17 22 21 20 20 21 21 18 17 17 17 17 18 31 28 32 21 32 26 30 24 32 
31 32 28 28 28 28 32 32 28 32 28 28 28 32 28 28 24 32 32 28 32 24 32 32 32 32 32 32 32 24 32 32 32 32 32 32 31 32 32 32 32 32 32 32 32 32 32 32 32 21 22 31 24 24 24 24 24 31 32 32 32 24 28 22 21 29 18 18 21 18 17 17 14 16 17 18 21 28 28 32 28 28 28 32 24 
28 28 30 32 32 32 28 31 32 32 31 32 32 32 32 32 32 32 32 32 32 28 32 32 32 32 32 32 28 32 32 32 32 32 31 32 32 32 31 32 32 32 32 31 28 28 21 21 31 24 24 24 24 24 24 24 24 24 24 24 22 21 21 18 19 17 19 17 18 18 17 17 19 17 17 21 16 25 26 24 32 28 31 32 32 
32 31 31 32 32 28 32 28 28 24 28 30 32 32 28 15 32 32 32 30 32 32 32 32 32 32 31 32 24 32 32 32 32 32 32 32 32 30 32 32 32 32 32 32 32 32 32 32 32 32 32 32 32 32 32 24 24 22 24 24 32 32 32 32 24 24 32 24 24 22 21 20 22 22 20 20 21 21 19 18 17 14 8 14 17 
31 31 32 28 32 24 28 28 28 31 28 28 32 32 30 32 32 24 24 32 32 24 28 32 32 28 24 28 32 28 31 30 31 19 32 32 32 24 32 24 24 32 32 32 32 32 28 32 31 31 31 32 32 32 32 32 32 32 32 32 32 32 31 24 28 31 28 24 24 24 24 31 32 32 32 32 24 28 27 19 20 20 20 20 20 
31 31 31 32 32 32 32 28 28 28 28 28 28 28 28 28 32 32 32 24 24 32 24 31 24 31 32 32 32 32 32 24 32 32 30 28 32 31 32 32 32 32 32 32 32 32 32 32 32 32 32 32 24 24 24 24 24 24 24 24 24 24 32 32 32 32 25 25 20 20 22 20 21 21 21 19 17 17 18 18 17 18 18 19 24 
24 24 32 32 32 28 32 28 28 32 28 28 24 24 32 32 32 32 32 32 32 24 28 24 32 24 24 24 28 32 32 32 32 32 24 24 24 24 24 24 24 24 31 31 32 32 32 32 32 32 32 32 31 31 31 31 32 31 31 24 24 24 24 24 24 24 24 24 24 24 22 22 22 20 20 18 18 18 18 18 18 21 18 17 17 
28 32 31 32 31 32 28 32 24 24 32 32 32 32 32 28 32 28 24 32 32 32 32 31 32 32 32 24 32 32 32 28 32 30 32 32 32 32 32 32 32 32 32 32 32 32 32 32 32 24 24 24 24 24 24 24 24 32 32 24 24 24 24 32 30 24 23 18 21 18 18 19 19 17 17 18 31 28 32 28 28 30 28 32 26 
32 31 31 31 32 32 32 32 32 32 31 24 24 28 32 31 28 32 28 28 24 32 32 31 32 32 32 32 24 24 24 32 32 32 32 24 32 32 32 30 32 31 32 32 32 32 32 32 32 32 32 32 32 32 32 32 32 24 24 24 24 24 24 24 32 32 24 32 24 31 29 22 22 22 21 18 18 17 21 21 17 17 17 21 24 
