0.649916 0.350084 0 0 0 
0 0.696659 0.303341 0 0 
0 0 0.889043 0.110957 0 
0 0 0 0.774434 0.225566 
0 0 0 0 1 
0.649463 0.350537 0 0 0 
0 0.821617 0.178383 0 0 
0 0 0.884327 0.115673 0 
0 0 0 0.942051 0.0579489 
0 0 0 0 1 
0 1 0 0 0 
0 0.822432 0.177568 0 0 
0 0 0.861712 0.138288 0 
0 0 0 0.955182 0.044818 
0 0 0 0 1 
0 1 0 0 0 
0 0.666667 0.333333 0 0 
0 0 0.8793 0.1207 0 
0 0 0 0.977473 0.0225266 
0 0 0 0 1 
0.425503 0.574497 0 0 0 
0 0.468934 0.531066 0 0 
0 0 0.975856 0.0241439 0 
0 0 0 0.856282 0.143718 
0 0 0 0 1 
2.60846e-006 0.999997 0 0 0 
0 0.672862 0.327138 0 0 
0 0 0.843956 0.156044 0 
0 0 0 0.845869 0.154131 
0 0 0 0 1 
0.666667 0.333333 0 0 0 
0 0.888889 0.111111 0 0 
0 0 0.666667 0.333333 0 
0 0 0 0.942144 0.0578555 
0 0 0 0 1 
0 1 0 0 0 
0 0.807835 0.192165 0 0 
0 0 0.954098 0.0459025 0 
0 0 0 3.53729e-054 1 
0 0 0 0 1 
0 1 0 0 0 
0 0.900773 0.0992272 0 0 
0 0 0.896142 0.103858 0 
0 0 0 0.924776 0.075224 
0 0 0 0 1 
0.928571 0.0714286 0 0 0 
0 0.833333 0.166667 0 0 
0 0 0.945553 0.0544468 0 
0 0 0 0.89521 0.10479 
0 0 0 0 1 
0 1 0 0 0 
0 0.908343 0.0916571 0 0 
0 0 0.83579 0.16421 0 
0 0 0 0.90639 0.0936103 
0 0 0 0 1 
4.57095e-025 1 0 0 0 
0 0.64575 0.35425 0 0 
0 0 0.96266 0.0373402 0 
0 0 0 0.903843 0.0961565 
0 0 0 0 1 
0 1 0 0 0 
0 0.833333 0.166667 0 0 
0 0 0.972247 0.027753 0 
0 0 0 0.898814 0.101186 
0 0 0 0 1 
0.833127 0.166873 0 0 0 
0 0.802083 0.197917 0 0 
0 0 0.923722 0.0762784 0 
0 0 0 0.968528 0.0314721 
0 0 0 0 1 
0.5 0.5 0 0 0 
0 9.54799e-014 1 0 0 
0 0 0.958649 0.0413506 0 
0 0 0 0.893866 0.106134 
0 0 0 0 1 
0.503146 0.496854 0 0 0 
0 0.878058 0.121942 0 0 
0 0 0.864917 0.135083 0 
0 0 0 0.948644 0.0513562 
0 0 0 0 1 
0.860568 0.139432 0 0 0 
0 0.936817 0.0631834 0 0 
0 0 0.833405 0.166595 0 
0 0 0 0.900928 0.0990716 
0 0 0 0 1 
0.268452 0.731548 0 0 0 
0 0.739261 0.260739 0 0 
0 0 0.965327 0.0346734 0 
0 0 0 0.876001 0.123999 
0 0 0 0 1 
0.00178311 0.998217 0 0 0 
0 0.926465 0.0735348 0 0 
0 0 0.928152 0.0718484 0 
0 0 0 0.901579 0.0984208 
0 0 0 0 1 
0.820837 0.179163 0 0 0 
0 0.910454 0.0895458 0 0 
0 0 0.912956 0.0870439 0 
0 0 0 0.839942 0.160058 
0 0 0 0 1 
0.742022 0.257978 0 0 0 
0 0.545897 0.454103 0 0 
0 0 0.899209 0.100791 0 
0 0 0 0.917983 0.0820173 
0 0 0 0 1 
0.229213 0.770787 0 0 0 
0 0.805349 0.194651 0 0 
0 0 0.835804 0.164196 0 
0 0 0 0.743218 0.256782 
0 0 0 0 1 
0 1 0 0 0 
0 0.956522 0.0434783 0 0 
0 0 0.500001 0.499999 0 
0 0 0 0.928272 0.0717279 
0 0 0 0 1 
0.659715 0.340285 0 0 0 
0 0.831581 0.168419 0 0 
0 0 0.884892 0.115108 0 
0 0 0 0.969178 0.0308223 
0 0 0 0 1 
0.933333 0.0666667 0 0 0 
0 0.739566 0.260434 0 0 
0 0 0.97457 0.0254301 0 
0 0 0 0.822735 0.177265 
0 0 0 0 1 
0.86987 0.13013 0 0 0 
0 0.865588 0.134412 0 0 
0 0 0.466828 0.533172 0 
0 0 0 0.961249 0.0387507 
0 0 0 0 1 
0.453295 0.546705 0 0 0 
0 0.694255 0.305745 0 0 
0 0 0.801678 0.198322 0 
0 0 0 0.969737 0.0302635 
0 0 0 0 1 
0 1 0 0 0 
0 0.893736 0.106264 0 0 
0 0 0.613824 0.386176 0 
0 0 0 0.960558 0.0394418 
0 0 0 0 1 
0 1 0 0 0 
0 0.940022 0.059978 0 0 
0 0 0.962104 0.0378959 0 
0 0 0 0.908717 0.0912826 
0 0 0 0 1 
0.5 0.5 0 0 0 
0 0.622325 0.377675 0 0 
0 0 0.977503 0.0224967 0 
0 0 0 0.830167 0.169833 
0 0 0 0 1 
