1e-030 1e-030 1e-030 1e-030 1e-030 1e-030 1e-030 1e-030 1e-030 1e-030 1e-030 1e-030 1e-030 1e-030 1e-030 1e-030 1e-030 1e-030 1e-030 1e-030 1e-030 1e-030 1e-030 8.99697e-079 1e-030 1e-030 1e-030 2.54206e-025 1e-030 1e-030 1e-030 1 
1e-030 1e-030 1e-030 1e-030 1e-030 1e-030 1e-030 1e-030 1e-030 1e-030 1e-030 1e-030 1e-030 1e-030 1e-030 1e-030 1e-030 1e-030 1e-030 1e-030 1e-030 1e-030 1e-030 1.43749e-055 1e-030 1e-030 1e-030 0.30334 1e-030 1e-030 1e-030 0.69666 
1e-030 1e-030 1e-030 1e-030 1e-030 1e-030 1e-030 2.02124e-271 1e-030 1e-030 1e-030 1e-030 1e-030 1e-030 1e-030 1e-030 1e-030 1e-030 1e-030 1e-030 1e-030 1e-030 1e-030 0.134333 1e-030 1e-030 1e-030 6.48211e-055 1e-030 1e-030 2.62654e-173 0.865667 
1e-030 1e-030 1e-030 1e-030 1e-030 1e-030 1e-030 1.77985e-173 1e-030 1e-030 1e-030 1e-030 1e-030 1e-030 1e-030 1e-030 1e-030 1e-030 1e-030 1e-030 1e-030 1e-030 1e-030 0.819645 1e-030 1e-030 1e-030 0.13638 1e-030 1e-030 3.43651e-103 0.0439751 
1e-030 1e-030 1e-030 1e-030 1e-030 1e-030 1e-030 0.0305805 1e-030 1e-030 1e-030 1e-030 1e-030 1e-030 0.0152903 1e-030 1e-030 1e-030 1e-030 1e-030 1e-030 1e-030 1e-030 0.292894 1e-030 1e-030 1e-030 0.0519164 1e-030 1e-030 0.244644 0.364675 
1e-030 1e-030 1e-030 1e-030 1e-030 1e-030 1e-030 1e-030 1e-030 1e-030 1e-030 1e-030 1e-030 1e-030 1e-030 1e-030 1e-030 1e-030 1e-030 1e-030 1e-030 1e-030 1e-030 4.46316e-013 1e-030 1e-030 1e-030 1.97697e-161 1e-030 1e-030 4.37081e-076 1 
1e-030 1e-030 1e-030 1e-030 1e-030 1e-030 1e-030 1e-030 1e-030 1e-030 1e-030 1e-030 1e-030 1e-030 7.62707e-171 1e-030 1e-030 1e-030 1e-030 1e-030 1e-030 1e-030 1e-030 0.451863 1e-030 1e-030 1e-030 3.67809e-022 1e-030 1e-030 0.00535619 0.54278 
1e-030 1e-030 1e-030 1e-030 1e-030 1e-030 1e-030 1e-030 1e-030 1e-030 1e-030 1e-030 1e-030 1e-030 1.34524e-176 1e-030 1e-030 1e-030 1e-030 1e-030 1e-030 1e-030 1e-030 0.411316 1e-030 1e-030 1e-030 2.52899e-005 1e-030 1e-030 0.1122 0.476458 
1e-030 1e-030 1e-030 1e-030 1e-030 1e-030 1e-030 1e-030 1e-030 1e-030 1e-030 1e-030 1e-030 1e-030 4.44329e-072 1e-030 1e-030 1e-030 1e-030 1e-030 1e-030 1e-030 1e-030 0.45378 1e-030 1e-030 1e-030 0.115885 1e-030 1e-030 1.56843e-009 0.430334 
1e-030 1e-030 1e-030 0.0197474 1e-030 1e-030 1e-030 1e-030 1e-030 1e-030 1e-030 1e-030 1e-030 1e-030 0.0197474 1e-030 1e-030 1e-030 1e-030 1e-030 1e-030 1e-030 1e-030 0.416281 1e-030 1e-030 0.0197474 6.40912e-020 1e-030 1e-030 0.236968 0.287509 
1e-030 1e-030 1e-030 1e-030 1e-030 1e-030 1e-030 1e-030 1e-030 1e-030 1e-030 1e-030 1e-030 1e-030 1e-030 1e-030 1e-030 1e-030 1e-030 1e-030 1e-030 1e-030 1e-030 1e-030 1e-030 1e-030 1e-030 1e-030 1e-030 1e-030 1 1e-030 
1e-030 4.05946e-279 3.36857e-267 1e-030 1e-030 1e-030 1e-030 1e-030 1e-030 1e-030 1e-030 1e-030 1e-030 1e-030 1e-030 1e-030 1e-030 1e-030 1e-030 1e-030 1e-030 1e-030 1e-030 0.145346 1e-030 1e-030 1e-030 1.44071e-061 1e-030 1e-030 1.44071e-061 0.854654 
1e-030 3.57932e-214 3.57932e-214 1e-030 1e-030 1e-030 1e-030 1e-030 1e-030 1e-030 1e-030 1e-030 1e-030 1e-030 6.69013e-266 1e-030 1e-030 1e-030 1e-030 1e-030 1e-030 1e-030 1e-030 0.538763 1e-030 1e-030 1e-030 1.6777e-089 1e-030 1e-030 6.79927e-014 0.461237 
1e-030 5.14729e-273 4.17326e-053 1e-030 1e-030 1e-030 1e-030 1e-030 1e-030 1e-030 1e-030 1e-030 1e-030 1e-030 4.58148e-243 1e-030 1e-030 1e-030 1e-030 1e-030 1.95742e-270 1e-030 1e-030 0.325198 1e-030 1e-030 1e-030 0.0892641 1e-030 1e-030 0.108544 0.476994 
1e-030 0.0204815 0.0204815 1e-030 1e-030 1e-030 1e-030 1e-030 1e-030 1e-030 1e-030 1e-030 1e-030 1e-030 0.0204815 1e-030 1e-030 1e-030 1e-030 1e-030 0.0204815 1e-030 1e-030 0.287346 1e-030 1e-030 1e-030 0.00017 1e-030 1e-030 0.155211 0.475347 
1e-030 1e-030 1e-030 1e-030 1e-030 1e-030 1e-030 1e-030 1e-030 1e-030 1e-030 1e-030 1e-030 1e-030 1e-030 1e-030 1e-030 1e-030 1e-030 1e-030 1e-030 1e-030 1e-030 1 1e-030 1e-030 1e-030 1e-030 1e-030 1e-030 1e-030 1e-030 
1e-030 1e-030 1e-030 1e-030 1e-030 1e-030 1e-030 1e-030 1e-030 1e-030 1e-030 1e-030 1e-030 1e-030 1e-030 1e-030 1e-030 1e-030 1e-030 1e-030 1e-030 1e-030 1e-030 8.93102e-010 1e-030 1e-030 1e-030 1e-030 1e-030 1e-030 2.78911e-147 1 
1e-030 1e-030 1e-030 1e-030 1e-030 1e-030 1e-030 1e-030 1e-030 1e-030 1e-030 1e-030 1e-030 1e-030 1e-030 1e-030 1e-030 1e-030 1e-030 1e-030 1e-030 1e-030 1e-030 1 1e-030 1e-030 1e-030 1e-030 1e-030 1e-030 5.28003e-097 2.2558e-008 
1e-030 1e-030 1e-030 4.28916e-123 1e-030 1e-030 1e-030 1e-030 1e-030 1e-030 1e-030 1e-030 1e-030 1e-030 1e-030 1e-030 1e-030 1e-030 1e-030 1e-030 1e-030 1e-030 1e-030 0.376109 1e-030 1e-030 1e-030 1e-030 1e-030 1e-030 0.0465238 0.577367 
1e-030 1e-030 1e-030 0.035307 1e-030 1e-030 1e-030 1e-030 1e-030 1e-030 1e-030 1e-030 1e-030 1e-030 1e-030 1e-030 1e-030 1e-030 1e-030 1e-030 1e-030 1e-030 1e-030 0.106583 0.035307 1e-030 1e-030 0.035307 1e-030 1e-030 0.315458 0.472038 
1e-030 1e-030 1e-030 1e-030 1e-030 1e-030 1e-030 1e-030 1e-030 1e-030 1e-030 1e-030 1e-030 1e-030 1e-030 1e-030 1e-030 1e-030 1e-030 1e-030 1e-030 1e-030 1e-030 1 1e-030 1e-030 1e-030 1e-030 1e-030 1e-030 1e-030 7.40638e-056 
1e-030 1e-030 1e-030 1e-030 1e-030 1e-030 1e-030 1e-030 1e-030 1e-030 1e-030 1e-030 1e-030 5.54441e-128 8.60521e-158 1e-030 1e-030 1e-030 1e-030 1e-030 1e-030 1e-030 1e-030 1 1e-030 1e-030 1e-030 1e-030 1e-030 1e-030 1.33557e-187 8.93516e-008 
1e-030 1e-030 1e-030 1e-030 1e-030 1e-030 1e-030 1e-030 1e-030 1e-030 1e-030 1e-030 1e-030 3.96602e-266 2.52066e-129 1e-030 1e-030 1e-030 1e-030 1e-030 1e-030 1e-030 1e-030 0.974844 1e-030 1e-030 1e-030 1e-030 1e-030 1e-030 1.20296e-158 0.0251561 
1e-030 1e-030 1e-030 3.63746e-159 1e-030 1e-030 1e-030 1e-030 1e-030 1e-030 1e-030 1e-030 1e-030 0.143718 0.143718 1e-030 1e-030 1e-030 1e-030 1e-030 1e-030 1e-030 1e-030 5.95292e-028 1e-030 1e-030 1e-030 5.13924e-188 1e-030 1e-030 1.06299e-017 0.712564 
1e-030 1e-030 1e-030 0.030303 1e-030 1e-030 1e-030 1e-030 1e-030 1e-030 1e-030 1e-030 1e-030 4.85011e-238 1.1348e-018 1e-030 1e-030 1e-030 1e-030 1e-030 1e-030 1e-030 1e-030 0.181818 1e-030 1e-030 1e-030 0.0606061 1e-030 1e-030 0.30303 0.424242 
1e-030 1e-030 1e-030 1e-030 1e-030 1e-030 1e-030 1e-030 1e-030 1e-030 1e-030 1e-030 1e-030 1e-030 1e-030 1e-030 1e-030 1e-030 1e-030 1e-030 1e-030 1e-030 1e-030 2.60846e-006 1e-030 1e-030 1e-030 0.999997 1e-030 1e-030 1e-030 1.84246e-050 
1e-030 1e-030 1e-030 1e-030 1e-030 1e-030 1e-030 1e-030 1e-030 1e-030 1e-030 1e-030 1e-030 1e-030 1e-030 1e-030 1e-030 1e-030 1e-030 1e-030 1e-030 1e-030 1e-030 0.995718 2.13707e-160 1e-030 1e-030 1e-030 1e-030 1e-030 1.54018e-158 0.00428202 
1e-030 1e-030 1e-030 1e-030 1e-030 1e-030 1e-030 1e-030 1e-030 1e-030 1e-030 1e-030 1e-030 1e-030 1e-030 1e-030 1e-030 1e-030 1e-030 1e-030 1e-030 1e-030 1e-030 0.455631 2.87413e-136 1e-030 1e-030 1e-030 1e-030 1e-030 3.16447e-095 0.544369 
1e-030 1e-030 1e-030 1e-030 1e-030 1e-030 1e-030 1e-030 1e-030 1e-030 1e-030 1e-030 1e-030 1e-030 1e-030 1e-030 1e-030 1e-030 1e-030 1e-030 1e-030 1e-030 1e-030 0.447509 7.06812e-033 1e-030 1e-030 1e-030 1e-030 7.34317e-191 3.58683e-005 0.552455 
1e-030 0.0587831 1e-030 1e-030 1e-030 1e-030 1e-030 0.0146958 1e-030 1e-030 1e-030 1e-030 1e-030 1e-030 1e-030 1e-030 1e-030 1e-030 1e-030 1e-030 1e-030 1e-030 1e-030 0.222391 0.0146958 1e-030 1e-030 0.0881746 0.0146958 0.0734789 0.249825 0.263261 
1e-030 1e-030 1e-030 1e-030 1e-030 1e-030 1e-030 1e-030 1e-030 1e-030 1e-030 1e-030 1e-030 1e-030 1e-030 1e-030 1e-030 1e-030 1e-030 1e-030 1e-030 1e-030 1e-030 1e-030 1e-030 1e-030 1e-030 1e-030 1e-030 1e-030 1 2.83448e-022 
1e-030 1e-030 1e-030 1e-030 1e-030 1e-030 1e-030 1e-030 1e-030 1e-030 1e-030 1e-030 1e-030 1e-030 1e-030 1e-030 1e-030 1e-030 1e-030 1e-030 1e-030 1e-030 1e-030 7.78373e-033 1e-030 1e-030 1e-030 5.38122e-225 1e-030 1e-030 5.80462e-029 1 
1e-030 1e-030 1e-030 1e-030 1e-030 1e-030 1e-030 1e-030 1e-030 1e-030 1e-030 1e-030 1e-030 1e-030 1e-030 1e-030 1e-030 1e-030 1e-030 1e-030 1e-030 1e-030 1e-030 0.999999 1e-030 1e-030 1e-030 7.37447e-220 1e-030 1e-030 2.71039e-199 7.07484e-007 
1e-030 1.56095e-281 1e-030 1e-030 1e-030 1e-030 1e-030 2.91122e-252 1e-030 1e-030 1e-030 1e-030 1e-030 1e-030 1e-030 1e-030 1e-030 1e-030 1e-030 1e-030 1e-030 1e-030 1e-030 3.58535e-041 1e-030 1e-030 1e-030 0.153022 1e-030 1.4354e-030 0.0972259 0.749752 
1e-030 0.0569092 1e-030 0.0189697 1e-030 1e-030 1e-030 0.0379395 1e-030 1e-030 1e-030 1e-030 1e-030 1e-030 0.0189697 1e-030 1e-030 1e-030 1e-030 1e-030 1e-030 1e-030 1e-030 0.436304 1e-030 1e-030 1e-030 0.158494 1e-030 0.0379395 0.176788 0.0576861 
1e-030 1e-030 1e-030 1e-030 1e-030 1e-030 1e-030 1e-030 1e-030 1e-030 1e-030 1e-030 1e-030 1e-030 1e-030 1e-030 1e-030 1e-030 1e-030 1e-030 1e-030 1e-030 1e-030 1e-030 1e-030 1e-030 1e-030 1e-030 1e-030 1e-030 1e-030 1 
1e-030 1e-030 1e-030 1e-030 1e-030 1e-030 1e-030 1e-030 1e-030 1e-030 1e-030 1e-030 1e-030 1e-030 1e-030 1e-030 1e-030 1e-030 1e-030 1e-030 1e-030 1e-030 1e-030 0.61567 0.38433 1e-030 1e-030 7.97976e-084 1e-030 1e-030 9.46664e-295 1e-030 
1e-030 1e-030 1e-030 1e-030 1e-030 1e-030 1e-030 1e-030 1e-030 1e-030 1e-030 1e-030 1e-030 1e-030 1e-030 1e-030 1e-030 1e-030 1e-030 1e-030 1e-030 1e-030 1e-030 0.95418 4.44477e-021 1e-030 1e-030 0.0458197 1e-030 1e-030 5.70145e-104 3.79442e-321 
1e-030 1e-030 1e-030 1e-030 1e-030 1e-030 1e-030 1e-030 1e-030 1e-030 1e-030 1e-030 1e-030 1e-030 1e-030 1e-030 1e-030 1e-030 1e-030 1e-030 1e-030 1e-030 1e-030 2.67211e-017 8.0912e-250 1e-030 1e-030 1 1e-030 1e-030 1.50185e-010 2.96488e-245 
1e-030 0.107122 1e-030 1e-030 1e-030 1e-030 0.0178537 0.0178537 1e-030 1e-030 1e-030 1e-030 1e-030 1e-030 0.0357074 1e-030 1e-030 1e-030 1e-030 1e-030 1e-030 1e-030 1e-030 0.267966 1.39536e-088 1e-030 1e-030 0.0357396 1e-030 0.0357074 0.249952 0.232098 
1e-030 1e-030 1e-030 1e-030 1e-030 1e-030 1e-030 1e-030 1e-030 1e-030 1e-030 1e-030 1e-030 1e-030 1e-030 1e-030 1e-030 1e-030 1e-030 1e-030 1e-030 1e-030 1e-030 1e-030 1e-030 1e-030 1e-030 1 1e-030 1e-030 1e-030 1e-030 
1e-030 1e-030 1e-030 1e-030 1e-030 1e-030 1e-030 1e-030 1e-030 1e-030 1e-030 1e-030 1e-030 1e-030 1e-030 1e-030 1e-030 1e-030 1e-030 1e-030 1e-030 1e-030 1e-030 2.12708e-283 1e-030 1e-030 1e-030 1.41585e-113 1e-030 1e-030 4.1399e-030 1 
1e-030 1e-030 1e-030 1e-030 1e-030 1e-030 1e-030 1e-030 1e-030 1e-030 1e-030 1e-030 1e-030 2.46566e-221 1e-030 1e-030 1e-030 1e-030 1e-030 1e-030 1e-030 1e-030 1e-030 0.309119 1e-030 1e-030 1e-030 0.103858 1e-030 1e-030 0.103858 0.483164 
1e-030 1e-030 1e-030 1e-030 1e-030 1e-030 1e-030 1e-030 1e-030 1e-030 1e-030 1e-030 1e-030 0.075224 3.54144e-009 1e-030 1e-030 1e-030 1e-030 1e-030 1e-030 1e-030 1e-030 0.077003 1e-030 1e-030 1e-030 1.75778e-187 1e-030 1e-030 2.72312e-178 0.847773 
1e-030 0.0196078 1e-030 1e-030 1e-030 1e-030 0.0196078 0.0196078 1e-030 1e-030 1e-030 1e-030 1e-030 2.69996e-040 0.0784314 1e-030 1e-030 1e-030 1e-030 1e-030 1e-030 0.0392157 1e-030 0.352941 0.0196078 1e-030 0.0196078 0.137255 1e-030 1e-030 0.0588235 0.235294 
1e-030 1e-030 1e-030 1e-030 1e-030 1e-030 1e-030 1e-030 1e-030 1e-030 1e-030 1e-030 1e-030 1e-030 1e-030 1e-030 1e-030 1e-030 1e-030 1e-030 1e-030 1e-030 1e-030 1e-030 1e-030 1e-030 1e-030 2.47992e-024 1e-030 0.0714286 0.285714 0.642857 
1e-030 4.59979e-265 1e-030 9.88131e-323 1e-030 1e-030 1e-030 1e-030 1e-030 1e-030 1e-030 1e-030 1e-030 1e-030 1e-030 1e-030 1e-030 1e-030 1e-030 1e-030 1e-030 1e-030 1e-030 9.02942e-009 1e-030 1e-030 1e-030 0.666667 1e-030 0.166667 0.166667 3.1565e-008 
1e-030 3.89179e-184 1e-030 4.03698e-233 1e-030 1e-030 1e-030 2.95866e-319 1e-030 1e-030 1e-030 1e-030 1e-030 1e-030 1e-030 1e-030 1e-030 1e-030 1e-030 1e-030 1e-030 1e-030 1e-030 0.598915 1e-030 1e-030 1e-030 5.67625e-020 1e-030 5.99982e-183 3.80853e-031 0.401085 
1e-030 3.50424e-039 1e-030 1e-030 1e-030 1e-030 1e-030 1.62366e-290 1e-030 1e-030 1e-030 1e-030 1e-030 1e-030 1e-030 1e-030 1e-030 1e-030 1e-030 1e-030 1e-030 1e-030 1e-030 2.74083e-021 1e-030 1e-030 1e-030 7.2126e-219 1e-030 1e-030 0.409821 0.590179 
1e-030 0.107844 0.026961 0.026961 1e-030 1e-030 0.026961 0.026961 1e-030 1e-030 1e-030 1e-030 1e-030 1e-030 1e-030 1e-030 1e-030 1e-030 1e-030 1e-030 1e-030 1e-030 1e-030 0.296571 1e-030 1e-030 1e-030 0.0539221 1e-030 0.026961 0.0293639 0.377493 
1e-030 1e-030 1e-030 1e-030 1e-030 1e-030 1e-030 1e-030 1e-030 1e-030 1e-030 1e-030 1e-030 1e-030 1e-030 1e-030 1e-030 1e-030 1e-030 1e-030 1e-030 1e-030 1e-030 1 1e-030 1e-030 1e-030 1e-030 1e-030 1e-030 1e-030 1e-030 
1e-030 1e-030 1e-030 1e-030 1e-030 1e-030 1e-030 1e-030 1e-030 1e-030 1e-030 1e-030 1e-030 1e-030 1e-030 1e-030 1e-030 1e-030 1e-030 1e-030 1e-030 1e-030 1e-030 0.450057 1e-030 1e-030 1e-030 1e-030 1e-030 1e-030 1e-030 0.549943 
1e-030 1e-030 1e-030 1e-030 1e-030 1e-030 1e-030 1e-030 1e-030 1e-030 1e-030 1e-030 1e-030 1e-030 1e-030 1e-030 1e-030 1e-030 1e-030 1e-030 1e-030 1e-030 1e-030 1 1e-030 1e-030 1e-030 1e-030 1e-030 1e-030 1e-030 1.38094e-024 
1e-030 1e-030 1e-030 1e-030 1e-030 1e-030 1e-030 1e-030 1e-030 1e-030 1e-030 1e-030 1e-030 1e-030 1e-030 1e-030 1e-030 1e-030 1e-030 1e-030 1e-030 1e-030 1e-030 2.67221e-051 1e-030 1e-030 1e-030 1e-030 1e-030 4.80401e-005 1.41988e-134 0.999952 
1e-030 0.0177565 1e-030 1e-030 1e-030 1e-030 1e-030 1e-030 1e-030 1e-030 1e-030 1e-030 1e-030 1e-030 1e-030 1e-030 1e-030 1e-030 0.0177565 1e-030 1e-030 1e-030 1e-030 0.337373 1e-030 1e-030 0.0177565 0.0887825 1e-030 0.0710169 0.230834 0.218723 
1e-030 1e-030 1e-030 1e-030 1e-030 1e-030 1e-030 1e-030 1e-030 1e-030 1e-030 1e-030 1e-030 1e-030 1e-030 1e-030 1e-030 1e-030 1e-030 1e-030 1e-030 1e-030 1e-030 7.12725e-195 1e-030 1e-030 1e-030 1 1e-030 1e-030 1e-030 4.57095e-025 
1e-030 1e-030 1e-030 1e-030 1e-030 1e-030 1e-030 1e-030 1e-030 1e-030 1e-030 1e-030 1e-030 1e-030 1e-030 1e-030 1e-030 1e-030 1e-030 1e-030 1e-030 1e-030 1e-030 0.0215351 1e-030 1e-030 1e-030 0.133308 1e-030 3.94608e-079 1e-030 0.845157 
1e-030 1e-030 1e-030 1e-030 1e-030 1e-030 1e-030 1e-030 1e-030 1e-030 1e-030 1e-030 1e-030 7.67587e-216 1e-030 1e-030 1e-030 1e-030 1e-030 1e-030 1e-030 1e-030 1e-030 0.333792 1e-030 1e-030 1e-030 0.0606289 1e-030 1.27655e-019 1e-030 0.605579 
1e-030 2.43834e-212 1e-030 1e-030 1e-030 1e-030 1e-030 0.000711014 1e-030 1e-030 1e-030 1e-030 1e-030 0.095919 1e-030 1e-030 1e-030 1e-030 1e-030 1e-030 1e-030 1e-030 1e-030 2.0526e-011 1e-030 1e-030 1e-030 3.68868e-051 1e-030 0.0961527 8.52664e-064 0.807217 
1e-030 0.045458 1e-030 1e-030 1e-030 1e-030 1e-030 0.0225609 1e-030 0.022729 1e-030 1e-030 1e-030 5.61314e-005 1e-030 1e-030 1e-030 1e-030 1e-030 0.045458 0.022729 0.022729 1e-030 0.250019 1e-030 1e-030 0.022729 0.022729 1e-030 0.0227299 0.204561 0.295512 
1e-030 1e-030 1e-030 1e-030 1e-030 1e-030 1e-030 1e-030 1e-030 1e-030 1e-030 1e-030 1e-030 1e-030 1e-030 1e-030 1e-030 1e-030 1e-030 1e-030 1e-030 1e-030 1e-030 1 1e-030 1e-030 1e-030 1e-030 1e-030 1e-030 1e-030 1e-030 
1e-030 0.166667 1e-030 1e-030 1e-030 1e-030 1e-030 1e-030 1e-030 1e-030 1e-030 1e-030 1e-030 1e-030 1e-030 1e-030 1e-030 1e-030 1e-030 1e-030 1e-030 1e-030 1e-030 9.13934e-022 1e-030 1e-030 1e-030 1e-030 1e-030 1e-030 0.5 0.333333 
1e-030 1.16894e-261 1e-030 1e-030 1e-030 1e-030 1e-030 1e-030 1e-030 1e-030 1e-030 1e-030 1e-030 1e-030 1e-030 1e-030 1e-030 1e-030 1e-030 1e-030 1e-030 1e-030 1e-030 0.499545 1e-030 1e-030 1e-030 1e-030 1e-030 0.027753 1.25935e-031 0.472702 
1e-030 7.20519e-182 1e-030 1e-030 1e-030 1e-030 1e-030 1e-030 1e-030 1e-030 1e-030 1e-030 1e-030 1e-030 1.12343e-182 1e-030 1e-030 1e-030 1e-030 1e-030 1e-030 1e-030 1e-030 6.49254e-007 1e-030 1e-030 1e-030 1e-030 1e-030 4.74722e-062 5.95998e-036 0.999999 
1e-030 1e-030 1e-030 1e-030 1e-030 1e-030 1e-030 1e-030 1e-030 1e-030 1e-030 1e-030 1e-030 0.0311672 0.0623344 1e-030 0.0311672 1e-030 1e-030 1e-030 1e-030 1e-030 1e-030 0.0935112 1e-030 1e-030 1e-030 0.0311672 1e-030 1.73559e-117 0.280505 0.470148 
1e-030 1e-030 1e-030 1e-030 1e-030 1e-030 1e-030 0.166873 1e-030 1e-030 1e-030 1e-030 1e-030 1e-030 1e-030 2.14529e-077 1e-030 1e-030 1e-030 1e-030 1e-030 2.09576e-009 1e-030 1e-030 1e-030 1e-030 1e-030 1e-030 1e-030 1e-030 1e-030 0.833127 
1e-030 1e-030 1e-030 1e-030 1e-030 0.00894335 1e-030 1e-030 1e-030 1e-030 1e-030 1e-030 1e-030 1e-030 1e-030 0.395834 0.197917 0.197917 1.31934e-080 1e-030 1e-030 0.197917 1e-030 1e-030 1e-030 1e-030 1e-030 2.52879e-017 1e-030 1e-030 1e-030 0.00147179 
1e-030 1e-030 1e-030 1e-030 1e-030 0.0728316 1e-030 1e-030 1e-030 1e-030 1e-030 1e-030 1e-030 1e-030 1e-030 3.91996e-021 1e-030 1.34468e-109 0.0762784 1e-030 0.0762784 1e-030 1e-030 0.0923508 1e-030 1e-030 1e-030 0.529704 1e-030 0.0762784 0.0762784 2.59465e-007 
1e-030 1e-030 1e-030 1e-030 1e-030 5.52053e-247 3.6705e-269 3.12789e-146 1e-030 1e-030 1e-030 1e-030 1e-030 1e-030 1.9631e-030 1e-030 1e-030 1e-030 1.23286e-197 1e-030 1.3629e-167 1e-030 1e-030 0.30809 1e-030 1e-030 1e-030 0.0332236 1e-030 3.19557e-050 5.13569e-009 0.658687 
1e-030 1e-030 1e-030 1e-030 1e-030 1e-030 0.0343988 0.103196 1e-030 1e-030 1e-030 1e-030 1e-030 1e-030 0.171994 1e-030 1e-030 1e-030 1e-030 1e-030 1e-030 0.0343988 1e-030 1.87997e-011 0.0343988 1e-030 1e-030 0.0343988 1e-030 1.6592e-298 0.206393 0.380821 
1e-030 1e-030 1e-030 1e-030 1e-030 1e-030 1e-030 1e-030 1e-030 1e-030 1e-030 1e-030 1e-030 1e-030 1e-030 1e-030 1e-030 1e-030 1e-030 1e-030 1e-030 1e-030 1e-030 6.07089e-068 1e-030 1e-030 1e-030 5.51295e-023 1e-030 1e-030 1e-030 1 
1e-030 1e-030 1e-030 1e-030 1e-030 1e-030 1e-030 1e-030 1e-030 1e-030 1e-030 1e-030 1e-030 1e-030 1e-030 1e-030 1e-030 1e-030 1e-030 1e-030 1e-030 1e-030 1e-030 1.761e-014 1e-030 1e-030 1e-030 1 1e-030 1e-030 1e-030 7.78698e-014 
1e-030 1e-030 1e-030 1e-030 1e-030 1e-030 1e-030 1e-030 1e-030 1e-030 1e-030 1e-030 1e-030 1e-030 1.60482e-218 1e-030 1e-030 1e-030 1e-030 1e-030 1e-030 1e-030 1e-030 0.62026 1e-030 1e-030 1e-030 8.28693e-030 1e-030 1e-030 3.32028e-017 0.37974 
1e-030 4.7836e-060 1e-030 1e-030 1e-030 1e-030 1e-030 1.41924e-202 1e-030 1e-030 1e-030 1e-030 1e-030 1e-030 0.106103 1e-030 1e-030 1e-030 1e-030 1e-030 1e-030 1e-030 1e-030 2.72875e-008 1e-030 1e-030 6.05836e-230 1.18179e-285 1e-030 1.05813e-256 0.38271 0.511187 
1e-030 0.0619905 1e-030 1e-030 1e-030 1e-030 1e-030 0.0206635 1e-030 1e-030 1e-030 1e-030 1e-030 1e-030 5.98354e-006 1e-030 1e-030 1e-030 1e-030 1e-030 1e-030 0.0206635 1e-030 0.433934 1e-030 1e-030 0.0206635 0.041327 1e-030 0.0206635 0.11146 0.268628 
1e-030 1e-030 1e-030 1e-030 1e-030 1e-030 1e-030 1e-030 1e-030 1e-030 1e-030 1e-030 1e-030 1e-030 1e-030 1e-030 1e-030 1e-030 1e-030 1e-030 1e-030 1e-030 1e-030 0.416828 1e-030 1e-030 1e-030 0.496854 1e-030 1e-030 6.8323e-105 0.0863176 
1e-030 1.51663e-163 1e-030 1e-030 1e-030 5.14731e-309 1e-030 1e-030 1e-030 1e-030 1e-030 1e-030 1e-030 1e-030 1.43972e-134 1e-030 1e-030 1e-030 1e-030 1e-030 1e-030 1e-030 1e-030 0.141583 1e-030 1e-030 1e-030 3.09993e-006 1e-030 2.61689e-077 0.0967599 0.761654 
1e-030 3.46132e-134 1e-030 1e-030 1e-030 6.02023e-280 1e-030 1e-030 1e-030 1e-030 1e-030 1e-030 1e-030 1e-030 1.81252e-105 1e-030 1e-030 1e-030 1e-030 1e-030 1e-030 1e-030 1e-030 2.67503e-018 1e-030 1e-030 1e-030 0.270163 1e-030 7.89574e-202 0.0278964 0.70194 
1e-030 8.1432e-106 1e-030 1e-030 1e-030 4.53109e-251 1e-030 1e-030 1e-030 1e-030 1e-030 1e-030 1e-030 1e-030 1.10211e-077 1e-030 1e-030 1e-030 1e-030 1e-030 1e-030 1e-030 1e-030 0.359393 1e-030 1e-030 1e-030 4.59516e-022 1e-030 1.20769e-179 0.0639521 0.576655 
1e-030 0.0834862 1e-030 1e-030 1e-030 0.0208716 1e-030 1e-030 1e-030 1e-030 1e-030 1e-030 1e-030 1e-030 0.0626147 1e-030 1e-030 1e-030 1e-030 1e-030 1e-030 0.0208716 1e-030 0.354857 1e-030 1e-030 0.0417431 0.0626147 1e-030 0.0208716 0.24534 0.0867295 
1e-030 2.57195e-295 1e-030 1e-030 1e-030 1e-030 1e-030 1e-030 1e-030 1e-030 1e-030 1e-030 1e-030 1e-030 2.71376e-247 1e-030 1e-030 1e-030 1e-030 1e-030 1e-030 1e-030 1e-030 0.557727 1e-030 1e-030 1e-030 0.0119091 1e-030 1e-030 4.48626e-023 0.430364 
1e-030 3.25385e-248 1e-030 1e-030 1e-030 1e-030 1e-030 1e-030 1e-030 1e-030 1e-030 1e-030 1e-030 1e-030 1e-030 1e-030 1e-030 1e-030 1e-030 1e-030 1e-030 1e-030 1e-030 2.42402e-008 1e-030 1e-030 1e-030 0.247337 1e-030 1e-030 0.0631834 0.68948 
1e-030 2.38449e-247 1e-030 1e-030 1e-030 1e-030 1e-030 1e-030 1e-030 1e-030 1e-030 1e-030 1e-030 1e-030 1e-030 1e-030 1e-030 1e-030 1e-030 1e-030 1e-030 1e-030 1e-030 0.999567 1e-030 1e-030 1e-030 3.80679e-050 1e-030 1e-030 6.69549e-022 0.000433018 
1e-030 8.26184e-231 1e-030 1e-030 1e-030 1e-030 1e-030 5.00283e-287 1e-030 1e-030 1e-030 1e-030 1e-030 1e-030 1.60824e-012 1e-030 1e-030 1e-030 1e-030 1e-030 1e-030 1e-030 1e-030 1.57582e-009 1e-030 1e-030 1e-030 8.61072e-073 1e-030 1e-030 0.488542 0.511458 
1e-030 0.0435684 1e-030 0.0217842 1e-030 1e-030 1e-030 0.0653527 1e-030 1e-030 1e-030 1e-030 1e-030 1e-030 0.0653527 1e-030 1e-030 1e-030 1e-030 1e-030 1e-030 1e-030 1e-030 0.283195 1e-030 1e-030 0.0217842 0.0871369 1e-030 1e-030 0.0886357 0.32319 
1e-030 1e-030 1e-030 1e-030 1e-030 1e-030 1e-030 1e-030 1e-030 1e-030 1e-030 1e-030 1e-030 1e-030 1e-030 1e-030 1e-030 1e-030 1e-030 1e-030 1e-030 1e-030 1e-030 1 1e-030 1e-030 1e-030 1e-030 1e-030 1.45277e-104 1e-030 1.80027e-024 
1e-030 1e-030 1e-030 1e-030 1e-030 1e-030 1e-030 1e-030 1e-030 1e-030 1e-030 1e-030 1e-030 1.10669e-170 2.50001e-171 1e-030 1e-030 1e-030 1e-030 1e-030 1e-030 1e-030 1e-030 0.578342 1e-030 1e-030 1e-030 1e-030 1e-030 2.31623e-076 2.16877e-201 0.421658 
1e-030 1e-030 1e-030 1e-030 1e-030 1e-030 1e-030 1e-030 1e-030 1e-030 1e-030 1e-030 1e-030 1e-030 1.13924e-171 1e-030 1e-030 1e-030 1e-030 1e-030 1e-030 1e-030 1e-030 0.842658 1e-030 1e-030 1e-030 1e-030 1e-030 0.0346734 7.6658e-172 0.122669 
1e-030 1e-030 1e-030 1e-030 1e-030 1e-030 1e-030 1e-030 1e-030 1e-030 1e-030 1e-030 1e-030 3.18816e-005 2.85829e-096 1e-030 1e-030 1e-030 1e-030 1e-030 1e-030 1e-030 1e-030 0.103227 1e-030 1e-030 1e-030 1e-030 1e-030 5.15151e-116 4.86738e-125 0.896742 
1e-030 1e-030 1e-030 1e-030 1e-030 1e-030 1e-030 1e-030 1e-030 1e-030 1e-030 1e-030 1e-030 0.023308 0.069942 1e-030 1e-030 1e-030 1e-030 1e-030 1e-030 1e-030 1e-030 0.16972 1e-030 1e-030 1e-030 1e-030 1e-030 2.19097e-212 0.11657 0.620459 
1e-030 1e-030 1e-030 1e-030 1e-030 1e-030 1e-030 1e-030 1e-030 1e-030 1e-030 1e-030 1e-030 1e-030 1e-030 1e-030 1e-030 1e-030 1e-030 1e-030 1e-030 1e-030 1e-030 0.00178311 1e-030 1e-030 1e-030 4.40402e-009 1e-030 1e-030 2.83422e-197 0.998217 
1e-030 9.11229e-272 2.19305e-274 1e-030 1e-030 1e-030 1e-030 3.63926e-271 1e-030 1e-030 1e-030 1e-030 1e-030 1e-030 1.31797e-245 1e-030 1e-030 1e-030 1e-030 1e-030 1e-030 1e-030 1e-030 0.39294 1e-030 1e-030 1e-030 0.382862 1e-030 1e-030 1.53713e-021 0.224197 
1e-030 2.66546e-271 6.57766e-274 1e-030 1e-030 1e-030 1e-030 1.28774e-245 1e-030 1e-030 1e-030 1e-030 1e-030 1e-030 1.96067e-157 1e-030 1e-030 1e-030 1e-030 1e-030 1e-030 1e-030 1e-030 0.54997 1e-030 1e-030 1e-030 0.0570084 1e-030 1e-030 0.0718484 0.321173 
1e-030 1.61115e-223 2.42349e-271 1e-030 1e-030 1e-030 1e-030 1.03416e-021 1e-030 1e-030 1e-030 1e-030 1e-030 1e-030 0.000614183 1e-030 1e-030 1e-030 1e-030 1e-030 1e-030 1e-030 1e-030 2.63246e-006 1e-030 1e-030 1e-030 4.68068e-035 1e-030 1e-030 5.934e-015 0.999383 
1e-030 0.0431774 0.0215887 1e-030 1e-030 1e-030 1e-030 0.0431774 1e-030 1e-030 1e-030 1e-030 1e-030 1e-030 0.0646313 1e-030 1e-030 1e-030 0.0215887 1e-030 1e-030 1e-030 1e-030 0.453362 1e-030 1e-030 1e-030 0.0431774 1e-030 1e-030 0.0863547 0.222942 
1e-030 1e-030 1e-030 1e-030 1e-030 1e-030 1e-030 1e-030 1e-030 1e-030 1e-030 1e-030 1e-030 1e-030 1e-030 1e-030 1e-030 1e-030 1e-030 1e-030 1e-030 1e-030 1e-030 2.05058e-010 1e-030 1e-030 1e-030 0.821364 1e-030 3.61381e-266 0.178636 4.18003e-167 
1e-030 1e-030 1e-030 1e-030 1e-030 1e-030 1e-030 1e-030 1e-030 1e-030 1e-030 1e-030 1e-030 1e-030 1e-030 1e-030 1e-030 1e-030 1e-030 1e-030 1e-030 1e-030 1e-030 0.693967 1e-030 1e-030 1e-030 0.216224 1e-030 3.23921e-314 0.0898092 1.54872e-025 
1e-030 1e-030 1e-030 1e-030 1e-030 1e-030 1e-030 1e-030 1e-030 1e-030 1e-030 1e-030 1e-030 1e-030 1e-030 1e-030 1e-030 1e-030 1e-030 1e-030 1e-030 1e-030 1e-030 0.829355 1e-030 1e-030 1e-030 7.60481e-005 1e-030 0.00277282 2.46453e-023 0.167796 
1e-030 1e-030 1e-030 1e-030 1e-030 1e-030 1e-030 1e-030 1e-030 1e-030 1e-030 1e-030 1e-030 1e-030 1e-030 1e-030 1e-030 1e-030 1e-030 1e-030 1e-030 1e-030 1e-030 0.779657 1e-030 1e-030 1e-030 5.89093e-043 1e-030 0.154959 0.000444129 0.0649397 
1e-030 1e-030 1e-030 1e-030 1e-030 1e-030 1e-030 1e-030 1e-030 1e-030 1e-030 1e-030 1e-030 1e-030 1e-030 1e-030 1e-030 1e-030 1e-030 1e-030 1e-030 1e-030 1e-030 0.115828 1e-030 1e-030 1e-030 1.92993e-290 1e-030 2.97149e-030 0.217703 0.666469 
1e-030 1e-030 1e-030 1e-030 1e-030 0.257978 1e-030 1e-030 1e-030 0.220387 1e-030 1e-030 1e-030 1e-030 1e-030 1e-030 2.33407e-117 0.257978 0.257978 1e-030 7.10824e-244 1e-030 1e-030 1e-030 1e-030 1e-030 1e-030 0.00567803 1e-030 6.44188e-020 1e-030 1e-030 
1e-030 1e-030 1e-030 1e-030 1e-030 2.73939e-014 1e-030 1e-030 1e-030 0.0661706 1e-030 1e-030 1e-030 1e-030 1e-030 1e-030 0.03562 6.29505e-255 4.1959e-029 1e-030 3.70782e-140 1e-030 1e-030 1e-030 1e-030 1e-030 1e-030 0.444108 1e-030 0.454101 1e-030 1e-030 
1e-030 1e-030 1e-030 1e-030 1e-030 1e-030 1e-030 1e-030 1e-030 1.85571e-288 1e-030 1e-030 1e-030 1e-030 1e-030 1e-030 0.294466 0.201581 0.302372 1e-030 0.201581 1.2761e-052 1e-030 1.3775e-007 1e-030 1e-030 1e-030 3.59741e-046 1e-030 2.58123e-007 1e-030 9.58247e-266 
1e-030 1e-030 1e-030 1e-030 1e-030 1e-030 1e-030 1e-030 1e-030 1e-030 1e-030 1e-030 1e-030 1e-030 4.32565e-188 1e-030 1e-030 1.47869e-020 1e-030 1e-030 2.49297e-176 0.0820173 1e-030 0.562177 1e-030 1e-030 1e-030 0.16403 1e-030 1e-030 5.10253e-050 0.191776 
1e-030 1e-030 1e-030 1e-030 1e-030 1e-030 1e-030 0.0880166 1e-030 1e-030 1e-030 1e-030 1e-030 1e-030 0.0880166 1e-030 1e-030 1e-030 1e-030 1e-030 1e-030 1.0631e-047 1e-030 0.0729769 1e-030 1e-030 1e-030 0.0704143 1e-030 1e-030 0.05281 0.627766 
1e-030 1e-030 1e-030 1e-030 1e-030 1e-030 1e-030 1e-030 1e-030 1e-030 1e-030 1e-030 1e-030 1e-030 1e-030 1e-030 1e-030 1e-030 1e-030 1e-030 1e-030 1e-030 1e-030 0.000273086 1e-030 1e-030 1e-030 1e-030 1e-030 1e-030 1.08549e-277 0.999727 
1e-030 1e-030 1e-030 1e-030 1e-030 1e-030 1e-030 1e-030 1e-030 1e-030 1e-030 1e-030 1e-030 1e-030 1e-030 1e-030 1e-030 1e-030 1e-030 1e-030 1e-030 1e-030 1e-030 0.38588 1e-030 1e-030 1e-030 1e-030 1e-030 1e-030 4.92327e-061 0.61412 
1e-030 1e-030 1e-030 1e-030 1e-030 1e-030 1e-030 1e-030 1e-030 1e-030 1e-030 1e-030 1e-030 1e-030 1e-030 1e-030 1e-030 1e-030 1e-030 1e-030 1e-030 1e-030 1e-030 0.466785 1e-030 1e-030 1e-030 1e-030 1e-030 1e-030 1.58717e-027 0.533215 
1e-030 1e-030 1e-030 1e-030 1e-030 1e-030 1e-030 1e-030 1e-030 1e-030 1e-030 1e-030 1e-030 1e-030 2.41076e-229 1e-030 1e-030 1e-030 1e-030 1e-030 1e-030 1e-030 1e-030 0.0353851 1e-030 1e-030 1e-030 1e-030 1e-030 1e-030 0.000212729 0.964402 
1e-030 1e-030 1e-030 1e-030 1e-030 1e-030 1e-030 1e-030 1e-030 1e-030 1e-030 1e-030 1e-030 1e-030 0.0437442 1e-030 0.0145814 0.0145814 1e-030 1e-030 1e-030 0.0291628 1e-030 0.146347 1e-030 1e-030 1e-030 0.0145814 1e-030 1e-030 0.218709 0.518293 
1e-030 1e-030 1e-030 1e-030 1e-030 1e-030 1e-030 1e-030 1e-030 1e-030 1e-030 1e-030 1e-030 1e-030 1e-030 1e-030 1e-030 1e-030 1e-030 1e-030 1e-030 1e-030 1e-030 1 1e-030 1e-030 1e-030 1e-030 1e-030 1e-030 1e-030 1e-030 
1e-030 1e-030 1e-030 1e-030 1e-030 1e-030 1e-030 1e-030 1e-030 1e-030 1e-030 1e-030 1e-030 1e-030 1e-030 1e-030 1e-030 1e-030 1e-030 1e-030 1e-030 1e-030 1e-030 0.0434783 1e-030 1e-030 1e-030 3.86518e-088 1e-030 1e-030 0.26087 0.695652 
1e-030 1e-030 1e-030 1e-030 1e-030 1e-030 1e-030 1e-030 1e-030 1e-030 1e-030 1e-030 1e-030 1e-030 1e-030 1e-030 1e-030 1e-030 1e-030 1e-030 1e-030 1e-030 1e-030 1.08531e-236 1e-030 1e-030 1e-030 0.999998 1e-030 1e-030 2.70812e-109 2.09656e-006 
1e-030 1e-030 1e-030 1e-030 1e-030 1e-030 1e-030 1e-030 1e-030 1e-030 1e-030 1e-030 1e-030 1e-030 1e-030 1e-030 1e-030 1e-030 1e-030 1e-030 1e-030 1e-030 1e-030 0.427352 1e-030 1e-030 1e-030 1.05539e-071 1e-030 1e-030 9.01895e-022 0.572648 
1e-030 0.0665802 1e-030 1e-030 1e-030 1e-030 1e-030 1e-030 1e-030 1e-030 1e-030 1e-030 1e-030 1e-030 0.0443868 1e-030 0.0221934 1e-030 0.0221934 1e-030 1e-030 0.0221934 1e-030 0.17848 1e-030 1e-030 0.0221934 0.0887736 1e-030 1e-030 0.155354 0.377652 
1e-030 5.74301e-244 1e-030 1e-030 1e-030 1e-030 1e-030 1e-030 1e-030 1e-030 1e-030 1e-030 1e-030 1e-030 1e-030 1e-030 1e-030 1e-030 1e-030 1e-030 1e-030 1e-030 1e-030 3.12318e-005 1e-030 1e-030 1e-030 0.088629 1e-030 1e-030 2.24185e-016 0.91134 
1e-030 1.07081e-041 1e-030 1e-030 1e-030 1e-030 1e-030 1.02832e-149 1e-030 1e-030 1e-030 1e-030 1e-030 4.69066e-241 4.69066e-241 1e-030 1.991e-241 1e-030 1e-030 1e-030 1e-030 1e-030 1e-030 0.0396863 1e-030 1e-030 1e-030 0.147864 1e-030 1e-030 0.00208423 0.810366 
1e-030 1.21043e-054 1e-030 1e-030 1e-030 1e-030 1e-030 5.04048e-146 1e-030 1e-030 1e-030 1e-030 1e-030 1e-030 1e-030 1e-030 1.84512e-241 1e-030 1e-030 1e-030 1e-030 1e-030 1e-030 0.0868133 1e-030 1e-030 1e-030 0.132802 1e-030 1e-030 0.0256876 0.754697 
1e-030 2.38074e-039 1e-030 1e-030 1e-030 1e-030 1e-030 4.91237e-176 1e-030 1e-030 1e-030 1e-030 1e-030 1e-030 3.27074e-276 1e-030 1e-030 1e-030 1e-030 1e-030 1e-030 1e-030 1e-030 0.183965 1e-030 1e-030 1e-030 0.114285 1e-030 1e-030 0.0313171 0.670432 
1e-030 0.0571556 1e-030 1e-030 1e-030 1e-030 1e-030 0.0285778 1e-030 1e-030 1e-030 1e-030 1e-030 0.0285778 0.0285778 1e-030 0.0285778 1e-030 1e-030 1e-030 1e-030 1e-030 1e-030 0.0297638 1e-030 1e-030 1e-030 4.48389e-010 1e-030 1e-030 0.421477 0.377292 
1e-030 1e-030 1e-030 1e-030 1e-030 1e-030 1e-030 1e-030 1e-030 1e-030 1e-030 1e-030 1e-030 1e-030 1e-030 1e-030 1e-030 1e-030 1e-030 1e-030 1e-030 1e-030 1e-030 6.22967e-168 1e-030 1e-030 1e-030 9.07012e-031 1e-030 1e-030 0.0666667 0.933333 
1e-030 1e-030 1e-030 1e-030 1e-030 1e-030 1e-030 1e-030 1e-030 1e-030 1e-030 1e-030 1e-030 1e-030 1.341e-299 1e-030 1e-030 1e-030 1e-030 1e-030 1e-030 1e-030 1e-030 0.255365 1e-030 1e-030 1e-030 0.744624 1e-030 1e-030 2.48514e-081 1.17255e-005 
1e-030 1e-030 1e-030 1e-030 1e-030 1e-030 1e-030 1e-030 1e-030 1e-030 1e-030 1e-030 1e-030 1e-030 2.68396e-319 1e-030 1e-030 1e-030 1e-030 1e-030 1e-030 1e-030 1e-030 0.458226 1e-030 1e-030 1e-030 0.0544417 1e-030 1e-030 4.15618e-166 0.487332 
1e-030 4.05069e-249 1e-030 1e-030 1e-030 1e-030 1e-030 3.53185e-278 1e-030 1e-030 1e-030 1e-030 1e-030 1e-030 2.11147e-022 1e-030 1e-030 1e-030 1e-030 1e-030 1e-030 1e-030 1e-030 6.16072e-017 1e-030 1e-030 1e-030 1.71215e-086 1e-030 1e-030 3.22553e-090 1 
1e-030 0.0471799 1e-030 1e-030 1e-030 1e-030 1e-030 0.0943598 1e-030 1e-030 1e-030 1e-030 1e-030 1e-030 0.18872 1e-030 0.0471799 1e-030 1e-030 1e-030 1e-030 1e-030 1e-030 0.047198 1e-030 1e-030 1e-030 2.20862e-207 1e-030 1e-030 0.0943598 0.481003 
1e-030 1e-030 1e-030 1e-030 1e-030 1e-030 1e-030 1e-030 1e-030 1e-030 1e-030 1e-030 1e-030 1e-030 1e-030 1e-030 1e-030 1e-030 1e-030 1e-030 1e-030 1e-030 1e-030 4.09789e-240 1e-030 1e-030 1e-030 0.0771846 1e-030 1e-030 1e-030 0.922815 
1e-030 1e-030 1e-030 1e-030 1e-030 1e-030 1e-030 1e-030 1e-030 1e-030 1e-030 1e-030 1e-030 1e-030 1e-030 1e-030 1e-030 1e-030 1e-030 1e-030 1e-030 1e-030 1e-030 1.09372e-254 1e-030 1e-030 1e-030 0.0714129 1e-030 1e-030 1e-030 0.928587 
1e-030 1e-030 1e-030 1e-030 1e-030 1e-030 1e-030 1e-030 1e-030 1e-030 1e-030 1e-030 1e-030 1e-030 1e-030 1e-030 1e-030 1e-030 1e-030 1e-030 1e-030 1e-030 1e-030 1.18262e-070 1e-030 1e-030 1e-030 1 1e-030 1e-030 1e-030 7.65742e-008 
1e-030 1.38699e-138 1e-030 3.98296e-278 1e-030 1e-030 1e-030 8.65239e-196 1e-030 1e-030 1e-030 1e-030 1e-030 1e-030 4.10672e-056 1e-030 1e-030 1e-030 1e-030 1e-030 1e-030 1e-030 1e-030 0.19367 1e-030 1e-030 1e-030 3.42709e-087 1e-030 1e-030 0.0383594 0.76797 
1e-030 0.0948001 1e-030 0.0237 1e-030 0.0237 1e-030 0.0237 1e-030 1e-030 1e-030 1e-030 1e-030 1e-030 0.0711001 1e-030 0.0237 1e-030 1e-030 1e-030 1e-030 1e-030 1e-030 0.071151 1e-030 1e-030 1e-030 0.0948001 1e-030 1e-030 0.0713394 0.502009 
1e-030 1e-030 1e-030 1e-030 1e-030 1e-030 1e-030 1e-030 1e-030 1e-030 1e-030 1e-030 1e-030 1e-030 1e-030 1e-030 1e-030 1e-030 1e-030 1e-030 1e-030 1e-030 1e-030 2.11895e-049 1e-030 1e-030 1e-030 0.0162148 1e-030 1e-030 9.64227e-146 0.983785 
1e-030 1e-030 1e-030 1e-030 1e-030 1e-030 1e-030 1e-030 1e-030 1e-030 1e-030 1e-030 1e-030 1e-030 1e-030 1e-030 1e-030 1e-030 1e-030 1e-030 1e-030 1e-030 1e-030 2.32049e-033 1e-030 1e-030 1e-030 0.89691 1e-030 1e-030 4.20002e-109 0.10309 
1e-030 3.52967e-268 1e-030 1e-030 1e-030 1e-030 1e-030 1e-030 1e-030 1e-030 1e-030 1e-030 1e-030 1e-030 1e-030 1e-030 1e-030 1e-030 1e-030 1e-030 1e-030 1e-030 1e-030 6.56796e-010 1e-030 1e-030 1e-030 0.00730143 1e-030 1e-030 1.32359e-034 0.992699 
1e-030 4.05082e-049 1e-030 1e-030 1e-030 1e-030 1e-030 1.13238e-159 1e-030 1e-030 1e-030 1e-030 1e-030 1e-030 1e-030 1e-030 1e-030 1e-030 1e-030 1e-030 1e-030 1e-030 1e-030 0.0605024 1e-030 1e-030 1e-030 1.24613e-012 1e-030 1e-030 0.032709 0.906789 
1e-030 0.023915 1e-030 1e-030 1e-030 1e-030 1e-030 0.023915 1e-030 1e-030 1e-030 1e-030 1e-030 1e-030 1e-030 1e-030 1e-030 1e-030 1e-030 1e-030 1e-030 1e-030 1e-030 0.119595 0.023915 1e-030 1e-030 0.14349 1e-030 1e-030 0.237218 0.427952 
1e-030 1e-030 1e-030 1e-030 1e-030 1e-030 1e-030 1e-030 1e-030 1e-030 1e-030 1e-030 1e-030 1e-030 1e-030 1e-030 1e-030 1e-030 1e-030 1e-030 1e-030 1e-030 1e-030 1 1e-030 1e-030 1e-030 1e-030 1e-030 1e-030 1e-030 1e-030 
1e-030 1e-030 1e-030 1e-030 1e-030 1e-030 1e-030 1e-030 1e-030 1e-030 1e-030 1e-030 1e-030 1e-030 1e-030 1e-030 1e-030 1e-030 1e-030 1e-030 1e-030 1e-030 1e-030 0.149886 1e-030 1e-030 1e-030 2.38901e-053 1e-030 1e-030 2.36307e-269 0.850114 
1e-030 1e-030 1e-030 1e-030 1e-030 1e-030 1e-030 1e-030 1e-030 1e-030 1e-030 1e-030 1e-030 1e-030 1e-030 1e-030 1e-030 1e-030 1e-030 1e-030 1e-030 1e-030 1e-030 0.613824 1e-030 1e-030 1e-030 0.386176 1e-030 1e-030 4.27123e-285 3.44144e-007 
1e-030 1e-030 1e-030 1e-030 1e-030 1e-030 1e-030 1e-030 1e-030 1e-030 1e-030 1e-030 1e-030 1e-030 5.59599e-173 1e-030 1e-030 1e-030 1e-030 1e-030 1e-030 1e-030 1e-030 0.263479 1e-030 1e-030 1e-030 2.0723e-042 1e-030 1e-030 0.0827503 0.653771 
1e-030 0.021438 1e-030 1e-030 1e-030 1e-030 1e-030 1e-030 1e-030 1e-030 1e-030 1e-030 1e-030 1e-030 0.021438 1e-030 1e-030 1e-030 1e-030 1e-030 1e-030 1e-030 1e-030 0.114046 1e-030 1e-030 1e-030 5.93072e-306 1e-030 1e-030 0.276592 0.566486 
1e-030 1e-030 1e-030 1e-030 1e-030 1e-030 1e-030 1e-030 1e-030 1e-030 1e-030 1e-030 1e-030 1e-030 1e-030 1e-030 1e-030 1e-030 1e-030 1e-030 1e-030 1e-030 1e-030 1e-030 1e-030 1e-030 1e-030 1e-030 1e-030 1e-030 1e-030 1 
1e-030 1e-030 1e-030 1e-030 1e-030 1e-030 1e-030 1e-030 1e-030 1e-030 1e-030 1e-030 1e-030 1e-030 1e-030 1e-030 1e-030 1e-030 1e-030 1e-030 1e-030 1e-030 1e-030 0.680054 1e-030 1e-030 1e-030 0.179918 1e-030 0.059978 2.31706e-313 0.0800492 
1e-030 1e-030 1e-030 1e-030 1e-030 1e-030 1e-030 1e-030 1e-030 1e-030 1e-030 1e-030 1e-030 1e-030 1.46399e-313 1e-030 1e-030 1e-030 1e-030 1e-030 1e-030 1e-030 1e-030 0.854079 1e-030 1e-030 1e-030 9.75407e-006 1e-030 3.41776e-212 1e-030 0.145911 
1e-030 1e-030 1e-030 1e-030 1e-030 1e-030 1e-030 1e-030 1e-030 1e-030 1e-030 1e-030 1e-030 1e-030 2.32203e-220 1e-030 1e-030 1e-030 1e-030 1e-030 1e-030 1e-030 1e-030 0.100389 1e-030 1e-030 1e-030 1.17475e-257 1e-030 1e-030 6.35179e-051 0.899611 
1e-030 1e-030 1e-030 1e-030 1e-030 1e-030 1e-030 1e-030 1e-030 1e-030 1e-030 1e-030 1e-030 1e-030 0.0667019 1e-030 1e-030 1e-030 1e-030 1e-030 1e-030 1e-030 1e-030 0.0341629 1e-030 1e-030 1e-030 1.00413e-283 1e-030 1e-030 0.333509 0.565626 
1e-030 1e-030 1e-030 1e-030 1e-030 1e-030 1e-030 1e-030 1e-030 1e-030 1e-030 1e-030 1e-030 1e-030 1e-030 1e-030 1e-030 1e-030 1e-030 1e-030 1e-030 1e-030 1e-030 1 1e-030 1e-030 1e-030 1e-030 1e-030 1e-030 1.12268e-015 4.56617e-229 
1e-030 1e-030 1e-030 1e-030 1e-030 1e-030 1e-030 1e-030 1e-030 1e-030 1e-030 1e-030 1e-030 1e-030 1e-030 1e-030 1e-030 1e-030 1e-030 1e-030 1e-030 1e-030 1e-030 1.5149e-010 1e-030 1e-030 1e-030 1e-030 1e-030 1e-030 0.749539 0.250461 
1e-030 1e-030 1e-030 1e-030 1e-030 1e-030 1e-030 1e-030 1e-030 1e-030 1e-030 1e-030 1e-030 1e-030 5.477e-309 1e-030 1e-030 1e-030 1e-030 1e-030 1e-030 1e-030 1e-030 0.832377 1e-030 1e-030 1e-030 0.06749 1e-030 4.13471e-242 0.0228428 0.0772906 
1e-030 1e-030 1e-030 1e-030 1e-030 1e-030 1e-030 1e-030 1e-030 1e-030 1e-030 1e-030 1e-030 1e-030 3.06881e-275 1e-030 1e-030 1e-030 1e-030 1e-030 1e-030 1e-030 1e-030 9.06323e-043 1e-030 1e-030 1e-030 1e-030 1e-030 5.94195e-244 5.85902e-006 0.999994 
1e-030 0.133275 0.0333188 0.0333188 1e-030 1e-030 1e-030 1e-030 1e-030 1e-030 1e-030 1e-030 1e-030 1e-030 0.0999565 1e-030 1e-030 1e-030 1e-030 1e-030 1e-030 1e-030 1e-030 1.11283e-075 1e-030 1e-030 1e-030 1e-030 1e-030 0.0333188 0.233231 0.433581 
