32 32 32 32 28 32 32 32 32 24 32 32 32 32 32 24 24 24 24 28 32 24 32 32 32 31 31 31 8 31 31 31 8 15 31 31 31 31 31 31 31 32 32 24 28 28 32 32 32 32 32 32 32 31 32 32 24 24 24 24 24 24 24 31 32 24 24 24 24 31 24 32 32 24 24 32 28 24 24 32 32 24 32 32 32 
32 32 32 32 24 24 32 24 32 32 32 24 31 24 32 24 32 32 24 32 24 24 28 32 32 32 24 24 24 24 28 24 32 32 32 32 31 15 31 31 4 31 31 31 31 31 31 31 31 24 24 24 24 24 32 32 32 32 32 32 32 32 27 24 24 32 24 24 24 24 24 24 24 24 24 32 24 32 24 24 32 32 24 31 24 
31 32 32 32 32 24 32 32 24 32 32 24 24 24 24 32 32 31 28 24 32 24 32 32 32 32 24 32 32 31 24 24 24 28 32 32 32 31 31 31 3 2 31 31 15 31 31 21 24 24 32 32 32 32 32 32 32 32 32 32 32 32 32 32 32 32 31 32 32 32 32 24 24 24 24 24 24 24 24 24 24 24 32 24 32 
24 32 32 32 24 24 24 24 24 24 24 24 24 32 32 32 24 24 24 32 32 32 32 24 32 32 32 24 31 24 32 31 24 24 24 24 32 24 32 32 24 32 32 24 32 24 32 24 24 32 32 32 32 32 32 32 32 32 32 32 31 32 31 31 31 31 31 4 31 31 31 25 24 24 24 32 32 32 28 32 32 32 32 32 32 
24 24 24 24 24 24 24 24 32 24 24 24 24 24 24 24 24 24 24 24 24 24 24 24 24 24 24 24 24 24 24 24 24 24 24 24 24 24 24 24 24 24 24 24 24 32 32 32 32 32 14 15 31 31 31 31 31 31 31 31 4 28 24 32 32 32 31 31 32 32 32 32 32 32 32 32 32 32 28 32 24 24 24 24 24 
28 24 24 24 24 32 24 32 32 32 32 24 24 24 24 32 32 32 31 25 32 32 32 31 31 32 31 31 31 31 31 31 30 30 31 8 2 2 2 2 31 29 31 31 31 31 31 28 28 24 28 30 30 32 32 30 28 32 28 28 24 24 24 24 24 32 32 32 32 24 24 32 32 32 24 24 24 32 24 32 31 24 24 24 32 
31 31 31 32 32 32 32 32 32 32 32 32 24 24 24 32 32 32 32 32 32 32 28 32 32 31 32 32 28 32 32 31 28 28 31 30 31 8 32 31 2 2 4 31 2 8 15 28 28 28 31 28 28 28 28 31 31 32 31 31 30 24 24 24 24 24 24 24 24 24 32 24 24 24 24 24 24 24 24 24 24 24 24 24 24 
32 25 24 24 25 24 24 24 24 24 24 24 24 24 24 24 24 24 24 24 24 24 28 24 24 24 24 24 28 31 31 31 31 32 31 28 32 32 32 31 31 15 8 2 2 2 15 31 2 2 7 2 31 28 31 32 30 30 31 31 24 31 32 32 31 32 32 24 24 32 32 32 32 24 24 24 24 24 24 24 24 24 24 24 24 
28 32 32 32 32 32 32 32 32 32 32 32 31 28 32 24 32 24 24 32 32 32 32 24 32 32 32 32 32 32 32 32 32 14 15 31 31 2 7 15 15 15 8 31 25 28 22 28 32 32 32 27 28 32 32 32 28 24 28 24 22 28 24 24 32 32 24 24 24 32 24 24 24 24 24 24 32 32 24 28 24 24 32 24 24 
32 31 31 30 31 32 32 32 32 31 32 32 32 32 28 28 30 31 28 28 24 32 32 32 32 32 24 32 24 24 24 24 24 24 24 24 24 32 32 32 32 31 32 32 32 31 31 31 2 2 2 4 32 2 8 7 3 24 24 31 32 32 30 32 28 32 32 32 32 32 28 32 32 32 32 24 24 24 24 24 32 24 24 24 24 
24 32 32 24 24 32 24 32 24 32 32 24 24 24 24 24 24 24 32 32 32 32 32 32 32 32 32 32 32 30 31 31 31 31 31 31 2 31 31 31 31 31 32 30 31 32 32 28 27 19 30 32 30 31 32 32 32 28 24 28 24 24 24 28 24 28 24 32 24 24 24 24 24 24 24 24 24 24 24 24 24 32 32 32 32 
28 32 32 32 28 24 32 24 32 32 24 32 24 32 32 24 32 32 32 24 32 28 32 32 32 24 24 24 32 32 32 32 32 32 32 32 30 32 32 32 14 8 31 31 31 2 2 31 31 31 31 31 32 32 32 27 32 32 32 32 32 32 32 32 30 28 24 24 22 20 10 20 21 24 24 31 32 24 24 24 24 32 24 24 24 
24 32 31 2 31 32 31 24 24 32 32 32 32 24 32 32 24 24 24 24 32 32 30 24 24 24 32 24 24 32 32 24 24 24 24 32 32 32 24 32 32 24 32 32 32 32 32 32 32 32 32 32 32 32 31 31 31 31 32 31 15 15 17 31 31 31 14 32 32 24 32 32 32 32 32 32 32 32 31 32 32 32 24 28 24 
8 32 32 32 32 32 22 16 17 18 16 6 28 19 28 21 24 30 28 31 28 28 28 28 24 32 32 28 32 32 24 32 24 24 24 32 24 32 32 32 32 24 24 32 24 32 32 32 32 32 32 32 24 32 32 32 32 31 15 15 8 8 7 15 31 15 31 31 15 8 25 22 28 31 32 32 31 32 32 32 32 32 32 32 32 
32 32 28 24 32 24 32 32 24 24 24 24 24 32 24 24 32 32 32 24 24 24 24 32 24 24 32 32 32 31 32 32 32 31 15 31 31 2 2 2 8 31 31 31 32 32 27 32 32 32 32 30 32 31 32 31 32 28 24 24 32 24 24 32 24 24 22 24 24 24 24 24 24 24 24 24 24 24 24 28 24 24 32 32 24 
28 24 32 24 32 32 32 32 32 31 32 32 28 32 32 28 32 32 32 24 24 32 24 32 24 32 32 32 24 24 24 31 32 32 32 32 32 31 31 28 30 31 15 2 2 2 2 31 31 31 31 15 6 15 27 27 31 24 28 31 31 31 31 32 32 24 24 32 28 24 22 24 24 24 24 24 24 24 24 24 24 24 32 24 24 
24 32 32 32 24 24 24 28 32 32 32 32 31 32 32 32 32 28 28 28 32 32 32 24 24 24 24 24 24 32 31 32 32 32 31 31 31 31 32 32 15 15 31 2 2 31 15 8 8 4 8 32 32 28 32 32 32 32 31 32 32 32 32 28 28 28 27 24 24 24 24 24 24 24 24 24 32 32 24 24 31 32 32 24 24 
24 24 32 24 32 24 24 24 24 24 24 32 24 24 24 24 30 24 24 32 24 24 24 32 24 24 24 24 24 24 24 24 24 24 32 32 32 32 32 24 32 32 32 32 32 32 14 15 31 32 31 31 15 15 31 31 32 32 32 32 32 32 32 32 32 32 32 32 32 32 32 32 32 32 32 32 32 32 24 24 24 24 24 24 24 
32 24 28 32 24 28 28 24 28 24 28 32 24 32 24 32 32 28 24 32 24 24 24 32 24 24 31 24 32 32 32 32 32 32 32 32 32 32 32 15 8 8 2 2 3 31 31 31 31 15 15 19 24 32 32 32 28 32 32 32 28 32 32 32 32 24 24 24 24 24 24 24 24 24 24 24 24 24 24 24 24 24 24 24 24 
28 31 28 28 28 28 24 24 31 28 24 24 24 28 24 24 24 24 24 24 24 24 32 32 24 24 24 24 24 24 24 30 24 24 32 24 31 31 32 32 32 32 32 32 32 32 32 32 32 32 32 31 31 31 31 31 32 32 31 31 31 31 32 32 32 32 32 32 32 32 32 32 32 32 32 32 32 32 32 32 24 24 24 24 24 
18 19 6 10 28 30 17 19 19 17 21 17 18 19 21 18 24 22 28 28 32 24 24 24 32 24 24 24 32 32 32 32 32 32 32 32 32 32 32 32 32 32 31 15 15 8 15 15 15 8 8 8 8 24 32 31 32 32 32 32 32 32 32 32 32 32 32 32 32 32 32 32 32 32 28 28 28 32 28 24 24 32 31 32 24 
32 32 24 32 32 32 24 24 24 32 32 24 32 32 32 32 32 32 31 32 31 32 31 31 31 31 31 31 31 31 32 15 17 18 15 15 22 22 24 24 32 32 32 32 32 31 32 32 32 32 32 32 32 32 32 32 32 32 24 24 24 32 32 31 32 32 31 31 32 32 32 32 32 32 31 32 32 28 24 24 32 24 24 24 32 
24 32 32 32 32 32 32 24 31 31 31 31 32 32 32 32 32 31 31 32 32 32 32 32 28 28 32 24 32 32 24 24 24 24 24 32 32 32 32 32 32 32 31 32 32 31 31 31 2 2 2 31 31 31 17 15 15 19 22 24 28 28 27 24 24 32 32 24 32 32 32 32 32 32 32 32 32 32 28 28 32 24 24 24 24 
32 32 32 28 32 32 32 32 32 32 32 24 32 28 32 32 32 32 28 32 24 31 32 32 32 32 28 32 28 32 32 32 32 32 32 32 32 24 32 32 32 32 28 32 24 24 24 24 32 32 31 32 31 32 32 32 32 31 2 31 31 2 8 31 31 31 31 31 15 14 17 24 32 32 32 31 32 31 32 32 32 31 31 32 31 
32 32 32 32 32 32 32 32 32 31 32 32 32 32 32 28 24 28 28 32 32 32 32 24 24 32 24 32 24 24 32 24 28 24 32 24 32 32 32 24 32 32 24 32 24 32 24 24 24 24 28 32 24 32 32 24 24 32 32 32 32 32 32 32 32 15 31 32 31 15 15 15 2 8 8 32 17 32 32 24 32 32 32 32 32 
32 32 32 32 32 32 28 32 32 32 32 32 32 32 32 28 28 32 32 32 32 32 24 32 24 24 32 24 24 32 32 31 32 32 32 32 32 32 32 32 32 32 32 32 32 15 15 2 2 8 31 15 4 2 2 6 17 24 32 32 32 32 31 32 32 32 32 32 31 32 32 32 32 32 32 32 32 28 28 28 24 28 24 32 32 
32 32 28 28 28 32 32 32 32 32 32 32 32 32 32 32 32 32 32 32 32 32 32 32 32 24 32 24 32 32 32 31 32 32 32 32 32 32 32 32 32 32 32 32 31 31 31 31 32 31 2 31 31 31 31 31 8 24 28 32 32 32 32 32 32 32 32 32 32 32 28 28 32 32 32 28 24 28 24 25 28 24 24 32 32 
24 32 32 32 24 32 32 32 32 32 24 24 28 32 32 24 32 32 32 32 24 31 31 32 24 32 24 24 32 32 32 32 32 24 24 32 32 32 32 32 32 32 31 32 31 32 31 15 2 31 31 31 31 31 31 31 31 31 32 24 32 32 32 32 32 32 32 32 32 32 32 32 32 32 32 32 32 24 24 24 24 32 32 31 32 
32 24 24 24 24 28 24 30 28 24 32 24 24 24 28 24 24 24 32 24 24 24 32 24 24 24 24 24 24 24 24 24 24 24 24 32 24 24 24 24 32 24 24 24 32 32 32 32 32 24 32 32 32 32 32 32 32 31 15 31 31 31 31 15 32 31 31 31 31 32 24 32 32 32 32 32 32 32 32 32 32 32 32 32 31 
24 24 31 31 32 24 24 24 24 24 32 24 24 24 24 32 24 24 28 24 24 24 24 24 24 24 24 31 24 24 24 28 32 28 24 24 24 24 24 24 24 24 24 24 24 24 24 24 24 32 32 32 32 32 32 32 31 32 31 32 30 31 32 32 32 32 32 32 32 31 15 2 2 2 2 3 31 32 31 4 31 15 15 32 32 
