2.81844 0.235897 1.3848 -0.437663 0.567409 -0.707035 0.705859 -0.660678 0.52653 -0.375458 -0.0779883 -0.0340918 
2.60027 0.0624648 1.93105 -1.3395 0.610806 -0.202682 0.218163 -0.915968 0.0132983 -0.0650041 0.0602166 -0.0448965 
2.36263 -0.34995 1.78045 -1.01624 1.40968 -0.376229 0.603559 -0.249293 1.26158 0.175441 -0.0243538 0.00884636 
2.18223 -0.561681 1.75712 -0.904417 1.30179 -1.14089 0.113451 -0.428684 -0.0491898 -0.26775 -0.140293 -0.0703999 
2.3782 -0.118552 0.909426 -0.993675 0.992215 -1.0339 0.0725993 -0.511127 0.520661 0.0487019 0.341261 0.0834086 
2.25544 -0.380863 1.57887 -1.04156 1.24158 -0.990834 0.406441 0.0764902 0.0603817 0.156534 0.294538 0.0366767 
1.69697 0.0686417 1.6129 -0.858402 0.923521 -0.446838 1.06067 0.190641 0.324085 0.0921904 0.305007 0.0555589 
2.31154 -0.433825 1.03191 -0.681548 0.498993 -0.999772 0.384659 -0.405428 0.354522 0.480599 0.377516 0.0320434 
2.05328 -0.420055 0.915463 -1.31135 1.28167 -0.697649 0.25718 -0.275613 0.0136054 0.241206 0.100777 -0.0129988 
2.20194 -0.461955 0.527764 -0.468741 0.828291 -0.750543 0.451229 -0.771996 0.0670241 -0.0527288 0.115251 0.0183172 
1.8987 -0.299799 1.25135 -1.48692 0.975497 -0.311878 0.516111 -0.0615699 -0.0473568 0.218538 0.34531 0.0684507 
1.68402 -0.454335 1.04358 0.253492 1.35498 -0.434 0.493893 -0.0331761 0.352587 -0.199098 0.0274515 -0.0580406 
2.20789 -0.285662 1.60499 -0.625107 0.648032 -0.818417 -0.612686 0.250843 0.274647 -0.292992 0.200978 0.00932342 
2.07228 -0.628158 1.27426 -0.491043 1.00914 -0.63377 0.425059 0.0523068 0.378406 -0.243264 0.368674 -0.012392 
1.97592 -0.575439 0.955019 -0.699594 0.633246 -0.248541 -0.171756 -0.000280722 0.432419 0.169107 0.388018 -0.00401792 
2.10518 -0.451806 1.13253 -0.251276 1.40663 -0.476997 0.425977 0.181053 0.518149 -0.442679 0.295685 0.0809096 
2.05543 -0.247084 1.48415 -0.429861 1.717 0.268566 0.512541 -0.166158 0.549882 -0.281411 0.191785 0.0684985 
1.84994 -0.631097 1.19644 -0.509762 1.17874 -0.256316 0.811184 -0.286473 0.131073 0.178544 0.117029 -0.0307145 
0.654159 1.50137 -0.657707 1.14015 0.624653 -0.79035 0.924339 -1.13011 0.843697 -0.271291 0.456507 -0.0290673 
-1.40475 3.97075 -2.65838 3.3039 0.0330178 -0.0284747 1.22455 -0.285295 1.08374 -0.634332 0.307336 -0.127155 
0.556068 1.98844 -1.00496 2.15208 -0.914051 0.508608 0.0333791 0.122787 0.224186 0.0973172 0.333325 -0.0633956 
2.25573 0.597846 1.12519 0.332283 0.0766334 -0.109602 0.0603754 0.0877534 0.813849 0.293469 0.898269 0.0678654 
2.0408 -0.795153 1.35943 -0.652239 0.480302 -0.512916 -0.127385 -0.422162 0.310029 0.0108863 0.190809 0.0912191 
1.99027 -0.0236338 1.73991 -0.668633 0.653654 -0.361412 0.214664 0.306848 -0.426011 -0.294245 0.082345 0.023722 
1.95232 -0.221634 1.77487 -0.641404 1.57052 -0.582885 -0.364784 -0.218765 -0.0343316 -0.117888 0.0457798 -0.0600944 
2.1531 -0.773672 1.87865 -0.486695 1.2936 -0.0121158 0.3891 -0.428887 0.211817 0.124645 0.279612 0.0223689 
2.44508 -0.340701 1.94717 -0.846282 1.55177 -0.317733 0.748616 -0.196617 -0.266697 0.0957219 0.163557 0.0270972 
1.80311 0.305953 0.98591 -0.726 0.811149 0.0695449 -0.44503 0.292795 -0.148658 -0.153425 0.484581 -0.0311785 
-1.9903 -2.42992 -0.0785691 -1.31144 -1.42304 0.642395 2.42895 1.67471 -0.880621 -1.1324 0.48275 -0.285211 
-4.25595 -2.65897 0.208196 -0.951854 -1.20929 -0.982235 2.46975 1.94546 0.432631 -1.06814 0.373971 -0.335447 
-4.87144 -2.26539 -0.12805 -0.548502 -0.348857 -0.46465 2.23684 1.78238 -0.49862 -1.18105 0.531602 -0.178778 
-5.23262 -2.04989 0.904016 -0.377026 -1.21694 -0.134523 1.86753 1.67062 -0.469709 -1.02958 0.657247 -0.226555 
-5.20077 -1.70423 1.08452 0.241042 -0.899896 -0.811658 1.4172 1.82233 0.0423915 -0.902624 0.510929 -0.15081 
-4.498 -2.19485 0.388544 0.202591 -0.793974 -1.64525 1.68901 2.18176 0.106642 -0.60164 0.248734 -0.163388 
-5.15156 -1.6324 0.711304 -2.0035 -1.35888 -1.19751 1.83124 1.08352 0.598533 -0.951632 0.43177 -0.157931 
-5.312 -2.86827 -0.270278 -2.81464 -1.26766 -1.35748 1.0298 1.42791 0.659335 -0.718106 0.583119 -0.153186 
-3.4274 -2.93092 -1.00346 -1.69573 -2.92884 -1.67529 1.98977 1.7339 0.4023 -0.611931 0.369373 -0.166482 
-2.51076 -1.16661 0.138059 -1.40767 -1.09538 -0.847257 1.52048 2.48407 -0.246377 -0.495486 0.34584 -0.258216 
-1.12095 -0.890405 0.486314 -0.444354 -0.131448 0.0532346 1.32797 1.94398 0.548806 -0.691707 0.457112 -0.0959593 
2.87279 -0.171606 0.290685 0.0798512 1.95297 1.70606 2.72991 1.82268 0.326435 -0.446218 0.375339 -0.053969 
4.80463 -1.45257 -0.531034 0.589809 2.64096 0.970161 3.58963 1.84971 -0.462558 -0.222575 0.0179046 0.00996614 
5.38401 -1.82868 -1.12315 1.03516 2.74375 1.33236 3.30749 1.62884 -0.0262146 -0.46375 -0.204586 0.00321803 
4.81659 -1.66753 -2.12094 1.66762 2.78179 2.02454 2.96994 1.61813 0.0421568 -0.894689 -0.15864 0.0758331 
5.21641 -2.24101 -2.03288 2.31733 1.80099 1.54509 3.79919 1.69156 -0.138717 -1.16586 -0.11799 0.104994 
5.64407 -2.67602 -1.3169 2.36808 1.63927 0.211619 5.00778 1.64315 -0.445986 -0.754052 0.180671 0.111159 
4.31747 -0.729978 -0.472223 2.88172 2.85782 1.08108 2.85304 0.975143 0.535593 -0.110622 -0.175625 -0.0289958 
4.13471 0.196729 -1.0829 2.1356 2.90185 1.86823 2.39786 1.09568 0.0502016 -0.399711 -0.0490352 0.0622053 
4.26834 0.849459 -0.722434 1.67216 3.16327 2.07427 1.41867 1.37215 0.338018 -0.47822 -0.0692952 0.0876148 
2.9587 1.04906 0.703863 2.18729 3.17358 2.65 1.71857 0.905784 -0.0390649 -0.492676 -0.104337 0.119308 
3.34607 0.9777 0.198235 2.08618 3.73306 2.89472 1.43808 0.695735 0.307539 -0.0158752 0.0518985 0.100344 
2.21119 1.20042 2.28364 1.25427 3.18291 2.17071 2.2469 0.39282 1.04442 -0.0758291 0.607074 0.142722 
-1.10156 1.03426 3.97098 2.35413 -0.444147 0.714066 1.49549 2.21884 0.785007 -0.30613 0.811426 -0.0171207 
-1.56839 0.3893 3.07344 0.408369 -0.942685 -1.11223 0.667686 1.29201 0.880292 -0.162983 0.853647 -0.000875687 
-2.58538 -0.76244 2.37045 0.224129 -0.553269 -0.454652 1.73462 1.52686 1.26788 -0.918933 0.508396 -0.0771013 
-3.36931 -0.907008 1.96093 0.798103 -0.898824 -0.445127 0.93747 1.50692 1.18818 -0.882698 0.552136 -0.0436135 
-3.42375 -1.08195 1.20388 0.251786 -1.50992 -1.19859 0.967775 1.17001 1.81148 -0.519278 0.150967 -0.0291472 
-3.66699 -0.700875 2.1935 0.196825 -1.25922 -0.766889 1.19768 1.78188 1.86861 -0.183001 0.203839 0.0682678 
-3.79953 -0.502995 2.31767 0.729662 -0.603107 -0.192988 1.64268 1.5006 1.56895 -0.696336 0.394112 0.0710992 
-3.97662 -1.9735 2.18738 0.949237 0.603219 -0.058089 1.54909 1.37757 1.2301 -0.560514 0.309139 0.0182551 
-3.79139 -1.28442 2.16541 -0.220791 -1.03608 -0.400852 2.22122 2.11914 1.48481 -0.548045 0.323688 -0.0813098 
-3.29996 -1.32878 2.44339 -0.247765 -1.79846 -0.488136 1.31609 1.83333 1.46011 -0.237229 0.320416 -0.0646705 
-2.58738 -0.680257 1.36449 -1.09222 -1.2553 -0.518744 0.898385 0.842684 0.299332 -1.00838 0.0671415 -0.0991599 
-2.66413 0.0851452 2.34506 -1.44744 -1.67777 -1.07288 0.817285 0.254865 0.247314 -1.37129 0.0667712 -0.161812 
-2.31668 0.460452 2.69756 -1.54144 -2.1524 -1.32374 0.478788 0.380302 -0.228873 -1.2028 0.115851 -0.214491 
-1.45886 0.44147 2.61571 0.212718 -0.970798 -0.470549 1.28893 1.10483 0.213464 -0.680507 0.66545 -0.184188 
-0.779192 1.48845 3.4926 0.20756 -1.45579 -1.00411 1.04597 0.145307 0.230072 -0.439673 0.545621 -0.114542 
-0.639833 1.28795 5.02287 -0.795803 -2.02055 -1.1061 0.455561 -1.26845 -0.740784 -0.10312 -0.33002 -0.146527 
0.482186 1.52831 7.05119 -1.67403 -2.07266 -1.62451 0.679012 -3.10001 -0.408212 0.433598 -0.848657 0.0222934 
1.40023 0.999346 4.92837 -1.11602 -1.63573 -1.62303 1.23131 -3.10436 -0.466698 0.26148 -0.909598 -0.0849334 
2.92736 0.0272321 4.69076 0.176791 -1.35889 0.669786 -0.121478 -2.66328 -1.05028 -0.00549295 -0.699436 -0.212498 
2.71369 1.72683 2.50266 0.560062 -0.906839 0.248631 -0.21798 -2.47642 -0.908583 -0.111238 -0.689253 -0.16413 
2.57456 1.83875 1.82247 0.392073 -0.252727 -0.334485 -1.04736 -1.63662 -0.831283 -0.42738 -0.525815 -0.150391 
2.68458 1.93262 1.44602 0.315077 -0.287577 -0.507765 -1.26458 -0.891019 -0.919958 -0.763395 -0.358746 -0.160138 
2.68227 1.82164 1.25366 0.527689 -0.250356 -0.706182 -0.999558 -1.19843 -0.886373 -0.76317 -0.344136 -0.159053 
2.60772 1.70669 1.10762 0.377805 -0.378213 -0.813724 -0.998741 -1.14463 -0.930361 -0.589605 -0.356458 -0.165844 
2.5961 1.6743 0.919801 0.225559 -0.220149 -0.834749 -1.02369 -1.23074 -1.02974 -0.661529 -0.230263 -0.168841 
2.60781 1.58749 0.920151 0.284682 -0.14987 -0.808125 -1.25106 -1.14997 -1.03262 -0.591214 -0.250104 -0.172568 
2.79831 1.90991 1.14253 0.364982 -0.0176327 -0.713808 -1.07393 -1.21546 -1.05805 -0.815719 -0.253501 -0.155362 
3.14906 1.94192 1.54132 0.774397 0.313527 -0.333735 -0.944688 -1.49122 -1.24716 -0.663378 -0.341301 -0.149939 
3.02407 2.08104 1.37831 0.805861 0.276802 -0.325078 -0.902672 -1.1529 -1.22928 -0.775525 -0.351115 -0.148336 
3.25216 2.20984 1.44649 0.638548 0.443401 -0.20633 -1.32715 -1.39004 -1.07336 -0.835302 -0.31975 -0.146919 
3.42927 2.16285 1.45762 0.749982 0.386505 -0.236334 -0.897546 -1.42236 -1.33134 -0.732235 -0.332893 -0.141852 
3.72833 2.26509 1.42925 1.19777 1.32999 0.0688952 -1.40988 -1.92389 -1.56164 -0.784409 -0.198405 -0.140849 
3.57989 2.56638 1.52625 0.91645 0.440027 -0.218374 -0.928904 -1.36169 -1.21386 -0.769562 -0.368967 -0.143237 
3.75471 2.41869 1.85667 1.15194 0.908759 -0.247739 -0.683672 -1.61455 -1.14406 -0.604377 -0.433626 -0.148925 
