1.86945 -0.0863719 2.38318 -1.26955 1.24194 0.0654256 0.160961 -0.28117 0.00995242 0.190454 0.218204 -0.0134133 
2.05315 0.291723 1.98347 -1.63103 1.01191 -0.0448028 0.689178 0.0436851 0.0612444 -0.314044 0.216393 0.0419239 
2.50335 -0.262621 0.268718 -2.83731 2.27189 1.38976 2.28694 0.643392 -0.815768 -0.0597192 -0.306127 0.0740244 
0.90892 -0.366617 -4.42021 -5.47748 3.39499 2.04418 2.19414 1.87905 -1.01467 0.340851 -0.440027 0.022527 
2.2722 -0.0695524 -1.0438 -2.49493 1.46238 0.233702 1.41155 1.46443 -0.657734 -0.284216 0.0131251 -0.134197 
1.83355 -0.0551384 1.32277 -0.0678711 0.00646495 -0.476549 0.685905 -0.172081 1.04084 -0.362092 -0.311663 0.049403 
1.71657 0.622276 1.35512 -1.7875 1.81916 -0.0575362 1.17037 -0.866677 -0.234063 -0.094002 0.250893 0.0483931 
2.12537 0.399733 2.13917 -0.529625 1.56177 -0.325469 -0.289477 -0.675892 0.409394 -0.195125 0.246965 0.0744914 
1.96443 0.246352 1.43193 -0.493912 -0.196682 -0.407772 0.0484257 -0.257314 0.248971 -0.607925 0.247515 0.0456644 
1.77556 0.727276 2.0025 -0.898001 0.726401 0.10772 0.413624 0.352673 0.574123 -0.209868 0.0878734 -0.00963597 
1.83729 0.448252 1.31161 -0.984449 0.524096 0.550939 0.203887 -0.000178822 0.587494 -0.337037 0.0952163 -0.0238445 
2.12632 0.216348 1.60947 -0.562333 1.20555 -0.484534 0.301364 -0.0847252 0.138384 -0.273051 0.308234 0.0659372 
1.93929 -0.152335 1.72507 -0.860479 0.0983887 -0.247503 1.06554 -0.717907 -0.117771 0.0862648 -0.0364201 0.0242233 
1.69026 0.68396 1.76466 0.29584 0.543813 0.182752 -0.179566 -0.506577 1.01392 0.228799 0.243942 -0.027163 
1.61829 0.258331 1.63356 0.165923 1.63277 -0.471434 0.351823 -0.0549131 0.330248 -0.189493 0.144997 -0.00157362 
1.85514 0.299919 1.4496 -0.404805 0.861377 -0.389032 0.304301 -0.340313 -0.128014 -0.444936 0.262633 0.0354728 
2.0048 -0.0828829 1.50513 -1.02866 0.738384 -0.547234 -0.230225 0.170116 0.46627 -0.117461 0.142258 -0.0494908 
1.64156 0.256206 1.80742 -0.476987 0.440668 -0.574342 0.290431 -0.909797 -0.119203 -0.340704 0.0199823 0.025538 
1.79209 0.324457 1.80285 -0.414426 1.10431 -0.0325714 0.152797 -0.953576 0.229307 -0.373334 0.0345444 0.0334961 
1.79995 0.942983 1.8721 -0.278843 0.410529 0.0711605 -0.977441 -0.814999 0.00919281 -0.605788 0.187995 -0.0113376 
1.94037 0.727076 2.11606 -0.454281 1.07048 0.0587148 0.772451 -0.605834 -0.136814 -0.167156 0.180294 0.0486007 
1.95355 0.711977 1.62426 -0.104255 1.436 -0.0552095 0.657366 -0.418071 0.221111 -0.417454 0.0686773 0.104262 
1.78427 0.0479266 1.89232 -0.645862 1.10462 0.487712 1.18058 0.0292568 0.239336 0.0723532 0.270669 0.0264853 
1.7018 0.40205 1.20607 -0.467045 1.42606 -0.069933 0.477223 -0.406031 0.382197 -0.00184181 0.249051 0.116998 
1.81408 0.640329 1.12985 -0.732028 1.31716 -0.170448 0.0891009 -0.234529 0.271898 0.273394 0.0680616 0.0291536 
1.58811 0.642479 1.50468 -0.148272 1.04482 -0.763403 0.626472 -0.0992289 -0.0233675 -0.0471857 0.188921 -0.00850519 
2.02518 0.362262 1.55584 -0.547726 1.28857 -0.358936 1.00206 -0.397195 0.275171 0.127906 0.0526042 0.0953365 
1.30062 0.549785 1.76334 0.0902855 0.201341 0.108937 0.46784 -0.741905 0.625904 -0.323233 0.217146 -0.0174211 
1.49883 0.395386 1.86508 -0.328259 0.158878 -0.0996138 -0.0708901 -1.03901 -0.112654 -0.328622 0.171983 -0.0167186 
1.79443 0.317457 1.37964 -0.405131 1.02569 -0.427099 0.26067 -0.58277 0.396614 -0.171131 -0.129402 -0.0443276 
1.48911 0.603264 1.29742 -0.705817 0.00624616 -0.419114 0.460839 -0.538437 0.398788 -0.301251 0.109389 -0.0547607 
1.83295 0.428354 1.89823 0.0626554 1.09782 -0.472901 -0.150355 -0.896377 0.0962158 -0.318008 0.505478 -0.00227913 
1.65671 0.389015 1.79249 -0.55712 1.00113 -0.667148 0.00395454 -0.0374016 -0.183107 -0.101538 0.0557912 -0.0257896 
1.78897 0.970029 1.6832 -0.47433 0.611578 0.458934 0.426078 -0.361174 -0.00147889 0.307362 0.138039 0.0563005 
1.83874 0.719458 1.52299 -0.37616 0.880131 -0.417764 0.423251 -0.102477 -0.756686 -0.140662 0.0937258 -0.0139489 
1.45762 0.567946 1.52129 -0.0766108 0.965645 0.285086 0.533982 -0.256964 0.018581 -0.412555 0.133634 0.046997 
1.40745 0.0627153 1.65614 -0.900682 0.624443 -0.336401 -0.151062 -0.421513 0.372217 -0.619462 0.228188 0.0341485 
1.72938 0.492426 2.02164 -0.641642 0.893012 0.614855 0.287994 -0.148436 0.19478 -0.160879 0.205712 0.0412248 
1.9176 1.11541 1.77613 0.380737 1.44859 0.471219 0.720837 0.131911 0.318688 0.202982 0.312942 -0.023191 
2.26523 0.769159 2.36188 0.343145 1.06798 0.568771 1.29814 0.211528 0.417148 -0.400104 0.188368 0.0212535 
2.04308 0.503071 2.6086 0.964959 1.47889 0.3323 0.936873 0.582012 0.816304 -0.13738 0.146793 0.00193833 
1.60464 -1.88556 0.566463 3.24214 0.73771 -1.80984 -0.332319 1.53353 0.390582 -0.677074 -0.17156 0.0738169 
-0.430538 -1.31449 -0.856324 3.8044 0.298984 -3.11008 1.50392 2.4227 0.864214 -1.55812 0.169219 -0.101763 
-1.60874 -2.69452 -1.93135 1.06467 -0.507579 -2.04011 1.38496 2.44493 0.972596 -1.64121 0.16896 -0.11433 
-2.15688 -2.73378 -1.16684 0.963672 -0.682365 -1.99858 1.84417 2.26864 0.831616 -1.44127 0.105898 -0.124082 
-2.30769 -3.29615 -0.455083 1.15529 -0.788876 -3.11038 1.10164 2.14232 1.21309 -1.24276 0.33132 -0.104679 
-2.55663 -2.45659 -0.0366011 2.12871 -1.35439 -2.12139 1.37422 1.15002 0.485289 -1.13322 0.352235 0.0228059 
-2.79302 -2.27433 0.061573 1.24988 -0.381657 -2.71301 1.9254 1.30644 0.541567 -0.974381 0.460512 0.00780313 
-4.23035 -3.0295 -0.467411 0.682251 -0.774436 -2.79102 2.52965 2.05705 -0.0923719 -0.75277 0.223534 -0.142003 
-3.49826 -2.3437 -0.508819 1.34977 0.0536808 -2.74858 1.96329 1.35712 0.38048 -0.384385 0.128898 -0.132612 
-4.22165 -3.13569 0.00767432 0.818075 -0.950581 -2.26727 2.07285 1.30875 0.779568 -1.08255 0.140462 -0.0636018 
-3.61623 -2.67527 0.203278 0.369931 -1.29572 -1.86996 1.66448 1.79906 -0.207465 -0.753885 0.251877 -0.0883306 
-3.0231 -2.10749 -0.0514843 0.0752432 -2.10095 -1.98062 1.78925 1.48361 -0.139892 -0.452768 0.34313 -0.188958 
-2.33747 -1.79348 0.011116 -0.600719 -0.43243 -1.7319 2.03642 2.37521 -0.177178 -0.4694 0.38962 -0.157077 
1.77081 -0.0173546 1.32134 1.86556 1.79404 0.533657 2.89638 1.69323 -0.249237 -0.591408 0.274705 0.0221132 
3.92747 -1.50682 -0.73268 2.55357 2.13331 1.00894 2.92106 1.12367 -0.0559092 -0.561517 0.269798 0.065955 
3.98016 -1.73059 -1.17466 2.62531 2.34114 1.08401 2.3408 1.59039 0.226709 -0.718253 0.0441122 0.0524393 
4.00815 -1.68441 -1.55955 2.5537 2.15784 1.057 1.95058 1.80901 0.232546 -0.811714 -0.102727 0.0282357 
5.31525 -1.94375 -2.51501 3.66361 1.23341 0.471329 2.89866 1.70245 0.246958 -1.00005 -0.0410232 -0.00391906 
5.13273 -1.68803 -1.93574 2.27404 1.39265 0.834311 3.58446 1.93276 0.388483 -1.00586 -0.114354 0.0517266 
4.79121 -1.00778 -1.33007 1.60658 0.853279 1.43427 3.42068 2.00808 0.162442 -0.623354 0.121327 0.0554273 
4.12736 0.566678 -0.376532 0.792777 1.13838 1.50431 2.50201 1.70468 -0.0482157 -0.0445614 0.214293 0.00510354 
3.41493 0.711405 0.299301 1.38527 1.69378 1.55522 1.89907 1.39473 0.54153 0.0261728 0.331476 0.0659594 
4.78185 -0.0965647 -0.884997 2.56187 2.0865 0.678306 2.26793 2.5209 0.48391 -0.288729 -0.0756718 0.0510287 
4.90987 0.256313 -0.833821 2.44869 2.56318 0.593354 1.43071 2.0666 0.428286 -0.432432 -0.173364 0.0747349 
3.95509 0.794161 -0.0344239 1.96691 2.10913 0.654151 1.06115 1.91564 0.767191 -0.282399 0.0805603 0.0711592 
4.41007 0.360951 -1.03247 1.51088 2.49389 1.10832 1.43611 2.57821 1.28151 -0.26323 0.0570719 0.122042 
4.17156 2.98903 -0.290677 1.35782 0.808778 -2.28712 1.55029 0.627428 1.43883 -0.766647 0.240136 0.117269 
2.32254 2.58322 1.71421 1.9423 0.731933 -1.14968 1.87664 1.06201 0.465361 -0.123302 0.678786 0.0693081 
-0.259516 0.110608 1.63377 1.42886 -0.972372 -0.924254 1.43761 1.67988 0.00629271 0.0610168 0.765658 -0.0948157 
-2.02787 -0.459324 2.11866 0.807579 -1.3176 -0.524072 2.34157 1.03492 0.100485 -0.0968553 0.510465 -0.189488 
-2.45622 -0.982367 1.78992 0.967553 -0.559492 -0.526999 2.26598 1.51747 -0.00640668 -0.497084 0.317887 -0.12281 
-2.5356 -0.43994 1.83999 1.33395 0.0938749 -0.932411 1.57163 1.06101 0.485616 -0.234031 0.365367 -0.0210056 
-2.53091 -0.934131 1.80116 1.92681 -0.15093 -0.747616 1.94136 0.724498 0.699042 -0.597996 0.381717 0.0461907 
-2.90078 -0.814947 1.58524 1.34077 0.483461 -0.570731 1.85585 0.73328 0.830777 -0.504284 -0.0371224 0.0661465 
-3.58531 -1.96841 1.81018 0.641724 -0.8863 -1.73681 1.59014 1.31689 0.70349 -0.131074 -0.0199646 0.00678541 
-3.58012 -1.9072 0.832912 1.37526 -1.38644 -0.90151 2.31838 1.17392 1.47379 -0.662229 -0.0491354 0.0135393 
-3.49723 -1.57591 1.69782 0.324382 -0.764827 -0.309151 2.11163 1.65297 0.854904 0.074289 -0.177837 0.0231681 
-3.58945 -2.14257 0.820402 0.262993 0.486103 -0.969106 3.07048 1.5891 -0.128389 -0.265643 -0.130757 -0.0261611 
-3.76147 -3.12362 0.122049 0.0558954 -1.93892 -0.410878 2.11915 0.544885 -0.0283548 -0.875015 0.205397 -0.0511917 
-2.93185 -2.08293 -0.110669 -0.215298 -1.63495 -0.576039 1.50445 0.729786 0.268432 -0.69193 -0.135159 -0.0943069 
-1.87894 -0.402018 1.66479 0.681277 -1.06134 -1.05043 2.13167 0.952199 -0.390438 -0.155598 0.0516557 -0.183729 
-0.970714 -1.02408 1.35454 0.25689 -1.74078 -1.53534 1.44665 -0.00170241 -0.270518 -0.135551 0.231747 -0.0475029 
-0.16062 -0.0330804 2.2778 -1.07221 -1.98033 -0.777048 2.33677 -0.0475139 -0.47334 0.507594 -0.121458 0.0628554 
-0.622399 1.71459 6.30204 0.553869 -1.67561 -1.57348 1.33922 -1.96868 -0.576763 0.549487 -0.173463 0.0557312 
