1.99111 -0.309649 1.03019 -1.06533 0.816227 -0.613863 0.193883 -0.422279 -0.115512 0.220006 0.250368 -0.00652614 
2.00454 -0.335472 1.18533 -0.961846 0.540645 -0.946233 0.0980028 -0.128138 0.143957 -0.0949648 0.182194 -0.0355642 
2.11549 -0.48948 2.14761 -0.683294 1.3352 -0.391339 0.898927 -0.108179 0.159756 -0.119673 0.0799822 0.0753556 
1.86538 -0.144215 1.23036 -0.845583 0.91914 -0.112595 0.170507 -0.652923 0.0114239 -0.128304 0.503877 0.0729349 
1.978 -0.25087 1.42528 -0.871146 0.285011 -0.0907505 0.380392 0.287925 0.189849 -0.169402 0.174906 -0.0689249 
2.03266 -0.342661 0.951149 -0.752674 0.883314 -0.463325 0.588147 -0.655086 0.0806301 0.0979122 0.338692 -0.109493 
2.02531 0.280516 1.61336 0.193843 1.08657 -0.864806 -0.309898 -0.0993681 0.353649 -0.0294358 0.204676 0.00457278 
1.59244 -0.399543 1.4742 -0.17534 0.469757 -0.0199351 0.648551 -1.05089 -0.297513 -0.169791 0.111668 0.0458161 
2.0587 -0.275878 0.964168 -0.23884 1.53534 -0.296073 0.57944 -0.202376 -0.10788 -0.0600995 0.400508 -0.00853379 
2.27952 -0.34054 1.8343 -0.452242 0.642436 -1.18831 0.0495225 -0.332679 -0.358398 0.042545 0.122638 0.0361344 
2.26488 0.0991309 1.4722 -0.431248 1.11869 -1.1363 -0.327265 -0.870839 -0.576044 -0.510081 -0.0441643 -0.054626 
2.14411 0.155728 1.57259 -0.325145 0.360934 -0.735678 0.297815 -0.522121 -0.376322 -0.776275 0.0303134 -0.0380317 
2.21191 -0.354694 0.839821 -1.05737 0.652408 -1.33501 -0.387595 -0.214699 0.187264 -0.346557 0.0568271 0.0040915 
2.06295 -0.781135 1.49266 0.0193963 1.395 -1.41339 -0.472103 0.0388842 -0.0719312 -0.510104 0.017763 0.0685244 
2.00954 -0.409152 1.65055 -1.07885 0.482575 -0.506327 0.0735853 -0.865181 -0.0310429 0.0910097 -0.0844796 -0.0571478 
2.18803 -0.564463 0.944084 -0.897636 0.991737 -0.469181 -0.245111 -0.606954 -0.500133 -0.1441 0.187616 -0.0709917 
2.11125 -0.32407 1.08999 -1.0155 1.6198 -0.303941 0.532899 -0.0450245 0.0769648 -0.0343567 0.365087 -0.055362 
1.989 -0.544882 1.13917 -0.617706 0.876505 -0.614047 -0.672782 -0.264919 0.177029 -0.220586 0.433293 -0.0678489 
1.9133 -0.154929 0.875687 0.437285 0.15478 -0.900455 -0.861281 -0.504866 0.526312 -0.51746 0.321747 0.029804 
1.63063 0.24151 0.64814 -0.56143 1.17283 -0.458889 0.577823 -0.0882769 0.112474 -0.779185 0.449747 -0.0225135 
1.89831 -0.2862 1.1981 -0.679419 0.938966 -0.255128 0.278889 -0.603382 0.67888 -0.11085 0.349455 -0.00571727 
1.72795 -0.550026 1.08484 -0.180288 0.920574 -0.365347 0.0316345 -0.31163 0.0031383 0.0612334 0.355393 0.0956359 
1.8772 -0.454245 1.12389 -0.46193 0.9122 -0.201791 -0.310708 -0.629739 -0.0958865 -0.266183 0.00458573 0.0317209 
1.90035 -0.221383 0.938769 -0.708293 0.623079 -0.218692 0.617258 -0.707392 -0.27455 -0.219684 0.300322 0.0360983 
1.81091 -0.488766 1.02654 0.164157 1.50438 -0.0122625 0.541867 -0.610089 -0.573 0.266948 0.214437 0.00753709 
1.91923 -0.37074 1.60938 -1.21974 0.800117 -0.327764 0.215741 -0.437897 0.0085766 0.144121 0.210205 0.0626943 
2.13509 -0.083895 1.23121 0.20228 1.55214 -0.0152014 0.589616 -1.10927 -0.0179031 -0.0487828 0.327628 0.0674991 
1.98089 -0.265343 1.01101 -0.423422 1.1952 0.301595 0.34962 -0.896777 -0.329956 0.00788355 0.370457 -0.0284134 
2.1371 -0.845326 1.2495 -0.428084 1.26252 0.162181 0.135506 -0.89545 -0.276535 -0.144772 0.234528 0.0633307 
1.72458 -0.312913 0.991273 -0.518715 0.912202 -0.128413 -0.12422 -1.1102 0.269197 -0.0122855 0.325208 0.0604732 
1.9649 -0.103797 1.08379 -0.161645 1.18831 -0.135566 0.0974766 -0.591876 0.325271 -0.434966 0.29206 0.0145785 
2.06561 -0.00618721 1.17595 -0.480652 1.47974 -0.604521 0.168716 -0.197975 0.352258 0.152732 0.323301 -0.0536897 
1.80283 -0.0879641 1.09789 -0.922136 -0.0223136 -0.509317 0.4463 -0.428093 0.239836 -0.0727215 0.0272905 -0.0342519 
1.35932 0.202665 0.575469 0.261333 0.317351 -0.357313 0.0876937 -0.150641 0.34581 -0.137155 0.500902 -0.00383251 
-0.724433 -2.42233 0.514865 4.46838 -1.35285 -2.18898 1.11442 1.8719 -0.320972 -1.3985 0.348951 0.0353856 
-0.662234 -3.36496 0.425202 3.24104 -2.6639 -2.96614 2.44532 1.73205 -0.192081 -1.16907 0.513214 -0.0045418 
-1.13759 -3.05398 0.595722 3.48163 -1.58303 -2.57418 1.82063 0.904102 -0.247497 -1.17563 0.43824 0.0156614 
-3.93524 -3.26245 1.36841 2.07663 -0.851009 -2.60656 1.48728 1.48593 -0.951922 -0.656282 0.809754 -0.174078 
-4.51575 -2.257 2.19401 1.89453 -1.78916 -2.07543 2.11521 1.17521 -0.0924012 -0.638597 0.70507 -0.07702 
-3.23263 -1.77171 1.38649 2.19286 -2.46436 -0.947377 1.40735 1.08969 -0.497525 -0.191467 0.596245 -0.192615 
-3.80415 -2.05485 1.45222 0.683601 -1.56246 -1.32227 2.25943 0.533458 0.738762 -0.666048 0.523223 -0.144714 
-4.62618 -3.08129 1.03731 0.0638786 -1.81057 -1.64335 1.74554 1.50952 1.18696 -1.18876 0.221068 -0.0491121 
-4.12919 -2.34278 1.39222 0.436216 -1.00083 -1.48386 1.0535 1.62418 1.00726 -1.37659 0.565917 -0.055083 
-3.72514 -2.60064 0.765723 -0.175386 -1.24379 -0.9147 1.06234 1.47255 0.951214 -1.3404 0.38139 -0.0657306 
-3.1481 -2.62928 0.625877 -1.09556 -1.81868 -1.52693 1.0648 1.9586 0.953886 -1.1926 0.61827 -0.105004 
-1.98592 -1.31229 0.824093 -2.04192 -0.562075 -0.261764 0.713618 1.60038 1.5835 -1.02678 0.359622 -0.134158 
1.28531 0.769037 2.29386 0.591332 0.701289 0.960653 2.64655 2.43112 1.28761 -0.691256 0.432628 -0.112533 
3.81411 -0.884059 0.594296 0.666509 1.12685 0.632394 3.57575 2.14937 -0.0395979 -0.409464 0.165852 -0.0330661 
4.31017 -1.10225 -0.0135085 2.32836 1.42224 -0.400005 4.02228 1.82235 -0.0635141 -0.656444 -0.00920662 0.00389117 
4.4763 -1.10904 -0.407302 2.94145 1.13495 -0.290112 4.17666 1.464 0.0164616 -1.00247 0.00755774 0.0165968 
4.76021 -0.93381 -0.264038 2.02411 1.45636 -0.118619 4.12401 1.86203 -0.269833 -0.930286 -0.0963069 0.0387322 
4.90165 -0.638534 -0.909547 1.93923 0.937861 0.359739 4.574 1.69758 -0.284494 -0.921249 0.0730411 -0.00130256 
4.017 -0.232596 -0.298214 1.82706 0.561917 0.947377 4.38049 1.23475 -0.0519644 -0.217937 0.27625 -0.0534897 
3.91949 -0.0319808 -0.534191 2.15587 1.37246 0.594963 4.24346 1.32977 1.02036 -0.427019 0.3179 0.0172319 
3.91445 -0.0502321 -0.35002 2.23838 2.25809 1.69761 2.40303 1.34832 -0.517904 -0.231476 0.0253017 0.036939 
3.91358 0.431234 0.296725 1.87773 1.25742 1.07324 2.21505 1.49855 -0.259813 -0.496889 -0.0487843 -0.0106124 
5.54078 0.954901 -1.0297 0.689459 0.713891 -0.114664 1.86153 2.6418 0.470642 -0.643763 -0.099231 0.0853623 
3.56572 1.22335 -0.464541 -1.11033 2.49463 -0.185186 2.48998 1.46545 1.29298 -1.13384 0.483058 0.138289 
2.55768 1.62226 1.16352 0.563478 1.52331 0.0364137 1.97871 1.42158 1.06021 -0.777936 0.496871 0.00718999 
-0.241094 0.697563 2.54092 0.130555 -1.21909 0.17463 1.86122 0.152382 1.09415 -0.750974 0.669168 -0.0145283 
-1.41495 -0.622772 1.64999 -0.350991 -0.859975 0.400216 1.56905 1.35703 0.804045 -0.774671 0.622257 -0.0454306 
-2.34935 -0.793341 2.28329 -0.598976 -1.53202 -0.685903 1.48331 0.438211 0.80195 -0.98814 0.367439 -0.0108947 
-2.9206 -1.07782 1.57525 -0.549231 -1.892 -0.539276 0.848715 0.903339 1.73695 -1.1369 0.231229 -0.0272247 
-3.05516 -1.22672 2.2253 -0.928774 -0.667104 -0.133523 1.46477 1.01199 1.60735 -1.06612 0.033811 0.0595993 
-3.49546 -1.56611 2.39034 0.599613 -1.18778 0.725994 1.76304 1.29485 1.83063 -0.744897 0.259381 0.0756261 
-3.74514 -1.94205 1.80911 0.180145 -1.78791 -0.284357 1.83699 0.820488 2.07226 -0.996776 0.0800525 0.0355961 
-3.46563 -1.72985 1.66913 0.487426 -0.831945 -0.424502 1.61795 1.33326 1.44368 -0.612206 0.302793 -0.077247 
-4.48273 -2.91058 1.37217 -0.0569008 0.112248 0.540598 2.21314 1.26201 0.799627 -0.961729 -0.0261448 -0.0303082 
-3.21781 -2.15304 0.703118 -0.344955 -1.31238 -0.210766 1.46773 0.913814 0.754019 -0.741957 -0.099717 -0.109326 
-3.79216 -2.20005 1.22089 -0.36294 -2.00798 -0.996976 1.65117 0.749931 0.751942 -0.722723 0.312269 -0.110945 
-3.81073 -3.20061 0.305369 -1.53174 -2.69882 -0.600555 1.81943 1.22827 0.0323208 -0.468636 0.164024 -0.179437 
-3.73319 -2.72278 0.75805 -1.50912 -2.42252 -0.298236 1.85572 0.68381 1.05936 -1.11923 0.136604 -0.108774 
-3.47645 -3.65588 -0.168876 -1.12714 -2.91034 -1.3457 2.06471 0.883017 0.479087 -0.487592 0.314614 -0.0848722 
-3.85804 -3.86174 0.289502 -1.62967 -2.52095 -1.34558 2.61248 1.40781 0.456677 -0.94511 0.250223 -0.153523 
-4.026 -3.74079 -0.755488 -1.41184 -2.73337 -1.59552 2.3215 1.51604 0.437583 -0.622139 0.46271 -0.147164 
-2.89609 -2.74602 0.972222 0.0743475 -1.50204 -0.149982 2.27638 0.803961 0.144455 -1.07822 0.373873 -0.0123037 
-1.78214 -2.37252 1.96317 0.600896 -0.7566 -0.7002 2.27898 1.54151 0.193468 -0.859615 0.441995 -0.0123029 
-0.378911 -2.4025 2.59876 -2.0922 -1.46814 -2.21896 0.973953 -0.853261 -1.21177 -0.419436 0.0883156 0.167536 
0.11774 -1.90828 3.81757 -1.58047 -1.54403 -0.773482 1.23976 -1.81235 -2.83449 0.756879 -0.211948 -0.017414 
0.646728 -1.0426 3.83512 0.540501 -1.46352 0.747835 1.56305 -1.46738 -1.462 0.854595 -0.13279 0.0137706 
1.53584 -0.420794 1.71886 0.453986 0.0888174 -0.638716 1.33828 -0.608897 -0.848711 0.112146 0.313765 0.0160727 
1.66189 -0.823719 1.70328 0.967061 -1.10873 0.0818072 0.975662 -1.30026 -1.0161 0.309698 0.34347 -0.0114572 
1.68813 -0.282168 1.44714 0.158894 0.997986 -0.175534 0.190524 -0.944266 -0.53932 0.257124 0.139063 -0.00814196 
1.71658 0.11179 0.668426 0.489137 1.62996 0.102091 -0.18837 -0.639196 0.0804495 -0.13058 0.540771 -0.0145178 
1.74692 0.395794 1.03019 0.136491 0.90479 1.04693 -0.748322 -0.92079 -0.226462 0.148609 0.524712 -0.0472489 
