1.50675 0.168854 1.64959 -0.447267 0.465297 0.416483 0.857913 -0.367472 0.622942 -0.255379 0.152488 0.0222285 
1.43612 0.124123 1.49331 -0.552613 1.15083 -0.36301 0.690502 -0.578274 0.359862 -0.162215 -0.0924338 0.0173031 
1.35293 0.292967 1.22814 -1.16155 0.61672 -0.0415231 0.340858 -0.253219 -0.0420941 -0.301541 0.0750701 -0.0286799 
1.65093 0.370395 1.36614 -0.216864 0.603642 -0.0564536 0.959963 -0.562945 0.0298635 -0.188405 0.0249245 -0.0101101 
1.71937 -0.0144467 1.61313 -0.516492 0.611747 -0.738396 0.598807 -0.629294 0.542466 0.0933936 -0.0507489 0.0154983 
1.66862 0.284046 1.83596 -0.57857 0.452529 0.131831 0.261357 -0.476751 0.412879 -0.440955 0.257038 0.0307178 
1.64281 -0.019975 2.30182 -0.834388 0.798759 0.360806 0.241149 -0.274835 -0.0559545 -0.545666 0.263673 -0.00707092 
1.47468 -0.057355 1.96602 -0.879989 0.381393 0.413643 0.0575089 -0.630149 0.284452 -0.475245 0.219925 0.0223961 
1.30635 0.326011 1.31628 -0.656613 0.902234 -0.120894 0.550692 -0.745065 -0.278625 -0.480956 0.0214637 -0.00490188 
1.56347 -0.0997001 2.178 -0.473468 0.59779 -0.362158 0.287134 -0.203329 0.0564122 -0.0259829 0.00600518 0.0388492 
1.57457 0.22211 1.53192 -0.937698 0.794998 -0.54859 0.408158 -0.420596 -0.303951 -0.52072 0.231785 -0.0400739 
1.73883 0.0203383 1.77532 -0.816213 1.00951 -0.7402 0.758925 -0.152209 -0.265396 -0.1639 0.171337 0.01902 
1.79209 -0.177991 1.23454 -0.482745 0.793704 -0.774811 0.730454 -0.820296 -0.103431 -0.353803 -0.151676 0.0702954 
1.71554 0.893245 1.70216 -0.475936 1.34421 0.109214 0.0896019 -0.692902 -0.110571 -0.427921 0.0320733 -0.0051541 
1.63802 0.571584 1.56911 -0.812271 0.257525 -0.271969 0.279291 -0.616382 0.304752 -0.548563 0.346296 0.0603859 
-0.640471 -1.80782 4.7799 0.873518 -2.07661 0.227002 0.734742 0.133891 -0.599743 0.00281659 0.237624 -0.150452 
-3.00334 -4.88881 2.86242 2.51414 -1.65463 -1.70901 1.58511 -0.670206 -0.94159 0.245717 0.176554 -0.0609809 
-4.19131 -3.53435 4.01401 1.50812 -2.4725 -1.15693 1.4746 -1.59577 -1.23936 0.565311 0.0727076 -0.160045 
-4.03216 -2.42868 4.00353 -0.662223 -0.406856 -1.61283 0.87229 0.415711 -0.849123 0.46549 0.190931 -0.131937 
-4.42999 -1.82203 3.021 -0.868532 0.294729 -2.2252 1.92037 0.823576 -0.558587 0.624703 -0.147578 -0.022139 
-5.12362 -1.81746 2.7844 -0.336923 -1.2937 -1.04299 2.32481 0.72491 -0.226232 -0.150316 0.632317 -0.289091 
-4.23081 -1.63177 2.07902 0.746026 -0.674582 -1.26619 1.51201 -0.493689 -0.319733 0.326756 -0.00109559 -0.195663 
-4.79255 -2.18715 1.53419 -0.163721 -0.939499 -1.24053 1.72419 1.0494 0.353541 0.210035 -0.534401 -0.00462978 
-3.15483 -1.27506 0.921522 -1.19205 -0.304966 -0.961016 1.9607 1.36108 0.200496 -0.0443248 -0.356075 -0.0829117 
-2.19609 -0.313367 1.82757 -0.917998 -1.69371 -0.779857 2.76821 1.34674 0.101045 -0.421136 0.0991601 -0.259305 
1.51577 1.93433 3.32122 0.921723 1.62404 0.430044 2.22669 0.668787 0.216812 -0.0621633 0.20739 -0.00425464 
2.23241 2.4377 2.55199 0.269001 1.99007 1.44932 2.00542 1.16624 0.061725 0.0954642 -0.267776 -0.012701 
2.63658 2.29195 2.99517 0.615561 1.81106 2.54864 2.94952 1.08067 -0.133216 -0.0592357 -0.500451 -0.00419724 
2.76051 1.91996 3.77527 0.349976 1.85888 2.54795 3.09996 1.78735 -0.719288 -0.0911251 -0.380469 -0.0859254 
3.10872 2.21742 1.74953 0.798562 2.1259 1.52721 2.20298 1.69638 0.0239606 -0.446029 -0.461241 -0.0625003 
3.17919 1.85362 1.71223 0.400835 1.90649 2.11499 2.04428 1.76055 -0.40084 -0.31976 -0.528529 -0.0890356 
3.65199 1.78112 1.11393 0.0552464 2.61031 1.9892 2.13376 1.76642 -0.548073 -0.266523 -0.618754 -0.109835 
4.37619 2.18809 1.17728 0.0287457 3.08056 2.66977 2.25742 1.52013 -0.558461 -0.169494 -0.377495 -0.0515325 
4.7927 2.5131 0.705819 0.0836637 1.35912 3.37469 2.63964 0.595439 0.0754532 -0.159939 -0.27944 -0.0246334 
4.17726 2.08326 0.927253 1.15262 2.17949 2.82697 1.92756 0.736682 0.0062209 -0.347796 -0.309948 -0.0369133 
4.37118 2.13151 0.197968 0.249676 1.92673 3.10639 2.40058 0.747684 -0.18675 -0.160522 -0.35859 -0.0548603 
3.37604 2.15311 1.10285 1.0043 1.8607 2.64382 2.08872 0.690443 -0.260499 -0.478881 -0.285736 -0.0115352 
3.55813 2.25075 1.30222 1.33411 1.65993 2.06546 2.1569 1.20717 -0.10871 -0.45715 -0.221054 -0.0234698 
3.88263 2.08517 2.00253 1.74361 0.344424 1.3704 3.06322 1.16835 -1.0601 -0.484348 0.0149575 -0.0652729 
4.87068 2.95545 2.04416 1.7259 2.26588 2.65881 2.64697 1.36091 -0.437196 -0.378587 -0.216583 -0.02329 
1.74027 0.0429468 2.88644 2.49106 -1.20859 1.1858 3.19259 0.554426 -0.556513 0.153138 -0.132918 -0.0651791 
-0.472267 -0.746032 2.73813 1.89877 -1.54739 -0.338004 1.74507 1.2572 0.140773 -0.258056 -0.175793 -0.17746 
-1.9118 -1.34606 2.67264 1.12129 -2.13168 -1.04142 1.98709 0.199069 0.0179379 0.0764383 -0.121083 -0.0935082 
-2.06218 -1.24897 3.23682 0.832821 -2.32255 -1.04372 2.20203 0.254226 -0.476078 0.259855 -0.132253 -0.0768394 
-2.75 -3.0221 1.98918 1.00708 -1.59019 -1.25677 1.75362 0.95968 -0.107013 0.479518 -0.19781 -0.0310109 
-2.71474 -3.01257 1.87606 0.252946 -1.59317 -0.633201 1.95229 0.694688 0.278388 0.466114 -0.361016 -0.0654309 
-2.83404 -2.95584 1.02321 1.58693 -1.92465 -0.130614 2.51778 -0.0346701 1.08532 -0.0442862 -0.128394 -0.125411 
-2.86918 -3.37123 1.54915 0.89246 -1.55667 -0.822865 2.33531 0.743682 0.263381 0.124972 -0.108563 -0.100735 
-2.83829 -3.30673 1.27029 1.24373 -1.79803 -1.43834 2.61567 0.310592 0.0118227 0.393515 -0.136742 -0.0682377 
-2.91983 -4.05807 0.951552 0.43365 -1.8206 -0.705947 3.36799 0.610238 -0.587692 0.113807 -0.186236 -0.0653843 
-3.12664 -3.29067 0.711814 0.690107 -2.53307 -0.222597 3.70156 0.0747119 -0.513631 -0.105444 -0.113466 -0.0868741 
-2.70514 -3.57497 1.21635 -0.479261 -1.90914 -0.462752 3.10883 0.324768 0.00710584 0.0492419 -0.467658 -0.0200495 
-3.68601 -3.52629 -0.0839098 -1.99003 -3.10859 -1.20628 3.34874 0.582363 -0.252547 0.308081 -0.185375 -0.135679 
-3.37501 -3.5878 0.511896 -1.25135 -2.67776 -0.727167 3.30168 0.572629 -0.925911 0.600494 -0.343524 -0.0908186 
-2.3362 -2.36311 1.22845 -0.0877283 -2.77318 -0.38356 2.74275 0.430677 -0.604784 0.0245596 0.0715758 -0.151463 
-0.93737 -1.61548 1.56497 -0.227547 -2.42972 -1.28397 1.97048 -0.880498 -1.54449 -0.312731 -0.133769 -0.126452 
-1.04985 -1.27369 2.21392 -0.858576 -1.0599 -1.72086 0.31289 -2.06048 -0.922514 -0.224012 -0.0373771 -0.0938419 
0.234771 -1.58302 1.73643 -1.21804 0.112049 -1.04981 -0.957674 -3.31376 0.138965 0.234292 -0.0227531 -0.118012 
1.95254 -0.724374 0.242062 -1.0936 -0.242856 -2.07265 -0.612634 -1.31756 0.811427 0.728227 -0.290276 -0.236811 
1.83991 -0.489259 0.476472 1.15853 1.46683 -0.736041 -1.35114 -1.79354 -0.136553 0.748763 -0.112163 -0.113332 
1.29838 -1.21216 0.391535 0.870461 0.886891 0.2176 -0.224568 -1.30489 -0.124354 0.653331 -0.0805288 -0.146205 
1.48361 0.498176 2.02081 0.275112 -0.100601 0.528183 0.26555 -0.484162 -0.403844 0.335734 0.0996262 -0.0718851 
1.35606 0.435065 1.16237 -0.116938 0.265713 0.673144 -0.479141 -0.634079 -0.0284807 -0.141205 0.0842748 -0.132006 
1.46845 0.296998 0.810055 -0.148059 0.830835 -0.131837 0.695258 -0.593039 -0.636634 -0.0555555 -0.129809 -0.0747301 
1.33944 0.13065 1.65947 -0.590483 -0.374614 0.706275 -0.0620276 -0.333105 -0.792059 -0.803529 0.00192547 -0.0543124 
1.73348 0.263037 1.41704 -0.331295 0.0268158 -0.300365 0.277785 0.60601 -0.287818 0.197599 0.0202551 0.0565022 
1.49247 0.79363 0.957133 0.00192179 0.826943 -0.532828 -0.19024 -0.337754 -0.730483 -0.667155 0.117687 -0.00528522 
1.6095 0.0933842 0.616848 0.164426 0.397825 -0.59737 0.512668 -0.039355 -0.435025 0.126154 0.145021 0.00970107 
1.367 0.623142 0.615613 0.19101 0.870925 -0.491093 0.101569 -0.956484 -0.142684 -0.365765 -0.0392637 -0.0439411 
1.9316 1.15431 0.97834 -0.327088 1.29867 0.335398 -0.129551 0.32401 -0.27265 -0.43168 0.0428652 -0.0214647 
1.64078 0.381427 0.476675 0.105735 1.02031 0.780891 -0.439978 -0.570785 -0.153384 -0.0680799 -0.153484 -0.00725886 
1.55097 0.462328 1.06252 -0.41974 0.793585 0.440151 0.356463 -0.0455862 -0.290209 -0.339657 0.109933 -0.0174149 
1.12716 0.911982 1.34419 -0.232642 0.416301 0.611473 -0.199088 0.189073 -0.0220323 -0.643087 0.131415 -0.00207442 
1.45771 0.518684 1.07853 -0.892326 0.676053 0.502691 -0.354015 0.0446379 0.492913 0.0416338 0.438573 -0.0806677 
1.62083 0.198117 1.0388 -0.692409 -0.400313 0.538678 -0.579327 -0.681467 0.567342 -0.593801 0.109484 -0.0332436 
1.67135 0.416601 1.4187 -0.946675 1.59645 -0.0323633 -0.417935 -0.481371 0.304694 -0.446392 0.01679 -0.0520245 
1.54483 0.699194 1.07566 -0.292512 0.782292 -0.172732 0.552602 0.409569 0.592103 0.218899 -0.0936128 0.0426995 
1.89939 0.616387 0.514453 -0.433965 0.415662 0.296179 -0.188305 -0.837768 -0.116 -0.212711 0.162512 -0.020888 
1.73402 0.684917 0.672389 -0.819875 0.714841 0.508675 -0.0992724 -0.139551 -0.052635 -0.0370577 0.0427645 -0.0542069 
1.79399 1.40149 1.46713 0.14307 1.3286 0.924224 0.565491 -0.398866 0.181926 -0.362959 0.202211 -0.00185742 
1.50554 0.595333 1.18564 0.331598 1.07099 0.209535 0.0251804 -0.219896 -0.187185 -0.443856 0.0987954 0.0244465 
1.25284 0.879961 1.06783 -0.393119 0.666899 0.376432 -0.515753 0.120944 0.27367 -0.481956 -0.00458955 -0.0180787 
1.35652 0.754757 1.52211 -0.303569 1.34161 0.0893405 0.0133771 -0.130684 0.744047 -0.902081 0.308019 0.0304084 
1.46077 0.751484 0.872623 0.130849 1.06878 -0.150848 -0.137938 0.234313 0.155323 -0.569824 0.20655 -0.0372884 
1.57063 0.404774 1.48947 0.096463 1.07745 0.247931 -0.0389784 0.264238 0.445991 -0.391336 -0.0184356 0.0429424 
