2.06999 0.169753 -2.5367 -4.46983 -0.560994 1.47602 3.21487 2.78721 -1.13292 0.3932 -0.499893 -0.088506 
2.49456 0.293959 1.30162 -1.48661 -0.521972 -0.230438 1.96762 0.435327 0.634844 -0.0873297 -0.203796 -0.079075 
2.67806 0.172047 1.81227 -0.633861 0.46787 0.213057 1.56176 0.0581204 0.369636 -0.0977596 0.0183848 0.0745852 
2.30267 0.654168 2.61485 -0.317184 2.01284 0.751108 0.698367 0.0849152 0.987897 -0.238393 0.310421 0.121615 
2.40806 0.179465 2.32916 -0.699577 1.38544 1.04875 0.337643 0.234478 0.649295 -0.14233 0.0226303 0.139934 
2.31386 0.551146 2.62229 -0.3038 0.170031 0.609669 1.56249 0.317092 0.495813 0.0656403 0.196516 0.101203 
2.22046 0.172252 2.95076 1.26118 1.13242 0.698601 1.2249 -0.0668639 1.3154 0.71182 0.34154 0.0683391 
2.49122 0.98522 3.07483 0.332517 1.67471 1.70241 1.86956 1.05356 1.04214 0.814374 0.417756 0.0714358 
2.2546 1.10383 2.64171 0.642827 1.90317 1.37808 2.04776 0.631633 1.17463 0.304137 0.529246 0.103383 
2.43988 0.640641 2.93483 1.29403 2.29983 1.44255 1.44708 0.674085 0.855319 0.633344 0.545153 0.0801651 
2.66579 0.815721 2.17631 -0.100653 2.74444 1.48596 1.31143 0.860513 1.5416 0.979766 0.340542 0.0712689 
2.52048 1.50817 1.84988 0.406076 2.49938 2.25526 2.43193 0.359039 0.973449 0.506965 0.610621 0.130463 
2.124 1.48694 2.46949 0.467464 1.00028 0.272318 1.91005 0.395137 0.808586 0.679813 0.309141 0.061105 
2.52395 1.78405 2.51673 1.01377 1.47204 1.29384 1.35949 0.939999 1.20214 0.446 0.401547 0.0833824 
2.62455 1.65237 2.57329 0.863125 1.49214 1.01121 1.27763 0.774219 0.156166 0.46519 0.407797 0.0591326 
2.70352 1.57148 2.20015 0.987024 2.08663 0.543428 1.22191 0.921276 0.934039 0.760945 0.375291 0.078277 
2.26392 1.56462 2.30968 0.916927 1.53439 0.386727 0.685125 0.36427 0.523566 0.270728 0.542572 0.0669143 
2.63107 1.52452 2.32536 -0.337772 1.63546 -0.106631 1.24545 0.769861 0.217728 0.167919 0.61301 0.105164 
2.10635 0.673055 2.0242 -0.633733 1.23105 0.899336 0.74319 -0.0543112 0.727278 0.281608 0.443996 0.103711 
2.03249 1.38136 2.55028 -0.0543557 1.75188 1.09208 1.35026 0.249701 0.342216 0.254325 0.261856 0.0823495 
2.28953 1.30018 2.04125 1.006 1.70957 1.04348 0.671247 0.518218 0.736492 0.168453 0.21472 0.0833894 
1.97771 0.762122 1.77869 -0.107961 0.697999 0.41801 0.888605 -0.250901 0.620325 0.443078 0.376842 0.106616 
1.83394 0.98385 1.6031 -0.134971 0.713104 0.0959109 0.960775 -0.113276 0.48085 0.178791 0.410134 0.119212 
1.91713 0.730697 1.82099 -0.199716 0.807038 0.137232 0.670172 0.452703 0.4708 0.267701 0.221368 0.0731828 
1.64528 0.153941 1.69624 0.103051 0.386299 0.293323 0.801035 -0.799522 0.332036 0.221188 0.0148917 -0.0148876 
1.75546 0.587913 1.82197 -1.08599 0.525923 -0.49185 0.457298 -0.355949 0.378825 -0.21536 0.153198 0.108998 
1.50047 0.331513 1.56414 -0.857724 0.922642 0.0784411 0.459568 -0.661836 0.110557 -0.282587 0.221395 0.0251996 
1.64128 0.546253 1.33807 -1.32294 0.970058 0.157313 -0.106228 -0.27242 0.471263 -0.125813 0.152721 0.0196252 
1.73562 0.523853 1.76795 -0.853688 0.280646 -0.490616 0.234024 0.102456 0.210008 -0.670302 0.0244194 0.0066402 
1.59337 0.488995 1.52745 -1.18683 1.02377 -0.655268 0.540181 -0.382617 -0.197966 -0.274973 0.162935 -0.0260715 
1.64292 0.484505 1.39415 -0.338669 0.370232 -0.452993 0.307845 -0.310473 -0.294279 -0.0598226 0.18837 -0.0232885 
1.86902 0.204761 1.0225 -0.55752 0.905644 -0.318624 0.912299 -0.0148247 0.228178 -0.147678 0.329539 0.0189065 
1.59435 0.379007 1.55886 -0.4336 0.548552 -0.632833 0.4882 -0.0154935 0.201158 -0.291029 0.379616 0.0142028 
1.80228 0.272301 1.03315 0.270314 0.408594 -0.508196 0.749452 -1.2506 -0.125155 -0.132841 -0.137692 0.0637622 
1.53196 0.456787 1.46335 -0.314938 0.386699 -0.309158 0.495692 -0.787231 0.311997 -0.139774 -0.072362 0.0204526 
1.58122 0.541941 1.63033 -0.769217 0.0681519 0.294558 0.983108 -0.735685 0.194392 -0.0804668 -0.143038 0.034379 
1.6796 0.503128 1.05226 -0.847247 0.881083 -0.470397 0.255947 -0.522428 0.156387 -0.0246899 -0.0787004 -0.0448663 
1.8698 0.119113 2.45473 -0.39902 0.590563 0.284633 0.281828 -0.43895 0.188425 -0.395282 -0.0301599 0.0318288 
1.70112 0.367695 2.24917 -0.912733 0.787724 -0.9468 0.550562 0.0640062 -0.0423255 -0.219874 0.215548 0.0800033 
1.545 0.318432 1.18975 -0.516574 0.749157 0.386993 0.949571 -0.262489 0.267884 -0.496425 0.234379 0.0190423 
1.463 0.647496 1.83295 -0.270178 0.748887 -0.488667 0.591734 -0.279388 -0.0843955 -0.316544 -0.0385241 -0.0248888 
1.48251 0.205406 1.4809 -0.913883 0.424795 -0.101738 -0.0292101 -0.111749 0.100801 0.11468 0.235005 -0.100092 
1.80708 0.730058 1.64405 0.0247495 0.632057 -0.803057 0.241515 -0.523784 0.350623 0.210863 -0.101893 0.00549726 
1.76362 0.210421 1.45716 -0.92353 1.17069 -0.147349 -0.131451 -0.00151427 -0.136009 -0.523705 -0.222338 0.0199168 
1.20296 -0.218605 0.164412 2.20737 0.428166 -1.83598 -0.685476 0.876085 0.318274 -0.718548 0.0806456 0.0990005 
-0.548821 -1.54754 0.326586 2.19241 -0.11385 -3.32703 0.591105 3.27508 0.73695 -1.58937 0.418723 -0.138989 
-0.952161 -1.98968 -1.07866 0.957562 0.956194 -2.74972 0.578633 2.86582 0.995661 -0.638632 0.153252 -0.212912 
-2.36519 -3.25216 -1.00281 2.30127 -0.249013 -3.51435 1.57259 3.38977 0.87695 -1.45381 0.165186 -0.0377751 
-1.31576 -2.74421 -1.15995 2.56702 0.479867 -2.58165 0.494652 1.58498 0.438038 -1.30218 0.085988 -0.0354781 
-1.66822 -3.68612 -0.365736 2.65508 -0.535495 -3.62855 0.841947 2.4855 0.412128 -1.35557 0.255034 0.10123 
-2.89889 -2.94087 -0.872006 0.834833 -1.34315 -3.48516 1.86366 2.74707 -0.437153 -1.19069 0.551774 -0.123519 
-3.16696 -2.79795 -0.293471 1.00381 -0.195165 -3.19593 1.49582 2.62508 -0.391901 -0.674531 0.396845 -0.100916 
-3.19812 -2.65571 0.120999 1.01877 -0.26853 -3.57683 0.574811 1.78146 0.273137 -0.38182 0.402315 -0.153657 
-3.53662 -2.44425 -0.136831 -0.161673 -0.864103 -2.45147 2.13204 1.12992 -0.652948 -0.648789 0.369508 -0.0477749 
-3.33749 -1.99522 0.675431 1.52309 -1.53344 -2.40461 1.3239 1.71201 0.0342858 -0.931693 0.614245 -0.137565 
-2.97653 -2.23439 0.389301 0.262498 -0.487924 -1.09789 1.30666 1.75265 0.0491447 -0.772903 0.262077 -0.174873 
-2.04478 -2.59347 0.0434659 -1.27439 -0.556472 -0.635593 0.961648 1.53887 0.028343 -0.464209 0.395281 -0.115589 
1.01604 0.233978 2.33091 0.716434 1.64354 0.456602 2.83824 1.5978 0.179769 -0.209983 0.396732 -0.0578727 
2.86075 -0.292609 0.542602 0.698511 1.64702 1.08005 2.72562 1.80271 -0.114063 0.138116 0.422939 -0.0798312 
3.60095 -0.854578 -0.587934 1.23208 1.36051 1.48204 2.99654 1.84933 -0.0416614 -0.381102 0.316274 -0.0407008 
3.7014 -1.09664 -1.41963 2.19611 1.45565 1.68241 3.00511 1.89876 -0.0215568 -0.553638 0.218443 -0.0204849 
3.13247 -0.562188 -1.84541 1.75582 2.45292 1.41213 2.6829 2.04614 -0.0877766 -0.71217 0.116943 -0.0130413 
3.17695 -0.893179 -1.39181 1.62156 1.71069 2.26339 2.63825 1.94857 -0.077787 -0.838666 0.188305 -0.0122226 
4.53051 -1.21795 -1.56934 2.54515 1.36033 1.2138 3.4249 1.79838 -0.0517348 -0.678277 0.196331 0.0518005 
3.4552 -0.165874 -0.250897 1.44645 1.35444 1.25649 2.9478 1.68528 -0.109158 -0.384044 0.217177 -0.015104 
3.29295 0.327355 -0.132768 1.65572 1.87669 1.78685 2.35894 1.54515 0.446862 0.138031 0.169831 0.0362253 
3.51771 0.837323 0.346402 1.76795 1.61804 1.42815 2.34639 1.56142 0.0170647 -0.0639738 -0.0410474 -0.00539018 
3.99846 0.958834 -0.260119 1.19565 2.15697 1.96942 1.78019 1.06959 0.117949 -0.0213394 0.00982631 -0.00955998 
3.68625 1.32809 -0.208966 0.770667 2.05535 2.07391 1.74724 1.4403 0.717386 0.119059 -0.102841 -0.0424702 
4.7909 0.854154 -1.26199 0.985951 3.01342 2.44825 1.70567 1.63184 0.77706 0.37514 0.0712018 0.0101628 
4.33698 2.45664 0.46457 0.168095 1.3329 1.80727 1.34911 0.902797 0.540896 0.384279 0.220645 0.0660409 
3.31108 2.34089 1.45281 0.158127 1.51221 0.677051 0.209136 0.8109 0.277079 0.904312 0.586126 0.103622 
-0.359945 0.968647 3.43286 -0.291451 -0.295512 -0.440352 1.90461 1.42658 0.59438 0.223215 0.64003 -0.0627299 
-2.01037 -0.361767 1.2919 0.895726 -0.275067 -0.265182 2.62365 2.39715 -0.0184547 -0.204573 0.336009 -0.200761 
-2.80784 -1.37693 1.23733 0.982006 -0.293051 -0.51096 1.87417 1.87372 0.220332 -0.44176 0.29143 -0.107311 
-3.27201 -1.22229 1.02773 0.794845 0.574524 -1.39766 2.28642 1.88182 0.388028 -0.200689 0.122523 -0.0140499 
-3.20516 -1.90667 1.73229 0.0458044 0.0848152 0.598173 2.40826 2.03343 0.488748 -0.35134 0.137842 -0.00272559 
-2.68693 -0.853691 1.6828 0.992604 -0.153574 -0.334957 1.9701 2.04664 0.138033 -0.174428 0.264978 0.0211454 
-2.77363 -0.898325 1.48483 0.674701 -0.944946 -0.809455 2.02868 1.34165 0.648103 -0.365935 0.364452 -0.0911922 
-2.61736 -1.29345 1.2079 -0.0113601 -0.731646 -0.651623 1.51774 1.0112 0.420685 -0.440039 0.214866 -0.102203 
-2.60447 -1.28155 1.49297 0.242494 -0.404476 -0.627787 1.54154 1.5793 0.507789 -0.0111837 -0.1195 -0.0709364 
-1.90782 -1.54026 1.29212 -0.410692 -1.85071 -0.263982 1.43594 0.5058 0.485022 -0.553689 0.32771 -0.0567032 
-2.4838 -1.65631 0.288571 -0.807753 -2.12147 -1.30997 1.2329 0.0365701 -0.10417 -0.492373 0.205767 -0.135786 
-2.15943 -1.16055 0.590508 -1.34805 -1.73644 -1.1275 0.947106 0.126844 0.331706 -0.309993 0.0320869 -0.0986464 
-1.1542 -0.726723 0.88861 -1.29761 -1.72703 0.298276 1.64755 0.45463 0.00365436 0.101008 0.0295745 0.0299505 
