2.34472 0.780632 1.76766 -0.321517 0.418056 -0.899963 -0.735669 -0.516404 0.20812 -0.343124 0.0605136 0.0229423 
2.02096 0.573901 1.226 0.27369 0.898683 -0.260129 0.318089 -0.560657 0.386458 -0.755244 0.0025947 0.0167886 
1.87806 0.048876 0.856894 -0.170274 0.121945 -0.86324 1.22443 -0.4055 0.35215 -0.044538 0.0583538 0.0904295 
1.73652 0.395987 1.73581 -0.912765 0.489667 -0.562971 0.262306 -0.0968408 0.146984 -0.063981 0.0196396 0.0223589 
1.54457 0.437802 1.17064 -0.705259 0.79777 -0.683944 0.608662 -0.377098 -0.423516 -0.128283 0.221472 0.0493265 
1.71049 0.339349 1.12598 -0.706653 1.44423 -0.502605 0.0664328 -0.0710243 0.177682 -0.385247 0.324562 0.0229443 
1.82646 0.554765 1.52876 -0.647575 0.677538 -0.860412 -0.572789 -0.756825 0.0765724 -0.51656 -0.0129952 0.0344302 
1.87108 0.602511 2.34496 -0.667942 0.956864 -0.58587 -0.0866777 -0.544926 -0.533118 -0.758224 0.0564765 0.0544102 
1.92813 0.570829 2.01072 -0.339511 0.425084 -0.68797 -0.0987018 -0.286074 -0.550933 -0.301988 -0.0930427 -0.0207769 
1.81383 0.698806 1.64449 -1.13307 0.559939 -0.429069 0.145675 -0.25235 0.135633 -0.331998 0.0479097 0.0882136 
1.90235 0.900779 1.84006 -0.688426 0.268852 -0.490374 0.318177 -0.680182 0.1053 -0.412363 0.00178741 0.0319621 
1.80357 0.704612 1.15457 -1.05398 0.199489 -0.790348 -0.184366 -0.464419 -0.858371 -0.724164 0.303528 -0.0710494 
1.85902 0.750408 1.92298 -0.0889362 -0.525602 -0.919079 0.234472 -0.784412 0.0161178 -0.357498 -0.120323 -0.0397661 
2.0987 0.769364 1.77038 -0.52277 0.96535 -0.884884 -0.148441 -0.0786744 -0.394903 -0.33794 -0.224948 -0.0127829 
1.74542 0.640343 2.38955 -0.546735 0.724255 -0.225508 -0.055688 -0.20109 -0.0999725 -0.166196 0.183857 0.0226879 
1.39955 0.652098 1.31541 -1.24991 0.540537 -0.12161 -0.229475 -0.6794 0.540662 -0.118231 0.150419 0.108539 
1.29601 0.522747 1.47031 0.174738 0.48661 0.34631 -0.0901295 0.0379712 -0.980643 -0.251202 0.261113 -0.0351175 
-1.38593 2.38545 0.33199 0.668983 -0.620522 0.173721 -0.236564 1.40875 -0.743824 -0.302181 0.901991 -0.153493 
1.45734 0.584112 0.0672662 0.365057 -0.143292 0.322012 0.852242 -1.31655 0.0957407 -0.910862 0.654464 0.00708978 
1.49768 0.235758 2.00969 -0.676062 0.425571 -0.668056 0.840168 -0.287531 0.185969 -0.254067 0.142131 -0.000163445 
1.04668 -1.33045 -2.11997 0.631263 -2.83865 -0.917919 2.81641 1.47758 0.738025 -0.813163 0.140876 -0.0941668 
-0.360197 -2.44252 0.41578 0.90033 -2.30959 -2.45443 2.60628 1.68787 -0.356575 -0.72364 0.0523404 -0.0615594 
-1.66271 -3.01355 -0.0546792 1.73687 -0.691853 -2.58 3.02934 1.62075 -1.11288 -1.36001 0.351506 -0.00801785 
-4.13946 -3.57503 -5.19156e-006 0.0435295 -1.16922 -2.59607 3.24599 1.1239 -1.32685 -0.486231 0.70248 -0.254641 
-3.48167 -1.72627 0.793913 1.00768 -2.15475 -2.19939 2.90706 1.48242 -1.33165 -0.25531 0.537531 -0.192009 
-4.33632 -2.14552 0.590504 0.184349 -1.62878 -1.72457 3.44231 1.07842 -0.625798 -0.330028 0.553241 -0.334226 
-4.02737 -2.31907 0.294744 0.428611 -0.854705 -1.35611 1.94732 1.1107 0.602735 0.0678922 -0.144766 -0.316964 
-4.03112 -2.64637 0.389809 0.414672 -1.24624 -1.86328 1.76998 1.52247 -0.688677 0.173081 0.104632 -0.19346 
-3.44338 -2.45467 0.766145 -0.358552 -1.1863 -1.62811 1.84229 1.46107 -0.569337 -0.163739 0.171388 -0.19762 
-3.64914 -2.93361 -0.0367588 -1.89095 -1.65764 -1.77318 2.16206 1.50245 -0.592169 0.264186 -0.00259809 -0.155167 
-0.977065 -1.78307 0.35724 -0.731132 -0.13798 0.0820961 2.09946 1.74389 -0.606582 0.225733 0.501809 -0.106729 
3.21947 -0.353607 1.75611 1.37027 2.45393 1.02432 2.99266 1.0245 -0.584889 -0.015284 0.150793 0.0412084 
4.30057 -1.94044 -0.628999 2.00915 2.701 1.28704 2.1301 2.10331 -0.0514965 -0.575628 0.083876 0.0511479 
3.25148 -1.56215 -1.04735 2.06566 2.7698 1.56138 1.78756 2.0212 0.313726 -0.946971 -0.0709954 0.0295956 
4.32814 -1.92649 -1.84724 2.86285 2.69752 1.19133 2.11025 1.94691 0.22646 -0.992331 -0.281078 0.0607137 
4.8251 -1.33591 -2.63972 2.48812 2.54192 1.5554 2.76261 1.77807 0.244649 -1.2074 -0.236284 0.108974 
4.98489 -1.15988 -1.84843 1.10465 2.46037 1.33244 3.04723 2.11811 -0.214737 -0.994871 -0.0834461 0.122746 
4.45594 -0.773763 -0.640212 2.30881 1.56331 1.12419 2.31086 1.94394 0.313911 -0.311283 0.170178 0.0618541 
4.22799 0.196557 -1.11755 1.93507 3.29484 1.67373 1.69624 2.10873 0.591578 -0.444217 -0.05707 0.150677 
5.32363 -0.639526 -1.94702 2.26062 3.25269 1.36697 1.86907 2.25132 0.345545 -0.482679 -0.195919 0.0976012 
5.57401 -0.267121 -2.13044 2.20366 3.66005 1.2208 1.37016 2.19517 0.398462 -0.473821 -0.367156 0.0705508 
3.6929 0.234925 -0.908685 1.96649 3.92353 2.20868 1.1812 1.03974 0.227218 -0.599627 -0.159202 0.0806977 
3.62777 3.92359 -1.88172 0.570304 3.50389 -0.867586 1.43987 0.0839161 0.971575 -0.20585 0.0340977 -0.00306354 
1.16937 1.41389 2.07837 0.580008 -1.07674 0.623977 2.85643 0.849874 -0.449102 0.465166 0.359481 -0.10347 
-1.7888 -0.798096 2.08317 0.933626 -0.765694 -0.522971 3.0885 2.50643 -0.288173 0.0981524 0.421002 -0.26821 
-3.03342 -1.65973 1.32801 1.5713 -0.456869 -0.971638 3.16539 2.15557 0.372943 -0.270831 0.349637 -0.131942 
-3.64934 -1.24342 2.14789 0.0713932 -0.171207 -0.483686 1.40073 2.01681 0.956848 -0.410041 0.334642 -0.0781493 
-4.55139 -1.19788 2.56563 0.284339 -1.28559 -1.30813 2.84874 1.54204 0.661126 0.632235 0.00234603 -0.120435 
-4.62561 -1.24774 2.38607 0.472628 -0.970367 -1.38393 2.98792 2.19623 0.627528 0.293469 0.455035 -0.218629 
-4.88816 -1.01033 2.11422 0.762121 -0.712977 -0.721424 2.39062 2.32443 0.478005 0.674148 0.0814442 -0.139321 
-4.66382 -1.72181 2.83428 1.19572 0.0971933 -1.90961 2.36739 1.61262 0.0316305 0.415325 0.0951004 -0.0299518 
-3.51414 -1.80932 1.87744 1.36566 -1.15657 -1.23261 1.47648 0.722645 0.666637 0.0267827 -0.106331 -0.0333555 
-3.77732 -2.00549 1.72545 0.571301 -0.364174 -1.23331 2.08251 1.37998 -0.118989 0.373565 -0.062457 -0.12636 
-3.5926 -2.94344 1.20285 0.578363 -0.206976 -0.700973 2.55232 1.69042 -0.15417 -0.0776235 -0.137346 -0.0666357 
-3.21378 -2.23318 1.45874 -0.0757033 -1.40023 -0.859242 2.73884 0.784853 0.250852 -0.215441 -0.199971 -0.0801539 
-2.8545 -2.4386 1.08794 -0.841833 -1.39829 -1.41467 2.4153 0.175299 0.204106 -0.0186268 -0.238606 -0.106812 
-2.54976 -2.35726 0.306015 -1.39137 -2.86187 -2.45082 2.10417 0.217311 -0.470107 0.00786848 0.215962 -0.086671 
-1.40702 -1.34527 2.25499 1.25668 -1.38601 0.0319363 2.32713 -0.122924 0.386402 0.386684 0.193431 -0.0107378 
-1.12494 -0.349901 4.33028 0.818024 -2.05111 -1.35276 0.855192 -2.98519 -0.719334 0.329612 -0.167046 0.0634873 
-1.06012 -1.11961 6.96894 0.301508 -1.8626 -0.266073 2.59824 -2.60042 0.90829 0.772906 -0.350383 0.180723 
-0.421804 -1.13311 6.11756 0.442279 -1.63895 1.13271 1.46204 -3.13373 0.990645 0.43314 -0.330893 0.0987716 
-0.275176 -1.42485 5.08621 -1.41653 -2.43161 2.10584 0.131949 -2.96984 1.24534 0.137213 -0.510752 0.136833 
0.382024 -1.08106 4.17203 -0.863645 -1.77937 2.21635 -0.555224 -2.13655 0.535351 -0.144468 -0.404104 0.0824405 
0.602558 -0.651848 2.95897 -0.741019 -1.11264 1.84613 1.11721 -1.53826 0.714731 0.139491 -0.148359 0.198608 
1.3763 0.314006 1.80293 0.240304 0.0309935 0.0796497 0.953479 -0.489331 0.507265 0.31751 0.31176 0.0551562 
1.39393 0.230956 1.76304 -0.17421 -0.549489 0.319123 1.21054 -0.950467 0.675274 0.155262 -0.0356738 0.0446243 
1.37683 0.497934 1.61061 0.0358814 -0.309618 0.196052 0.543531 -0.0472255 -0.010026 0.211503 0.0820642 0.0315583 
1.53026 0.489244 1.52694 0.196256 0.145844 0.600383 0.972954 -0.5468 0.559324 -0.335469 0.361468 0.00116621 
1.26784 0.69579 1.23155 -0.494477 -0.254654 -0.257652 0.741098 -0.762048 -0.208016 -0.36697 0.32617 -0.0277346 
1.54375 0.968546 1.23709 -0.241573 0.401978 0.36499 0.247673 -0.482463 -0.0789734 -0.152095 -0.0570893 -0.0159452 
1.49913 0.451542 1.1811 -0.464793 0.253319 0.241015 -0.40113 -1.03498 0.489477 0.120522 0.202554 -0.0337262 
1.6708 1.1695 1.21292 -0.00450757 0.965192 0.265492 0.196351 -0.245446 0.0449787 0.0746206 0.123317 0.0441402 
1.68908 1.12922 1.28924 -0.388494 0.949965 0.264084 0.474278 -0.464291 0.168501 -0.0263292 0.130518 0.0489377 
1.55507 0.766104 1.29245 0.209736 0.480345 0.223024 0.16044 -0.36765 -0.038057 -0.362226 0.0421183 0.0755426 
1.7606 0.769944 1.01508 -0.0343576 0.994215 -0.886856 -0.0817662 -0.190752 -0.156238 0.202397 0.249954 -0.0340614 
1.3819 0.997909 0.712144 0.0267455 0.147946 0.34089 0.11901 -0.418887 0.305014 -0.0435257 0.0505594 -0.0222326 
1.62193 0.564919 1.57057 0.330071 0.51864 -0.203544 0.060703 -0.533044 -0.188692 0.218061 0.296398 0.00812368 
1.73665 0.584538 0.958448 -0.578133 0.436848 0.46957 -0.515781 -0.370212 1.33324 -0.365735 0.276107 -0.00245068 
1.65325 0.547526 1.29691 0.17814 1.1922 0.379635 -0.208209 -0.42894 0.622625 0.30113 -0.10111 0.0246639 
1.83596 0.905077 1.31337 -0.531026 0.035668 0.4349 -0.0628528 -0.445083 0.305612 0.0864354 0.12691 0.00701104 
1.73156 0.613597 0.620517 -0.297361 0.799667 -0.430839 -0.255697 0.152995 0.0894123 -0.00485827 -0.0136429 0.0436323 
1.37101 0.632548 0.668747 0.17309 0.533939 0.116585 0.106069 -0.0492727 0.277708 -0.425731 0.0760336 -0.010602 
1.78244 0.870728 1.27707 -0.26457 1.08323 0.829719 0.183594 -0.404203 0.562341 -0.444686 -0.257665 0.0137447 
1.70363 0.600961 0.0942917 0.254882 0.690241 0.454219 0.337711 -0.0758723 0.508184 -0.115471 -0.222188 -0.0239593 
1.52245 0.331913 0.719804 -0.450243 0.584098 0.27177 0.0474619 0.0151306 0.991425 -0.443507 0.0766094 0.0827306 
