2.24481 -1.45724 1.95611 -0.136513 -0.250791 1.44523 2.86813 -0.303387 0.409074 -0.122441 -0.560554 -0.0838863 
3.78413 -4.82332 2.15642 1.00813 1.25785 -1.03974 2.89002 1.86788 -1.24017 0.140213 -0.210755 -0.0335551 
3.37595 -3.36877 2.43677 0.739009 1.66652 -1.64365 2.53172 1.9138 -0.703912 0.28398 -0.432141 -0.0136902 
3.37677 -2.48504 1.58547 0.530256 -0.0392164 -2.89339 2.16999 1.84058 -0.218542 0.425822 -0.119257 -0.00543306 
4.94955 -3.89487 -0.271408 0.600687 -0.702033 -1.84966 3.66473 0.8189 -0.663362 0.273789 0.0179799 0.0080319 
4.04732 -4.16802 -1.58871 1.26792 -1.09891 -0.321557 3.58239 0.962071 -0.149777 -0.211173 -0.0913782 -0.0458512 
2.46777 -2.64507 -2.37966 -0.700536 -0.995352 -0.384986 1.62084 1.31725 0.720003 0.426532 -0.602316 -0.182792 
2.46578 -0.780855 -1.69228 -3.09634 -0.904253 0.745168 1.35343 1.5331 0.873015 -0.103037 -0.214785 -0.0617878 
2.76379 -0.607577 -1.08134 -3.3755 -0.777968 0.569858 2.92853 1.47641 0.464054 -0.293148 -0.299534 -0.109635 
2.36169 -0.726022 -2.0013 -2.87519 -0.747196 0.598972 2.57403 1.77572 -0.0734849 -0.443835 -0.130075 -0.102763 
3.34871 -0.309086 -2.67199 -3.99627 -1.43953 0.913998 1.77374 0.940469 0.6053 -0.838791 -0.299093 -0.114748 
2.79004 0.0561101 -2.28703 -4.12058 -1.24283 0.630828 2.35663 1.79954 0.693794 -0.45619 -0.286714 -0.133508 
2.45735 -0.453056 -1.92684 -3.69295 -1.41262 0.537009 2.60607 2.02581 0.968337 -0.141774 -0.199758 -0.12038 
2.69341 0.462264 -0.92075 -3.64053 -1.87929 0.190164 2.37657 1.8087 1.31784 -0.0873616 -0.236995 -0.136742 
2.26046 0.384038 -1.39685 -3.06462 -1.05048 -0.142196 1.01184 1.49715 0.979657 0.0302465 -0.154851 -0.120083 
1.78235 0.660637 -0.364914 -4.4333 0.705959 -1.37214 2.14439 1.33419 0.566439 0.738204 -0.600731 -0.0216185 
2.02132 0.79854 0.552592 -2.87842 0.365135 -0.446417 2.11486 1.14665 0.622778 0.540551 -0.612076 -0.0464464 
1.98697 0.795987 0.0810258 -2.82938 0.675868 -0.215516 2.07958 1.24292 0.312637 0.450565 -0.550355 -0.0502786 
2.03693 0.488987 0.936957 -1.75329 -0.00391538 0.211696 0.70855 0.234642 0.652535 0.00634816 -0.0189419 -0.0395013 
1.76039 0.835867 1.25137 -1.03458 0.255989 -0.258925 1.14419 -0.417255 0.911783 0.376067 0.0850424 0.0169347 
1.56375 0.348602 1.71244 -0.687385 0.527521 -0.241853 0.312218 -0.930627 0.308426 -0.372906 0.290506 0.00853441 
2.00064 0.474357 1.17668 -1.86135 -0.0525726 -0.108783 1.02903 1.02956 1.17535 -0.0416041 -0.194225 -0.0379318 
1.8092 0.26125 1.09517 -1.35245 0.0465434 0.582909 1.59754 0.710091 0.865647 0.211751 -0.359528 -0.110064 
1.65671 0.397282 1.04381 -1.91239 -0.462745 -0.144118 1.04048 0.597991 0.24369 -0.550649 -0.199568 -0.0646805 
1.88202 0.664099 0.882022 -1.16724 -0.132922 -0.087198 0.713538 0.828936 0.337825 -0.288707 -0.0646727 -0.00878976 
1.48487 0.451383 1.30821 -0.587051 0.769283 -0.328043 1.29001 -0.0844166 0.661528 -0.125659 0.0037357 0.0454906 
1.56793 0.509799 1.60822 -0.788712 1.25812 -0.126135 0.192566 -0.368949 0.0435705 -0.0399405 0.175677 0.0302644 
1.78581 -0.0578602 1.46921 -1.24276 0.801084 0.00185711 0.513684 -0.450297 0.166053 -0.0971954 0.369306 0.104115 
1.74274 0.421718 1.4865 -0.419225 0.40939 0.536856 0.492464 -1.06206 0.164987 0.118845 7.70786e-005 -0.00475595 
1.37169 0.424133 1.51205 -0.344705 0.981776 -0.341489 0.253287 -1.02895 0.441445 0.196349 0.164006 0.00617961 
1.38371 0.319492 1.74203 -0.213537 0.563202 -0.128925 -0.572124 -0.43722 0.383317 -0.0219465 0.0641246 0.0440691 
1.40655 0.0921436 1.48872 -0.525364 0.332951 -0.372892 0.00514483 -0.258611 0.484349 -0.424608 0.207083 -0.00361469 
1.56938 0.250624 1.31497 -0.395978 0.870363 0.180564 0.8074 -0.803587 0.370296 0.0855207 0.349493 0.032435 
0.755039 1.59176 0.175602 0.604149 -0.724695 0.990512 0.147051 -0.0720999 -0.308371 -0.446829 0.174315 -0.0553594 
-0.380112 3.02469 -1.59426 2.8172 -1.53152 1.33478 -1.15962 0.106902 0.210914 -0.174581 0.11086 -0.0288802 
0.652762 1.62227 -0.22694 1.11134 0.048282 1.01255 -0.0919077 -0.172136 -0.452812 -0.0674965 0.218909 -0.0723481 
0.729823 -0.752599 1.19731 2.64389 -0.384807 -2.1004 0.586823 1.97327 0.271118 -0.631545 0.316316 -0.0192996 
-1.85046 -2.50351 -0.649187 2.1541 -0.798714 -2.04092 1.42818 2.34902 -0.370783 -0.530183 0.179684 -0.110093 
-4.184 -3.94513 -0.501675 1.16955 -0.829028 -2.28141 3.11737 2.34867 -1.14907 -0.958454 0.197893 -0.0412063 
-2.87131 -2.71342 -0.012901 1.14194 -1.83991 -2.82421 2.30781 2.40666 -1.00301 -0.48189 0.173511 -0.111003 
-2.84878 -2.24627 0.899088 1.35237 -1.88186 -2.65729 2.66317 1.53141 -0.91644 -0.344999 0.528909 -0.140962 
-3.61976 -1.84366 1.04999 0.331259 -2.27218 -1.65599 2.37026 1.42614 -1.57805 0.180764 0.264646 -0.205828 
-4.2517 -2.39823 0.569126 -0.568282 -1.99232 -1.59686 3.04421 0.887311 -0.809082 0.217522 -0.229419 -0.11468 
-3.38256 -2.46977 1.51044 -0.832385 -2.03665 -1.59785 2.51445 1.31892 -0.110856 0.276907 -0.358281 -0.0593854 
-2.62918 -2.03039 1.30687 -1.02201 -2.60239 -1.55967 2.81299 1.10495 -0.289522 0.344857 -0.428914 -0.0997946 
-1.10007 -1.4585 1.11628 -0.293432 -0.87098 -0.471702 3.1438 1.4993 -0.563812 -0.0546298 0.0325727 -0.0938268 
3.12636 0.0310621 1.06302 1.14649 0.524528 0.439668 3.52721 1.62337 0.0927355 -0.220093 -0.042656 -0.0765803 
3.67343 -0.769614 -0.698684 2.42201 0.596898 1.51812 3.01221 1.88445 -0.320904 -0.392963 0.00935592 -0.0790267 
3.96185 -1.50051 -1.5371 2.93945 0.877988 1.94211 3.44749 1.6587 -0.174998 -0.922128 0.0548322 0.0104167 
4.04152 -1.51665 -1.56076 2.27973 0.719237 2.61263 3.49705 1.43154 -0.607838 -1.03142 0.0696748 0.0602057 
4.53976 -0.939014 -1.84419 1.49926 0.705735 2.77061 4.24176 1.28974 -0.775096 -0.719165 0.185446 0.00668137 
3.91953 0.273782 -0.115924 0.877627 0.646471 2.52166 3.76476 0.710994 -0.372406 0.190679 0.131232 -0.0608844 
4.61955 -0.607548 -1.53131 3.03835 1.60135 1.4061 3.76083 0.199293 0.626133 -0.626826 0.341757 -0.00738161 
5.23089 0.371027 -1.44617 1.79891 3.14933 2.09268 2.40298 1.65098 -0.467829 -0.169557 -0.0654277 0.0529668 
4.48426 1.08613 -0.295595 1.88194 3.39847 2.69262 1.95077 1.15534 0.204622 0.310058 0.0395114 0.0584629 
4.50341 0.360162 -1.51009 1.36357 3.37718 2.78872 2.24062 1.4288 0.121772 0.229132 0.338142 0.155959 
4.38299 1.25076 -0.982322 0.271406 2.86335 4.06679 3.22761 0.942907 0.0240999 0.289853 0.127254 0.110078 
3.58081 1.96132 1.97124 0.0342528 2.18704 -1.94971 1.3774 -0.335868 -1.21548 0.25238 0.697787 0.301936 
-0.210226 0.682725 3.11706 2.27108 -0.510396 -1.73911 0.877796 1.20573 -0.186572 0.562842 0.387448 0.039699 
-2.17112 -0.795069 2.2361 0.441435 -1.32436 0.0888228 2.55627 1.68335 -0.450203 0.341297 0.290597 -0.197289 
-2.63527 -1.59956 1.70887 0.427126 -2.04231 -2.41524 2.1561 0.517904 -0.583714 -0.146501 0.263314 -0.125131 
-3.07428 -0.982704 1.86104 0.442364 -1.34797 -1.53173 1.90987 1.13924 0.141114 -0.0335976 0.0307995 -0.0539219 
-3.14392 -1.39126 1.91321 0.627385 -0.649895 -0.852744 2.59357 1.66974 0.258437 0.399088 -0.0404801 -0.0655203 
-3.29711 -1.30136 2.23462 0.380738 -0.837461 0.0918128 3.01479 1.2521 0.364361 0.292114 0.0255789 -0.0980149 
-3.7721 -1.34386 2.74883 1.39741 -1.55585 -1.40123 2.69523 1.04617 0.103972 0.350476 0.179239 -0.0567095 
-4.11607 -2.42067 1.74654 0.802253 -1.75993 -1.17802 2.23025 0.825595 0.288143 0.11004 -0.100669 -0.0547185 
-3.67738 -2.23848 0.933643 0.0343142 -1.45798 -0.557195 2.78321 1.29399 -0.0825659 -0.521167 -0.289118 0.00681375 
-3.31389 -2.29381 1.26395 -0.597891 -1.72485 -1.51156 2.92417 0.174041 -0.218395 -0.205446 -0.0702309 -0.0442545 
-3.63246 -2.29569 0.550075 -0.824849 -2.18999 -1.38937 2.47653 0.0140298 -0.188266 -0.0636584 -0.183514 -0.0183544 
-3.19036 -2.09715 0.266745 -1.31371 -2.34732 -1.76045 2.55595 -0.59237 -0.441598 -0.0428104 -0.113428 0.00737575 
-3.23742 -2.6131 1.5677 -0.168151 -2.41687 -1.53861 2.48823 0.03295 -0.0674268 0.469406 -0.145936 -0.0665856 
-2.6443 -2.46097 0.267379 -0.83294 -1.7112 -0.654146 1.81473 0.13781 -0.266079 -0.284841 -0.304396 -0.0814935 
-2.51369 -2.71603 -0.106592 -1.32813 -3.69113 -1.32611 3.23718 -0.191972 -0.530686 -0.120707 -0.0662558 -0.0244115 
-1.15498 -2.04329 0.907256 -0.371239 -2.04014 -0.932888 2.28545 0.0800176 -0.3661 0.261446 0.0778559 -0.0634504 
-0.0779321 -1.20026 1.58587 -1.78039 -3.1711 -1.67975 1.6693 -0.901734 -0.669401 -0.18639 -0.113779 0.182224 
-0.339124 -1.85994 2.39081 -1.80086 -2.93971 -1.24102 0.792438 -3.00339 0.607132 0.232168 0.0860538 0.129165 
-0.232081 -0.503279 4.30357 -2.2488 -1.88841 -1.22454 -0.204584 -3.1855 1.25006 -0.319028 -0.379429 0.213557 
0.257292 -0.545105 4.52872 -1.33183 -2.62827 -2.15009 -1.85004 -3.28237 2.28911 -0.220956 -0.414247 0.233498 
1.39557 -0.661415 4.34729 -0.284491 -0.908794 0.0195204 -1.65887 -2.41587 1.59325 0.375487 -0.233128 0.166787 
1.27309 -0.742716 2.97661 0.552145 -0.0866471 1.38278 -0.289464 -1.48357 0.856743 0.102638 -0.343253 0.162846 
1.21285 -0.141261 1.91805 0.961911 -0.0785257 0.0770713 1.45698 -0.569182 -0.127979 -0.0703631 -0.00204735 0.0877615 
1.35932 0.606149 1.52172 -0.0555033 -0.45847 0.0508167 0.434672 -0.961565 -0.739277 -0.157608 -0.0770019 -0.0257407 
1.74109 0.199084 1.43947 0.701473 0.0452531 0.497854 0.26432 -1.2369 -0.0598245 -0.304771 -0.176879 0.0309245 
1.44138 0.0152355 1.94868 0.156166 0.964093 0.188777 0.360203 -0.851549 0.223653 -0.299469 0.152905 0.0609229 
1.6877 0.505161 1.50502 0.0263343 1.50631 -0.0204136 0.276947 -0.78115 -0.487191 0.0440314 0.00997478 -0.0340624 
