1.80974 0.222138 1.80581 -0.383907 0.762565 -0.645574 -0.0521995 -0.211108 0.110669 -0.334481 0.218497 -0.0261426 
1.61349 0.11263 1.47374 -0.585505 0.749201 0.244971 -0.107412 -0.0989395 0.388425 -0.468342 0.00717414 -0.0230854 
1.52776 -0.152423 1.63104 -0.62452 1.61649 0.229996 0.21052 -0.160108 0.477866 -0.0520582 -0.163612 -0.033723 
1.63598 -0.368266 1.67438 -0.194302 1.42429 0.192619 0.00362166 -0.0830496 0.191764 -0.313651 -0.137391 0.0241684 
1.66663 0.42369 1.12949 -0.80451 0.55548 -0.688711 0.117634 -0.0834645 0.660611 -0.292205 0.237528 0.0386388 
1.37656 0.144531 1.33234 -0.438258 0.84587 -0.190296 0.151609 -0.304971 0.76689 0.210817 0.0578634 0.00257605 
1.29028 -0.442035 1.23438 -0.848212 0.804079 -0.647846 -0.129935 -0.0591536 0.268376 0.0281869 0.168704 0.0570338 
1.7733 0.545207 1.72304 -0.690977 1.04822 -1.11949 0.105416 0.0831571 0.612105 -0.0574012 -0.0278422 0.0516317 
1.73135 0.631209 0.719927 0.0035615 0.871729 -0.592437 0.531052 -0.170628 -0.170735 -0.434043 0.193858 0.063407 
1.56778 0.326763 1.67034 -0.350118 1.22903 -0.0826812 -0.070272 -0.327202 0.236826 -0.369962 0.00864863 -0.042429 
1.64656 0.648339 2.81133 -0.841719 0.685428 -0.415066 1.35345 0.736765 0.295318 -0.157305 -0.0421395 0.0259175 
1.72071 0.672327 1.82502 -0.20461 1.83977 -0.302272 0.950074 0.234053 0.290407 -0.318221 0.0124502 0.0148494 
1.75064 0.237062 1.90068 -0.485166 2.14589 -0.216899 0.419846 -0.384488 0.0263129 -0.0633351 0.0233611 0.053014 
1.73007 0.362304 1.35899 -0.560314 0.933269 -0.0946959 0.213276 -0.83945 0.496339 -0.6313 -0.0909589 0.153823 
2.17042 0.30091 1.46568 -0.886867 0.831186 0.158256 0.675504 0.29592 0.702404 -0.0864509 -0.00503548 0.0201522 
1.82093 0.0706927 1.11654 -0.579031 1.36723 -0.571655 0.581611 -0.051129 0.568668 -0.0721675 -0.264244 0.00263297 
1.97499 0.344987 0.504019 -1.89667 -0.0210889 -0.143502 1.16851 0.919745 0.774576 -0.649877 -0.162545 -0.0916578 
2.62227 0.331029 -0.64787 -2.76531 -1.19982 -1.32874 1.56831 1.64051 1.02369 0.107145 0.0367156 -0.0579894 
2.84634 0.182391 -0.626001 -2.85502 -1.48759 -1.04129 0.71202 0.846471 1.31535 0.0685032 0.0278385 -0.0373927 
2.42517 0.184103 0.0260739 -1.85079 -1.39905 -0.700798 0.593338 1.24766 1.46154 -0.329385 0.140824 -0.0653642 
2.1775 0.399857 0.162152 -2.50194 -0.333962 -0.431081 0.885347 0.676364 0.736415 -0.0636991 -0.0723797 -0.132158 
1.87235 0.38621 1.32397 -1.58238 -0.275933 -0.374042 0.302743 -0.134819 1.04508 -0.383194 -0.106654 -0.0494563 
1.80699 0.542278 1.80753 -0.540637 0.307112 -0.0426447 0.616083 -0.306249 0.485071 -0.317352 0.287121 0.0204972 
1.78243 0.00453672 1.49129 -0.181249 1.36579 -0.420636 0.111782 0.141647 0.00671028 -0.166073 0.206864 -0.00903783 
1.3992 0.0186144 1.72278 0.154141 0.717183 -0.613259 0.357059 -0.660105 -0.0198946 -0.544977 0.187638 0.0308744 
0.215241 2.12154 0.402464 0.258036 0.557218 -0.189175 -0.181954 0.492809 -0.568022 -0.0274764 0.432286 -0.115186 
-1.7774 3.9711 -1.61851 1.97541 0.00694748 -0.54086 -0.353253 1.6439 -0.136315 -0.481773 0.477646 -0.039917 
0.948958 1.49573 0.277704 0.472013 0.580357 0.650719 -0.203185 1.05871 -0.572999 0.125607 0.283125 -0.0464535 
1.49306 0.87746 1.65021 -0.424618 1.46373 -0.0508294 -0.185189 -0.545418 0.501881 0.10637 0.28184 -0.0169455 
1.94313 0.0570693 1.45589 -0.564334 0.82411 -0.651758 0.242884 -0.186944 0.398637 -0.392642 0.13843 0.0872836 
-0.0726477 -1.60777 -1.97814 -0.803844 -0.770208 0.067351 2.61849 1.84783 -1.39696 -0.742769 0.142357 -0.120946 
-2.57414 -3.84218 -2.18436 1.29333 -0.787256 -2.92014 2.18085 2.43816 -0.588179 -1.17901 0.178694 -0.0769997 
-2.06618 -2.97513 1.02403 2.3901 -1.42915 -2.27535 2.51281 1.57079 -2.07465 -0.895008 0.578769 -0.0824357 
-4.11836 -1.87332 1.25476 0.516979 -0.378159 -1.37297 1.90263 0.788062 -1.00746 -0.357024 0.788808 -0.2921 
-3.82993 -0.966111 0.292095 1.27096 -0.483337 -2.03139 1.80216 1.76273 -1.32875 0.000495504 0.282826 -0.100822 
-3.95534 -1.68043 1.13513 1.03456 -1.19495 -1.62166 2.24185 2.0225 -1.44558 -0.142068 0.536517 -0.19425 
-4.30441 -1.99538 0.859684 -0.397099 -1.3649 -1.79946 2.87773 2.33798 -0.763936 0.320639 -0.0177526 -0.25244 
-2.86783 -2.35929 0.52971 -0.704247 -1.24944 -2.29228 2.58702 1.41855 -1.44278 0.124182 0.0939655 -0.164788 
-2.35265 -2.51213 0.675583 -0.477136 -0.62455 -2.19442 1.76562 1.9904 -0.597239 -0.230015 0.216079 -0.0985027 
-1.11467 -2.25231 -0.141574 -0.321637 -0.654602 -1.17527 2.00525 2.19639 0.143743 0.0261 0.238226 -0.0692745 
2.42042 -0.345329 1.2686 1.41526 2.2832 1.1469 3.09924 1.1686 -0.470754 0.186645 0.317607 -0.00387162 
3.2472 0.4632 0.105827 1.11026 1.80544 1.42631 3.32968 1.21709 -0.780376 0.197166 0.124023 -0.00975404 
3.5781 0.701759 1.30683 1.25983 1.11309 1.55935 3.42539 1.57094 -0.710499 -0.0528593 -0.0807333 -0.0481922 
5.19732 -0.116372 -0.636421 -0.217755 4.04195 2.45573 3.84173 1.26474 -1.7852 0.272351 0.0773837 0.0339382 
3.7178 -0.525061 -1.41549 1.21687 2.33765 2.00389 2.92832 1.91716 -0.879005 -0.678474 0.106674 0.0875084 
3.84399 -0.285682 -0.757358 1.35157 1.53248 1.68699 2.76238 1.78298 -0.701253 -0.682379 0.182894 0.0667376 
4.01725 -0.389402 -0.426404 1.83653 2.16728 1.34658 2.80365 1.89872 -0.530851 -0.13106 0.393554 0.0885373 
4.0668 0.0576657 0.0509731 2.22524 2.25354 2.25998 2.75855 1.18327 0.106987 0.118144 0.157436 0.0592919 
4.0045 0.391416 -0.713924 1.46541 2.82548 2.79817 2.38696 1.24734 0.0678084 0.011035 0.0633241 0.0594221 
4.51287 0.752793 -1.24583 0.69117 3.22911 3.09534 1.57293 0.459192 -0.00357192 -0.0793765 0.095845 0.027497 
5.09459 0.199723 -1.50989 1.60191 3.49188 2.27801 1.84793 1.41622 0.107217 0.0420768 0.0687926 0.0729868 
5.27458 2.35461 -1.81632 0.708482 1.66047 -1.37257 2.34137 0.0530052 1.53101 -0.524596 0.393103 0.200667 
2.77343 3.5829 0.457726 0.376851 2.19719 -0.775522 2.69586 -0.417073 0.911498 0.137069 0.435637 0.122706 
-0.435273 0.811414 2.65259 -1.05164 -0.691013 0.117525 1.83851 1.3027 -0.558946 0.422473 0.554329 -0.0790888 
-1.8117 -0.398242 1.99136 -0.322573 -0.0416376 -0.0815262 2.2671 1.67488 0.43121 0.0414234 0.177541 -0.0909625 
-2.8098 -0.551472 2.1606 0.146535 -0.0907157 -0.191919 1.78894 1.70296 0.353663 -0.637385 0.372143 -0.0921376 
-2.99347 -0.580851 1.80013 -0.35612 -0.966614 -0.121858 1.62794 1.7179 0.0309711 0.057149 -0.0449176 -0.146788 
-3.12347 -1.3228 1.91444 0.0987558 -0.797815 -0.360793 2.68593 0.592657 0.0617051 -0.317893 0.0776434 -0.110787 
-2.83312 -1.43742 1.18644 -0.509831 -0.488262 -0.695201 2.19966 1.5416 -0.193775 -0.270926 -0.160596 -0.0920045 
-3.55452 -1.4786 0.42251 0.242524 -0.835941 -0.857384 2.10274 0.918973 -0.065818 -0.127778 -0.124682 -0.133952 
-3.15832 -1.87643 -0.0615933 -0.018313 -0.248879 -1.23168 1.46292 0.789334 -0.532071 -0.441516 0.0219032 -0.149028 
-3.43232 -2.42221 -0.336331 -0.267638 -0.609961 -1.04814 1.45129 0.356901 0.0969507 -0.168534 -0.212766 -0.103998 
-3.20817 -2.6032 0.40818 -0.878179 -1.94781 -1.44398 2.0494 0.954961 -0.100609 -0.191091 -0.129398 -0.114815 
-2.28885 -2.14488 0.297084 -1.41554 -2.69863 -1.31792 1.66675 0.486139 -0.598552 0.177509 0.0773953 -0.132508 
-2.92363 -2.32556 -0.742424 -2.272 -2.74963 -2.07974 1.60837 0.253693 -1.35389 0.416871 0.432823 0.0153638 
-1.65591 -1.26395 0.373896 -0.748009 -1.70029 -0.835086 1.62866 0.715301 -0.995139 0.501244 0.0180014 -0.0821257 
-0.801431 -0.508248 0.86584 -0.498961 -0.725349 -0.242055 1.81578 0.829165 -0.447303 0.27222 0.708453 -0.00950755 
-0.125664 -0.70018 -0.360074 -1.93345 -2.85933 -1.47441 0.537736 -0.91095 -0.840944 0.0353643 0.479 0.113572 
0.546023 -1.31498 1.45762 -1.8271 -3.2087 -2.66236 1.06725 -1.85243 -0.152058 0.419654 0.091978 0.109473 
0.0697799 -0.174573 3.90909 -0.29008 -3.52186 -2.98622 1.75553 -2.43121 -0.0987995 1.01424 0.145001 0.127275 
0.972067 -1.64701 3.60648 -0.390787 -4.5542 -2.66154 1.70059 -3.62949 0.251894 0.834254 0.115579 0.0808038 
0.84251 -2.24565 4.37762 -0.986238 -2.84892 -1.80577 0.323074 -3.03219 0.581283 0.957232 -0.241549 0.136468 
0.880342 -0.512957 3.46394 -0.647182 -2.35602 -0.307471 1.09904 -2.32269 0.853912 0.355376 0.364066 0.182395 
1.15733 -0.350225 2.65651 -0.296615 -2.10088 -0.0852321 0.703349 -1.98897 0.888532 0.19428 0.189976 0.124692 
1.26012 0.122179 2.46717 -0.203094 -0.0754551 0.476824 0.576146 -0.686873 0.121078 -0.0271693 0.187322 0.0220735 
1.20418 0.221192 2.06105 0.488602 0.0400648 -0.34684 0.791647 -0.263759 0.377875 0.111635 0.0166109 0.0348482 
1.41791 0.303237 1.6248 -0.505476 0.316477 0.247242 1.00586 -0.585867 -0.306544 -0.466564 -0.0745097 0.0497103 
1.39949 0.326455 1.24756 -0.180546 -0.00266357 -0.144317 0.951155 -0.468974 0.235447 -0.34471 0.208734 0.00227779 
1.34719 0.72473 1.40587 0.369629 1.23144 0.601481 -0.325664 -0.666277 -0.0985913 -0.0828445 0.00798098 0.0172793 
1.40846 0.635879 1.4032 0.45924 0.665926 0.491044 0.0257859 -0.914297 0.151566 -0.212352 0.0354923 0.0642913 
1.41538 0.368442 1.21448 -0.212487 0.890814 -0.207737 0.612198 0.138071 -0.608542 -0.141985 -0.163075 0.0357511 
1.35805 0.728737 1.13224 -0.0283085 0.543755 0.655146 0.413767 -0.0356055 -0.127116 -0.300447 0.228303 0.0692147 
1.44684 0.187152 0.306243 -0.499711 1.06456 0.180496 -0.0197926 -0.369346 -0.0386417 -0.506581 -0.131338 0.0361421 
1.42421 0.810898 0.566629 0.369559 1.00003 0.0232297 0.329618 -0.517006 0.378384 -0.112127 -0.019597 -0.0452138 
1.3239 0.961714 0.294943 -0.54904 0.25855 0.315544 -0.527677 -0.460962 0.77631 -0.202613 0.361196 -0.00246341 
