1.75274 0.22401 1.56556 -0.764372 1.16869 -0.989438 0.438578 -0.260523 0.33497 0.250379 0.0155423 0.00755526 
1.60977 0.448305 1.30305 -0.345661 1.25206 -0.47879 0.443544 -0.149923 -0.188992 0.129818 0.137467 -0.036366 
1.53305 0.298138 1.37684 -0.822036 0.534484 -0.173362 0.495481 -0.554491 0.286789 -0.252732 -0.243851 0.0817838 
1.79376 0.281596 1.27041 -0.68412 0.353425 -0.444945 0.497889 -0.0810063 0.11074 -0.186046 0.395471 0.047949 
1.71137 0.539626 1.29714 -0.908593 1.10023 0.315153 0.61022 -0.305275 0.580853 -0.0931367 0.292528 0.0562104 
2.04588 0.123835 1.97608 -0.386151 1.44545 0.612193 -0.00357839 0.218332 0.219525 -0.187697 0.0151828 0.0486304 
1.6502 0.184818 1.90942 -0.514758 1.37418 0.406098 0.438545 -0.180762 0.0169275 -0.273634 -0.16249 0.0347142 
1.84531 0.275441 0.940853 -1.50814 0.295145 0.317767 1.41006 0.475098 1.04119 -0.02905 0.00226957 -0.0217016 
1.70818 0.210884 0.339642 -1.13503 -0.249824 -1.23119 0.476427 -0.500435 0.365697 -0.4355 -0.173886 -0.0552364 
1.83482 0.420978 0.778785 -1.15412 1.00575 -0.0193677 1.53126 0.389808 -0.0573435 -0.354801 -0.186468 -0.0640345 
1.8349 0.179471 0.77153 -1.1354 0.295269 0.251887 1.95451 -0.101191 0.126257 -0.516896 -0.254725 0.00222071 
1.82031 0.178834 1.30303 -0.603704 -0.0019514 0.157056 0.948228 -0.081053 0.249428 -0.105811 0.0434422 0.0404762 
1.66994 0.0191011 1.50533 -1.74421 0.479301 -0.200959 0.20501 -0.100693 0.67299 0.247965 0.122416 0.0970148 
1.7517 0.0604358 1.34529 -0.347205 0.618726 -0.579721 0.752803 0.0955714 0.748357 -0.0983716 0.021546 -0.0819207 
1.69587 -0.365032 1.21054 -1.49647 0.561592 -0.876768 0.0458184 0.474813 0.247226 -0.263235 0.0636072 0.0387119 
1.97343 0.00860641 1.5558 -0.965101 0.81412 0.243649 0.564812 0.198097 0.447517 0.0590692 0.100079 0.003924 
1.81438 0.0972916 1.66674 -0.473874 1.47468 -0.152869 -0.030239 -0.268461 0.148104 -0.611133 0.191832 0.0158605 
1.99812 0.163843 1.94305 -0.307829 1.07238 -0.510806 0.248132 -0.271693 0.422497 -0.44201 0.0128125 0.017603 
1.74357 0.478177 0.994263 -0.245652 0.772066 -0.071156 0.692964 -0.55162 0.73046 0.0237553 -0.0147811 0.0985329 
1.79337 0.621728 2.14362 -0.645715 0.437022 -1.33009 0.305464 -0.77628 0.110914 0.172098 0.174818 0.0550717 
1.59472 0.220986 1.71012 -0.743323 0.808054 -0.459374 0.223946 -0.218322 -0.270885 -0.112907 0.140513 0.037857 
1.87865 0.369464 1.18274 -0.113429 0.757808 -0.61021 0.627406 -0.271739 0.00345135 0.00560474 -0.104681 0.0435263 
1.68175 0.795022 1.37028 -0.577336 0.92485 0.451888 0.118317 -0.82655 0.529368 -0.250863 0.112207 -0.0249444 
1.82674 0.407104 2.2346 0.137187 1.33477 0.324784 0.965681 0.101717 0.142088 -0.418935 0.147695 0.046977 
1.45197 0.446212 2.01607 -0.666398 0.923358 -0.247994 0.124248 -0.6076 -0.0911816 -0.255977 0.181361 -0.00217391 
1.64289 0.488341 2.06892 -1.19934 0.926173 -0.214156 0.560736 0.384556 0.180309 -0.514053 0.213388 0.0445073 
1.57839 0.281295 1.90342 -0.5181 0.583639 -0.415964 0.383703 0.0378379 0.0814996 -0.437263 0.161222 4.31283e-005 
1.33428 0.625646 1.46697 -0.45792 1.23726 0.0859064 0.39654 -0.493512 -0.0226453 -0.160264 0.198293 0.0107223 
-0.895536 3.58046 -1.55143 1.81556 -0.228593 0.224021 -0.134879 0.867368 -0.094175 -0.340287 0.389394 -0.0256632 
0.43187 2.2255 -0.294403 0.900018 -0.607458 0.813681 -0.660439 0.0560069 -0.266203 -0.243118 0.604113 -0.086043 
1.17235 1.28554 1.07977 0.263215 0.093984 0.181168 0.619526 0.132131 -0.165928 0.399366 0.0428274 -0.00259572 
0.738908 -1.55732 1.4014 1.99932 -0.290415 -2.84253 1.56139 1.50279 -1.7903 -0.268563 -0.0491519 0.0502746 
-1.24987 -3.00598 -0.154759 2.54688 0.0533817 -3.12608 1.43189 2.0542 -0.716197 -1.09959 0.199868 -0.00315615 
-2.24908 -2.20701 0.717859 1.75739 0.244292 -2.86791 1.07476 2.0356 -0.872415 -1.1528 0.769719 -0.119958 
-5.0536 -3.09508 0.983312 0.519373 -0.416349 -2.63261 1.53935 2.23007 -1.02353 -0.55393 0.505231 -0.134016 
-4.42915 -2.16731 1.31881 1.26388 -0.859976 -2.1534 1.74573 2.1155 -0.0366563 -0.957892 0.831175 -0.179006 
-4.46447 -2.16343 1.23507 0.603793 -1.01749 -1.74641 2.39679 1.86762 -0.614472 -0.463478 0.59678 -0.257144 
-4.84568 -2.86577 0.65802 -0.792794 0.0556185 -2.1913 1.46093 2.11303 -0.762345 -0.0314849 -0.059627 -0.0822008 
-4.05734 -3.17116 -0.00826483 -1.22948 -1.01805 -1.8501 1.97711 2.32788 -0.609609 -0.320761 0.147401 -0.248398 
-2.52324 -2.76497 0.169185 -1.1717 -1.37604 -2.71492 1.94372 1.83776 -0.398187 0.409172 0.0346169 -0.242986 
-1.74611 -2.00511 -0.23297 -1.44972 -0.544287 -0.853908 2.11315 2.4313 -0.219643 0.0930069 0.427618 -0.215804 
1.5562 0.878032 2.1603 0.75305 1.77616 0.287947 2.741 2.31201 -0.118358 0.116079 0.135274 -0.0195319 
2.79846 -0.212184 -0.139434 1.24456 2.337 1.74695 2.58756 1.69044 0.171938 -0.231747 0.348766 0.0160964 
3.82781 -1.19527 -1.70351 1.71022 2.76222 2.24097 2.33922 1.78989 -0.376553 -0.456713 0.150837 0.0412257 
4.29522 -0.976183 -2.56342 2.04889 3.06167 1.71769 2.69487 1.5669 -0.201304 -0.71862 -0.0155679 0.0820646 
3.41443 -0.699198 -2.0009 1.7653 2.78008 2.21276 2.12866 1.86797 -0.296419 -0.836807 0.00134389 0.0806311 
3.79032 -0.576647 -2.09383 1.93625 2.52572 1.72973 2.90173 2.23307 -0.348927 -0.879274 0.108704 0.134765 
3.00315 -0.0618407 -0.268832 2.15991 2.21778 1.55557 2.47222 0.86847 -0.18999 -0.221185 0.248826 0.0246078 
4.08569 -0.214378 -0.520822 2.1671 2.27591 2.01929 2.05596 1.32216 0.575076 -0.193761 -0.0679777 0.020859 
4.25058 -0.288606 0.0145393 3.1202 2.85899 1.45012 1.53782 1.17306 0.0538077 -0.351093 0.0534218 0.0986426 
4.40082 0.193467 -0.25688 3.05398 3.81261 2.02223 1.59218 1.44544 0.066329 -0.202162 -0.0859461 0.108115 
4.31024 0.556133 -0.814621 1.33536 2.8581 2.27033 1.38511 1.20403 0.832395 0.226659 0.091538 0.0113227 
4.28653 0.994337 -0.818788 -0.214829 4.60905 2.85159 1.09921 0.36301 2.39026 -0.334255 0.451833 0.0657964 
2.56461 1.19633 0.740657 0.591361 2.83125 1.97244 2.50578 1.07865 0.675057 0.0534465 0.730961 0.097865 
0.211128 1.01784 1.77203 -0.73171 -0.21792 -0.10151 1.22539 1.70327 -0.829661 0.260323 0.712752 -0.0168763 
-1.36842 -0.218813 1.77656 0.083506 -0.310172 -0.521808 2.22143 1.40367 0.195645 0.215389 0.494674 -0.201379 
-1.85574 -1.16747 1.88438 0.0579426 -1.05888 -0.064087 1.99328 0.97909 -0.71792 -0.0113784 0.294967 -0.242056 
-2.34911 -1.50886 2.31397 -0.543384 -2.31997 -1.9682 1.2864 0.790315 -1.06966 0.331598 0.411669 -0.21606 
-2.18821 -1.5369 2.59593 -0.562292 -0.872045 -1.40765 2.04263 1.35271 -0.750701 0.45471 0.333226 -0.187257 
-2.18341 -1.42773 1.73486 0.859434 -0.778456 -0.913297 2.66933 2.20395 -0.489703 0.0512164 0.531932 -0.22249 
-2.00715 -1.56743 1.67227 0.0226694 -0.636813 -1.64418 2.95208 1.80568 -0.99505 -0.0842709 0.326123 -0.15899 
-2.30202 -1.63761 1.0326 -0.514747 -1.29593 -0.804272 2.71845 1.90974 -0.582688 -0.0584 0.353809 -0.238006 
-2.4217 -1.92074 1.0806 0.678865 -0.722852 -0.298532 2.5762 2.22965 -0.240008 -0.182707 0.405363 -0.170946 
-2.19011 -1.2526 1.54737 -0.0104478 -1.1434 -0.992623 2.72489 1.42976 -0.427487 -0.268647 0.619385 -0.269896 
-2.12116 -1.90258 -0.0658895 -1.52364 -2.69412 -1.11531 0.871228 0.335023 0.0699956 -1.03362 0.768291 -0.00125305 
-1.56153 -1.82011 0.479202 -1.76064 -1.15377 -0.164294 0.446756 0.246678 -1.13184 -0.148735 0.501599 0.0342562 
-0.643358 -0.32363 0.82181 -1.11915 -1.63628 -0.401102 0.558942 -0.364894 -0.270565 -0.0531016 0.942839 0.130582 
0.0848569 0.00749992 0.663417 -1.87812 -2.10244 -0.588749 1.30443 0.443143 -1.48035 -0.0716776 0.693849 0.0444895 
0.575186 -0.227217 2.15143 -2.22257 -2.50259 -1.09439 1.46056 -0.214777 -0.787563 0.207083 0.505159 0.167899 
1.98416 -0.161474 5.1194 -1.77595 -2.74564 0.587237 1.0316 -1.58745 0.947756 0.882825 0.453878 0.239504 
2.26577 0.0490362 5.56962 -1.52297 -1.57433 2.09633 -0.500456 -1.15338 1.11141 0.613704 0.547173 0.196985 
1.16671 0.402842 4.42431 -1.32462 -1.89784 1.21143 -0.827916 -0.646388 0.926374 0.049367 0.602716 0.178989 
1.39825 0.030655 2.23462 -0.133186 -0.468334 0.494898 -0.795857 -0.35207 0.75283 0.359857 0.4993 0.128404 
1.585 0.728882 2.4425 -0.0723362 -0.270562 0.623799 0.0780051 -0.16218 0.415194 -0.485653 0.516235 0.0932173 
1.70855 0.46224 2.26371 1.54156 1.12184 -0.248919 -0.419865 -0.23407 0.828233 0.406474 0.207501 0.00878145 
1.96258 0.979306 2.48624 0.864685 0.844632 0.351625 0.367543 -0.859861 -0.156839 -0.459855 -0.0836213 0.00916139 
1.70574 1.39663 1.92891 0.704932 0.693041 0.935982 0.177805 0.380407 0.471426 -0.155599 0.131413 -0.0121117 
1.72763 1.24361 1.69755 0.252401 0.312221 -0.0469879 0.0028121 -0.894504 0.38536 -0.534931 -0.174739 -0.0761589 
1.80445 0.933712 2.07802 0.252992 0.618178 0.283436 0.114988 0.0616025 -0.523502 -0.327187 -0.00138416 -0.0419195 
1.58068 0.906332 1.75114 0.18833 0.890373 -0.241487 -0.688493 -0.656682 0.222916 -0.24881 -0.00160542 -0.0672595 
1.61727 0.954761 1.82278 0.5468 0.86175 -0.0476571 0.0352085 -0.239757 -0.0989324 -0.509065 0.037549 -0.0222185 
1.80549 1.35419 1.57738 0.418229 0.694319 0.0282238 -0.200879 -0.781948 -0.608703 -0.691352 0.0541547 -0.115593 
2.09644 1.5014 1.38583 1.05784 0.853142 -0.200258 0.0525936 -0.565554 -0.522145 -0.80765 -0.286316 -0.0793907 
2.12898 1.71268 1.96558 0.698944 0.755596 -0.043213 -0.213526 -0.73247 -0.628409 -0.708627 -0.411081 -0.0894837 
2.61339 2.06893 1.69698 0.6436 1.62969 0.781895 -0.579013 -1.07434 -0.546132 -0.787397 -0.149563 -0.111958 
