1.63082 0.0850775 1.64095 -0.489706 0.659172 -0.916213 0.633313 0.239113 0.240723 0.00977663 0.0922061 0.0231247 
1.4566 0.0567911 1.59984 -0.545612 1.02673 -0.157873 -0.205518 -0.661852 0.0225549 -0.462483 -0.209146 0.0571814 
1.64939 0.149947 1.76591 -0.844954 0.548312 -0.159746 0.820735 -0.391585 0.874118 -0.225862 0.145541 0.0241181 
1.9501 -0.173617 1.41854 -0.732075 -0.267959 -0.436352 0.466235 -0.187178 0.421593 -0.407359 0.118407 0.0737775 
1.77997 -0.025798 0.615722 -1.17144 0.223331 -0.539184 0.448142 -0.396114 0.674498 -0.144409 0.201467 0.0128246 
1.74901 -0.0184066 1.33164 0.00451439 0.244985 -0.745843 0.42576 -0.186373 0.539831 -0.246093 0.150904 0.0342186 
1.49912 0.149459 1.62096 -0.967579 0.38653 -0.797169 1.05053 0.200061 -0.110648 -0.37961 0.217817 0.0247744 
1.9262 0.516017 1.34277 -0.470322 0.538153 -0.287931 -0.285284 -0.0565316 0.431391 -0.246389 0.0411266 -0.0273307 
1.89645 0.36718 1.4437 -0.615136 1.20152 -0.140473 0.562624 -0.639576 0.0637414 -0.377662 -0.011825 -0.00865701 
1.70851 0.607831 1.44075 -0.263402 0.73139 -0.315808 0.474906 -0.256842 0.0886301 -0.369864 -0.00428597 0.0915398 
1.70025 0.245371 1.36283 -0.920506 0.150272 0.0170851 0.208315 -0.621269 -0.0791713 0.11769 0.408175 -0.000356647 
1.48187 0.119611 1.43718 -0.993715 0.436028 -0.269229 0.737846 -0.255135 0.109878 -0.102654 0.11928 -0.0121225 
1.61421 0.715881 2.0347 -0.144468 0.626065 -0.435813 -0.211278 -0.355818 0.411983 -0.597878 0.185212 0.0748981 
1.64084 0.526982 1.46698 -0.482672 0.380711 -0.133316 0.74768 -0.171325 0.256885 -0.305818 0.098217 -0.0235546 
1.57237 0.287444 1.44135 -0.929481 1.24566 0.525448 0.749041 -0.417244 0.131959 -0.140597 0.148228 -0.0220648 
1.82073 0.567097 1.23136 -0.204075 0.258509 -0.0218735 0.664857 -0.389017 0.367654 0.059672 0.527014 0.0288884 
1.9411 0.277125 1.09588 -0.299457 0.712288 -0.834229 0.620962 -0.107054 0.640955 -0.101195 0.16614 0.072824 
1.79971 0.375381 1.41116 -0.519342 0.966852 0.179818 0.894726 -0.418515 0.62499 -0.0632129 -0.144733 0.0520484 
1.77127 0.168101 1.36311 -1.04428 0.493237 -0.338984 0.714201 -0.66865 0.0927631 -0.351904 0.270432 0.0749291 
1.6595 0.0534039 1.81394 -0.710428 0.916274 -0.530135 0.309055 -0.191897 -0.250896 -0.00801271 0.130557 -0.0117118 
1.69202 0.168324 1.62072 -0.694689 0.540351 -0.0427777 0.599376 -0.386711 0.520611 -0.23481 0.373507 0.0422229 
1.74044 0.192153 1.56802 -0.817156 0.952687 -0.604866 0.460703 -0.331801 0.128279 0.0768942 -0.110823 0.0498489 
1.61285 0.464193 1.59246 -0.775604 1.04758 -0.792159 0.0815922 -0.206811 0.467737 -0.331696 -0.0276489 0.0511283 
1.4656 0.105526 1.70521 -0.695863 0.885011 -0.424205 0.244148 -0.906342 -0.150529 -0.715359 -0.0523759 -0.00344152 
1.45656 -0.13331 1.24584 -0.537081 0.15393 -0.738802 0.523291 -0.0377739 0.424566 -0.361257 0.104902 0.0300342 
1.63329 -0.0234059 1.69887 -0.104909 0.441578 -0.256627 0.269097 -0.558025 0.392419 -0.293972 0.110375 0.128595 
1.47788 -0.336431 2.0341 -0.165343 0.847321 -0.338954 0.233859 -0.640163 0.204601 -0.0170691 -0.00851305 0.0314428 
1.52737 0.101381 1.51575 -0.622347 0.714028 -0.912571 -0.0491639 0.390507 -0.191693 0.0700548 0.243694 -0.0138966 
1.78633 0.343026 2.02699 -0.232008 0.89415 -0.138681 0.416221 -0.450556 0.306696 -0.336306 0.169406 0.024113 
1.7868 0.403953 1.58564 -1.18036 0.593091 0.310476 0.807291 -0.0214596 0.1649 -0.433366 0.235072 0.0281869 
0.245728 -2.07411 0.476295 4.22847 -1.29277 -1.93869 0.424409 2.78489 0.477124 -1.11908 0.161208 0.0397984 
-1.54758 -3.09864 -1.69849 -0.204644 -2.38127 -3.90232 1.62743 2.7173 0.189616 -0.735488 0.360072 -0.131538 
-2.56833 -2.92557 0.628176 0.758184 -1.18251 -2.68841 2.94092 1.69312 -0.958697 -0.817915 0.40228 -0.124772 
-3.50775 -1.95688 0.880404 0.686542 -0.0533519 -2.95556 2.44368 1.86539 -1.12325 -0.561554 0.417341 -0.112025 
-3.89158 -2.27044 1.21868 -0.275934 -1.09527 -2.92356 3.19138 1.46763 -0.396498 -0.616659 0.51871 -0.124844 
-4.97804 -2.1596 1.66537 -0.54146 -1.80669 -2.28061 3.05842 2.09583 -1.01594 -0.251793 0.534362 -0.265247 
-4.30741 -2.37084 1.93545 -0.560087 -0.28005 -1.40531 1.85447 1.33771 -0.202463 0.132856 0.099277 -0.221731 
-4.1725 -2.39492 0.161992 -0.624805 -0.0602261 -1.92555 1.85446 1.54422 -0.0600949 -0.247648 -0.0724384 -0.180729 
-4.14681 -2.75216 -0.445037 -1.98067 -2.03483 -2.22042 2.47947 1.59319 -0.447189 0.0461497 0.186852 -0.231376 
-2.78434 -2.9667 -0.268449 -2.47952 -1.68185 -1.28389 1.70215 1.47335 -0.115959 0.0413012 0.0971324 -0.146307 
-1.0201 -1.86325 0.639511 -0.63999 -0.110254 -0.805835 2.86264 3.06855 0.236702 0.460114 0.170228 -0.0913223 
2.69265 -0.286945 0.570816 0.490079 2.81733 1.01219 3.04867 2.3039 -0.300582 0.194628 0.196116 -0.058264 
2.97983 -0.495182 -0.650611 1.42106 2.15049 1.6133 2.21986 1.77684 -0.0530161 -0.439167 0.14321 -0.0311783 
3.7217 -1.38353 -1.40734 2.53916 2.15277 1.19125 2.36044 1.93532 0.368319 -0.875466 -0.130442 0.0149482 
5.06552 -2.39739 -3.20144 4.32002 1.58877 1.15709 2.94941 1.79947 0.0867692 -1.15622 -0.0444215 0.0176169 
5.15116 -2.16477 -3.15309 4.28857 0.661639 1.1383 3.5962 1.94731 -0.315153 -1.40282 0.0597169 0.0259991 
4.58901 -1.71603 -2.12327 3.27838 0.71859 1.79348 3.89067 1.53187 -0.284036 -1.049 0.220803 0.0575015 
4.06143 -0.731798 -0.609544 2.63323 2.18939 0.813314 1.97872 1.51455 0.23934 -0.601116 -0.100927 0.0599144 
4.01737 -0.842387 -0.918723 2.43867 2.42957 1.2004 2.05131 2.38493 0.425903 -0.479888 -0.0151153 0.0732983 
4.21794 -0.660234 -0.84699 2.69671 3.00935 1.31603 1.79335 2.0607 0.111635 -0.819186 -0.238888 0.123106 
5.50199 -0.390569 -1.91871 3.26192 4.22769 1.29517 1.65587 2.23367 0.0632085 -0.547733 -0.202505 0.181756 
4.6683 -0.277445 -1.33923 2.00776 3.07485 1.62714 1.83619 2.26031 0.568346 -0.257185 -0.201703 0.0549144 
5.62307 0.988674 -0.728613 1.00006 1.69736 -0.4073 1.08985 1.16439 0.436452 -0.293726 -0.0950303 0.0956887 
0.319114 0.411782 1.43011 1.22418 -0.507603 0.828449 2.54667 1.81949 0.288302 -0.104386 0.54499 -0.100813 
-0.813514 -0.176062 1.48436 0.783349 0.00326126 0.564712 2.80817 1.24981 0.0474124 0.0481525 0.530941 -0.219674 
-1.85859 -0.929795 1.34377 1.19657 -0.792912 -0.648917 1.74142 2.1423 0.586606 0.139963 0.242653 -0.200516 
-2.54044 -1.35004 1.36678 1.05148 -0.467995 -0.0724182 2.78429 1.25743 0.187866 -0.454618 0.410415 -0.16743 
-2.86441 -1.78856 1.13513 1.05661 -1.15861 -0.835655 2.24658 1.11913 0.651724 -0.30038 0.214775 -0.179446 
-2.90117 -1.49877 1.43049 0.322363 -1.15921 -0.28105 3.4487 0.951185 0.0424854 -0.00952667 0.031858 -0.170472 
-2.85049 -1.95493 1.13783 0.649372 -1.16704 -0.329962 3.1855 1.65599 0.230167 -0.0122102 0.0198671 -0.138192 
-2.39866 -2.09999 1.67551 0.83845 -1.90148 -0.536613 2.67619 1.44471 0.684549 -0.0723631 0.120028 -0.103713 
-1.70322 -1.57187 1.462 0.373132 -1.72923 -1.01076 2.75601 1.08706 -0.068089 0.286956 -0.0705558 -0.114871 
-1.99155 -2.07517 1.10459 -0.178193 -0.871252 -0.559899 3.07722 1.6705 -0.0822825 -0.101176 0.0677324 -0.174143 
-1.39384 -1.74563 0.76261 -0.671794 -1.72325 -1.18312 2.13164 0.259514 -0.98638 0.0488966 0.133806 -0.147185 
-0.236998 -0.0870238 1.13769 -1.11738 -0.499517 -0.303517 2.28913 0.774879 -0.629624 0.0909267 0.94227 -0.032654 
0.74139 0.0709586 2.171 -1.39474 -2.11091 -1.01143 2.38058 -0.0313541 -0.46237 0.443169 0.283911 0.171559 
-0.189139 0.100485 4.18259 -0.639347 -0.6699 -1.49442 0.697839 -0.355355 0.124407 0.822453 0.57653 0.112928 
0.368066 -0.1349 6.56924 -0.0337061 -0.531436 -1.36429 0.914704 -0.882969 1.09332 0.744194 0.309878 0.203675 
0.743232 0.0258177 8.27623 -0.0876145 -1.57501 -0.268066 2.16223 -0.732575 1.17589 1.6165 0.0828546 0.280837 
1.20907 1.0836 7.49755 -0.697825 -1.57199 0.826451 1.77993 -0.613613 1.99559 1.52322 0.140457 0.26264 
1.47863 1.03849 4.85334 -0.0846228 0.470553 1.45 2.94836 0.188687 1.41907 1.43264 -0.0541901 0.0644644 
1.87898 0.941579 3.12951 0.54996 -0.336517 0.888918 1.03464 0.633356 1.59975 1.08336 0.374629 -0.00539318 
1.96972 1.28755 2.5538 1.14338 0.959154 0.988424 1.40091 0.636906 0.747981 0.733121 0.263641 0.0165362 
1.89236 1.14424 2.34365 0.113058 0.600035 -0.0680945 1.18922 -0.117452 0.222243 0.0880543 0.364987 0.0274927 
1.63462 0.879228 2.04899 0.621077 0.633361 0.667649 0.802968 0.181199 0.290775 0.175828 0.339438 0.0593321 
1.63699 1.41378 1.7876 0.57466 1.09074 1.59083 0.852842 0.0671947 0.0922311 -0.166774 0.244106 0.0307746 
1.43951 1.06641 1.95291 0.294292 0.726355 -0.395137 0.703557 0.0852184 -0.381719 -0.325764 -0.2768 0.0565013 
1.3892 0.955158 1.83091 0.801066 0.90095 0.46469 -0.17574 -0.111073 -0.0764556 -0.261331 0.0235574 0.0033028 
1.73722 0.908838 1.51844 0.304299 0.206353 -0.00662431 -0.0810567 -0.224956 -0.263586 0.127501 0.139702 0.0365102 
1.42479 0.817304 1.22789 -0.0224376 0.889656 0.39673 0.236648 -0.455488 -0.247025 -0.099025 -0.13577 0.0189063 
1.55146 0.743905 1.14027 -0.119607 0.277092 0.342942 0.358991 -0.33381 -0.524933 0.281032 -0.0161746 -0.00743638 
1.4995 1.44371 1.07071 -0.305149 -0.165266 0.683335 0.557143 -0.639323 0.0349142 -0.308575 0.0972257 -0.0130946 
1.61766 0.953479 0.995779 0.0561908 0.456768 0.37063 -0.31949 0.502966 0.479379 -0.145716 0.309036 -0.0249219 
1.65833 1.04032 0.999008 0.110577 0.58094 0.296899 0.0338181 -0.181514 0.396024 -0.263891 0.126091 0.120684 
1.66264 1.16092 1.00204 0.69098 0.928591 1.24305 0.203121 -0.781757 0.41861 -0.0833907 0.131143 0.0722805 
