1.63429 0.139362 1.23679 -0.497659 0.793499 -0.908065 0.158635 -0.494354 0.305071 -0.610759 0.136006 0.0256096 
1.40426 0.384992 1.79648 -0.587955 0.923786 0.344056 1.1186 -0.161665 0.240008 -0.134107 0.139699 0.0302057 
1.4312 -0.00127329 1.85675 -0.763579 0.66378 -0.268827 0.370478 0.00956367 0.597754 0.0978801 0.0951114 -0.00161528 
1.40867 0.198477 1.55138 -0.822144 0.568354 -0.261512 -0.376131 -0.462724 0.0603572 -0.539818 0.362337 -0.0148085 
1.47878 0.579851 1.52644 -0.812091 0.4905 -0.122482 0.801849 -0.422136 0.42098 -0.113142 0.197248 0.0733621 
1.50067 0.144835 1.79968 -0.885763 0.698149 0.0832309 0.396666 -0.689671 0.112595 -0.0923661 0.233935 0.0175439 
1.42922 0.0666238 1.07806 -0.722106 0.671554 -0.349214 0.497165 -0.46275 0.282986 -0.466405 0.0528549 0.0792194 
1.56272 0.347658 1.52449 -0.00728684 0.683825 -0.235697 0.77348 -1.18181 0.684289 -0.164601 -0.0176519 0.0622078 
1.59265 0.41695 0.959681 -1.07126 0.424863 -0.410137 0.0691876 -1.23137 0.368204 -0.0464625 -0.102727 0.0680673 
1.61617 0.0457533 0.862441 -1.08724 1.3097 -0.0639043 -0.285863 -0.109457 0.312519 -0.203069 0.163356 -0.100055 
1.82488 -1.23967 1.59506 -0.916191 1.89146 -0.334505 -0.568676 -0.143796 0.676004 0.558139 0.136471 -0.0543764 
1.76086 -0.553979 0.796909 0.2548 1.79107 -1.11854 -1.05026 -0.880903 1.15791 0.370344 -0.050373 -0.0371031 
1.52492 -0.585036 1.30412 -0.0797929 1.33362 -0.726821 -0.700441 -0.515542 0.601319 0.151996 0.0841424 -0.0127195 
1.40305 -0.436153 1.20412 -0.466645 1.37426 -0.510669 0.235541 -0.606003 -0.0160399 -0.267282 0.056101 -0.071225 
1.77269 -0.132915 1.70313 -0.643 0.785593 -0.630547 0.0446211 -0.307292 0.386281 0.163129 0.200674 0.0616887 
1.58417 -0.0342137 1.24383 0.0675854 1.25017 -0.516041 -0.254657 -0.440244 0.180883 -0.276675 0.207654 0.0127346 
1.75035 0.078938 1.71511 -0.358678 1.03378 -1.03308 0.588664 -0.0467837 0.364125 -0.260037 -0.100924 0.0597025 
1.76297 0.27228 1.27768 0.0131336 0.360479 0.029042 0.257772 -0.730916 0.449727 -0.469701 -0.134213 0.00684461 
2.16244 0.785341 2.32285 -0.268539 1.90882 -0.697454 1.08667 0.348636 0.392277 -0.234864 0.145114 0.0446523 
0.848005 1.52394 0.112762 1.19153 -0.990529 1.92967 -1.86301 0.886212 -0.649651 -0.183945 0.0368305 0.0357468 
1.29129 0.812286 1.46667 -0.492663 -0.183979 1.11091 -0.854343 0.321182 0.0322557 -0.505071 0.164794 -0.0144329 
1.37641 0.601501 1.43212 -0.310146 -0.102319 -1.82252 0.393593 0.182223 -0.227187 -0.077596 0.0179781 0.0897168 
1.36959 0.570477 1.5151 -0.729759 0.383964 0.611169 -0.278419 0.29872 -0.160271 0.263441 0.292288 -0.0549823 
-2.14404 -1.66792 -0.43355 2.81604 2.11616 -4.72282 1.95093 1.07368 -0.41859 -0.765623 0.0299384 -0.0167042 
-4.33422 -3.11579 0.630708 4.09175 2.0692 -4.66447 0.189878 1.52147 -0.286388 -0.652306 0.174079 -0.0640692 
-4.00681 -2.94216 0.883967 1.8415 -0.648401 -4.3005 0.727599 1.62069 -0.288212 -0.439695 0.352187 -0.0232139 
-3.71698 -2.07131 0.717934 1.85501 -1.28911 -3.37129 1.48002 2.35008 -0.39525 -0.494032 0.546204 -0.102548 
-3.45603 -2.24348 0.474759 1.92274 -0.708381 -2.96627 2.21827 2.05653 -0.947297 -0.815287 0.618559 -0.125927 
-3.66326 -1.96814 0.751244 1.16563 -0.737631 -2.41847 1.74294 2.05246 -0.71653 -0.466386 0.712746 -0.224083 
-4.01656 -2.23742 0.469236 -0.132486 -0.58215 -1.7535 2.49733 1.93205 -1.04761 -0.238439 0.448619 -0.309349 
-3.40767 -2.61896 -0.475547 -0.44922 -0.70733 -2.00939 2.38112 1.49802 -0.736611 -0.514103 0.406792 -0.249876 
-3.10332 -1.99357 0.509338 -0.7195 -0.451578 -1.92019 1.46859 2.11242 -0.621375 -0.351027 0.380691 -0.142024 
-2.10126 -2.05505 -0.386533 -1.60045 -0.188521 -2.4199 1.72014 2.09269 0.0548374 -0.422099 -0.0836121 -0.123194 
-1.7344 -1.44442 -1.53231 -2.03946 -0.101118 -0.8813 1.64641 2.5619 -0.417841 -0.205512 0.190618 -0.133254 
1.67649 0.969644 0.955189 0.385027 2.74427 0.439267 3.15698 1.79053 0.316449 0.312636 0.206501 -0.0693226 
4.36963 0.0633265 -0.122352 1.22529 2.47878 1.1486 2.44923 1.40246 -0.407462 0.296502 0.0552981 -0.040132 
4.88356 -0.742464 -1.77077 1.69406 3.24513 1.12871 1.88327 1.82566 -0.000189881 -0.404069 -0.175857 0.0211415 
4.83731 -1.35582 -2.46624 2.11044 3.49979 1.65195 2.38396 2.04496 -0.010602 -0.720945 -0.158919 0.0933665 
4.79587 -1.23729 -2.51743 3.15065 2.11123 1.7367 2.83835 2.06748 -0.1183 -0.869299 0.02146 0.103005 
4.11699 -0.710861 -2.22257 3.47218 1.53423 1.70661 3.30598 1.60444 0.0419845 -0.977429 0.297237 0.0758359 
3.39844 -0.994496 -0.111138 2.19438 3.6487 0.555067 2.7343 2.53753 -0.461168 0.130614 -0.0476904 0.046619 
4.32753 0.0799875 -0.396958 2.4638 2.72666 1.58097 1.79662 1.56522 0.38872 -0.245376 -0.148782 0.032728 
3.75371 1.24021 0.0637154 1.95328 3.23988 2.16041 1.41918 1.32906 0.442802 -0.35849 -0.154961 0.0429005 
3.87006 1.33293 0.0647457 1.69619 2.9481 2.05432 1.43741 1.33425 0.427989 -0.215591 -0.0630416 0.0416133 
3.87371 2.5861 -1.87984 0.366797 1.20469 -0.293361 1.82469 0.971632 2.02532 -0.497364 0.493799 -0.0338091 
2.61601 3.41684 -0.215859 0.0622387 2.34027 -1.13007 2.32235 1.1933 0.562203 -0.210564 0.577914 0.0666606 
-0.422134 1.18177 1.62299 -0.442313 -0.0278138 -0.793048 1.55905 1.46594 -0.302171 -0.000890496 0.946561 -0.095467 
-1.53267 0.177899 1.06502 -0.485911 -0.483706 -0.533917 1.90844 1.27835 -0.238016 -0.11537 0.777579 -0.182748 
-2.3191 -1.07878 1.11836 0.324626 -0.634032 -1.13101 1.67659 1.60265 -0.220109 -0.400694 0.403651 -0.17277 
-2.40296 -0.693017 0.186253 -0.345393 0.0943217 -1.13355 1.85921 1.66976 -0.348415 -0.615636 0.2144 -0.12779 
-2.90639 -0.732051 1.17472 -0.283549 0.273233 -0.789859 2.37164 1.41836 0.203172 -0.167149 0.062007 -0.17139 
-2.87653 -0.706778 2.04439 -0.683692 -0.448315 -0.549703 2.28234 1.98594 -0.210874 0.396156 0.267417 -0.211508 
-2.91929 -1.0449 0.832371 0.5333 -0.365172 -0.136328 2.71648 1.71263 0.189153 0.0160602 0.317633 -0.251641 
-3.39446 -2.44844 0.668287 -0.798504 -0.978901 -1.55012 2.22136 1.57891 -0.917606 -0.0334933 0.179339 -0.225981 
-2.57482 -1.94497 0.558203 -0.0974408 -0.674073 -1.4837 2.2756 1.17141 -0.707064 -0.371205 0.122453 -0.213869 
-2.6658 -1.73449 0.859702 -0.536373 -0.524976 -1.27251 2.13756 1.85767 -1.40222 -0.0534799 0.122837 -0.164703 
-2.5142 -1.46969 -0.255166 -1.41435 -1.97065 -1.95315 1.87374 0.999891 -1.0137 -0.150114 0.451092 -0.25012 
-2.3427 -1.2548 -0.178008 -2.06216 -2.54123 -2.22932 1.39255 0.586735 -0.82796 0.0513547 0.652639 -0.216059 
-1.35193 -0.854631 -0.387243 -1.23005 -1.74765 -2.34602 0.980023 0.997885 -1.02052 -0.0890155 0.554351 -0.146566 
-2.01279 -1.56226 0.314013 -1.03126 -0.984819 -2.1388 0.386473 0.617823 -0.472036 -0.0450431 0.783904 -0.0971501 
-1.60188 -0.9045 -0.20101 -1.22912 -0.723702 -1.32476 1.3038 1.17697 -0.151954 -0.304015 0.80538 -0.0508633 
-0.612638 -0.448423 0.823969 0.00155383 -0.977327 -1.1624 0.496925 0.797808 -0.70115 0.197248 0.850352 0.0615282 
-0.528069 -1.15558 -0.354216 -2.28861 -2.5264 -1.86377 0.673912 0.0737488 -1.06923 -0.329834 0.470796 0.0670485 
0.328104 -0.621286 0.977422 -2.26383 -2.73941 -2.40089 1.66568 -0.666724 -0.754378 -0.493306 0.393634 0.132643 
0.925365 -0.408511 4.99631 -1.54949 -2.51157 -1.82658 0.0797579 -1.96136 0.741715 0.0613613 0.169474 0.188929 
0.648798 -2.04943 4.10105 -0.0469003 -2.11129 -1.02506 -1.19359 0.172772 0.826164 0.208728 0.688651 0.0413612 
0.483899 -2.24099 3.15653 -0.430034 -0.0194415 0.457241 -1.56501 0.0540692 1.93725 0.38614 0.4252 0.0586867 
1.49095 -0.606323 1.98994 -0.2693 0.430237 0.174133 -0.906102 -0.821324 1.66906 0.11725 0.0316924 0.0063263 
1.33304 0.331736 1.50845 0.13954 -0.124521 0.022411 0.312393 -0.217615 0.757696 0.220711 0.384587 -0.0302162 
1.56655 0.105576 0.641202 0.317787 0.0633131 -0.744232 0.608872 -0.558084 0.240904 0.410448 0.0456939 -0.0715962 
1.72538 0.452198 0.793542 -0.318935 -0.971698 0.165525 0.102166 -0.0677994 -0.0295685 0.150653 0.452126 0.00753019 
1.49764 0.678641 1.34796 0.560262 0.604342 0.00987968 0.236268 -0.944455 -0.226686 0.0713659 0.0645222 -0.0881998 
1.42151 0.993433 1.91284 0.425918 0.764932 -0.512728 -0.0595529 -0.263242 0.0466849 -0.056431 0.0255393 -0.0200245 
1.20344 0.643963 1.46437 0.691351 0.170031 -0.439782 -0.629978 -0.623798 -0.414469 0.161732 -0.324443 -0.0363469 
1.33216 0.420959 0.966789 -0.220907 1.30932 0.473252 -0.352551 -0.411613 -0.125203 -0.206678 -0.191244 0.0259249 
1.46321 0.751085 1.17166 0.575832 -0.0890043 -0.424634 -0.425269 -0.64966 -0.468382 -0.133934 0.0035685 -0.0409907 
1.39352 0.698269 1.63971 0.00697448 0.987053 0.52243 -1.05522 -0.770309 0.359146 -0.163042 0.0862228 0.00531811 
1.42723 0.526141 1.18791 0.377939 1.17057 0.745617 -0.117073 -0.0748585 0.0835426 -0.283626 0.0472664 -0.0196091 
1.50232 1.06564 1.44177 -0.632248 0.163447 -0.241071 0.0439274 -0.0719274 -0.467639 -0.295962 0.00706522 -0.0761152 
1.72463 0.740213 0.723938 -0.222773 0.605428 0.175612 0.280683 -0.0271574 0.447073 0.0875642 -0.114868 -0.0131791 
1.575 0.510779 0.852392 0.578084 0.67932 -0.21426 0.317325 -0.206584 0.0132783 -0.0484307 0.083942 0.0303736 
1.54821 0.341726 0.913869 -0.506954 0.585758 0.376661 -0.197607 -0.422491 0.302535 0.0225714 0.120927 0.0432675 
1.42202 0.791849 1.10971 0.0522549 0.858496 0.310589 0.688034 0.0624582 0.195979 -0.218954 -0.266704 0.073914 
1.56837 0.132227 1.01837 0.127865 1.10631 0.475678 0.462563 -0.828262 0.173399 -0.319181 -0.0757694 0.0901439 
1.54631 0.628583 0.985411 -0.118024 -0.225657 0.145896 -0.370835 -0.198222 0.256013 -0.679974 0.137144 0.0361865 
