2.65868 -0.307495 -2.95673 -0.923077 0.130329 0.333649 0.118825 1.01845 1.95595 -0.686217 -0.0248292 -0.214255 
3.37406 -0.606746 -2.24667 -1.69826 1.12866 -0.837285 -0.319024 1.22643 2.15492 -0.413815 -0.288617 -0.150413 
3.19425 -0.55124 -0.459234 -1.94754 -0.0586269 -0.471166 0.242342 0.973214 0.873222 -0.0407457 -0.475036 -0.214619 
2.95363 0.83294 -0.999212 -3.65081 -1.47248 -0.391406 1.4311 1.29312 1.37511 0.25105 -0.20483 -0.100918 
2.77784 1.03423 0.513329 -2.88674 -0.030348 0.00875674 0.0517319 1.04189 0.544085 -0.178064 -0.215391 -0.216254 
2.83962 1.01269 0.885848 -2.0769 0.145348 -0.593406 0.220971 0.572884 0.670638 -0.649667 -0.401965 -0.23059 
2.44109 0.562509 1.22713 -2.2 -0.41658 -0.446278 1.149 0.446528 0.0633835 -0.499412 -0.54127 -0.298241 
2.58245 0.769082 0.489884 -1.79426 -0.305242 -0.362362 1.08665 0.610757 0.4328 -0.488426 -0.399495 -0.268523 
2.79855 0.395001 0.887172 -2.15465 -0.241282 -0.46176 0.528577 0.236318 0.52831 -0.315185 -0.667957 -0.265314 
2.86894 0.551982 0.648621 -1.42889 -0.992331 -0.537511 1.47539 -0.0574366 0.331653 -0.111155 -0.7524 -0.282649 
2.79154 0.214249 0.191229 -1.14558 -0.666711 -0.662502 0.878424 0.372399 0.198396 -0.541281 -0.617499 -0.297394 
3.21305 -0.159005 0.335237 -0.165744 -0.335419 -1.29898 0.454124 0.273589 1.02749 -0.525799 -1.01756 -0.292641 
3.39193 0.495348 1.04365 -1.52922 0.806652 -1.14003 -0.703118 0.822266 1.44146 -0.882183 -0.966923 -0.24456 
2.6965 1.07393 0.398735 -1.95978 -0.3928 -0.445736 0.457535 0.582256 0.524775 -0.932289 -0.522685 -0.317058 
2.37262 0.858893 1.00829 -1.13749 -0.367903 0.0730354 0.389463 0.646235 0.809551 -0.775035 -0.529624 -0.177382 
2.18964 0.473428 0.547086 -1.44033 0.422616 -0.629005 0.775862 1.46716 0.635718 -0.39459 -0.499422 -0.214533 
2.32608 0.0609557 1.26007 -1.20592 -0.3367 -0.0665377 1.42321 0.644003 0.540196 -0.144006 -0.517314 -0.153673 
2.21141 0.83113 0.813757 -1.13083 0.224077 -0.567647 1.29455 1.14632 1.09393 -0.632272 -0.305183 -0.153206 
2.06959 1.06575 0.629333 -1.71916 0.793868 -0.280319 1.89379 0.496812 1.23154 -0.408812 -0.401612 -0.175589 
2.1048 0.687871 1.27183 -0.487329 0.228271 0.877185 0.773298 0.23617 1.1626 -0.0286708 -0.229281 -0.0582236 
2.20319 0.618224 1.27 -0.487096 0.672191 0.286344 0.671647 0.765152 0.421404 -0.106722 -0.212551 -0.0775635 
1.48107 0.89249 2.04212 0.212498 1.49552 0.136755 1.11614 -0.342899 0.214362 -0.363164 0.0906693 -0.0240978 
1.68857 0.446405 1.67555 -0.909221 0.729349 0.251879 0.194277 -0.170895 0.130983 -1.30151 -0.0191114 0.0634837 
1.6204 0.408554 2.38233 -1.04054 1.28915 0.968639 -0.0173163 0.0276649 0.819767 -0.716286 -0.0218023 0.0561846 
1.37497 0.332549 2.1176 -0.981114 1.48016 -0.250354 0.12186 0.190912 0.167694 -0.271917 -0.0163873 -0.0351785 
1.52148 0.763048 1.92788 0.237214 0.886869 -0.229471 0.12704 -0.572476 -0.262227 -0.460726 -0.134601 0.00392305 
1.51305 0.92535 1.56532 -1.15301 1.08134 0.792803 0.796538 -0.274936 0.353619 -0.195 -0.236542 -0.0614668 
1.72316 0.381566 1.53206 0.015001 1.04246 -0.599649 0.322537 -0.911446 -0.160775 -0.0728764 0.225841 -0.0128436 
2.0218 0.4174 1.503 -0.461518 0.591392 0.213407 1.4635 0.16018 0.357947 -0.252525 -0.151383 -0.0583715 
1.83114 -2.33197 -0.399984 1.08693 -0.0330658 -2.8575 1.69797 2.8256 0.677555 -0.0926609 -0.220861 -0.010201 
-0.18984 -3.46274 -0.516515 0.830413 -1.40021 -2.48825 1.86483 2.71454 -0.553821 -1.05357 0.0209692 -0.057761 
-2.53872 -4.35163 -0.66057 -0.961355 0.524047 -1.99105 1.43463 2.30054 -0.594707 -0.638158 0.035554 -0.0083357 
-3.10835 -3.97415 -1.2165 1.16449 0.117417 -2.27516 1.72831 2.44343 -0.462502 -0.955297 0.126242 -0.0277277 
-2.82061 -3.44326 -0.735357 1.03181 -0.902842 -2.9654 1.80386 2.18929 -0.135865 -0.55556 0.0344056 -0.0172506 
-3.91941 -4.31004 -0.01619 -0.0343442 -1.64433 -3.0073 1.85076 2.36351 0.15579 -0.612562 0.0934896 -0.00734031 
-4.03226 -3.91545 -0.931728 -0.176244 -1.63767 -2.8587 2.04288 1.94919 -0.320361 0.044122 0.0928089 -0.0986505 
-3.73124 -3.2817 -0.553174 0.974602 -0.556446 -2.89201 1.82212 2.02484 -0.0193999 -0.556896 0.176702 -0.152807 
-3.29521 -2.39336 0.777252 1.28772 -0.734148 -1.95518 0.706509 1.04564 0.592829 -0.779444 0.162655 0.0376444 
-3.19548 -2.78056 0.391784 1.17992 -0.67914 -2.1612 1.47958 1.21039 0.520904 -0.845358 0.111314 0.0875323 
-4.12129 -3.83615 0.168683 0.714451 -0.884467 -2.18175 1.4293 1.97426 0.000602867 -0.986789 0.177867 0.0600576 
-3.89501 -3.10632 0.830319 1.06348 -1.48406 -1.66218 1.70675 1.91486 -0.381999 -0.861382 0.4964 -0.0970942 
-4.26175 -2.99408 0.845536 -0.192476 -1.90417 -1.97646 1.69708 1.97274 0.141422 -0.795965 0.425301 -0.142468 
-3.10924 -3.01934 0.284813 -0.234135 -0.946682 -1.54659 1.81981 2.07816 0.258659 -0.829446 0.123921 -0.0885139 
-2.8656 -2.81453 1.18613 -1.04066 -1.09879 -0.626605 1.32831 1.60375 0.728068 -0.955348 0.13325 -0.0446245 
0.176295 -0.285184 2.26737 1.36045 1.39952 0.584904 3.13803 2.28817 0.633777 -0.463249 0.266813 -0.0774949 
3.04015 -0.945145 1.20264 1.75325 2.99982 0.910061 2.50855 1.61429 -0.152977 -0.395935 0.295492 0.127419 
2.83225 -0.740097 -0.079863 2.57866 2.16304 1.25743 1.90658 1.81181 -0.0461084 -0.865971 0.0325371 0.0914492 
3.14881 -0.713693 -0.38992 2.7941 2.09355 1.01255 2.04997 1.70973 0.0166061 -0.87958 -0.0423797 0.085405 
4.01069 -1.85423 -1.63887 4.18721 1.73927 0.80265 3.10738 1.34813 0.039409 -1.11876 0.0877774 0.0469914 
4.42978 -1.92459 -2.62077 4.31429 1.9716 1.21476 3.16994 1.31851 -0.250683 -1.28331 0.196246 0.0777064 
3.92592 -1.39617 -1.58196 3.48463 1.40432 1.59775 3.68237 1.1008 -0.42857 -1.12307 0.302577 0.0792222 
3.88142 -0.520419 0.606519 3.20068 1.86747 1.50412 2.55975 1.26223 -0.383663 -0.288651 0.162422 0.0814286 
3.3639 0.490658 -0.00975597 1.86213 2.53504 1.87778 1.59728 0.889232 -0.116817 -0.33868 -0.188293 0.0101018 
3.85322 0.763077 -0.39217 1.55438 2.95051 2.37571 1.53483 0.912737 0.0437791 -0.385496 -0.299908 -0.0165955 
3.82063 1.07568 -0.138865 1.8149 3.19969 2.33795 1.2039 0.591193 0.0198669 -0.172244 -0.185756 -0.0169967 
5.83254 0.324428 -1.92852 2.79192 4.37739 1.63034 1.36419 1.48886 -0.200342 -0.193432 -0.104773 0.117117 
4.65392 1.82756 -0.408708 1.25755 3.82972 3.32602 1.63785 0.211235 0.390493 0.160838 -0.123141 -0.0601445 
2.49463 3.24556 2.34958 -0.0232141 1.88595 1.05006 -0.0170883 0.0713292 0.899265 -0.534624 0.726367 -0.00602333 
-0.97985 0.174101 2.92463 0.322511 0.138105 -0.179065 1.11902 0.975865 0.547269 0.00633813 0.443234 -0.114892 
-1.99778 -1.1295 1.73195 0.813902 -0.0448961 -0.497706 1.48575 1.61173 0.414568 -0.520576 0.37529 -0.0535335 
-2.82406 -0.855865 1.11227 0.59373 -0.370764 -1.80705 2.18312 1.89068 0.272171 -0.633236 0.463219 -0.132124 
-3.90879 -1.91048 1.89192 -1.09663 -0.76627 -0.140844 0.990919 0.516571 0.860529 -1.31562 0.272252 0.0769824 
-4.46149 -2.13461 1.30524 -0.280334 -1.23748 -1.03903 0.921632 1.57744 1.14736 -0.897614 0.143967 -0.0392875 
-4.88608 -1.62664 0.929097 -1.66171 -1.11329 -1.30921 0.890415 1.34361 0.506604 -0.797512 0.0173832 0.0623525 
-4.04561 -1.85318 1.59225 -0.644353 -0.728821 -1.28933 0.856874 1.55192 0.605947 -0.868339 0.0552394 0.0626571 
-4.02123 -1.90301 0.973209 0.240984 -1.23106 -1.58969 0.615036 1.47918 0.568953 -0.877915 0.219371 0.0254262 
-4.15452 -2.10106 1.15207 -0.161925 -1.6623 -1.62544 0.460655 2.02613 0.496627 -0.460247 0.24519 -0.0943189 
-3.87795 -2.21386 1.03632 -1.00902 -0.885239 -1.40271 0.954089 1.31851 0.673052 -0.560886 0.00341458 -0.0739194 
-3.90021 -2.56418 -0.138765 -1.77596 -1.57792 -2.08272 0.735918 0.902654 0.558973 -0.382551 0.108748 0.0816726 
-3.55862 -2.51621 0.342082 -1.16947 -1.35488 -1.87019 0.50286 1.48917 0.210888 -0.252568 0.0742323 -0.0448306 
-3.46857 -2.60342 0.310131 -1.83641 -2.36873 -2.64336 1.39176 1.28793 -0.0147055 -0.0726442 0.4293 -0.0907148 
-3.14513 -1.72909 0.791415 -2.50963 -2.33755 -2.26449 0.688552 0.572955 -0.426883 0.164827 0.297028 0.00505894 
-3.14401 -2.16503 -0.512056 -2.97645 -2.70363 -1.48567 1.06061 1.14767 0.0636996 -0.448078 0.398494 -0.0577273 
-2.24262 -1.69829 0.323694 -2.516 -2.34937 -2.07304 0.797839 0.225149 -0.844889 -0.287213 0.431963 -0.0316926 
-0.672919 -0.405537 0.602418 -1.79249 -1.83192 -1.27928 1.21446 -0.0921305 -0.953145 -0.120732 0.521457 0.0293743 
-0.586245 -0.720676 1.00727 -3.2439 -1.82971 -2.25272 1.23601 -1.16157 -0.942523 0.278162 0.175167 0.0201971 
0.0174518 -1.7353 2.39994 -0.875916 -0.160244 -1.73731 0.238938 -2.57918 0.660385 1.78572 -0.0268352 0.109271 
0.900448 -1.56312 2.64154 -1.84849 -1.20412 -1.55776 1.6305 -2.44807 -0.197513 1.4674 -0.109735 0.200321 
1.62417 -2.10028 0.787212 -0.744593 -2.06365 -1.29499 1.60207 -2.60041 -0.593444 0.909297 0.287033 0.0892831 
1.18794 -2.29954 0.462429 0.475723 0.887256 2.23538 2.12335 -1.29144 -0.412432 0.479282 -0.266662 -0.115353 
1.68138 -0.0652087 1.21937 -0.808961 -0.324478 0.449388 1.36601 -1.21111 -0.378557 0.442234 0.0261526 -0.0318742 
1.00923 0.0665614 0.487507 -0.0411442 0.82481 -0.423121 -0.383726 -0.432446 0.168993 -0.252088 0.281827 -0.008523 
1.35585 -0.0442339 0.520636 0.169608 0.830207 0.0872015 0.07965 -0.513506 0.365004 -0.462303 0.323987 0.00630394 
1.12872 -0.128029 0.441272 -0.760016 1.17082 0.318478 0.299717 -0.462403 0.0149291 -0.415289 0.176055 -0.0767971 
1.49121 0.819767 0.795745 0.648812 1.2326 0.377526 -0.225378 -1.13342 0.237511 -0.896362 0.173191 -0.0605564 
