1.55608 0.527731 1.16374 -0.806974 0.929357 0.0226565 0.277872 -0.0531587 0.20749 -0.642166 0.0972803 -0.0127923 
1.77584 0.220639 0.964249 -0.820562 1.43354 0.932408 0.102851 -0.434073 0.149324 -0.252524 -0.0905582 0.00894633 
1.32063 0.162658 1.19939 -0.183507 1.02784 -0.565136 0.0569418 -0.536506 -0.142175 -0.472301 0.006393 -0.0865669 
1.72585 0.154724 1.34909 -1.05521 0.869619 0.179653 0.49312 -0.0105281 0.488374 -0.121304 0.0683231 0.0588994 
1.67657 0.607491 1.2593 0.183321 0.795242 0.178342 0.401891 -0.490193 -0.0862612 -0.0827265 0.11595 -0.0467094 
1.67102 0.34589 1.29805 -1.14388 0.429165 0.562829 0.380857 -0.238923 -0.402941 0.181964 0.0823171 0.136083 
1.69137 0.0552165 1.31953 -0.474392 1.28232 0.00345828 0.730923 -0.466324 -0.116394 -0.32163 -0.0551343 0.0152771 
1.66885 0.219697 1.85272 -0.518959 1.05458 0.106391 -0.141916 -0.393036 0.0140907 -0.385742 0.119703 0.00216104 
1.59624 0.602584 1.32749 -1.04403 0.726529 0.295032 0.554977 -0.473678 -0.269913 -0.685649 0.314128 0.0130048 
1.61011 0.377663 1.54813 -0.346079 1.07682 0.652333 0.763417 0.141105 0.616845 -0.362404 0.172618 -0.0267153 
1.6919 0.0154108 1.78242 -0.537916 1.2257 0.271938 0.661437 -0.0496703 0.406634 -0.184167 0.22552 0.037192 
1.39782 -0.0308211 1.47609 -0.862993 1.28686 -0.489733 0.224856 -0.613771 -0.417904 0.119394 -0.10766 -0.0275147 
1.644 0.0845406 0.928034 -0.41747 1.61696 0.169035 0.167093 -0.324079 -0.745434 -0.690688 0.111001 0.0231438 
1.69557 0.0798323 0.91155 -0.193968 0.581297 0.644673 0.465783 -0.332102 0.432874 0.101173 0.0995812 -0.0230164 
1.59763 0.243565 1.59578 -0.672036 0.765038 -0.161359 0.969628 -0.43047 -0.297433 -0.677007 0.16102 0.0746646 
1.50077 0.148809 1.66413 -0.280449 1.03817 0.391947 0.0167734 -0.603281 0.153443 -0.279377 0.0687957 0.109019 
1.37982 -0.052 1.28629 -0.879374 0.91743 -0.151041 -0.179991 -0.173418 0.347549 -0.535413 -0.0256005 -0.0610879 
1.24424 0.209401 2.24894 -1.37382 0.722148 -0.140439 -0.0509562 -0.147064 0.112674 -0.798099 0.318302 -0.019554 
1.71966 0.381746 1.41086 -1.01227 1.35462 -0.603028 -0.0584438 -0.274954 0.0381473 -0.136031 -0.00796247 0.0753932 
1.32572 -0.475591 1.1563 -0.398976 1.22499 -0.131257 0.943959 0.432916 0.113411 -0.535879 0.265571 0.0174362 
1.65318 -0.434458 1.00382 -0.610752 0.415632 -0.256698 -0.334544 -0.574968 0.153482 -0.285999 -0.0160197 -0.0714123 
1.68876 0.0101355 1.84235 -1.04021 0.455584 -0.352536 0.0083439 0.149229 -0.107002 -0.197695 0.146088 0.0412842 
1.42689 -0.114895 1.61361 -1.20576 0.831174 0.0479384 0.370605 -0.495216 0.154582 -0.0576722 0.167337 -0.00158041 
1.53542 0.102165 1.11027 -0.723551 0.205086 0.566938 0.379495 -0.461406 0.311499 -0.194355 0.152003 -0.0316404 
1.32689 -0.279344 1.10988 -1.09727 1.17815 -0.377937 0.405109 -0.241596 -0.402714 -0.514757 -0.0766744 0.0737247 
1.55207 0.565772 1.50476 -0.645346 0.842035 0.410204 0.219608 0.234719 0.0213672 -0.369027 0.195453 0.0287713 
-0.505852 -1.17859 2.92581 2.95928 -3.20962 -0.43904 2.14745 -0.0469955 -0.520321 0.123445 0.119961 -0.133489 
-3.03985 -2.82932 2.36872 2.10787 -2.60096 0.0949743 1.70165 -0.681956 -0.601237 0.401251 0.115213 -0.136539 
-3.78629 -1.82186 1.62467 1.87112 -1.51774 -0.24832 1.82508 0.212558 -0.0735655 0.172808 0.163223 -0.175504 
-5.19732 -2.25559 3.21388 1.66695 -0.426053 -0.686384 1.30131 -0.734233 -0.507806 0.543942 -0.262995 -0.0362902 
-5.33819 -1.32302 2.9793 0.368933 -1.41273 -1.29179 1.64439 -0.050741 0.277875 0.0480757 0.0854887 -0.0286372 
-5.20339 -0.906556 2.01634 -0.0673285 -2.1213 -0.448648 1.62533 0.00196843 -0.50074 0.229365 0.0735535 -0.137425 
-4.34883 -1.8125 2.04653 -0.626946 -1.08328 -1.12727 1.18103 0.633547 1.01432 -0.271782 -0.212667 0.074191 
-3.35611 -1.59632 0.826311 -0.520657 -0.983558 -0.463808 1.43907 0.827205 0.207647 -0.473729 -0.00977314 -0.0388291 
-3.00138 -1.89424 0.982782 -1.14252 -0.302939 -0.882606 1.76605 0.593673 0.148501 -0.283743 -0.0543262 -0.0644656 
-1.48248 -0.348916 2.42317 -0.149794 -0.596238 0.375484 2.80435 1.14084 -0.124695 -0.773333 -0.0815774 -0.104409 
1.30812 2.24619 3.82977 0.622897 1.35496 1.83569 3.53347 1.77491 -0.0122544 -0.685558 0.166277 -0.0181878 
1.74805 3.24117 3.96527 0.0956643 2.0781 2.44435 3.28767 1.78094 0.448107 -0.855995 0.14951 -0.0888131 
2.51776 2.13108 1.86764 0.852288 1.45918 2.2479 1.91025 1.24486 -0.0791027 -0.439522 -0.0342519 -0.0261148 
2.74538 2.46399 1.97254 0.585299 1.92869 1.9047 1.85913 1.8576 -0.141058 -0.58961 -0.0401194 -0.0518743 
3.21317 2.36999 2.9791 0.137971 2.86469 2.62781 2.99398 1.65044 -0.331382 -0.54158 -0.297758 -0.00618671 
3.09387 2.1578 1.96144 0.709376 2.22306 2.88644 1.75835 0.906004 -0.327855 -0.535401 -0.0563177 0.0209988 
3.03283 2.44439 2.42146 1.26718 1.50359 2.22247 2.19739 0.514408 0.219228 -0.0546272 -0.0365473 0.00822319 
3.48171 1.7903 2.51052 0.778944 1.9441 2.98761 2.74279 0.75623 -0.4384 0.0925193 -0.268801 0.000201388 
3.60113 2.43358 1.46829 1.11444 2.46199 2.90797 1.94982 1.02988 -0.398296 -0.381537 -0.139481 0.0179143 
3.5724 2.41429 1.51246 1.78545 2.82235 3.10994 1.80858 0.0593084 -0.659318 -0.267845 0.101 0.0586033 
3.11186 2.37193 1.66117 1.44688 1.7564 1.91189 1.38462 0.378566 -0.352734 -0.320172 -0.0528599 -0.0120331 
3.74431 2.46274 1.68946 0.969257 0.225092 1.01845 1.98365 0.877467 -0.153796 0.085232 0.171567 -0.0123739 
4.89452 2.30036 1.52654 1.17619 0.386146 1.20485 2.59283 1.35756 -1.04514 -0.706671 -0.0648132 -0.0144525 
4.04801 2.3875 2.23679 0.902873 0.425153 -0.650266 2.66693 -0.513339 -1.40436 0.599434 0.658523 0.124282 
0.25527 1.32127 3.81452 2.20634 -2.64681 -1.299 1.17797 -0.86419 -0.443445 0.336369 0.177742 -0.0557057 
-1.69737 -0.755958 3.59216 0.786683 -2.01633 -2.00914 2.32564 0.506507 -0.783227 0.149024 0.260816 -0.187711 
-2.01745 -0.553768 2.81265 0.929462 -2.06656 -1.40003 1.93449 0.0194637 -0.377749 0.177348 0.213331 -0.104098 
-2.38583 -1.39961 2.87195 0.872428 -1.49371 -0.259145 1.80857 -0.182421 -0.237991 0.328867 -0.0652826 -0.0405325 
-2.86776 -2.13137 2.35791 1.01565 -0.765379 -0.36252 1.86879 0.411397 0.699837 0.174327 -0.360779 0.101626 
-2.95706 -1.57673 1.87826 1.08188 -0.83761 -1.00346 2.03041 0.242542 0.0122992 0.206687 -0.291231 0.0406866 
-3.16825 -1.94174 2.53936 0.508083 -0.448612 -0.731387 2.82165 0.425145 0.0958875 0.243831 -0.147955 0.00962668 
-3.9065 -2.68939 1.42975 0.142629 -2.12887 0.280943 3.34565 0.322327 -0.176135 0.0454443 -0.189165 -0.119894 
-3.33845 -2.88163 1.06456 1.21593 -2.33883 -0.209452 2.90142 -0.0667301 0.282135 0.197714 -0.218036 -0.0565218 
-3.29026 -3.40481 1.82463 0.30483 -2.48514 0.106282 3.08541 0.570952 -0.00335968 0.23631 -0.238122 -0.0978344 
-2.99504 -2.89012 1.292 0.604205 -2.38124 -0.0994366 2.74569 0.0460291 0.0549245 -0.143773 -0.100783 -0.0705661 
-3.01878 -2.36055 1.42938 0.179456 -2.32925 0.0390553 3.49117 0.320462 0.193022 0.113888 -0.17411 -0.130057 
-2.33586 -1.61078 2.94431 0.936186 -1.95591 0.387303 2.68626 1.23182 0.000990913 0.148839 0.49313 -0.134771 
-1.06433 -0.466688 2.80953 -0.144204 -2.07439 -0.983211 1.62879 -1.30817 -0.746641 -0.0392243 0.0137098 -0.107164 
-2.05505 -1.66743 2.71608 -1.41566 -1.52457 -2.10117 0.382933 -1.60793 -0.777134 -0.634135 -0.0577281 0.111789 
-3.23627 -1.36393 4.42164 0.456151 -0.255155 -2.09582 1.59421 -0.108299 -0.0570974 -0.346554 0.139551 0.0132887 
-3.01953 -1.85316 4.06437 0.467791 0.640353 -0.62451 1.42066 -1.00932 -0.367605 0.0657174 -0.136848 -0.055094 
-0.949528 -1.69556 4.60701 -0.730864 -1.37396 -0.286528 0.850415 -1.33857 0.00461916 -0.36897 -0.203049 -0.135345 
0.352329 -1.09169 3.46642 -0.187372 -1.17818 0.770567 1.87199 -2.26854 0.289558 0.501111 -0.26505 0.0283614 
0.580741 -1.26645 2.93667 -0.0248613 -0.0103052 0.541197 0.0534204 -1.03866 0.300311 0.590588 -0.206554 0.0342419 
1.02252 -1.05203 1.80499 0.241207 -0.909945 0.891426 -0.478897 -1.19306 0.508953 0.24265 -0.303628 -0.0719669 
1.19325 -0.12177 1.78463 0.530136 0.171018 0.68991 -0.24424 -0.918336 0.224053 0.128092 -0.0924034 0.0251521 
1.2931 0.330875 1.47209 0.42082 0.0297674 0.487937 -0.247909 -0.677069 0.484302 0.13605 0.0586056 -0.05976 
1.58696 0.150263 1.44724 0.0932178 0.299877 -0.27566 0.515243 -0.380939 -0.106336 0.140855 0.437601 0.0335474 
1.55209 0.999584 1.57462 0.446844 0.17086 0.772545 0.143934 -0.453803 0.0323554 0.0432807 0.333728 -0.026019 
1.53269 0.99081 1.044 -0.0553229 0.422877 0.208469 0.643887 -0.380964 -0.0216091 -0.196714 0.0516447 0.059226 
1.6731 0.449349 0.426146 0.615643 0.391207 -1.09152 0.517185 -0.772582 -0.313752 0.218668 0.0628193 -0.00824906 
1.42922 0.793251 0.779143 -0.375879 0.351991 0.0238666 0.666053 -0.561472 -0.838539 -0.593943 -0.00285827 -0.0280742 
1.61726 0.495513 0.804794 -0.178413 0.549886 -0.120472 -0.179185 0.132633 -0.242797 -0.0767795 0.246926 -0.0537687 
1.39514 1.03087 1.48361 -0.306775 0.76284 0.438501 -0.496663 -0.228064 0.172116 -0.426318 0.280734 -0.00509417 
1.26706 0.381863 1.27113 -0.661714 0.627286 1.04249 -0.166502 -0.212341 -0.381576 -0.461709 0.152307 0.0223584 
1.41508 -0.146509 1.13929 -0.332787 1.08444 0.533006 0.234357 0.168048 0.21914 -0.213651 0.346082 -0.0249725 
1.61811 0.819992 0.953014 -0.56453 0.11869 0.461372 0.30464 -0.28711 -0.484621 -0.0457047 0.228355 -0.0430666 
1.38026 0.216911 0.45439 -0.471488 1.33274 0.975319 0.181786 0.128126 0.0547192 -0.35176 -0.0849378 0.0397431 
1.55166 0.530227 0.126925 -0.622091 -0.0402877 0.213313 -0.494183 -0.076977 0.187702 -0.0676561 -0.0505528 0.0584172 
