1.69084 0.999152 1.71715 -0.255335 1.59097 -0.785319 -0.526432 -1.13083 -0.361863 -0.767075 -0.333956 -0.142578 
1.95843 1.34566 1.55881 -0.355042 1.39363 -0.934621 -0.691481 -0.872545 -0.127144 -0.882709 -0.392127 -0.14698 
1.94976 1.03709 1.84895 0.339746 0.4354 -0.238369 -0.373769 -0.720567 -0.305548 -1.13158 -0.226347 -0.130823 
1.4737 1.02411 1.89083 -0.513227 0.1791 -0.813182 0.186003 -0.553781 -0.395098 -0.864849 -0.483426 -0.141929 
-2.4254 1.42795 0.317776 1.57005 -0.00194911 -0.625577 -0.0230176 0.936303 -1.28505 -0.716014 -0.0312352 -0.117089 
-2.78385 1.82799 1.7703 2.07959 0.237937 -0.486987 0.386325 0.224884 -0.956379 -0.900941 0.191026 -0.170023 
0.142104 2.1384 0.288556 1.63518 -1.48426 1.8716 1.89594 -1.44659 -0.965271 -1.38246 -0.0475312 -0.191177 
0.473194 1.51414 0.368986 2.65201 -2.37783 0.505813 1.40011 -1.70848 -0.416224 -0.786231 -0.00467712 -0.285896 
3.39749 -4.34909 0.564913 1.56434 -0.267813 -0.40122 4.72588 0.846181 -1.52624 -0.184222 0.310513 0.110109 
2.92065 -4.21636 2.45484 2.72916 1.85038 -0.150728 4.60795 1.95417 -1.73835 -0.156997 0.206317 0.150984 
1.35698 -3.59176 0.643696 1.67411 0.441878 -0.737527 2.99688 1.41452 -2.13894 -0.241526 0.08023 0.097382 
2.72632 -2.80629 1.2188 1.24939 0.315367 0.452933 3.16679 -0.38765 -1.63422 -0.652076 0.0149866 0.0555377 
2.24503 0.0371569 1.16847 -0.281022 0.980432 1.09487 0.677405 -0.367817 -1.01024 -1.74312 0.232258 -0.0155261 
2.36002 0.3641 1.63727 -0.492212 0.233883 0.0343604 1.23029 -0.333725 -0.710075 -1.2821 0.0317171 -0.0878852 
0.602869 3.18161 -0.668871 0.861096 -1.87951 1.57526 0.654875 1.0114 -0.489203 -1.20854 -0.217416 -0.243854 
1.43111 1.62131 -0.526099 -0.143376 -1.18619 1.16603 0.297455 0.74996 -0.355444 -1.19498 -0.395253 -0.230619 
1.91064 0.847168 0.819608 -1.25149 0.365859 0.0117142 0.867703 -0.159648 0.119248 -0.853955 -0.611542 -0.110479 
2.62072 0.553987 -1.35673 -3.8034 -0.397652 0.919037 3.10876 0.656506 -0.304398 -1.1361 -0.329255 -0.150021 
2.78836 0.378638 0.0436646 -3.24724 0.266623 1.30614 1.74068 1.04464 0.538588 -0.630324 -0.360523 -0.117304 
2.56465 0.929758 0.555645 -2.02861 0.365459 0.476358 1.67428 0.86137 0.518286 -0.689762 -0.390014 -0.129013 
2.96768 0.384709 -0.27996 -3.35325 -0.853513 -0.0958642 1.67231 1.10766 0.504542 -0.702391 -0.221441 -0.149138 
3.12296 0.246608 -0.698826 -3.7087 -0.349075 -0.140015 1.61125 1.29772 0.288091 -0.539747 -0.298513 -0.147892 
2.721 0.569819 -0.359145 -3.47134 -1.08508 -0.858159 1.69809 1.75845 1.11548 -0.102735 -0.13449 -0.111084 
2.91612 0.51205 -0.312597 -4.1512 -1.10651 0.174083 1.97372 1.94245 1.2106 -0.410032 -0.133957 -0.141514 
3.02549 0.481518 -1.05359 -3.82216 -1.93552 -0.944831 1.32013 1.58442 1.38341 0.056753 -0.173432 -0.123542 
3.60033 1.31764 -0.794652 -4.09815 -2.31092 -1.08975 0.704865 1.41925 1.36305 0.0196632 0.0356946 -0.0884855 
2.50553 0.836931 0.695547 -1.89925 -0.845728 -0.259428 1.02294 0.17711 0.702565 -0.991236 -0.327693 -0.2243 
2.14428 1.31894 1.62451 -1.32935 -0.299491 -1.51361 0.0592974 -1.12692 0.844548 -0.111408 0.0783166 -0.0685028 
2.00376 1.35917 1.52287 -0.50966 0.779757 -1.23658 0.348096 -0.182429 0.519222 -0.480019 -0.0316978 -0.0599433 
2.13601 0.770157 2.21464 -0.869838 0.246952 -1.24791 -0.23625 -0.915427 0.476599 -0.958321 -0.0592883 -0.0841152 
1.89995 1.0555 2.61625 -0.13856 0.626548 -0.0102713 -0.701691 -0.76745 -0.0666298 -0.893083 -0.368686 -0.0898338 
1.77942 1.34809 1.89555 -0.274059 0.736804 -0.475486 -0.807144 -1.07394 -0.337445 -0.986418 -0.188337 -0.182623 
1.837 1.05949 1.75839 -0.45787 0.555211 -0.488897 -0.663133 -0.669955 -0.405161 -0.923923 -0.115255 -0.205065 
2.2886 1.23417 2.44847 -0.134 0.722302 -0.930791 -0.361216 -0.853954 -0.893664 -0.622595 -0.288572 -0.166082 
1.87112 0.720664 2.30356 -0.0592083 0.459771 -0.441972 -0.484426 -0.727178 -0.629449 -0.779204 -0.360832 -0.17807 
1.94029 0.937261 2.42627 0.59253 0.638659 -1.49697 0.0487407 -0.46856 -0.557757 -1.25737 -0.158192 -0.116679 
0.951908 -0.627893 0.337916 3.83816 0.276473 -3.31847 1.5481 0.0589888 -0.385258 -1.47744 -0.161268 -0.0776142 
-1.44975 -2.38693 0.186646 4.46941 -0.533261 -2.73504 1.33657 1.77691 -0.050632 -1.23786 0.48453 0.0413388 
-2.45945 -2.82554 -0.520633 2.32023 -1.06644 -2.59799 2.01423 2.5304 -0.505824 -1.02742 0.402195 -0.0380338 
-2.98518 -2.13216 0.213963 1.73262 0.125895 -2.89852 1.98726 1.57913 -1.24206 -0.514358 0.479576 -0.136491 
-3.4846 -2.29284 0.301456 1.90346 -1.67613 -2.7522 2.66277 1.94293 -1.2426 -0.362094 0.570481 -0.149654 
-4.6581 -2.80403 -0.258029 1.6323 -1.30915 -2.27516 1.59905 2.51229 -0.938063 -0.085865 0.0515785 -0.153112 
-4.37325 -2.52001 1.2928 0.819609 -0.944008 -1.70434 2.43959 2.20986 -1.14021 -0.0912643 0.2581 -0.141316 
-3.27194 -3.18188 0.369997 -0.0776855 -0.941842 -1.61363 2.20241 1.67633 -0.679853 -0.169663 0.0789901 -0.157203 
-2.56273 -3.44581 -0.260809 -0.183848 -0.275772 -0.991693 1.43494 1.8318 -0.255443 -0.55267 0.230843 -0.149476 
-0.960097 -2.96301 -0.470926 -0.535502 0.552793 -0.43749 2.18532 2.47821 -0.105292 -0.172101 0.155999 -0.0702864 
3.70772 -0.556021 0.637905 1.01165 2.16578 1.12202 2.43104 1.25306 0.0239014 0.025576 0.136732 0.0177745 
4.10067 -1.49406 -1.74134 2.31396 2.65255 1.79177 2.08845 1.70192 0.0281066 -0.621044 0.0350334 0.0592964 
4.71935 -2.30073 -2.26111 2.89611 2.93521 1.93164 2.21831 1.69336 -0.00620226 -0.804272 -0.0591936 0.104226 
4.54706 -2.01192 -2.26519 2.2796 3.10135 1.67879 2.69903 1.51342 -0.0949352 -1.04287 -0.130803 0.105144 
5.22142 -1.72687 -2.62266 2.58681 2.79581 1.43772 3.06924 1.70561 -0.248453 -1.11607 -0.0498826 0.14666 
5.18803 -1.1985 -1.42377 1.99307 2.04517 1.00067 3.18143 1.91309 -0.0979404 -0.722264 0.0270558 0.0797868 
3.0524 -1.7121 0.965313 1.66601 1.16269 1.55012 2.64463 1.90593 -0.121287 -0.567418 0.0141811 -0.0103504 
3.67797 0.432166 -0.200287 1.6483 3.20624 2.59155 1.20358 0.682744 0.327337 -0.26889 -0.123465 0.0361117 
3.65533 0.834884 -0.33411 1.52818 3.26483 2.41186 1.06566 1.0334 0.832667 0.00291061 0.0774867 0.0638731 
3.4473 0.929419 0.0969808 1.78097 3.17679 2.81941 1.43885 0.662979 0.486869 0.0938909 0.17334 0.102695 
3.40343 -1.04594 2.31528 2.77324 1.89336 2.48266 2.29115 0.811606 -0.496308 0.473292 0.372287 0.0406493 
1.96804 0.859145 3.10194 2.25183 -0.331299 1.01944 2.34415 0.813069 0.757374 0.866622 0.607008 -0.0385716 
2.81933 3.26413 1.21948 2.13267 0.732879 0.518398 0.86415 -0.317802 2.08567 0.360343 0.827894 0.0355924 
1.00548 2.58094 3.50763 0.820794 0.192289 -1.23891 1.53645 0.732621 -0.134838 0.614286 0.910617 -0.0859829 
-1.97358 -0.967598 2.13849 0.613238 -2.24779 -1.63963 1.54947 1.73505 0.174723 -0.0866322 0.62144 -0.110319 
-2.51039 -0.93816 1.93276 0.810596 -0.985737 -1.75069 1.97064 1.46698 0.217176 0.0712872 0.400134 -0.153834 
-2.24961 -0.822597 2.07656 1.67452 -0.880452 -0.826131 1.95049 1.90306 -0.190342 0.329085 0.491939 -0.107773 
-2.83771 -0.21802 3.00924 2.01427 -1.71604 -1.77995 1.57498 1.40489 0.617479 0.150456 0.702703 0.0759554 
-3.57055 -0.225985 2.89683 1.71099 -1.24285 -1.97111 1.08598 1.71602 0.733303 0.0153815 0.804708 0.00455651 
-3.61674 -1.44846 1.37816 0.299274 -0.783625 -2.13254 1.09793 1.11774 0.229084 -0.382466 0.126309 -0.0129404 
-3.49231 -2.18561 1.01831 1.04554 -0.714054 -2.76893 0.653345 1.36902 0.113401 -0.568555 0.167203 0.0360689 
-3.98744 -2.68888 0.799147 0.460828 -1.83565 -2.6383 -0.0806678 1.70095 0.589969 -0.544195 0.206897 0.0225484 
-3.67342 -2.55426 0.566179 0.396798 -1.787 -2.57004 1.31382 1.86825 -0.292509 -0.0200714 0.214977 -0.132523 
-3.41694 -1.75247 0.22207 -0.0306711 -2.3056 -1.95539 1.55337 1.74697 -0.310418 -0.186576 0.254128 -0.171028 
-3.2716 -1.93021 0.324417 0.0055144 -1.60425 -2.13088 2.06509 1.09975 -0.665403 -0.037848 -0.0453531 -0.0124635 
-3.69879 -1.92881 -0.710801 0.208926 -1.88907 -2.01398 2.17309 1.13182 -0.576168 -0.327952 0.171762 -0.103838 
-3.94935 -3.06254 -0.539016 -0.362054 -1.70578 -2.34256 1.91776 1.15329 -0.172665 -0.229455 0.284751 -0.168312 
-3.52949 -2.60559 -0.610483 0.433129 -2.20563 -2.8443 1.31483 1.61146 -0.468555 -0.317525 0.470438 -0.136138 
-3.11443 -2.03245 0.0305834 1.0952 -2.11601 -2.39531 1.48831 2.01014 -1.34573 -0.0930801 0.3305 -0.156074 
-3.24897 -2.11239 0.0957531 0.838147 -1.97231 -2.93926 1.91946 1.28968 -0.254412 -0.416126 0.390915 -0.11011 
-3.54173 -2.56987 -0.0326505 0.466251 -2.08226 -3.51941 1.64107 1.54274 -0.192421 -0.0717136 0.327927 -0.0539317 
-3.4594 -2.59804 0.158829 -0.0165574 -1.69516 -3.10458 2.07918 1.07407 -0.210218 -0.357009 0.299219 -0.0199342 
-3.51747 -2.2749 0.481252 -0.758982 -3.15017 -2.74313 1.46581 0.995126 -0.387329 0.118989 0.451858 -0.0858377 
-2.1842 -0.634549 2.73279 1.28094 -1.44773 -2.46621 2.16959 2.46028 -0.512648 0.425028 0.655796 -0.0640141 
-1.7902 -1.81691 0.979639 1.53759 -0.316032 -2.22787 1.74718 1.36627 -0.685888 -0.371363 0.32239 0.0564369 
-1.31749 -1.04984 1.4276 0.887893 -2.20082 -2.98881 1.64836 0.23148 -1.13522 -0.430722 0.136579 0.00277129 
0.102484 -0.582761 2.65927 -0.0796594 -2.62184 -2.78695 2.49069 -0.475292 -0.802016 0.227591 -0.0681624 0.0806141 
0.298776 -1.84656 3.40737 -0.2833 -2.35988 -3.52451 0.777668 -2.024 -0.0809922 0.411487 -0.125236 0.292916 
0.486558 -1.2584 2.33486 0.402489 -0.350545 -1.35263 1.99968 -2.3097 0.390485 0.205085 -0.278258 0.268443 
