2.40658 0.0713375 0.931922 -0.945872 1.23364 0.0961471 0.0308889 0.282366 0.376921 -0.0912932 0.109738 -0.0601935 
2.45137 -0.540971 1.74931 -0.882027 1.82039 0.175228 0.924097 -0.653664 -0.245763 -0.228135 -0.0971768 -0.0272674 
2.34518 -0.74268 1.1192 -0.77719 1.15409 -0.604302 0.462002 -0.203379 0.412502 -0.0234648 -0.0428975 -0.0620977 
2.32364 -0.355288 1.07283 -0.608549 0.648278 -0.592308 0.674458 0.183137 0.413444 0.341296 0.0786193 -0.0476938 
2.03401 -0.534413 1.0594 -1.4631 0.861606 -0.432478 0.813892 0.350107 0.751357 0.315051 0.0408794 -0.0197477 
2.37487 -0.822605 1.49099 -1.16817 0.955385 -0.217604 0.537148 -0.321491 0.031995 0.204175 0.114427 -0.000187151 
2.27106 -0.517778 1.83213 -0.272323 1.47442 -0.0778508 -0.118266 0.115893 0.108727 -0.150057 0.273171 0.0552587 
2.34836 -0.320271 1.3251 -0.591063 1.21632 -0.30312 -0.181633 -0.734519 0.606241 0.0118489 0.015768 -0.0272855 
2.20636 -0.524355 1.21076 -1.15261 1.17211 -0.278158 0.563691 0.382469 0.0164678 0.0524582 0.063344 0.0480755 
2.15313 -0.0420984 1.67054 -0.630508 1.31137 -0.0454501 0.35827 0.234025 0.346809 0.260348 0.39071 0.0126862 
1.96604 -0.0779699 2.05159 -0.869407 1.00766 0.161308 0.28082 -0.171099 0.198372 0.286313 0.371232 -0.0203722 
1.97683 -0.104664 1.52143 0.0614435 1.30147 -0.0747418 0.604681 -0.250799 0.205567 0.044726 0.292298 0.0402246 
2.23754 -0.644606 1.4869 -0.534755 0.518435 -0.42902 0.368633 -0.466724 0.235257 0.29629 0.157743 0.0211566 
1.95587 -0.151818 1.55291 -0.62373 0.358721 0.436843 0.570502 -0.0336092 0.36538 0.202413 0.276711 0.0407907 
2.19156 -0.210639 1.03002 -0.583306 1.10986 -0.470505 0.0147784 -0.747602 0.142242 0.295391 0.127239 0.0349998 
2.2359 -0.212584 1.42553 -0.489852 0.818064 -0.512084 0.214905 0.0850074 0.30863 -0.202311 0.488884 0.0828457 
1.19331 0.037439 -0.398798 0.620373 -0.0358875 -0.305025 0.236685 -0.394666 0.324597 -0.238842 0.512717 0.0554309 
-0.862174 3.69327 -2.12334 2.97866 -0.681654 -0.318702 1.01653 -1.37563 0.663503 -0.388649 0.431353 -0.133922 
0.41383 2.45183 -1.14481 1.12093 1.14905 0.156605 0.401019 -1.39388 0.892963 -0.487571 0.438878 -0.100588 
1.80836 0.177622 1.0488 -0.467059 1.04262 -0.705214 0.485909 -0.964083 0.317745 -0.367407 0.605707 -0.040941 
2.2044 0.155831 1.79495 -0.213551 1.51119 -0.301489 0.207057 -0.375479 0.383241 0.0509006 0.285665 -0.0552095 
2.09664 0.0425209 1.58945 0.0636142 0.92547 -0.0425537 0.561301 -0.201326 0.312227 -0.194546 0.288863 0.0175453 
1.72412 -0.0636197 1.39532 -0.277727 1.48869 -0.4905 0.570892 -0.727761 -0.425153 -0.390892 0.42535 -0.0654974 
2.07342 -0.113152 1.14202 -0.87564 1.46381 -0.946851 0.750614 -0.881391 0.263127 -0.221173 0.345803 0.0133627 
2.31502 -0.434446 1.61352 0.296902 0.844368 -0.773525 0.556572 -0.605136 0.271137 -0.142324 0.437843 -0.0020058 
2.16084 -0.457656 1.38137 -0.725404 0.425679 -0.704495 0.0413247 -0.625061 -0.00394025 -0.100384 0.390709 0.0378398 
2.21389 -0.741403 1.02097 0.102975 0.519086 -0.430163 0.0570871 -0.342152 0.252473 -0.0742699 0.225864 -0.0397433 
1.98377 -0.470701 1.52682 -0.898299 0.763371 -0.759018 -0.0680984 -0.134869 -0.0432357 -0.0703146 0.179423 0.0402129 
2.36672 -0.331804 1.32173 -0.244936 0.797838 0.199674 -0.363788 -0.104468 0.106306 0.110858 0.389714 -0.044444 
1.94116 -0.334562 1.21771 -0.298302 0.92566 -0.135273 0.335005 -0.648334 0.483516 0.214513 0.196713 -0.0110681 
2.01467 -0.880236 1.45823 0.197528 0.751801 -0.372772 0.218317 -0.263592 0.284319 -0.24364 0.200538 0.0714792 
2.26133 -0.195148 1.49845 0.1876 1.86335 -0.0281589 0.646252 0.231926 0.149532 0.00247324 0.414513 0.0380491 
2.17558 -0.0239734 1.46905 0.227404 1.65443 0.457533 0.540834 -0.286575 0.364952 0.303961 0.232821 0.0258387 
1.91196 -0.595843 1.28124 0.312654 0.980089 -0.229587 -0.310595 -0.495012 0.259565 0.0660788 0.215021 -0.00845305 
1.8079 -0.227667 1.78933 -0.128164 2.24187 0.128285 0.696497 -0.234156 0.730897 -0.09683 0.0939057 0.0206686 
1.82104 -0.585676 0.926763 -0.206503 0.513875 -0.918512 0.223677 -0.372779 0.0739221 0.0641476 0.441759 0.0110124 
1.83235 -0.678605 0.916336 0.261372 1.29617 -0.239687 1.00314 -0.00102351 -0.775605 -0.12056 0.357254 -0.017297 
-1.05614 -0.849814 1.10147 2.73909 0.406431 -2.7245 0.641281 2.69089 -1.30546 -0.6841 0.288775 -0.047322 
-0.755005 -2.87357 -0.214288 1.8629 0.361803 -2.32844 2.16726 2.46756 0.649409 -1.53695 0.40269 -0.114386 
-1.67137 -2.96217 0.163185 2.29676 -0.22315 -2.50753 2.45329 2.78282 -0.158353 -1.17891 0.347943 -0.00553771 
-2.62488 -4.14677 -0.658816 1.427 -1.22605 -2.44643 2.00263 1.64053 0.515563 -1.10351 0.359551 -0.133237 
-2.69886 -4.32409 -0.813773 0.300914 -1.59938 -3.72012 2.06142 2.17588 0.649158 -0.920409 0.231551 -0.0887418 
-2.55666 -2.99288 0.664388 1.35056 -1.97458 -2.50488 1.93574 2.39114 0.524831 -0.91937 0.47856 -0.0209358 
-3.66743 -4.07982 -0.582218 -0.242189 -2.06957 -2.39469 2.71342 1.7397 -0.48573 -0.285593 0.261437 -0.151365 
-2.2853 -2.86245 0.329156 1.01931 -1.13909 -2.68598 2.3874 1.61631 -0.348551 -0.403801 0.285526 -0.16942 
-3.48628 -3.20871 -0.16738 0.45962 -1.7359 -2.58793 1.97529 1.5467 0.788883 -0.701101 0.170874 -0.108726 
-3.22603 -3.54023 0.442841 0.427595 -1.90056 -1.60492 2.05212 1.14292 0.957938 -1.02276 0.136173 0.0205686 
-3.48983 -3.18709 0.515336 0.304683 -1.88518 -1.20731 2.11062 1.58011 0.102255 -1.13714 0.280242 -0.0578378 
-2.05429 -1.80457 1.17534 0.519372 -1.56387 -0.99221 1.58853 1.38691 0.770446 -1.10646 0.277081 -0.0914256 
-1.27985 -1.47976 0.295283 0.169272 -1.46865 -1.18607 2.12934 1.69437 0.314006 -0.889973 0.337853 -0.124303 
0.809282 0.840837 2.69752 0.948534 0.18632 0.538281 2.72493 2.40087 0.61922 -0.774941 0.439707 -0.100231 
3.7565 -0.477622 -0.189857 1.16994 2.06709 1.10255 1.92239 2.57622 0.221648 -0.611596 0.0285344 0.0305753 
3.81788 -0.60077 -1.72798 2.14581 3.15004 0.549731 1.77857 1.78286 0.197073 -0.575053 -0.207674 0.0295904 
3.81829 -1.18778 -1.75873 2.79111 2.52739 0.896399 1.82088 2.09644 0.372199 -0.890305 -0.310037 0.0136618 
4.12388 -1.47502 -2.22334 2.95954 2.79236 0.750995 2.68366 1.68844 0.322558 -1.09233 -0.219777 0.0346562 
3.78441 -0.9683 -1.50795 2.23114 2.19833 0.827999 2.69903 1.81555 0.041603 -1.07955 -0.15956 0.0554247 
4.38736 -1.04334 -1.48429 3.02303 1.92492 -0.235684 3.66666 1.44393 0.271317 -1.02607 0.0463238 0.0228318 
4.20396 -0.964477 -1.11307 3.30275 0.785788 0.223732 4.19016 0.963274 0.522812 -0.83315 0.424856 -0.0346929 
4.43081 -0.336466 -0.511477 2.84248 2.61538 0.394026 2.13879 2.04073 0.0311131 -0.668943 -0.257874 0.0800366 
3.84002 -0.138977 -1.19774 1.77968 2.69693 1.22459 1.39223 1.79664 0.274568 -0.623452 -0.20391 0.0355916 
3.70757 0.324651 -0.745504 1.68447 2.71989 1.69001 1.57883 1.43774 0.0967316 -0.324548 0.0388768 0.0675444 
4.82855 -0.127949 -1.01409 1.55381 3.8962 1.21955 2.26882 1.06149 0.27994 -0.201492 -0.0415568 0.11041 
4.42335 2.06307 -0.827732 -0.841726 2.57279 -0.343567 1.59549 1.5225 2.09035 -0.928442 0.0947713 0.0183636 
-0.298511 1.33898 2.40914 -0.161049 0.798668 1.66335 1.84086 2.01532 1.10828 -0.843232 0.656359 -0.148135 
-1.6863 -0.398301 2.39485 0.447292 -0.0489047 0.569564 1.71824 2.0427 0.682326 -0.680038 0.372858 -0.0421605 
-2.68867 -0.8555 2.15889 0.0272296 -0.664043 0.573211 1.77052 1.83768 1.37359 -1.15043 0.465421 0.00372314 
-3.10631 -1.56723 1.50335 0.29564 -1.40958 -0.207057 1.20584 1.4173 0.897038 -1.24338 0.357867 -0.0372301 
-3.43605 -1.79259 1.17439 0.291962 -0.450988 -0.613906 1.78734 1.38868 0.850668 -1.24645 0.511853 -0.0112901 
-3.71555 -1.54795 0.465857 -0.102308 -0.481082 -0.25285 2.06182 1.54036 0.635774 -1.4126 0.502573 -0.0991918 
-3.65196 -1.87155 0.902553 0.290031 -0.925655 -0.435737 1.89086 1.73716 0.753509 -1.04985 0.275756 -0.0585049 
-3.08898 -1.57482 0.875279 0.595182 -0.810992 -0.646961 1.31085 1.19459 1.43088 -1.25663 0.440841 -0.0665869 
-3.33937 -2.44288 0.554092 -0.566364 -1.32628 -1.03559 1.41129 0.729914 0.749262 -1.53418 0.367323 0.048988 
-3.51998 -2.43175 1.00177 -1.07748 -1.34336 -0.201031 1.62006 0.97815 0.319234 -1.27615 0.119637 0.0876651 
-3.00633 -2.37983 0.400335 -0.936514 -1.35591 -0.484277 1.39151 0.843881 0.932846 -1.07585 0.0439116 0.0345572 
-2.93981 -2.31054 0.336332 -1.65007 -2.46552 -0.72816 0.918933 0.381088 0.510389 -1.06065 0.119435 0.0712412 
-2.53633 -2.65991 0.283024 -1.30071 -2.7912 -1.19301 1.38458 0.364269 0.508917 -1.07082 0.262791 0.0428814 
-2.83108 -2.52183 -0.164071 -3.23602 -3.39557 -1.11911 1.87364 0.838214 0.468163 -0.711506 0.229664 0.020251 
-2.36259 -2.22945 -0.909994 -2.29336 -3.24605 -0.82574 1.40371 0.324166 -0.147408 -0.745194 0.60118 0.0442766 
-0.811502 -0.965705 -0.288163 -0.680359 -3.57413 -0.369563 0.868837 -0.156913 -0.0328835 -0.964053 0.583227 0.048474 
-0.546934 -0.897849 0.818373 -2.53736 -3.23271 -1.49919 1.23405 -1.17135 -0.832042 -0.43873 0.19839 0.118399 
-0.941434 -0.618565 3.4747 -2.1142 -3.11627 -1.29084 0.405641 -2.28836 -0.837313 0.313005 -0.320013 0.106055 
-0.303409 -0.879321 4.42395 -2.20433 -2.71558 -0.64634 1.94196 -3.39884 -0.27335 0.67449 -0.622959 0.101762 
0.135494 -1.50496 3.45035 -1.02538 -2.4067 -1.03416 2.72337 -3.32707 -1.23822 0.543437 -0.552933 0.0702268 
0.759908 -1.59431 2.98395 0.525174 -1.28012 -0.213887 1.35764 -3.23132 0.0509441 0.526487 -0.195065 0.0113695 
1.18428 -1.19847 1.59279 0.16394 0.240382 -0.407741 0.654105 -2.2948 1.0633 0.833232 -0.587112 -0.0394225 
