1.41302 0.577261 1.453 -0.460903 0.9638 -1.12091 0.369908 -0.033998 0.109295 -0.336402 0.0916818 1.5089e-006 
1.31609 0.149901 1.60499 -0.583379 0.429576 -0.497963 0.613412 -0.13653 -0.345703 -0.21284 -0.0835252 -0.0453065 
1.58433 0.667542 1.7899 -0.191553 1.14235 -0.0953137 0.514316 0.0563319 0.247876 0.0254952 0.117875 -0.0169293 
1.20494 0.289514 2.22897 -0.0162755 0.839122 0.29508 0.758252 0.482118 0.24836 -0.117981 0.151219 0.0475512 
1.30933 0.804251 1.62999 -0.200535 0.332934 0.455776 0.646251 -0.3647 0.29467 -0.479955 0.163036 -0.0876674 
1.53779 0.488192 1.79664 -0.443348 1.12688 -0.335227 0.708018 0.410919 -0.0398302 -0.282198 0.0317208 0.0532886 
1.56033 0.619261 1.95277 0.0175312 1.37356 -0.644207 0.115876 -0.500968 0.371167 0.0305147 -0.06667 0.0796876 
1.28522 0.662544 1.75862 0.233933 0.321137 -0.361968 -0.158854 -0.406443 0.119204 -0.644875 0.104475 0.0343148 
1.4923 0.0839657 1.83114 -0.0559714 1.25458 -0.232283 0.346074 -0.231812 -0.143094 -0.211989 0.162182 0.0505305 
-0.283469 -1.46909 1.12461 2.75823 0.493548 -3.04808 0.884254 1.87477 -0.379447 -0.701107 0.0526497 0.0175433 
-1.91899 -3.22805 0.288622 3.96035 -0.709218 -3.34317 0.920926 2.93287 -1.4553 -1.12916 0.439489 0.108038 
-3.39354 -3.38126 1.41992 3.24986 -2.12165 -1.97709 1.94547 0.746367 -0.802107 -0.501767 0.578703 -0.0952808 
-3.78367 -2.4805 2.35444 0.614617 -1.0392 -0.40029 0.807606 0.423213 -0.673914 -0.397725 0.155685 0.0907181 
-3.95487 -3.15776 -0.302399 1.79876 -0.65672 -2.31223 2.04524 2.39942 -0.305139 -0.732312 0.153 -0.0647508 
-3.89602 -2.72985 -0.478498 1.50333 -1.58638 -2.47372 1.7043 2.64826 -0.595796 -0.667147 0.215345 -0.0467813 
-3.647 -2.98218 -0.285159 1.55762 -0.913222 -2.55616 2.22845 1.79311 -0.413418 -1.02047 0.383839 -0.0468033 
-3.60391 -2.11073 -0.130108 1.2005 -1.94231 -3.4182 2.1265 1.76961 -0.677926 -0.327373 0.427829 -0.11029 
-3.43199 -2.42014 -0.582687 0.327999 -2.63135 -2.88704 2.14092 2.53932 -1.07093 -0.410408 0.484686 -0.186314 
-3.89248 -2.64158 -0.348596 0.886972 -1.29548 -2.44592 1.23093 2.73575 -1.00839 0.055284 0.177111 -0.165472 
-3.3986 -2.20065 -0.226916 0.505519 -1.06314 -2.37382 1.92516 1.92551 -0.761451 -0.296231 0.110503 -0.108224 
-2.73451 -2.78232 -0.814093 -1.40843 -1.20733 -2.2325 2.49916 2.20072 -1.25672 -0.383697 0.226773 -0.155876 
-2.24382 -2.61086 -1.29997 -0.887666 -1.10154 -2.2245 2.48174 1.91904 -0.458941 -0.279433 0.0494214 -0.0949608 
0.084485 -1.49656 0.897208 0.267428 0.722005 -0.838712 2.76248 2.14204 0.447247 -0.336984 0.01953 -0.00980734 
3.88941 -0.899367 -0.0540327 3.25793 2.69517 0.731361 3.06758 1.25606 -0.122959 -0.537597 0.228661 0.151129 
3.95772 -1.42892 -0.946519 3.56902 2.36188 0.960498 2.4587 1.43426 -0.224167 -0.638674 0.189292 0.105749 
4.49068 -1.81414 -1.26906 3.44769 2.01144 0.84166 2.39027 1.48088 -0.0396095 -0.634325 0.115233 0.0547825 
4.69765 -2.32004 -1.63828 3.46232 1.8152 1.12728 2.90767 1.46438 -0.0547235 -0.703608 0.103892 0.0412255 
4.51042 -1.77522 -1.61236 2.57804 1.73918 1.14243 2.72042 1.7461 -0.219248 -0.862055 -0.012637 0.0271593 
5.12375 -1.88904 -1.86796 3.10117 0.961059 0.70301 3.66563 1.94416 0.00646812 -1.03407 0.0255955 0.0324346 
4.64228 -1.27028 -0.606606 2.72936 0.877481 0.332983 3.12164 1.8466 0.0592959 -0.567789 0.180901 0.033053 
4.4211 -1.15791 0.422582 3.07549 0.582373 0.436184 2.70584 1.55527 0.398703 0.135876 0.307099 -0.0254016 
5.05059 -1.79652 -0.582097 2.65435 0.659693 1.37305 3.19427 1.847 0.625512 -0.212239 0.0402307 0.0415726 
5.30238 0.148191 -0.695932 2.30587 2.5027 2.14661 1.53777 0.7776 0.88116 0.20066 0.032453 0.0165558 
5.16094 1.11556 -0.649067 1.79155 3.6101 2.35455 0.672852 0.663447 0.927197 0.284053 0.126445 0.0467704 
5.43369 1.24632 -0.556661 1.20782 3.02881 2.56305 1.41527 1.09259 0.740328 0.431204 0.00403363 -0.0317528 
3.82377 2.53211 0.323977 1.60863 -0.487514 1.18041 4.12472 0.381721 1.11116 -0.210614 0.530931 -0.0596713 
3.57424 3.06469 0.527232 2.20684 -0.460244 -0.960614 2.76535 -0.226679 1.7172 0.365364 0.687211 -0.0227083 
2.25814 2.2042 3.49917 0.235786 -0.355099 -0.540051 1.57911 -0.0845625 0.239236 1.28735 0.730059 0.041407 
-0.00537107 0.194811 2.45992 -0.395699 -1.74242 -1.30137 0.987517 -0.135431 -0.78539 0.702367 0.5662 0.137572 
-1.03774 -1.43691 0.317897 -1.46889 -2.72644 -2.25268 0.704697 0.380075 -1.22452 -0.0157612 0.388129 -0.0423797 
-2.00153 -1.49819 0.139782 -0.948577 -2.0462 -1.82385 1.57087 1.04949 -0.809296 -0.432513 0.295888 -0.21307 
-2.40473 -1.21351 1.32021 0.152237 -0.548808 -0.285119 2.54838 1.98754 -0.206135 -0.372474 0.440967 -0.130649 
-2.78919 -1.346 1.4069 1.14913 -1.97052 -1.39694 1.82675 1.64027 -0.113616 -0.573883 0.649558 -0.188092 
-3.59633 -1.7842 1.27493 0.933798 -1.17324 -1.19855 1.97464 1.3765 0.634994 -0.806322 0.440248 -0.111042 
-3.18532 -1.47021 1.51606 -0.386061 -0.436124 -1.18507 1.31751 1.0645 0.07194 -0.375808 0.202243 -0.113596 
-3.31133 -2.02559 1.05246 0.5519 0.0729445 -0.648282 1.29125 1.96781 -1.00936 -0.377634 0.291207 -0.0388304 
-4.13463 -3.00268 0.0299596 -1.30119 -1.07894 -1.56841 1.88143 1.17203 -0.393971 -0.660122 0.245006 -0.0816435 
-3.44118 -2.44572 0.972965 -0.733824 -1.26676 -1.37727 1.54903 0.778328 -0.364436 -0.431811 0.0858938 -0.0871438 
-4.04943 -3.44919 -0.407689 -1.16454 -2.53905 -0.86379 1.51496 1.47727 -0.948349 -0.164508 0.390863 -0.141089 
-3.56534 -2.63616 -0.00491871 -0.0768964 -0.939357 -1.85682 1.62855 0.927024 -0.790987 -0.376165 0.278471 -0.0924051 
-3.15175 -2.5873 0.61337 -0.0341832 -1.69351 -2.29508 2.44935 1.2427 -0.827482 -0.328807 0.12884 -0.0963831 
-3.24202 -3.46043 0.21942 0.294953 -2.05312 -1.59885 1.82915 1.51832 -0.380676 -0.583954 0.197066 -0.129276 
-3.36079 -3.30953 -1.19914 -0.272623 -1.63887 -2.37453 1.57141 1.85832 -0.895581 -0.316573 0.262323 -0.0807535 
-2.95212 -3.4825 -0.597299 -0.929197 -1.14221 -2.47325 2.02343 2.03604 -0.466658 -0.655432 0.223474 -0.113514 
-2.8802 -3.73873 -0.428342 -0.669334 -1.54977 -2.31359 1.8611 1.6929 -0.526419 -0.51241 0.260061 -0.0433293 
-2.49547 -3.51384 -0.834605 -1.19214 -2.02808 -2.46722 1.83296 2.02288 -0.778067 -0.582204 0.317315 -0.0558387 
-1.27127 -1.38588 0.759931 1.42403 -0.8099 -0.475323 2.86465 1.66314 0.85241 -0.697504 0.414193 -0.059405 
-0.738357 -1.88232 0.783636 -0.422763 -1.38526 -0.972806 2.07209 1.36344 -0.737413 -0.342087 -0.0359142 0.00387435 
0.248623 -1.51577 1.77941 -1.00057 -3.80741 -2.59512 1.44178 -0.410964 -0.995787 -0.299914 0.0357028 0.0174871 
1.44267 -1.91088 3.36041 -2.02824 -3.43748 -2.2842 1.48483 -2.32846 -0.165549 0.247252 -0.180093 0.139385 
1.31526 -1.47411 4.86524 -0.426437 -2.84132 -0.0578271 1.13886 -3.51019 0.276111 0.806973 -0.13464 0.14361 
1.65089 -1.37813 2.76831 -1.75979 -1.44326 1.77066 1.65603 -0.839722 0.17571 0.0386485 -0.0531655 0.290339 
0.837335 -1.25968 1.29588 0.19251 -0.430332 2.48741 2.06693 -0.793204 0.254138 -0.530022 -0.298728 0.220658 
1.25514 -0.569219 1.59654 0.0357638 0.615365 1.38313 1.68188 -0.166102 -0.463186 -0.342197 -0.133281 0.14843 
1.18922 -0.622432 0.968272 0.101816 0.608418 1.02206 1.58492 -0.311764 -0.268509 -0.355429 0.176052 0.0720832 
1.26138 -0.681998 0.383332 -0.235915 0.760456 0.596273 0.862105 -0.0414652 0.271478 0.0872744 0.112176 0.036554 
1.21035 -0.00498583 0.631042 -0.579389 1.17116 0.433885 0.914872 0.403807 -0.243211 -0.57843 0.00217545 0.0190097 
1.34243 -0.0269999 0.258615 -0.215542 1.3645 0.798489 1.31659 0.228826 -0.400618 -0.708929 0.229519 -0.0355876 
0.821901 -0.157185 0.809607 0.419665 0.833488 0.314128 0.273129 0.362542 0.356088 -0.472084 0.0190848 -0.0941991 
1.15085 0.163071 0.82956 -0.149536 0.682648 1.11142 0.851635 -0.173512 0.134469 -0.328711 0.100915 -0.0196019 
1.55269 0.0416511 0.682665 0.69142 0.477892 0.424217 0.398975 -0.220464 0.92825 -0.731319 -0.0558166 -0.0501409 
1.49482 0.470309 0.712392 -0.418752 1.11974 0.525542 0.962235 0.212593 0.262386 -0.601305 0.158152 0.0192773 
1.45719 0.276042 1.23217 0.19167 0.682012 1.20369 0.519912 0.338611 -0.151827 -0.800241 0.260096 0.0115033 
1.36365 0.270343 0.970631 0.651086 1.55103 0.88594 0.0476178 -0.182988 0.271421 -0.501638 0.193009 -0.0500622 
1.37042 0.708936 0.502428 -0.812782 0.899121 0.287703 0.337507 0.183959 -0.278158 -0.0742513 -0.0282262 -0.0632017 
1.28726 0.410466 -0.0158989 -0.334671 0.716705 0.621354 0.338828 0.199881 0.0502827 -0.0207085 -0.124417 -0.0450764 
1.15064 0.7852 0.527983 -0.169361 0.830845 0.39708 0.44739 -0.253089 -0.00885909 -0.491878 0.146354 -0.0188807 
1.53314 0.171765 0.826578 0.128619 0.904884 -0.276472 0.69963 -0.28234 0.802624 0.273901 0.305974 -0.0135017 
1.11037 0.555925 0.834651 -0.195813 0.382542 0.200105 -0.276863 -0.365122 0.274703 -0.0434982 0.334247 0.0146806 
1.24887 0.950672 0.591939 0.362024 1.22795 0.206166 0.334235 0.147299 0.653557 0.0442311 0.267814 -0.0686898 
1.29748 0.590699 1.11943 -0.638615 0.634848 0.112861 -0.0321123 -0.213882 -0.260095 -0.717061 -0.118951 -0.0810939 
1.06235 0.793045 0.674505 -0.650322 1.48334 -0.0162584 -0.833438 -0.221374 0.0578769 -0.298896 0.11021 -0.00691576 
1.26594 0.856923 1.22865 0.211422 1.05995 0.909476 -0.63821 -0.650712 0.426313 -0.622102 -0.0204796 -0.0244617 
1.30185 -0.260328 0.761364 -0.487757 1.64053 0.372728 -1.05296 -0.885116 -0.182747 -0.117794 -0.387642 -0.00672251 
1.20215 0.456199 0.644244 -0.399072 0.87615 0.101144 -0.0152437 0.0641269 0.469731 -0.135436 -0.0722875 -0.00498948 
