3.21846 -5.62795 1.54797 -0.0776672 -2.00717 0.425855 1.13367 2.33268 0.196877 -0.877078 0.324984 0.0976455 
3.2699 -5.08081 1.97104 1.64133 -0.948619 0.871191 1.76069 2.15333 0.0793691 -0.881935 0.0934271 0.061146 
3.09353 -3.0885 -0.589554 1.42647 -1.58787 -1.00211 3.5176 2.73505 -0.0293163 -0.356429 -0.0298754 0.00135504 
2.82521 -2.84781 -0.0155681 0.270208 -1.42121 -1.62226 3.67893 2.25317 -0.406701 -0.244675 -0.0790588 -0.00214412 
2.50601 -0.533773 0.209697 -0.53234 -0.245118 0.618011 2.36678 1.14044 0.164123 -0.806755 -0.149206 -0.0506224 
2.47961 0.533763 0.166879 -2.43402 0.572481 -0.145822 1.65278 1.05603 0.716169 -0.523039 -0.521764 -0.0643741 
2.36203 0.205365 0.446862 -1.90234 0.595748 0.406826 1.9001 1.5653 0.846477 -0.525118 -0.268842 -0.109528 
2.00889 0.459918 0.479325 -2.27658 -0.156675 0.719962 1.90484 0.237109 0.248687 -0.490189 -0.460347 -0.153071 
2.07005 1.01707 0.891115 -1.90746 -0.177609 0.206089 0.914613 0.12295 0.580224 -0.68397 -0.171012 -0.073132 
2.26008 1.07968 1.14594 -2.01093 0.245959 0.660332 1.57461 0.959024 0.599596 -0.188871 -0.594095 -0.157351 
1.86831 1.12295 1.07417 -1.77844 0.683696 0.73171 0.654903 0.631799 0.245802 -0.206854 -0.0231303 -0.053623 
2.15633 0.865885 1.25529 -1.18386 0.463601 0.114396 1.41312 0.600392 0.946467 -0.300411 -0.408771 -0.0546968 
1.73 0.578395 1.67978 -1.78281 0.179842 0.0487096 0.801519 -0.274677 0.112125 -0.0858623 0.109955 -0.0391058 
1.99509 1.02864 1.17836 -1.47615 0.0698514 -0.110624 0.837917 -0.196961 0.65456 -0.441329 -0.253397 0.0140284 
2.12779 0.668701 0.977096 -1.16637 0.182428 -0.0926632 0.674776 0.192868 0.523716 -0.326217 -0.00335406 -0.0178532 
2.09416 0.737558 1.59985 -0.916677 0.872587 -0.436095 0.527771 -0.424004 0.529816 0.0118653 0.2003 0.043917 
2.22248 0.838851 1.57261 -0.838873 0.157062 -0.29336 -0.101313 -0.837593 0.34491 -0.137711 0.332587 0.110949 
1.90633 0.826041 2.38518 -1.16385 1.00535 0.26026 0.32798 -0.411027 0.104174 -0.0507601 0.119028 0.0578816 
1.84953 0.946107 2.05598 -0.473647 0.510597 0.565417 0.463655 -0.295948 0.652974 -0.0707161 0.140572 0.0606718 
1.90957 0.779966 2.16493 -0.756234 1.50708 0.213851 0.274975 -0.153918 0.217757 -0.446665 0.0818869 -0.00271003 
1.97469 0.518236 2.07604 -0.564095 1.13591 0.0303637 0.0496416 -0.432783 0.116848 -0.586224 -0.0761834 0.0477219 
2.08802 0.837998 1.11667 -1.31606 0.896887 0.502138 0.882717 0.159292 0.602716 -0.571552 -0.425549 0.00190433 
2.09777 0.624719 1.18519 -0.084251 0.0140537 0.201151 0.608141 -0.503185 0.645863 -0.588515 -0.0449677 0.0049379 
1.89969 0.448986 1.24803 -0.143641 0.472556 -0.931776 0.171692 -0.712714 0.238208 -0.484519 0.0160035 0.0297767 
1.98443 -0.0353863 0.860396 0.34277 0.402806 -0.90617 -0.289113 -0.45634 0.520299 -0.353936 0.076675 -0.00369862 
2.12677 0.0962567 1.3215 -0.0143966 1.28582 -0.753844 -0.579081 0.34508 0.78851 -0.620594 -0.0519884 0.0871668 
1.89001 -0.186642 1.91008 -0.258456 0.909147 -0.454299 -0.755965 0.549694 0.41858 -0.152499 0.248935 -0.016442 
1.81932 0.412141 1.6794 -0.480833 1.29576 -0.173598 0.0827738 -0.031362 -0.0176728 -0.398994 0.239426 -0.0413194 
1.82559 0.117335 1.64659 -1.07262 0.325259 -0.809683 0.16861 0.0488786 0.0807404 0.0470244 0.162442 0.0391463 
1.864 0.883378 1.93186 -0.59683 0.658979 0.185496 -0.144322 -0.388307 -0.0959072 -0.511852 0.073214 -0.0120059 
1.97524 0.814883 1.8769 -0.0977632 0.565266 -0.30998 0.543588 -0.637982 -0.0335887 -0.517202 -0.238074 0.0225393 
2.00764 1.22355 2.73507 -0.144019 0.930311 -0.112526 0.71855 -0.375583 0.412986 0.0143023 -0.0106394 0.0834283 
2.19919 0.905476 2.4105 0.689219 1.58836 0.688512 0.539273 0.425091 0.830037 0.0652334 0.255039 0.0455415 
1.82817 0.988893 1.66116 -0.159074 0.376435 -0.478645 0.504592 0.142548 0.377743 0.0288172 0.183056 0.0343009 
1.53435 0.446332 2.05308 -0.376866 0.926642 0.264291 0.0195494 -0.117253 -0.0728787 -0.470008 -0.0927355 0.00551463 
1.4733 0.816914 2.03497 -0.235288 0.943699 -0.0970147 -0.0904924 -0.4112 0.252693 -0.474979 0.289053 -0.033443 
1.91009 0.662138 2.24873 -0.585463 0.274873 -0.0577644 0.296128 -0.531817 -0.283879 -0.517322 0.158561 0.0333496 
1.86944 0.532715 1.91232 -0.790048 1.19397 0.140087 0.28597 -0.241394 0.227768 -0.123681 0.16295 -0.0123341 
1.93887 0.891247 2.16826 -0.825663 0.401499 -0.0733937 0.746217 -0.461224 0.260337 -0.102229 -0.00748833 0.0143217 
1.67172 0.419204 1.84724 -0.377603 0.151287 -0.598926 0.235413 -0.668029 -0.163867 -0.239922 0.00586211 0.122736 
1.9538 0.757305 1.67005 -0.23957 0.766262 -0.191942 0.783841 0.315921 -0.352807 -0.356044 0.0933939 0.0636616 
2.11673 0.889328 2.21845 -0.0244047 1.45361 -0.0257489 0.457225 -0.833782 0.593964 -0.108451 -0.160621 0.0970983 
1.68928 0.224977 1.49312 0.167565 1.74195 0.255365 -0.303711 -0.666111 0.458656 0.10648 0.322426 -0.108186 
1.70118 1.07761 1.43806 -0.0904459 0.801675 0.55058 0.284519 -0.134626 0.463313 -0.326637 0.105741 -0.0113687 
1.72815 -0.195683 1.93108 -0.347691 0.765783 0.671074 -0.105322 -0.920774 0.289348 -0.338777 0.426649 0.0876078 
1.43314 0.666581 1.65033 -0.488885 0.497556 -1.00583 0.623407 0.288586 0.421109 -0.78624 0.106104 0.0457334 
1.89065 0.560188 1.59561 -0.250996 1.39751 -0.567408 0.139542 -0.593877 0.0210996 0.0115178 0.157994 -0.0278124 
2.1309 0.904835 1.97555 0.169639 0.180919 -0.380038 0.442818 -0.275036 0.302252 0.0144178 0.359089 0.0558073 
1.77803 1.11759 1.70325 -0.963358 0.726551 -0.218082 -0.354315 -0.838855 -0.0281661 -0.0482169 0.0340993 0.0244611 
1.76274 1.08038 1.91913 0.0837641 1.39165 -0.896251 0.31284 -0.286342 0.695411 -0.107848 -0.0680885 0.0646154 
2.06278 0.709121 1.65126 -0.602346 0.923395 -0.122204 0.656262 -0.188851 0.154764 0.314126 -0.00312679 0.0661949 
-0.684969 2.1164 0.817488 1.34083 0.828621 -0.842045 1.06971 -0.227642 -0.392888 -0.371002 0.108048 0.119333 
-1.06117 0.285314 0.815711 3.35025 -0.29443 -1.63566 1.49628 0.730156 -0.67306 -0.00129296 0.236014 0.117193 
-3.4264 -2.69946 2.05682 3.57121 -0.227195 -2.33694 1.48696 0.277104 0.287157 -0.699479 0.271791 0.0809948 
-3.91177 -2.20642 1.99905 2.63135 -0.999126 -1.99009 1.29067 0.0785832 0.929498 -1.01884 0.345002 0.0996326 
-5.19268 -2.24156 2.32103 1.82822 -0.172127 -3.04428 0.647108 0.41219 -0.0379455 -0.854294 0.294931 0.0778167 
-4.0589 -2.22901 1.23957 2.43747 -1.13836 -3.39261 1.93709 0.554495 -0.51097 -0.347304 0.281486 0.0478367 
-4.92583 -3.39771 1.35151 1.40195 -2.47616 -2.79388 2.73879 1.28076 -0.136858 -0.550105 0.27138 0.09161 
-3.28112 -2.21984 1.68842 1.50509 -1.91494 -2.02396 2.73404 0.117688 0.342193 -0.55391 0.630075 -0.0714847 
-3.66433 -2.46004 1.68401 1.06763 -2.16529 -1.77526 2.48482 0.220154 0.408016 -0.0639519 0.373094 -0.132958 
-3.76888 -2.05086 1.29278 0.556767 -1.01072 -2.52453 2.05987 1.70271 0.816933 -0.137794 0.0458351 -0.0672699 
-2.71834 -2.76952 0.707084 0.67521 -1.14469 -1.88836 2.19512 1.36689 0.557695 -0.851293 0.215992 -0.0777137 
-3.07226 -3.74465 0.573053 -0.163416 -1.25566 -1.61862 1.2795 1.61561 1.46367 -1.3567 0.153394 -0.0523961 
-1.95246 -2.98609 -0.0168338 -0.177402 -0.867447 -0.485201 1.50897 2.38612 1.29329 -1.30362 0.11715 -0.0978518 
-0.162304 -1.3598 1.17527 0.676702 0.200144 0.202539 2.22248 2.4045 1.79646 -1.28374 0.135794 0.00756911 
2.50814 -0.111378 1.02377 1.6594 2.25842 1.43275 3.06879 1.65417 0.53203 -0.522406 0.158993 0.0996627 
3.53554 -1.76511 -1.0846 3.49489 2.22089 1.74823 2.69512 1.59091 0.416038 -0.752595 0.0141359 0.0876355 
4.49869 -2.14266 -1.934 3.90182 2.1518 1.03447 3.45156 1.24646 0.414332 -0.995736 -0.00854797 0.0430626 
3.28702 -1.19665 -1.20783 2.39629 2.8198 1.37803 2.82828 1.74175 -0.2733 -0.98199 0.00614786 0.109103 
3.06193 -0.850909 -0.389999 2.2775 1.61631 1.44538 3.58019 1.59 -0.256116 -0.87982 0.236001 0.0600309 
3.75118 -0.894834 -0.553709 3.07549 1.58516 0.715488 4.18015 0.869634 0.146164 -0.490734 0.418183 0.0289491 
2.9441 0.326299 -1.67324 2.32931 2.5201 1.04871 3.70421 0.545314 0.881907 -0.892318 0.469555 -0.00356722 
4.88226 -0.129156 -0.479165 3.55874 3.50052 1.8359 2.23442 1.36064 -0.40607 -0.0798238 0.220203 0.132751 
4.54718 0.311049 -0.29076 3.32201 3.94081 1.97007 1.90015 1.69154 0.015724 0.14842 0.0844985 0.140952 
3.93978 0.336802 -0.534131 2.42868 3.78805 2.36471 1.54479 1.49589 0.450417 0.0367753 0.194631 0.167689 
3.96971 1.63176 -0.460278 0.695249 0.723761 -0.0466708 3.138 0.846626 1.23831 -0.358859 0.838446 0.1764 
3.27029 1.35105 0.3346 0.909711 1.97024 1.06274 2.50156 0.238267 1.26914 -0.00127098 0.78059 0.124875 
-0.749961 -0.503969 1.96382 1.15324 -1.04833 -0.289842 1.8673 0.660648 1.21006 -0.513484 0.718726 0.0119638 
-1.97766 -1.21408 1.99568 0.357363 -1.17841 -0.774733 1.41574 1.26912 0.746904 -0.900731 0.720608 -0.0629882 
-2.373 -1.28372 1.84832 0.557541 -2.15529 -2.34917 0.716326 0.758053 0.570655 -0.724132 0.765003 -0.0159933 
-2.84707 -1.23506 2.36917 1.18835 -1.2622 -1.27648 1.83421 1.01185 1.41925 -0.763879 0.682216 0.0978897 
-2.83106 -1.00774 1.89375 1.53222 0.118223 -0.557291 0.984851 1.73003 1.02048 -1.1054 0.772589 0.0515848 
-3.54469 -0.772958 2.40357 1.37499 -0.76019 0.365999 0.949447 2.02698 1.13108 -0.979368 0.851641 0.0133902 
-4.26262 -1.28874 2.27647 1.76512 -1.26889 -0.744415 2.02926 1.73009 0.977871 -0.710373 0.902571 -0.0678367 
-3.80424 -1.61638 1.71089 1.45805 -1.49107 -1.22303 2.382 1.05792 0.507846 -0.720487 0.66279 -0.0542922 
