1.83544 -1.59023 0.116063 1.35797 0.200586 -1.0646 1.15214 0.30217 0.229336 -0.910091 0.232712 0.231845 
2.06797 -0.0579328 0.583551 -0.835388 0.443802 -0.503934 0.129571 -0.254602 0.675073 -0.25316 0.376563 0.0464024 
2.23628 -0.028696 1.04392 -0.337848 1.20909 -0.319103 -0.441806 -0.606893 0.539344 -0.235436 0.394431 0.0208443 
1.9511 -0.187254 1.05565 -0.435114 0.214925 0.179193 -0.167327 -1.11933 0.429069 -0.240864 0.3786 0.0598398 
2.4758 -0.0782244 1.75435 -0.149468 0.715201 0.139692 0.776077 -1.05946 -0.114536 0.381569 0.382802 0.0278517 
1.74872 -0.0629756 1.00364 -1.07415 0.576137 -0.22175 0.476821 -0.852249 0.235287 0.396865 -0.032877 -0.00614258 
1.95461 -0.0657737 1.17564 -0.778397 1.70988 -0.165157 -0.467819 -0.998284 1.02437 -0.0965079 0.180064 0.0467026 
-1.43581 2.91836 -1.1131 -2.48237 4.65397 -2.43382 1.71146 -1.08551 -0.292253 0.656974 -0.0813012 0.088448 
0.408343 1.36037 -0.131424 -1.31577 2.98936 -2.08379 1.39169 -1.03494 -0.332837 0.76735 -0.0923171 -0.07578 
1.7946 -0.286087 0.922879 -1.70936 0.188381 -0.481434 -0.115226 -1.08966 0.661589 -0.351524 0.27765 0.018937 
2.39854 -0.224669 1.01717 0.170785 0.52866 0.264432 1.10823 -1.05927 0.93491 -0.0564899 0.271598 0.0273006 
1.80767 -0.141241 0.744762 -0.662078 0.561998 -0.256247 0.713261 -1.05292 -0.182526 -0.134879 0.430395 0.00299598 
2.37645 -0.446153 1.7502 -0.40011 0.0782912 0.131302 0.668441 -0.332522 -0.417376 0.118218 0.142078 -0.0384657 
2.08298 -0.370129 0.981837 -0.350816 0.674895 -0.331148 0.190338 -0.147355 0.390061 0.0619125 0.303088 -0.00278994 
2.32982 -0.35842 1.02424 -0.678349 0.775254 0.846705 1.10926 -0.982648 0.298624 0.272054 0.137057 0.0370595 
2.1796 -0.203532 0.813049 -0.390732 1.10255 1.09125 0.211525 -0.152529 0.347678 0.00951367 0.248546 -0.0893361 
1.62818 -0.138339 1.37281 -0.510833 0.317393 0.30263 0.132923 -0.479351 -0.143585 0.128601 0.59113 4.90269e-005 
2.01795 -0.915092 1.19674 -0.191778 1.2583 -0.290994 0.392243 -1.17222 0.107534 0.070739 0.242427 0.03121 
2.35108 -0.332849 1.13626 0.175415 1.08594 0.334515 0.873812 -0.732711 -0.239745 -0.0853588 0.219236 -0.00239622 
1.92421 -0.435022 0.783432 -0.18438 0.975314 -0.627441 -0.115472 -0.904978 0.0900652 -0.0404332 0.0718958 0.0459852 
2.14501 -0.573562 1.07488 -0.607043 0.836433 -0.14561 -0.228286 -0.824296 0.114911 0.155696 0.457421 0.0681274 
1.7364 -0.606182 1.41764 0.294914 1.10303 -0.21256 0.309688 -0.373712 0.17811 -0.284133 0.17694 -0.0168339 
2.03396 0.223641 0.734782 -0.510352 1.72823 0.0637468 0.265559 -0.194674 0.00611555 -0.305016 0.0801582 -0.00599132 
1.90862 -0.300044 1.57701 0.0809758 1.09571 -0.031555 0.633055 -1.00372 -0.457012 -0.141032 0.248009 0.0530731 
2.12327 -0.325335 1.11215 -0.864778 1.00439 -0.59077 0.447517 -0.834136 -0.0778214 0.165642 0.324965 0.0782529 
2.37437 -0.96147 1.10752 -0.2998 0.816274 -0.84363 0.486778 -0.417238 -0.317721 0.298992 0.220478 -0.0166973 
1.74285 -0.272156 1.3375 -1.25851 1.07083 0.0297141 0.208703 -0.78033 0.220345 0.365709 0.336693 0.0272962 
2.19985 -0.841156 1.34658 -0.963632 0.832131 0.0926303 -0.210106 -0.367815 0.28486 -0.0176484 0.303952 0.0578719 
1.83312 -0.638691 1.14945 -0.664844 0.629543 -0.399129 0.228764 -0.969423 0.33589 -0.0258058 0.210519 0.071958 
1.63329 -0.531272 0.942459 -1.00047 0.271534 -0.570395 0.374856 -0.793635 0.417455 -0.147124 0.113331 0.0255252 
1.76421 -0.30265 1.31739 -0.783236 1.04035 -0.0598913 0.390901 -0.48824 -0.0641044 0.0371195 0.412396 -0.0441441 
2.03596 -0.138379 1.13637 -0.150682 1.53663 0.22415 0.895257 -0.697943 -0.137925 0.200577 0.479822 0.00135859 
2.21227 -0.423047 1.14759 0.187947 1.3437 -1.06334 0.000198677 -0.143206 0.130559 -0.082195 0.241473 0.013807 
1.9553 -0.128621 1.0733 -0.832423 0.510961 -0.718796 0.118925 -1.25975 -0.207956 0.211957 0.321131 -0.01132 
1.94936 -0.118126 0.49963 -0.161808 0.918315 -0.411612 -0.145617 -0.702175 0.145744 0.0284278 0.437057 0.0789259 
2.14103 -0.520451 1.23573 -0.115821 0.788377 0.289264 0.799354 -0.318192 0.205904 -0.122719 0.143579 0.0367455 
2.1255 -0.167695 1.13165 -0.151052 0.78759 -1.08938 0.0643547 -1.06283 0.0171475 0.0501069 0.581415 0.111105 
1.89106 -0.163456 1.17345 -0.991187 1.22729 -0.179168 -0.511573 -0.995073 0.192409 -0.172348 0.204966 0.0501057 
1.7797 -0.352632 1.10864 -0.683449 1.27471 0.519907 0.00181565 -0.600596 0.0133992 0.154467 0.0632089 0.00222661 
1.92559 -0.492636 0.791267 -0.184476 0.547172 0.364654 0.0529615 -0.554619 0.223569 0.0489309 0.262987 0.0145062 
1.75159 -0.467307 0.985586 -0.243893 1.04336 -0.4505 0.652039 -0.148992 -0.179313 -0.328645 0.306519 0.0136738 
2.04761 -0.471341 1.0384 -0.206213 1.26152 -1.50437 -0.282992 -0.427478 -0.114828 0.178361 0.186225 0.00368856 
1.92498 -0.269476 0.790572 0.137215 1.33997 -0.343664 0.537775 -0.588885 0.140446 0.00498442 0.356462 -0.0255663 
2.10149 -0.378675 1.17457 -0.155161 1.3507 -0.311315 0.119198 -0.617795 0.103762 0.213542 0.373106 -0.0373704 
0.0937586 -1.81219 0.324586 1.87896 -0.426096 -2.48366 1.52096 2.99551 0.0800566 -1.17319 -0.0339241 -0.117341 
-2.29517 -2.53145 -0.606138 2.07708 0.221885 -3.00179 2.03751 2.43289 -0.523877 -0.88969 0.0964811 0.0232082 
-3.14712 -2.9073 -0.547229 1.91581 0.465774 -3.61553 1.21484 2.72194 -0.0557364 -0.382314 0.182966 -0.134906 
-1.77377 -2.79975 0.444681 2.73686 -0.412355 -3.68928 1.71598 2.04167 -0.527963 -1.17752 0.517578 0.0329065 
-3.35785 -1.88875 0.597943 1.40487 -1.13636 -1.6329 1.80712 1.22809 -0.447656 -0.721684 0.85381 -0.272419 
-3.74474 -0.945455 0.195796 1.68056 -1.51253 -1.64532 1.44154 1.89476 -1.24351 0.132213 0.174245 -0.117973 
-4.33524 -2.32205 0.93153 1.44002 -1.01458 -1.41114 1.98035 0.992382 0.241586 -0.505737 0.0994179 0.0495713 
-4.18966 -1.16012 0.271071 0.343385 -0.629706 -1.70889 1.35606 1.35636 0.203299 -0.526937 0.136257 -0.050989 
-4.50945 -1.51052 0.144129 0.228361 -1.0445 -1.28555 1.08758 1.83116 -0.707043 -0.718459 0.450056 -0.086832 
-4.07902 -2.20699 0.28921 -0.858095 -2.43464 -0.904464 1.58464 1.39856 -0.630297 -0.698332 0.59609 -0.183219 
-4.03987 -2.84405 -0.892343 -1.64054 -1.54553 -0.552406 1.10249 1.67524 -0.426161 -0.642681 0.466117 -0.165347 
-3.66312 -2.5667 -0.45815 -1.9391 -1.59891 -2.38907 2.39521 1.88629 -0.251805 -0.334941 0.229956 -0.109245 
-2.35877 -1.5774 -0.471408 -0.848106 -1.27236 -1.55539 1.32487 2.6404 0.456488 -0.8258 0.253052 -0.181891 
-1.01305 -1.14702 0.68534 -0.517227 -0.175767 -0.381954 2.23278 3.21381 0.391664 -0.485131 0.0952555 -0.111789 
1.86643 0.122128 1.22742 -0.0194635 1.84579 1.58992 2.91861 2.11504 0.498921 -0.334784 0.354119 -0.152284 
3.60001 -1.0757 -0.751329 2.33163 1.9598 1.63003 2.61524 1.67994 -0.0459381 -0.665543 0.136494 0.05101 
4.13758 -1.24366 -1.86585 3.34536 2.24186 1.02486 2.95087 1.11787 0.199911 -0.956875 0.100906 0.043659 
4.40991 -1.03598 -2.06436 3.21656 2.09534 0.985345 2.59643 1.30132 -0.192723 -1.02057 0.055618 0.0787398 
3.99157 -0.675894 -1.07829 2.39859 1.91422 0.867347 2.54223 1.40074 -0.50444 -0.868507 0.131903 0.0924809 
3.19188 -0.656036 -0.784111 2.47597 1.45117 1.75302 2.7426 1.30186 -0.278609 -0.597904 0.454648 0.0523473 
3.69741 -0.0676602 -1.32328 3.51253 1.47734 0.812294 3.07585 0.68343 0.692791 -0.67242 0.597474 -0.00481034 
3.57151 0.233887 -0.317865 3.02966 2.08654 1.19586 2.29453 1.19595 -0.243683 -0.817372 0.205114 0.117701 
4.02712 0.367567 -0.197195 2.5066 2.2735 0.699682 1.67677 1.57694 -0.507642 -0.631761 0.0183052 0.0873244 
3.27358 0.639183 0.50891 2.12881 1.84835 0.992525 1.4086 1.21703 -0.0550032 -0.37601 0.0437124 0.0055503 
3.23893 0.929894 0.867546 2.70536 2.47248 1.01986 1.24062 1.42486 -0.0805078 -0.835232 -0.113134 0.0545676 
5.69237 0.491517 -1.38529 3.12549 4.15694 -0.547189 2.44771 0.694512 0.811384 -0.760121 -0.132402 0.177153 
3.0793 4.06398 0.543753 2.25875 2.91992 -1.55091 0.630549 -0.877726 1.05765 -0.377074 0.456113 -0.00816601 
1.22923 1.83225 2.79509 0.89757 0.486479 0.406134 2.18967 0.587925 0.84906 -0.392802 0.414197 -0.0471432 
-1.67683 0.334174 2.44093 -0.726041 -0.487063 0.0678828 1.54863 1.7865 0.296667 -0.540227 0.255493 -0.129636 
-2.86521 -0.14979 1.82884 -0.414572 0.665596 0.590297 0.74852 1.64068 0.252525 -1.09987 0.452746 -0.0413745 
-3.40263 0.345341 1.91418 -0.273533 0.280443 -0.181938 0.726483 1.70474 0.683651 -1.59799 0.499276 -0.0648471 
-3.90048 -0.224864 1.44911 -0.513336 -0.300781 -0.260341 0.850712 1.86811 0.369317 -1.1426 0.370646 -0.024039 
-4.11711 -0.481677 1.48257 -0.516059 0.0801035 -0.618073 1.15406 1.00587 0.191424 -1.25121 0.488876 -0.0309314 
-4.36955 -1.64358 1.61881 -0.449494 0.0455666 -0.997594 0.913442 1.49044 0.309423 -1.06954 0.332049 0.0162403 
-4.71472 -1.68147 1.04066 0.47511 -0.774063 -0.896241 2.1051 1.45293 0.215259 -1.13764 0.558424 -0.0612459 
-3.49007 -1.04383 0.751536 -0.280704 -0.642584 -1.2858 1.63997 1.32304 -0.0135392 -1.26548 0.528952 -0.0709929 
-4.72237 -2.46898 0.0392601 -0.942922 -0.797302 -1.21731 2.00793 1.74201 -0.0458608 -1.32175 0.228917 -0.0202056 
-4.32274 -2.22327 0.211648 -2.17174 -0.940319 -0.684379 1.07561 1.92126 -0.234482 -1.04097 0.171174 0.00221626 
-3.54417 -1.86591 -0.88094 -1.35697 -1.43993 -1.7369 1.97785 1.39708 -0.571866 -0.757631 0.188574 -0.0180756 
-2.86834 -1.47235 -0.0936235 -2.33964 -1.79522 -2.0103 1.11817 1.39264 -0.292931 -0.609344 0.335831 -0.0641784 
-1.37396 -0.341153 0.586729 -1.64562 0.605961 -0.615442 2.39029 1.48129 -0.374849 -0.888895 0.448177 -0.0646482 
