1.66391 0.159968 1.60408 -0.689336 1.75336 0.545788 0.472132 -0.247405 -0.147133 -0.12851 -0.207745 0.0295294 
1.72891 0.165068 1.81949 -0.683131 1.49191 0.361118 0.649328 -0.151618 0.529517 -0.481618 -0.129458 0.009063 
1.63443 0.49997 1.25367 -0.896245 1.44795 0.15627 0.251056 0.280784 0.468043 -0.253412 0.0598309 -0.0209024 
1.75829 0.289724 0.928276 -0.82447 0.573439 0.536363 0.295137 -0.933189 0.206069 -0.472992 0.195553 0.0538857 
1.61197 0.482385 1.75046 -0.683947 1.27232 -0.252348 0.332639 -0.152423 0.305228 -0.224642 0.160419 -0.046581 
1.70779 0.478323 1.25237 -0.866825 1.09783 -1.0578 -0.271321 -0.625797 -0.150663 -0.26436 -0.0448568 0.000664196 
1.78846 0.808492 1.52679 -0.442066 1.21312 0.328575 -0.0687926 -0.227202 0.317437 -0.620306 0.0326961 -0.0153606 
1.81559 0.0524492 1.13378 -0.980054 0.898257 0.197777 0.586487 0.20183 0.200562 -0.308775 0.266841 0.000297765 
1.76351 0.328308 0.480829 -0.573138 1.72036 -0.651133 -0.46829 -0.318174 -0.0784599 -0.221407 -0.140984 -0.00347115 
1.80062 0.286965 1.45173 -0.589285 0.100004 0.132387 0.761458 -0.0387323 0.0377037 -0.332132 0.235862 0.0601356 
1.44793 0.105569 0.621672 -0.998563 0.721072 -0.832791 0.236988 -0.822006 -0.120571 -0.234416 -0.223941 -0.0146016 
1.54092 -0.133105 1.63437 -0.918963 1.51197 -0.652401 -0.0216531 -0.241888 0.111164 -0.306341 0.502982 0.0410709 
1.02984 0.920655 0.292557 0.204662 0.466016 0.474479 -0.660162 0.301269 -0.28045 -0.299683 -0.0268412 -0.078243 
-0.373577 2.05969 -0.689405 1.42196 -0.478054 1.51195 -0.678363 1.10558 -0.316034 -0.156136 0.174492 -0.113767 
0.939322 1.19984 0.356861 1.06556 0.486522 1.20466 -0.576235 1.31093 -0.255712 0.0577155 0.0974267 0.0604459 
1.72614 0.137116 1.35957 -0.217477 0.84633 -0.019667 1.04775 -0.847635 -0.165262 -0.286187 0.16164 -0.115703 
1.42897 -0.0148448 1.27893 -0.730284 0.625655 -0.594245 0.898989 -0.321273 -0.00985331 -0.342323 0.0358094 -0.0883841 
1.65321 0.384921 1.3141 -0.73644 1.53715 -0.198376 0.211867 -0.504951 -0.308872 -0.11619 -0.0424433 0.0398672 
1.5527 0.420171 1.13337 -0.835382 1.20314 0.491757 0.529992 -0.594305 0.321382 0.109808 -0.00100237 -0.0100988 
1.69006 0.102544 1.23267 -1.07079 0.653549 -0.242572 0.0445717 -0.360915 0.216868 0.113849 0.253702 -0.0399098 
1.57531 0.0285867 1.45895 -0.788486 0.978323 0.0354666 0.790869 -0.341965 0.214678 -0.59298 0.165394 0.0468038 
1.43443 -0.109245 1.32504 -0.886721 1.12021 -0.494962 0.125595 -0.49667 -0.382595 -0.0410764 0.164917 0.0075809 
1.56032 0.139189 1.17415 -1.26817 0.765273 -0.232411 0.788976 -0.353776 -0.572188 -0.316623 0.266525 0.0201851 
-0.290162 2.85621 -1.27364 1.94243 -1.47162 0.420445 0.374577 0.253195 1.05746 -0.869777 0.295906 -0.107978 
0.900375 1.67193 -0.106388 -0.0258816 -0.954033 0.533919 0.694098 -0.744136 0.299272 -0.774585 0.523314 -0.0341578 
1.85807 0.564225 0.979072 -0.770568 1.17043 -0.648119 0.113876 -0.456811 -0.309244 -0.579175 0.0973161 0.119718 
1.98712 0.411559 1.57338 -1.10858 0.998258 -0.526592 -0.101092 -0.251284 0.0418163 -0.230558 0.242874 0.0579142 
0.810388 -3.20403 1.74258 1.73722 -2.15853 -1.34334 2.39999 0.470005 -1.02336 -0.383516 -0.182093 -0.0791895 
-1.66364 -2.96862 0.523009 1.5632 -1.58465 -1.27615 2.66923 1.0047 -0.424515 -0.547377 -0.00913521 -0.138813 
-3.60887 -2.88332 0.796073 0.401015 -1.47703 -1.98042 2.68059 0.587432 -1.33232 0.275578 -0.0804481 0.0210576 
-3.74138 -1.71801 2.22218 0.830172 -1.25555 -2.39085 1.91773 -0.187507 -1.22315 0.645163 -0.302231 0.0196491 
-3.96529 -0.726106 2.51684 1.13332 -2.14675 -1.30458 2.07203 -1.00759 -0.737558 -0.285061 0.261848 -0.148553 
-4.13944 -0.719635 1.62918 0.450184 -3.46654 -0.772192 1.65478 0.0231762 -1.18384 0.181496 0.203618 -0.203205 
-3.10915 -0.788536 2.07403 -0.410112 -2.65756 -1.08857 2.41381 0.528734 0.0168607 0.485339 0.145177 -0.138741 
-2.9445 -0.413802 1.67471 -0.26725 -3.15534 -0.876717 2.47201 0.480898 -0.576604 0.0312046 -0.0643333 -0.182184 
-1.9644 -0.774416 2.02717 -0.479521 -3.08145 -1.20269 2.60853 1.14404 0.18918 -1.00981 0.362503 -0.302678 
0.547443 0.870622 2.82393 0.602039 -0.11017 0.423978 2.40009 0.550426 1.02858 -0.362423 0.18753 0.0318348 
1.76369 2.11861 4.13994 0.644253 0.928658 1.08624 3.07268 1.43065 0.257399 -0.272983 0.199967 -0.0531021 
2.17215 2.12712 2.79768 0.947579 1.67094 1.11449 1.5809 0.827382 -0.147062 0.0184609 0.259918 -0.0643898 
2.34431 2.46306 2.75636 0.994059 1.71778 2.0925 1.19249 0.975627 0.371376 -0.491101 0.261201 -0.0351715 
2.46137 2.67778 3.51905 0.478922 3.45062 2.50644 2.71296 2.28563 -0.564945 -0.674109 0.114077 -0.0292684 
2.64621 2.57514 3.3328 -0.0405916 3.54773 2.83538 2.17668 1.55676 -0.795249 -0.230053 -0.0462828 -0.00765066 
3.09419 2.7952 3.56082 0.160634 3.36502 2.49946 2.25248 1.24699 -0.423457 0.302925 -0.222017 0.00408923 
2.80577 2.41078 2.51119 0.931826 1.9404 1.53667 2.1188 1.19281 -0.21869 0.218003 -0.156114 -0.00303562 
3.72801 2.91072 2.8475 0.500606 2.58507 2.73357 2.04995 1.7959 0.659341 -0.185204 -0.264946 -0.0416468 
3.16625 2.46556 1.57744 1.36021 1.91704 2.0543 1.93469 1.01468 0.0653465 -0.128096 -0.122503 -0.00216913 
3.01182 2.40346 2.08915 1.6602 1.57102 1.57783 1.31387 0.688637 0.130291 0.00675474 -0.0875891 -0.0299738 
2.98423 2.38559 0.998567 3.32246 -2.28632 0.24727 2.50323 1.20333 1.09545 0.133682 0.375409 -0.189507 
3.11142 2.20237 2.92657 2.25822 -1.41102 -1.07141 1.62408 1.57286 0.2665 0.361597 0.522874 -0.0124764 
0.486873 0.662026 3.6237 2.04792 -2.07998 -0.694849 1.42004 -0.1027 0.056269 0.470129 0.325879 -0.166204 
-1.61006 -1.1904 2.7481 0.543278 -2.14627 -0.0511965 1.74386 0.516645 0.0576763 -0.165988 0.110867 -0.222941 
-2.29038 -1.40127 3.37603 0.489076 -1.4021 0.539619 1.91815 0.963522 -0.143885 -0.65517 0.0485386 -0.121267 
-2.61954 -1.28696 2.81741 -0.224982 -1.30855 -0.457389 1.50133 0.706967 0.346302 -0.239492 0.355954 -0.162129 
-3.04092 -0.965069 2.98763 0.0288991 -2.14946 -0.891053 3.35681 0.374336 0.0986451 0.264785 0.0729951 -0.0724346 
-3.0785 -1.69985 2.5393 0.621346 -1.78933 0.113595 2.25486 0.253033 -0.171348 0.2455 -0.121153 -0.0473121 
-3.20135 -2.02258 1.08824 1.09838 -1.31574 -1.0631 1.93253 0.262392 0.320054 0.0205419 -0.203786 -0.0395887 
-3.60567 -2.51053 1.21744 0.832683 -1.83945 -0.425475 2.00077 0.166386 0.923154 0.115871 -0.293748 -0.0787671 
-3.64419 -3.35744 0.726584 1.42713 -1.76854 -0.664999 2.24465 -0.21134 0.58922 -0.0917664 -0.0952071 -0.101972 
-3.06356 -2.83808 0.723522 0.804295 -1.86375 -0.183945 3.29289 0.0546402 -0.182704 0.109364 -0.317364 -0.0484282 
-3.64314 -3.27318 1.33261 -0.0548689 -2.54743 -0.207632 3.1144 -0.512294 0.244691 -0.0478408 -0.138325 -0.0673623 
-2.92684 -2.34217 1.31032 0.0171269 -1.94256 0.308414 2.71193 -0.608501 0.66351 -0.152212 -0.278387 -0.0344013 
-2.16866 -1.31232 2.92728 1.89796 -3.02199 0.971638 4.64557 0.0766119 0.294533 -0.0385551 0.257744 -0.137157 
-1.61031 -2.18632 1.98583 0.391832 -1.14604 0.625734 3.87495 -0.294314 -0.0562201 0.0946203 -0.124626 0.0281675 
-1.37858 -1.39379 1.93759 -0.362578 -1.1747 0.129736 2.52891 -0.356042 0.837469 -0.223126 -0.445501 -0.0589881 
-1.84224 -0.829752 3.21844 1.06382 -0.633182 1.15787 4.85973 0.336063 0.479452 -0.115054 -0.186061 0.0818173 
-1.16264 -1.0523 3.79104 -0.973967 0.139605 1.26483 4.04291 -0.224114 1.58897 0.136782 -0.487024 0.0847378 
-0.464249 -1.85492 4.18635 -2.01218 1.5732 1.62301 2.55231 -0.259838 1.80796 0.346731 -0.692299 0.166676 
0.0528851 -1.75905 3.47811 -2.11176 0.772356 2.37946 3.01214 -0.411774 1.66782 -0.162396 -0.755362 0.117014 
0.778656 -0.326771 2.11999 -0.366126 -0.507996 2.11844 1.51467 -0.30426 1.07887 -0.246452 -0.188488 0.0543391 
1.44129 -0.454495 1.30976 -1.57886 -0.637641 1.12807 1.93767 0.432487 0.0215946 -0.629652 -0.413805 0.0152484 
1.42549 -0.304822 0.789871 -0.280678 -0.140861 0.649301 1.78912 -0.290689 0.0913409 -0.415371 -0.166551 0.0474467 
1.47916 -0.162802 1.41621 0.220645 -0.107059 0.164106 1.00399 -0.352527 -0.120934 0.251239 -0.186356 0.0465355 
1.43823 0.328028 1.21512 0.450761 0.397555 -0.0749654 0.668448 0.00101297 0.00194028 -0.122886 0.107775 -0.0323083 
1.05075 0.711587 1.2327 0.106018 0.876656 -0.00371172 0.328746 -0.573568 -0.0427693 -0.104142 -0.0434906 -0.0687034 
1.51437 0.351528 0.506433 -0.165458 0.770698 -0.0225401 0.156253 -0.162922 -0.543743 -0.0121336 -0.0531839 -0.0856001 
1.4556 0.8585 1.09812 0.247647 0.0282706 0.28612 0.492845 -0.077236 -0.299781 -0.0159299 0.283878 -0.0382354 
1.40499 0.739773 1.04971 0.106522 0.434767 0.602539 0.212417 -0.166884 0.168052 0.418467 0.162707 -0.0771141 
1.34544 0.715688 1.43252 -0.176996 0.553091 0.234787 0.519779 0.131043 -0.262635 -0.0657734 0.192493 -0.00520286 
1.67916 0.450986 1.48235 -0.300553 0.191054 0.109748 0.0917519 -0.521238 -0.410856 -0.34013 0.118446 -0.087282 
1.63927 0.571475 1.15852 -0.239616 0.515647 0.168347 0.32326 -0.0347729 -0.159917 0.326142 -0.240518 -0.10216 
1.75152 0.253635 0.967584 -0.622375 -0.133244 0.677169 0.544143 -0.244066 -0.644474 0.0531181 0.178469 0.00949051 
1.5653 1.0025 0.754881 0.515932 0.263574 0.280807 0.373658 -0.666407 -0.357199 -0.0777714 0.202551 -0.035195 
1.50218 0.770295 0.965894 -0.559002 0.852284 0.302283 0.455526 -0.350139 -0.166427 -0.101391 0.126663 0.0373596 
1.68224 0.656606 0.545916 0.268443 0.214881 -0.194946 -0.101706 0.209125 -0.205714 -0.169697 0.0839932 -0.0770104 
1.43775 1.19671 1.22323 -0.1111 0.122923 0.34502 0.21292 -0.0718842 -0.19704 -0.851071 0.0513281 0.015531 
