2.11992 -0.0539016 1.16934 -1.07892 1.06418 -0.755338 -0.350463 -1.32053 -0.102914 0.0990269 0.546101 0.0264683 
2.09578 -1.73205 1.66185 1.23381 0.0514026 -0.802316 1.24401 0.357944 -0.811549 -0.00179437 0.609804 0.10764 
2.23599 -3.58704 2.46584 4.109 -0.0589502 -0.867548 3.77567 1.85256 -1.73294 -0.401682 0.54277 0.0948008 
1.96234 -1.66525 1.7363 0.837939 0.788536 -0.734295 1.26587 0.424252 -0.757268 -0.164602 0.528593 0.0869537 
1.9775 -0.813483 0.734413 -0.494918 0.756153 0.394423 1.51254 -0.753319 0.0894565 0.00431294 0.140165 0.00498703 
1.87372 -0.660103 1.28481 0.0749639 0.296266 0.342334 0.968512 -0.112229 -0.469642 0.266732 0.444209 -0.0130798 
2.12638 -0.338865 1.11848 -0.0652041 1.56893 -0.584202 0.165618 -0.499817 0.0402073 -0.105557 0.300114 0.0386609 
2.1373 -0.123724 1.39493 -0.398574 0.982944 -0.398431 -0.0809975 -0.807551 -0.101821 -0.0317116 0.308636 0.0206524 
2.11019 -0.1614 0.906787 -0.986206 0.314094 -1.04884 0.109998 -0.738091 0.219413 0.00547137 0.531741 0.096701 
1.96843 -0.826076 1.43894 -0.829967 0.754307 -0.240244 0.304518 -1.02599 0.340105 0.0875701 0.187825 0.0878547 
1.61965 -0.381952 1.61344 -0.710246 1.42332 0.465073 0.172207 -1.09437 -0.168381 -0.223104 0.00813159 0.0547381 
1.68523 -1.04401 1.40858 -0.0963024 0.752165 -0.483768 0.184615 -0.712156 -0.159896 0.0671316 0.38828 0.035289 
2.01743 -0.70987 0.847804 -0.336332 0.832648 -0.386901 0.0552045 -0.386183 0.0630405 -0.00376915 0.420083 0.084344 
1.86099 -0.242668 0.345543 -0.367975 0.842665 -0.470459 0.0937546 -0.248059 -0.20398 0.081983 0.416064 -0.0997018 
1.8174 -0.489103 0.357214 -1.11374 0.709087 -0.36273 0.328392 -1.26151 0.158218 -0.0308635 0.188675 -0.0122267 
1.54135 -0.284132 0.957942 -0.721134 1.17855 -0.610248 1.02393 -0.924307 -0.352193 -0.0214539 0.36915 0.0372644 
2.10174 -0.0803338 1.23099 -1.02206 0.427299 -0.39328 0.529114 -0.677749 0.177721 0.272755 0.455503 0.0321218 
2.12898 -0.294207 1.19467 -0.654479 1.06089 0.134388 0.0249226 -0.505209 0.656946 -0.12836 0.50949 0.0627249 
1.6539 -0.199823 1.14786 -0.691538 1.37629 0.0536045 0.592172 -0.630195 0.120039 0.184784 0.198791 -0.0158412 
1.86531 -0.759801 1.42907 -0.371927 1.02045 -0.388312 -0.279296 -1.39052 0.0950051 0.223731 0.210941 -0.0380086 
2.01963 -0.365882 1.42133 -0.309472 1.64025 -0.835937 0.229412 -0.591935 -0.301993 0.398064 0.0630734 -0.0130366 
1.97509 -0.34314 1.57109 -0.544678 1.20907 -0.532412 -0.0696657 -0.526171 -0.354812 -0.360883 0.245934 -0.0364599 
2.1888 -0.262613 0.878828 -0.0104253 1.05714 -0.562536 0.366328 -0.987709 0.377134 -0.182913 0.190568 0.0770012 
1.95474 -0.408077 0.530036 -0.478403 0.690765 -0.781819 0.575565 -0.748151 -0.251639 -0.0025967 0.263138 0.0703225 
1.96817 0.225023 0.512301 -0.113701 0.81704 -0.247726 -0.0286031 -0.361068 0.392415 0.184915 0.471611 0.0562427 
1.81648 0.413064 1.06531 0.605331 1.26958 0.443305 0.60917 -0.706264 0.186105 -0.0826172 0.411383 0.0410455 
1.89127 -0.262281 1.64409 0.223554 1.13874 0.146215 0.146551 0.196181 0.0515063 -0.0709605 0.135608 -0.0118441 
1.6709 -0.297089 1.0599 0.422849 2.19148 0.551271 0.553634 0.0511827 -0.0277281 0.0569764 0.446962 0.0114378 
1.91181 -0.139801 1.63973 0.558651 1.26467 0.559882 0.676975 0.139144 0.0980657 0.100475 0.22342 0.0596679 
1.66915 -0.713536 1.39785 -0.151095 1.08186 -0.457085 0.586191 -0.810164 0.306363 -0.00442555 0.443488 0.0747417 
2.05395 -0.633853 1.68245 -0.143862 0.711236 0.124337 0.259205 -0.199537 0.659994 0.0815311 0.507763 0.10031 
2.11082 -0.285319 1.52343 0.304975 1.59017 0.0618809 1.11104 -0.278258 0.354477 0.41763 0.342347 0.0994594 
2.22623 -0.473174 0.832607 0.540602 1.2001 0.834969 1.3531 -0.425136 0.8669 0.16199 0.39429 0.0730071 
2.12997 0.145455 1.20206 0.230729 1.22211 0.253493 1.24412 -0.027249 0.971017 0.269733 0.473468 0.10137 
2.10172 0.345054 1.26034 0.330197 1.32217 0.543587 0.512312 -0.743485 0.225477 0.570628 0.421218 0.0613969 
2.13137 0.109345 1.71595 0.0833815 1.2684 -0.112584 0.0468049 -0.904518 0.385969 0.147794 0.389617 0.0305451 
1.9594 -0.257844 1.30389 -0.314573 0.825505 0.00293119 0.365427 -1.56714 -0.29123 0.00679455 0.161994 0.0629652 
1.93297 -0.279907 1.10679 -0.654445 0.444072 -0.35893 -0.71198 -1.5253 -0.192188 -0.398475 0.306014 0.0389141 
1.88382 0.317904 1.46742 -0.125407 1.55363 -0.0342251 0.721874 -0.166276 0.399001 0.376451 0.479545 -0.01969 
1.87866 -0.127631 0.993485 0.119806 1.23323 -0.312252 0.701327 -0.455645 0.283021 0.137594 0.163086 -0.00133581 
1.69527 -0.311557 1.01867 0.570918 1.75197 -0.534537 0.486539 -0.248578 0.387345 -0.0914118 0.202777 0.019747 
1.85148 -0.409938 1.17529 -0.0179476 1.27664 -0.693393 0.157867 -1.01861 -0.137251 0.310608 0.365407 0.0808243 
2.1403 -0.35643 1.16499 0.343671 0.962678 -0.559721 0.189724 -0.382808 0.0930638 -0.0107999 0.313175 -0.0151457 
1.87969 -0.370663 1.54439 -0.396244 1.12952 -0.506386 0.697012 -0.563603 -0.417626 0.59429 0.451624 -0.0211673 
2.0964 -0.441119 1.04469 0.167298 1.72075 -0.396001 0.12371 -0.943991 -0.122113 -0.111815 0.278707 0.0134652 
1.57555 -0.962778 0.931693 -0.931514 0.37928 -0.0108526 -0.378219 -0.842463 -0.117031 0.227462 0.299771 -0.0188144 
2.20221 -0.160575 1.0076 -0.874591 0.208665 -0.308716 0.351967 -0.573472 0.485619 -0.093866 0.526057 -0.0223728 
1.96577 -0.557244 0.858281 -0.543691 -0.370191 -0.0415286 0.0746564 -0.694678 0.239008 0.222515 0.358857 -0.0585788 
1.65696 -0.148665 0.920627 0.460046 1.06471 -0.440332 0.477432 -0.304491 0.403824 -0.126096 0.401659 0.010625 
2.10188 -0.811317 0.332837 -0.565959 0.641537 -2.05757 1.25763 1.01016 0.410298 -0.103318 0.300608 -0.00176446 
2.0556 -0.997355 0.663773 -0.296546 0.206192 -1.74871 0.650364 0.715969 0.360708 -0.299745 0.344268 0.0432195 
1.85817 -0.520186 -0.0416028 0.608836 -0.90503 -1.73718 0.639075 1.75311 0.380621 -0.419659 0.22889 -0.0793698 
-0.125803 0.298491 -2.68376 -0.377576 -1.23497 -1.03475 2.17245 2.98974 -0.428517 -0.328944 0.46275 -0.145792 
-1.40095 -0.45241 -0.66057 1.6753 -1.29348 -3.59283 2.033 3.85408 -0.757051 -0.502011 0.123251 -0.178174 
-2.52363 -1.58024 -0.0712134 1.20196 -2.32907 -2.80875 3.55834 2.84684 -1.33251 -0.636805 0.276318 -0.28004 
-2.73336 -1.63931 -0.149419 1.45425 -1.40633 -2.11067 3.429 3.28106 -0.633504 -0.706485 0.167404 -0.16784 
-3.46254 -2.51179 0.296424 1.39057 -0.647779 -1.76182 3.14963 2.49325 -1.14609 -0.208706 0.151585 -0.0575288 
-3.91478 -2.30164 0.0779477 3.18698 0.122428 -1.80804 2.56663 2.10995 -0.0787124 -0.475539 0.37887 -0.115001 
-4.59425 -1.40616 1.5632 0.543657 -0.481067 -2.40558 4.39979 1.97671 -0.922555 0.251923 0.117031 -0.0654963 
-3.83756 -1.1137 1.08365 1.07598 -1.07223 -2.37316 2.98078 0.922203 -0.644147 0.213411 0.41262 -0.133563 
-4.20357 -1.17374 0.752834 1.05472 -2.21562 -1.37728 2.6053 1.68823 -1.2067 0.554634 0.251091 -0.257209 
-4.97949 -2.18927 -0.721221 -0.817823 -0.707794 -1.75603 2.84587 1.43434 -0.615681 -0.0751085 -0.408138 -0.0844785 
-4.45431 -1.19364 -0.376132 -1.15314 -1.43654 -1.38115 3.34208 0.525865 -0.711766 -0.301629 0.0447175 -0.102388 
-5.05323 -1.68062 0.332318 -1.16791 -1.34021 -1.12481 1.45237 1.16686 -0.381274 -0.822284 0.512699 -0.0880784 
-3.75373 -1.23844 0.68948 -0.89632 -0.877862 -1.02309 1.19887 1.69805 -0.897077 -0.874062 0.532633 -0.0810598 
-3.79363 -1.35548 0.074632 -0.924337 -1.55746 -1.20104 2.43617 1.19194 -0.387374 -0.503738 0.477539 -0.273258 
-4.39813 -2.95775 -0.239311 -2.20011 -1.58538 -1.13685 2.40923 1.05167 -0.859322 -0.178101 0.278127 -0.100711 
-3.15477 -2.6037 -0.334357 -0.898334 -2.28642 -0.687821 1.62658 1.61092 -0.57374 -0.784728 0.634711 -0.220752 
-2.2041 -1.06728 -0.158501 -1.66815 -0.570255 -0.396264 2.40053 1.5307 -0.299825 -0.471194 0.363608 -0.0702466 
1.8192 1.07002 1.95717 -0.178714 1.31165 0.775318 3.08136 1.55273 0.0218882 -0.0958327 0.287894 -0.115322 
3.54082 -0.682636 -0.058422 1.82314 1.38649 1.0849 3.85262 1.17458 -0.372538 -0.378815 0.321778 -0.00233384 
4.26948 -1.37694 -0.896857 1.73729 2.20253 1.4981 3.61238 1.54495 -0.784146 -0.58104 0.241401 0.0561584 
4.74722 -1.21545 -1.64845 2.24362 2.34783 1.68283 3.01303 1.8256 -0.72588 -0.630504 0.199597 0.0955276 
5.063 -1.15304 -2.22438 2.71633 1.8106 1.30818 4.01256 1.67842 -0.184271 -0.951795 0.151259 0.0543735 
5.55267 -1.90067 -1.53608 2.36313 1.06703 1.61461 4.25938 2.04662 -0.526719 -0.788347 0.177033 0.063148 
5.64459 -1.58894 -0.754748 1.77479 0.802535 1.9499 3.98951 1.60063 -0.655469 -0.317104 0.300581 0.0155546 
5.16404 -0.750739 -0.311295 3.21308 1.56715 0.58154 3.64281 1.43277 0.236897 -0.199419 0.185775 0.000903401 
5.36866 0.0405775 -1.65123 3.2785 1.88843 0.301572 3.9492 1.02229 0.885229 -0.479503 0.357556 -0.0400356 
4.53784 0.85368 -0.0350041 2.30844 2.69035 1.91828 2.40299 1.50262 -0.481048 -0.223748 -0.113786 0.0406926 
3.69247 1.65445 0.127418 0.840218 2.57495 3.17122 2.23599 0.813565 -0.0393847 -0.150828 -0.0300072 0.0681217 
3.1586 1.51263 0.76518 1.13211 1.56794 1.87851 2.35533 1.80095 0.452076 -0.234568 -0.0506495 0.0274221 
2.85299 2.05257 0.678281 1.08665 2.53587 2.11156 2.80778 0.658987 1.0904 -0.107381 0.223434 0.0882006 
2.06987 2.15189 1.58984 -0.0241096 2.9255 1.02142 3.21247 1.79126 0.54186 0.170828 0.264979 0.0670908 
-0.646829 0.992733 1.77979 -0.455484 -0.33428 0.24698 2.08352 1.50681 0.256454 -0.250517 0.593978 -0.0358052 
-2.00507 0.502395 1.30957 -0.156273 -0.364943 -0.474547 1.12781 1.9625 0.0257257 -0.244435 0.182478 -0.136651 
