1.772 0.00155985 0.939379 -0.498444 1.11226 -0.600661 0.7527 -0.758979 -0.90218 0.0551926 0.133756 0.007452 
1.87484 0.542415 1.39975 -0.904644 1.09598 -0.224248 0.644896 -0.545442 0.293217 -0.12137 0.0630727 0.0032405 
1.81665 0.387875 1.45645 -0.796676 1.23646 0.47225 -0.26674 -0.443904 0.344155 -0.413992 0.1451 -0.0395214 
1.7955 0.0445861 1.79898 -0.684233 0.715956 -0.0961365 -0.0959768 -0.180357 -0.0615351 -0.581225 -0.0819787 -0.0115794 
1.79286 0.556903 0.926881 -1.3473 0.424401 -0.18777 -0.426148 -0.808247 0.318178 -0.322787 0.237325 0.0550725 
1.50567 -0.174377 1.51115 -0.738057 0.510363 -1.09674 0.213825 -0.781972 -0.0111792 0.54397 -0.0151104 -0.0678848 
1.67397 0.160674 1.14279 -0.434942 0.69833 0.00803751 0.351439 -1.07355 -0.0951499 -0.116188 -0.00137281 -0.0462427 
1.52722 0.260909 1.46685 0.156516 1.38701 -0.00483847 0.232309 -1.16745 -0.161373 -0.284153 -0.111929 0.0263972 
-0.0495825 -0.322709 1.89906 1.13734 0.0899782 0.614588 1.17607 -1.62529 0.815662 -0.151523 0.0292054 -0.0573849 
-2.51842 -1.83138 0.748227 4.16851 -1.58369 -0.274524 0.00540793 -2.37007 1.87174 0.165817 -0.222312 -0.187908 
-0.670538 1.01774 1.28419 1.21453 -2.00613 1.27094 1.02274 -2.06459 1.44675 -0.423718 -0.0545954 -0.106713 
0.564292 0.067286 1.07036 -0.479413 0.0568705 0.289598 -0.821649 -1.32419 0.881124 -1.23348 0.320884 -0.00795663 
1.2417 -0.655669 2.8689 -2.12566 0.803251 1.558 -1.38696 -0.25572 0.364907 -0.729008 0.00903306 0.0548966 
1.37754 -0.190784 1.48856 -1.09056 0.71816 0.804762 0.510328 -1.0217 0.722606 -0.508399 0.203513 0.13237 
1.81582 0.152435 1.26088 -1.01557 1.3044 -0.502826 0.652175 -0.265075 0.245289 -0.0483672 0.169863 0.059949 
2.05283 0.053492 1.55925 -0.512274 1.59728 -0.8828 0.604018 -0.527913 -0.665942 -0.693225 0.198566 0.0660459 
1.92007 -0.554473 1.22669 0.562878 1.74227 -1.1369 0.274413 -0.0792761 0.0498674 0.208273 0.0181323 -0.00790768 
1.47662 -0.398389 1.52299 0.659248 1.80948 -1.15074 0.15918 0.080741 0.469417 -0.232403 0.17563 0.1117 
1.73766 -1.04481 1.73271 -0.354648 1.6263 -0.73701 -0.926154 0.0218927 0.327436 -0.558396 -0.151005 0.0747396 
1.69673 -0.52721 1.14943 -0.495158 1.65633 -0.600701 0.111858 0.0484274 0.0626322 -0.245697 0.0966749 0.0220873 
1.62349 -0.0775603 1.64029 -0.283779 1.31436 -1.12525 -0.24753 0.405574 0.308317 -0.572313 0.200403 0.156191 
1.58937 0.172474 1.20665 -0.984047 0.370667 -0.640479 0.641926 -0.150372 0.113346 -0.468743 0.0235242 0.00307817 
1.70773 -0.0437638 1.22121 -0.33298 1.0512 0.0471734 0.44454 0.0351206 0.0842648 -0.586021 -0.0649645 0.0237909 
1.80734 0.0869713 0.935279 -0.834358 0.586212 0.152257 -0.423208 -0.0649656 0.352566 -0.373195 0.235711 0.0466326 
1.73252 0.00855427 1.6997 -0.583307 1.12312 -0.221166 0.0728033 -0.116176 0.0843965 -0.411888 0.173335 -0.000730776 
1.75146 -0.210716 1.0758 -0.0943649 0.718403 -0.951429 0.327861 -0.475017 0.0323749 -0.494223 -0.0338478 -0.00368478 
1.54644 0.365354 1.28126 -0.772212 1.38602 -0.616736 0.138981 -0.914769 0.0300991 -0.533501 0.111371 0.0527942 
1.66043 -0.0694217 1.0692 -0.892653 0.60029 -0.555184 0.145298 -0.824289 0.443578 -0.103823 0.0271939 0.0282952 
1.89938 0.502328 1.86728 -0.369877 1.98396 0.270992 0.985375 0.770406 0.0470577 -0.106308 0.0533444 0.0447723 
2.07985 0.282752 2.37169 -0.58384 1.5087 0.271988 0.152134 0.0634614 -0.150004 -0.235631 0.342757 0.00173107 
1.66187 0.491477 1.76011 -0.728983 1.03594 0.596246 0.64634 -0.713285 0.322501 -0.165552 0.154012 0.0210995 
1.71013 -0.0278251 1.83283 -1.06319 1.62038 0.443721 0.750438 0.156438 -0.024935 0.137898 0.0217875 -0.0217005 
1.63155 0.309146 2.23157 -0.482681 0.956083 -0.0728012 0.459053 -0.778686 -0.159754 0.282003 0.136151 -0.00450327 
1.59854 -0.0840038 1.32593 -0.440393 0.773408 -0.136854 -0.10108 -0.60594 -0.501054 -0.0731167 0.226803 0.0365848 
1.72409 0.532045 1.86663 -0.105857 1.17928 -0.19076 0.111131 -1.04062 -0.332003 -0.342918 0.012907 -0.0400503 
1.75074 -0.0109612 1.22383 -0.925942 1.38419 -1.06029 -0.00731147 -0.768359 -0.761512 -0.086238 -0.0131015 -0.071225 
1.79706 0.0939747 1.52442 -0.810497 1.30481 -0.36303 0.0838091 0.0560024 0.0496931 -0.325847 0.268909 0.00822594 
1.66709 0.123252 1.6725 -0.437151 0.450082 -0.722307 0.258015 -0.177597 0.0172138 -0.459985 0.332391 0.0476893 
1.3312 0.00404004 1.62196 -1.53728 0.922813 0.0715466 -0.229719 0.191159 -0.382205 -0.869047 0.17755 -0.0365184 
1.51807 -0.164771 2.16226 -0.766304 1.29658 0.189223 0.0869707 0.187611 0.14429 -0.787383 0.381381 0.0700989 
1.90337 0.111185 2.07388 -0.197615 0.935147 -0.422334 -0.45392 -0.42297 0.339591 -0.314403 0.329054 0.0105777 
1.76248 0.414594 1.0116 -0.479513 0.461779 -0.205912 0.852396 -0.0920913 0.577296 -0.213184 0.0319509 0.0736274 
1.83284 0.0916718 1.30444 -0.751071 1.17677 0.386067 0.543855 -0.761118 -0.266079 -0.188623 -0.0584771 0.0291184 
1.69908 0.249339 1.04283 -0.604735 0.950278 0.430982 -0.0988922 -1.04567 -0.462726 -0.0963967 0.0802976 0.0883463 
1.70033 -0.193992 1.33716 -0.504924 1.02327 0.306106 0.686159 -0.793962 0.283348 -0.0519327 0.0197565 -0.0193216 
1.5379 0.0233332 0.854739 -0.872638 1.02446 -0.34386 0.272569 -0.332429 0.0251059 0.0452861 0.09245 -0.00970339 
1.70614 -0.508749 1.50915 0.528029 0.186578 -1.90789 0.744392 0.0163369 -0.501651 -0.913827 0.281299 0.147577 
1.06087 -3.56761 2.09862 2.80853 -1.68216 -2.22693 1.16138 0.707369 -1.02492 -0.164862 0.171057 -0.00229288 
-0.419954 -2.83205 2.29794 3.80377 -2.5893 -1.60259 1.90167 0.716748 -1.4886 -0.746917 0.264061 -0.0660128 
-1.61873 -2.82839 1.38363 2.02665 -4.26561 -0.860786 2.39593 1.63379 -0.68515 -1.37376 0.477825 -0.182687 
-1.55436 -2.06955 2.46452 1.73501 -3.43516 -1.78114 2.3921 0.714577 -0.970711 -1.064 0.457871 -0.204923 
-3.10611 -2.64695 1.37913 1.92457 -2.34161 -2.34011 2.88133 0.459342 -0.534049 -0.0382696 0.314954 -0.0353616 
-3.3816 -2.63416 1.83345 2.12841 -3.03473 -0.904378 2.88856 -0.443953 -0.515526 -0.127129 0.49088 -0.168901 
-5.16456 -2.2806 1.80254 0.760158 -2.35283 -1.06969 3.03491 0.785393 -0.243911 -0.102498 0.14543 -0.0800443 
-4.66257 -2.42663 1.92317 1.27641 -1.23525 -1.91993 1.84961 1.14896 0.246097 -0.504336 0.188113 0.0377622 
-5.35897 -2.77214 1.91222 0.790841 -1.82035 -1.08252 2.34909 0.851157 0.590757 -1.00131 0.331306 -0.0131517 
-4.64455 -0.929672 1.81242 0.444139 -2.37181 -0.709064 2.89513 0.0179603 -0.404642 -0.122708 0.257181 -0.130086 
-3.71281 -1.24462 0.706948 0.440777 -1.85857 -0.634012 2.11102 0.146617 0.348998 -0.584913 0.275552 -0.125245 
-2.81512 -0.420126 1.27184 -1.10536 -2.33864 0.0863815 1.74706 1.02218 0.743173 -0.917493 0.156247 -0.142006 
-1.31633 -0.166799 2.43273 0.592884 -1.39524 -0.197515 3.54398 1.79595 0.753096 -0.635191 0.320349 -0.16488 
1.32026 2.01123 3.31095 1.12395 0.625719 1.3493 3.0073 1.56054 0.119677 -0.787403 0.271233 -0.0543509 
1.57082 2.81822 3.1683 0.498476 1.7572 1.67549 1.93818 0.774952 0.612229 -0.787878 0.245298 -0.070515 
1.77891 3.00074 3.74652 -0.0320816 2.48006 2.21104 2.93278 1.90784 -0.249283 -0.361809 -0.154524 -0.0530039 
2.57128 2.31676 3.15678 -0.267081 2.44277 2.11403 1.19732 1.72081 0.0568797 -0.503054 0.119161 -0.060998 
2.51974 2.9153 2.19228 0.114802 2.40099 1.85112 1.88337 1.60357 -0.219798 -0.563652 -0.0884106 -0.0654154 
2.62242 2.56557 2.81404 0.164447 2.8537 2.68937 1.66915 1.30608 -0.190764 -0.225242 -0.057844 0.00244436 
2.91314 2.26157 2.81924 0.833211 2.25957 1.90833 1.09496 1.38165 0.117691 -0.13519 0.119015 -0.00904086 
2.82087 2.52648 3.15495 -0.00608559 3.46298 3.14511 1.88768 2.42116 -0.173494 -0.826885 -0.0785124 -0.0328223 
3.01484 2.13503 1.95512 0.456925 2.43895 2.84643 1.62269 1.27347 -0.446777 -0.527879 0.00565479 0.0179047 
3.24989 2.42241 1.7235 1.63315 2.01483 2.00971 1.72693 0.576655 0.0138032 -0.229022 -0.240237 -0.026809 
3.35161 2.62934 2.40307 2.38759 2.33376 2.38072 1.58884 0.308258 0.124512 0.124677 -0.00679793 -0.00144279 
3.80853 2.76633 2.81156 2.14021 2.93634 3.34177 1.24668 -0.0811495 -0.0386561 -0.0721774 0.25125 0.0496203 
5.90816 1.39387 2.02491 0.988191 -1.78928 -3.22234 0.755161 0.494885 -0.112623 -0.319398 0.286789 0.146507 
3.52033 2.49987 3.53897 1.56369 -0.0502294 -1.67053 0.49297 0.505695 -0.576018 0.747925 0.105272 -0.017168 
0.093894 0.193413 3.42601 2.43693 -1.65649 -0.394192 1.12375 -0.430744 0.994583 -0.247703 0.083602 -0.0849811 
-1.88113 -0.614183 1.9239 0.591519 -1.55185 -1.43609 1.64745 0.299247 0.262596 -0.183324 -0.165244 -0.201723 
-2.52449 -1.85612 1.61504 -0.112354 -2.666 -1.50976 1.39415 0.369301 -1.11495 -0.273473 0.0353971 -0.0783499 
-2.7235 -1.17897 1.82754 0.644431 -1.74529 -2.14509 2.10365 0.605976 -0.290758 0.0291828 0.066724 -0.0950547 
-3.52865 -1.2359 2.55809 0.0921683 -1.29679 -2.01292 3.33281 0.794862 -0.601612 0.755931 -0.115567 -0.0916121 
-3.38205 -2.34838 2.435 0.545534 -1.27117 -1.81589 2.23816 -0.0342536 0.286793 -0.26089 0.259477 -0.0175399 
-4.04075 -2.24835 1.54356 1.17897 -1.1774 -1.28421 1.65738 0.906061 -0.275946 -0.456048 0.599091 -0.121899 
-4.94989 -2.5336 1.60147 0.788782 -1.83109 -0.60884 1.93894 0.723569 -0.0568461 -0.511967 0.307013 -0.0655123 
-4.19432 -2.31894 1.89742 1.33185 -2.43159 -0.665853 2.25158 0.492556 -0.075304 -0.203818 0.293514 -0.109783 
-4.17381 -2.27943 2.11918 1.16919 -2.24643 -1.01758 2.43826 0.0959516 0.520668 -0.127547 -0.0208417 -0.00473554 
-4.04537 -3.20204 1.26869 -0.0352211 -2.16571 -1.24943 3.42245 0.209334 0.273337 -0.0728345 -0.262594 -0.0303017 
