1.75438 -0.86536 0.743072 -0.847165 1.43258 -0.14587 0.0370843 -0.630819 0.237794 0.103384 0.318388 0.00999072 
1.82968 -0.732354 0.825479 -0.673522 1.02537 -0.738547 0.172169 -0.709468 -0.155174 -0.128706 0.28032 0.036814 
1.87554 -0.890318 0.62299 -0.479342 1.49628 -0.417575 -0.0025279 -0.253231 -0.0924494 -0.107814 0.0561603 -0.0345796 
2.02711 -0.574216 0.861651 -0.454349 1.11585 -0.51706 -0.290454 -0.589511 0.114915 0.0985806 0.121434 -0.0380017 
2.13861 -0.212373 1.11462 0.348708 1.82883 0.302846 0.20045 -0.111176 0.296993 -0.210478 0.289004 0.0634726 
0.849129 -0.737024 1.1142 0.181173 -0.616779 0.615889 0.290191 -0.800157 1.28154 -0.0282601 0.0585174 -0.0562072 
1.64487 -0.485119 0.809025 -0.806646 0.620419 0.341896 -0.103908 -1.28245 0.176841 0.463313 0.0995498 -0.0542009 
1.75784 -0.798415 1.37315 -0.629938 1.59237 -0.104921 -0.08815 0.0426514 0.0893009 -0.207214 0.424322 -0.0827308 
1.68176 -1.06303 1.01885 -0.0964423 0.820376 0.530438 0.350148 -0.112463 0.126354 -0.16071 0.207315 0.0160404 
1.91376 -0.506731 0.955257 -0.80862 1.64092 -0.303931 -0.0887565 -0.509885 -0.0241348 0.0190928 0.427914 -0.015563 
1.90422 -0.80336 0.861167 -0.349038 1.08122 0.270301 -0.712008 -0.976896 -0.270961 0.137709 0.33545 0.0168713 
2.03157 -0.71002 1.10279 -0.725065 1.36267 -0.428456 0.101914 -0.583551 -0.172411 0.282977 0.579717 0.021713 
1.99505 -0.69822 0.512214 -0.282315 1.29735 -1.15759 -0.390784 -1.24419 -0.0398069 0.367067 0.52205 0.0381687 
2.18432 -1.05019 0.832998 -0.630719 1.67291 -0.308217 0.161471 -0.791757 -0.0629985 0.159183 0.397402 0.0493441 
1.77187 -0.325965 0.761353 -0.936555 1.08623 -0.128272 -0.277841 -0.698992 -0.404024 0.0132042 0.565465 -0.0372664 
2.14377 -0.831501 1.05075 -1.05279 1.61705 0.16595 0.199322 -0.239308 -0.136868 0.178735 0.468508 0.0455179 
1.7209 -1.01978 1.52781 -0.626746 1.06052 -0.252835 -0.127328 -1.16456 -0.0893458 0.109197 0.674872 0.0403523 
1.93665 -0.621653 1.40026 -0.998659 0.803717 -0.147975 0.217585 -0.824835 -0.104146 0.0362766 0.459651 0.059647 
1.98034 -0.45877 0.883069 -0.668132 1.1475 -0.256214 0.276191 -0.727042 0.219968 0.535964 0.455632 0.0151698 
1.88029 -0.518019 1.14218 -0.686559 0.765816 0.140783 -0.00135784 -1.12896 -0.148104 0.248035 0.343027 0.050693 
2.34461 -1.15407 0.576869 -0.711361 0.892118 -0.0846589 -0.00507239 -0.723123 0.00844953 -0.150625 0.265719 0.0335686 
1.75858 -0.695519 0.264324 -0.00406145 0.851903 -0.736807 0.472207 -0.896914 -0.127243 0.422572 0.259663 -0.0156824 
1.94862 -0.802125 1.19635 -0.538864 0.841309 -0.0319176 0.342608 -0.645467 0.00117219 -0.160186 0.364215 0.0441834 
2.07327 -0.644566 1.30773 -0.921718 1.15439 -0.650269 0.0487952 -0.76608 -0.3326 -0.250906 0.345111 0.000886904 
1.81931 -0.772626 1.14068 -1.22216 0.954857 0.0924032 -0.257887 -0.26368 -0.358746 -0.415853 0.400853 -0.0351262 
1.68431 -0.970338 0.961797 -0.510641 1.767 -0.481501 -0.0419803 -0.727706 -0.239451 -0.133643 0.282135 0.0773415 
1.63328 -1.5253 0.908269 0.358602 0.75356 -0.211154 -0.0153593 -1.10509 0.049042 -0.00304904 0.213479 0.027247 
1.78912 -1.30643 1.35519 -0.124352 0.510846 -0.73 0.147522 -0.381891 0.212722 0.29231 0.0314423 -0.013995 
1.66227 -1.11049 0.462338 -0.380734 0.464363 0.0525058 0.152392 -1.06827 -0.0806499 0.198176 0.466089 -0.0295001 
1.96543 -0.441435 0.644443 0.0520283 1.19259 -1.08189 -0.075939 -0.477447 -0.365885 -0.0351371 0.458466 -0.00333509 
1.83112 -0.885293 0.816252 -0.650256 0.76259 -0.882541 0.272377 -0.952051 0.0514239 0.115875 0.125253 -0.0413264 
2.05458 -0.665539 0.71611 -0.0465706 1.54117 -0.324383 -0.207624 -0.973362 -0.162677 0.132758 0.361561 -0.029909 
1.98956 -0.887685 1.2115 -0.640991 1.05914 -0.109066 0.499388 -0.696543 0.0456519 0.0729291 0.457031 -0.028822 
1.85812 -0.900651 0.802159 -0.0882468 1.29104 -0.330381 -0.918634 -0.951306 0.143869 -0.421454 0.435505 -0.060597 
2.19371 -1.07549 0.834602 -0.411327 0.916734 -0.230135 -0.549423 -1.03824 0.0166055 0.0887854 0.224747 -0.00462009 
1.79013 -1.16623 0.687443 -0.0704267 0.856801 -1.2238 -0.306531 -0.484157 0.151636 0.102824 0.32464 0.0124734 
1.99858 -0.967204 0.756701 -0.608952 1.16624 -0.33868 -0.462743 -1.08626 0.160316 0.215818 0.318617 0.0576165 
1.91578 -0.573345 0.845772 -0.403932 0.959618 0.255403 -0.856055 -1.29517 0.16421 0.0313007 0.440871 0.0140327 
1.91519 -0.722005 0.675991 -0.0190033 0.999218 -0.823941 0.321886 -0.99659 0.0132799 -0.0688607 0.494205 0.0346871 
1.18221 -1.03356 1.26265 2.44685 -0.619321 -0.884342 1.93502 -0.717941 0.0332146 -0.418822 0.549864 -0.0465961 
-1.49197 -1.99971 1.94447 2.31323 -2.8424 -1.71738 2.49779 -0.62588 -1.10268 -0.236496 0.196899 -0.100049 
-4.25193 -1.35895 2.09655 2.12392 -1.8919 -2.55932 3.27771 -0.203913 -1.32489 0.00671574 0.577215 -0.239466 
-4.21402 -1.42097 2.19623 2.76026 -1.28553 -2.71977 2.03058 -0.090153 -0.790018 -0.279682 0.369337 -0.147675 
-4.66796 -1.21541 2.7048 2.40305 -1.74105 -2.51545 2.72908 -0.127715 -1.16587 -0.0542789 0.553604 -0.193884 
-5.50913 -2.03373 1.72188 1.97958 -1.702 -1.23256 2.72732 -0.534028 -1.18909 0.605664 0.0639508 -0.106569 
-4.25197 -1.41103 1.86651 1.16566 -0.619858 -2.13031 2.59596 -0.622635 -0.246653 -0.149801 -0.0171147 0.0267822 
-5.27588 -1.68682 1.72569 0.957235 -1.79371 -0.876092 2.61775 0.0799905 -0.0909683 -0.253237 0.263581 -0.120627 
-4.58857 -1.84868 1.31331 0.271755 -1.88066 -0.12059 2.18 1.21515 -0.795676 -0.444834 0.366281 -0.161674 
-3.69734 -1.83037 1.8678 -0.166348 -1.90283 -0.436262 2.04274 1.11836 -0.124688 -0.797829 0.573347 -0.171245 
-2.94225 -1.43873 1.394 0.339598 -2.30966 -0.290521 2.24852 1.14965 0.612373 -0.497074 0.0186921 -0.133811 
-0.277679 0.875873 3.22372 1.1135 0.248183 1.05556 3.18832 2.69234 0.721046 -0.39217 0.339406 -0.0306016 
1.61425 2.68063 4.06181 1.14248 1.34149 2.01615 3.8604 1.84418 0.356284 -0.818966 0.19694 -0.0332024 
2.29395 2.89811 3.81831 0.433153 1.71214 1.69937 3.79303 2.11017 -0.107692 -0.808693 0.0342173 -0.132572 
2.91374 1.60933 2.12157 0.239133 1.26777 1.99869 2.07949 1.51788 -0.542269 -0.377352 -0.118274 -0.0626028 
2.85612 1.59287 1.28538 0.461751 1.78872 1.92462 2.32538 1.29141 -0.427177 -0.386704 -0.324864 -0.0262293 
3.40334 1.47158 2.10866 -0.0321691 1.45434 2.62502 3.19707 0.204473 -0.661988 0.211266 -0.43047 -0.0394558 
2.99485 1.64385 1.73695 0.924033 1.44648 2.40321 2.61954 0.506055 -0.355036 0.179744 -0.0400002 0.0188356 
3.71159 2.42347 0.999318 -0.526441 2.17669 2.62054 2.82719 0.831986 -0.440572 0.140475 -0.457406 -0.0093041 
3.59515 2.36199 0.840704 0.123991 1.41595 2.27677 2.14159 1.01006 -0.348902 -0.456181 -0.306974 -0.060901 
3.1109 2.21428 1.38997 0.946244 1.21664 1.69521 1.67196 1.13005 0.208241 -0.343993 -0.333521 -0.0745199 
5.24309 3.17024 1.12786 0.197559 1.57891 3.21764 2.90193 0.85354 -0.165764 -0.176514 -0.367704 -0.0546847 
3.72777 4.53825 2.65856 -0.0466346 -1.86965 -1.31317 2.11795 0.223411 -0.271043 -0.00792423 0.456662 -0.146355 
-0.579819 1.40365 2.69074 1.80069 -1.52588 -1.86993 0.403563 -0.284214 0.0384683 -0.033514 0.0470832 -0.058072 
-2.53207 -0.534048 2.2517 1.12231 -0.868908 -0.564909 2.23632 0.096594 -0.7259 -0.178027 0.0257875 -0.175419 
-2.80161 -0.364896 2.68946 1.77581 -1.05252 -0.313276 2.57512 -0.107804 0.366511 -0.0716353 0.160305 -0.075493 
-2.9815 -0.420783 3.64036 1.9519 -0.387615 0.731184 3.34946 0.147287 -0.135823 -0.0622354 0.11714 -0.0810524 
-3.06518 -0.177669 3.1966 1.85702 -0.297103 1.1041 3.75771 0.132324 -0.662773 -0.0175367 0.0624125 -0.0709403 
-2.88611 -0.524587 2.72774 1.96271 -0.524794 0.165242 3.70544 0.0285111 -0.666852 0.138592 0.0183237 -0.0965389 
-3.42325 -1.47994 1.73389 1.68995 -1.39761 0.0761638 3.89302 0.269865 -0.461806 0.0963358 0.139862 -0.0552089 
-3.76515 -2.17166 0.901943 1.06467 -1.44092 0.209967 3.46076 0.606912 0.00958858 -0.298881 -0.0977508 -0.0917985 
-4.08331 -3.39834 1.14236 0.608516 -2.65982 -0.00392865 4.35128 0.0580621 -0.255133 -0.476247 -0.00693052 -0.0920699 
-3.48422 -2.39031 1.56663 1.07252 -1.66334 -0.983745 3.37936 -0.0124271 -0.416276 0.064648 -0.0556882 -0.0461537 
-4.04417 -2.83263 1.25925 1.21312 -2.22614 -0.857949 3.25518 0.601649 -0.182971 -0.169447 0.0819929 -0.108861 
-2.57654 -1.79306 1.38605 1.85199 -2.75344 -0.912414 3.98332 -0.0103741 -0.421082 -0.0492848 0.18487 -0.11555 
-1.28431 -0.699945 2.21475 2.01041 -1.90178 -0.446756 4.37659 0.865241 0.0877788 -0.348334 0.458124 -0.161393 
-1.5014 -1.23437 2.34192 0.17346 -1.55575 -1.0348 3.37704 0.270896 -0.40641 -0.219851 -0.16588 -0.10056 
-2.25007 -0.797564 4.19898 1.00763 -1.57551 -1.24627 3.53669 -1.25959 -0.537367 -0.343909 -0.225072 -0.0500779 
-1.57683 -2.05491 3.16139 1.27178 -2.33598 -1.2583 3.62288 -2.97666 -0.445809 -0.0766159 -0.0578161 -0.0258594 
-0.963127 -2.32113 3.66778 0.800704 -2.67353 -1.76917 3.6981 -1.94368 -0.161982 0.905632 -0.0305389 0.0156674 
0.0380585 -1.06605 2.77258 0.0591564 -0.432134 0.0492181 2.00586 -2.06297 0.295966 -0.402035 0.427143 0.166997 
1.37409 -0.587352 2.23843 0.64907 0.734319 -0.43798 1.76438 -1.88423 -0.0572261 0.0180455 0.566205 0.0665201 
1.78584 -0.374473 1.29391 -0.0835036 0.00598672 -0.121045 1.07075 -0.874713 -0.0913884 0.486981 0.851996 0.0340503 
2.18103 -0.269571 1.14927 0.412538 0.591787 -0.20214 0.363034 -0.831182 -0.346491 0.280923 0.707641 0.029538 
1.85421 0.0694997 0.440754 0.146391 0.494234 -1.27354 0.108491 -1.48146 -0.671555 0.336752 0.507361 0.0522714 
2.1782 0.327271 0.102673 -0.366627 1.04284 -0.655632 -0.883781 -1.34863 -0.0680615 -0.233883 0.303089 0.0405433 
