3.77241 -1.52003 -0.712363 -2.86641 -1.8621 -0.506783 1.58411 -1.24741 0.218998 1.21297 0.137582 -0.0210515 
2.2668 0.432107 2.02678 -2.11263 -1.75636 -1.30059 0.525425 -0.503432 0.194101 0.371535 0.352489 -0.117702 
1.97236 0.0874821 1.32448 -1.72825 -0.460639 -2.39565 -0.455579 0.218971 -0.667448 0.715863 0.817044 -0.182902 
2.24976 0.792408 0.922737 -1.30264 -0.908423 -0.797864 -0.396666 0.104691 0.581371 0.0252116 0.321801 -0.0851062 
1.82351 0.991457 1.52599 -0.659941 0.766927 -1.10796 -0.624812 -0.403675 0.355086 -0.58718 -0.0272371 -0.0577671 
1.66195 0.825381 1.10748 -0.620178 0.833931 -0.0551834 -0.381993 -0.230463 0.100262 -0.562945 0.0536279 -0.0491539 
1.98684 0.833276 1.15312 -0.572066 1.04053 0.0581519 -0.69931 -0.346082 -0.0811765 -0.587181 0.224114 -0.000665798 
1.66567 0.460887 0.77152 -0.219197 0.659748 0.31031 0.2327 -0.502208 -0.17794 -0.345812 0.0268546 0.0729774 
1.81408 1.00187 1.39758 -0.180552 1.1043 0.317902 0.86167 0.189626 0.469204 -0.370572 0.246696 0.0171431 
1.55699 0.431234 1.76321 -1.09588 0.9542 1.18328 0.678849 0.151959 -0.0908777 -0.955057 0.156693 0.0613885 
1.39398 0.376083 1.80762 -1.01512 0.879061 -0.100288 -0.00527588 -0.366261 0.53134 -0.671837 0.0491597 0.0405953 
1.58752 0.611231 1.53617 -0.601182 0.426084 0.313736 -0.353717 -0.0802697 0.0648445 -0.428905 0.2961 -0.039619 
1.52651 0.712149 1.19868 -0.425343 1.10048 -0.0728115 -0.215335 -0.201987 0.0988883 -0.333618 0.231367 -0.0029761 
1.41322 0.666893 1.37911 -0.859261 0.331743 0.12693 -0.397823 -0.0963094 0.139918 -0.344141 0.09379 0.0728843 
1.69981 0.774375 1.47533 -0.222225 1.25218 0.263233 0.686328 0.198042 -0.158805 0.235608 0.305671 -0.00986135 
1.60103 0.87732 1.18716 0.0292029 1.67249 0.150446 0.82436 -0.11915 0.0717225 -0.403765 0.070918 0.0623858 
1.4996 0.595572 1.19904 -1.00835 1.15099 0.560718 1.42895 -0.630931 -0.368158 -0.610844 0.197599 0.131799 
1.75685 0.282466 0.729232 -0.80446 1.44842 0.76897 0.616974 -0.584389 -0.0890399 -0.675033 0.201108 0.0550855 
1.41266 0.153584 1.05817 -1.25476 1.10697 1.2126 1.04939 -0.272025 -0.764793 -0.518727 0.18592 0.0572946 
1.67367 -0.664714 0.796103 -1.31793 1.24791 1.72867 -0.253548 -0.663062 -0.379414 -0.54828 0.613838 0.134191 
1.22591 -0.0735393 0.932122 -1.42913 1.22371 0.730264 0.650586 -0.943475 -0.326423 -0.308757 0.408319 0.00900221 
1.40661 -0.0127691 1.88674 -1.45829 0.984687 1.13828 0.710601 -0.133734 0.13104 -0.589068 0.346475 -0.0343836 
1.31261 0.254458 0.929445 -0.819106 0.231349 0.678945 0.134846 -0.335318 -0.0539907 -0.337545 0.0817035 -0.0119295 
1.53892 0.253154 2.17525 -0.667211 0.541381 0.0472838 0.906253 -0.406875 -0.621212 -0.413002 -0.150248 0.0521049 
0.272219 1.33548 1.6712 0.239428 2.27284 -2.22089 2.21729 -0.159569 -0.653596 -0.0531224 0.325436 0.0802234 
-1.88373 0.352141 2.27152 1.72017 0.655272 -5.3704 4.39639 0.101972 -0.72996 0.0805866 -0.000347133 0.0321343 
-2.42368 -2.3743 2.27409 0.412798 -0.555615 -3.1872 3.90402 0.546598 -1.35682 0.160257 -0.172192 0.0666961 
-3.66226 -2.73755 1.29282 -0.349807 0.841276 -1.81467 5.26956 0.693407 -1.63696 -0.451286 0.117271 0.0439308 
-3.76935 -2.65336 0.632921 -1.03216 0.0321435 -2.28571 3.51794 0.317358 -1.22585 -0.246099 0.449889 -0.204063 
-4.18969 -1.10266 1.55647 -2.1921 0.220169 -3.06384 4.22789 0.514115 -0.903953 0.655066 -0.254865 -0.037476 
-4.50995 -2.20548 2.16455 -2.16492 -0.448826 -2.53015 4.70924 -0.179542 -0.812001 0.296469 -0.0878717 -0.0989243 
-4.50628 -1.58511 1.97921 -2.4147 -0.404413 -1.51271 3.562 0.747079 -0.665643 0.508636 -0.183458 -0.178783 
-4.31625 -2.70617 0.862618 -3.72042 -0.788313 -1.86895 2.99294 0.596434 -0.00985023 0.545079 -0.652134 -0.0317724 
-2.49582 -2.30924 1.55403 -2.38218 -0.831372 -0.877941 3.29646 0.680572 -0.100362 0.770162 -0.598685 -0.073719 
2.04338 1.24801 2.82312 0.307534 0.583755 0.25705 3.53301 0.736818 0.0600474 0.380682 -0.284516 -0.0265971 
3.76606 -1.28503 -0.853047 1.70431 3.01982 0.986524 3.33786 1.27742 -0.436719 -0.256105 0.135385 0.0156176 
3.48691 -1.67481 -1.52187 2.13671 3.39133 1.66435 2.74501 1.57868 -0.649936 -0.572453 0.119242 0.0559676 
4.20736 -2.29832 -1.43685 2.30866 3.22121 1.82851 2.8855 1.61826 -0.736481 -0.760214 0.0783026 0.0860737 
4.60964 -2.5327 -1.48792 2.35486 2.22094 2.72763 3.29684 1.50883 -0.894874 -0.963745 0.157436 0.15531 
3.80015 -1.73292 -0.698417 1.93672 1.47894 2.22432 3.5276 1.05112 -0.462493 -0.907132 0.240196 0.117278 
4.12256 -0.851244 -0.675556 3.39784 1.37948 1.28536 2.67516 1.09837 -0.318928 -0.338312 0.163517 -0.016729 
5.97933 -1.27898 -1.84931 4.57493 0.231471 1.10371 2.13422 1.83174 0.00652382 -0.0133177 0.26028 0.0734888 
4.31691 -0.292197 -1.1675 2.51421 3.21662 1.5421 1.81213 1.64169 -0.259723 -0.494009 -0.0121388 0.125203 
4.30633 -0.0328539 -0.950068 2.46009 3.18084 1.5077 1.77597 1.76521 0.0260597 -0.348241 -0.109731 0.0909272 
3.93317 0.601231 -0.0238715 2.85538 3.30088 1.15877 0.989063 1.56141 0.458742 -0.2703 -0.11615 0.0750232 
3.4374 2.33112 0.902128 0.695294 4.78594 -0.486115 2.51341 1.03043 0.474765 0.197507 -0.341008 0.153407 
0.161853 0.374922 2.80236 0.587007 1.88158 -1.30727 3.16295 0.950586 -0.574602 0.521564 0.197752 0.100838 
-0.993164 -0.654982 3.68562 0.650453 -0.502246 -2.01513 2.60094 0.897867 -0.429163 1.19829 0.212768 0.0628752 
-1.64797 -1.07767 2.92414 0.779663 -0.251423 -2.85454 2.34343 1.53192 -0.365215 1.0461 0.380868 -0.0212864 
-2.09734 -1.55728 3.27022 1.33707 -2.39692 -3.01895 2.26138 0.330039 -0.415366 1.04682 0.231497 0.0678807 
-3.25971 -1.98449 2.42368 0.280007 -2.37254 -3.03204 3.72039 0.62292 -0.0317398 0.867487 0.103605 -0.018965 
-3.05865 -1.65384 2.59833 0.676248 -1.34509 -3.08947 4.92346 1.43748 -0.048133 0.83726 0.274571 -0.03882 
-2.51922 -1.37655 3.07386 0.661837 -1.07998 -2.4428 5.54646 1.15194 -0.208324 0.949053 0.175414 -0.072638 
-3.18919 -2.8435 2.11618 0.657936 -1.38857 -2.44353 4.00866 1.53035 0.244079 0.39758 -0.036288 0.0126864 
-2.57175 -2.51878 2.23237 0.570378 -1.43871 -2.56646 4.27495 0.7261 -0.314741 0.391849 0.0680415 -0.00860776 
-2.89134 -1.66976 2.18733 0.743069 -1.30241 -2.70151 4.76475 1.99595 0.344735 0.800398 0.037002 0.0349608 
-1.92167 -2.28385 1.44108 -0.742201 -1.8515 -3.47585 2.5191 0.49809 -0.761616 0.547194 -0.0465487 0.075914 
-2.06158 -3.02888 0.352891 -1.37285 -1.54229 -3.53636 2.19976 0.174706 -0.565159 0.0233562 0.272439 0.0986361 
-2.48225 -3.83806 -0.991606 -1.85395 -0.617138 -2.84482 1.72948 0.00029263 -1.31827 0.719759 0.582456 0.114198 
-1.05068 -3.11911 0.0135255 -1.51738 -2.01292 -2.31379 1.63951 -0.384406 -0.695594 0.476219 0.289138 0.159887 
-0.0614219 -0.093039 2.47624 -1.0937 -4.39298 -3.74244 -1.32314 0.0435503 -0.279153 -0.511164 0.313188 0.285301 
1.66149 0.50247 2.41729 -0.128657 -4.38737 -2.05388 -2.35921 -1.76534 0.00534356 -0.797783 0.590768 0.130847 
2.18015 0.0758485 3.16351 -0.714372 -1.73577 -1.77199 -0.629813 -1.89866 0.115754 -0.888296 0.311703 0.225037 
1.6258 0.138098 2.1499 -0.247351 0.45021 -0.0395923 0.0906762 -0.583319 -0.316692 -0.143873 0.354906 0.052802 
1.18339 0.237787 1.67297 0.00152854 -0.548336 -0.426313 0.403696 -0.341104 -0.357541 -0.199046 0.440802 0.0490916 
1.25552 0.61387 1.87167 -0.53343 0.0365777 0.116357 0.536837 -0.389346 0.164004 -0.279637 0.110743 0.0171038 
1.21992 0.504498 1.53056 -0.494134 0.251374 1.15983 0.0874291 -0.167756 -0.340077 -0.816804 0.383356 0.043798 
1.3176 0.17356 1.41917 0.267937 0.378882 0.685948 0.381331 0.0757367 0.0863494 -0.836174 0.297017 0.0734406 
1.4291 0.363403 1.18588 -0.436287 0.180366 1.22308 1.05135 -0.404635 -0.438751 -0.309188 0.109507 0.0328427 
1.4269 0.197111 1.09965 0.295086 0.78591 -0.152744 -0.442858 -0.366894 -0.316397 0.0996561 -0.006864 0.00105759 
1.47295 0.13253 0.859875 0.325368 0.730553 0.244195 0.184832 -0.184453 -0.15258 -0.131108 0.0796723 0.0226298 
1.40548 0.937242 1.14337 -0.186745 0.713709 0.0722268 0.926473 -0.59176 -0.0825205 -0.000427384 0.020809 0.0342497 
1.30132 0.60151 0.766666 0.0389082 0.236688 0.62334 0.698635 -0.0929277 -0.521211 -0.383771 -0.00749118 0.0106887 
1.16354 0.749632 1.44437 -0.375379 0.134145 0.800085 0.370942 -0.312697 -0.0532593 -0.191885 0.0851482 0.0368812 
1.45188 0.272182 1.46008 0.328551 0.405113 0.715619 -0.207828 0.0323523 0.0273494 -0.297796 0.210394 0.0107578 
1.51303 0.24769 1.57194 0.557055 0.108644 0.465074 0.317633 -0.0416888 0.172059 -0.244655 0.0659461 -0.000256536 
1.40906 0.856075 1.32466 -0.0400097 -0.0488967 -0.21411 0.616233 -0.232329 -0.305502 0.00376418 0.072269 0.00502961 
1.58239 0.497346 1.20823 0.277414 0.533369 -0.205325 0.530445 -0.119358 -0.285785 -0.297546 0.0287035 0.0567417 
1.60537 0.213355 1.37002 0.434266 -0.156528 0.998566 -0.0308322 -0.281054 0.235933 -0.118502 0.131699 0.062643 
1.56926 0.484243 1.54769 -0.0426449 1.26636 0.524064 0.178124 0.221999 -0.0686551 -0.370458 0.0297757 0.0551408 
0.856334 0.782777 1.43399 -0.683272 1.596 -0.551121 1.45552 0.0608979 -0.488601 0.261834 -0.0471135 0.0113344 
0.557193 0.286592 3.50353 1.34537 2.46838 -4.79165 -0.130586 -0.956952 -1.21022 0.758976 -0.776159 -0.153225 
1.04719 0.0415951 2.06597 -0.955163 2.64607 -2.81254 -0.82426 -0.0273693 -0.468222 0.477238 -0.645314 -0.000814597 
1.6686 0.408721 1.31776 0.422104 2.80665 -1.15489 -0.447838 -0.127448 0.374712 0.300027 -0.835682 0.0980115 
0.822299 1.45858 0.066854 0.843502 1.83769 -0.317469 -0.296477 -0.139314 1.55779 -0.683153 0.021209 0.0290116 
