-0.868532 1.59326 -2.193 -5.71357 3.16484 0.667015 1.18478 0.503055 0.553971 -0.00251802 0.199053 -0.139013 
2.32922 -0.655099 -0.665348 -4.28293 0.946368 1.59845 0.928121 1.4507 0.280613 -0.782583 0.116259 -0.160307 
3.25884 -0.481017 -1.02958 -2.70877 1.40298 1.96245 0.836843 0.264775 0.250602 -0.217891 0.0160634 -0.17925 
2.94757 -0.34681 -1.65887 -3.33463 -1.26513 0.62563 2.14803 2.09532 0.741517 -0.135374 -0.265291 -0.143976 
3.37295 -0.0764411 -1.5286 -3.94339 -1.64929 0.442143 2.61588 1.39683 1.20441 -0.0470856 -0.395237 -0.124205 
2.86377 -0.12884 -0.850363 -2.88309 -1.09854 0.0402026 2.79568 1.42614 0.759022 0.0134711 -0.346331 -0.113344 
2.47083 -0.0372611 -0.227564 -2.66113 -0.27998 0.21108 1.93912 0.965272 0.828017 -0.104042 -0.518658 -0.0800308 
2.40095 -0.149914 -0.138487 -2.34423 -0.153681 0.300912 1.10767 1.69838 0.795383 -0.395733 -0.243805 -0.149249 
1.92582 0.302006 1.14063 -1.88344 -0.125232 0.966752 1.18235 1.37346 1.10793 -0.178093 -0.412134 -0.0990745 
1.93348 -0.488114 1.03176 -2.28059 0.49036 0.631746 0.296949 0.921958 0.843009 -0.418535 -0.284704 -0.0741434 
1.99912 -0.356764 1.14347 -2.05765 0.904656 1.05538 0.322122 0.461455 0.654533 -0.534108 -0.0276439 -0.0207417 
1.96416 0.602471 1.58269 -1.14017 0.0471842 -0.453602 0.0930905 0.35632 0.419323 -0.870508 0.21553 0.0892222 
1.9027 0.391918 1.19534 -0.0986827 1.01344 0.2009 0.334211 -0.560407 -0.0911424 0.320283 -0.115707 0.0844548 
1.67696 0.201564 1.73712 -0.478841 0.614345 -0.0405161 0.111322 -0.8855 -0.179149 -0.182663 0.230311 0.072407 
1.79159 -0.175499 1.26841 -0.268011 0.552079 -1.0566 0.619705 -0.145478 -0.321688 0.200664 -0.415027 0.0328234 
1.6078 0.0803975 1.39042 0.0917216 0.715459 -1.11504 1.0046 0.612265 0.0586957 0.0250034 0.303303 0.0637094 
1.55768 -0.542149 1.14248 -0.827826 -0.133986 -0.687533 0.825135 0.395995 0.35648 -0.564924 0.0958469 0.0755262 
1.48029 0.327518 1.49392 -1.50918 0.602326 -0.206244 0.614961 -0.0151731 -0.137946 -0.27601 -0.104262 -0.0645876 
1.78506 0.0577498 1.06734 -0.917557 0.0262532 -0.411123 0.649175 0.294884 0.599214 -0.593806 -0.206707 -0.00869012 
1.27917 0.152228 1.83862 -0.479771 0.932902 -0.463398 0.983128 -0.0316612 0.463089 -0.416286 0.118224 0.0189996 
1.61302 0.117055 1.49368 -0.564632 1.04212 -0.308989 0.322205 -0.329557 0.441217 -0.12468 -0.0104812 0.0459655 
1.68655 0.175977 1.28061 -0.333702 0.366687 0.48717 0.19972 -0.245485 0.874522 -0.257257 0.158881 0.0880695 
1.77644 0.43409 1.41598 -0.102947 0.432043 -0.435544 0.750799 -0.271702 0.490255 0.068356 0.0865814 0.0892688 
1.87921 -0.106383 0.955428 -0.379007 -0.340678 -1.18809 2.02125 0.939657 0.375742 -0.0856662 0.184851 -0.0299651 
2.11426 -1.65372 1.90756 1.0147 -2.73165 -2.55049 2.16082 2.16092 -0.519598 -0.24982 -0.0828024 -0.121674 
0.628636 -2.50699 0.3958 -0.497996 -2.19449 -1.27346 2.80374 2.26165 -0.6889 0.0938349 -0.139634 0.0167584 
-1.87222 -2.53727 -0.911005 -0.921611 -2.66402 -2.39593 2.97036 1.58647 -0.343376 -0.272883 -0.0635108 -0.0752935 
-2.54358 -2.57017 -0.182771 -1.18774 -2.3126 -2.00342 3.42265 0.490533 -1.12008 0.0630468 -0.0981353 0.0502945 
-3.52791 -2.77813 0.859266 -0.403153 -2.5622 -2.33703 2.53149 1.76812 -0.616229 0.427242 -0.280698 -0.0628886 
-3.16753 -2.30056 0.238949 0.199596 -2.4414 -2.16063 3.00133 1.55322 -0.624071 -0.409071 0.0121901 -0.0180964 
-3.72915 -2.80178 -0.0928934 -0.526639 -2.26254 -2.755 3.91581 1.23208 -1.2478 0.241149 0.0248229 -0.0640721 
-3.52924 -2.39455 1.614 -0.388308 -1.97715 -1.48416 3.30292 1.01903 -1.33496 0.340665 0.056274 -0.155946 
-3.71481 -2.69487 1.53303 -1.08579 -2.16211 -1.0898 2.74777 0.352159 -1.11685 0.726638 -0.252368 -0.0812847 
-3.33986 -2.19318 1.75972 -1.24529 -1.96 -0.812019 3.0403 0.135254 0.219015 0.592349 -0.557313 -0.0139441 
-3.16998 -2.28402 1.18729 -1.99474 -0.953698 -0.973931 2.90602 0.127186 -0.418693 0.266247 -0.641172 0.0423009 
-2.17883 -2.18313 0.468507 -2.36215 -0.746418 -1.41223 2.59935 1.9466 -0.315875 0.541194 -0.203385 -0.117636 
0.242899 -0.158735 2.40316 0.138642 -0.0198736 -0.156616 3.89626 1.61933 0.307833 0.471941 -0.130665 -0.0819728 
3.20872 -0.449611 0.0119822 1.59132 1.54133 1.29601 3.71619 1.76016 -0.267588 0.0506682 0.225207 -0.0676429 
4.12106 -1.04943 -1.05074 3.45093 0.58826 1.1036 3.52812 1.32777 -0.0516587 -0.631107 0.240441 -0.0352497 
4.26683 -1.31143 -1.15851 2.87392 1.46125 1.26631 3.1856 1.54817 -0.227894 -0.852314 0.0749026 0.0477498 
4.37758 -2.26424 -1.75166 3.26399 1.00408 2.27211 3.90798 1.16878 -0.294086 -1.04212 0.0717085 0.0751004 
4.79332 -2.05607 -2.62605 4.1416 -0.999639 2.21114 4.71266 1.4752 -0.552305 -0.963299 0.277041 -0.0581107 
4.61876 -1.28903 -1.11559 2.92215 -0.553425 2.04753 4.43559 1.24533 -0.239336 -0.296891 0.488568 -0.01569 
4.16259 -0.120973 -1.31025 2.36587 2.56604 0.970357 2.04444 1.43576 -0.211312 -0.527419 0.186728 0.125867 
5.73647 -0.475276 -0.913839 3.31041 3.41252 1.91785 2.08255 1.82296 -0.72618 -0.522651 0.226244 0.197577 
4.25829 0.414275 -0.853449 1.76218 3.43015 2.7183 2.14438 1.51512 0.252041 0.0223506 0.236674 0.172646 
3.76965 0.678552 -0.696209 1.61136 3.3573 2.36665 1.60725 1.75007 0.786172 -0.317788 0.0471275 0.125894 
5.11689 2.98929 0.245645 -0.994262 0.829975 -1.05613 0.571239 1.01347 0.184684 0.136522 0.0210536 0.0861115 
1.94279 0.545539 4.14624 0.0502727 0.0351926 -0.00917216 2.8355 0.444542 -0.292655 0.767098 -0.0143235 0.0118364 
-0.818192 0.0733604 3.17333 -0.754958 -0.713118 0.0818292 2.00228 0.622802 -0.493478 1.05828 0.0416516 -0.0111532 
-1.71312 -1.24097 3.19026 -0.310702 -0.657564 -0.374684 3.11554 1.29516 -0.52984 0.755443 -0.303682 -0.021463 
-2.78618 -1.88838 1.69516 -1.12762 -2.48778 -1.84578 1.62063 1.06997 -0.585021 0.195208 -0.196863 -0.0956486 
-3.79369 -1.96056 2.03345 -0.84245 -1.32287 -2.26326 0.85213 1.53198 -0.0329526 0.0388838 -0.0274485 0.045773 
-3.29453 -1.48284 3.18336 -0.334617 -0.823142 -0.982198 1.91887 1.6892 0.812 0.270132 -0.0510008 0.0972289 
-3.30851 -1.165 3.28727 -0.148258 -0.0748899 -0.574798 1.85482 1.89379 0.273975 0.536346 -0.156484 0.143922 
-3.62286 -1.85345 3.12579 -0.733548 0.0352429 -0.202958 1.88616 1.8316 0.480915 0.242887 -0.289112 0.0823133 
-4.04678 -1.99597 1.78006 -0.766876 -0.738111 -0.828228 2.15678 1.32697 -0.0596951 0.133738 -0.444482 0.0244407 
-3.46469 -1.81187 2.29467 -1.20732 -0.661478 -0.880282 1.81176 0.57654 0.119748 0.111757 -0.207174 0.0612413 
-3.45922 -1.90841 1.45587 -1.79497 -0.0757064 -1.43816 2.29732 1.01017 -0.157468 0.14331 -0.392171 0.0306114 
-2.4165 -0.547104 1.93159 -1.77537 0.473454 -0.0382545 2.94399 1.54732 -0.190677 0.450628 -0.152571 -0.0292664 
-0.963145 -0.284675 1.87389 -1.52156 -0.688221 -0.436414 2.31979 1.19875 -0.240862 0.330159 0.291674 0.0803292 
-0.356239 1.14083 2.48055 -1.06891 -1.13305 -1.12405 0.182067 -0.281968 0.157429 -0.121408 0.18589 0.168324 
-0.600552 1.56201 2.28279 -1.05067 0.146514 -0.856614 -0.428349 -0.790376 2.15506 -0.227099 0.107304 0.193408 
-0.952155 2.00928 4.20384 -0.464753 0.382077 -0.864314 -0.946255 -2.03769 1.35084 -0.763245 -0.0704386 0.230779 
0.213235 2.13888 3.94129 -1.51405 -0.394926 -0.58631 -0.888653 -2.06412 0.713376 -0.818599 -0.0386788 0.2606 
1.79559 0.717575 3.1966 -1.11743 -0.938307 -0.673449 -1.79606 -2.20636 0.242584 -0.884731 0.320522 0.156402 
1.94039 0.67573 1.8909 -0.974819 -1.61804 -1.1547 -0.792686 -2.23768 -0.525826 -0.81442 0.284312 0.000165533 
1.6607 0.817525 2.07569 -0.505282 0.0729747 -1.59865 -0.0911809 -0.89188 -1.02071 -0.385669 0.347903 0.152726 
1.91331 1.23826 2.27176 -0.450537 -1.04669 -1.31881 -0.671314 -1.75829 -1.04246 -0.351901 0.449528 0.032702 
1.81953 1.04139 1.59911 0.758531 -0.243498 -0.492717 -0.469791 -1.43767 -0.976863 -1.32596 0.0315355 -0.0623867 
1.6465 1.09225 1.65904 0.555996 0.684679 -0.234044 0.0208771 -0.542665 -0.955801 -0.982226 -0.381762 0.0362023 
2.12856 1.82271 2.44913 0.193179 0.308541 -0.740709 0.528719 -1.7764 -1.56314 -0.92894 -0.0317027 -0.112519 
2.15956 1.35773 1.58753 0.939086 0.0263339 0.0630831 -1.01997 -1.46702 -1.00269 -0.957857 -0.237444 -0.0592392 
1.96885 0.953954 1.59124 0.165633 -0.165083 -1.11361 -0.711093 -0.777818 -0.864065 -0.534655 -0.0162606 -0.0125874 
2.28646 1.14362 1.46567 0.501101 -0.239356 -1.01356 -1.05603 -1.61305 -1.31077 -0.703332 -0.0539953 -0.0935255 
2.50954 1.82648 1.97435 0.544486 -0.168564 -1.10616 -0.461199 -1.57844 -1.2306 -0.848727 -0.329672 -0.103945 
2.34642 1.57637 1.54579 0.582805 0.0924471 -0.802522 -0.189939 -1.47094 -1.55295 -0.840955 -0.312116 -0.10358 
1.92347 1.56533 1.21929 0.523265 0.758013 0.191559 -1.13521 -1.63372 -0.774772 -1.00267 -0.370732 -0.0888515 
2.13794 1.11647 1.84855 0.60553 1.08905 -0.431013 -0.529676 -1.09787 -1.60603 -0.697709 -0.252824 -0.0655699 
2.05591 1.40568 1.71717 -0.421257 0.543733 -0.766717 -0.943995 -2.03332 -0.937326 -0.874929 -0.282211 -0.0908908 
2.31636 1.00463 2.4165 0.354323 0.185492 -0.0340277 -1.23565 -1.04945 -0.968092 -1.22275 -0.0654253 -0.0809354 
2.37632 1.5971 0.905681 0.0988116 -0.204951 -0.733296 -0.983847 -1.65047 -0.305291 -1.10042 -0.374929 -0.13257 
2.42636 1.48941 1.79981 0.510612 -0.156149 -0.718688 -1.38386 -1.32835 -0.688946 -0.814739 -0.475889 -0.109875 
3.15374 2.53758 1.97377 0.591994 0.481431 -1.27222 -0.952056 -1.78663 -1.06378 -1.07594 -0.262843 -0.120754 
2.99855 2.25321 1.9327 0.765349 0.00697941 -1.05662 -0.646149 -1.53443 -0.879028 -0.703283 -0.498661 -0.120452 
