2.4324 -3.79398 -1.70636 -0.00611676 -0.169905 0.982933 2.04009 -1.39164 -0.927777 0.13511 0.278805 -0.114141 
3.09444 -2.59314 -0.722288 -2.51637 0.984729 1.5819 1.13836 -0.784351 -1.74342 0.693806 0.00382684 -0.287825 
2.08151 -1.8588 -0.548079 -0.48881 1.65125 0.943547 0.204585 -1.20047 -1.11129 0.993609 0.403752 -0.0907572 
1.43991 -1.58873 -0.358743 -2.26404 2.8443 0.294679 -0.668031 -0.205719 -1.23902 0.711869 0.570085 -0.150533 
2.0307 -1.41758 -0.316463 -2.65759 2.91044 1.43796 -1.08731 -0.0155148 -1.2352 0.55275 0.513152 -0.196098 
1.65087 -1.12927 0.408458 -1.53389 2.31817 1.12452 -1.81844 -0.63811 -1.24971 0.765035 0.621948 -0.107731 
1.85668 -0.813355 0.0483841 -1.76187 2.16818 1.1287 -1.19453 -0.76265 -0.76855 0.827252 0.519943 -0.0715966 
1.82519 -1.30228 0.651403 -2.57962 3.11064 0.886975 -1.59088 -0.259401 -1.10572 0.694131 0.682811 -0.131653 
1.34043 -0.447688 0.139036 -1.63383 2.97403 0.409304 -1.22422 0.082931 -1.03214 0.794741 0.852273 -0.134648 
1.76227 -1.1834 0.863756 -1.96922 2.86001 0.920968 -1.63311 -0.317664 -1.2977 0.646308 0.663055 -0.173103 
1.6681 -0.95964 0.580523 -1.90881 3.13863 0.163449 -0.825468 -0.240567 -1.05142 0.604782 0.710253 -0.135664 
1.94232 -0.907015 0.861874 -1.50745 2.91412 0.829338 -0.912108 -0.203735 -0.892627 0.763515 0.730666 -0.10965 
1.66017 -1.0752 0.613927 -1.19474 3.36137 0.576093 -1.06517 -0.331585 -0.936765 0.638763 0.669733 -0.0725256 
2.04107 -0.929211 0.888052 -1.41144 3.33071 1.19137 -1.35125 -0.395837 -0.63908 0.847268 0.748289 -0.0272675 
1.66088 -0.837853 0.569722 -1.01948 3.16955 0.323454 -1.08541 -0.18625 -0.973356 0.697311 0.798295 -0.065431 
1.46616 -0.183541 0.658698 -1.82455 2.00913 0.0878122 -0.526655 -0.793212 -0.846242 0.58682 0.680745 -0.155336 
1.94299 -0.950045 1.06556 -1.38831 2.08968 -0.10443 -0.665215 -0.119265 -0.811552 0.642082 0.908947 -0.0641913 
2.01505 -0.966742 0.843967 -1.54423 1.85328 0.0493154 -0.578921 -0.478444 -0.745955 0.581862 0.608519 -0.0732497 
2.32379 -0.271514 1.28539 -1.689 1.67167 0.0396101 -0.80216 -0.748427 -0.602616 0.758729 0.61062 -0.0561257 
2.00451 -0.733129 0.627496 -0.99375 1.56252 0.195792 0.429942 -0.983787 0.15443 0.126228 0.414071 -0.000874563 
1.84421 -0.42426 0.600107 -1.32655 1.3832 0.439142 -0.320409 -0.575987 -0.382944 0.273098 0.394493 -0.0572086 
2.29434 -0.217979 0.684255 -0.656834 1.76341 -0.403542 0.648025 -0.640131 -0.108443 0.19584 0.63554 0.0373629 
2.07352 -0.645077 0.891348 -0.830339 2.46228 0.186229 0.685565 -0.562934 -0.0169608 0.489935 0.332091 0.0214926 
2.0034 -0.696298 1.27857 -0.322119 0.819024 0.595649 -0.145847 -1.13655 0.17235 0.336601 0.392002 -0.0153611 
1.82596 -0.688622 1.00494 -0.768367 1.17401 -0.22384 0.587933 -1.26591 -0.11391 0.353853 0.256775 -0.00099871 
1.78647 -0.586586 1.05816 -0.930502 0.991821 -0.0614571 -0.00525613 -0.815354 -0.0461309 -0.203544 0.300717 0.0355766 
1.91944 -0.664886 1.18598 -0.474704 0.881031 -0.125779 0.519256 -0.488189 0.515207 -0.103782 0.467111 0.114661 
1.94966 -0.792441 1.05074 -0.104438 1.17323 -0.343707 0.0881216 -0.660865 0.0780617 0.0307335 0.329067 -0.0170079 
1.72015 -0.246923 0.759398 -0.478888 0.874043 0.341393 0.498714 -0.0612195 0.415067 -0.0142926 0.337671 -0.0180151 
0.107591 -0.293084 1.14028 2.08081 1.19016 -2.05965 0.935179 2.45628 -0.924878 0.165969 -0.181056 -0.0362871 
-1.21412 -1.22533 2.07657 1.10644 -0.0604995 -2.43711 3.18661 2.36973 -1.1523 -0.170861 -0.311527 -0.0825808 
-1.1996 -1.27412 0.832691 0.867502 -0.74252 -2.18259 3.51308 1.64502 -0.719831 -0.048138 -0.276383 -0.121325 
-2.25183 -2.26443 -0.0676059 -1.12195 -1.03167 -1.31236 2.59208 1.42345 -1.03798 0.363277 -0.238333 -0.109659 
-3.24242 -2.81838 0.02279 -0.794662 -1.31607 -3.31829 3.1004 1.03897 -0.492322 0.230964 -0.208339 0.0231097 
-2.84604 -1.45031 2.0513 -1.03713 -1.46787 -1.27451 3.19564 0.304074 -1.18333 0.150288 0.13159 -0.16156 
-5.02119 -1.97896 0.643424 -3.33317 -2.37411 -0.970088 2.95208 0.475126 -0.559064 0.699326 -0.137966 -0.205736 
-4.0278 -0.776509 0.793451 -2.24696 -0.642684 -1.16638 2.53588 -0.147224 0.258846 0.265574 -0.501107 0.0502271 
-3.51924 -2.31314 1.20133 -3.8626 -1.35072 -1.8764 2.466 0.210936 -0.281346 0.107119 -0.197809 0.00633635 
-2.55578 -0.390904 1.46756 -2.39752 -1.01855 -1.00103 2.47273 0.106765 -0.286309 0.292987 -0.424779 -0.0919984 
-2.18431 -1.31847 0.411932 -2.92056 -0.922935 -1.48761 2.63616 1.4144 -0.420575 0.290805 -0.113052 -0.0372789 
-1.91901 -1.23628 -0.120794 -2.52649 -0.468192 -0.328568 3.05512 2.03372 -0.0693227 -0.00141957 -0.141851 -0.0242587 
1.31963 0.84664 2.45477 0.224315 1.84202 1.25313 3.29068 1.78752 0.301514 0.0547933 0.157518 -0.043897 
3.09681 -0.477637 -0.138236 1.78031 1.15449 1.97146 3.49012 1.5394 -0.31629 -0.218982 0.32155 -0.0425404 
4.28484 -1.84337 -0.25073 2.5121 0.871508 2.00834 3.69015 1.41334 -0.546971 -0.565431 0.210922 0.0361627 
4.99588 -2.27648 -1.86675 3.85172 -0.132458 2.2419 4.25157 1.56194 -0.642749 -0.710733 0.0958998 0.0152136 
3.32383 -0.773231 -0.593586 1.48701 1.66243 2.47373 3.03489 1.35391 -0.44771 -0.728878 0.25608 0.0622794 
3.97053 -0.689224 0.220502 2.06204 0.517835 1.91473 2.92847 0.894881 -0.129705 -0.181125 0.407737 0.0449142 
5.15163 -0.297417 -0.571764 2.07069 1.32108 1.64499 2.87149 1.34524 -0.536154 -0.259261 0.184481 0.0306391 
7.04119 -0.743981 0.0687332 3.20475 2.47381 2.62126 2.98798 1.24496 -0.643581 -0.352184 0.23816 0.106938 
5.50414 0.772665 -0.351228 2.99428 3.61609 1.68237 2.44356 2.23207 -0.40767 -0.4085 0.128967 0.247304 
5.12783 0.14162 -0.914501 2.2785 2.8059 1.99672 2.88574 2.21906 -0.0868823 -0.103383 0.432003 0.263709 
4.34781 0.0819131 0.206076 2.76912 3.54056 3.04189 2.8627 1.2394 -0.607714 0.201827 0.558618 0.244046 
4.61024 1.93356 0.834154 1.84588 1.73953 -0.60598 1.47395 0.748552 -0.998333 -0.182183 0.885621 0.380703 
0.936556 1.13249 4.46009 0.646973 2.20526 0.215417 1.42771 1.05877 -0.195921 0.899487 0.179604 -0.01636 
-1.13761 -0.23581 2.79293 0.276635 0.0784863 0.26339 1.72309 0.811407 -0.586134 0.391791 -0.0785271 -0.139127 
-2.33708 -1.27139 2.256 -0.77439 -1.61373 -1.06667 1.70166 1.07109 -0.427836 -0.0797032 -0.0493058 -0.0907399 
-2.81112 -1.11713 2.332 0.197596 0.0962075 -1.08879 1.90701 1.4037 -0.361282 0.354227 0.128366 -0.0108722 
-2.79989 -1.20561 2.59682 -0.0797373 0.0240538 -1.2646 2.52182 1.82651 0.128135 0.35753 0.117096 -0.028409 
-3.67039 -1.70226 2.60119 0.699132 0.341231 -0.879181 2.54765 1.84249 -0.449676 0.236091 0.180305 0.0327414 
-3.95607 -1.90996 2.61165 0.299493 0.0326686 -0.979547 1.87688 1.55217 -1.07702 0.251726 0.433247 -0.115098 
-3.43555 -1.4842 2.36669 -0.300045 0.0697845 -2.16624 1.3386 1.00845 -1.21929 0.407025 0.376434 -0.124654 
-5.26819 -1.48797 1.45484 0.945739 -1.4282 -1.63729 2.21554 1.91711 -1.18304 0.158588 0.227042 -0.0646173 
-4.38752 -2.4949 0.804219 0.995815 -1.13981 -3.22844 3.03067 1.79764 -0.515826 -0.00801051 -0.0737817 0.0787145 
-3.60142 -1.90309 0.490093 1.06585 -0.438011 -1.865 3.39944 1.55766 0.00541035 -0.183104 0.100016 -0.0235804 
-2.65881 -0.890401 1.86235 1.15254 -0.207243 -0.563894 5.32768 0.856438 -0.246394 0.0153882 -0.0312425 0.0631458 
-1.54126 -1.62563 1.47131 0.869599 -1.29077 -0.803072 4.32952 0.827422 -0.166244 0.219164 0.128666 0.0335552 
-1.6335 -0.821175 1.15041 -0.313353 -3.47135 -1.89775 1.5295 -0.751568 0.197137 -0.852596 0.0394557 0.0829714 
-2.00638 -1.4351 1.64259 2.00994 -2.59707 -2.13899 1.52238 -1.07645 0.530912 -0.166544 0.404254 0.0646772 
-2.62752 -0.0915656 2.66096 2.78521 -2.60827 -0.751574 2.2284 -1.43624 1.31713 -0.123031 0.303572 0.0750758 
-1.63095 0.253003 0.210731 1.30262 -1.68484 0.00771863 2.01437 -1.64474 0.824496 -1.20847 -0.145033 -0.0301206 
0.0874745 0.508232 0.196571 1.58602 -0.616233 -0.269778 2.75955 -1.11554 0.311702 -0.462159 0.538068 -0.063857 
0.688994 -0.0647276 0.401287 1.05333 0.969839 0.219124 1.90685 -1.00394 0.774775 -0.36047 0.59825 -0.00095188 
1.4992 0.0915947 0.511258 0.44469 0.794742 0.887899 1.66642 -0.591653 0.128846 -0.732471 0.58876 0.101241 
1.25882 -0.072809 0.9108 0.172953 0.862592 -0.0349656 0.689457 -1.30219 -0.246095 -0.133729 0.579395 0.0268604 
1.81861 -0.0357356 0.596943 -0.0582027 0.843609 -0.061875 0.29456 -1.00458 -0.126964 0.137147 0.693082 0.0507467 
1.88204 0.0939276 0.715649 -0.0298093 1.41633 0.391093 0.107099 -0.651224 0.212559 0.414082 0.470866 0.0789476 
1.78726 -0.0574314 0.604671 0.0785164 1.06217 -0.217275 -0.410856 -0.577425 -0.453843 0.155844 0.392742 -0.0444858 
1.82076 -0.225544 0.182033 -0.198278 0.934592 0.101108 0.744425 -0.59301 -0.24375 0.0176721 0.259053 0.00151442 
1.80783 -0.0996453 0.603215 -0.00893094 0.542271 0.420869 -0.0546467 -0.431632 -0.0636083 -0.173919 0.389124 -0.085249 
1.88752 0.0064889 0.00669795 -0.156914 0.946471 -0.0982478 -0.616759 -0.458322 -0.290939 0.0482643 0.437761 0.0152763 
2.03758 0.0411554 0.180716 -0.498656 1.23109 -0.022844 -0.612247 -0.571591 0.263081 -0.132869 0.0538648 0.0134941 
2.1016 0.417705 0.49048 -0.581778 0.507738 0.636871 -0.16951 -0.737959 0.0475878 0.217364 0.261723 -0.00912427 
1.9084 -0.131169 0.410524 -0.194881 1.06215 0.591253 -0.134285 -0.616411 0.289484 -0.320152 0.464929 0.0405552 
2.10304 -0.246397 0.210433 -0.346804 0.540022 -0.426291 -0.454006 -0.463347 0.135482 0.347437 0.459516 0.000879672 
2.16945 0.128852 0.0791312 -0.928578 0.589999 0.416682 -0.540117 -0.199532 -0.145111 0.510712 0.134694 -0.0384859 
