2.72984 -0.460853 -0.239635 -2.73632 -0.481332 -0.236951 1.22735 1.07875 1.31118 0.105009 -0.429679 -0.106023 
2.73199 -0.135516 -0.264209 -2.68939 -0.277054 0.0124693 1.49847 1.33781 0.819877 -0.351048 -0.25978 -0.118056 
0.365888 2.44931 -3.63563 0.735103 -2.35666 0.730774 1.93477 0.173499 0.824158 -0.678063 0.00411009 -0.299938 
0.821252 1.56896 -2.78121 -0.74498 -1.67406 1.3424 1.04854 0.676015 1.15436 -0.438447 -0.00903391 -0.277482 
0.724611 0.75641 -2.66793 -0.0936414 -0.912912 0.255596 0.962088 0.791025 1.30593 -0.747861 0.105059 -0.221315 
1.33696 0.880298 -1.53835 -0.0377855 -1.42813 1.92235 1.09053 1.50838 0.445409 -0.581431 0.186342 -0.248026 
1.32673 1.04071 -2.64258 -1.33822 -1.33289 1.73976 0.483596 1.61387 0.600782 -0.930121 0.0873026 -0.283611 
1.71901 0.830046 -1.90373 -1.28086 -1.30083 0.894119 1.23763 0.954533 0.270545 -0.528701 -0.172757 -0.214424 
1.35205 0.705438 -0.872331 0.400719 -0.579456 1.17322 0.820189 0.655043 0.14501 -0.536995 0.419167 -0.122158 
1.37587 0.260725 -1.22965 -0.605009 -0.446032 0.654001 0.792408 0.758173 0.550854 -0.384796 0.0709933 -0.0199377 
1.58306 0.43015 -0.321592 -1.01625 -0.236177 0.482952 0.290782 0.11544 0.298587 -0.15334 0.304839 -0.153342 
1.67576 -0.00731247 -0.894461 -0.154572 0.00923668 0.438605 0.665668 0.675603 -0.0131785 0.0766114 0.354042 -0.0514802 
1.7777 -0.305329 0.00653946 -1.68509 0.994898 -0.0941041 0.229992 0.813695 -0.288387 0.18164 0.061215 -0.0625378 
2.26721 -0.108395 0.135519 -2.0382 0.305427 -0.191163 0.349595 -0.034661 0.456721 -0.066918 0.473477 0.0251009 
1.73249 -0.332009 0.661018 -0.720966 0.375447 0.714828 0.830759 -0.732832 0.0695564 0.00865353 0.290184 -0.0528389 
2.14512 -0.643888 1.67569 -0.501427 0.976319 0.110333 0.430338 0.176001 0.208922 0.247578 0.435984 -0.0261001 
1.82287 -0.0657933 0.94085 -0.874392 0.688451 0.0206533 0.429455 0.122607 0.0868392 -0.267296 0.361178 0.0287521 
1.58163 0.109394 1.32461 0.0980008 1.30287 0.186987 0.13685 -0.420785 0.592044 -0.0691083 0.220634 0.00711229 
2.09578 -0.375752 1.04534 -0.802779 1.19394 0.155593 -0.180437 -0.199802 -0.121392 0.106947 0.279656 -0.0301058 
1.6768 -0.251594 0.629131 -0.620883 1.28512 -0.553161 0.364101 -0.375297 0.0742972 -0.260798 0.285319 0.0319617 
1.87734 -0.246056 1.06682 -0.921747 0.472171 -0.456371 0.762325 -0.492916 0.0588845 -0.0968794 0.317058 0.0842314 
-0.229226 -0.891415 0.0703646 3.14322 -1.55326 -0.764416 1.49732 0.987122 -0.0409918 -1.05624 0.592171 -0.0839452 
-2.1783 -0.831674 1.34561 1.36559 -1.63403 -1.87305 1.96518 1.78469 -1.28989 -1.00489 0.365069 -0.191558 
-2.79303 -2.02758 1.1774 1.80087 -1.70268 -3.0171 0.523631 0.999614 -1.34247 -0.526989 0.527491 -0.0533475 
-3.75874 -2.97601 0.107454 0.880759 -0.366318 -1.03853 2.32408 1.245 -0.867491 -0.580473 0.230282 -0.0580474 
-3.07276 -1.66403 0.57856 1.6074 -1.69061 -1.82568 2.31541 1.20663 -0.986779 -0.267067 0.130197 -0.137913 
-3.78036 -1.90605 0.289499 1.5613 -0.469633 -2.76833 2.42844 1.26638 -0.677405 -0.00625767 0.288201 -0.210967 
-4.1111 -2.3536 0.68731 0.70533 -0.201845 -1.39572 1.69469 1.06009 -0.457738 0.0573436 -0.110448 -0.0764845 
-4.63063 -2.81377 0.270042 0.56036 -1.79077 -1.00272 2.47587 1.28193 0.32717 -0.883621 0.160592 -0.1301 
-3.97799 -1.78257 0.884551 -0.579814 -1.0804 -0.837559 2.36516 1.36946 -0.501957 -0.647948 0.121957 -0.0778323 
-3.46169 -1.04762 0.829649 -0.936064 -1.74096 -0.668667 2.22908 1.49899 -0.0178893 -0.629787 0.217641 -0.179068 
-2.74343 -0.942864 0.794395 -1.09968 -0.987391 -0.510538 1.75249 1.67291 -0.0263091 -0.320522 0.19899 -0.171321 
-2.59061 -0.545085 0.866716 -1.35919 -1.52429 -0.494692 2.59132 1.94676 0.00280434 -0.0499628 0.0492275 -0.139387 
0.872913 1.20533 2.88948 0.432094 0.401401 0.0269926 3.69886 2.91631 0.229408 0.411417 0.271466 -0.142263 
3.43485 -0.336292 -0.781489 1.65077 0.871398 1.46635 2.99583 2.21066 0.304867 -0.338566 0.203177 -0.07098 
3.85941 -0.555151 -1.60055 2.18676 1.13974 1.39437 2.47758 2.18108 -0.160781 -0.597687 0.00613746 -0.0140594 
5.4066 -1.65967 -1.50425 1.83625 2.14422 0.645199 2.99981 1.87809 -0.144632 -0.895289 -0.146037 0.0524306 
6.06646 -2.51274 -2.42256 3.11968 0.966543 1.43546 3.62605 2.26039 -0.26519 -0.969825 -0.059044 0.0736334 
6.38635 -2.72579 -1.83864 2.84847 0.0589828 1.73988 4.09512 2.37513 -0.494806 -0.605654 0.130279 0.0567514 
4.38237 0.136711 -0.528964 1.29179 1.60346 1.70157 2.97106 1.6581 -0.191394 -0.141055 0.181288 0.0345985 
3.77459 0.6041 -0.338131 0.930666 1.01509 1.43251 2.73595 1.87127 0.398412 0.032547 0.344892 0.047169 
4.62946 0.195141 -1.62618 1.29494 2.825 1.7575 1.8611 1.88753 0.293596 -0.405715 0.0801145 0.128693 
5.31771 0.0471559 -2.12923 1.73423 3.59054 1.98122 1.89293 1.66558 -0.167057 -0.238905 -0.0110431 0.125294 
5.1614 0.7021 -1.75312 1.08744 3.05872 1.91613 1.60765 1.4577 0.0627065 -0.0882118 -0.0424116 0.0539993 
4.46733 2.555 0.137102 -0.467526 0.307191 1.4998 1.14206 0.42948 0.130334 0.538161 0.509473 0.159863 
2.82254 2.58582 1.38805 0.471349 1.62294 0.233243 2.19731 -0.300046 0.55395 0.752891 0.464439 0.131248 
-1.07677 1.47745 2.97648 1.10093 -1.59145 -0.165153 1.11995 0.867953 0.853974 0.242038 0.676897 -0.00821182 
-1.83775 -0.434669 2.32361 0.554863 -1.23902 -0.587144 0.735907 2.08237 0.316076 0.194089 0.472104 0.0244456 
-2.61708 -1.19394 1.8813 -0.628482 -1.04484 -0.96139 1.77923 1.51842 0.718101 -0.430787 0.151093 -0.0962231 
-3.15208 -1.42352 1.27375 0.224542 -1.58007 -0.848652 1.14601 1.41449 0.687724 -0.637236 0.285367 -0.0824335 
-3.45046 -1.49976 1.94445 -0.0931996 -1.96169 -0.290709 1.96702 1.65556 0.708779 -0.27532 0.346281 -0.159904 
-3.53715 -1.32841 1.73825 0.950768 -1.422 -0.346643 2.30765 2.2197 0.630243 0.251437 0.204262 -0.0820225 
-3.4399 -0.93485 1.78556 0.898808 -1.51954 -1.32297 1.88216 1.56656 0.696323 0.388358 0.0293092 -0.0246254 
-3.18125 -1.30052 0.310607 0.188769 -1.06071 -0.683888 1.77126 0.988473 0.413771 -0.430213 0.0755048 -0.144126 
-2.93403 -1.56598 1.55456 -0.451226 -1.3719 -0.666393 1.9266 1.70482 0.491853 -0.248637 0.173416 -0.0632891 
-3.08983 -1.0838 0.980182 -0.39761 -1.85291 -1.58234 2.06867 0.748528 0.162542 -0.0540952 -0.11542 -0.0568248 
-2.76247 -1.17565 1.74125 -1.05798 -2.42012 -1.0917 0.871818 0.205868 0.431618 -0.256913 0.263203 -0.0715482 
-1.65435 -0.111363 1.16958 -0.997714 -2.15672 -0.943107 0.942554 0.438532 0.129482 -0.0161103 0.672101 -0.152913 
-0.799564 -0.0875645 1.74071 -0.192834 -1.97681 -1.43525 1.88414 0.0255072 0.523103 0.178935 0.544053 -0.00645215 
-0.524529 -0.35402 4.00372 -2.81143 -2.76311 -2.03892 -0.0902944 -1.75592 -0.378769 0.195432 -0.0969095 0.0329296 
-0.510061 -0.410351 4.15388 -1.2659 -0.698197 -0.689874 -0.038459 -2.00248 2.06493 0.706729 0.218082 0.275933 
-0.671611 0.0713369 4.69266 -2.29674 -1.0655 0.601542 0.652206 -3.05395 1.91718 0.614515 0.0801977 0.382764 
-0.511841 -0.489335 3.57895 -1.44371 -0.638994 0.346676 -0.141467 -3.2762 1.7769 0.296808 0.201878 0.286504 
0.243212 -1.26343 3.16021 -1.42175 -1.2916 0.983501 -0.976322 -3.21066 1.70632 0.200074 -0.028811 0.118175 
0.766593 -0.514607 2.44298 -0.591699 -0.451277 0.204937 0.795583 -2.00375 0.736388 -0.653146 -0.0845732 0.211024 
1.18967 -0.468732 1.04851 -0.393611 0.563665 0.335693 1.01714 -1.32897 0.633395 -0.611499 0.197702 0.182215 
1.31184 -0.140955 1.39989 0.635046 0.205457 0.157034 -0.593757 -0.957591 0.465074 -0.502864 0.0125676 0.046606 
1.26826 0.407113 1.23711 0.688639 1.00126 0.00392797 -0.611003 -0.708064 0.143423 -0.549862 0.163396 0.0678847 
1.27633 0.530325 0.994066 0.306802 0.727104 0.728323 0.280506 -0.900902 0.207838 -0.478205 0.350938 0.0863381 
1.20989 0.355419 1.47425 0.333173 1.03034 0.174962 0.416295 -0.316399 0.604447 -0.321649 -0.0392943 0.103527 
1.6176 0.350004 0.972418 0.175819 -0.0271828 0.188739 -0.144006 -0.0467758 0.220164 -0.37534 0.125818 0.00700889 
1.74607 0.226157 0.920225 0.284772 1.37044 0.276932 -0.314126 -0.740284 0.122926 0.509832 0.207992 -0.0414272 
1.45213 0.0701506 0.989093 0.35552 0.692333 0.693091 0.129896 -0.321811 0.138173 -0.00568286 0.276945 0.0374605 
1.92648 0.536919 0.862439 -0.0768148 0.647725 -0.542492 -0.726805 -0.933873 0.0352533 -0.448832 0.106257 -0.0242247 
1.62833 -0.105466 0.760653 -0.122221 0.486823 -0.513533 0.085177 -0.510185 -0.145607 0.0653743 0.21417 0.0122417 
1.82483 0.302209 0.313111 0.603599 0.321549 -0.196023 0.137411 -0.625336 -0.408024 0.16737 0.00874324 -0.0206393 
1.54463 0.177621 -0.0328646 -0.261421 0.376091 0.509808 -0.0372216 -0.384449 0.100937 -0.508807 0.146768 -0.0116076 
1.79816 -0.162735 0.763567 -0.350362 0.844708 0.599221 0.942 -0.766679 0.113942 -0.301729 0.114624 0.118026 
1.76616 0.276571 1.20814 0.400432 0.328938 0.24336 0.131532 -0.14735 -0.2314 -0.183807 -0.019352 0.0718819 
1.46511 0.13218 0.69148 -0.754836 1.54547 0.211907 -0.0404989 -0.326219 0.487682 0.57934 0.0513772 0.0756681 
1.74538 0.513493 0.644578 -0.09138 0.390775 0.596638 -0.0255014 -0.592943 0.582048 -0.171886 0.198237 0.123688 
1.56396 0.478311 0.333513 -0.839741 -0.200302 0.267264 -0.14418 -0.753762 0.187304 -0.208572 0.189873 0.123523 
1.83203 0.0897135 0.753131 -0.778361 1.29699 0.20724 0.0224433 0.124967 0.291745 -0.445911 0.0461184 0.116791 
1.5511 0.226787 0.379516 -0.414033 0.75781 -0.277924 0.224417 -0.525853 -0.0996664 -0.17589 -0.0281391 -0.043238 
1.67025 0.742439 0.413866 -0.452719 0.370209 0.563727 0.156349 -0.813607 0.248567 -0.102749 -0.00307785 0.0104735 
