0.9 0.1 0 0 0 
0 0.5 0.5 0 0 
0 0 0.666667 0.333333 0 
0 0 0 0.955338 0.044662 
0 0 0 0 1 
0.87956 0.12044 0 0 0 
0 0.866728 0.133272 0 0 
0 0 0.687987 0.312013 0 
0 0 0 0.937075 0.0629249 
0 0 0 0 1 
0.902326 0.0976743 0 0 0 
0 0.957964 0.0420357 0 0 
0 0 0.654987 0.345013 0 
0 0 0 0.955446 0.0445542 
0 0 0 0 1 
7.20643e-054 1 0 0 0 
0 0.969929 0.0300711 0 0 
0 0 0.825949 0.174051 0 
0 0 0 0.944444 0.0555556 
0 0 0 0 1 
0.754087 0.245913 0 0 0 
0 0.592472 0.407528 0 0 
0 0 0.845672 0.154328 0 
0 0 0 0.966777 0.0332227 
0 0 0 0 1 
0.833333 0.166667 0 0 0 
0 0.965489 0.0345106 0 0 
0 0 0.687263 0.312737 0 
0 0 0 0.82835 0.17165 
0 0 0 0 1 
0.668716 0.331284 0 0 0 
0 0.922625 0.0773753 0 0 
0 0 0.893347 0.106653 0 
0 0 0 0.967407 0.0325934 
0 0 0 0 1 
0.882843 0.117157 0 0 0 
0 0.317158 0.682842 0 0 
0 0 0.888889 0.111111 0 
0 0 0 0.935911 0.064089 
0 0 0 0 1 
0.576365 0.423635 0 0 0 
0 0.957697 0.0423027 0 0 
0 0 0.857149 0.142851 0 
0 0 0 0.952381 0.047619 
0 0 0 0 1 
0.816699 0.183301 0 0 0 
0 0.928591 0.071409 0 0 
0 0 0.872843 0.127157 0 
0 0 0 0.966245 0.0337548 
0 0 0 0 1 
4.38851e-023 1 0 0 0 
0 0.968782 0.0312179 0 0 
0 0 0.561304 0.438696 0 
0 0 0 0.729085 0.270915 
0 0 0 0 1 
0.500001 0.499999 0 0 0 
0 0.933333 0.0666667 0 0 
0 0 0.870667 0.129333 0 
0 0 0 0.976687 0.0233127 
0 0 0 0 1 
0.727796 0.272204 0 0 0 
0 0.971692 0.0283075 0 0 
0 0 0.438098 0.561902 0 
0 0 0 0.969548 0.0304525 
0 0 0 0 1 
0.667301 0.332699 0 0 0 
0 0.944427 0.0555732 0 0 
0 0 1.70113e-070 1 0 
0 0 0 0.96271 0.0372901 
0 0 0 0 1 
0.930023 0.0699767 0 0 0 
0 0.906621 0.0933786 0 0 
0 0 0.832277 0.167723 0 
0 0 0 0.965563 0.0344373 
0 0 0 0 1 
0.819182 0.180818 0 0 0 
0 0.933617 0.0663827 0 0 
0 0 0.908435 0.0915652 0 
0 0 0 0.961525 0.0384754 
0 0 0 0 1 
0.599454 0.400546 0 0 0 
0 0.900733 0.0992665 0 0 
0 0 0.912507 0.0874927 0 
0 0 0 0.956142 0.0438575 
0 0 0 0 1 
0.907123 0.0928769 0 0 0 
0 0.967949 0.0320509 0 0 
0 0 0.736188 0.263812 0 
0 0 0 0.507513 0.492487 
0 0 0 0 1 
0.961895 0.0381054 0 0 0 
0 0.852005 0.147995 0 0 
0 0 0.44476 0.55524 0 
0 0 0 0.955368 0.0446317 
0 0 0 0 1 
0.951894 0.0481057 0 0 0 
0 0.727695 0.272305 0 0 
0 0 0.915922 0.0840776 0 
0 0 0 0.861094 0.138906 
0 0 0 0 1 
0.961475 0.0385251 0 0 0 
0 0.905874 0.0941262 0 0 
0 0 0.295165 0.704835 0 
0 0 0 3.21364e-007 1 
0 0 0 0 1 
0.97788 0.0221198 0 0 0 
0 0.943789 0.0562111 0 0 
0 0 0.666841 0.333159 0 
0 0 0 0.857143 0.142857 
0 0 0 0 1 
0.778528 0.221472 0 0 0 
0 0.973322 0.0266775 0 0 
0 0 0.9 0.1 0 
0 0 0 0.944444 0.0555556 
0 0 0 0 1 
0.913019 0.0869813 0 0 0 
0 0.81829 0.18171 0 0 
0 0 0.750006 0.249994 0 
0 0 0 0.961262 0.038738 
0 0 0 0 1 
0.854781 0.145219 0 0 0 
0 0.959692 0.0403084 0 0 
0 0 0.890602 0.109398 0 
0 0 0 0.960552 0.0394485 
0 0 0 0 1 
0.647162 0.352838 0 0 0 
0 0.944952 0.0550484 0 0 
0 0 0.795012 0.204988 0 
0 0 0 0.952163 0.0478372 
0 0 0 0 1 
0.907209 0.0927906 0 0 0 
0 0.955466 0.0445337 0 0 
0 0 0.759936 0.240064 0 
0 0 0 0.97268 0.0273205 
0 0 0 0 1 
0.7236 0.2764 0 0 0 
0 0.979145 0.0208549 0 0 
0 0 0.707455 0.292545 0 
0 0 0 0.900183 0.0998175 
0 0 0 0 1 
0.698485 0.301515 0 0 0 
0 0.946455 0.053545 0 0 
0 0 0.611276 0.388724 0 
0 0 0 0.969851 0.0301491 
0 0 0 0 1 
0.849046 0.150954 0 0 0 
0 0.945553 0.0544466 0 0 
0 0 0.531826 0.468174 0 
0 0 0 0.961108 0.0388919 
0 0 0 0 1 
