32 31 32 32 32 31 32 32 32 32 24 24 32 32 32 24 24 21 17 16 21 29 18 24 24 24 24 24 24 24 24 24 24 24 24 24 24 24 31 31 15 8 4 2 2 2 2 2 2 2 31 8 8 8 8 18 18 18 18 18 21 18 25 28 32 28 32 32 24 24 28 32 32 24 24 24 32 24 24 24 24 24 24 24 32 
32 32 32 32 32 24 32 32 32 28 32 32 32 32 32 28 18 18 18 17 17 15 18 24 24 24 24 24 24 24 24 24 24 24 24 31 31 31 31 31 8 2 8 8 31 8 8 8 8 18 18 18 18 17 18 19 17 17 18 21 17 18 18 17 19 17 18 31 32 32 32 24 32 32 32 32 31 32 24 32 32 32 32 28 24 
32 28 28 31 28 24 28 32 28 31 24 32 32 24 32 32 32 31 32 32 32 32 24 32 32 32 32 32 32 28 24 24 32 32 32 32 32 24 24 21 18 17 14 19 24 24 24 24 24 24 24 24 24 24 24 24 24 32 32 31 15 4 4 8 4 2 2 2 2 2 2 2 2 4 8 8 17 17 15 15 18 18 17 17 18 
31 32 32 32 24 24 24 32 24 32 32 32 32 24 24 24 24 24 32 24 32 24 32 24 31 24 24 24 24 32 24 32 32 32 31 18 19 19 19 19 23 24 24 24 24 24 24 24 24 24 24 24 24 24 24 24 24 24 31 32 32 31 32 31 15 8 4 2 2 2 8 2 8 8 4 2 31 31 18 18 17 18 17 17 21 
32 28 32 32 32 24 32 28 32 28 28 32 28 24 24 24 24 32 24 31 21 17 15 15 31 23 24 24 24 24 24 24 24 24 24 24 24 24 24 24 24 24 32 32 31 31 6 6 2 2 2 2 2 2 25 31 8 18 18 18 21 4 2 4 19 31 30 30 32 32 24 24 24 24 24 24 28 24 24 24 24 24 24 24 24 
32 31 5 25 25 25 24 24 32 32 24 24 24 24 24 24 32 32 24 32 24 24 32 24 32 32 32 32 28 32 24 32 24 32 24 32 32 24 15 18 25 25 29 26 24 24 24 24 24 24 24 24 24 24 24 24 24 24 32 32 25 8 6 4 6 4 2 4 2 2 2 2 2 2 2 2 8 14 18 21 21 14 17 17 25 
6 31 31 24 32 24 32 32 24 30 28 24 32 24 32 32 32 32 28 24 28 24 28 24 32 32 21 31 31 29 15 31 29 25 24 24 24 24 24 24 24 24 24 24 24 24 24 24 24 24 32 32 32 31 31 31 6 6 6 8 4 4 15 2 2 2 2 2 2 2 18 21 18 17 18 17 19 18 32 32 32 24 28 24 32 
32 24 24 32 32 32 24 32 24 24 31 31 31 17 18 18 17 15 31 24 24 24 24 24 24 24 24 24 24 24 24 24 24 24 24 32 32 31 32 15 4 2 2 2 2 2 2 2 2 4 15 15 17 17 17 17 17 17 17 21 19 27 28 24 24 24 24 24 24 32 24 32 24 24 24 32 32 32 31 32 24 24 24 31 32 
32 28 28 24 32 32 24 32 24 32 32 28 28 32 24 24 24 24 32 32 24 24 28 32 32 28 17 18 17 17 31 31 32 24 24 24 24 24 24 24 24 24 24 24 24 24 24 24 24 24 24 24 24 28 31 31 15 8 15 15 6 2 2 2 2 2 2 2 2 2 2 31 18 14 17 17 17 18 18 25 20 22 32 32 24 
24 24 32 32 24 24 24 24 32 24 32 24 24 24 32 24 24 24 32 24 28 32 28 32 24 28 28 31 8 15 15 25 18 18 31 24 24 24 24 24 24 24 24 24 24 24 24 24 24 24 24 24 24 24 24 24 31 31 30 15 15 4 2 2 2 2 2 4 15 15 31 18 18 19 19 19 18 17 17 32 32 24 24 24 24 
25 24 24 24 24 24 24 24 24 24 24 24 24 24 24 24 28 24 24 24 32 31 24 24 24 24 24 24 32 24 24 24 24 32 32 24 24 25 26 15 15 15 15 18 18 25 24 24 24 24 24 24 24 24 24 24 24 24 24 24 24 24 24 24 24 31 32 31 31 15 4 2 4 2 25 2 4 2 2 4 18 18 18 18 17 
32 30 24 24 24 24 24 24 32 32 24 24 24 24 24 24 24 28 31 28 28 25 10 10 32 24 24 24 24 32 24 24 24 24 24 24 24 24 24 24 24 24 28 21 18 18 18 31 31 24 24 24 24 24 24 24 24 24 24 24 24 24 24 24 24 24 24 31 31 32 6 4 2 2 4 4 4 2 2 2 2 2 2 2 31 
32 32 30 32 24 32 24 32 24 24 24 32 24 24 24 32 32 32 24 24 24 24 24 24 24 32 24 24 24 24 24 32 24 24 24 24 24 32 24 30 31 15 15 31 15 21 25 24 24 24 24 24 24 24 24 24 24 24 24 24 24 24 24 24 24 24 24 24 24 24 24 24 24 31 6 6 6 4 4 4 2 2 2 2 2 
24 24 31 32 32 32 24 28 24 32 32 24 32 32 24 24 24 32 32 32 32 30 24 18 18 18 18 31 24 24 24 24 24 24 24 24 24 24 24 24 24 24 24 24 24 24 24 28 31 31 31 7 7 4 7 4 15 31 31 7 17 15 17 18 17 17 8 7 32 22 24 32 32 32 24 24 24 32 24 24 32 24 24 24 32 
24 24 24 24 24 24 32 24 24 24 24 24 24 24 32 24 32 32 32 24 24 32 32 32 32 31 28 28 28 31 31 24 31 18 31 21 18 18 18 18 24 24 24 24 24 24 24 24 24 24 24 24 24 24 24 24 24 24 24 24 28 28 31 31 31 4 6 4 2 15 31 31 15 18 31 31 18 17 18 17 21 32 26 28 32 
32 31 32 32 28 32 24 24 24 32 24 32 32 32 32 24 24 32 32 24 24 24 24 28 24 24 24 28 28 28 24 24 24 32 31 15 18 18 18 18 18 17 18 24 24 24 24 24 24 24 24 24 24 24 24 28 24 32 10 6 6 6 6 31 31 6 6 6 6 4 6 4 4 15 15 18 18 18 17 8 17 14 15 17 32 
32 28 32 24 24 24 32 24 32 24 32 31 32 28 28 24 32 32 28 28 24 32 25 28 17 18 18 17 17 17 17 24 24 24 24 24 24 24 24 24 24 24 24 24 24 24 24 25 25 24 25 25 25 25 31 31 31 31 6 31 17 6 8 14 14 17 18 18 31 14 14 6 6 5 5 25 28 28 28 25 28 32 24 24 24 
24 24 32 24 24 28 32 32 32 32 24 32 24 24 32 32 32 31 25 25 24 24 32 24 24 32 32 32 32 32 24 24 32 30 24 32 32 32 24 32 24 24 24 32 32 24 24 31 24 24 26 18 17 18 18 17 26 24 24 24 24 24 24 24 24 24 31 24 24 24 24 24 24 24 24 24 24 24 31 31 31 31 31 31 6 
31 32 24 32 31 24 24 32 32 24 32 28 32 32 32 28 31 28 24 32 24 31 32 32 32 32 32 24 32 24 24 32 24 28 31 14 31 18 18 18 18 18 29 24 24 24 24 24 24 24 24 24 24 24 24 25 28 31 31 31 10 10 31 31 31 6 6 6 6 4 4 31 4 4 4 31 31 31 4 4 3 15 21 15 15 
24 32 32 32 24 32 32 32 32 32 32 32 31 32 32 32 32 32 32 32 32 24 24 32 24 24 28 31 24 24 28 32 24 28 24 28 24 24 24 24 24 32 24 24 28 25 26 26 18 18 18 18 18 18 24 24 24 24 24 24 24 24 24 24 24 24 24 24 24 24 24 24 24 25 25 24 25 25 28 28 28 28 28 17 18 
32 32 32 32 24 24 32 32 32 32 28 32 32 32 32 24 32 32 32 32 32 32 32 32 32 24 24 32 24 32 32 32 24 24 24 24 32 32 31 26 12 17 17 18 18 17 17 18 29 31 24 24 31 24 24 24 24 24 24 24 24 25 24 25 25 25 25 25 15 25 10 10 10 10 10 15 6 31 6 6 6 6 6 6 15 
32 28 24 32 24 24 32 24 32 32 32 32 32 28 32 32 32 32 24 32 32 24 24 32 32 32 32 24 32 24 32 32 32 28 32 28 28 24 32 24 32 24 24 32 32 24 32 32 32 32 24 24 32 32 24 24 24 24 32 24 24 32 24 31 31 31 29 23 18 18 18 21 29 24 24 24 24 24 24 24 24 24 24 25 24 
32 24 28 32 24 24 32 32 32 24 32 32 24 24 32 24 32 24 24 32 32 24 32 24 32 32 24 24 32 32 24 32 32 32 32 32 28 32 24 24 32 24 31 28 17 17 17 17 17 17 17 31 24 24 24 24 24 24 24 24 24 24 24 25 25 24 24 24 24 24 31 25 31 26 31 31 31 31 31 31 31 8 8 25 31 
24 32 32 32 24 32 32 32 32 32 32 24 24 24 32 32 24 28 28 31 19 18 18 18 18 18 18 17 24 24 24 24 24 24 24 24 24 24 24 24 24 24 24 24 24 24 24 31 28 28 28 31 31 31 6 6 4 4 31 31 31 31 2 8 17 17 18 18 29 19 19 14 19 14 19 28 19 28 28 32 24 24 24 31 24 
32 24 24 32 32 24 24 32 24 24 32 32 24 24 32 32 32 24 32 32 24 24 24 32 28 24 32 24 32 32 24 24 31 24 31 31 10 18 18 31 31 15 17 17 18 31 24 24 24 24 24 24 24 24 24 24 24 24 24 24 24 24 24 24 24 24 31 31 31 31 31 31 6 6 8 2 8 4 2 2 2 2 31 15 31 
24 28 24 24 24 24 32 24 24 24 24 24 24 24 24 24 31 24 24 24 24 28 17 18 18 18 29 18 31 31 24 24 24 24 24 24 24 24 24 24 24 24 24 24 24 24 24 25 25 25 25 31 31 6 4 4 4 4 4 2 4 2 2 2 15 4 31 18 18 18 18 18 18 17 17 18 16 22 25 28 24 24 24 24 24 
24 24 24 24 24 24 24 31 24 24 24 24 24 30 24 28 32 24 24 24 32 24 24 32 32 24 24 31 24 24 28 24 32 24 24 24 24 24 24 24 24 31 17 18 31 18 18 31 31 31 31 24 24 24 24 24 24 24 24 24 24 24 24 24 24 24 24 24 24 24 24 24 24 24 28 28 15 15 4 4 8 7 4 4 4 
24 24 24 24 24 24 24 24 24 24 24 24 24 24 24 24 24 24 24 24 24 24 24 24 24 24 24 24 24 24 24 24 24 24 24 24 32 24 24 32 24 24 24 24 24 24 24 24 24 24 24 24 30 24 17 18 18 18 18 18 31 31 31 31 31 24 24 24 24 24 24 24 24 24 24 24 24 24 28 24 28 24 24 24 24 
24 24 24 24 24 24 32 24 24 24 24 24 32 24 24 24 24 32 32 24 24 24 28 17 18 18 18 18 18 18 18 18 24 24 24 24 24 24 24 24 24 24 24 24 24 24 24 24 24 24 24 24 24 24 24 24 21 21 18 6 5 5 5 5 7 15 15 18 31 18 18 18 14 14 17 18 18 18 22 22 24 24 24 24 24 
24 24 24 24 24 24 24 24 24 28 24 24 24 24 32 24 24 32 24 24 24 28 24 28 24 31 17 18 18 18 18 18 24 24 24 24 24 24 24 24 24 24 24 24 24 24 24 24 24 24 24 24 24 25 25 31 5 5 4 4 2 4 4 4 4 8 18 29 18 18 18 17 17 15 15 8 17 19 19 19 24 24 28 24 24 
