1.38756 -0.286099 1.52368 -0.0148622 0.597557 -0.437193 1.12858 0.0383829 0.795404 -0.0542228 0.00482609 -0.00398413 
1.67044 0.0536627 1.50907 0.0694424 0.223304 0.185575 1.05159 -0.510116 0.27881 0.367255 0.148831 -0.0268443 
1.66177 0.0815382 1.41651 -0.149136 0.570284 0.321558 1.05988 -0.17521 0.24999 0.459268 0.173222 0.0616829 
1.72954 0.177516 1.75681 -0.276566 1.114 0.768399 1.7156 -0.780035 0.10428 0.0537923 0.297495 0.0611279 
1.45514 -0.23353 1.12366 -0.766978 0.85799 0.681892 0.801637 -0.827537 -0.426691 -0.282523 -0.149502 0.141295 
1.61414 -0.0430066 0.431815 0.147509 0.450709 0.0517107 0.477729 -1.22251 -0.383513 0.0296843 0.156322 0.158371 
2.75717 1.11989 0.362372 -1.03638 -1.47393 -1.99026 -1.68614 -2.31662 -1.04314 0.434945 0.332385 0.0599587 
2.69434 0.906016 0.200766 -1.89963 -1.73251 -1.95555 -0.886626 -1.83644 -0.291742 0.119241 0.326711 0.104041 
3.3364 1.18749 0.240337 -1.87655 -2.532 -3.63234 -3.15791 -3.37749 -0.493566 0.549142 0.499694 0.193058 
2.55742 0.852672 1.43446 -0.82456 -0.924679 -2.00604 -1.1422 -2.33883 -0.3787 0.0534757 0.239195 0.100285 
2.31547 -0.145279 1.54139 -0.925393 0.209942 -0.783006 -0.150105 -1.4186 -0.198405 -0.0159205 0.300827 0.232759 
1.61279 -0.344732 1.10977 0.239551 0.690951 -0.477963 0.464471 -0.815295 0.143259 -0.060298 0.0370879 0.0445115 
1.51081 0.167793 1.56994 -0.456253 0.684402 -0.540112 -0.32367 -0.732733 0.271647 -0.328049 0.246017 0.156595 
1.60657 0.332338 1.33603 -0.633115 0.535715 -0.436945 0.694484 -1.63106 -0.490514 0.131222 0.254355 0.0915284 
1.90656 -0.139168 1.18374 -0.0354321 0.186513 0.244572 0.687934 -0.36954 -0.121844 0.186637 0.256396 0.0090494 
1.41207 -0.229838 1.81906 -0.755435 0.891361 -0.375739 0.210625 -0.38756 0.00746713 0.0963359 -0.137454 0.102692 
2.02413 0.149476 1.38107 0.15404 1.34725 0.875527 1.57259 -0.155928 0.246632 0.26473 0.0174226 0.0487055 
2.06851 0.395438 1.67162 0.656662 1.61364 1.30816 1.83854 -0.523722 0.602187 0.159483 0.244181 0.0699142 
1.72752 0.412297 1.58831 0.568678 0.559971 0.799309 1.02453 -0.322618 0.338444 -0.0351385 0.254796 0.0388828 
1.58397 -0.129589 1.29815 -0.110468 1.02109 0.483942 1.33205 -0.140626 0.193313 -0.0456708 0.123277 0.0994759 
1.50586 -0.153663 1.06372 0.15543 0.570326 0.238411 0.88464 -0.0498669 0.347947 -0.285862 0.147528 0.00634099 
1.81399 0.00992357 1.29206 0.205948 0.917343 0.205372 0.697904 -0.583758 -0.156611 -0.018354 -0.0237843 0.0287022 
1.73983 -0.0828253 1.35506 -0.480788 0.5665 -0.384003 0.727486 -0.88895 -0.273418 -0.102174 0.110199 0.12767 
1.57333 -0.0124962 1.75532 -0.413037 0.987032 -0.272615 0.512815 -0.676521 0.0646866 0.0704146 0.0109069 0.0616847 
1.62299 -0.273893 0.773112 -0.35939 0.779181 -0.0426517 0.499273 -0.874342 0.207691 -0.0874658 0.265994 0.0925033 
1.63773 -0.230724 1.46982 0.120116 0.419221 0.187128 0.323975 -0.745852 0.336939 -0.0122347 0.216525 0.0143924 
1.54958 0.119728 0.698809 0.0757745 0.799009 0.222954 0.684345 -0.767968 0.0465343 0.00237647 0.212038 0.0329662 
1.43023 0.396043 1.52063 -0.779292 0.346217 0.131126 0.797689 -0.982395 -0.138359 -0.0467995 -0.0365194 0.0224949 
1.43083 -0.0930668 1.58743 -0.316833 1.32254 0.306753 0.89426 -0.771693 -0.188359 -0.217987 0.101482 0.00124413 
1.28015 0.0296412 1.18613 0.0735176 0.297388 -0.10191 0.857053 -0.584553 0.419627 -0.0074223 0.159497 0.0291656 
1.70584 0.0231807 0.784419 0.0993228 0.506019 -0.124999 1.43579 -0.881738 -0.306903 0.0253581 -0.0582367 0.0743783 
1.63236 0.44749 1.17376 -0.289079 0.848916 -0.848565 0.629471 -0.536941 0.87996 0.547217 0.287145 -0.00331921 
1.6325 0.23593 1.60514 -0.521942 1.00907 -0.571586 0.473045 -0.439884 0.214284 0.19601 0.090591 0.0475373 
1.24053 9.90158e-005 1.29825 -0.00224492 1.32794 -0.745262 1.36621 -0.471661 -0.123266 0.382693 0.08462 0.0674748 
0.690944 -2.47263 -0.419394 0.548544 2.39906 0.171197 3.16084 -1.60796 -0.516507 0.640857 0.0155029 0.0518526 
1.65566 -3.70023 -1.1817 0.752002 3.19687 0.834333 3.77364 -1.98853 -0.217506 1.00189 -0.0857641 0.0129679 
2.7366 -4.08709 -0.85652 1.98241 2.05352 0.826801 3.2039 -1.2774 0.0904586 0.228293 -0.299013 -0.0790599 
3.19381 -3.68855 -0.263187 0.566133 1.20536 1.02418 1.7358 -0.359384 0.0469912 0.81029 -0.238947 -0.272476 
2.10222 -2.45306 1.00896 1.17181 -0.0650428 0.350495 0.847105 -1.58108 -0.887768 0.732974 0.327187 -0.155126 
1.80832 -0.0758042 1.62719 -0.254278 0.762602 0.0302245 0.212783 -0.326463 -0.319497 0.293341 0.491062 -0.115528 
2.25089 0.239579 1.16092 -1.10968 0.700911 -0.229846 1.20973 0.738191 0.137299 -0.277599 -0.286366 0.0726466 
2.08251 0.254076 1.25185 -0.564846 1.50945 0.242879 1.76868 0.460029 0.54182 -0.143083 -0.329808 0.0107015 
1.71808 0.624451 1.21012 -0.217234 1.50776 -0.395809 0.997502 0.167727 -0.0733807 0.0286344 0.13671 0.00434332 
1.86398 -0.0340039 0.973096 0.0226833 0.536463 -0.28141 0.504164 -0.355106 0.497209 -0.398302 0.192237 0.136643 
1.40302 0.104683 1.36764 -0.18426 0.0223294 0.0231531 0.706668 -0.533379 -0.226501 -0.543067 0.286787 0.143353 
1.84757 0.305554 1.41033 -0.235749 0.33387 -0.170887 0.410026 -0.308975 -0.331107 -0.0692129 0.145441 0.0423295 
1.73789 0.309858 1.45669 0.0893114 0.474669 -0.762867 0.842919 -0.49801 -0.14872 0.0355103 -0.0138236 0.0707773 
1.77341 0.532189 1.0445 -0.322799 1.8083 0.989682 0.679497 -0.349646 0.493666 -0.305525 0.109669 0.0265924 
1.5236 0.325004 1.32783 -0.196914 0.629437 -0.313153 0.245333 -0.510803 0.26393 -0.398204 0.0330968 0.0714326 
1.67711 -0.498049 1.29126 -0.697048 0.62388 -0.173251 0.902927 -0.155434 -0.450771 0.00880604 0.253725 0.0397362 
1.59367 -0.31893 0.894241 0.278999 -0.000592473 -0.565532 0.737557 -0.730613 0.163583 -0.0297645 0.0588197 0.0568638 
1.72446 -0.10831 1.2309 0.021199 1.01364 -0.361021 0.755262 -0.494802 0.170543 -0.189543 0.0136899 0.0112997 
1.64457 0.389188 1.10181 0.505687 1.59042 -0.00688909 1.59414 -0.16795 0.0233236 0.0894919 0.0750329 0.0554134 
1.77217 0.431575 1.08214 0.414078 0.410143 0.160568 1.13042 -0.403299 0.398465 -0.234061 0.369117 0.0561618 
1.80977 0.240274 0.887608 -0.185419 0.43497 -0.0307969 1.08507 -0.348881 0.125466 -0.517217 -0.00221977 0.0428278 
1.6837 0.110075 1.23444 0.0990689 1.01692 0.234466 1.15453 -0.318626 0.254265 0.0745363 0.190323 0.0321443 
1.60045 0.363719 0.991458 0.311407 0.515532 -0.301249 1.69499 -0.699048 0.120678 -0.320047 0.105059 0.0610416 
1.71717 -0.087662 1.29476 0.295947 1.36707 0.254826 0.541739 -1.08273 0.0902574 -0.00591796 0.181998 0.00366443 
1.64172 0.246568 0.941615 -0.741853 1.06387 0.199295 0.745747 -0.373569 0.418935 -0.0333777 -0.144521 0.0256065 
1.46483 0.0212604 0.776027 -0.00221399 0.973879 -0.280234 1.05984 -0.245868 -0.042616 -0.106581 -0.105559 0.0686708 
-0.0814671 1.79179 0.406113 -1.55464 2.39406 -2.39996 2.87231 -1.09703 -0.00829497 0.686865 -0.212992 0.118398 
0.327977 0.65007 1.28506 -1.82452 1.86647 -1.35331 1.93538 -0.78837 0.278956 1.00847 -0.203756 0.145895 
1.30052 0.519054 1.05008 -0.765816 1.39682 -0.894691 1.06225 -1.2117 -0.124549 0.108517 -0.207937 0.189075 
1.45111 0.453916 0.721465 -0.46094 1.79211 -1.1821 1.18739 -0.862986 0.0694616 0.00297718 -0.06048 0.132522 
1.45571 -0.159306 1.26553 -0.417093 0.596641 0.350521 1.16886 -0.933835 0.0536993 0.083696 0.0485092 0.0249087 
1.39391 0.507399 0.810389 -0.418775 1.19336 -0.748242 1.28445 -1.04919 0.157095 0.0449061 0.140731 0.05339 
1.58436 -0.364448 1.37685 0.0419556 0.987157 -0.159331 0.781314 -0.13025 -0.0119532 0.0466566 0.0375773 -0.041614 
1.55054 0.111084 0.550049 0.98045 -0.198575 0.0231514 1.40361 -0.163521 0.264632 0.10727 0.275678 0.00315491 
1.7684 0.227462 1.30996 0.638609 0.959244 0.387954 1.06727 -0.616367 0.412861 -0.121533 0.215199 0.0585918 
1.36827 0.383292 1.35666 0.318297 0.205035 0.34267 0.253962 -0.952418 -0.229501 -0.0445126 0.091112 0.0452573 
1.60756 0.0597663 0.920265 -0.177806 1.10736 0.120102 0.830261 -0.369217 0.226703 0.108111 -0.0584144 0.0491044 
1.79005 -0.284682 1.26493 -0.58375 0.684624 0.127947 0.827276 -0.829062 0.125334 0.0224165 0.339907 -0.0318623 
1.52318 0.311035 1.14273 -0.713147 0.527088 -0.176453 1.06332 -0.451042 0.274518 -0.337374 -0.0982787 0.0770589 
1.55268 -0.0206407 1.23292 0.0821157 0.951306 0.394287 1.85248 -0.518993 0.675324 -0.258647 0.168071 0.0618144 
3.9466 -0.847756 -0.701994 0.787967 3.44104 -1.16096 3.24287 -0.189226 -0.869079 0.0326195 -0.124468 0.234726 
3.99624 -1.18846 -3.11702 0.460436 5.18716 0.301561 3.08195 -0.282774 -0.490372 0.383535 -0.0529226 0.202409 
2.11981 -0.5826 -1.6938 2.36719 5.1626 1.26455 4.62379 -0.328968 0.122756 -0.191004 0.568729 0.290811 
2.57233 0.102018 -1.22732 1.80208 4.67737 1.19944 5.15434 0.707706 -0.784729 0.25064 0.184455 0.343862 
3.05241 1.50245 -0.314799 2.01087 3.73926 1.16027 4.46384 0.617768 -0.101056 -0.0619283 0.151953 0.264913 
3.09844 1.98984 1.03451 1.4887 2.21678 1.95251 2.41203 0.706516 0.355226 -0.0612421 -0.0605384 0.03277 
3.39282 2.26027 1.73897 1.79542 2.56179 1.93411 1.85588 0.439143 -0.0917302 0.0568429 0.187639 0.0561604 
4.27969 3.07791 1.9815 2.0226 1.88081 1.29378 1.48575 0.0488326 -0.216582 -0.155005 0.455218 0.114735 
3.82239 3.42471 2.79561 2.18343 1.72157 0.830919 0.298663 0.0191287 0.234363 0.335241 0.295275 0.0616453 
3.56624 3.10545 2.63691 2.13321 1.65999 1.09351 0.710708 0.253892 0.0515494 0.0837285 0.208623 0.013419 
4.0129 3.48323 3.00358 2.50208 1.9277 1.43918 0.776701 -0.0306585 -0.350265 -0.123945 0.0948202 -0.0173065 
