1.3339 0.174863 1.14576 0.0177653 0.654684 0.473557 1.2695 -0.740908 0.213822 -0.0718041 0.12088 0.0924819 
1.46712 -0.0773646 1.38214 -0.0120581 0.562469 0.597001 1.3743 -0.26827 0.494008 -0.452339 0.220806 0.015788 
1.58269 0.257582 1.78257 0.110023 1.21452 0.11957 0.939205 -0.87243 0.192585 -0.0327631 0.156936 0.065635 
1.68251 -0.202587 1.72979 0.099412 0.90158 0.0622322 0.451382 -0.485165 -0.200597 -0.0103845 0.0221337 0.0657766 
1.49376 -0.0390194 1.17601 -0.381468 0.699986 0.410187 0.749733 -0.550919 0.238839 0.0097267 0.10809 0.0177666 
1.62559 0.0848871 1.55925 -0.313628 1.32664 0.167957 0.754142 -0.680218 -0.0568783 0.243876 0.171535 0.0597282 
1.55499 -0.131559 1.14293 0.116 0.588673 -0.0844201 0.512303 -0.560561 0.677197 -0.0933826 0.0693955 -0.0234277 
1.66091 -0.276278 1.01552 -0.0334642 1.54764 -0.598002 0.635002 0.209152 0.295034 -0.178082 -0.101735 0.017947 
1.46863 -0.529771 0.774362 -0.627261 1.0725 -0.849074 -0.0744135 0.11427 0.532306 -0.124925 -0.019966 0.0801597 
1.55561 -0.136289 1.31087 -0.193902 0.815111 -0.132006 0.781436 -0.0936825 0.607615 -0.0899115 -0.00960567 0.0342352 
1.67412 -0.0656874 1.56524 -0.278747 1.18313 0.0184974 0.622261 -0.907049 0.157074 0.0407437 0.169963 0.0211739 
1.61023 0.13323 1.52517 -0.52108 0.735224 -0.285642 0.137428 -0.252415 0.685697 0.0969168 0.158922 0.0533054 
1.31377 -0.489486 1.49346 0.313452 0.997928 0.089728 1.09776 -0.310549 -0.254423 -0.158792 0.124025 0.114927 
1.55974 -0.222475 1.4497 -0.324922 0.557444 -0.420683 0.616963 -0.93786 -0.371756 -0.249514 0.128535 0.0753139 
1.62731 -0.305614 1.43549 -0.34347 0.679951 -0.171067 1.14998 -0.713609 -0.162853 -0.227798 0.0648723 0.0990797 
1.87837 -0.196651 1.24781 -0.11252 0.272956 -0.410929 0.998821 -0.520796 0.265977 -0.00837028 0.0487818 0.041451 
1.52895 0.24334 1.63763 -0.195793 0.819094 -0.171107 1.10826 -0.720796 0.362471 -0.000224058 0.0969528 0.0912027 
1.77228 -0.272691 1.12563 -0.426977 0.277338 -0.0871975 0.498254 -0.685035 0.522347 -0.235615 0.0234958 0.0731164 
1.52976 -0.128566 0.821996 -0.12362 0.554476 -1.27075 0.174582 -0.427358 -0.000841259 0.161782 0.0055984 0.0631653 
1.48043 -0.205051 1.12131 0.130913 0.442287 0.897506 1.12209 -0.816376 0.143168 0.252354 -0.0506827 0.0523539 
1.72944 -0.325669 0.964831 0.132473 -0.183693 -0.359297 0.235479 -0.407045 0.514052 0.25174 0.22731 0.0322814 
1.4639 -0.20275 1.42766 0.227438 0.983685 -0.119462 0.877909 -0.587039 -0.0386438 0.0983156 0.060216 0.084796 
2.58608 1.93735 1.55465 1.45317 1.04699 0.826732 0.71285 0.397907 0.306133 0.14273 0.0598245 -0.00796066 
3.46978 3.43074 3.60893 3.40298 3.16603 2.74476 2.10298 1.62087 1.00865 0.519157 0.214581 0.0997097 
4.16114 4.2348 4.47365 3.39763 3.61282 2.6148 2.40863 1.69026 0.823636 0.816429 0.332568 0.114417 
3.76494 3.62308 3.60687 3.33804 3.04386 2.52288 2.04308 1.41841 0.895676 0.566773 0.269851 0.0965588 
3.53722 3.36837 3.28732 3.07066 2.86528 2.34451 1.88162 1.42005 0.926733 0.525221 0.248982 0.0964177 
3.14272 2.8791 2.75786 2.57122 2.28835 2.04702 1.55021 1.10536 0.840737 0.514841 0.262383 0.0847676 
3.95839 -0.313595 -1.55055 2.19555 5.24518 1.57175 3.04407 0.766803 1.02973 0.312687 0.0266018 0.13548 
3.44106 -0.464864 -0.652202 1.98289 2.80942 1.27 3.48059 0.247325 -0.161981 -0.0913781 0.338379 0.0921634 
3.24349 0.289074 0.654347 3.24312 2.9834 1.05054 3.92116 0.209658 0.328384 -0.259268 0.244362 0.141305 
3.18866 1.54121 1.05379 2.5952 3.75998 1.71157 2.27656 0.342222 0.734449 -0.276843 0.224752 0.119668 
2.97679 1.9356 1.41505 1.73838 1.98741 1.75754 1.22043 0.597332 0.192919 0.0124203 0.0923149 0.0119127 
2.79239 2.16057 1.84903 1.66125 1.46324 1.22343 0.888519 0.512739 0.200198 0.129387 0.0774673 -0.0183462 
2.93641 2.18762 1.78203 1.65185 1.44666 1.08458 0.860532 0.69839 0.325565 0.0610144 0.114772 0.0118368 
3.27559 2.47906 1.92876 1.94137 1.87901 1.33576 0.838396 0.55209 0.249222 -0.0718696 0.0786946 0.00181403 
4.20752 3.67325 2.82509 2.23047 1.85787 1.04892 0.641456 -0.159368 -0.175225 -0.183446 0.205003 0.0271507 
3.22478 2.79756 2.3438 1.6841 1.26431 0.550383 0.387167 -0.0385719 -0.132056 -0.186692 -0.116554 -0.0554345 
3.49069 3.02568 2.13345 1.42827 1.1098 0.0216025 0.106273 -0.680378 -0.494023 -0.340385 0.00138585 -0.0438796 
4.20213 3.62476 2.19833 1.04851 2.05773 -1.3538 0.825578 -1.23757 -0.364213 -0.398424 -0.271114 -0.00648987 
3.63809 3.10908 2.05926 1.14758 1.07224 -0.647071 -0.430534 -1.01559 -0.563493 -0.0859527 -0.140502 -0.0363896 
3.98239 3.34615 2.01215 1.42516 1.68805 -0.63678 -0.639445 -1.3679 -0.584492 -0.130632 -0.102211 -0.026137 
4.39532 3.50186 1.97779 0.896887 1.52328 -0.855742 -0.278221 -1.11107 -0.600921 -0.116031 -0.0554783 0.0188207 
4.15505 3.72171 2.48156 1.65719 1.50977 -2.11844 -0.967266 -1.44288 0.0827649 0.452895 -0.217328 0.0594961 
4.12146 3.52083 2.01649 0.849051 1.86392 -1.43904 0.0163672 -1.39083 -0.201115 0.457401 -0.0434651 0.0860741 
4.7826 3.82128 1.48222 0.947885 1.67396 0.0788338 0.78741 -0.969416 -0.258088 -0.311545 -0.0341475 0.0116437 
5.57444 3.9942 1.05173 0.281544 3.09741 -0.257031 1.84629 -1.35342 -0.0697598 -0.502439 -0.185177 0.0921801 
6.20154 4.99797 -0.935262 0.135077 5.9871 0.192576 2.13671 -1.6452 0.136583 -0.404311 -0.472228 0.0249772 
3.49411 2.91579 1.67617 1.68602 1.7789 0.873132 0.860112 -0.59315 -0.125547 -0.38048 -0.0231733 -0.015605 
3.32663 2.5371 1.73941 1.62184 1.90602 0.776071 0.924746 -0.20885 0.0373489 -0.334111 -0.0490542 -0.00321973 
3.37574 2.58375 1.67303 1.25022 1.36463 1.30631 1.17394 0.507937 0.247629 0.0288268 0.0501543 0.0199882 
3.3983 2.48371 1.64693 1.26984 1.76285 1.82943 1.62892 0.672612 0.0087844 -0.167068 -0.0341836 0.0246155 
3.96049 2.79348 1.48075 1.05654 1.85492 2.51816 2.175 0.973266 -0.070883 -0.284435 -0.00882057 0.0470785 
3.78951 2.51829 1.07328 0.854767 1.78256 2.56155 2.34155 1.24894 0.343115 -0.103986 -0.0928473 0.0282555 
4.2975 2.41063 0.466885 0.852686 2.8638 3.69251 2.67541 1.0319 0.386008 0.00644341 -0.176904 0.038167 
6.04427 2.33349 -0.524817 0.798003 4.0034 4.17959 2.80585 1.04746 0.277948 0.018075 -0.0179689 0.0328023 
6.07823 3.19637 -1.69104 1.38699 4.95175 2.39642 4.50575 -0.125834 1.18252 -0.348176 -0.0075177 0.0413216 
6.2989 2.52194 -0.160348 0.638711 4.48404 3.5082 3.1825 0.887204 0.430182 0.020202 -0.136866 0.00411447 
4.46773 3.31948 -0.333934 1.27151 4.3045 2.62677 4.21166 0.107173 0.918455 0.044195 -0.228489 0.039991 
3.85639 2.48825 1.28032 1.61619 2.55734 2.69528 2.31681 1.59047 0.648524 -0.13582 -0.3201 -0.01397 
3.61232 2.4648 1.70829 1.99341 2.57325 2.38588 1.7873 1.15902 0.513756 0.0140833 -0.122282 0.011765 
3.79226 2.61578 1.61849 1.83132 2.50846 2.55875 1.93712 1.16705 0.471561 -0.0457652 -0.102295 0.013966 
3.50282 2.26675 1.43715 1.72093 2.44647 2.66468 1.97889 0.938202 0.24875 0.107086 0.085443 0.0645831 
2.89274 2.20961 1.77645 1.6822 1.79549 1.70899 1.33969 0.929139 0.648318 0.473689 0.289502 0.0402117 
3.32452 2.89286 2.56037 2.69828 2.48046 2.43082 2.11784 1.27531 0.835362 0.438068 0.150232 0.0852436 
2.74214 2.2646 2.07095 1.94887 1.76099 1.60693 1.34274 1.10231 0.813603 0.604707 0.35991 0.0641446 
2.72443 2.23907 2.05951 1.86059 1.66703 1.42245 1.18285 0.97406 0.723528 0.495452 0.267884 0.0464392 
2.96692 2.4745 2.35038 2.19477 2.1422 1.78876 1.71447 1.12382 0.74476 0.541054 0.284177 0.0810056 
4.37901 -0.383559 -1.72591 -0.60859 2.25317 0.526858 4.80237 -0.80384 -0.597943 0.382942 -0.113718 -0.0154765 
2.76721 1.00478 -1.54883 -0.669595 1.99655 0.274646 4.07681 -0.0864483 0.387136 -0.242898 0.118788 -0.0707819 
1.78959 1.31094 -4.27428 -0.343491 1.01377 0.195096 4.21099 -0.154788 1.16736 -0.143167 0.603307 -0.0269882 
3.79309 3.08836 -1.28962 0.788214 1.83922 1.74406 4.33168 -0.679792 1.0105 0.305097 0.421835 0.0660054 
4.4727 2.49483 0.155044 3.61488 2.46615 1.68016 4.24914 -1.28672 -0.0954881 -0.416675 0.754993 0.0250032 
3.03719 2.1216 2.14697 2.57809 2.03494 1.8607 2.18169 0.368165 -0.21327 0.316114 0.619133 0.0650212 
2.82159 1.951 1.57537 2.09411 2.07381 1.5105 0.988462 0.706314 0.54523 0.367154 0.423001 0.0663258 
2.81833 2.17619 1.83464 1.70534 1.44425 1.6091 1.41506 0.990546 0.751019 0.358916 0.37252 0.0636812 
2.59221 2.05691 2.1268 0.714436 0.899137 2.05188 0.94689 0.647434 0.942774 0.79946 0.167532 0.0487952 
2.27453 1.62954 2.00846 1.14351 1.91481 1.3446 1.6629 0.487449 1.21613 0.228668 0.201687 0.0699085 
1.71491 1.37801 2.21285 1.2088 1.52543 1.37156 1.72587 0.962001 0.569569 0.114 0.315803 0.0479738 
1.8897 1.25925 1.59957 0.938541 0.76192 0.657348 0.758066 0.0502199 0.776162 -0.0360442 0.0123755 0.0944071 
1.67782 1.23548 2.06215 0.825414 1.20001 0.585919 0.805623 0.0796231 1.16395 0.478339 0.187865 0.0388147 
1.45008 0.992038 1.82582 0.18652 0.948452 0.241343 -0.14183 -0.110129 0.867499 0.53019 0.244234 0.0645794 
1.59295 0.494212 1.00264 0.595845 0.279314 0.403716 0.722375 -0.655865 0.596828 0.107233 0.211637 0.110488 
1.32472 0.5845 1.09844 0.837906 0.666336 0.248325 0.485069 -0.79114 0.148219 -0.2737 -0.0455004 0.0472877 
1.36406 0.695893 0.960322 0.205365 0.664799 -0.534197 1.13154 -0.829546 0.630183 0.530474 0.0130224 0.103323 
