1.53293 0.0590121 1.27232 -0.209123 1.11639 -0.560371 1.1297 -0.404546 -0.221626 -0.0994458 0.149452 0.0134322 
1.59552 -0.217041 1.12637 -0.370238 0.888068 -0.238319 0.498693 -0.584742 0.0883543 -0.0526102 0.0803339 0.0272042 
1.59013 0.312872 1.55391 0.00885477 0.636141 0.0926555 0.903756 -0.396677 0.0463912 -0.434523 -0.0668404 0.118477 
1.3434 0.140789 1.30192 -0.59562 0.910126 0.0952495 1.01921 -0.553464 0.217608 -0.250031 0.0753088 0.0140473 
1.58334 0.439289 1.29299 -0.437875 0.882791 -0.358985 0.394011 0.117578 0.379451 -0.0296624 -0.00732137 0.0370624 
1.60506 0.0367092 1.21234 -0.0317269 0.700296 0.118543 0.756501 -0.737065 -0.0285018 -0.0347217 0.421125 0.0943648 
1.62263 0.216318 0.841917 0.126567 -0.192948 0.364258 0.822314 -0.581785 0.565591 0.0205334 0.223037 0.0331937 
1.68375 -0.152219 0.941036 -0.091189 0.916038 -0.991617 0.429507 -0.602695 0.244099 -0.143924 -0.0806683 0.0553561 
1.56517 -0.00157923 1.36916 -0.482821 1.09684 -1.16951 0.51337 0.0976181 0.42859 0.126419 0.019434 0.0360858 
1.10451 -0.52386 1.21756 0.0204836 1.09026 -1.27705 0.645777 -0.120564 0.215432 0.200297 0.0675337 0.0327177 
1.56086 0.369664 0.987213 0.00115261 1.48482 -0.582186 0.828082 0.0162783 0.143929 -0.19307 0.186458 0.0620743 
1.83824 -0.225078 1.05519 -0.397042 0.365279 -0.36633 0.499962 -0.512507 0.605525 -0.280366 -0.0243924 0.0788739 
1.83594 0.0102785 0.66493 0.0867061 0.857318 0.273637 0.937279 -0.138038 0.600874 -0.069766 0.0870348 0.0577784 
1.58708 0.174087 0.986292 -0.613512 1.16576 0.160671 0.757255 -0.465315 0.30591 0.0570069 0.100621 0.08796 
1.50979 -0.452093 1.52092 -0.297255 0.523836 -0.563948 0.818048 -0.377625 0.3813 0.0373395 0.0305635 0.121051 
1.62737 0.10463 1.52333 -0.123954 0.840357 -0.222841 0.737089 -0.100178 0.471407 -0.191306 0.0623835 0.0659812 
1.59029 0.364602 1.62494 0.506277 1.32024 -0.114229 0.851894 0.545257 0.553203 0.525847 0.119057 0.03532 
1.58745 -0.255522 0.700045 -0.26905 0.879858 -0.283187 0.497797 -0.771329 0.116557 -0.219757 0.120353 0.069862 
1.62323 0.209341 0.615465 -0.272554 1.47462 -0.649224 0.470757 -0.879572 -0.00483245 -0.589179 0.0950312 -0.011165 
1.40959 0.387129 0.713585 -0.283235 0.990984 -0.695075 0.769633 -0.576111 -0.116152 -0.361943 -0.0571459 -0.0306265 
1.52232 0.109025 1.41853 0.300882 0.755447 -0.208288 0.818351 -0.143153 0.42273 0.215261 -0.00359249 0.0267955 
1.29856 0.283777 1.45797 0.297901 0.657037 0.19881 0.564845 -0.0770242 0.442806 -0.0339764 0.140164 -0.0278155 
1.46718 0.167324 0.500768 -0.466203 0.787157 0.230938 0.857255 -1.09042 0.430685 -0.435192 0.00192532 0.101614 
1.4317 0.0915367 1.22497 0.533624 0.648177 -0.518592 0.734299 -0.394349 0.785071 0.281486 0.362083 0.0141327 
1.55318 0.3577 0.888464 0.159565 0.327586 -1.05018 -0.260509 -0.395223 0.492022 -0.027244 0.365568 0.06009 
0.313652 -3.76627 1.14559 1.01294 1.59116 -1.15053 0.568621 -0.440888 -1.15803 0.304675 -0.105772 -0.0543662 
-1.36444 -6.24169 2.06289 3.28772 2.14011 -3.53435 1.41074 0.135303 -0.543118 0.296094 -0.184214 0.0375286 
-0.177452 -4.62308 1.08134 5.6426 -0.729861 -2.65933 2.39862 0.800283 -0.10766 0.0742109 0.49542 -0.0222958 
0.658868 -4.48187 1.91176 5.02161 -0.920221 -3.72391 1.96436 -0.574905 0.315529 0.204623 0.213952 -0.0552824 
1.38933 -3.82039 2.25051 4.41637 -1.71729 -2.91147 2.3991 1.15514 -0.629475 -0.316837 0.379091 0.0154387 
0.885178 -3.01555 2.77102 3.34511 -2.45207 -2.40477 2.64389 0.764065 -1.50031 0.183798 0.519965 -0.0460826 
0.838623 -2.38656 2.51628 2.64181 -2.22104 -2.69208 3.16062 0.204692 -1.59069 0.132516 0.394121 -0.0317441 
1.25349 -1.85082 2.29401 1.81077 -2.20566 -1.14477 2.86832 0.286977 -1.04752 0.333025 0.44092 0.0322638 
1.7737 -2.18683 2.49917 1.91233 -2.30614 -2.01707 2.68512 0.0727773 -1.63052 0.176834 0.394677 0.00693977 
1.52408 -0.214346 1.36079 0.472668 0.0230977 -0.736149 1.27079 -0.147675 -0.652364 0.0752914 0.52964 -0.0523027 
1.84589 0.310346 1.50929 0.432049 0.631868 -0.887341 1.11073 0.174196 -0.117901 0.585925 0.516629 0.0928706 
2.55421 1.95545 1.73531 1.4964 1.33232 1.07516 0.799337 0.638687 0.391994 0.275918 0.16064 0.042533 
2.98933 2.63069 2.49996 2.36156 2.23922 1.9397 1.62481 1.18305 0.812531 0.495879 0.218532 0.081772 
3.2508 3.07246 3.07749 2.93537 2.63519 2.29757 1.86564 1.3456 0.910912 0.481385 0.178319 0.0892808 
3.18708 2.93761 2.86869 2.69623 2.42706 2.07496 1.7406 1.25011 0.906584 0.533672 0.219321 0.0906954 
2.76036 2.29835 2.08305 1.89604 1.76408 1.57998 1.38194 1.11927 0.823342 0.555367 0.287667 0.0566552 
2.76076 2.26241 2.07702 1.93515 1.76399 1.54812 1.3326 1.06411 0.799226 0.55001 0.335434 0.0611921 
4.1419 0.78706 1.14359 2.32278 2.4255 1.20788 3.53481 2.14979 -0.247046 -0.230596 -0.0465115 0.0895664 
4.92133 0.0668361 -0.340976 4.73781 2.18932 1.30977 4.28178 0.755191 -0.171792 -0.81191 0.521526 0.107119 
3.36361 1.38037 1.14736 2.80945 2.24386 1.19611 4.34432 0.157223 -0.257554 -0.626423 0.249187 0.097931 
3.05105 1.9845 1.48355 1.71538 1.80674 1.49178 1.44054 0.887261 0.280957 -0.0786481 0.0765261 0.0113274 
2.92433 2.28025 1.79251 1.6616 1.48918 1.33638 1.04924 0.595019 0.305874 0.0387921 0.0741469 0.00403287 
2.86866 2.38595 2.23976 2.05437 1.62247 1.20897 0.914537 0.690133 0.390029 0.211914 0.118732 0.0199947 
3.10553 2.63892 2.43428 2.38747 2.23585 1.75279 1.14585 0.690764 0.383349 0.214583 0.138734 0.027791 
4.53303 3.77424 2.99363 2.65926 2.14965 1.26219 0.792194 0.414968 -0.242954 -0.360367 0.211482 0.0344017 
4.90981 4.20509 3.32419 2.83946 1.83102 -0.0116211 -0.088881 -0.130768 -0.294836 -0.571035 -0.0948219 -0.039313 
4.58506 3.85111 2.84696 1.85577 1.63909 -1.93395 -0.114074 -1.23046 -0.402753 -0.722074 -0.156744 0.00398309 
4.64513 3.16146 2.52036 1.27564 0.276454 -1.95331 -0.723448 -1.37806 -1.12382 -0.905121 -0.069436 -0.0102079 
3.55435 3.12664 1.67651 0.40385 -0.303006 -1.035 -0.458824 -1.24026 -0.943626 -0.449021 0.0332381 -0.0322553 
3.71216 2.93213 1.48203 0.0220382 0.0235172 -0.811723 -0.221419 -0.800887 -0.872839 -0.285026 0.0277775 0.000547971 
4.03386 3.12612 2.08865 0.580013 0.544454 -0.803286 -0.360235 -0.431896 -0.718933 -0.188666 -0.0427661 -0.00868408 
3.95601 3.39325 2.05208 0.357937 0.692885 -0.882847 -0.104597 -0.939596 -0.716778 -0.0052857 -0.133645 -0.00109578 
4.20864 2.78499 0.754414 0.325923 0.531938 0.07201 0.10541 -0.514112 -0.49874 -0.521713 0.0573183 0.0213508 
5.37522 2.74707 -0.333053 -0.288149 2.15137 -1.25683 0.554571 -0.774366 0.13878 -0.488642 -0.0326293 0.126928 
5.90064 2.84135 -0.58133 -0.356652 2.23881 -0.328498 0.501154 -0.725437 -0.00965332 -0.530715 -0.111434 0.0644439 
5.28576 3.5625 0.092301 0.0808966 2.05655 -0.956527 2.16569 -0.669399 0.300045 -0.674587 -0.148473 0.0886271 
5.24419 3.16913 1.5361 0.542229 2.76598 -2.3195 1.39473 -0.222392 0.799958 0.271652 -0.25986 0.149473 
5.58099 2.51616 -0.213451 1.24999 2.13809 -0.840382 2.97598 0.502383 0.655494 -0.649828 -0.034052 0.156923 
4.36389 2.35222 0.867524 0.649651 1.96365 0.298432 2.57274 1.36391 0.714928 -0.392474 -0.13358 0.0357796 
3.94789 2.51758 1.11482 1.1495 1.24186 0.939502 1.69974 1.25239 0.355127 -0.295609 0.17411 0.0521916 
3.35939 1.85077 0.849245 1.29052 2.27185 2.52041 2.04625 1.18311 0.371638 -0.040874 0.0614186 0.0680511 
3.66665 1.73442 0.837139 1.81042 2.68202 2.70291 2.53556 1.72419 0.404195 -0.251266 -0.0882582 0.0894841 
3.58354 1.87448 0.9921 1.58545 2.13131 2.3277 2.53559 1.92275 0.424261 -0.287942 -0.0193918 0.068264 
3.45893 2.00543 1.1453 1.62562 2.21924 2.25757 2.10802 1.57445 0.532163 -0.132187 -0.0743141 0.0389675 
3.50516 2.02485 1.53506 2.32299 2.67912 2.10309 1.69954 1.42984 0.631448 -0.0313016 -0.0644159 0.0422996 
3.70426 2.23891 1.46604 2.11321 2.66555 2.29429 1.87905 1.61217 0.757648 -0.142482 -0.242661 0.00904315 
3.79093 2.09682 1.28784 2.14257 2.67068 2.15975 1.81048 1.66277 0.799857 -0.200302 -0.334153 -0.00911579 
3.73335 2.20917 1.24356 1.80223 2.72248 2.51841 1.6447 1.07007 0.734464 0.240506 -0.186818 -0.00679852 
3.68278 2.70105 2.06328 2.09681 2.22533 2.19884 2.08243 1.69315 0.736555 0.0773808 -0.155416 0.00505482 
2.86837 2.44579 2.25052 2.08625 1.86431 1.63505 1.38295 1.11027 0.803689 0.521142 0.268933 0.0653381 
2.78331 2.33234 2.14619 1.98506 1.78675 1.57312 1.3558 1.05232 0.822898 0.580291 0.330874 0.064355 
3.47492 3.09714 3.12382 2.83264 2.61654 2.3438 1.8817 1.4371 0.919771 0.612813 0.202628 0.0978827 
3.14018 2.94409 3.13347 2.61625 2.59861 2.29971 1.6726 1.40768 0.856465 0.406571 0.290594 0.0939702 
2.92263 1.73148 0.39084 0.937237 2.66814 2.44416 2.69666 1.13832 0.635618 0.610158 0.215395 0.0784657 
4.34129 1.27152 0.425357 0.503799 3.07602 0.890147 4.71677 1.38822 -0.334927 0.643721 0.0403446 0.161963 
5.6478 1.52809 -0.986775 2.79266 3.02504 0.484922 4.86192 0.50067 -0.404863 -0.7683 0.336301 0.148579 
4.97209 2.29646 0.994504 3.08302 2.3643 1.11541 3.52367 1.25107 -0.687212 -0.599687 0.0795798 0.0903743 
3.65226 2.55508 1.75852 1.90481 2.14459 1.58103 2.27401 1.02136 0.0980141 -0.315061 0.0297265 0.0243864 
3.06042 2.3573 1.74708 1.8735 1.65924 1.3741 1.80841 0.722255 0.326884 -0.0421915 0.301633 0.0403216 
3.00591 2.29017 1.64006 1.4353 1.60108 1.47314 1.72642 1.07273 0.799303 0.401728 0.398698 0.0596077 
