1.67791 -0.120427 0.998764 0.184861 0.128465 -0.208029 1.23905 -1.16096 0.103478 -0.0842604 0.111753 0.0153306 
1.53985 -0.0517189 1.47379 0.760857 0.388851 -0.422472 0.819441 -0.978501 0.399805 -0.290654 -0.00228456 0.0597015 
1.27061 -0.0835499 1.29185 0.131701 1.11815 -0.504655 0.553512 -0.650216 0.190111 0.101272 0.133426 -0.0291668 
1.34216 0.0849275 0.806478 -0.611008 1.17466 -0.423407 0.673939 -0.279954 0.117747 0.230421 0.232662 0.0263301 
1.31211 0.0391503 1.0159 -0.595476 0.873822 -0.484533 1.09873 0.08518 0.182237 0.125731 0.168168 0.00535526 
1.42637 -0.446663 1.22979 -0.332923 0.714094 -0.70622 0.771572 -0.727806 0.252805 0.20597 -0.143911 0.0155277 
1.23076 -0.249234 0.573071 -0.476647 0.50208 -0.57851 0.166229 -0.66231 0.259831 -0.0948666 0.251302 0.0496425 
1.2993 -0.307259 1.40308 -0.397264 0.426737 -0.376432 0.62186 -0.314655 0.142345 0.0345254 0.122415 0.0832162 
1.23971 -0.845598 1.40086 -0.511851 0.631218 -0.294579 0.19855 -0.414382 0.488525 0.0334269 -0.0220983 0.0638111 
1.51406 -0.0244217 0.935924 -0.470055 1.24889 -0.191413 -0.280928 0.213814 0.658469 0.199878 0.153889 -0.0313722 
1.49925 -0.331381 1.01737 -0.332604 0.492476 -0.563796 0.843204 -0.324626 0.0923119 0.183354 -0.112035 -0.0213111 
1.38121 0.133988 1.55669 0.0253519 1.44307 -0.164563 0.591756 -0.507752 -0.0825949 0.205861 -0.0649855 0.00425685 
1.59111 -0.013616 1.00499 0.469596 0.344966 0.187151 1.1755 -0.706256 0.0920818 -0.0508363 0.109213 -0.0199544 
1.53062 0.0211004 0.962801 0.0176945 0.657963 -0.298092 0.640206 -0.684509 0.601632 0.0103399 -0.0393356 0.0337213 
1.54159 -0.206918 0.857235 0.0840603 1.53973 0.0387899 1.06004 0.0688586 0.333719 -0.100254 0.215019 0.0164261 
1.56637 0.0753259 1.71667 0.0684049 0.959162 -0.403968 0.677215 -0.333332 0.441955 0.087328 0.167067 0.0394643 
1.84979 0.514719 1.68576 -0.814716 0.586862 -0.199131 0.758377 -0.847413 -0.150624 -0.195834 0.368022 0.0539338 
1.76569 0.400216 1.5433 0.652861 1.44592 0.337276 0.871226 -0.426845 1.02215 0.0707476 0.337449 0.0410689 
1.64264 0.690522 1.49537 0.149175 0.976563 -0.0246105 1.65176 0.167718 0.156535 -0.477167 0.184411 0.0584594 
1.52399 -0.17949 0.954447 -0.162309 0.91511 -0.220687 0.693735 -0.315974 0.143737 -0.265136 0.0277327 0.0169901 
1.48157 0.400814 0.96651 0.0429653 0.360216 0.252099 1.68 -0.315686 -0.11142 -0.242765 -0.118793 0.0138996 
1.5977 0.291959 0.610999 0.20787 1.00275 -0.509141 1.34461 -0.13948 0.324855 -0.0176345 0.216695 0.0245881 
1.436 -0.0165603 1.81078 -0.672477 0.946511 0.137774 0.329396 -0.19006 0.314058 -0.175163 0.125068 0.0738945 
1.40238 0.193762 1.51859 -0.440811 1.06073 0.247496 0.956896 0.0476415 0.0445555 -0.245518 0.169831 -0.0153404 
1.27505 0.113276 1.19441 -0.240658 1.12626 -0.347218 0.705317 -0.367589 -0.520602 0.0904866 0.0558355 0.111149 
1.54133 0.0494796 1.24338 -0.185861 1.19187 -0.340064 0.827416 -0.354449 0.159725 0.716388 0.0102729 -0.0196838 
1.50235 0.322287 1.23038 0.00713308 1.42876 0.103412 0.589134 -0.811571 -0.129935 0.327332 0.228421 -0.074483 
1.66849 -0.0112392 0.896631 -0.11134 1.06307 -0.444608 1.34472 -0.29665 0.123855 0.278376 0.224141 0.0539985 
1.46212 0.322111 1.29032 -0.881444 1.25655 0.0469664 0.937917 -0.583029 0.0658827 0.0692669 0.162571 0.0576806 
1.482 0.305564 1.349 0.237851 0.681664 0.111412 1.36266 -1.03264 -0.200982 -0.0664174 -0.101684 0.00774497 
1.62186 0.16974 1.17246 0.193768 1.08447 0.0613893 0.503523 -0.00838507 0.221229 -0.0324553 0.241291 0.0257578 
1.51664 0.194368 1.08513 -0.582081 1.52957 -0.0620138 0.858502 -0.230996 -0.215336 -0.116051 0.198342 0.0260213 
1.36384 0.0309696 1.20828 -0.223452 0.691765 -0.329312 1.16363 -0.553025 0.14517 0.0654368 -0.0815693 0.0282199 
1.39738 -0.279583 1.78914 -0.316613 0.775772 -0.2731 0.693219 -0.368245 0.456727 0.282041 -0.0409803 0.0341352 
1.25924 0.426299 1.39285 0.455453 0.705679 -0.349504 0.943486 -0.37178 0.407308 0.212192 0.0598453 0.0282685 
2.46633 -2.68018 0.43869 2.48327 -0.400672 -4.02746 3.17236 -0.0108294 -0.488534 0.064961 0.45118 0.178759 
-2.14661 -0.115432 3.47964 0.324356 1.40384 -5.87272 4.11403 0.172235 -1.35901 0.57977 -0.159853 0.0862966 
-2.33503 0.207573 1.18198 -0.942375 0.6894 -1.29041 1.19084 -0.331207 -0.158656 -0.0145653 0.624537 -0.0425521 
-2.69192 0.426509 0.471777 -1.09006 1.66709 -2.22949 1.80734 -0.919776 -0.431466 0.216497 0.247545 -0.0410278 
-1.19022 1.86517 2.03041 -1.68637 -0.353661 -2.02396 0.705362 -0.448955 0.558822 0.265868 0.767108 -0.0532779 
0.900623 1.34731 1.34727 -0.826317 0.606183 -0.938675 1.81542 -1.0341 0.524973 -0.358569 0.186927 0.0150284 
1.51568 0.425036 0.895802 0.0574648 -0.142455 0.217461 1.02374 -1.26495 1.11168 -0.0918238 0.0807907 -0.00540395 
1.54751 1.32026 0.15019 -0.972212 0.350752 -1.30326 0.783222 -0.395514 1.44379 0.38584 0.594865 -0.00145684 
1.77629 0.71 0.375028 -0.996818 0.00824418 -0.613469 0.899612 -0.688479 0.688758 0.200916 0.448254 0.0282128 
2.0498 -0.18854 1.2537 -0.502199 0.120895 0.298738 0.551626 0.0433175 0.136041 0.349301 0.25739 0.048609 
1.90097 -0.361493 1.42632 -0.817462 0.331002 -0.434221 -0.233538 -0.650609 0.741548 0.273968 -0.0303578 0.0375065 
1.72445 -0.0659979 1.13288 0.125689 0.636961 0.438545 0.869047 -0.375564 -0.0295506 -0.0924383 0.0292046 0.0440755 
2.07864 -0.0750364 0.951596 0.337923 0.657554 0.461145 0.375044 -0.494717 0.461291 -0.477275 0.165628 0.0694361 
2.06803 0.1053 1.36878 0.612125 0.0616731 -0.0725503 0.759628 -0.567706 0.00175748 -0.14321 0.275612 0.0538763 
1.88956 0.281531 0.962802 -0.576974 -0.0840781 -0.890976 0.439188 -1.07215 0.130401 0.166823 0.191088 0.0643838 
2.04633 -0.180422 1.04403 -0.304312 -0.304449 -0.751064 0.199784 -0.552011 -0.35008 0.0957857 0.0741475 0.119291 
1.65705 0.535246 0.570606 0.0216383 0.0799497 0.146788 0.38922 -0.571369 0.326645 -0.0995334 0.252559 0.0446845 
1.70048 0.00716911 1.5644 0.0571825 0.534723 0.308601 0.613979 -0.900804 -0.211808 0.193536 -0.00143533 0.0065071 
1.32597 -0.116637 1.46046 0.255498 0.616308 0.020979 0.125294 0.304914 -0.152542 0.190812 0.227622 -0.142629 
1.92597 0.183597 1.70459 1.41931 1.7775 0.990422 0.894547 0.284804 0.947933 0.757886 0.108597 -0.00965631 
3.13782 1.52692 1.97988 2.67986 2.83315 2.26773 1.02971 0.436091 1.69359 1.25146 0.216511 0.0539749 
3.57486 2.91753 3.08441 3.00802 3.35571 2.23519 1.1956 1.40256 1.23774 0.759366 0.16629 0.0917148 
3.05606 2.72646 2.54103 2.42917 2.25601 2.0195 1.62371 1.18223 0.802437 0.461178 0.238523 0.0824389 
2.89083 2.46282 2.31006 2.13863 1.95455 1.76513 1.46087 1.15734 0.800949 0.558766 0.310105 0.0746817 
2.94684 1.79962 1.73411 2.3347 2.2231 1.352 2.08728 1.04146 0.61227 0.805451 0.283952 0.0700948 
4.22299 -0.156183 -1.36978 2.84393 3.79721 2.14057 3.94066 0.0271736 -0.792311 0.461935 0.553118 0.0988164 
4.65174 0.436776 -0.755732 4.54141 3.29481 1.72704 4.46078 0.0410156 -0.00741826 -0.69841 0.66542 0.137032 
3.55483 1.43355 1.04829 3.14481 2.95948 1.82735 3.6915 0.0689261 -0.0974546 -0.362453 0.530859 0.164833 
3.25602 1.93574 1.48004 2.27995 2.52492 2.41044 2.10887 0.344247 -0.321309 -0.251739 0.361418 0.0863036 
3.5659 2.14588 1.83726 2.25797 2.01543 1.35449 1.2356 0.578101 -0.162309 -0.0605008 0.20789 0.0246573 
3.2296 2.31758 1.84355 1.92704 1.80613 1.27458 0.843955 0.362333 -0.0730773 -0.0286655 0.266269 0.0185468 
2.93307 2.36873 2.09463 2.01377 1.93701 1.64656 1.14408 0.570744 0.191423 0.142542 0.191273 0.0223605 
3.06662 2.53922 2.19924 1.93375 1.60539 1.18707 0.762709 0.408283 0.257553 0.189474 0.179925 0.0141557 
3.18208 2.58651 1.92705 1.52292 1.07787 0.943615 0.778667 0.19785 -0.144715 -0.256224 0.0193403 -0.0362084 
3.58766 3.02812 2.3611 1.32579 0.839892 -0.157968 0.0704147 -0.459233 -0.474697 -0.255657 -0.0481091 -0.0527655 
3.94808 2.88775 1.76054 1.03879 -0.117882 -0.489341 0.304075 -0.612692 -1.20759 -0.733143 0.0725553 -0.034651 
3.93428 2.70061 1.79201 1.01704 0.127065 -0.431824 0.0583708 -0.586742 -1.08721 -0.506068 0.0838088 -0.00597289 
4.84904 2.67871 1.7403 2.0898 1.43486 -1.93093 0.797681 -0.116526 -1.41366 -0.782103 -0.0541466 0.0813019 
4.61111 2.66276 1.67769 1.3186 1.40548 -0.316376 0.365422 -0.122365 -1.41573 -0.792937 0.0249949 0.0466319 
4.01345 2.72739 1.5656 1.28807 1.18198 0.0458424 0.333561 -0.165038 -0.962229 -0.689108 0.00214231 0.000765048 
3.87773 2.63254 1.8216 1.94914 1.62711 0.244402 0.0727375 -0.171989 -0.604852 -0.572895 -0.134576 -0.0402439 
5.67537 3.12276 1.54295 1.70811 1.74427 -2.61191 0.428043 -0.524844 -0.991904 0.0383988 -0.131771 0.082681 
5.18876 3.69223 1.36139 1.50708 2.15981 -1.63824 0.00114587 -0.896171 -0.0993865 -0.0229966 -0.287174 -0.0270101 
5.56244 3.63227 1.15276 1.17006 2.70752 -2.63018 1.18791 -0.66406 -0.139838 -0.394226 -0.504656 0.0857326 
6.2267 3.37905 1.05481 1.83945 3.14255 -2.2712 1.04997 -0.615527 -0.432426 0.0650647 -0.31982 0.0875413 
5.35904 3.93702 0.303324 1.90702 3.75208 -0.987764 2.20313 -0.902918 0.161139 -0.823408 -0.366712 0.0683988 
5.16967 3.28833 0.793275 1.8452 3.23115 -0.0363019 2.95649 -0.00327664 0.313017 -1.42974 -0.294414 0.0706573 
6.05371 3.13308 -0.934662 1.82982 3.9065 0.693392 3.31377 -0.144643 0.454636 -0.814033 -0.257425 0.0524751 
4.78311 2.78353 0.751486 1.48077 3.21927 1.98918 2.8539 0.330144 0.231281 -0.318263 -0.172489 0.0160889 
3.80937 2.01667 0.684817 1.35204 2.00944 2.43741 2.32263 1.1362 0.129059 -0.33858 -0.0851199 0.0381558 
