1.52396 -0.229034 1.8434 -0.234645 0.628067 0.0238902 0.117366 -0.644619 0.391644 -0.0171283 0.180482 0.0773543 
1.31734 0.0243356 1.27735 -0.0984021 0.83964 -0.283716 0.137462 -0.503709 0.131265 -0.0656206 -0.223325 0.0276542 
1.29281 0.0754814 1.04064 -0.252362 0.11763 -0.361158 1.13407 -0.626569 -0.0819263 -0.311649 0.195068 0.0839135 
1.39836 0.159844 1.02132 0.019557 0.868062 -0.53453 0.53461 -0.568302 -0.129653 -0.0349801 0.203044 -0.0021952 
1.31207 0.0563779 1.03432 -0.364221 1.14545 -0.271889 0.969123 0.0686353 0.241629 0.204047 0.135397 -0.036552 
1.40736 -0.168019 1.09189 0.305863 0.743143 -0.596498 0.845178 -0.221308 0.0885923 -0.572354 0.0386947 0.0272545 
1.43898 0.503303 1.50246 -0.606512 0.834682 0.259193 1.73083 -0.2061 -0.0153348 0.310974 0.190336 0.0162515 
1.6252 0.477125 0.921325 -0.174434 0.946832 -0.043409 1.26561 -0.150018 0.0356553 0.121828 0.0230934 0.00372074 
1.46194 0.11137 1.41884 0.933001 1.16579 -0.0965768 1.01625 -0.457074 0.14559 0.21294 0.0990383 0.0270263 
1.55681 0.0559312 1.44233 -1.04408 0.377583 0.263784 1.0376 0.0402562 -0.0184521 -0.0844158 -0.0605568 -0.0272622 
1.34446 -0.106616 1.49378 0.0544917 0.550337 -0.198166 0.880476 -0.870314 -0.217454 0.0879718 0.0486198 0.00417724 
1.52216 -0.170432 0.877559 0.00412695 1.56959 -0.410073 0.270495 -0.164624 -0.236812 0.315142 0.00873962 0.0650399 
1.56274 0.0699562 1.14184 -1.11414 1.29982 0.738163 0.504102 -0.637163 -0.0343541 0.126058 0.445065 0.0665142 
1.61693 -0.0568026 1.58312 -0.0837787 0.821654 0.466494 1.29471 -0.0992541 0.320168 0.235829 -0.0526919 -0.027161 
1.51334 -0.151587 1.12829 0.0645164 0.377957 -0.184466 0.570188 -0.563061 -0.123513 -0.253777 0.00350777 0.0296799 
1.71413 0.316872 1.12299 -0.283634 0.872432 0.0401166 0.526181 -0.110125 0.393365 -0.0286767 0.162265 -0.0129881 
1.33997 -0.0950966 0.997281 -0.423816 0.633902 -0.902017 0.199749 -0.390744 0.0882703 -0.100685 0.0364515 0.0388385 
1.40509 0.0541907 0.877605 -0.235536 0.867273 -0.40101 0.73935 -0.562959 0.658805 0.0138188 0.256993 0.018182 
1.51472 -0.164861 1.163 -0.152359 0.806593 0.219799 1.43871 -0.32446 -0.0148842 -0.289809 0.26141 0.0477327 
1.68286 -0.305133 0.898757 -0.131886 -0.0828447 -0.982467 0.718242 -0.271512 0.462988 -0.125192 0.338476 0.111758 
1.2275 0.330682 1.50447 -0.0194996 0.359698 -0.191676 1.0581 -0.158999 0.218837 -0.0621469 0.119055 0.0487699 
1.47206 0.0262991 1.28704 0.02868 0.876196 0.439882 0.761556 -0.550538 0.4932 0.0130895 0.124577 0.026382 
1.55516 -0.27493 1.70829 -0.634161 0.417415 -0.674285 1.01276 -0.991885 0.257058 0.108612 0.0132594 0.0763753 
1.47125 -0.0869278 1.4457 0.364311 1.11335 -0.415006 1.02597 -0.153486 0.683319 0.0406758 -0.171075 -0.0121029 
1.71176 -0.101385 1.26944 0.336079 1.13423 0.735014 1.10923 0.00906048 0.539725 0.0771295 -0.162741 0.015751 
1.81042 0.407732 1.45898 0.0820741 1.16825 -0.403233 0.782165 -0.371259 0.494009 0.337847 0.140475 0.103497 
2.63273 2.06197 1.93516 1.69563 1.54887 1.46886 1.52672 0.995235 0.945361 0.574406 0.293799 0.0643247 
2.74565 2.2812 2.13181 1.98104 1.75393 1.56048 1.30529 1.05361 0.82499 0.557491 0.317174 0.0641213 
3.06437 2.77846 2.63482 2.49186 2.2506 1.84637 1.5639 1.15822 0.835292 0.499746 0.229344 0.0819045 
3.72064 3.62775 3.31143 2.88649 2.27506 2.02219 2.25039 1.92123 1.36247 0.609883 0.110466 0.0855172 
3.15607 2.88116 2.83016 2.74788 2.54492 2.13561 1.66633 1.17545 0.888674 0.555256 0.225307 0.0929698 
2.83275 2.40414 2.28208 2.11405 1.88785 1.69963 1.33838 1.00726 0.672948 0.436408 0.232438 0.0604833 
2.80649 2.22788 2.27233 2.25906 2.19537 1.52203 1.3587 1.3133 0.975311 0.623381 0.261698 0.0760806 
3.58692 0.0850391 -1.15091 2.17734 3.39509 1.57803 3.58123 0.716523 0.616614 0.176644 0.0616359 0.0449672 
4.83813 -2.55372 -2.46654 4.332 3.16968 0.638548 5.06865 0.438259 0.213744 -1.05307 0.590587 0.137564 
5.2365 -1.91534 -1.89077 3.56632 3.2796 0.204394 5.33996 0.709271 0.342546 -0.991614 0.363752 0.228503 
5.15203 0.048645 -1.23293 3.17993 3.60445 0.535987 4.59595 0.3813 0.340369 -0.954255 0.27578 0.218157 
5.47369 1.81181 0.187818 2.70896 2.00525 0.330953 3.14542 0.337233 -0.231047 -0.590663 0.37905 0.153259 
4.81529 2.14372 0.782382 2.11469 2.41388 0.714863 2.11692 0.473339 -0.101027 -0.589836 0.219302 0.146129 
3.27739 1.80559 1.11085 1.80538 2.44282 1.92968 1.617 1.13836 0.327165 -0.10676 0.242518 0.0716828 
3.27051 2.23757 1.83329 2.12128 2.2092 1.74389 1.2451 0.725854 0.197274 0.0450516 0.192785 0.0397218 
4.61897 3.38655 2.35956 2.32211 1.67196 0.379952 0.128584 -0.273418 -0.758363 -0.765295 0.0889272 0.00795263 
5.25778 3.48627 1.39261 1.84188 2.35303 -1.25774 0.4589 -0.906261 -0.573681 -1.18685 -0.198345 0.0440871 
5.15974 3.50617 1.39359 0.388821 1.8019 -2.10566 0.488197 -1.66021 -0.977605 -0.756856 -0.260094 0.0791471 
5.80428 3.57294 1.15606 -0.0238929 3.34408 -2.72368 -0.288262 -1.82017 -0.708465 -0.23204 -0.565989 0.0762142 
5.76574 3.85103 1.74727 1.26879 2.97326 -3.12165 -1.24519 -1.34818 -0.465918 0.270996 -0.457399 0.0241962 
4.88326 3.91328 2.77025 0.358964 2.46578 -3.54039 -1.35684 -0.933176 -0.429792 -0.0220463 -0.421845 0.0541039 
5.43277 4.09231 2.25906 -0.371253 2.38202 -2.89463 -1.43366 -0.924102 -0.566991 -0.0243746 -0.317225 0.00587172 
5.48517 4.48176 2.59394 -0.68319 3.18309 -3.27134 -0.767844 -0.871407 -0.298957 0.0402424 -0.529158 0.0347169 
5.1955 4.37359 2.30909 -1.34984 3.31513 -2.01543 0.461176 -0.121807 -0.276908 -0.30041 -0.318656 0.0652528 
5.54659 4.56838 2.00564 -1.71883 3.35536 -1.93417 0.20438 -0.582366 -0.198043 0.114119 -0.249624 0.0889931 
3.90884 3.53558 2.21101 0.500381 1.18947 -1.00755 0.611377 -0.654648 0.0489077 0.167994 0.0722602 0.07402 
3.63861 2.60223 1.16502 0.447054 0.690157 -0.576893 0.408656 -0.345776 0.207557 0.12806 0.182367 0.0534385 
3.93595 2.78583 1.08452 0.131197 0.669039 0.766344 0.939252 0.104542 -0.0461274 -0.0696433 0.00691979 0.0201972 
3.89404 2.79942 1.09578 0.381309 1.40587 0.78322 1.80289 0.305217 -0.0243037 -0.408123 -0.154094 0.00193343 
4.30994 2.99022 1.05886 0.525218 1.12522 0.949077 1.60268 0.767277 0.512807 -0.182723 0.0524036 0.013304 
3.85579 2.60871 1.14062 0.771425 1.54972 1.4865 1.41851 0.640764 0.497934 0.213482 0.181948 0.0452638 
4.79206 2.67636 0.427534 0.508768 2.10445 2.57503 1.90028 0.917878 0.351087 0.0512325 0.155653 0.0773437 
4.33208 2.2163 0.509943 0.914798 2.23094 2.50367 1.93052 1.35483 0.691965 0.184443 0.0455415 0.0308733 
4.33219 2.77044 1.11212 0.731037 1.26682 1.95969 2.51675 2.01973 0.50976 -0.304871 0.031412 0.0290695 
4.31245 2.99929 1.55722 1.28847 1.81933 2.12405 2.14188 1.79152 0.860077 -0.0441314 -0.0621183 -0.00539745 
3.09782 2.48788 2.07149 1.88676 1.69711 1.34825 1.09963 1.06485 0.861983 0.357775 -0.00866517 0.0278198 
2.88535 2.27427 1.83649 1.52773 1.44453 1.50934 1.4432 1.08311 0.549922 0.176759 0.0614425 0.0194588 
2.97476 2.4626 2.0626 1.76611 1.72048 1.75811 1.58543 1.04948 0.461945 0.188619 0.128862 0.0351295 
4.07515 3.10726 2.02729 1.80086 2.39459 2.76353 2.59069 1.84976 0.662688 -0.151242 -0.0628424 0.0263287 
4.79047 3.18443 2.13531 2.56476 2.80133 2.0284 1.53889 1.9156 1.50922 0.308505 -0.17553 -0.0507907 
3.42619 3.04785 2.80269 2.58002 2.28719 1.79942 1.3741 1.07886 0.645481 0.18005 -0.081502 0.00981754 
2.98093 2.5353 2.32531 2.14995 1.87589 1.44187 1.02798 0.674471 0.38752 0.130103 -0.0137401 0.00390448 
3.04249 2.53536 2.17214 1.86208 1.57685 1.3825 1.13803 0.84222 0.564216 0.280865 0.0223308 0.0175672 
3.13317 2.85071 2.72345 2.5166 2.36138 1.96693 1.51607 1.10347 0.610592 0.232544 0.051169 0.0409911 
2.96813 2.50672 2.308 2.19668 1.98221 1.76977 1.58545 1.17649 0.807474 0.488383 0.196907 0.0682694 
2.83216 2.44109 2.24771 2.07943 2.00783 1.85744 1.48288 1.23414 0.868357 0.582576 0.355955 0.0816492 
2.57523 1.99551 1.84192 1.43124 1.43512 1.22793 1.03692 0.742433 0.396526 0.289862 0.187898 0.0232822 
2.45892 2.12851 2.35993 1.82837 2.12073 1.60909 2.00361 0.861851 1.00322 0.592956 0.277429 0.0724523 
2.26474 1.84304 2.37487 1.87188 1.92739 1.0522 1.54735 1.22374 0.787637 0.503882 0.559925 0.0394334 
4.59345 1.06057 -3.1574 -2.90585 2.35971 1.20362 4.22149 -0.0427505 -0.253494 -0.860309 -0.458889 0.068344 
3.4369 -0.832443 -3.63242 -2.50376 1.55774 1.31848 4.29188 -0.737902 -0.315776 -0.313158 -0.00967921 0.146135 
3.1301 -0.882291 -3.07499 -1.98064 0.486524 1.32237 5.42292 -0.551119 -0.00622529 -0.0142157 0.137678 0.094496 
3.39013 1.07515 -1.63257 -1.41081 2.45471 1.38931 4.80799 0.378658 1.11034 0.0129071 0.357136 0.122455 
3.6567 1.20597 -0.89984 -0.409846 3.6106 2.40783 4.03061 0.0894766 0.720456 0.0676146 0.563766 0.250924 
2.71957 1.92152 0.497745 0.770644 1.91301 1.62319 2.99227 0.842978 1.4654 0.743408 0.636695 0.0522643 
2.71815 2.23734 1.8034 1.25128 1.8852 1.43859 2.03754 0.660457 1.42666 0.652301 0.478487 0.0932386 
2.1725 1.61282 2.13432 1.40032 1.96346 1.22598 2.24684 1.5496 1.24483 0.726538 0.39935 0.0681469 
1.91913 0.962408 1.25487 0.423276 0.651668 -0.142388 1.51221 0.960922 0.561478 0.684906 0.392446 0.0116654 
1.52528 1.13594 2.02752 0.749474 0.638 0.625471 0.306453 0.501672 0.769041 0.205704 0.329919 0.0632005 
