1.43938 -0.548192 1.37567 0.41612 0.863073 0.150111 1.28333 1.03385 0.0778933 -0.242559 0.0625551 -0.00513185 
1.27639 -0.269497 0.595089 -0.13713 0.92841 0.0586276 1.46719 -0.189248 -0.219822 -0.372383 -0.0689801 0.0178593 
0.997228 -0.688089 0.563629 -0.324142 0.674635 -0.435154 0.647505 0.134954 0.114607 -0.705591 -0.111783 0.0446294 
1.32287 0.0020137 1.03595 0.186836 0.992389 -0.468271 1.08791 0.336613 0.384433 -0.188883 0.124929 0.107569 
1.3241 0.215522 1.18725 -0.358694 1.10132 -0.620524 0.762926 0.232407 -0.363917 -0.300187 0.0159378 -0.0401206 
-1.04114 1.6957 0.679677 -0.880919 2.03187 -1.05077 -0.413952 0.263125 0.0668557 -0.786591 0.259609 -0.102175 
-3.62069 2.37306 -2.32554 -2.03689 4.44208 1.43097 -0.648163 0.085972 -0.934449 0.551479 0.0611603 0.0215014 
-1.79483 0.448652 -2.61641 -1.3893 4.09921 0.374131 0.0956891 -1.21749 -0.344092 0.50393 0.07049 0.117385 
-0.0148208 1.27805 -0.120458 -0.572788 2.13575 -0.436656 0.540793 -0.769691 -0.486432 0.335787 0.0677211 0.239139 
1.13813 0.286191 1.46436 0.42723 1.69642 -0.486907 0.217117 -0.445589 0.551667 -0.44539 0.192658 -0.0427235 
1.52737 0.0835259 0.468362 0.304382 -0.21355 -0.0467078 0.896119 0.273716 0.930534 -0.747129 -0.00248311 0.0417766 
4.90363 -5.19695 -0.667852 4.06766 1.29166 0.0908452 3.09124 1.02108 -1.17202 -0.600442 0.258524 0.0794661 
2.2276 -3.22901 -0.566574 3.48676 1.81453 0.787646 2.33159 1.48726 0.0665854 -0.484598 0.170644 0.0521996 
1.5722 -5.47979 -2.21974 1.73488 1.14143 0.315633 3.75863 0.459438 -1.08846 -0.0879736 0.429002 0.0476505 
3.23803 -3.35144 -0.866111 0.258953 1.88576 0.991128 4.44549 -0.282564 -1.32222 0.114651 0.189638 0.0557589 
3.43802 -3.62232 -0.965172 1.77003 1.07465 1.28592 4.0219 -0.0944149 -0.48552 0.0229628 0.276102 -0.0925889 
3.04956 -1.82867 0.162269 1.70627 3.21762 0.463231 2.55379 0.487297 -0.189863 0.787396 0.253684 -0.166102 
2.05656 0.63832 1.60802 2.25539 1.88345 0.0575845 1.82566 0.265475 0.638327 0.689372 0.375753 -0.135711 
2.11759 1.42433 2.26103 1.6752 1.82308 1.76194 1.01492 -0.567553 1.65238 0.218779 0.138022 -0.0282437 
-1.80042 -1.87704 2.46855 2.15121 6.41672 -0.771766 -0.375114 0.866977 0.430957 0.124702 -0.0666577 0.140684 
-1.22908 -1.51954 2.66629 1.38667 6.3879 -1.48259 1.34459 0.69172 -0.275658 0.684347 -0.300792 0.0676383 
-0.0830012 0.545609 3.94789 1.46427 4.10596 -1.01789 0.92021 1.06278 1.63281 -0.66908 -0.327149 0.21422 
1.52852 1.19293 2.99545 0.325064 2.71103 0.78085 1.03347 -0.0103202 1.64329 -0.0209401 0.100428 0.00988663 
1.81786 1.00494 2.789 0.977291 1.45415 0.0200403 0.992295 0.507171 0.83774 0.212865 -0.0474783 -0.0239522 
1.49405 0.946852 1.65521 -0.0457388 0.112179 0.273757 0.872072 -0.406381 0.545553 -0.185101 0.173495 -0.0840834 
1.57063 0.908814 1.25163 0.116046 0.351145 -0.0101309 0.481242 -0.69686 0.894548 -0.111537 -0.0479189 0.00218843 
1.80604 0.805717 1.42482 -0.381437 0.873619 0.094191 0.986036 -0.571431 0.581598 -0.0913897 0.0885105 -0.000987235 
1.4892 0.912553 1.41167 -0.144955 0.206078 -0.199879 1.34329 -0.148935 0.689677 0.032945 -0.296122 0.037228 
1.61569 1.06957 1.46936 0.375345 0.289315 0.370498 0.482678 -0.928637 0.634862 -0.244093 0.33689 0.00926148 
1.47608 1.44356 1.56532 -0.135411 0.740736 -0.552961 1.00276 0.506396 0.454733 0.0475425 0.249533 0.0247761 
2.35312 2.23175 2.09116 1.2717 1.35611 1.07404 0.967397 0.749485 0.764555 0.451563 0.221048 0.0344604 
2.59656 2.37874 2.37674 1.45279 2.20922 1.77761 1.4293 0.832131 1.07583 0.509713 0.252642 0.0756341 
2.70565 2.15019 2.47031 1.8453 1.79041 1.97052 1.65634 1.12463 1.1067 0.460992 0.40659 0.0884972 
2.44073 2.36773 2.7396 2.0107 2.3115 1.8238 1.8123 0.991062 1.35029 0.473733 0.369929 0.11007 
2.93476 1.43786 0.36652 1.04673 2.28972 1.32013 2.17572 0.967946 0.195805 -0.0161601 0.235959 0.0914703 
5.31296 -2.06334 -3.60104 3.07047 4.53563 1.80278 3.51987 0.875112 0.142414 -0.996068 0.22221 0.260503 
4.62012 -0.736536 -2.15506 2.35751 3.74243 2.25599 2.56727 1.87538 0.0706923 -0.569059 0.0977438 0.245434 
4.32094 0.604365 -0.18085 2.48199 3.31581 1.4653 1.96305 1.54115 0.197891 -0.411581 0.288474 0.239616 
5.19366 2.0207 0.393435 2.007 2.98207 0.472238 1.24741 1.23119 0.223574 -0.589789 0.242166 0.264364 
4.39069 1.37993 0.332328 1.78813 2.29484 1.29235 1.5971 1.52405 0.445789 -0.215803 0.0887592 0.088715 
3.55958 1.62929 0.148079 1.70457 2.87025 1.10845 2.18258 1.97181 0.238774 0.119635 0.237458 0.138675 
4.1381 2.94613 2.12487 2.08464 1.38887 0.287322 0.119544 0.0367211 -0.439664 -0.444368 0.16565 0.0191811 
5.44458 2.80732 1.15127 2.00733 1.53593 -0.556336 -0.875259 -0.243692 -1.03265 -1.21763 -0.0684502 0.108857 
6.81722 1.70711 0.434524 2.38276 0.9115 -1.14403 -0.844054 -0.358967 -0.856559 -1.01501 -0.126957 0.154381 
6.31275 1.49654 -0.149366 1.66591 1.23972 -1.45895 -0.823066 -0.698961 -0.763331 -1.27251 -0.197533 0.186706 
7.29472 0.25092 -0.170161 1.45928 2.2569 -3.04034 0.629795 -1.12283 -0.82056 -0.916069 -0.425361 0.275215 
6.60072 1.17291 0.289473 0.664211 2.46117 -2.35013 -0.488788 0.0347141 -1.13715 -0.839318 -0.367391 0.149312 
4.84802 2.20632 0.324813 0.894546 2.00373 -1.67476 0.212268 0.410182 -0.196906 -0.524776 0.0780452 0.19366 
4.40241 2.24482 0.699762 0.856972 1.11748 0.224986 0.308749 0.252628 -0.371091 -0.428204 0.41901 0.153709 
3.93356 2.25044 1.05702 1.41607 1.54932 1.05495 1.01099 0.513888 -0.243982 -0.570283 0.153633 0.0556718 
5.20793 1.77061 0.577514 2.06795 1.86984 0.562885 1.27214 1.45587 -0.057963 -0.778147 -0.161275 0.0881511 
5.39866 1.35353 -0.681001 2.00942 2.98068 1.66626 2.08258 1.41945 -0.332612 -0.516713 -0.2663 0.0550341 
4.23302 0.913505 -0.0412048 1.89211 2.83256 2.32431 2.07925 1.05605 -0.518394 -0.586827 -0.112363 0.0983178 
4.6287 1.00323 -0.763735 1.63586 3.15658 2.21929 1.81347 1.33905 -0.170839 -0.540866 -0.130919 0.108493 
3.22018 1.02954 0.37374 1.58012 2.44163 2.33995 2.04734 1.07117 -0.409876 -0.682157 0.128353 0.11712 
2.83906 1.38355 0.798546 1.52503 2.45902 2.57924 1.90944 0.767737 -0.239823 -0.427207 -0.0607006 0.0771423 
4.0054 0.942777 0.16902 2.1177 2.48017 1.80024 2.34852 1.90642 -0.268812 -0.89478 0.0554174 0.183895 
4.28691 0.727551 0.436544 3.02388 2.77198 1.81144 3.02712 2.0596 -0.737098 -0.612197 0.0820347 0.188815 
3.96297 0.369027 -0.214393 2.53436 2.88752 1.76816 2.38982 1.90873 -0.361468 -0.691186 -0.0180409 0.176011 
3.83744 0.902902 -0.935482 0.479534 2.75195 3.4036 2.46175 0.779423 -0.347425 -0.254806 -0.0243941 0.0749551 
3.40648 2.16855 1.02937 1.02052 1.8126 2.24997 1.9935 1.35624 0.587199 -0.036498 -0.194716 -0.0066075 
2.95611 2.39289 1.99245 1.74837 1.58895 1.61758 1.69655 1.42216 0.852126 0.337626 0.132217 0.0521704 
2.93905 2.31804 1.99762 1.74654 1.81122 2.0208 1.83526 1.37596 0.760477 0.207632 0.103854 0.0543335 
3.44741 -0.706621 1.20016 -0.676795 4.54301 1.11048 1.91428 1.18955 0.162817 0.07707 -0.256638 0.0911307 
3.51567 -2.19954 -0.645749 -1.81223 4.85013 0.857476 1.77953 0.651484 -0.292697 -0.506951 -0.371054 0.0976423 
3.42395 -1.30776 -1.40653 0.139956 3.17629 0.593361 1.34364 0.602304 0.332829 -0.269957 0.0343676 -0.0599511 
3.60487 -0.406106 -1.36682 -0.0875843 2.67647 1.17343 1.20713 0.948597 1.04938 0.262398 0.345777 -0.0707741 
2.72448 0.772951 0.330668 -0.75307 2.63525 2.04466 2.3156 0.669353 0.910028 0.513506 0.481032 0.0184784 
1.66211 0.815394 0.649234 -0.0590996 1.33881 0.522633 1.83229 1.06666 1.20508 0.911431 0.0671844 -0.112168 
1.35179 0.73022 1.04111 -0.384404 1.38804 1.06562 1.61211 0.396393 1.33879 0.278671 0.000812797 -0.126186 
1.84695 0.764297 1.34944 -0.190244 0.367816 0.565298 1.07253 1.32905 1.41133 0.521759 -0.324428 -0.0334346 
1.30559 1.25398 1.14064 0.19802 0.944832 0.337101 1.71124 0.773928 1.10475 0.773945 0.0801564 -0.0551732 
1.16194 0.686782 2.22298 0.178351 0.471623 0.29075 1.30721 0.351742 0.802285 0.51402 0.405733 -0.0771982 
0.986237 0.714871 1.75742 0.0443798 0.540677 0.639305 0.52653 0.641655 0.772424 0.920336 0.0830636 -0.0340965 
1.32403 0.671525 1.52521 0.455847 0.193307 -0.293357 1.30885 0.405843 0.343359 0.144664 0.267157 0.0149452 
0.843801 1.11209 1.90397 0.300969 0.351357 0.424313 1.17477 -0.452715 0.472141 0.264363 0.108183 -0.0339706 
1.04089 0.663592 1.77944 0.284939 0.572748 0.234799 -0.102127 0.480684 0.451126 0.0515533 -0.125445 0.0164656 
0.993214 0.814918 1.9432 0.14068 0.766992 -0.371615 0.404738 0.282614 0.168488 0.432968 0.0148643 -0.04432 
0.620373 0.327628 1.35461 0.202535 1.00658 0.15206 0.796075 0.281874 0.241464 -0.200213 0.1552 0.0207939 
0.708121 -0.0161313 1.43261 0.0943768 0.0654363 -0.341226 0.381695 -1.00248 0.0887545 -0.164011 0.0808055 -0.0200357 
0.755261 0.373382 1.34132 -0.96455 -0.121997 -0.56042 0.533382 0.144066 0.0620118 -0.12757 0.218512 -0.0607114 
0.691983 0.914509 1.37197 0.0731231 1.39565 -0.107412 0.021182 0.128566 0.0990207 -0.0241269 -0.000724677 0.00337359 
0.663261 0.541367 1.95023 -0.0343898 0.344748 -1.16964 0.195653 0.161787 0.0764921 -0.0562689 -0.17006 0.0143606 
0.575709 0.286893 1.41461 0.381271 -0.186674 -0.743967 -0.0660985 -0.234512 0.231497 -0.183685 0.0758625 -0.0956226 
0.726317 0.796615 1.12832 -0.0608918 0.656975 -0.353544 0.317666 -0.188449 0.578303 0.0735589 0.000623742 0.0275451 
