1.22147 0.0186535 1.10183 0.0736952 0.931337 -0.854248 0.671982 -0.730808 0.214102 0.080652 0.164426 0.0563995 
1.18951 -0.26795 0.861836 -0.0297589 1.18255 -0.621353 -0.271431 -0.348193 0.502221 0.185598 0.0107707 -0.0200784 
1.61195 0.124951 0.53426 0.00238976 0.542639 0.601492 1.56415 -0.2074 -0.163874 -0.297121 0.342664 -0.0365292 
1.62111 0.246944 1.35087 -0.188738 0.459524 -1.0169 0.256167 -0.251113 0.147357 -0.263112 -0.103286 -0.00195046 
1.35111 0.504725 1.56364 0.269098 0.731566 0.202388 0.453485 -0.476132 0.0967195 -0.175012 0.088588 0.0507211 
1.62774 -0.172732 1.26674 -0.264921 0.463957 0.104122 0.950495 -0.132774 0.281363 -0.279185 0.234588 0.106539 
1.11416 0.1302 1.12118 0.0472949 1.14531 -1.16866 0.485178 -0.281958 0.36616 0.277325 0.107555 0.0346082 
1.51256 0.138928 0.819328 -0.0146235 2.26817 0.566826 0.33026 -0.886776 0.232578 -0.0173153 0.384995 0.0487247 
1.38757 -0.105221 1.36504 -0.110747 0.646043 -0.146864 0.509124 0.109386 0.119321 -0.0968339 0.431023 0.0866792 
1.43669 0.361764 0.888187 -0.300916 0.556214 -0.154132 1.1137 -0.652011 -0.3181 -0.394101 0.0823439 -0.00321843 
1.49211 0.220111 1.32858 -0.243817 0.851263 0.17895 1.2612 -0.166748 -0.0408281 -0.325927 0.310755 0.00371085 
1.61437 0.169776 1.46962 0.318014 0.339297 -0.323048 0.537572 -1.06275 0.344977 -0.126317 0.425707 -0.000408818 
1.51686 -0.0133612 1.18819 -0.193875 0.722233 0.0530187 1.36664 -0.186232 0.0476098 -0.0288721 0.0778165 0.0668208 
1.5361 -0.320752 0.808617 0.363535 -0.0529746 -0.153015 0.262197 -0.0090698 0.412056 -0.0770336 0.0494406 -0.00281177 
1.81272 -0.127329 1.14894 -1.06327 -0.124049 -0.37245 0.0711358 -0.588141 0.561549 0.240633 0.529315 -0.00517499 
1.83462 0.417893 1.5373 -0.463318 1.07281 -0.239464 0.965499 -0.580619 0.338936 -0.147018 0.201264 0.0982109 
1.72477 0.0185427 1.10469 -0.250543 0.146244 -0.130415 1.10269 -0.409382 0.8221 0.232205 0.21969 0.0374514 
1.63276 0.107778 1.25244 -0.698011 0.43413 -0.48417 0.801985 -0.41776 0.394346 0.497083 0.185822 0.0763111 
1.12674 0.200788 1.2147 -0.402079 0.919365 -0.500318 1.05205 -0.309786 0.0444092 -0.314212 0.0034404 -0.092513 
1.35811 -0.12072 0.820744 -0.218579 0.752299 -0.0115121 1.15799 -0.345937 -0.0515092 -0.529394 0.12111 0.0692895 
1.48276 0.528564 0.935134 -0.132806 1.00898 -0.477832 0.537113 -0.768809 0.588428 -0.00454575 0.0879338 0.0668459 
1.40964 0.339311 1.26559 0.0134036 0.660171 -0.0671735 1.25403 -0.674986 0.264015 -0.209855 0.156802 0.0270243 
1.44452 -0.415446 1.27726 -0.281743 1.26099 -0.39395 0.757162 -0.898602 0.0977926 0.0846618 0.12277 0.074751 
1.476 -0.425549 1.09925 0.137913 1.45426 0.00131409 0.293656 -0.339874 0.201448 0.274387 -0.0409854 0.00950884 
1.5842 0.079671 1.34332 0.423122 0.72501 -0.171168 1.28325 0.0465544 0.346072 -0.3276 -0.0426682 0.0349833 
2.08242 1.35741 2.00264 1.30625 1.20441 0.945752 1.07145 0.632773 0.0891903 0.175306 0.151399 0.00794847 
2.81534 2.3249 2.16075 1.94552 1.64893 1.40337 1.10801 0.740294 0.524677 0.338784 0.159161 0.053821 
2.86264 2.47282 2.30742 2.15261 1.95492 1.73112 1.44619 1.12393 0.817017 0.534611 0.284303 0.0742415 
2.88228 2.48125 2.32702 2.22638 2.01424 1.75585 1.52151 1.16955 0.887623 0.568626 0.321263 0.0848296 
3.06535 2.68274 2.60614 2.4571 2.19792 1.93616 1.63093 1.26847 0.891072 0.530346 0.283051 0.0925977 
3.20141 2.9241 2.83666 2.67302 2.3973 2.07409 1.61853 1.20926 0.829735 0.541557 0.296271 0.0958541 
3.06624 2.11827 2.31865 2.81721 2.06464 1.98048 2.06932 0.688141 0.83267 0.788243 0.236918 0.0711738 
3.72254 -0.229893 -1.36919 2.80144 2.94569 0.689212 4.15407 1.37122 0.118351 -0.381966 -0.027248 0.05894 
3.78308 0.693975 0.847112 3.88193 1.91986 1.64727 4.00953 1.20954 -0.324782 -0.371566 0.287236 0.105468 
4.85935 1.37964 0.558452 3.08125 2.32069 0.907338 3.92767 0.680882 0.110713 -0.709875 0.243228 0.126115 
5.36329 2.63763 1.2284 2.57155 1.48618 0.473128 1.39042 0.538156 -0.114407 -0.0188296 0.330826 0.12508 
4.59023 2.97257 2.32869 2.3429 1.67719 0.234428 0.911863 0.649747 -0.0149203 0.050948 0.471614 0.152948 
4.21757 2.90059 1.79531 1.892 1.80851 0.875431 1.52363 1.23033 0.445589 -0.155383 0.259304 0.0703548 
3.60607 2.98373 2.66559 2.4773 1.74436 0.723722 0.502966 0.389175 0.0123795 -0.156198 0.146742 0.000220927 
3.83761 3.25251 2.65288 2.28907 1.55814 0.530241 0.106104 0.0318859 -0.0404062 -0.167452 0.0484109 -0.0189836 
4.18676 3.38318 2.56335 2.12105 1.42643 0.339575 -0.0558712 -0.262015 -0.553764 -0.504217 0.0400247 -0.0231976 
4.46427 3.52227 2.41216 1.76296 1.09897 -0.589931 -0.364703 -0.754408 -0.546243 -0.450665 0.00201674 -0.002131 
4.7166 3.6335 2.04567 1.2469 1.2692 -0.751897 -0.0494409 -1.04674 -0.659866 -0.43591 -0.12774 -0.0180024 
5.00922 3.59997 1.72516 0.85824 0.510638 -0.770372 -0.921157 -1.07604 -0.769443 -0.382488 -0.0425204 0.0011088 
5.04136 3.66237 1.74834 1.14086 1.21569 -1.49926 -1.00344 -1.22837 -0.357483 -0.027531 -0.0361752 0.0189187 
7.22131 3.90988 -0.0377646 0.724411 3.41156 -2.05677 0.410297 -1.30688 -0.286504 -0.128543 -0.398023 0.107648 
6.25997 4.04076 0.921612 0.387931 3.11956 -1.4311 0.991961 -1.60744 -0.297322 -0.177838 -0.278605 0.0945458 
5.96729 4.45466 0.685547 0.607773 2.95518 -1.17478 0.835183 -1.49275 -0.0415698 -0.171107 -0.171496 0.0515466 
5.67685 3.98028 1.23316 0.603422 2.39069 -0.722843 0.0673074 -1.28605 0.0784243 -0.0189569 -0.00511845 0.0244501 
5.11353 3.7653 1.33845 1.02913 2.1572 0.462967 0.234325 -0.909136 -0.133049 -0.274592 0.0248174 0.00185928 
3.89934 3.39396 2.25014 1.55573 1.43316 0.545152 0.51533 -0.376741 -0.164396 -0.278694 -0.0992024 -0.0372714 
3.75647 2.69827 1.62032 1.58484 2.03284 1.9582 1.2912 0.315377 -0.204867 -0.469756 -0.162307 -0.0155094 
4.10373 2.67316 1.20328 1.39665 2.25303 1.97798 1.75816 0.50658 0.0193272 -0.386676 0.00596449 0.0326582 
4.13716 2.52404 0.888086 1.32444 2.75165 2.53418 1.82628 0.407708 0.274115 -0.115202 -0.0902145 0.0136376 
5.51319 2.51835 0.0365363 1.03155 3.14017 3.26109 2.18193 0.928998 -0.0130514 -0.177019 -0.0637307 0.0431777 
5.58433 1.82442 -0.450608 1.90579 3.77683 3.14271 2.25244 1.42026 0.191678 0.0821148 -0.120696 0.0278497 
4.36427 2.14495 0.0950727 0.967234 2.97121 3.30052 2.24525 1.11732 0.367297 -0.0750185 -0.0725983 0.0463317 
3.6062 1.99823 0.698328 1.26187 2.54669 2.66918 1.9155 1.27138 0.620988 -0.071561 -0.190221 0.0204853 
3.28648 2.26512 1.32097 1.21151 1.78781 2.22199 2.05351 1.34448 0.489196 -0.00368035 -0.0358136 0.0278655 
3.70255 1.96014 0.635382 1.06132 2.209 2.72742 2.54534 1.73995 0.527255 -0.24809 -0.207169 0.0257069 
4.7121 0.792634 -1.16018 1.20315 2.89879 2.36971 2.32467 2.06949 0.535691 -0.328527 -0.271834 0.0310496 
4.23731 0.796078 -0.865277 1.11486 2.79948 2.61774 2.34429 1.82355 0.48292 -0.30253 -0.24401 0.0156547 
5.17514 0.147955 -1.71092 1.70546 3.14575 1.98467 2.33048 2.25866 0.374126 -0.385105 -0.288661 0.050735 
6.37889 -0.612533 -1.84155 2.94541 3.2742 1.50037 2.4214 1.93078 0.444938 -0.607615 -0.270224 0.0433147 
6.88177 -0.420627 -1.80704 3.10071 3.17108 1.46758 2.51488 1.73794 0.35657 -0.645203 -0.225742 0.0373664 
4.28111 1.12342 -0.602034 1.08091 2.92925 2.71223 1.84874 1.29402 0.524719 -0.186882 -0.267843 -0.033156 
3.17445 1.68797 0.709986 1.13768 2.21817 2.64175 2.12607 1.26772 0.501638 -0.0506298 -0.243481 0.0122298 
2.91654 1.85184 1.30109 1.42216 1.75905 1.87058 1.93249 1.68941 0.954304 0.22351 0.0446863 0.0375129 
4.70639 1.88613 -0.241757 0.4776 2.02318 2.40794 2.46155 2.47066 1.20605 -0.162558 0.113432 0.0832977 
3.64463 2.02238 0.176448 -0.00771674 1.26471 2.51802 2.9795 2.2856 0.893218 0.0833845 0.183351 0.0205383 
3.75293 2.29249 0.556589 0.228739 1.15793 2.24031 2.83791 2.21041 1.07169 0.264308 0.189434 0.019394 
3.45827 2.38419 -0.0759285 -1.18015 2.84455 1.81159 4.83315 1.2615 0.541179 -0.147262 0.0187675 0.166441 
3.14106 2.44751 -1.30582 -0.272171 3.34675 2.25572 4.19033 -0.501472 0.770644 0.429418 0.184678 0.166767 
3.20211 3.64306 -0.814474 0.634312 4.13255 1.8064 4.30166 -0.443373 0.532894 0.263604 0.253513 0.299489 
3.31357 2.14713 1.05538 1.46897 2.6211 2.76044 2.2358 0.225858 -0.150525 0.00557922 0.245871 0.118659 
2.82897 2.23065 2.13061 1.95911 2.01308 1.89201 1.43099 0.8876 0.601201 0.524293 0.292549 0.0701016 
3.00729 2.32683 1.9081 1.82444 2.17575 2.34251 1.77613 0.905346 0.463726 0.446838 0.48206 0.109773 
2.77098 2.12775 1.91294 1.92166 1.86953 1.67117 1.55579 1.21062 0.832984 0.483355 0.267042 0.0759652 
2.74284 1.80294 2.19763 0.178834 1.28659 2.07231 1.59994 1.02141 1.20842 1.00931 0.657754 0.0734965 
1.99702 1.63566 2.01087 0.476517 0.493481 1.34112 1.34483 1.05708 1.98424 0.831009 0.715875 -0.026498 
2.00225 1.58329 2.03735 0.629117 0.801201 0.299926 1.89702 0.876955 1.2879 0.949868 0.445074 -0.00525042 
1.67979 0.788476 1.88493 1.28683 0.461068 1.20002 1.59562 -0.330683 0.134328 0.52536 0.107309 0.013212 
1.4985 1.00346 2.30977 0.390222 1.59222 0.348194 0.883392 -0.0442441 0.268976 0.392366 0.21976 0.0465268 
1.30403 0.72298 1.73736 0.710787 1.41058 0.517618 1.17514 0.4485 0.189224 0.0400637 0.334539 0.0503623 
1.27774 0.78093 1.35019 0.196761 1.02633 -0.246343 1.09582 -0.0930574 0.459699 0.486115 0.240776 -0.0315831 
