1.42006 0.0367936 1.02575 -0.723513 0.503441 -0.379854 0.550133 -0.773631 -0.415189 0.125051 0.0564949 0.00675624 
1.25893 0.237909 1.09458 0.27093 0.0695563 -0.24081 1.20576 -0.698962 -0.268321 -0.334933 0.309757 0.0122477 
1.36455 -0.130318 1.73187 0.294576 0.783329 0.378109 0.875295 -0.611801 0.198726 -0.242126 0.0915942 0.106376 
1.38802 -0.369584 1.10582 -0.998103 0.745669 0.185432 -0.0349181 -0.524705 -0.0127884 -0.0967793 0.0440498 0.0351365 
1.55187 -0.424567 1.72352 -0.420955 0.660386 -0.716474 0.56839 -0.0932052 0.660295 0.165696 -0.0460757 0.0781217 
1.48994 -0.695173 0.967055 0.0916951 1.01209 -0.691834 0.106027 -0.0959653 0.3883 0.231318 0.00333599 0.0496756 
1.38002 0.210758 1.37677 -0.178706 0.788639 0.354221 1.3328 -0.106858 -0.197782 -0.112798 0.258885 0.0559795 
1.28114 0.19715 1.45262 -0.228422 1.26187 -0.101398 0.894119 -0.851137 -0.0277604 -0.331247 0.0614714 -0.0770546 
1.45593 0.0337128 1.09339 0.071995 0.951093 -0.701666 1.07014 -0.653861 0.106396 0.38779 -0.0255314 0.110135 
1.44925 0.156535 1.58514 0.510811 0.827977 0.00815542 1.35616 -0.640627 0.815394 0.223324 0.370521 0.0529778 
1.69285 0.0331981 1.41727 0.0282377 0.43378 0.500211 0.420443 -0.34815 -0.108766 -0.0655915 0.00306255 0.0284957 
1.58923 -0.0697436 1.31087 -0.285845 0.55953 -0.433114 1.1125 -0.240921 -0.081469 -0.00466414 0.0606093 0.0706349 
1.62436 -0.122775 1.09606 -0.0458227 0.0955193 0.251623 0.528821 -0.304049 0.197647 0.0251246 0.229647 0.0344482 
1.45639 0.0377893 1.026 0.363761 0.10673 -0.497272 0.461971 -0.167303 0.244089 0.0142308 0.245015 0.07882 
1.49496 -0.0210135 1.354 0.353789 0.271202 -0.394173 0.558018 -0.223855 -0.0841217 0.0962256 -0.182058 -0.044703 
1.283 0.00428017 1.24558 0.055698 0.376628 -0.550045 0.191403 -0.586426 -0.020461 0.15184 0.155134 0.0290665 
1.51351 -0.227434 1.15041 -0.18508 0.553327 -0.182593 0.35529 -1.10861 -0.270859 0.57522 -0.0779194 0.0165512 
1.88646 0.0397857 1.35601 -0.483665 0.550396 -0.431322 0.979205 -0.325276 0.223345 0.158451 0.0352938 0.0244964 
1.57622 -0.456627 0.846169 -0.52698 0.413466 -0.209111 1.10852 -0.466662 0.278432 -0.207467 -0.0635874 0.025411 
1.50351 0.147083 0.799514 -0.498097 1.27291 -0.123775 1.30239 -0.158659 0.320767 -0.123792 0.260308 -0.00182705 
1.69984 -0.419775 0.825234 0.0429986 1.49264 -0.45857 0.807911 0.269243 0.236254 -0.0774095 0.029027 0.0199161 
1.5557 0.0454105 0.63031 -0.237515 -0.107343 -0.123928 1.03787 -0.16763 0.591358 0.0370688 -0.0778602 -0.0136178 
1.99896 0.554348 1.88802 0.691849 1.39675 0.0871941 1.80233 0.149001 0.376926 0.453212 0.130591 0.0484691 
2.10482 0.491722 1.74716 0.207713 1.26367 0.763953 1.01313 0.659302 0.266064 0.393334 0.342197 0.0101461 
1.90294 0.345078 1.88788 0.561628 2.20684 0.218516 1.12417 0.1408 0.467901 0.416134 0.0876409 0.0472257 
1.47577 0.0636988 1.46843 0.0598119 0.18785 -0.932492 0.182749 -0.171836 0.218463 0.163004 0.0715701 0.0675888 
1.60246 0.111799 0.996303 -0.185617 1.52332 -0.779141 0.674438 0.0169587 0.550123 0.121269 0.383185 0.0430339 
1.36952 -0.0602129 1.05951 0.0811102 0.732584 -0.253715 1.39163 -0.248759 0.26361 -0.155983 0.0878863 0.0750216 
1.40435 -0.173548 1.37171 -0.468579 0.820954 -0.496584 1.16519 -0.193396 -0.255216 -0.112578 0.121858 0.0896182 
1.19808 0.20274 1.57364 0.590778 0.996016 -0.303408 0.812879 -0.747843 0.261555 0.140185 -0.00142349 -0.00837322 
1.50827 0.0593088 1.05825 -0.470559 0.526567 -0.565761 0.617392 -0.116127 -0.374232 -0.0975043 0.368889 0.0346707 
1.47745 0.147572 1.27078 -0.386806 0.280346 0.210154 0.380261 -0.496221 0.554321 0.0407455 0.169328 0.0165081 
1.75504 0.114433 1.29928 0.278289 0.760767 0.730346 0.361128 -0.552739 0.132098 0.201535 0.184295 0.0189545 
1.4902 0.400763 1.32791 -0.315665 0.321135 -1.03511 1.47744 -0.264687 -0.219428 0.415105 0.0148852 0.00953784 
1.36019 0.415229 1.5363 -0.590359 0.543677 -0.142431 1.02795 -0.164187 0.153175 -0.291247 0.0336614 0.140373 
1.78777 0.278587 1.02196 0.51307 0.794894 0.0867922 1.41522 -0.626445 0.326224 0.0749576 0.166716 0.0201859 
1.58987 0.107645 1.33433 0.29897 1.2105 -0.276915 0.462767 0.0197842 0.0333156 -0.0115139 0.300704 0.00408894 
1.67037 0.481717 0.751878 -0.100827 1.13281 -0.554429 0.877154 -0.918952 0.295301 0.263975 0.0582004 0.091504 
1.72293 0.565716 1.66857 0.0416313 1.30465 0.259268 0.712672 0.199288 0.0998249 0.309647 0.119951 0.0318142 
1.51662 0.462914 1.13948 -0.317847 1.39794 -0.401214 0.944494 -0.213457 -0.156497 0.194222 0.26186 0.0395023 
1.43252 -0.911659 1.63091 -1.0059 1.3504 -1.71364 -0.16467 -0.7885 -1.60317 0.129289 -0.0493074 0.0864226 
0.578934 -5.31652 1.91199 -0.553017 -0.0584809 -3.9673 0.9597 0.113772 -3.20527 0.019118 -0.0715596 0.049316 
1.16522 -3.81943 1.81178 0.495553 -0.579853 -3.8112 1.4663 0.0781066 -3.11503 -0.120643 0.0523115 0.0235922 
1.12435 -2.34384 3.41614 2.12928 -1.69665 -4.99059 1.57534 0.226888 -2.92912 0.0897551 0.121643 6.712e-006 
0.935412 -3.1262 2.36936 3.14089 -1.75821 -4.8714 0.76951 -0.0691414 -2.4647 -0.200966 0.290071 0.0848576 
0.212542 -3.52131 1.84017 3.48819 -2.06282 -2.35103 1.73726 0.158741 -1.73663 -0.00764751 0.297612 -0.0319899 
0.770952 -2.94926 2.77161 4.14532 -1.67376 -2.22197 2.27136 0.222982 -1.91567 0.476661 0.536567 -0.0369889 
1.08288 -2.02535 2.27732 3.81331 -2.60666 -2.99796 2.69836 -0.749822 -2.00359 -0.045496 0.488822 -0.0341861 
1.09329 -1.96695 2.33354 2.75267 -2.39572 -1.42201 2.14589 -0.0999213 -1.50317 0.17294 0.356302 -0.0401142 
1.51778 0.155612 1.36775 0.808379 -0.43964 0.405581 1.92678 -0.723869 -0.113015 -0.164683 0.499788 -0.0400973 
1.38384 0.360446 1.3002 0.217475 -0.67613 0.0843112 1.13966 -0.836584 -0.139886 -0.32249 0.15342 0.00899537 
1.55129 -0.100957 0.858217 -0.368537 0.02461 0.599569 1.28589 -0.758909 0.466928 0.177933 0.34226 -0.0466448 
1.58888 0.631311 1.06328 -0.0271539 0.471025 0.229412 0.486569 -0.33713 0.597931 -0.143746 0.29145 -0.0326964 
1.71297 0.806247 1.46595 -0.162426 1.04209 0.260633 1.2903 -0.915726 -0.029312 -0.0765272 0.11241 0.0120319 
1.81024 0.669409 0.998299 0.145162 1.25733 0.186323 0.486886 -0.731331 -0.0859298 -0.0341225 -0.104103 -0.0694015 
1.49011 0.480918 0.996637 -0.568006 0.612829 0.77983 0.264967 -0.81093 -0.14131 -0.547716 0.182768 0.0214682 
1.62634 0.783272 1.44652 -0.250577 0.786126 0.755895 0.685923 -1.21976 0.499342 0.138324 0.158592 0.0187752 
2.59887 2.06337 1.91396 1.47556 1.41342 1.22247 1.08568 0.77201 0.661374 0.425165 0.186546 0.0494213 
3.29978 2.9746 2.87721 2.7783 2.3754 2.01166 1.79774 1.15592 0.963094 0.570321 0.275066 0.101694 
3.17897 2.88252 2.84291 2.68029 2.44822 2.09826 1.74905 1.24891 0.825926 0.487939 0.208834 0.0867377 
2.81602 2.38224 2.21353 2.028 1.84094 1.60309 1.32145 1.05383 0.770736 0.507799 0.280001 0.0631583 
2.79092 2.34587 2.16844 2.00349 1.81397 1.54887 1.31032 1.04932 0.772718 0.512299 0.299309 0.0615155 
2.99565 0.206808 -0.644295 1.31051 2.00652 1.4536 3.76474 0.00845617 0.0705792 0.203454 0.343992 0.0383974 
3.31306 0.492795 0.589314 1.95633 2.59144 1.48105 3.31971 0.674563 0.0812472 -0.0668048 0.197348 0.0950772 
3.86466 0.0613235 0.0572829 2.75927 2.01326 1.7442 3.61074 0.935782 -0.70492 -0.51473 0.410282 0.154641 
3.77304 1.22781 0.800011 3.93335 2.58209 2.11213 3.39066 1.00474 -0.185363 -0.644468 0.330914 0.166017 
3.98453 1.08748 1.53637 4.50877 2.23053 0.373296 3.49959 0.412512 0.406958 -0.754472 0.338642 0.0742728 
4.03746 2.11148 2.12645 3.27127 1.5627 0.404768 0.950123 0.876297 0.136352 -0.295383 0.266688 0.0660712 
3.96882 2.78518 2.49259 2.2755 1.39938 0.748653 0.529998 -0.0268604 -0.321856 0.0698802 0.398166 0.0613541 
3.97967 2.62266 2.42819 2.54614 1.66186 1.4755 1.46746 0.488472 -0.513961 -0.450412 0.275975 0.0306432 
5.01411 2.98064 2.21766 2.94143 1.75876 0.70996 1.52456 -0.625575 -0.581734 -0.893943 0.12963 0.0271353 
5.52404 3.32659 0.910406 3.0481 2.25046 -1.29827 1.9791 -1.15799 -0.498831 -1.40066 0.047919 0.0808073 
5.55957 3.29559 0.749644 1.20639 2.27557 -2.07951 1.46123 -1.49063 -0.422168 -1.24181 -0.233702 0.144128 
4.68757 2.81027 1.54654 1.39048 1.06127 -1.85426 0.119753 -1.26615 -1.15311 -0.849187 0.00325394 0.0480803 
4.05864 2.67419 1.68819 1.0003 0.905419 -1.95351 -0.086102 -1.69764 -1.2731 -0.684063 0.114773 0.0267329 
4.43129 2.86649 1.42065 1.26048 0.961904 -2.50077 -0.365282 -0.841815 -1.30575 -0.779432 -0.0250328 0.0554187 
5.10658 2.68484 1.04753 1.52595 1.37263 -2.85375 0.453945 -1.05617 -1.32885 -0.903466 -0.156369 0.102501 
5.67796 2.94799 0.651744 2.03048 1.65192 -3.54357 0.567329 -1.13615 -0.843655 -0.755157 -0.205126 0.133492 
6.56293 3.41854 -0.05226 2.61627 2.66353 -3.69332 0.0527401 -1.27065 -0.02102 -0.500986 -0.281834 0.133783 
5.95872 3.20243 -0.393114 2.53755 4.09298 -2.05337 1.18739 -1.16748 -0.0938307 -0.833628 -0.515987 0.113666 
6.27548 3.46557 -1.10479 2.63713 3.76681 -0.908231 1.491 -1.57478 0.259831 -1.01408 -0.205975 0.00998454 
6.00117 3.83582 -1.53494 2.95247 3.85416 -0.622184 1.68235 -1.21764 0.417324 -1.21069 -0.285221 0.00762583 
5.96372 3.03523 -1.18403 2.99619 3.88212 -0.838526 2.18231 -0.707009 0.135644 -0.937948 -0.218484 0.0876895 
6.12841 2.30997 -1.39433 2.64802 4.16208 0.111557 2.69923 -0.743268 0.581311 -0.942304 -0.212972 0.00409327 
6.3663 2.47251 -2.13426 2.46669 3.98362 0.723488 3.54592 -0.287081 0.496317 -1.12005 -0.0227393 0.0803624 
