1.46336 0.235396 1.73191 -0.242702 0.431721 0.227732 1.23114 -0.067398 -0.175959 0.138787 0.149316 0.121062 
1.49978 0.40249 0.812604 -0.29407 0.884975 -0.504292 0.444961 -0.130001 0.220481 -0.312271 0.083317 -0.00966816 
1.865 0.155564 1.21548 -0.254423 0.747517 0.104173 0.166615 0.00281595 -0.056168 0.528225 0.268486 0.0172505 
1.55955 -0.085467 0.909959 0.266298 1.21857 0.538426 1.06555 -0.447926 0.320216 0.243498 -0.017633 0.0562399 
1.82905 0.324461 1.69498 0.316877 1.20875 -0.176148 0.747923 0.0572669 0.0148611 0.10454 -0.0678731 0.11294 
1.40006 -0.164285 1.6572 -0.392545 0.0103039 0.0162212 0.83089 -0.604206 -0.221499 -0.317775 0.110596 0.0740282 
1.54421 0.0426293 1.57254 -0.336137 1.12625 -0.589799 0.402581 -0.089703 -0.356527 -0.0968174 0.0346798 -0.0229121 
1.42803 0.550806 1.2926 0.0273801 0.802739 -0.27256 1.06932 -0.414232 0.582384 0.0765947 0.356372 0.0688913 
1.51664 0.183728 0.783074 0.0572938 1.61707 -0.146172 0.8857 -0.0390333 0.0992691 -0.0358003 0.277004 0.0361607 
1.50178 0.00143613 0.973835 0.105003 0.889583 -0.74749 0.260661 -0.128508 0.417586 -0.122604 -0.0224583 0.00821179 
1.57663 -0.0962982 1.5458 0.105686 0.423697 -0.482461 0.00511742 -0.00373277 -0.0962294 -0.21434 0.0858005 0.0509848 
1.4992 0.0416042 1.15923 -0.336973 0.686601 0.29505 0.549199 -0.834179 -0.0439125 -0.187239 0.161713 -0.0972771 
1.54016 -0.186963 1.21522 0.0899153 1.06084 -0.0449585 1.16934 -0.627301 0.107598 -0.571922 0.119163 0.0312215 
1.67225 0.316662 1.237 0.180608 -0.132443 0.039457 1.3563 -0.472405 0.140055 -0.105595 0.179979 0.0381102 
1.44326 0.224246 0.802791 0.264332 1.08304 -0.654951 1.19187 -0.377422 0.0662767 -0.277662 0.0346087 0.0418783 
1.3302 0.0260456 1.04559 -0.357235 1.14182 -0.584309 0.786331 0.0823075 0.0541822 0.0991202 0.293294 0.063738 
1.30484 0.0677473 0.840795 -0.471424 0.992798 -0.190044 0.649959 -0.365244 -0.284012 -0.175826 0.161732 0.0597686 
1.67678 -0.0155015 1.56909 0.507941 0.620036 -0.0578734 1.3916 -0.0181755 -0.358876 0.157133 0.502084 0.0531064 
1.68808 0.599565 2.12117 0.574596 2.37361 1.02556 1.73111 0.193201 0.216236 -0.0279811 0.312196 0.0954254 
1.28483 0.32046 1.07262 0.248236 0.732476 -0.120821 1.30232 -0.217936 0.43074 0.20819 0.243096 0.0730927 
1.67358 -0.476404 1.25495 0.0813088 0.829525 -0.368636 0.772724 -0.369419 -0.182247 0.0984169 0.145777 0.035772 
1.4093 0.294951 1.31502 -0.301206 1.00567 -0.629931 0.304449 -0.640856 -0.307618 -0.311203 0.15721 0.0304309 
1.46383 -0.203403 1.26454 -0.387787 0.231942 -0.390523 0.743586 -0.165282 0.477678 -0.326189 -0.034819 0.044205 
1.73372 0.0323496 0.823038 0.816205 0.83169 -0.379414 0.35206 -1.34891 0.374894 -0.163714 0.0522329 -0.00944643 
1.32517 0.375714 1.48537 -0.00859874 1.68328 -0.157862 0.611936 0.0776589 0.201587 -0.0212816 -0.0488109 0.0358532 
1.568 -0.0559399 0.848523 -0.184927 1.19983 0.265882 0.91885 -0.48688 0.0334007 0.452883 0.0563172 0.035638 
1.58338 0.206716 1.1687 -0.353368 0.396065 -0.661493 0.651652 -0.858045 0.283032 0.0395487 0.108368 0.0977643 
1.2088 0.740613 0.502056 -0.324623 0.207828 -0.55126 0.793001 -0.135536 0.638907 0.485548 0.142063 -0.0200708 
-2.58477 1.28024 -0.836821 -1.3693 1.89656 -0.867525 2.05671 -0.858186 -0.316165 0.145495 0.21343 -0.0135871 
-3.58974 0.60691 -2.19888 0.335027 1.85558 0.982857 1.6762 -0.918003 -0.0422634 0.558275 -0.0649715 0.034226 
-1.3882 3.05293 -1.1341 1.02623 2.93058 -1.00195 0.998086 -1.11641 1.01873 0.419857 -0.0275054 0.00498334 
-1.16995 2.56493 -1.01731 0.631341 1.71401 -1.51261 0.182923 -1.1071 1.18668 0.53409 -0.0408811 -0.0403294 
-0.392567 2.98834 -0.193673 1.31587 0.578144 -0.779018 0.832789 -0.40289 0.252452 0.00682089 0.0870949 -0.0151726 
0.809186 -0.146261 0.496856 1.43424 -0.760247 -0.153606 1.63258 1.41743 -0.590689 -0.427421 0.257791 -0.0296388 
1.07207 0.461397 0.858409 1.55737 -0.180552 -0.350395 0.946063 1.06595 -0.821179 0.176917 0.0551934 0.104077 
1.40176 0.783755 1.02239 0.742854 -0.0895286 1.02098 0.0329634 0.807844 -0.114343 0.236386 -0.0551835 0.0332918 
-1.97809 3.21638 -1.35292 0.219679 -0.613 0.373478 1.93303 -1.63803 0.461253 0.0315631 0.33235 0.035685 
-1.00266 1.46517 -2.22727 -0.825967 -0.577803 1.52177 2.58057 -1.78241 0.318387 0.446698 0.555809 0.0213408 
0.614348 1.25414 -1.72094 0.0229843 0.187597 1.70909 1.0204 -1.89173 0.528597 -0.391791 0.613464 -0.0335419 
1.68409 0.349097 -0.223358 -0.220458 -0.516707 0.836051 1.24461 0.015784 0.942824 -0.557073 0.404246 -0.116955 
1.44526 0.24314 -0.245038 -0.118966 1.67953 0.134959 0.760739 -0.885198 -0.0693522 -0.235764 0.536736 0.0635109 
2.11988 -2.07168 -3.71568 1.15332 1.13113 -1.5826 1.43007 -3.14808 -1.05089 0.775672 0.847956 0.119032 
2.07435 -2.20752 -2.25089 1.59495 1.69227 -0.118443 0.845315 -1.78304 -0.577392 0.79528 0.48188 0.0461908 
1.36304 -0.727472 0.104541 0.52903 2.87033 0.995568 -0.755988 -0.913929 0.646332 0.133528 0.440172 -0.0716586 
1.61858 -0.459002 0.205857 0.467332 0.864946 0.530998 0.601374 -0.722598 0.436762 -0.166491 0.123555 0.126132 
1.55126 -0.476162 -0.471839 -0.0101118 1.55013 1.57752 0.811408 -1.01906 -0.0608204 -0.292334 0.433007 0.0199952 
2.30878 -1.94932 -0.781066 -0.813553 0.291765 1.06761 2.0117 -0.20722 -0.999639 0.276007 0.218495 -0.124245 
1.92288 -1.24318 1.18555 -0.0895836 -0.756868 -0.312486 3.39431 0.516079 -0.632031 0.0751477 0.293602 -0.100478 
1.9087 -0.46845 1.83063 0.832285 0.845076 0.545995 1.60836 0.162808 0.252546 0.858815 0.487153 -0.0785363 
2.68835 2.09207 2.17149 1.66358 1.56724 1.16679 1.0547 0.546253 0.286049 0.272637 0.11763 0.0125766 
3.31823 3.09853 2.95255 2.797 2.53095 2.09735 1.72662 1.2617 0.814342 0.466381 0.168084 0.0786114 
2.89404 2.47653 2.30459 2.13309 1.91796 1.63455 1.32854 1.01847 0.714435 0.452258 0.239767 0.0615136 
2.83675 2.4149 2.21256 2.02864 1.901 1.6654 1.37543 1.06985 0.787317 0.523583 0.296832 0.0673123 
3.51761 0.331151 -0.0633229 2.02879 1.89629 1.97022 3.23395 1.48124 -0.211148 0.306843 0.413545 0.0786165 
3.91467 0.711166 0.54704 3.4596 1.64828 2.14617 3.44364 0.627914 -0.37369 -0.447809 0.377354 0.112827 
3.31015 1.89298 1.47473 2.28833 1.72361 2.2651 2.94012 0.896653 -0.222971 -0.463546 0.405081 0.0988339 
3.04501 2.3856 2.29596 1.63182 1.58924 2.00254 2.16598 0.655878 -0.023424 0.219819 0.249833 0.0325248 
3.35045 2.52794 2.64206 2.63083 1.55825 1.15102 2.60547 1.1928 0.550124 -0.0462943 0.196107 0.0373977 
4.92906 2.82105 2.50459 3.05549 2.30456 1.6881 3.25496 0.818158 -0.487159 -0.189733 0.354685 0.109631 
3.70906 2.80871 2.33681 2.33506 2.22189 2.04509 1.74404 1.01908 0.157 0.0721205 0.361767 0.0814057 
4.59209 3.86995 2.90406 2.28381 1.74837 1.13867 0.474515 -0.198939 -0.637847 -0.304587 0.162238 0.0317321 
5.92622 3.5656 1.60457 2.62635 2.3563 -0.179431 1.61209 -0.311529 -0.939838 -1.22728 -0.198163 0.0520629 
6.91859 3.01575 0.877398 2.83869 2.25878 -2.5094 2.00972 -1.11321 -0.316565 -1.42573 -0.294533 0.0806872 
6.20119 3.35967 0.745036 0.818742 2.33962 -2.74851 0.971279 -1.31641 -1.41312 -1.03176 -0.572213 0.129245 
6.15292 3.63956 1.8382 1.79881 2.342 -3.21331 -0.879395 -2.15981 -0.566093 0.109075 -0.306767 0.0271834 
5.6631 3.41169 1.6193 0.777745 2.47329 -1.70229 -0.593762 -0.636788 -0.793293 -0.333389 -0.346812 -0.00947532 
5.33031 3.79002 2.38027 -0.422122 2.42559 -2.87405 0.173613 -0.976911 -0.614955 -0.171285 -0.512871 0.084578 
4.44703 3.45179 1.63468 -0.414539 1.97039 -1.38548 0.732572 -0.98431 -0.997635 -0.439191 -0.277125 0.0452694 
4.41976 3.2929 1.35213 -0.346006 1.48616 -1.59772 0.56281 -0.975837 -0.876071 -0.0714571 -0.0320729 0.111962 
3.91724 3.23988 1.64423 0.466981 1.00269 -0.953265 0.421639 -0.858624 -0.618558 -0.031737 -0.0289265 0.0306283 
3.71984 3.30322 1.81585 0.996271 0.838059 -1.26318 -0.141726 -0.906072 -0.078791 0.123768 0.0228404 0.0447461 
4.2214 3.76014 2.32359 0.722719 1.8447 -2.13464 0.181479 -0.571839 0.248198 0.133735 0.0360047 0.117979 
4.3695 3.6402 1.74533 0.437711 1.6714 -1.09332 0.686187 -0.819847 -0.12517 0.031311 0.0525159 0.0914754 
4.26092 3.77962 1.84026 0.0624214 1.19099 -1.08707 1.18676 -0.579516 0.272258 -0.0583611 -0.00225443 0.0601407 
3.80043 3.11604 1.94891 1.23712 1.87728 0.6967 1.05421 0.0899299 0.0676872 -0.124043 -0.160469 -0.0212006 
4.07813 3.0203 1.81549 1.58103 1.75007 1.15167 0.813236 0.405434 0.0249814 -0.110601 0.0538292 0.0196691 
3.90235 2.83015 1.82721 1.96784 2.37143 1.65645 0.893004 0.0791885 0.0292518 -0.0149345 0.0267498 0.0111466 
3.68777 2.45177 1.36789 1.56431 2.35787 2.3117 1.63097 0.659692 0.0192506 -0.186543 -0.00100007 0.0471237 
5.62505 2.32355 0.577467 1.97192 3.49739 1.86275 1.38396 1.01434 0.18591 -0.250716 -0.068126 0.0677152 
3.46405 2.43035 1.78818 1.99593 2.47078 2.42159 1.76514 0.807133 0.0473454 -0.137219 0.0579316 0.0560995 
3.27278 2.41454 1.92386 2.04677 2.29287 2.20256 1.65804 0.830951 0.200564 0.0872076 0.168509 0.0623206 
3.43207 2.6997 2.0178 1.69659 1.93758 2.34458 2.27486 1.42304 0.389789 0.0230877 0.123014 0.0578394 
3.08722 2.51646 2.1817 2.08781 1.98453 1.76462 1.48892 1.1118 0.592193 0.237592 0.153147 0.0472445 
3.27944 2.42927 2.07081 2.2906 2.34744 2.05984 1.83625 1.38352 0.549592 0.0799233 0.103502 0.0573699 
4.72963 3.58258 2.13176 1.82524 2.8522 3.78415 3.0036 1.47769 0.396794 0.120635 0.0429119 0.084118 
