1.42294 -0.316078 1.45267 0.517045 1.30536 0.12292 -0.0731876 -0.079321 0.0319803 -0.362313 0.1992 0.0561126 
2.52071 0.817392 1.05653 -0.493819 -0.921485 -2.35878 -0.216111 -1.69254 -0.0012426 0.567496 0.323413 0.11773 
3.47593 1.20321 1.22458 -1.67068 -3.19177 -4.31032 -2.31596 -1.94866 -0.475457 0.525027 0.31625 0.188002 
2.8027 1.54579 0.925695 -1.66246 -1.87774 -2.69136 -1.84134 -1.84536 0.389574 -0.00792028 0.291208 0.14831 
2.22353 0.660655 1.36354 -1.23188 -0.535773 -1.39944 -0.0787651 -1.27266 0.445235 0.207173 0.293719 0.105099 
1.76021 0.24434 0.914506 -0.255238 0.897648 -1.33733 0.538783 -0.542244 0.146156 0.0863598 0.519557 0.0544164 
1.59959 0.327336 1.5095 -0.300715 0.266847 -0.296686 0.571114 -1.27394 -0.0780367 -0.0810431 0.223547 0.10018 
1.53514 0.364452 1.21957 -0.595851 0.389356 -0.845848 0.437588 -0.73538 0.247795 -0.0592242 -0.0900661 0.093432 
1.75517 0.173255 1.59955 -0.335162 1.07963 0.0398034 0.887832 -0.266529 -0.146761 -0.0580284 0.00822974 0.0634608 
1.52372 -0.538778 1.64794 -0.561311 0.933059 0.0906768 0.955075 -0.740406 -0.118914 0.27139 -0.052319 0.0109244 
1.77905 0.0934255 0.936525 -0.351471 1.03284 0.501432 1.36758 -0.53061 0.0761185 -0.196061 0.0803612 0.0908855 
1.56207 0.326506 1.06796 0.824244 1.62201 0.983511 1.04143 -0.519512 0.172258 -0.0360056 0.129464 0.0140436 
1.71076 -0.353045 2.16028 -0.0162369 1.31638 0.608413 1.59275 -0.485001 0.220638 0.128542 -0.0842002 0.0218113 
1.93661 0.403198 1.01832 -0.630973 1.03459 1.01935 2.0567 0.139578 -0.167341 -0.483301 -0.15284 0.114567 
1.7657 -0.0180552 1.25312 -0.783231 0.24105 1.12836 2.0789 0.0243146 0.3253 -0.597247 0.0320211 0.0287543 
1.56242 0.19246 0.940863 -0.541246 0.682007 -0.134439 1.41096 -0.192436 0.0191205 0.196469 0.026801 0.0896757 
1.58341 -0.304069 0.990107 -0.119471 0.821391 -0.423543 1.01678 -0.568069 0.304765 0.0652981 0.241795 0.114323 
1.41339 -0.0382237 1.52889 0.0341698 0.40292 -0.288515 0.826965 -0.266736 0.3147 -0.349951 0.0386296 0.103291 
1.43958 0.0440012 0.870708 -0.00588641 1.13466 0.0432439 0.712255 -0.218425 0.235105 0.0725845 0.0930389 -0.00568723 
1.63838 0.0667392 1.13494 0.936377 0.782701 -0.656748 0.574727 -1.27361 0.141982 -0.235764 -0.200975 0.0847159 
1.80393 -0.0999262 1.50369 -0.0140788 0.732734 0.0741483 0.389374 -0.621481 0.509866 -0.0494664 0.18022 0.0191156 
1.51706 -0.034247 1.43858 -0.0875673 0.692373 0.514431 0.984661 -0.89878 -0.146634 0.122093 0.224144 0.0305967 
1.55946 -0.282318 1.16498 0.210679 1.1695 -0.276977 0.990132 -0.577532 0.198498 -0.199413 0.232008 0.0510309 
1.57163 -0.0836977 1.34941 0.0365322 0.200066 -0.652888 0.896637 -0.717651 0.355873 -0.335136 -0.0259136 0.0557076 
1.58557 -0.0386584 1.07839 -0.792264 0.882546 0.223226 0.650683 -0.97194 0.183969 -0.0438545 0.0481876 0.0517647 
1.77886 -0.0590012 1.47117 -0.0244526 1.00322 -0.302025 0.239894 -0.408634 -0.280434 0.085881 0.243596 0.0315577 
1.6317 -0.236702 1.01039 -0.87397 -0.335243 0.181153 0.345036 -0.265788 0.37396 -0.370934 0.098263 0.0582552 
1.61775 0.0345776 1.05232 -0.105219 0.0970613 -0.248997 0.824987 -0.670621 0.308079 -0.175277 0.0886754 0.0700035 
1.50205 0.484192 0.903571 0.196244 0.655954 0.337429 0.68246 -0.642502 0.449712 -0.344177 0.227836 0.0480458 
1.54728 0.299932 1.59408 -0.188671 0.597034 0.076285 1.21828 -0.282898 -0.0609146 -0.115438 -0.04344 0.076314 
1.64404 -0.0665743 0.596989 0.348123 -0.0195804 -0.159649 0.90463 -1.12622 0.0467804 -0.118949 0.161821 0.134393 
1.78066 -0.12763 0.997259 -0.101111 0.312315 -0.00268785 1.33092 -0.398836 0.340637 0.0399394 0.00267581 0.0369422 
1.87043 -0.0795815 1.10238 -0.392643 0.0885908 -0.810614 0.170425 -0.475433 0.426669 0.0468141 0.412814 0.123511 
1.95219 -0.837755 0.254305 2.44261 1.58827 0.0327683 3.47934 -0.157554 -1.1715 -0.391252 -0.289532 0.0636091 
2.27843 -3.85015 0.313276 2.07455 3.13658 -0.0809034 3.99132 -1.2389 -0.827558 0.305121 -0.0833076 0.0379939 
1.93164 -4.03659 0.106629 1.85015 3.11329 -0.594043 3.41361 -0.542993 -0.700708 0.282864 -0.205277 0.017602 
2.12358 -2.88697 -1.41905 1.43707 3.64505 -1.12845 1.82725 -0.921255 -0.920294 0.98556 0.246983 0.0343122 
2.29314 -1.71356 -0.645009 1.00017 3.3104 1.88896 -0.477163 -0.650114 -0.617992 -0.108085 0.0302425 -0.0658793 
1.53544 0.401722 1.27964 -0.681244 0.734001 0.216472 -0.0471753 -0.771926 -0.327385 0.263306 0.297013 0.0702163 
1.66099 -0.296991 0.625999 0.013405 0.892404 0.578265 -0.0224264 -0.87048 0.406552 0.263634 -0.225831 0.0441683 
1.36989 -0.248545 0.618443 -0.267535 1.23718 -0.0039173 0.106477 -1.29118 0.485716 0.326111 0.0834789 0.0735708 
1.67973 0.555773 1.95207 -1.10887 0.503929 0.784536 1.06934 -1.13161 -0.0812866 0.432157 -0.0917909 0.0185048 
1.69495 0.201923 1.59808 0.493508 1.54406 0.379994 0.538099 0.174533 0.840977 -0.102283 -0.0676036 0.0346385 
1.86488 0.360926 1.57767 -0.535481 1.26963 0.435916 -0.0911349 -0.52663 0.945874 -0.00156012 0.089606 0.0596567 
1.8016 0.330631 1.40955 -0.492825 0.555936 0.565273 0.836154 -0.0312495 0.608036 0.210812 0.16405 0.038237 
1.5891 -0.344439 1.79296 -0.213975 1.70318 0.567058 0.871347 -0.187888 0.0722107 -0.0310403 -0.0488617 0.0346189 
1.5988 0.197437 0.71042 -0.393501 0.944138 0.755714 1.01772 -1.16081 0.452112 -0.107464 -0.109617 0.0972088 
1.54326 0.0194255 1.71533 -0.431053 1.04453 0.116454 0.949085 -0.548006 0.113257 0.0571399 0.123422 -0.0108682 
1.46853 -0.143364 1.12906 -0.157292 0.150382 -0.082904 1.14876 -0.848117 0.0979454 -0.091081 0.111719 0.107669 
1.52608 -0.11951 0.785703 -0.765067 0.66683 0.396536 0.861976 -0.826698 0.0828684 0.0248576 0.0443828 0.0596791 
1.72803 -0.188832 1.21461 -0.521144 0.91222 -0.304156 0.517292 -0.41594 -0.0563398 0.280609 -0.153691 0.115044 
1.6086 0.325115 1.22419 0.0664371 0.464429 -0.201502 1.00332 -0.181525 0.331375 0.0147609 0.100374 0.0561861 
1.74584 0.115008 1.08505 0.334019 0.6335 -0.319722 1.14662 -0.172301 -0.102106 0.0602479 -0.0130713 0.0222804 
1.24066 0.210828 1.56806 -0.777207 0.618396 0.456882 1.01645 -0.898617 0.412652 0.0723428 0.154785 -0.0165068 
1.27544 -0.117161 1.41245 -0.0889099 1.05 0.166856 1.19523 -0.207578 0.0190965 -0.169461 0.0622064 0.0156634 
1.32191 0.0776781 1.19252 -0.066816 0.771629 0.0910825 0.819811 -0.526394 0.0680612 -0.178538 0.123289 0.0523193 
1.71885 -0.0582784 0.689619 -0.483105 1.18541 0.241951 0.434647 -0.51521 -0.512539 -0.0562452 0.0585886 0.0121443 
1.37278 0.355286 0.758712 -0.404087 1.12333 0.164482 1.20047 -1.01108 -0.0465175 -0.0157832 -0.00261474 0.0933245 
2.54619 1.68366 2.37797 1.30671 2.02904 1.18788 1.89144 0.552259 0.980152 0.880215 0.345553 0.0642164 
2.86559 2.4495 2.30595 2.13356 1.92725 1.65122 1.36642 1.07289 0.748207 0.51549 0.267305 0.0709934 
2.95232 2.57942 2.44173 2.29122 2.05196 1.75812 1.45071 1.13296 0.813178 0.511448 0.278825 0.0774656 
2.83882 2.41756 2.23354 2.08309 1.87833 1.61557 1.36477 1.07725 0.78953 0.545364 0.294485 0.0711014 
2.76914 2.31183 2.11748 1.94499 1.73932 1.53368 1.26382 0.990045 0.708906 0.486772 0.279974 0.0628174 
2.75084 2.28681 2.10773 1.94208 1.73713 1.53012 1.28088 1.02023 0.758171 0.510777 0.294151 0.0624826 
2.72506 2.24755 2.04929 1.90785 1.71582 1.49553 1.27968 1.02218 0.770772 0.535015 0.303933 0.0539957 
2.75084 2.27617 2.23186 2.24155 2.03046 1.67249 1.24129 1.08493 0.929278 0.647706 0.360253 0.0723549 
3.69017 -0.164643 -2.69418 -0.106886 4.06031 1.70676 2.92319 -0.920818 0.256899 0.23817 0.273354 0.128135 
2.94961 0.0677924 -0.838123 2.53152 3.87297 0.798579 4.71556 0.117634 0.389739 0.192267 0.352756 0.162023 
3.96045 1.04489 -1.21169 4.08322 3.87225 1.17177 4.13443 0.81617 -0.136042 -0.431976 0.247178 0.222583 
3.71808 1.45523 1.31359 2.29982 3.62418 1.3849 2.74898 1.25484 0.105625 -0.371733 -0.0157767 0.141597 
2.92832 2.3423 2.02689 1.83965 1.7244 1.19765 1.44287 0.856267 0.390641 0.0248185 -0.0161486 -0.00313444 
2.81133 2.31279 1.95432 1.67765 1.62129 1.49231 1.22938 0.606721 0.272661 0.16172 0.140905 0.00166211 
2.85489 2.35394 2.08066 1.94237 1.80814 1.52091 1.07446 0.585141 0.385481 0.262209 0.166097 0.0192781 
3.117 2.62797 2.36185 2.07534 1.72882 1.47234 1.23261 0.803965 0.246152 -0.00629235 0.0139842 -0.00417809 
4.34642 3.36372 2.39959 2.12679 2.16501 1.86414 1.19929 0.287737 -0.514091 -0.590435 0.0500006 -0.0149345 
5.4412 4.214 2.19496 1.89935 2.68845 0.652153 1.80401 -0.494852 -0.193088 -0.816777 -0.223751 -0.0467064 
3.86485 3.28721 2.28386 1.55428 1.33623 0.630656 0.245593 -0.462916 -0.219859 -0.198916 -0.0863049 -0.047965 
4.20583 3.53352 2.14422 1.38251 1.24276 -0.635268 0.043393 -0.842964 -0.497157 -0.501956 -0.0706973 -0.0325476 
4.26513 3.90841 2.44791 1.39281 2.25196 -1.63939 0.489187 -0.915549 -0.446937 -0.284737 -0.298763 -0.000437894 
4.00018 3.25204 2.61738 1.90496 1.76744 -0.933954 -0.507846 -0.797006 -0.387898 -0.180941 -0.216164 -0.0449775 
4.5691 3.52685 1.95003 1.50194 1.98509 -0.861412 -0.373855 -0.668293 -0.460958 -0.389286 -0.189104 -0.0404295 
4.90755 4.04925 1.40554 0.8169 2.95127 -1.51394 0.646535 -1.2936 -0.245172 -0.319945 -0.339981 0.0139542 
4.99534 3.09287 1.65308 1.5094 4.21105 -0.622712 0.491223 -1.33708 -0.0393749 -0.466121 -0.305234 0.00810487 
3.99886 3.22094 2.17292 1.71737 3.05564 -0.00776205 0.656468 -0.805336 0.0238687 -0.0253857 -0.111666 -0.00302997 
3.69791 3.28096 1.79867 1.98994 3.30048 0.593731 1.31818 -0.904489 0.148316 -0.150883 -0.0383949 0.00217566 
