1.51679 0.285201 1.63788 0.202664 0.521923 -0.550999 0.0539287 -0.0101559 0.366993 -0.0510136 0.381344 0.0407843 
1.57127 0.395232 0.870241 -0.256621 0.209105 -0.195686 0.967245 -0.328577 -0.337727 -0.200674 0.0714605 0.0753739 
1.25723 0.338035 0.720782 -0.396827 0.849083 -0.0998871 0.445423 -0.574303 0.499642 -0.0465877 -0.00761494 -0.0182659 
1.34305 -0.0595127 1.39986 -0.337142 1.14477 0.146226 1.25786 -0.406037 -0.0480991 -0.206228 0.125458 -0.0272138 
1.23977 0.318727 0.903228 0.00679712 1.09752 -0.595209 0.233636 -0.0954944 0.456551 0.144119 0.172104 -0.0339929 
1.55887 -0.0028632 1.13949 -0.291011 -0.00149479 -0.427993 0.927965 -0.872451 0.385991 -0.0906077 0.209957 0.0377343 
1.4191 0.378213 1.01901 0.0842793 0.721298 -0.637787 0.616678 -1.21069 0.138906 -0.0552288 0.0791833 0.0802808 
1.16371 0.296895 0.918917 -0.286297 0.414363 -0.084715 0.840013 -0.585762 0.433067 0.0100116 0.37656 -0.021456 
1.28157 -0.077066 1.26044 -0.0632058 1.00737 -0.248328 0.815364 -0.526343 -0.100004 -0.142768 0.1214 0.0250712 
1.33591 0.504458 0.974062 0.0618166 0.434307 -0.456913 0.511839 -0.408797 0.219695 -0.109347 0.25756 0.0787605 
1.58467 0.360306 1.63577 -0.320555 0.890771 0.55513 1.21255 0.0761255 -0.147866 0.2395 0.254065 0.0457558 
1.94897 0.625378 1.49017 0.408295 1.38557 0.873417 1.49138 0.264737 0.95545 0.13997 0.089498 0.0567758 
1.88239 0.575715 1.61948 0.208831 1.3709 0.417705 1.26455 -0.0669675 1.2426 -0.112606 0.18135 0.101642 
1.68358 0.923417 1.56132 0.363184 1.76397 0.290126 1.47395 -0.311244 0.977739 -0.257448 0.0450067 0.0877691 
1.66036 0.563423 1.28203 0.406647 1.1975 0.470892 1.05915 -0.329809 0.470753 0.0478217 0.117744 0.0187132 
1.93158 1.16056 2.9461 1.11943 2.52998 0.311112 1.76791 1.86954 1.10034 0.454837 0.267653 0.068979 
2.10044 1.37352 2.17453 0.916365 1.9072 1.2082 2.14562 0.263388 0.893199 0.714075 0.516638 0.0339081 
2.22714 1.12961 2.11271 1.50914 2.21788 1.09084 1.44149 1.0697 0.911541 0.189291 0.466125 0.0513338 
2.15207 0.988685 2.28009 0.812188 3.24401 0.977325 1.9521 0.520405 0.552622 0.789711 0.327328 0.0622607 
1.85495 0.649561 1.57082 0.385362 1.72371 0.635764 1.98373 0.277841 -0.0821225 -0.179042 0.253067 0.0307045 
1.46822 0.466695 1.74314 0.0152388 0.811773 0.962137 1.5003 -0.358811 0.146317 0.651179 0.495016 -0.0248043 
1.8045 0.0596344 1.02845 0.467597 0.66629 0.128074 1.70759 -0.328678 -0.0412067 0.100124 -0.0238316 0.0333107 
1.83298 0.474809 1.8001 -0.607425 1.30429 -0.26964 0.646205 -0.541146 0.455814 0.344979 0.08505 0.0799614 
1.23033 0.0976857 1.10116 -0.153189 1.3799 -0.182462 0.818556 -0.1563 0.224706 -0.228357 0.266994 0.0343047 
1.41395 -0.00744932 1.32997 -0.00663433 0.387008 1.18142 1.13101 -0.554159 0.3675 -0.190847 0.446397 0.0706002 
1.61415 0.266272 1.59788 -0.716702 0.992446 -0.483165 0.47558 0.509975 0.291916 0.232226 0.212105 0.113141 
1.4844 0.407869 1.18738 -0.317159 0.566698 -0.810281 0.559295 -0.50318 0.460282 0.0942567 0.292292 0.0105533 
1.59052 -0.472968 1.23527 -0.752511 1.08824 0.506174 0.734221 -0.196755 0.135991 0.163894 0.237629 0.0627725 
1.57145 0.0484692 1.68606 -0.493285 1.52944 0.521413 0.0696231 -0.114739 0.0115013 0.156707 0.236771 -0.0079601 
1.79518 0.197833 0.771547 -0.456358 1.10982 -0.395057 1.00873 -0.925091 -0.00201264 0.309469 -0.0538606 0.0847861 
1.26365 0.485544 0.657701 -0.320641 0.975039 0.709803 1.45923 -0.817833 0.0370177 0.253259 0.38902 0.0470549 
0.150419 -2.20224 3.32663 0.826162 -0.585607 -1.21411 1.76258 -1.17364 -0.652432 1.09657 -0.130946 -0.0178823 
-1.53679 -4.91975 4.52433 3.20982 -0.68681 -3.5873 2.74465 -0.744573 -0.45935 1.46771 -0.49399 -0.00950872 
-2.38761 -2.93415 4.77409 1.53025 3.28251 -3.88836 0.545796 0.19514 -1.37114 0.412273 -0.829009 -0.125668 
0.391346 -2.68412 4.34173 1.4052 -0.27144 -1.63791 3.35771 -1.4233 -0.972143 0.966852 -0.287051 0.0522024 
0.810944 -2.49319 3.46332 2.48685 -1.74778 -1.20294 2.64841 -0.735946 -1.07238 0.59997 0.136815 -0.0367887 
1.26741 -1.71887 1.41299 2.14372 0.336319 -1.71308 0.375632 0.228441 0.940346 0.448765 -0.135786 -0.0508897 
1.47758 -2.81036 1.0365 2.64661 0.332664 -2.02826 0.617592 0.842662 0.631089 0.00449942 -0.261952 -0.101459 
1.26948 -2.8864 1.11278 2.40644 0.15058 -1.42645 -0.897131 1.14309 1.36877 -0.549112 -0.224541 -0.0525156 
1.76759 -2.09718 1.3029 2.25379 0.210146 -2.65267 0.485889 0.286577 0.661383 0.594171 0.0267809 -0.0748681 
2.01184 -0.921628 1.57591 1.82114 0.524328 -0.868371 0.784386 -0.0805435 0.421801 0.180872 -0.059399 -0.00512912 
1.36756 -0.547686 1.80216 1.27793 -0.13301 0.272737 1.71291 0.149241 -0.169708 0.509298 0.569769 -0.131114 
1.50327 -0.154854 1.71828 0.921854 -0.194672 -0.074477 1.32196 -0.626528 -0.505194 0.0156452 0.490285 -0.143976 
1.73124 0.336465 2.05803 1.5592 0.356087 0.19421 1.55515 0.0493915 -0.794315 0.542419 0.599415 -0.0614962 
2.84043 1.8882 2.86826 1.92594 1.92174 1.60921 1.92854 1.35886 0.480504 0.868736 0.585837 0.0908811 
3.55674 3.33928 3.16084 2.81331 2.73026 2.46056 1.81228 1.28183 1.14051 0.638858 0.178733 0.0983517 
3.26988 3.00159 2.94049 2.75718 2.42493 2.08104 1.78499 1.38545 0.918079 0.505715 0.230543 0.0963858 
3.51773 3.23597 3.10507 2.9804 2.57286 2.20087 1.77429 1.3007 0.783223 0.474101 0.274319 0.0897348 
3.27672 1.72958 1.84564 2.52798 1.9966 1.76013 2.24073 1.13122 -0.316373 0.109685 0.568151 0.10944 
3.87349 0.374496 0.30245 2.85945 2.32305 1.90118 3.83807 0.899268 -0.759342 -0.258852 0.368233 0.146243 
4.10455 1.23574 0.00751306 2.02386 2.71865 2.33085 3.57944 0.988888 -0.503174 -0.286573 0.212943 0.173666 
3.53521 2.06396 1.1505 1.61613 2.42575 2.42207 2.34716 0.984624 -0.143256 -0.403699 0.163187 0.090817 
3.59894 2.59571 1.85306 1.68546 1.41515 1.13033 1.00087 0.594885 0.0553212 0.0449516 0.288863 0.0270947 
4.50205 3.03896 2.18879 1.71042 0.955981 0.687924 1.09222 0.434189 -0.621184 -0.36169 0.236544 0.0493505 
3.11941 2.44409 1.9933 1.6781 1.51569 1.35182 1.05195 0.425812 0.0907043 0.143041 0.237327 0.0170853 
3.19543 2.61963 2.4101 2.22889 1.80619 1.41974 1.11643 0.521444 0.0744531 0.0416264 0.0944456 0.00421253 
3.97494 3.18731 2.76555 2.65151 2.1117 0.783334 0.23575 -0.280673 -0.560897 -0.383796 0.106557 -0.0295002 
3.72934 3.01985 2.48823 2.06001 1.49404 -0.0889002 -0.481743 -0.695831 -0.626247 -0.301733 0.0475238 -0.0347267 
3.78003 2.95797 1.96599 1.60011 0.756661 -0.268035 -0.883454 -1.12647 -1.05588 -0.673027 0.0875059 -0.0463883 
3.89568 2.93954 2.24326 1.50554 0.343391 -0.882096 -0.706562 -1.04694 -1.12113 -0.66943 0.00339613 -0.0535454 
4.22367 3.07532 1.53006 1.00059 1.27947 -2.02873 0.319594 -1.00907 -1.15379 -0.869954 -0.0361953 0.03497 
4.47057 3.17275 1.76781 0.450165 0.803592 -0.985553 -0.469557 -1.20806 -0.791915 -0.513068 -0.00959244 0.00411989 
4.15212 3.34868 1.65698 0.780091 1.16809 -1.5394 -0.118463 -1.18268 -0.719805 -0.4363 -0.0279928 0.0169226 
3.93726 3.07089 1.42092 1.30836 1.08079 -0.85267 -0.523125 -1.2492 -0.467026 -0.30575 0.200385 0.0303417 
4.10472 3.06437 1.14622 1.3128 2.07222 -0.419296 0.296871 -1.42702 0.0742066 -0.151809 0.257335 0.0585128 
4.27001 2.97348 1.09128 1.41411 2.61368 -0.00928902 0.727328 -0.796743 -0.395723 -0.434483 0.171897 0.0759243 
4.33296 2.67934 0.631331 1.87119 2.52736 0.529477 0.550095 -0.696343 0.0191154 -0.891283 0.0732653 0.00942764 
4.93662 3.29952 0.0882806 1.3275 3.56559 0.613646 2.354 -1.22641 -0.13646 -1.18788 -0.0931154 0.0690811 
4.53591 2.51183 0.3433 1.93722 3.23442 0.839432 1.89098 -0.620311 0.21172 -1.00924 -0.125425 0.0147934 
4.0167 2.70247 0.937397 1.72344 2.40915 2.17111 1.42354 0.00972623 0.0769037 -0.62312 -0.194883 -0.03406 
3.60312 2.51426 1.34549 1.29064 2.02999 1.95272 1.81723 0.24259 -0.147036 -0.515019 -0.0278595 0.0233382 
3.50583 2.42003 1.47367 1.31619 1.79387 1.94335 1.6396 0.729188 0.113419 -0.161017 -0.114019 0.00645339 
3.79291 2.18043 0.923554 1.14165 2.21076 2.59638 1.9456 0.748454 -0.0783377 -0.138223 -0.151365 0.0282922 
4.26606 2.11185 0.571099 1.38424 3.02971 3.3439 2.21698 0.706585 -0.0492985 -0.14159 -0.244911 0.0204244 
5.14356 1.93639 0.0726412 1.71291 3.45301 3.3445 2.62923 1.10419 -0.365332 -0.0996252 -0.166013 0.0369715 
4.23704 1.95474 0.555493 1.7196 3.24041 3.25881 2.44587 1.29309 0.298202 -0.187691 -0.299686 0.0253082 
3.74839 2.06712 0.995614 1.67071 2.6548 2.85317 2.51316 1.64253 0.354878 -0.403307 -0.289329 0.0399857 
3.83179 1.8883 0.88252 1.7878 2.60805 2.50894 2.33254 1.71542 0.375844 -0.323053 -0.269431 0.0331016 
3.73819 2.13134 1.33541 2.06843 2.96251 2.91721 2.43297 1.64269 0.620885 -0.133024 -0.359332 0.0288549 
3.31496 2.33478 1.38906 1.29109 1.88181 2.09053 1.65364 1.10865 0.624294 0.13866 -0.13742 0.00200356 
3.25819 2.39831 1.63537 1.47282 1.83371 2.09823 1.81043 1.16654 0.436344 -0.0362623 -0.0683938 0.0212916 
3.28813 2.64444 1.92775 1.50046 1.60425 1.85772 1.76897 1.2212 0.514208 0.0579542 -0.0161007 0.0154587 
3.31295 2.79067 2.20292 1.8019 1.75718 1.76871 1.53399 1.1356 0.645435 0.220852 -0.00594433 0.0199792 
4.69128 3.69604 2.122 1.08642 1.69731 2.56014 2.733 1.70022 0.858545 0.343567 0.0628584 0.0409 
4.04731 3.35739 2.44099 1.72451 1.63385 2.03791 2.10174 1.11198 0.935828 0.390914 0.147863 0.0510535 
