1.36119 0.310642 1.47966 -0.0314649 0.737445 -0.4932 0.801756 0.200789 0.0414202 -0.260837 -0.101166 0.0182242 
1.31721 0.20151 2.36464 -0.0028966 0.682449 -0.484977 0.186941 -0.216026 0.3644 0.181486 0.0946151 -0.0392483 
1.4105 0.538861 1.34081 -0.281582 0.859778 -0.234494 0.622008 -0.310546 0.883717 0.0531672 -0.213334 0.0343672 
1.16663 0.389236 1.63928 -0.129004 1.12687 -0.862361 0.425225 -0.204745 0.411215 0.591284 0.0505322 -0.08345 
1.17231 0.521311 1.30253 0.701534 0.386872 -1.07496 0.713025 0.296238 0.455103 -0.0262548 0.278816 0.0125731 
1.68712 -0.537058 0.256106 0.69238 1.93329 0.126159 0.0258687 -1.32904 0.659736 0.639668 0.287901 -0.054693 
1.9643 -2.78579 -1.93288 2.75597 4.84621 1.62781 0.171303 -3.04371 -0.224751 1.65751 0.276608 -0.129317 
1.59627 -1.90257 -1.37546 0.883436 3.4119 1.47544 -0.580226 -1.78101 -0.0105855 0.577581 0.116244 -0.042533 
1.4203 -0.153565 0.664242 -0.172727 2.08436 -0.159771 -0.375146 -0.701059 0.520082 0.170235 0.523064 -0.0906059 
1.10553 -0.844135 -0.202071 -0.387249 3.31485 -0.252446 0.777554 -2.06166 0.419056 1.11842 0.0288445 0.0146459 
1.03445 0.195143 1.38472 0.237653 0.629088 -0.717866 1.40728 0.461802 0.343221 0.0500973 -0.125045 0.0673027 
1.57298 0.30793 1.58935 0.0177981 0.990996 -0.522406 0.476091 0.675585 0.991378 -0.309858 0.0878775 0.0976269 
1.13911 0.26784 1.20788 -0.476552 0.420483 -0.668361 0.460665 0.136975 -0.303384 -0.296969 -0.166345 -0.0113384 
1.21463 0.116062 1.32204 -0.223188 0.926959 -0.507015 0.837446 -0.245953 0.67677 -0.0736168 -0.0507487 -0.108265 
1.13191 0.773107 1.39191 -0.158999 0.334658 -0.454709 0.944809 0.472757 -0.00858886 -0.282475 0.291715 -0.022771 
1.32761 0.381686 1.10868 0.403493 0.55689 -0.452842 0.586574 -0.244674 0.160542 -0.128768 0.117609 -0.0825426 
1.21173 0.4075 1.21383 -0.812192 0.200822 -0.309362 1.36379 -0.381841 -0.0063945 -0.376863 -0.00909735 -0.00889243 
1.46187 0.485197 1.19159 0.868436 1.21033 -0.580556 1.66844 -0.574363 0.259303 0.348227 0.46409 0.022696 
1.53199 0.658874 1.67323 -0.458708 0.380948 -0.220144 1.55832 -0.336863 0.0573265 -0.288037 -0.25105 0.0621684 
1.02367 0.212557 1.36108 -0.111119 0.709157 -1.00081 0.738915 0.241373 0.142504 0.481164 0.206498 -0.129406 
1.4995 0.336098 1.38188 0.607898 1.44848 -0.956313 1.35703 -0.208173 0.345478 -0.435438 0.0556756 0.0595274 
1.42846 0.145675 1.44073 -0.0903215 0.323118 -0.451097 0.810939 -0.357867 0.244505 -0.192227 0.26743 0.0613269 
1.47658 0.0768958 1.23838 -0.101986 1.2 -0.483377 0.2976 -0.474039 0.114502 0.0129517 0.418109 -0.0464597 
1.64035 1.73166 1.58267 0.367376 1.38207 1.12186 1.65908 0.714952 1.24592 0.40627 0.213367 0.0141512 
3.04951 2.64632 2.55259 2.34402 2.21934 1.65787 1.47697 1.25317 0.879255 0.476792 0.315745 0.0964393 
3.32937 3.09192 3.15125 3.01874 2.65758 2.47512 2.00921 1.46048 1.06732 0.590764 0.210934 0.112403 
3.39755 3.20884 3.16487 3.09518 2.90541 2.32916 2.10724 1.5647 1.06057 0.544786 0.235877 0.113028 
2.8524 2.44305 2.27354 2.13108 1.92243 1.65966 1.42104 1.14242 0.845646 0.563841 0.333064 0.0824566 
2.80876 2.34539 2.25839 1.99626 1.85008 1.60025 1.30606 1.13655 0.83985 0.55629 0.313485 0.0783005 
3.42486 -0.0483274 -1.71759 1.45728 3.70799 0.847986 4.35558 0.478741 0.58463 0.179132 0.270688 0.105717 
3.87964 0.27047 -0.839771 3.47728 4.00354 1.00705 4.31371 0.211303 -0.394861 0.175391 0.388035 0.151038 
4.75411 0.626462 -0.727653 4.21141 5.51427 1.43099 4.24068 0.0687648 -0.0660214 -0.0145301 0.375992 0.22456 
4.5263 1.23584 0.197914 3.9391 4.32628 1.49174 5.06682 0.128589 -0.02186 -0.201336 0.298371 0.160876 
3.50934 2.49936 2.1422 2.5825 2.48064 1.87044 1.41288 0.938122 0.581297 0.203888 0.0535377 0.0249522 
3.26686 2.55703 2.23959 2.1339 1.61166 1.21945 0.979488 0.709257 0.404993 0.28364 0.296082 0.0369054 
4.31019 2.05611 1.50614 2.54188 2.35702 0.890176 1.4669 1.22682 0.366359 0.0300964 0.150581 0.0770854 
4.12954 0.762399 2.10178 0.913186 3.54473 0.612529 2.4619 0.32593 -0.405472 0.725394 -0.142818 0.0481035 
6.24719 2.74031 2.24746 1.60086 2.1239 0.402681 0.665435 -0.870599 -0.414596 -0.523504 -0.0385278 0.0990483 
4.52037 3.66969 2.69733 2.15971 0.938512 -0.33763 -0.542963 -0.728601 -0.490161 -0.302496 0.0012361 -0.00420156 
4.67378 3.71363 2.37616 1.2067 0.745856 -0.799752 -0.572761 -0.964008 -0.739097 -0.205433 0.04682 0.0353412 
4.91201 3.66986 2.05319 1.1914 1.19184 -0.577945 -0.535598 -0.98008 -0.754507 -0.177941 0.0110653 0.0289859 
5.16516 3.47323 1.49972 1.05522 1.18094 -0.717559 -1.11958 -1.00806 -0.489817 -0.150771 0.114597 0.0577463 
5.17856 3.10772 1.54074 -0.142493 2.00201 -1.20817 -0.878817 -0.893843 -0.594637 0.125024 0.113906 0.0914642 
3.79626 2.88985 1.42135 0.283251 0.0601229 -0.668528 -0.676078 -0.927259 -0.516746 0.013594 0.16226 0.0542116 
3.71641 2.56409 1.32966 0.588595 0.250859 -0.706367 -1.16528 -0.920389 -0.281262 0.106743 0.168011 0.0497049 
4.68959 3.50106 1.6041 -0.112354 0.773725 -0.77074 -0.542904 -0.900464 -0.668855 -0.0138959 0.105615 0.0692908 
4.48748 3.30449 1.5121 0.868019 1.30525 -0.524916 -0.428553 -0.95358 -0.195331 -0.00939533 -0.0323952 -0.00431893 
4.61944 3.14144 1.5458 0.647542 1.29605 -0.740988 -0.811387 -0.261931 -0.0477453 0.08738 0.065096 0.0251347 
4.30005 3.37774 1.6542 0.823358 1.42542 0.066672 0.380192 -0.747093 -0.20673 -0.272154 -0.0565311 0.00842535 
5.06183 3.1243 1.43808 1.24701 3.52459 -0.847277 0.136124 -1.24199 0.934389 0.178926 -0.203098 -0.0228636 
4.50654 3.62781 1.2305 1.98281 2.29679 0.000622987 0.393292 -0.574526 1.27252 0.120098 -0.119437 -0.0979714 
4.72949 2.74395 0.745751 1.62614 2.3181 1.23362 0.463209 0.0434061 0.733607 0.163076 -0.0274597 -0.0461899 
3.72096 2.33891 1.46519 1.90752 2.61914 2.20411 1.28784 0.504379 0.154129 -0.146816 -0.193695 -0.000146099 
3.75908 2.41704 1.13755 1.3321 2.41676 2.39461 1.98355 0.72397 0.326715 -0.0753152 -0.150495 0.0230544 
4.30989 2.45074 0.889934 1.55861 3.15772 3.34994 2.12114 0.977486 0.413782 0.0766848 -0.192468 0.0104571 
3.89632 2.23917 1.1399 1.86157 3.12649 3.04943 1.81517 0.836064 0.508264 0.21224 -0.19414 0.013723 
3.27445 2.36969 1.55572 1.56144 2.10644 2.05739 1.29062 0.659312 0.466458 0.250705 -0.0604333 0.0200533 
3.10635 2.05198 1.4976 1.92033 2.40627 1.97298 1.0845 0.625703 0.521596 0.268468 -0.01728 0.0255932 
3.55905 2.14453 1.50649 2.18677 2.82354 2.45109 1.71851 1.12344 0.652019 0.250255 -0.0689714 0.037842 
3.2879 2.40264 2.00842 2.41453 2.66555 2.03656 1.28115 1.09168 0.900654 0.314968 -0.168082 0.0124471 
3.54371 2.15494 1.48741 2.3107 3.15383 2.6541 1.72023 1.27111 0.857232 0.0689426 -0.2824 0.0113129 
3.45698 2.20707 1.67514 2.49016 3.0899 2.35531 1.26872 0.848974 0.773815 0.262901 -0.169889 0.00153485 
3.17993 2.21573 2.03544 2.55594 2.53204 1.5682 0.873561 0.863613 0.753896 0.222639 -0.134886 -0.00309607 
3.59461 2.25091 1.2084 1.42227 2.05389 2.09671 1.70134 1.2419 0.575129 -0.0617309 -0.175794 -0.0201665 
4.38956 2.47488 0.99112 1.50873 2.34226 2.13814 1.83776 1.58062 0.590125 -0.310536 -0.165967 -0.0154056 
3.45345 2.40853 1.57129 1.46434 1.71664 1.77929 1.55903 1.12754 0.554369 0.125471 -0.0118777 0.000490904 
3.09136 2.51745 1.99842 1.60505 1.44109 1.40373 1.29975 1.16523 0.913537 0.476736 0.0795468 0.0296391 
4.07043 3.56426 2.6559 1.69394 1.13747 1.34296 1.81001 2.06025 1.6063 0.772318 0.017378 0.00793195 
3.42205 2.9543 2.18721 1.38904 0.792195 0.716878 1.37495 1.59027 1.59346 0.757366 0.128073 0.0320493 
3.15941 2.64835 2.03066 1.24974 0.850688 0.73567 1.20143 1.41077 1.35802 0.882765 0.298102 0.0544722 
2.8949 2.362 1.94801 1.44221 1.22722 1.12979 1.21218 1.38339 1.0751 0.844162 0.441794 0.0647107 
3.06471 2.08757 1.80106 1.00961 0.626708 0.845004 1.636 1.99119 1.41929 1.0249 0.419199 0.0197612 
2.45689 1.911 2.13546 0.803365 0.910349 0.783898 2.02096 1.33873 1.37119 0.884157 0.185389 0.00767625 
2.11243 1.27517 2.00571 1.61044 1.03088 0.794651 2.19153 0.49393 0.442972 0.293097 0.140588 -0.021239 
1.54687 1.81462 2.56027 0.893934 1.7536 0.337204 1.40303 0.441503 0.431681 0.391123 0.0951972 -0.00164553 
1.88258 0.76744 1.42198 1.11437 1.60663 0.0773941 1.29254 -0.252704 0.219349 0.277566 0.307876 -0.0418686 
3.41479 -0.174486 -3.20108 -2.55149 -0.0433925 -0.133729 2.91551 -1.75027 -0.465835 0.496802 -0.262159 0.0255374 
2.90398 0.521881 -2.02083 -1.57179 0.635728 -0.0405523 2.97246 -0.908765 -0.287008 0.589748 -0.239185 -0.085131 
2.29783 -1.20159 -4.80956 -2.68061 1.29605 1.02719 3.55144 -0.495482 0.722394 0.451747 -0.0197578 0.0554112 
3.41134 -0.790828 -4.53131 -3.71575 0.495997 1.79781 2.34406 0.184801 0.680705 0.125146 0.0948013 -0.00716213 
3.52103 -0.893396 -2.94601 -3.24031 0.551248 2.03199 2.25861 0.798066 0.0387032 -0.11182 0.119479 0.0631034 
2.65823 0.498864 -1.66129 -2.27615 -0.0393078 1.53068 2.29214 0.575294 0.0679191 0.355451 0.546288 0.0695424 
2.4285 -0.0124678 -1.3612 -2.34303 -0.0889104 1.52482 2.07893 0.602005 0.366428 0.0748636 0.570644 0.00488257 
2.23776 0.122469 -0.954579 -2.25833 0.0645652 0.837829 1.83622 0.909456 0.523032 0.225561 0.442578 -0.0833712 
2.15118 0.0172519 -1.52252 -1.87769 -0.269234 0.457067 1.35003 1.08634 1.04365 0.306399 0.345523 -0.042065 
