0.777401 1.90524 1.01743 1.45822 1.15309 -0.364221 0.467295 0.291428 0.606076 -0.156532 0.291516 -0.118323 
1.11781 1.47912 2.42404 0.801508 1.59054 0.42736 0.947601 0.433602 0.707722 0.340747 0.183066 -0.0650505 
1.76163 0.719181 2.15909 -0.0331299 1.4049 0.832523 1.20988 0.00278923 0.342487 -0.0592742 0.170083 0.0338128 
1.63746 0.113941 1.95337 0.0559551 1.93908 0.927159 1.04364 0.282506 0.727424 0.270619 0.164969 -0.0217403 
1.45157 0.423902 1.28456 0.243497 0.96405 -0.0666093 0.677452 0.0943725 0.720812 -0.327014 0.0844742 0.0126254 
1.44371 0.375255 1.5386 -0.470354 1.63017 0.119344 0.558363 0.276065 0.626439 -0.181493 0.0685684 -0.0302376 
1.66298 0.624599 1.62376 -0.171043 0.75177 0.206059 0.604909 -0.115691 0.998395 0.0363326 0.214435 0.0481443 
2.76368 1.21155 1.48432 -1.67987 0.411711 -1.21027 0.748048 -0.0331462 0.0608473 -0.346017 0.370999 0.219574 
3.52349 2.29182 1.20723 -2.19026 -1.2534 -2.01051 -0.536714 0.297349 0.754567 0.466834 0.410086 0.158698 
2.98828 2.07252 1.52938 -1.01425 -1.24534 -2.20751 -1.25733 -0.021875 0.99742 0.273787 0.399265 0.190874 
2.83094 1.26047 1.61151 -0.524891 -0.345496 -1.23649 -0.203119 -0.146684 0.778863 0.598577 0.452128 0.158099 
2.01115 0.287712 1.61066 0.859928 1.32523 0.580234 0.757884 -0.304708 1.28937 0.450965 0.111818 0.0307315 
2.28643 1.59544 2.40687 0.62535 0.7191 -0.64271 0.133784 -0.151233 1.09935 0.7316 0.453817 0.0941148 
2.63643 2.06919 1.95925 1.62402 1.64225 1.48316 1.23648 0.968019 0.730376 0.589669 0.31239 0.0621601 
2.71138 2.24403 2.01424 1.85226 1.67783 1.4484 1.20228 0.985636 0.748126 0.491314 0.286136 0.061105 
2.78993 2.35791 2.20004 2.07001 1.87595 1.66347 1.4135 1.14157 0.877423 0.602108 0.350045 0.0813667 
3.44233 -0.57258 -1.02451 2.90646 3.78894 -0.526762 3.77905 3.08747 0.0159543 -0.0292448 -0.248261 0.199803 
2.70673 0.265218 -0.760759 3.23446 5.01091 0.827276 3.74433 0.286027 -0.298413 0.349509 0.376503 0.328133 
2.72256 1.56338 1.20575 1.93157 3.00695 1.25301 2.52964 0.038507 -0.284702 -0.0346003 0.383195 0.101901 
2.72522 2.072 1.69416 2.04526 2.47409 1.47288 1.76031 0.530494 0.534279 0.337871 0.275859 0.0547337 
2.99852 2.474 2.00159 2.53794 2.46713 1.98963 1.9236 0.814564 0.531357 0.0402752 0.197119 0.0599353 
3.07048 2.47488 1.94238 1.93159 2.41625 1.5319 1.44939 0.778099 0.192949 0.31723 0.278087 0.0641886 
3.27347 2.82829 1.46932 1.93064 3.35222 1.44971 2.19373 0.991284 0.666367 0.650605 0.336588 0.133164 
2.88351 2.11975 1.33989 2.0918 4.43908 0.514861 2.14144 1.34987 -0.0585544 0.215392 0.527116 0.174837 
3.5665 3.0118 2.9525 1.98869 2.99257 0.453861 1.13253 0.554205 -0.782741 -0.116605 0.234052 0.0087862 
5.15932 3.40429 2.8 2.85298 1.48708 -0.132295 0.181674 -0.165844 -1.06357 -0.487565 0.0630948 0.035529 
4.55737 3.2224 2.17994 2.03454 1.56388 0.354341 -0.598568 -0.834574 -0.821191 -0.456464 0.154362 0.0358315 
4.47027 3.07014 1.83408 1.24056 0.533696 -0.221327 -0.444641 -0.633881 -0.80575 -0.36454 0.254434 0.0928127 
5.18753 2.76949 1.25518 1.36298 0.634505 -0.51342 -0.417162 -0.516094 -0.989317 -0.684155 0.205968 0.140283 
5.21507 3.07069 2.02726 1.48005 0.549508 -1.14409 -0.0203093 -0.498517 -1.13008 -0.271725 0.120493 0.0722188 
5.08555 2.59917 1.03947 0.833347 0.923132 -0.240693 0.317515 0.111779 -0.605193 -0.542138 0.350364 0.197063 
5.53771 2.78079 0.458573 0.955208 1.83499 -1.29228 0.0225442 0.703652 0.0450335 -0.309728 0.0311956 0.16307 
4.26061 2.64715 1.70815 1.28921 0.508795 -0.166227 0.267763 0.688014 -0.258948 -0.602273 -0.0692397 -0.0195916 
3.77976 2.51952 1.66795 0.963956 0.789181 1.0715 1.06846 0.298679 -0.764597 -0.593679 -0.0821641 -0.0337467 
5.01019 1.39051 0.17107 2.01698 2.3151 0.872347 1.26121 1.4773 -0.442546 -1.0602 -0.192467 0.131977 
4.5787 1.03793 -0.136344 2.25531 2.73807 1.23974 1.53481 1.54225 -0.271283 -0.834655 -0.274817 0.0898546 
5.37672 0.0486036 -1.08457 2.67703 3.23353 1.44013 2.35024 2.07014 -0.264622 -0.773503 -0.154079 0.168764 
5.43052 0.127721 -1.41069 2.46013 3.22276 1.67606 2.71914 2.2875 -0.394894 -0.777389 -0.0622962 0.218581 
5.00775 0.176714 -0.617017 2.91555 3.24629 1.62233 2.42089 2.2994 -0.115644 -0.788009 -0.169905 0.189661 
4.86069 0.239469 -0.469163 3.17118 3.26038 1.4161 2.47002 2.32572 -0.273898 -0.847256 -0.215439 0.181127 
4.07368 0.485708 -0.080468 2.73913 2.99647 1.57266 2.12218 1.99854 -0.123208 -0.86495 -0.148382 0.17436 
4.14822 0.540934 0.0992951 2.88765 3.09238 1.71489 2.13166 1.97741 -0.0699169 -0.866919 -0.186972 0.169613 
5.31416 1.26237 -0.0143255 3.23518 3.67883 1.66514 2.18678 2.22812 -0.0459352 -0.813024 -0.232703 0.185141 
3.74167 2.35721 1.34866 1.67244 2.3009 2.32049 2.09868 1.49609 0.359807 -0.310201 -0.0855197 0.0232162 
3.12894 2.26004 1.60951 1.6371 1.82234 1.76915 1.71469 1.50855 0.891658 0.286974 0.16002 0.0502928 
3.53325 3.0636 2.22518 1.34588 1.37731 2.19692 2.67607 2.17663 1.12824 0.301474 0.050364 0.0259206 
3.48734 3.02507 2.43865 1.90352 1.78565 2.16695 2.64925 2.17273 1.31167 0.433663 -0.116466 0.0361898 
2.95582 2.59201 2.33424 2.2479 2.00895 1.69085 1.50426 1.05597 0.601119 0.403952 0.189496 0.0552841 
3.14402 2.50798 2.06707 1.90411 2.23565 2.28532 1.66252 0.828979 0.550565 0.22554 0.133955 0.0520988 
4.7756 -1.07495 -0.339938 -1.78403 3.44426 1.99149 3.61545 0.121132 -0.870236 0.609193 -0.236076 0.0715567 
5.05874 -2.04214 -0.292709 -0.278438 4.03918 0.621335 2.98327 0.390494 1.21632 1.14081 -0.568527 0.052542 
5.59186 -1.15347 0.473351 2.44557 2.03857 0.694601 4.06822 -0.568032 0.15511 0.255896 0.0319882 0.0999267 
4.86818 -0.113899 0.699866 3.11663 2.47154 1.80754 4.09981 -1.49795 0.581717 0.0622936 0.111804 0.0452802 
4.38227 0.217587 0.770668 2.93956 1.38398 1.61891 3.27088 0.462721 0.0225946 0.266391 0.531759 0.0751085 
3.88438 0.594983 0.85792 2.80048 2.75375 3.83871 2.34522 -0.607553 -0.00545918 1.04668 0.39811 0.0593859 
3.28858 0.105986 0.190704 1.09319 1.64432 2.61672 3.19671 -0.126824 0.829581 1.43956 0.727059 -0.0358054 
3.6899 -0.364976 -0.425381 0.726961 0.547626 1.64077 1.55948 -0.250487 1.17502 1.2981 0.715573 -0.0465947 
3.19172 0.167061 -0.506395 -0.472936 1.04317 1.10564 0.876618 0.251957 1.50734 1.41507 0.135932 -0.145662 
2.49961 0.203612 -0.11397 -0.296879 1.43105 0.531007 1.05958 1.02743 1.45195 0.761683 0.137107 -0.169622 
1.68021 1.18288 0.803637 -0.463764 0.548052 0.00157564 0.508825 1.1608 1.71962 0.743032 0.290018 -0.115999 
1.40878 1.63463 1.23965 -0.250749 0.772711 0.240636 0.889211 0.661124 1.0179 0.43589 0.0241554 -0.0660754 
1.40507 0.930124 1.1012 0.307587 1.16388 0.0114347 1.04914 1.17088 1.33065 0.609165 0.208465 -0.0886616 
1.41887 0.895464 1.70469 0.0656436 0.867031 0.190306 0.469445 0.779022 0.987675 0.68961 0.0191775 -0.0151827 
0.500476 0.209905 1.88233 -0.305456 0.836937 -0.695942 1.25819 -0.00923119 0.753365 0.658705 -0.171017 -0.06464 
-3.27326 0.588086 2.3186 2.19168 1.82567 -3.09937 1.98299 -0.166483 1.59276 0.163582 -0.348965 0.125904 
-0.590689 0.0917652 2.73691 1.16204 1.88049 -2.13392 1.34081 0.710952 0.781619 0.738072 -0.670778 0.144447 
0.576736 0.981266 2.31501 0.396671 0.726171 -0.759818 1.68818 -0.595934 0.25615 0.768098 -0.333354 0.075499 
1.1322 0.412607 1.62391 0.15621 1.16207 -0.426686 0.824642 0.587552 -0.193691 -0.00180325 0.145672 0.039758 
1.13442 0.737672 1.47338 0.737543 0.824787 -0.486823 0.154228 0.00868294 0.728756 0.175085 0.255827 -0.02064 
0.963919 0.576055 1.78021 0.0104121 0.410759 0.621917 1.2602 0.444177 0.0442976 0.466366 0.106184 0.0310928 
0.713464 0.608172 1.87959 0.533771 -0.0397183 0.968057 0.533919 -0.757243 0.281058 0.538721 -0.0441022 -0.068571 
1.13475 0.877666 1.61443 0.739949 0.540003 0.0196121 0.382086 -0.74477 0.139785 -0.0421158 0.369539 -0.0172897 
0.647109 0.573594 1.28647 0.347448 0.535641 0.180937 0.45837 0.42674 0.672565 0.0782491 -0.0467719 -0.0786146 
0.906 0.669159 1.07155 -0.0234995 0.817299 -0.178495 1.03111 -0.587511 -0.18536 -0.110614 0.121642 0.0607584 
0.793942 0.376959 0.675132 0.0150838 0.88723 0.146613 0.808367 0.205595 0.130544 -0.361069 0.0544089 -0.0532018 
0.837793 0.217824 1.15895 -0.211815 -0.0679991 0.281125 0.350208 -0.441103 0.012437 -0.0323021 0.00503266 0.0327061 
0.985964 0.931722 0.88949 0.375415 0.576713 -0.500486 0.534976 0.139254 0.120724 0.387817 -0.041703 0.0254528 
0.980521 0.374499 1.66934 0.213508 0.581586 0.165442 0.660414 0.0475442 0.62094 -0.107337 -0.0160602 0.0644961 
0.945558 0.486658 0.773946 -0.451825 -0.0357232 0.342553 0.401332 -0.652145 -0.248684 0.144495 0.11984 -0.0489548 
0.936261 0.78705 1.24983 0.241386 0.415552 -0.137252 0.349274 -0.0472177 0.0943486 0.223955 0.129689 -0.0922266 
0.841776 0.289769 1.10358 -0.452897 1.48359 -0.0171983 1.29023 0.0275597 0.938996 -0.111264 0.232609 0.0636578 
0.957 0.376849 0.458105 0.620091 0.958594 0.269167 0.696967 -0.252984 0.368568 -0.00804656 0.143353 -0.0766506 
0.956885 0.488253 0.799172 0.291376 0.125593 -0.368809 1.27948 -0.302534 0.743237 -0.25346 -0.0705724 0.089881 
1.1552 0.836808 1.03372 0.226766 0.272573 0.163159 0.56251 -0.806754 0.662394 0.153085 0.128327 0.0400874 
1.0194 0.493574 0.773562 0.0239088 0.719036 -0.398277 0.162687 0.0303792 0.281006 -0.402653 -0.0806117 -0.0102105 
