1.61337 0.155457 1.20385 0.1545 0.642567 0.259488 0.0744046 -0.273333 0.163789 -0.319842 0.0791138 0.0115405 
1.56756 -0.0282591 0.971569 -0.350445 0.870787 -0.0332745 1.30501 -0.471456 -0.213405 0.0948831 -0.0144208 0.0293273 
1.59221 0.149617 1.51229 -0.250337 0.898396 0.297107 0.811766 -0.867977 0.533931 0.103259 0.13579 -0.0142402 
1.67295 -0.488684 1.07583 -0.457931 0.74812 -0.10091 0.610126 -0.455189 0.0277948 -0.0893977 0.164444 0.0613497 
1.88028 0.00221971 1.22279 0.0895087 0.743541 -0.0560318 1.1688 -0.48127 0.143357 0.0923681 0.219336 0.0154005 
1.66084 -0.340244 0.994066 -0.909484 0.880307 -0.145921 0.456464 -0.663569 0.153521 -0.0946356 0.213524 0.129551 
1.93567 -0.186691 1.26654 -0.9189 0.796212 0.0402044 0.730481 -0.355026 -0.317039 -0.277402 0.0356275 -0.00736067 
1.27834 -0.0978125 1.55162 -0.689097 0.820088 0.54569 0.490277 -0.602811 -0.562831 0.0744767 -0.0953706 0.0739655 
1.48893 -0.00820655 1.43541 0.155325 0.864889 0.4938 1.00787 -0.128059 -0.274497 -0.379097 0.133953 0.0261764 
1.86056 -0.434871 1.03251 -0.948159 1.5413 0.320126 1.1212 -0.173758 -0.545831 0.000283181 0.101908 0.166518 
2.18114 -0.505547 0.143138 0.154721 0.919837 0.00406859 0.380162 -0.222152 0.732812 -0.41869 -0.116653 0.073251 
1.8322 0.201232 1.06076 0.151229 0.752296 -0.345009 0.55429 -0.625489 0.706017 -0.0509062 0.148248 0.0532755 
1.72451 -0.112822 0.898763 -0.36803 1.17346 -0.220878 1.09553 -0.276854 0.0218097 -0.381571 -0.118001 0.0911106 
1.68334 -0.0389421 0.710244 -1.1845 0.715613 0.65533 0.923348 -0.500479 -0.44013 -0.22603 0.131339 0.0520654 
1.80598 -0.227041 0.516063 -0.146499 0.620973 -0.242802 0.919167 -1.04841 -0.24364 -0.0618997 -0.099426 0.00804351 
1.72429 0.0133014 1.18918 -0.49482 0.307104 0.234863 0.664352 -0.618173 0.273372 -0.151521 0.0739343 0.0354769 
1.52869 -0.342356 1.19352 -0.288844 0.717359 0.247446 0.857675 -0.541998 -0.0076834 0.0407708 0.0204225 0.063052 
1.62427 0.0380844 0.563598 -0.122889 1.12983 -0.134604 0.965733 -0.21086 -0.0755691 -0.197098 0.118048 0.0455174 
1.9595 -0.314981 1.66254 -0.383213 1.08247 -0.242126 1.05848 -0.420968 0.612814 -0.354424 -0.126805 0.0286458 
1.58147 -0.210522 0.878879 -0.560327 0.424773 -0.373432 0.47073 -0.613478 0.13031 0.156589 0.114152 -0.0708779 
1.886 0.402488 0.654681 -0.222434 0.17546 -0.212547 0.957512 -1.0899 0.318555 -0.0583752 0.147622 0.0523842 
1.827 0.0196894 1.36197 0.305574 0.92231 0.413683 1.10486 -0.218102 0.547004 0.343685 0.378661 0.0161268 
1.32207 -0.265948 0.673002 -1.16694 0.521468 0.000705681 0.51036 -0.576728 0.389654 0.150545 0.0311496 0.0160591 
1.33743 -0.224028 0.947065 -0.256691 0.696761 0.828773 -0.0556826 -0.691131 0.817418 -0.280914 -0.172375 0.00417467 
1.41794 -0.340656 1.47422 0.0255627 1.12571 0.0854605 0.881344 -0.811276 -0.0458851 -0.168515 0.139791 0.0441019 
1.78065 0.0551291 1.54196 -0.444831 0.599359 -0.243745 0.154597 -1.19875 -0.354153 -0.484877 0.251588 0.0535173 
1.67609 0.00399531 1.14418 -0.551094 0.780978 -0.226237 0.164871 -0.906876 -0.176765 0.180804 0.21225 0.0791793 
1.72617 0.350448 0.306802 -0.225246 0.978571 -0.472744 0.196277 -0.564733 0.477917 0.00310753 0.224639 0.0759041 
1.7561 0.00350678 1.74369 -0.422437 0.312149 -0.248192 1.04781 -0.491701 0.126189 0.129039 0.257702 0.0707973 
1.65951 0.180436 0.959492 -0.141453 0.169208 -0.84894 0.470629 -0.33547 0.502537 -0.131721 0.194152 0.0694656 
1.48901 -0.00385022 0.975091 -0.813662 1.28604 -0.248653 1.15435 -0.697017 -0.509289 -0.0488312 -0.0340818 0.0719492 
1.90663 -0.338481 0.992008 -0.198016 1.30349 0.0609834 0.990612 -0.852078 0.643495 0.122045 -0.0778235 0.064855 
1.63541 -0.130193 0.98523 -0.511921 0.809569 -0.42131 0.237237 -0.268004 0.535949 -0.10158 0.127369 0.0679778 
1.54154 0.293411 1.53911 0.233216 1.40009 0.310532 1.54626 -0.243348 -0.205933 -0.0486093 0.187105 -0.0474521 
3.03462 4.93977 -0.38152 -1.59053 0.908421 -4.74824 0.675427 -1.11618 0.406903 0.383188 -0.00080626 0.258897 
3.2447 3.65532 0.661454 1.1075 0.431095 -2.13031 -0.275309 -0.963979 0.991192 0.679137 0.339792 0.204071 
2.90703 2.7105 2.44113 2.27429 2.27819 1.66872 1.70221 1.13794 0.932866 0.631517 0.260214 0.0926576 
3.28211 2.9919 2.97388 2.7683 2.77437 2.32288 2.0187 1.43723 0.830293 0.535979 0.146104 0.0937217 
3.1972 2.92485 2.81701 2.67948 2.54211 2.30354 1.90597 1.43756 0.944304 0.49439 0.175572 0.096446 
2.91628 2.5195 2.40158 2.26085 2.05167 1.84979 1.56558 1.21058 0.860022 0.511734 0.273927 0.0814498 
2.81949 2.41131 2.26421 2.16315 1.97641 1.68392 1.40292 1.15124 0.940411 0.611069 0.339515 0.0786845 
2.9827 2.23238 2.18233 2.30368 2.16395 1.85605 1.61761 1.01164 0.737883 0.640743 0.402352 0.0850461 
3.68498 -1.09069 -1.02969 2.02721 4.92033 0.277905 3.95548 0.468579 0.432049 0.506176 0.137059 0.174092 
4.03921 -0.805282 -1.09034 3.63846 5.41265 0.611178 3.86551 -0.423802 -0.0549464 0.0935857 0.41095 0.242629 
4.7586 -0.586909 -1.49209 3.0773 6.06245 1.08359 4.46766 -0.457634 -0.51242 0.193612 0.404233 0.306843 
4.71566 0.731609 -1.18235 3.34656 5.51887 0.453309 4.0462 0.115246 0.270328 -0.364878 0.0888418 0.295336 
3.58642 1.62826 0.949677 2.81909 3.96718 1.58567 2.47006 0.599443 0.417008 -0.265528 -0.0115264 0.104956 
3.56426 2.31281 1.93606 2.69323 2.11725 1.08504 0.759251 1.12689 0.560839 -0.0468892 0.34986 0.0721893 
3.22635 1.33181 1.15828 2.87498 3.5144 2.30493 1.33619 1.04944 0.485634 -0.056965 0.209736 0.111907 
4.03674 1.53325 0.611847 2.67689 3.83355 1.93454 2.23456 1.16583 0.462008 -0.472515 0.274098 0.203661 
3.356 2.14909 1.38903 0.279185 2.62006 -0.608824 2.69495 -0.4854 0.00530827 0.25481 0.127607 0.173389 
4.39895 3.46002 1.87466 1.83731 3.03453 -0.923915 1.16837 -1.23306 0.0740047 -0.70204 0.166903 0.106906 
5.64295 3.86187 0.553147 0.956591 2.62998 -1.74519 1.1488 -0.955526 -0.347366 -0.595731 -0.112023 0.200268 
6.58303 3.29624 -0.260736 0.72955 3.25758 -2.30161 1.10501 -0.909051 -0.287413 -0.559001 -0.3773 0.267276 
7.18807 3.47783 -0.316105 0.752516 3.39535 -2.5588 1.34331 -0.492305 -0.574291 -0.351136 -0.364274 0.356035 
4.6334 3.769 1.89654 0.223525 1.13382 -0.624682 0.496179 -0.588989 -0.825029 -0.214285 -0.0446433 0.0484735 
4.2107 3.89848 2.13744 0.665845 1.28578 -0.895853 0.758984 -0.767778 -0.607171 0.0210614 -0.113365 0.0486851 
5.24273 4.64234 1.76511 0.254279 4.33109 -1.45017 0.872225 -1.32069 -0.225932 0.370953 -0.319104 0.128169 
4.55901 4.42464 1.84927 1.13801 3.86077 -0.478355 1.3925 -1.29079 -0.368403 0.204209 -0.230434 0.100577 
3.72127 3.34607 2.28441 1.20347 2.13583 -0.432174 1.24075 -0.470639 -0.0515042 0.173354 0.0285064 0.0763938 
3.72805 3.16785 2.0999 1.46347 2.46978 -0.845187 1.23462 0.0479491 0.0662438 0.344651 0.185224 0.127052 
4.46918 4.32202 0.565073 0.912061 3.64679 -1.29851 2.43672 -0.702975 0.115689 0.167047 0.163071 0.335013 
3.99581 4.55956 1.49867 0.648916 3.91769 -0.483289 3.11708 -0.821076 0.0298834 -0.255687 0.157576 0.254401 
3.01375 2.94572 1.97238 1.58075 2.43252 0.854472 2.22077 0.190672 0.871717 0.267803 0.201252 0.0829005 
2.86817 2.88969 1.93138 1.65734 2.63701 1.0165 2.32409 0.228254 0.818705 0.346445 0.224631 0.092667 
3.07822 2.84046 2.09142 1.80166 2.18162 1.42818 2.05378 0.669206 0.697465 0.207588 0.1399 0.0639635 
3.13601 2.46928 1.91707 1.61237 2.29782 2.07005 2.20665 1.04562 0.518946 0.136935 0.0857999 0.0706771 
4.62006 3.1177 1.10459 0.97313 2.72174 3.37546 2.83995 1.11182 0.471362 0.281431 -0.0438573 0.058019 
3.38766 2.35682 1.95799 2.41441 2.87606 2.6005 1.89231 1.07874 0.397303 0.106738 0.12217 0.0819598 
3.34821 2.25965 1.92278 2.56892 3.20047 2.86243 1.76841 0.82501 0.343383 0.215193 0.0887344 0.0768959 
3.08548 2.28769 1.71226 1.68099 2.06893 2.18669 1.65547 0.821922 0.280088 0.117471 0.0987781 0.0466009 
2.78893 2.24043 1.89563 1.6425 1.50985 1.39802 1.15739 0.766022 0.403204 0.224229 0.132305 0.0155931 
2.7634 2.17789 1.92581 1.8121 1.60518 1.18891 0.803055 0.635782 0.501531 0.267295 0.0761448 0.00961402 
2.90251 2.21347 1.82651 1.72786 1.61045 1.27028 0.901784 0.678496 0.448381 0.169354 0.0132964 0.000217781 
2.88681 2.28458 1.88415 1.55919 1.31664 1.20059 1.0786 0.751271 0.284079 0.01123 -0.00698868 -0.011391 
2.85981 2.33205 2.09488 1.79988 1.43881 1.19038 0.980378 0.661941 0.340216 0.182139 0.0796238 0.00379469 
3.33173 2.83491 2.41743 2.33515 2.39694 2.16834 1.39732 0.523464 0.226923 0.266998 0.18985 0.0387226 
3.85254 3.17885 2.43821 2.56688 3.1846 3.66461 2.88681 1.29418 0.161902 0.0672334 0.389451 0.15281 
2.89111 2.433 2.32247 2.14204 1.8577 1.75395 1.35717 0.994322 0.708258 0.499423 0.264677 0.0604298 
2.73226 2.25363 2.11263 1.97107 1.76815 1.5409 1.34077 1.07956 0.850425 0.592305 0.334862 0.0614293 
2.79038 2.33122 2.17855 2.0119 1.81021 1.63345 1.37146 1.10638 0.83675 0.574242 0.328597 0.067684 
3.14201 2.69466 2.94657 2.64013 2.30633 2.00775 2.04675 0.954398 0.968244 0.623716 0.312827 0.105211 
3.47255 1.75598 1.45709 2.22977 2.05298 1.01921 3.0961 0.252607 -0.0290289 0.277797 0.280829 0.0642711 
4.41114 0.776558 -1.64608 0.600487 2.38401 -0.0458994 4.61553 -0.544852 -0.208674 0.412434 -0.0455282 -0.0823109 
3.13915 -0.183294 -1.84287 -0.30471 2.5398 -0.248506 4.99511 -0.0632766 -0.337391 0.0850413 0.238238 0.105433 
