1.36232 -0.19599 1.58172 -0.650752 0.935894 -0.335656 0.985799 0.337459 0.471458 -0.144144 -0.106742 0.0366211 
1.3067 0.304724 1.41539 -0.0618985 1.02108 -0.29248 0.761334 -0.892522 0.50108 0.0914368 0.0204742 0.0432724 
1.14741 -0.146485 1.11981 0.122503 1.37008 -0.39689 0.825748 -0.0090236 0.0616843 -0.0178488 -0.0213856 0.0345406 
1.58684 -0.0879386 0.546314 -0.30662 1.06869 -0.30804 0.685401 -0.50538 -0.107809 -0.175029 0.234596 0.025242 
1.35263 0.47763 1.08233 -0.336059 0.705929 -0.655267 1.11013 -0.0806771 0.0996246 -0.172414 0.160549 0.00810877 
1.71914 0.194583 0.71959 0.129869 0.638311 0.441731 0.774139 -0.280946 0.595586 -0.216714 0.222273 0.0196538 
1.60018 0.156765 0.84981 0.0382307 1.03099 -0.614956 1.08447 -0.57604 -0.0117332 0.0530015 -0.0502923 0.031937 
1.44776 -0.201778 0.917801 -0.509994 1.48027 -0.535528 0.81152 -0.533018 -0.0284398 -0.185686 0.240824 -0.024715 
1.4163 -0.220831 1.04441 -0.796279 0.139007 -0.214029 1.19765 0.0433215 -0.152637 -0.263364 -0.0150813 0.115582 
1.47004 0.232167 1.04459 -0.0271376 1.24763 -0.564219 1.37605 -0.0790937 -0.0446159 -0.0506629 -0.00169631 0.0923218 
1.61355 0.159811 1.28065 -0.539232 0.444589 -0.541937 0.611854 -0.432549 0.392197 0.101708 0.304618 0.00642234 
1.59984 0.0550533 1.41259 0.26189 0.316247 -0.514856 1.14387 -0.307146 0.0807387 -0.0168025 0.0876855 0.0148126 
1.69841 -0.457526 1.36967 -0.550357 0.896964 -0.340061 0.611874 -0.736442 -0.14206 0.148017 0.00706935 -0.0218849 
1.51616 0.442273 1.55669 0.058198 0.872776 0.128144 0.691061 -0.617405 -0.299751 -0.416963 0.0317342 -0.0383231 
1.55413 -0.0766586 1.02404 -0.268881 0.643188 -0.293582 0.622804 -0.46962 0.0209222 -0.127261 -0.0850139 0.0273396 
1.33189 -0.022529 1.39494 0.0586279 0.163336 -0.26984 1.21793 0.15207 -0.199697 0.067907 0.0179996 -0.0788197 
1.54863 0.330668 1.59346 -0.440635 -0.00269518 -0.0332992 0.626557 -0.313145 0.181526 0.102064 -0.115292 0.0350609 
1.45653 0.525658 1.98918 -0.630897 0.79626 -0.197997 0.784014 -0.108627 0.196333 0.167207 0.17354 -0.011987 
1.3583 -0.0173426 1.47414 0.250151 1.31377 0.0947711 1.21836 -0.0504996 0.545512 -0.306156 0.0396254 -0.0223749 
1.78483 -0.205644 1.67485 0.325392 0.411241 -0.498292 0.6133 -1.11183 0.219501 -0.440853 -0.151997 0.152574 
1.55562 0.605703 2.02963 -0.534208 0.57977 -0.725279 1.14739 -1.08505 0.428389 0.542649 0.0163387 0.0485418 
1.3721 0.112888 0.696654 0.589683 0.617401 -0.193837 0.683719 -0.0980612 -0.159961 -0.0693766 0.0594323 0.0414382 
1.87066 0.268425 1.72322 -0.010329 1.16084 0.273257 0.906434 -0.418714 0.476096 -0.183292 0.181171 0.0284688 
1.77521 0.16009 0.901991 -0.179987 1.07719 -0.109463 0.697023 -0.0413801 -0.110433 0.212377 0.201361 -0.0181714 
1.69613 0.167069 1.3075 -0.0343839 1.14371 0.247898 0.699484 -0.220974 -0.0154815 0.177124 0.220386 0.0757732 
1.71421 0.861011 1.46699 -0.0665328 1.61317 -0.788887 0.656871 -0.460826 -0.529941 0.177998 -0.190275 -0.11631 
1.86788 0.746326 1.96621 -0.237664 1.89856 -0.641519 1.02963 -0.504639 0.0944881 0.493134 0.0772929 0.0311256 
1.51773 0.741484 1.5585 0.356729 1.94068 0.163821 1.27186 -0.711433 0.35422 0.293953 0.163298 0.014864 
1.44095 0.247115 1.21069 -0.0983658 1.53486 0.270883 1.11505 -0.0296894 0.35652 0.199646 0.0380373 0.0805476 
1.44972 -0.0553333 1.20767 -0.267088 1.13288 -0.60525 0.570024 -0.424282 0.0587577 -0.42098 0.10018 0.0999773 
1.40524 0.463538 1.63514 -0.287464 1.32559 -0.333177 1.09273 -0.164754 0.253995 0.0998895 0.34617 0.0209931 
1.49276 -0.0587207 1.39949 -0.0423231 0.939006 0.0734417 1.1686 -0.570821 0.780612 -0.0174848 0.139051 0.0154146 
1.45926 0.205065 0.892342 0.450055 0.597176 0.149686 1.25023 -0.0155485 0.481199 -0.0843151 0.151589 0.032589 
1.40531 0.341921 1.51672 0.218587 1.12262 0.240491 0.871531 -0.501545 0.330572 -0.0907582 0.173739 0.005774 
2.5206 1.94597 1.68922 1.4679 1.24726 1.07627 0.891573 0.597254 0.390032 0.32471 0.166474 0.0321701 
2.97463 2.6066 2.5306 2.34101 2.19414 1.89953 1.55237 1.21119 0.831033 0.513708 0.244145 0.0836872 
2.79424 2.35481 2.17359 2.00146 1.80498 1.54308 1.27848 0.995563 0.698066 0.454442 0.240635 0.0535367 
2.71712 2.23089 2.0136 1.84552 1.63753 1.40485 1.17757 0.914327 0.680769 0.447745 0.250908 0.0462609 
2.78733 2.3487 2.16225 2.00339 1.80705 1.55713 1.30348 1.02858 0.774748 0.517006 0.294795 0.0615665 
2.75286 2.29688 2.09958 1.95541 1.77458 1.55183 1.29565 1.04203 0.809193 0.54391 0.309467 0.0589165 
2.89132 2.29191 2.15434 2.06599 2.25515 1.61887 1.39843 1.05282 0.83872 0.692789 0.32751 0.0723279 
3.84308 -0.649717 -0.956813 3.14091 4.17376 0.716206 3.50978 0.193427 -0.351924 0.117182 0.489719 0.15404 
4.7143 -1.22695 -1.36674 4.217 3.96668 1.54617 2.92774 0.57744 -0.27353 -0.136439 0.615995 0.182863 
4.445 0.117647 -0.477083 3.24601 3.13327 1.70862 2.86011 0.887358 -0.19906 -0.104146 0.430605 0.16865 
4.0906 1.88832 2.01778 3.34951 2.46467 1.55394 1.63582 0.995989 0.136863 0.00855899 0.236528 0.0731748 
3.10225 2.38534 2.0297 2.03598 1.73505 1.16269 0.913092 0.779794 0.550245 0.263869 0.137321 0.0193424 
2.87102 2.22374 2.05389 1.89212 1.43503 0.942689 0.714392 0.591186 0.418806 0.287518 0.211894 0.0133632 
3.60152 2.68708 2.51002 2.56885 2.13472 1.31585 1.05186 0.803474 0.317662 0.0757413 0.195303 0.0324087 
3.53616 2.70084 2.4458 2.48788 1.81417 0.756693 0.335921 0.299106 0.138559 0.0437876 0.173347 0.00249101 
3.77562 3.12274 2.91965 2.51153 1.34005 -0.0358083 -0.268107 0.00379896 -0.26294 -0.269331 -0.00839083 -0.0337461 
4.653 3.41932 2.50544 2.28065 1.3966 -0.640209 -0.661687 -0.622089 -0.523126 -0.553607 -0.0570185 -0.0185575 
4.75417 3.46175 1.43596 1.61569 2.0893 -1.54994 -0.294565 -0.774033 -0.430312 -0.570446 -0.155542 0.0100472 
4.00389 3.04256 1.97253 1.1925 1.14988 -1.02558 -1.06383 -1.18198 -0.607202 -0.162092 -0.00739279 -0.0119907 
4.18629 2.8871 2.10796 1.5161 1.51145 -1.10169 -1.38024 -0.979009 -0.997015 -0.184664 -0.115437 -0.0507076 
4.74656 3.45601 2.06886 1.21153 2.07017 -1.90809 -1.45805 -1.11932 -0.310225 -0.0731391 -0.214071 -0.0251181 
5.25056 3.66198 0.968498 0.283185 2.32115 -0.606406 0.64435 -0.948006 -0.704399 -0.524347 -0.197896 0.039564 
5.77163 3.80451 0.967304 -1.80396 3.60713 -1.25779 0.0375172 -0.872069 -0.265484 0.0505848 -0.163305 0.0857162 
5.66423 4.0133 1.62046 -1.25932 3.00155 -1.5941 -0.102779 -0.67318 0.250573 0.0857223 -0.134022 0.062311 
4.83516 3.38086 1.65269 1.04654 2.30902 -1.25074 -0.89366 0.150853 0.01477 0.0887492 -0.152348 -0.0178237 
5.37898 3.29607 1.44599 0.828919 2.96349 -1.65347 1.35862 -0.202918 0.689772 -0.195317 -0.27293 0.108662 
5.30956 2.99503 0.422596 1.87401 4.01738 -0.0152483 1.54096 -0.117297 0.194908 -0.248664 -0.0431997 0.136172 
4.43425 2.58869 0.691468 1.02919 2.28384 1.9546 1.90959 0.646201 0.123013 -0.225241 0.0720836 0.0664906 
3.86813 2.08684 0.840543 1.39111 2.59313 2.41063 1.7839 0.94993 0.216009 -0.108382 -0.0571045 0.04491 
4.75886 2.24858 0.400029 1.04922 2.86992 3.19028 2.22317 0.884585 -0.163704 -0.20731 -0.12057 0.0477161 
6.28056 1.88347 -0.501369 1.67236 3.33525 2.59106 2.47388 1.94976 -0.0268239 -0.177869 -0.207934 0.0324761 
4.90748 2.3451 0.0211142 0.740911 3.00446 3.64634 2.46818 1.1215 0.351869 -0.0721353 -0.126839 0.021117 
3.28661 2.03653 0.942225 1.03486 2.1026 2.81427 2.3792 1.31632 0.370513 -0.0796161 -0.110972 0.0552938 
3.14902 2.30623 1.47187 1.17982 1.5165 1.904 1.83202 1.23439 0.513633 0.0779628 0.0150527 0.0213809 
3.15845 2.24899 1.3465 1.03394 1.48428 2.09918 2.12255 1.42018 0.5068 -0.0245963 -0.0274676 0.0210801 
3.18306 2.31477 1.63623 1.48237 1.85254 2.26358 2.13793 1.38931 0.473176 -0.0562508 -0.0979839 0.035114 
3.27641 2.45043 1.7337 1.59669 2.04857 2.35179 2.05535 1.25407 0.443654 -0.0359991 -0.150203 0.0325335 
3.01722 2.27052 1.75228 1.59504 1.82323 2.01792 1.76219 1.06309 0.351921 -0.00114226 -0.0427423 0.0323028 
2.92231 2.12151 1.66747 1.6928 1.89305 1.79878 1.34794 0.811106 0.363436 0.0521963 -0.0472665 0.024708 
3.14923 2.37392 1.77297 1.60588 1.7223 1.62994 1.23858 0.809605 0.460217 0.16884 0.0601312 0.0231248 
3.41399 2.60232 2.17864 2.15111 2.02019 1.61369 1.34648 1.23082 0.854575 0.263429 -0.0453271 0.0247471 
6.5879 3.46759 0.383414 1.0876 3.75887 4.25343 2.85714 1.26506 0.729234 0.516067 0.296086 0.0784669 
3.93657 3.38449 2.5275 1.8297 2.25485 1.96983 2.32558 1.20063 0.983285 0.495258 0.131126 0.067197 
3.18154 2.79252 2.73769 2.44737 2.24161 2.21455 1.61412 1.18174 0.872102 0.367273 0.219471 0.0813731 
3.03098 2.74518 2.67498 2.32921 2.20543 2.00947 1.561 1.29196 0.903316 0.594098 0.281023 0.0955461 
2.86214 2.39547 2.16262 2.0303 1.69566 1.84335 1.81027 1.12012 0.754986 0.629252 0.319365 0.0739529 
6.5059 -2.47366 -1.78743 -0.952155 1.83847 3.07003 4.13122 -0.381028 0.109641 1.01264 -0.0101964 -0.0432921 
3.74862 -1.82112 -2.50422 0.0621068 2.51164 0.0218523 4.35049 0.314339 -0.0567505 -0.260339 0.306096 0.200547 
3.08754 1.56455 -0.100676 0.489482 2.36943 1.37904 2.72219 0.24826 0.610727 0.523503 0.506248 0.0815388 
3.03767 2.49289 1.82312 1.55395 2.21421 1.7038 1.982 0.683093 0.699906 0.408429 0.287094 0.078106 
2.97825 2.187 1.6325 1.88152 2.51652 2.56165 1.71973 0.504655 0.0707499 0.241765 0.452031 0.0945225 
