1.58389 0.0413289 1.18168 0.0513588 0.325275 -0.125392 0.920608 -1.30101 0.055538 -0.552673 0.0883652 0.10347 
1.59123 0.101807 1.13493 -0.121756 0.108256 -0.309885 -0.0776387 -0.844202 0.0242031 -0.242643 0.0158656 -0.00310212 
1.79298 -0.147973 1.73697 0.0439566 0.731216 0.252555 0.763505 -1.07445 -0.173372 0.0861363 0.154037 0.0727869 
1.85233 -0.0365018 1.68747 0.106717 -0.012292 0.32957 0.978643 0.0781657 0.0515674 -0.201732 0.241654 0.0706293 
1.50911 0.172763 0.876849 0.151025 0.579325 -0.13624 0.0173616 -0.681584 0.121866 0.0493777 0.0277347 0.0676592 
1.50988 0.0732405 1.31596 0.265989 0.560592 0.0054815 0.613492 -0.547159 0.581296 0.358029 -0.141862 0.00984156 
1.6481 -0.0102256 1.20691 -0.360383 0.61462 0.0545272 0.821986 -0.671067 0.298853 -0.497446 -0.0158857 0.12028 
1.40474 -0.145464 1.07095 -0.0733927 0.328557 -0.306076 0.00659119 -0.862369 0.0964763 -0.18577 0.0513459 0.0393655 
1.74753 -0.251713 1.74228 0.135586 0.628107 -0.638261 1.04378 -0.0331234 0.0700624 -0.0861142 0.163449 0.0384739 
1.46538 0.123582 0.800211 -0.370871 0.623619 -0.469512 0.346347 -1.18501 -0.123873 0.0233402 0.264655 0.0616022 
1.46935 -0.0286911 1.45588 0.00643565 0.651386 0.364447 0.833239 -1.35559 -0.192882 0.488901 0.146844 0.0557829 
1.66453 0.402661 0.997094 -0.203758 0.588598 -0.2621 0.641004 -0.682451 -0.140525 0.307828 0.0739465 -0.0172098 
1.5328 -0.0537357 1.69174 -0.424577 0.834212 0.403686 1.27491 -0.469903 -0.0186118 -0.190541 0.0544735 -0.0343826 
1.84512 -0.100808 1.71644 0.105637 0.924624 0.134906 0.479766 -0.378699 0.722897 -0.0183742 -0.176366 0.0251374 
1.62083 -0.252694 1.41798 -0.266377 0.922359 -0.146531 0.0829001 0.147674 0.215876 0.178701 -0.0821552 -0.0521545 
1.5311 -0.461116 0.968655 0.0919966 1.0045 -0.497061 0.470451 -0.136501 0.0813983 -0.0070146 0.100984 -0.0190474 
1.46411 -0.506663 1.02566 0.182728 0.946328 -0.616899 0.435246 -0.0963952 0.323059 -0.338053 0.0382806 0.0846514 
1.54052 0.0422035 1.40743 0.323689 0.786357 -0.324438 0.863096 -0.495203 -0.115052 0.168662 -0.0638375 -0.0729121 
1.72343 -0.120959 1.57008 0.0362102 0.653811 0.179757 0.549815 -0.315195 0.470448 -0.311598 -0.082921 0.0178574 
1.39286 -0.199825 0.875593 -0.271955 0.65189 0.0242277 0.920543 -0.474157 0.0539999 -0.0122344 0.196217 0.0273084 
1.63546 -0.216142 0.719988 0.44639 0.105209 -0.162122 1.16402 -0.641493 -0.0673954 -0.270092 0.212295 0.0708597 
1.89153 -0.0378077 0.70907 0.173541 0.392827 -0.0659081 0.876266 -0.899904 0.324869 -0.544625 0.0168388 0.0425787 
1.58022 0.135176 1.00548 -0.356537 0.48373 -0.192932 1.11697 -0.762705 -0.157905 0.0111867 0.0409628 -0.0290092 
1.38814 -0.0388793 1.21631 0.474376 0.637914 0.135953 0.291593 -0.954795 0.764655 -0.297864 0.0966614 -0.0253345 
1.53795 0.38603 0.932364 -0.269806 0.687699 0.584773 0.778909 -0.82748 0.411309 0.152747 0.0315445 0.0868047 
1.71143 0.0723496 1.3611 -0.427667 0.588025 -0.449441 0.286595 -0.244307 -0.387838 0.279235 0.0349958 0.0268884 
1.50478 -0.0734929 0.850507 -0.205065 0.3175 -0.120032 -0.115794 -0.612238 -0.0656043 -0.159022 0.141814 0.0325637 
1.84471 -0.0899533 1.53633 0.217523 1.19085 -0.141135 0.48769 -0.647653 0.452595 0.0362842 0.313978 0.081767 
1.43326 0.886933 1.49162 0.186486 0.997277 -0.593903 1.25808 -0.770829 0.0443078 0.383333 0.0643827 0.06912 
1.40749 -0.321706 0.927524 -0.799818 0.289672 -0.845204 0.398578 -0.247679 0.336179 -0.0189475 0.124618 0.0113336 
1.634 0.444978 0.776641 -0.138394 0.75178 -0.221147 0.0185705 -0.225812 0.0370969 0.259474 0.197901 0.0295675 
1.67115 -0.000667464 1.40664 -0.0745726 1.26858 -0.559855 0.961927 -0.488629 0.131161 -0.310352 0.175136 -0.00996219 
1.60789 -0.0398129 1.2561 -0.13718 0.375585 0.00232022 0.897234 -0.161843 0.317731 -0.278089 0.136011 0.0199661 
1.74341 0.471289 1.32886 -0.0729062 0.561423 -0.695146 0.502035 -0.335757 0.110247 0.192043 0.303773 0.108064 
2.44855 1.68295 2.00145 1.61869 1.24189 1.15658 0.98058 0.992571 0.598502 0.398324 0.3514 0.0510691 
2.70511 2.34636 2.25365 1.84089 1.93447 1.68653 1.45637 1.1818 0.854643 0.680065 0.478618 0.0912532 
2.73657 2.23518 2.09592 2.03776 1.818 1.63229 1.54792 1.25576 0.891497 0.693607 0.389818 0.0900284 
2.98417 2.64969 2.56403 2.34265 2.18898 1.87884 1.61845 1.2743 0.93503 0.564646 0.340982 0.104496 
2.77912 2.29726 2.0899 1.95454 1.8136 1.57042 1.28103 0.999795 0.728686 0.547634 0.298214 0.0662023 
2.74575 1.95992 1.9544 2.03695 1.80313 1.23987 1.5908 1.02695 0.754169 0.33278 0.327524 0.0560769 
3.38753 -1.22374 -0.412692 3.44895 3.21464 0.825627 3.56792 0.493645 0.128331 0.14616 0.574482 0.065337 
3.64395 -1.28328 0.315098 6.4018 2.01715 1.28218 3.96728 -0.0122069 -0.231276 -0.194669 1.00904 0.066913 
3.07007 0.215428 1.3457 3.77931 2.14141 1.88141 3.76599 0.68363 -0.158945 -0.30546 0.500042 0.155218 
3.848 1.21847 1.02911 4.24547 2.39598 1.50428 3.02167 0.886449 -0.0619496 -0.274693 0.436296 0.120244 
3.16809 2.42732 2.31101 2.11187 1.35267 1.16546 1.29819 0.820673 0.28321 0.242386 0.240891 0.0292622 
2.86581 2.2534 2.04426 1.91491 1.65169 1.43145 1.27187 0.748205 0.272609 0.211805 0.243391 0.0302651 
3.66298 2.04511 1.84407 2.43104 1.61687 1.44409 2.11701 -0.370358 0.179311 0.438401 0.494474 0.0591727 
3.75545 3.15666 2.75742 2.14544 1.66271 1.59199 0.933759 0.26096 -0.11652 0.0358061 0.21362 0.0186753 
3.43476 2.98769 2.70764 2.11232 1.18872 0.764074 0.55573 0.00125007 -0.225052 -0.202226 0.0866263 -0.0281391 
4.0052 3.15822 2.39902 2.14206 1.6653 0.556497 0.345185 -0.299 -0.630285 -0.608027 0.0431976 -0.0393451 
4.77453 3.57036 2.19161 1.83036 0.761294 -1.14329 0.528668 -0.927801 -0.700614 -0.661424 0.0787742 0.0324874 
5.1008 3.46947 2.38731 0.703999 0.990113 -1.70226 0.327766 -0.427353 -0.93008 -0.513308 -0.0744185 0.0495315 
6.19082 3.9806 0.62365 -0.133177 1.99066 -2.46001 1.19996 -1.31921 -0.559545 -0.422588 -0.316704 0.177951 
6.39771 2.92376 0.0860215 0.0609226 2.97558 -2.56993 0.631812 -1.02109 -0.532076 -0.349746 -0.457301 0.198828 
5.63493 2.67922 0.305843 -0.121817 2.75701 -1.62672 0.394949 -0.977417 -0.620165 -0.364368 -0.267227 0.128935 
4.19759 2.7805 0.743968 0.211077 0.756908 -0.478378 -0.0185431 -0.533011 -0.346743 -0.56688 0.0745944 0.0289033 
4.23997 2.6337 0.925309 -0.0625427 0.455836 -0.102641 0.0479093 -0.104303 -0.614442 -0.401572 0.159844 0.0590444 
4.30343 2.91525 0.544723 -0.191183 1.18934 -0.880766 1.05408 -0.853061 0.459989 -0.236321 0.193837 0.0922453 
4.34535 2.93754 0.726212 0.0477524 0.785586 -0.162837 0.501152 -0.286227 0.405116 0.0662627 0.388389 0.108507 
5.33662 3.03557 -0.0325719 -0.101553 0.975924 0.0897912 1.50958 -0.442457 0.598817 -0.0777164 0.342187 0.131752 
4.40776 2.4396 0.955771 0.927342 1.37091 0.24681 0.812793 0.726059 0.576395 0.14227 0.0760337 0.0212919 
4.26721 2.17963 0.566042 1.34445 2.08303 0.846526 1.04639 0.0971009 0.721189 0.150645 0.18099 0.0318585 
5.14511 2.24276 -0.21864 1.47813 2.71233 1.72205 1.44306 0.379373 0.258515 0.0365478 0.0290238 0.020039 
4.74181 2.02912 0.0858166 1.23843 2.71102 2.51135 1.85959 0.65922 -0.157733 -0.148752 0.00831319 0.0680931 
4.38551 2.1555 0.679932 1.39025 2.30059 2.59796 2.46452 1.32138 -0.0838547 -0.31903 -0.0470812 0.0799465 
4.37184 1.43907 0.359827 1.90634 2.74621 2.61448 2.75338 1.66242 -0.0467413 -0.146124 0.143651 0.156533 
4.63664 1.7018 0.191852 1.71011 2.83783 2.85542 2.85895 1.65218 -0.122859 -0.0979123 0.0157506 0.118712 
4.65829 2.11738 0.430824 1.49032 3.00503 3.21688 2.6973 1.53672 0.248397 -0.0468228 -0.110698 0.0576358 
3.36693 2.00689 0.928584 1.22067 2.51776 3.20986 2.62732 1.32924 0.270975 -0.159557 -0.163286 0.0742179 
3.40575 1.88166 1.1847 1.59621 2.26686 2.85684 2.74759 1.52626 0.17559 -0.184517 -0.0496961 0.0846688 
3.92292 1.96655 1.36905 2.146 2.64205 2.94463 3.14091 1.71666 -0.0724352 -0.196072 -0.070839 0.101322 
4.52557 2.43506 1.67053 2.56352 2.10234 1.83845 3.20977 2.71953 0.3309 -0.410834 -0.0609918 0.0708536 
3.70578 2.32507 2.02588 2.58872 2.44019 2.37182 2.98451 2.21945 0.111359 -0.496252 0.0791639 0.0986862 
3.75894 2.61426 1.99175 2.22235 2.36725 2.5805 2.90017 1.90248 0.202908 -0.279621 0.118084 0.08612 
3.16246 2.4475 2.10679 2.07236 1.98806 2.09385 2.21004 1.47695 0.380067 -0.0172283 0.0763079 0.0475154 
2.97304 2.39769 1.95701 1.66703 1.60204 1.5904 1.38928 0.948201 0.47623 0.153847 0.044684 0.00610933 
3.05749 2.24853 1.58264 1.41856 1.85317 2.17428 1.84359 0.995937 0.240906 0.0356411 0.163983 0.0468126 
4.01968 3.10454 1.88803 1.4894 2.00637 2.72223 2.60656 1.81222 0.883346 0.192422 -0.0464493 0.0265551 
3.19857 2.60674 2.07869 1.5724 1.54182 1.7638 1.86157 1.51972 0.849947 0.248479 -0.0838833 0.00533201 
2.92743 2.38674 2.37239 0.625359 1.46585 1.23269 1.37885 1.30195 1.22056 0.72831 0.0719766 0.0315728 
2.49531 1.5466 1.80015 1.52118 1.41338 1.91611 2.3688 1.02794 1.08804 0.542598 0.109498 0.0263268 
2.39936 1.82762 2.77235 2.03144 2.1308 1.94443 1.66504 0.974422 0.649679 0.761785 0.100295 0.0575694 
2.32361 1.82817 1.97504 1.42794 1.59176 2.22347 1.31632 0.805701 0.902339 0.608393 0.172113 0.0397403 
3.59948 1.96946 -0.770157 -1.73723 3.41431 0.394801 2.09243 -1.02984 -0.389581 0.13351 -0.382424 0.0893325 
4.40771 1.60494 -3.16566 -3.38192 5.24724 -0.120578 2.81843 0.16064 -0.171318 0.326127 -0.735062 -0.0262973 
