1.08416 -0.152517 1.15469 0.115694 1.39521 0.0475716 0.152615 -0.741093 0.159727 -0.693555 0.190894 0.00910629 
1.33466 0.214106 0.984857 0.0416646 0.827625 -0.630374 1.07739 -0.36614 0.238081 -0.329916 -0.0620724 0.0489351 
1.11527 0.301931 1.49735 -0.0740095 1.14427 -0.724532 0.379691 -0.533304 0.548872 0.343387 -0.0568952 -0.0267564 
1.35842 0.0560208 0.846589 -0.183856 1.19943 -0.431407 0.383076 -0.35916 0.278559 -0.124483 -0.0994627 0.0532914 
0.963787 0.144188 1.37648 -0.459401 1.72627 0.00268814 0.636701 -0.178177 -0.0208492 0.0640788 -0.0830053 0.00568888 
1.15096 0.611169 1.33337 0.427328 1.32452 -0.689656 0.891251 0.519791 0.407061 -0.0937454 0.122271 0.0275928 
1.13083 0.27105 1.23496 0.283188 1.13901 0.715832 0.860511 -0.0900097 0.638601 -0.173788 0.197408 -0.00767406 
1.25738 -0.0075748 0.717115 -1.67966 0.852343 -0.0280089 0.666694 -0.338322 -0.208628 -0.339339 -0.1876 0.0508816 
1.28135 0.321355 1.47216 0.181966 1.31759 0.309381 0.844107 0.256188 -0.0705545 -0.367876 -0.168865 0.0579588 
1.46934 0.242677 0.874768 -0.048994 0.676735 0.177219 1.27956 -0.197022 0.950606 -0.103836 -0.13655 -0.00424462 
1.35167 0.0333075 1.09501 -0.507166 1.58557 0.03591 1.03775 0.126997 -0.281573 -0.345903 0.0240743 -0.0328343 
1.53214 0.366939 1.27691 -0.0159992 0.479603 -0.3138 0.291804 -0.175854 0.841815 -0.0690658 0.317031 -0.0607942 
1.13918 -0.0549083 1.03181 -0.00803551 1.66167 -0.477988 0.90551 -0.0415333 -0.272174 -0.228873 -0.14929 -0.0685677 
1.27649 0.986957 1.3438 0.0236801 1.70357 -1.30286 0.485643 0.342969 0.324492 -0.186094 0.0679806 0.0394455 
1.12053 0.431588 1.08765 0.0409354 1.22323 -0.55065 0.732118 -0.103168 0.552736 -0.39989 0.150925 -0.00026753 
1.12192 0.601866 1.10456 0.364219 0.51204 -0.589535 0.68102 -0.00434858 0.149148 0.0678023 -0.0500445 -0.0900441 
1.44475 0.550293 1.32194 0.175709 0.246968 -0.511313 1.44744 -0.624517 0.217213 -0.335848 0.00675379 -0.0269512 
1.0583 0.526076 1.20018 -0.426439 1.13339 -0.239485 0.623882 -0.00250659 0.284228 -0.141184 0.291891 -0.00197222 
1.35162 0.251825 1.08413 -0.234552 0.509433 -0.486856 0.585752 -0.362467 0.250048 -0.299102 0.0308042 -0.0210096 
1.47623 0.281796 1.52268 -0.33484 1.11313 -0.370684 0.0219497 0.399303 0.0936045 -0.11842 -0.097052 0.0409135 
1.14116 0.137551 1.33353 -0.176581 1.47394 -0.312289 0.801672 -0.615209 0.11006 -0.0571291 0.032041 0.038135 
1.17959 0.622416 0.810618 -0.175534 0.624357 -0.148517 1.6184 -0.257415 0.415669 0.177428 -0.0763119 -0.0806048 
1.16861 0.528016 1.05813 0.0912212 1.41263 -0.268007 1.14419 -0.552137 0.541396 0.552288 -0.23131 0.0755143 
0.547456 1.20864 0.755633 -0.255303 1.38492 0.274162 0.352253 -0.519621 0.484935 0.246444 -0.0646795 0.126855 
0.897199 -0.601394 1.18402 1.61093 0.25195 -1.71893 0.718276 0.823229 0.231846 -0.132598 0.236182 0.1232 
1.23765 -3.919 0.208067 4.8339 0.76814 -1.97827 2.86049 1.09431 -1.76692 -0.849758 0.488084 0.181977 
0.837221 -2.09055 1.89963 2.71955 -0.0449415 -2.06022 1.95227 1.77242 -0.870158 -0.629932 0.0678835 0.0185688 
0.225545 -1.73135 2.39041 3.29818 -0.785895 -2.40014 1.66251 0.54167 -0.357387 -0.394049 0.234666 0.0515618 
0.0496315 -2.59843 1.78162 3.15417 -0.765769 -2.02667 2.45662 0.290911 -0.777717 -0.0171719 0.0469215 -0.0408354 
0.716628 -0.845432 1.85277 1.87417 -0.800946 -2.51227 1.60235 0.456552 0.0840773 -0.235141 0.155033 0.0342985 
1.35066 0.0222469 1.36907 0.620094 0.360621 -0.280629 1.6938 0.38208 0.896723 0.041904 0.252599 0.0186195 
1.30538 0.573736 1.44734 -0.242444 1.43386 -0.378453 0.0533843 -0.233154 0.54779 -0.0165429 -0.168397 -0.000553068 
1.43267 0.301298 1.52528 -0.730108 1.4937 -0.51377 0.918575 -0.0736723 0.529191 0.380509 0.117655 0.0648575 
1.51861 0.749064 1.53523 -0.757057 1.11745 -0.0647415 -0.488597 -0.804948 -0.291294 -0.612114 -0.256941 -0.0853078 
1.39053 0.468718 1.13701 -0.254333 0.623716 0.315465 0.809634 -0.67397 0.29406 -0.0949382 0.109709 0.000456938 
1.37648 0.627568 1.13181 0.011596 1.12403 -0.814221 0.79622 -0.208474 0.844824 -0.00574228 0.0560423 0.0555516 
1.50267 0.908274 1.58537 0.0640444 0.906892 0.346676 0.327474 0.345389 1.14035 -0.27464 0.0456612 0.00196182 
1.59284 0.904749 1.5137 0.458423 1.89397 -0.256087 1.61247 0.375715 0.892841 0.101512 0.165032 0.0431192 
2.03351 1.64894 2.66576 1.58011 2.21403 1.10338 1.91749 0.683685 1.69557 0.886809 0.179019 0.0966361 
2.65325 2.16903 1.94196 1.71527 1.56732 1.34404 1.08391 0.876615 0.726582 0.479952 0.285792 0.0600942 
2.85875 2.4812 2.34299 2.21432 2.02679 1.75908 1.45764 1.15167 0.861528 0.568578 0.312374 0.0807032 
2.99328 2.63389 2.46105 2.31983 2.18403 1.95186 1.68747 1.30782 0.923121 0.52721 0.245186 0.0897369 
3.1525 2.74463 2.54014 2.33803 2.20029 2.07817 1.90772 1.50544 0.936289 0.495123 0.198405 0.092918 
2.9715 2.56707 2.47486 2.31815 2.47308 1.74572 1.984 1.09932 0.841933 0.709883 0.222793 0.0969526 
4.30894 -0.131525 -1.62798 2.13421 4.53855 1.77049 3.82595 0.500919 -0.844469 0.0476169 0.312324 0.234019 
3.85475 -0.055312 -1.26572 2.28651 3.886 2.29038 3.31212 0.928091 -0.47626 -0.202584 0.3174 0.232828 
3.88683 0.0232072 -1.27034 2.54458 4.76762 2.13084 2.39174 0.829886 0.159851 -0.16845 0.25406 0.245352 
5.75068 1.50434 -2.12312 2.92943 4.10656 1.45895 3.12865 0.770762 0.437151 -0.477019 0.285619 0.235292 
5.16768 2.63268 0.172693 2.53944 2.73796 1.37453 1.90132 0.692023 0.283369 -0.643733 0.286583 0.191909 
5.08039 2.86613 1.2624 2.39164 2.59771 1.12229 1.0009 0.815016 0.203603 -0.407673 0.270638 0.152324 
5.2302 2.00458 0.21215 2.15075 2.88641 1.0546 2.06392 0.715446 0.0184198 -0.0613898 0.295613 0.17405 
3.41338 2.11928 1.49242 1.77119 1.7259 1.32886 1.04716 0.502118 -0.205832 -0.198506 0.399336 0.0613355 
4.34846 3.35637 2.3871 1.70606 0.832217 0.311513 0.271153 -0.00982558 -0.52127 -0.524774 0.126457 0.0129286 
4.66883 2.7049 1.98527 2.39135 1.26975 -0.5589 -0.483323 0.174991 -0.531543 -1.00698 0.0864839 0.0699388 
3.79589 2.50094 1.85473 1.67929 0.652808 -0.549255 -0.601713 -0.384605 -0.61114 -0.515397 0.14077 0.0114033 
4.03134 2.46936 1.54562 1.57844 0.891084 -0.491432 -0.848717 -0.5887 -0.698254 -0.640136 0.130827 0.023248 
5.11971 2.4601 1.0417 1.78525 1.64341 -0.847456 -1.03329 -0.475285 -0.630862 -0.794354 0.0384543 0.100494 
4.13865 2.47479 1.34965 1.42249 0.947406 -0.629328 -0.776821 -0.37576 -0.664589 -0.750791 0.0944005 0.0298356 
4.30766 2.41702 1.62701 1.98444 1.20691 -1.08668 -1.19652 -0.310213 -0.373192 -0.652632 -0.104328 -0.00516313 
5.12014 2.57158 1.31559 1.67219 1.39504 -2.60505 -1.46021 -0.121305 -0.0475062 -0.577188 -0.257446 0.0428716 
5.07969 2.72641 0.811393 1.38433 1.38064 -2.16865 -1.42709 -0.0728486 -0.158237 -0.635846 -0.19162 0.0435177 
5.75035 3.08161 1.2554 2.05585 1.41581 -2.9249 -1.47624 -0.0912929 0.0908872 -0.14009 -0.226652 0.0595493 
6.90359 2.99416 0.485302 2.57809 2.97553 -4.40277 -0.76508 -0.529076 0.385826 -0.00679463 -0.35696 0.198514 
6.42143 2.90883 0.432314 2.18119 2.67403 -3.36421 -0.371173 0.0810928 0.00852131 -0.255133 -0.398837 0.151218 
5.80606 2.49988 0.825112 2.08203 2.62264 -0.77375 -0.344781 0.609252 -0.747151 -0.772859 -0.292554 0.0771031 
6.97467 2.58347 -0.582822 2.28727 4.40278 -1.42706 1.83362 -0.530173 0.0414635 -0.827656 -0.453317 0.179404 
6.91767 2.24648 -1.03808 2.31184 3.80683 -0.214495 1.50891 0.514811 -0.416068 -0.769576 -0.260139 0.17696 
4.56588 1.75213 0.378762 2.06061 2.78749 1.58506 0.955731 0.786822 -0.2994 -0.863177 -0.159083 0.0574445 
4.07156 1.51716 0.265712 1.80371 2.70719 1.82557 1.19702 0.736514 -0.31037 -0.63602 -0.133939 0.0372916 
4.06378 0.914413 -0.0797921 2.23524 3.16616 1.94075 1.47055 1.15444 -0.211356 -0.685576 -0.117906 0.110666 
3.57103 1.16126 0.435018 2.27211 3.27627 2.37714 1.5329 0.920903 -0.091456 -0.569031 -0.254271 0.0700888 
4.39572 0.612183 -0.599247 1.90085 2.74365 1.75454 1.97197 1.70852 -0.0953628 -0.756928 -0.190911 0.117829 
5.20904 -0.3073 -0.913583 2.3825 2.69793 1.64833 2.49195 2.09243 -0.24362 -0.829498 -0.154882 0.144003 
4.90839 -0.38868 -1.20877 2.273 2.64821 1.73078 2.83419 2.31077 -0.368766 -0.813086 -0.056724 0.168511 
5.08302 0.0485627 -0.839348 2.87051 3.03938 1.42234 2.67611 2.23941 -0.435724 -0.832515 -0.101961 0.183642 
5.96157 -0.0933845 -0.497835 3.62917 3.26775 1.72723 3.22644 2.00637 -0.612418 -0.799466 0.104581 0.17674 
5.01654 1.36087 0.129772 2.40881 2.9646 2.24519 2.81371 1.67011 -0.603859 -0.439534 -0.00611546 0.136843 
3.71851 2.1539 1.026 1.46074 2.33272 2.54393 2.2022 1.20499 0.14014 -0.0966485 0.081307 0.0715236 
3.12973 2.15155 1.40552 1.28555 1.58545 1.96876 2.17314 1.67221 0.725522 0.10985 0.0441526 0.0278218 
3.65166 2.54164 1.16264 0.503837 1.27029 2.13771 2.43187 1.70721 0.617718 -0.0477833 -0.0826687 -0.0146452 
3.25485 2.9579 2.26947 1.49598 1.38438 1.60865 2.06514 1.89177 1.16938 0.479358 0.0164488 0.0350777 
3.24011 2.89879 2.68968 1.85018 2.21561 1.89697 1.71071 1.45553 0.817257 0.0926391 0.146156 0.0435999 
3.07999 1.87436 1.27876 0.392685 1.70167 1.88302 1.48443 0.716549 0.902259 0.562283 -0.0612103 -0.0395294 
5.55637 -1.05454 -3.89006 0.551163 5.74273 3.45009 -0.483105 -0.0946883 -0.423845 0.32981 -0.115899 -0.166317 
4.1547 -0.411601 -2.24493 0.280724 3.7188 2.55003 0.571013 0.10887 0.318586 -0.376801 -0.0753404 -0.122854 
