1.40861 0.453982 1.28203 -0.734097 1.2938 0.800372 0.047462 0.444348 0.969761 -0.559566 -0.10696 0.0013179 
1.56169 -0.0340616 0.233834 0.00272785 1.28969 0.838955 -0.0658854 -0.455631 0.724189 0.0622464 0.224758 -0.102175 
1.65156 0.444089 0.100658 -0.0758056 0.928679 0.695548 1.19081 -0.703717 0.404587 -0.489918 0.0770631 0.021895 
1.79863 0.462699 0.337568 0.0816215 0.646522 0.312919 0.811319 -0.406303 -0.182765 -0.752044 -0.08021 -0.0391273 
1.53817 0.695983 0.444862 -0.914347 0.489988 0.377477 0.50248 -0.441263 0.472148 -0.30938 0.146168 -0.0290122 
1.67086 0.811781 0.792433 0.454853 0.612556 -0.559842 1.29016 0.396645 0.275642 -0.49153 0.0391252 0.0266878 
1.46079 0.804295 0.660436 0.010349 1.45775 -0.383644 2.01973 0.882513 0.291503 -0.140553 0.112851 -0.0476397 
-2.05165 -3.91773 -1.64479 0.858437 3.85721 0.451327 1.22319 -1.76887 -0.981607 1.58333 -0.249372 -0.00558595 
0.324206 -2.89707 -1.31327 1.76472 3.09612 -1.10747 0.0920473 -0.938017 -0.223499 1.06759 -0.363745 -0.00932036 
1.71542 -1.08306 -0.410562 0.500597 1.75116 0.475979 0.0812848 -0.693616 1.02358 0.222222 -0.173906 -0.21049 
1.76288 -0.850184 0.750743 0.130301 1.78311 0.646724 0.239313 -1.25802 1.53579 0.730983 -0.256921 -0.16487 
1.49952 0.102642 0.872041 0.455409 0.457708 -0.156152 0.928026 -0.392295 0.76374 0.165403 -0.0481548 -0.0647178 
1.6999 -0.169397 0.41262 0.282547 1.7705 0.329316 0.863167 0.0787764 0.842795 0.316972 -0.0347767 -0.095812 
2.01302 0.32319 0.617961 1.06515 1.07064 1.46893 1.26268 -0.832421 1.12126 0.0224488 0.354425 0.0287036 
1.98022 0.594079 1.47969 -0.280866 -0.0344273 0.271899 0.598273 0.732803 0.491751 -0.60682 0.170512 0.0729129 
1.89521 0.637429 1.05782 -0.388693 0.631831 -0.185624 0.670345 -0.19746 0.232036 -0.235264 0.114571 0.00716302 
1.45411 0.596674 1.07638 -0.234699 0.52494 -0.122485 1.06186 0.671927 0.42229 -0.275422 -0.0250697 -0.00970572 
1.55767 0.471531 1.14693 -0.342913 -0.380802 -1.39866 1.01297 0.0230699 -0.288169 -0.0878041 0.205953 -0.00853869 
1.82843 0.791955 1.47036 -0.1828 0.319337 0.452707 1.37625 0.63969 0.105297 -0.3552 0.172505 0.051452 
2.59311 2.00619 2.00378 1.61416 1.57651 1.12344 1.37976 0.881832 0.747365 0.420553 0.298056 0.0518915 
2.68957 2.22527 2.03388 1.85176 1.66364 1.47506 1.25731 0.996902 0.765439 0.541284 0.328258 0.0607804 
2.7493 2.28493 2.0881 1.9337 1.72652 1.48848 1.26289 0.998304 0.717436 0.492688 0.27673 0.0570184 
2.74147 2.28175 2.09037 1.9251 1.73572 1.50976 1.26916 1.01478 0.757524 0.515038 0.289553 0.0605984 
2.68021 2.19382 1.99172 1.80763 1.61984 1.40667 1.18398 0.937132 0.690981 0.480739 0.278346 0.0592198 
3.64981 -0.333304 -1.28784 2.07527 3.4505 1.53506 3.52269 1.77702 0.765119 0.165617 0.140049 0.0808874 
3.0036 1.27728 0.755512 2.50037 3.26206 0.775658 2.53624 0.527328 0.336602 -0.256072 0.26432 0.133482 
2.54721 1.6007 0.560164 2.60569 4.43679 -0.172295 3.01957 0.40046 0.503264 -0.164737 -0.0837489 0.214625 
3.57905 1.46963 -0.0266092 2.74238 4.34506 1.72576 2.61438 0.279359 0.495021 -0.404914 0.268644 0.183274 
3.80007 2.37644 1.76792 3.32737 3.60738 1.34107 2.32621 0.69728 0.55319 -0.255186 0.251734 0.104967 
4.35741 3.41921 2.24798 2.73096 2.56967 0.600228 2.26399 0.201485 0.67677 -0.302337 0.352019 0.0952292 
3.67939 3.04791 2.21705 2.21661 2.05989 0.937996 1.5157 0.647506 0.469726 0.13846 0.466785 0.0907077 
3.01194 2.18557 1.84672 2.19499 2.42463 1.13203 1.88368 0.799325 0.352295 0.0976795 0.295571 0.0593946 
3.69157 2.9358 2.53149 2.46859 1.71396 0.524466 0.0181914 -0.0178355 -0.165527 -0.127516 0.171893 -0.00525705 
3.69093 3.14015 2.56838 2.06804 1.32097 0.299229 -0.431749 -0.608589 -0.499142 -0.248536 0.0451893 -0.0333212 
3.79212 3.13535 2.54667 2.06061 1.23274 0.255001 -0.264502 -0.354822 -0.430326 -0.362851 -0.0174893 -0.0320395 
4.74415 3.11242 1.78998 1.5173 1.13535 0.417488 -0.0227098 -0.592667 -1.08402 -0.692449 0.0881492 0.0424463 
4.18778 3.09139 2.13092 1.64329 0.801551 -0.265249 -0.478089 -0.418315 -0.614766 -0.458375 0.0125922 -0.00897028 
5.33661 3.06352 1.22614 1.56187 1.91197 0.477809 -0.190854 -0.28506 -0.979017 -0.927565 -0.086398 0.0432462 
5.27707 2.70824 1.57288 2.38635 2.25414 0.465848 0.416818 0.495641 -0.957619 -1.30869 -0.219673 0.0428548 
5.36875 3.18568 1.22002 2.0418 3.01171 -0.194471 0.735772 0.154479 -0.927962 -0.90494 -0.31353 0.0322839 
5.36454 2.80445 1.3581 2.19508 3.11215 -0.0422668 1.40319 0.658294 -0.883332 -1.43474 -0.337523 0.0924305 
4.80388 2.71557 1.29596 2.21398 2.87952 0.295116 1.2247 0.823193 -0.318325 -1.32932 -0.277047 0.0356731 
4.83277 3.08338 1.27162 1.54642 2.29743 0.746832 1.29917 0.631408 -0.0143935 -0.685627 -0.333844 -0.0677721 
5.75919 2.70506 0.857639 1.63651 3.47671 -0.174046 1.57983 0.9037 0.0348911 -0.574923 -0.44046 0.0338505 
5.53239 1.78104 -0.102666 2.11946 3.21964 1.69881 1.57558 1.28859 -0.30571 -0.800564 -0.364539 0.0477904 
4.69208 1.55594 0.518237 2.59008 2.98033 1.48296 1.79971 1.65612 -0.261244 -1.0864 -0.408601 0.0597324 
4.22406 1.78684 0.743707 2.01743 2.76234 2.32959 1.95566 1.21511 -0.215749 -0.787597 -0.350416 0.0138471 
4.39189 1.7447 0.32115 1.66821 2.70384 2.31425 2.13728 1.44011 -0.236712 -0.745171 -0.319203 0.0313788 
4.80587 1.35004 -0.167868 1.81786 2.81067 2.20994 2.42018 1.71072 -0.301064 -0.54221 -0.290191 0.0502491 
3.76213 1.60824 0.530524 1.65872 2.56711 2.35646 2.26654 1.77705 0.249045 -0.600948 -0.200187 0.0553773 
3.49588 1.62195 0.888899 1.73858 2.2153 2.20606 2.43009 1.77521 0.0477858 -0.735513 -0.129222 0.0692521 
3.60407 1.80697 1.16539 1.96573 2.109 1.93065 2.40545 1.83613 0.0102064 -0.694874 -0.077689 0.0628768 
3.89577 2.18524 1.43757 2.19716 2.66406 2.46891 2.35196 1.62407 0.134449 -0.570562 -0.148905 0.0493877 
4.13555 2.45457 1.34311 2.03416 2.9979 2.94024 2.22281 1.16473 0.0888615 -0.302077 -0.111704 0.0427305 
4.33545 2.42887 1.04401 1.65308 2.99899 3.33679 2.29771 0.844325 0.105732 0.0494634 -0.161402 0.0215389 
5.35703 3.43052 1.00558 0.794426 2.55754 3.76747 3.0816 1.38124 0.484658 0.212058 -0.0705014 0.0298793 
4.09216 2.96921 1.72636 1.19662 1.93455 2.57705 2.51472 1.83826 0.94926 0.376358 -0.19356 -0.0162444 
2.88132 2.33155 2.02399 1.80014 1.7466 1.75243 1.50829 1.22947 0.763404 0.408684 0.180193 0.0488388 
2.70311 2.23213 2.0329 1.86417 1.66248 1.47281 1.24701 0.941317 0.772243 0.532174 0.313447 0.0522374 
2.89229 2.4799 2.27632 2.05538 1.86112 1.55517 1.33832 1.01748 0.710714 0.456356 0.243059 0.0574329 
4.01617 -1.37732 -0.850762 -0.358838 3.24638 2.9621 3.61971 -0.257907 -0.710854 0.109582 0.0849841 0.102339 
3.70799 -0.0922578 0.895375 2.24266 2.64209 1.1718 2.53005 0.415939 -0.176927 0.250572 0.47248 0.104323 
3.27553 1.84392 1.07146 1.77932 2.62766 2.4832 1.94069 0.688364 0.0600816 0.0883534 0.491687 0.137692 
2.78954 1.89746 1.43113 1.73054 2.4516 2.17858 1.43459 0.329494 0.135905 0.358483 0.488418 0.0874546 
2.85694 1.97572 1.56107 2.01694 3.34575 2.96456 2.51483 0.337736 -0.0170051 0.135575 0.70918 0.183391 
2.855 1.75959 1.54097 1.26691 2.36907 2.91793 1.92347 0.627404 0.152624 0.13942 0.583795 0.128034 
2.00983 1.37037 1.32432 -0.510104 1.44195 1.62881 2.30772 1.15837 0.577689 0.841819 0.464843 -0.057839 
1.62597 1.32321 1.54861 0.139639 1.20251 0.203469 1.18718 1.28801 0.847967 0.686514 0.0874004 -0.0124662 
1.48153 1.18837 1.56923 0.235901 0.50645 1.20816 1.47182 0.390419 0.566001 0.165168 0.289088 -0.016843 
-0.515894 3.15337 0.905269 0.815685 1.69911 -0.874263 1.74526 0.394491 1.32575 0.18584 0.262691 -0.0402122 
-2.19282 4.20213 -1.17938 0.615293 1.12671 -1.75555 2.38927 -0.395653 1.21217 -0.21947 0.120714 -0.0239652 
0.764563 0.721606 1.26942 0.385389 0.8196 -0.404377 1.18537 0.567037 0.891774 -0.175025 0.0367797 0.038149 
-2.55562 1.98117 2.96261 0.425455 -2.41192 2.37023 1.87588 -0.941514 1.01419 0.454111 -0.423424 0.0347351 
-0.750592 1.1443 2.56038 1.69784 -1.54846 1.72646 0.786328 -1.04466 0.946248 0.533662 -0.0607463 0.0241732 
1.19545 0.584818 1.96526 0.458025 0.704035 -0.0504206 2.09655 0.603375 0.47866 0.559098 -0.0574579 0.0241052 
1.32633 0.354393 0.732136 0.521364 0.72173 -0.398333 0.276519 -0.437442 0.280522 0.00375823 -0.0305913 0.0481667 
1.09889 0.35417 1.41761 0.0775121 1.04743 -0.990073 1.04533 0.698946 0.207232 0.333198 0.14295 0.0373971 
0.954069 0.563993 1.23525 0.137322 0.767951 -0.49709 0.779413 -0.209841 0.163932 -0.280614 0.0480145 0.0344916 
0.764847 0.48865 1.3278 -0.327487 0.50928 -0.121294 0.971999 -0.401215 0.373947 0.104902 -0.10482 0.0503928 
1.04656 0.423419 0.811182 0.0429181 -0.0254778 -0.739594 0.338722 -0.0779554 0.260621 -0.0644894 0.104761 -0.0672368 
1.32038 0.614339 0.977304 0.222453 0.950747 -0.628575 -0.190729 0.0330667 0.587394 -0.0643712 0.0384096 0.060667 
0.904554 0.0884674 0.999877 -0.192873 0.432094 0.253925 0.50636 -0.0760805 0.301964 0.068013 0.163879 0.00898331 
0.959579 0.290811 1.14774 0.345704 0.17718 -0.549118 0.607793 0.347603 -0.049137 -0.441432 0.382052 -0.0433549 
1.0518 0.286222 1.4668 0.137907 0.633438 -0.598585 1.16102 0.29935 0.345935 0.153842 0.12629 0.0709732 
1.33684 0.750076 1.28781 0.494181 0.784786 -0.576541 1.16192 -0.350312 -0.0583888 -0.41875 0.256953 0.0321173 
