2.74828 -2.3834 -1.65777 0.925827 2.98761 0.353942 2.69014 0.842896 -0.648751 -0.691443 0.318614 0.17095 
4.8317 -4.81393 0.113719 0.83754 2.43725 -1.11118 2.25007 1.6084 -1.64769 -0.36143 -0.140017 0.0401631 
3.42737 -4.51311 -0.789706 3.26038 1.62749 -0.124763 3.517 0.333701 -0.462098 -0.0367403 0.111394 -0.0155118 
2.46765 -1.96392 -1.36551 0.545979 1.903 0.237968 2.4108 0.239526 -0.580231 -0.30605 -0.024031 -0.143467 
1.89627 -0.0652201 -0.408298 -1.05208 2.14976 0.617888 0.937928 -1.08972 0.574906 0.708446 0.113794 -0.0563409 
1.74019 0.122725 1.08087 -1.10422 0.948772 0.646904 1.90693 0.91195 0.401892 -0.224872 -0.352747 0.0193421 
1.38864 0.803385 0.708731 -0.633669 0.971708 0.138069 0.266794 -0.43617 0.429534 -0.170007 0.270722 -0.0513293 
1.51041 0.388106 1.45336 -0.0289822 1.11656 -0.680142 1.04989 0.141161 0.0836716 -0.0330033 0.04016 -0.0211004 
1.24616 0.71774 0.934663 -0.598401 0.772136 -0.188366 1.06332 -0.010964 0.490992 -0.194648 -0.0962113 0.00698843 
1.34693 0.240423 1.31605 -0.623145 1.33714 0.691368 0.55488 0.0922026 0.117091 0.0832115 0.299832 -0.00260595 
1.20718 0.467738 0.913703 -1.08754 1.12774 0.298043 0.912286 0.204886 0.377616 0.102298 0.0581346 -0.108328 
1.48718 0.153414 1.75341 -0.108563 1.00364 0.529856 -0.0626354 -0.0278534 0.650424 0.138629 0.0882377 0.00459586 
0.563006 0.625813 1.76815 -0.47764 0.556067 -2.46468 1.67304 -1.37351 -0.242125 0.219083 -0.174578 0.0818656 
-1.81912 0.116908 2.63795 -0.897322 1.11161 -2.40236 3.5488 -1.38115 -0.12867 1.21775 -0.555112 0.00194565 
-1.39092 0.627773 2.58604 -1.26882 0.666952 -1.97307 3.39299 -1.22058 0.710065 1.23892 -0.600646 0.0157665 
0.448998 1.76978 0.368789 -0.833736 2.58798 -1.68183 2.27827 -0.739883 0.552158 -0.160102 -0.127863 0.0597692 
1.62496 0.54085 0.587627 -0.89493 2.14554 0.336209 2.45356 -0.24256 0.411441 -0.535599 -0.173529 0.0953438 
1.49607 0.668277 1.25318 0.599645 0.997278 -0.554293 0.375649 -0.0859582 0.192655 -0.216687 -0.05572 -0.0584704 
1.70816 0.558068 0.917885 -0.0640688 1.40481 -0.224664 0.60625 0.447362 0.255901 -0.700786 0.332589 0.0155631 
1.46233 0.571066 0.827626 -0.361156 0.620192 -0.0222462 0.915915 -0.230765 0.481565 -0.191575 0.072643 0.0261607 
1.5039 0.336457 1.25382 -0.20771 0.813807 -0.0461085 1.3609 0.22367 0.121441 -0.281248 0.256424 -0.00193097 
1.10972 0.632855 1.12398 -0.393383 0.357531 -0.0847361 1.54706 -0.218266 -0.132263 -0.400535 -0.0564947 -0.00629601 
1.63895 0.285064 0.959855 -0.0902975 1.21674 0.0613728 0.91678 0.0322154 0.258835 -0.280186 0.192298 -0.0575601 
1.48983 0.410928 1.11511 -0.269031 0.473356 0.0324822 0.945143 0.325035 0.595432 0.0560871 0.045501 -0.0488072 
1.10921 0.142404 1.25064 0.0827154 0.960463 -0.357743 1.23861 -0.268841 0.111363 -0.198545 -0.0208903 0.00423036 
1.35486 0.431275 1.28625 -0.149707 0.727776 -0.493392 0.805608 -0.0492768 0.116871 -0.137184 0.107922 0.0264543 
1.29103 0.508373 1.18571 0.255003 1.00623 -0.472602 0.988664 0.222498 0.117575 -0.0293797 0.273491 -0.033828 
1.50131 0.113459 1.76775 -0.573237 0.98532 -0.246784 1.19492 -0.232201 0.0292859 -0.408836 -0.0732205 0.0584574 
1.42202 0.529001 1.91455 -0.357083 0.22968 -0.736348 0.920386 -0.231955 0.33681 -0.152373 0.00568823 0.0299684 
1.75988 0.893446 1.40673 -0.403469 0.538082 -1.12617 1.17261 0.273472 0.354428 -0.173132 0.198826 0.0977407 
1.66033 0.315164 1.37297 -0.422415 0.699009 -0.762449 0.260328 0.212716 0.299683 -0.049188 0.287658 0.105712 
1.32035 -0.0164043 1.33092 0.114684 1.29303 0.0790016 1.29399 0.452085 0.0609363 -0.0764245 0.156616 -0.0482589 
2.31897 2.26251 2.75897 1.85365 2.71279 1.7409 2.05897 1.00311 0.823418 0.553674 0.158075 0.116515 
2.97177 2.61895 2.51041 2.32278 2.13186 1.80052 1.45639 1.10748 0.707333 0.4457 0.202663 0.0669616 
2.95088 2.58642 2.47032 2.32098 2.14478 1.81539 1.51782 1.18033 0.798858 0.525419 0.262158 0.0794117 
3.0112 2.66695 2.50935 2.40195 2.14862 1.8468 1.54858 1.1776 0.800006 0.510949 0.235293 0.0776733 
3.29743 3.08394 3.07935 2.93776 2.74961 2.34932 1.90194 1.43782 0.942269 0.481003 0.16966 0.0918985 
2.9657 2.57039 2.45616 2.3494 2.14325 1.90695 1.53511 1.20607 0.853248 0.518003 0.25061 0.0800816 
2.84562 2.14861 2.21741 1.93549 2.1905 1.74654 2.28641 1.78875 0.651304 0.349349 0.0636879 0.0786461 
4.52146 -1.08283 -2.66497 1.83459 5.71695 1.36911 3.79759 -0.092171 -0.142847 -0.211501 0.122958 0.253427 
5.85282 -1.76542 -3.71737 2.90513 4.97515 0.859568 4.03921 0.0839846 0.293251 -1.18957 0.190007 0.264108 
6.55042 -1.46147 -2.93995 3.49144 4.69113 0.33912 3.86023 0.495529 0.524468 -0.849933 0.298256 0.280202 
6.97675 -0.2115 -2.09761 3.36904 4.27267 -0.202535 3.25573 0.275864 0.715851 -0.87526 0.102502 0.237923 
7.60638 1.01757 -1.1806 2.95531 2.82208 -0.806631 1.90385 -0.0376836 0.192353 -0.842523 0.183735 0.265718 
4.98628 2.5823 0.829071 1.48026 2.01795 1.05936 0.372255 0.476417 -0.0118969 -0.598085 0.266367 0.14293 
4.08149 2.6955 1.77724 1.98959 2.02587 1.30076 0.741044 0.524475 0.127295 -0.152642 0.308061 0.0634277 
4.12549 2.77161 1.92006 2.49137 2.51657 1.40573 0.659202 0.362923 -0.298895 -0.441983 0.315637 0.0617979 
5.05667 3.05397 1.91937 2.70116 2.1596 0.190051 -0.34321 -0.0189355 -0.914046 -1.207 0.00467833 0.0607722 
4.62795 2.60613 1.54039 2.04085 1.35231 -0.458325 -0.687788 -0.188951 -0.855782 -1.34878 -0.00510323 0.0382206 
5.20083 2.66669 0.781497 1.36622 1.34831 -0.792015 -1.36596 -0.514086 -0.894731 -1.31846 -0.183591 0.0357669 
6.82128 2.26876 0.0730397 0.636551 2.69522 -1.90856 -0.862887 0.0303476 -1.44609 -1.06161 -0.495171 0.15005 
5.887 2.50664 0.60175 0.128915 2.83359 -1.73116 -0.771012 -0.0061552 -1.19465 -0.96918 -0.419223 0.104661 
6.49654 2.58637 0.524438 -0.597651 3.76887 -1.78911 -0.371369 -0.638932 -1.10412 -0.534671 -0.680693 0.0809579 
5.8653 2.85842 1.19018 -0.670403 3.72611 -0.925439 -0.828918 -0.0902467 -1.08315 -0.992619 -0.559831 -0.0516633 
6.17102 2.33671 1.48772 0.478812 3.93702 -0.942389 -0.715764 0.161555 -1.13503 -1.05309 -0.64953 -0.017626 
6.11081 2.47699 1.66606 -0.0412331 4.69056 -0.475853 -0.478166 -0.480276 -1.03235 -0.706649 -0.583482 0.00204138 
5.4437 3.04572 1.21025 1.0339 4.03607 -0.635625 0.305234 -0.0492149 -0.721035 -0.925504 -0.468398 0.0346628 
6.15153 2.81998 0.82959 0.334781 4.32107 -0.955672 0.138019 -0.232119 -0.233509 -0.201076 -0.402938 0.102657 
5.30973 3.29694 0.808307 -0.686101 4.35685 -0.980822 0.880612 -0.135133 -0.044769 0.10971 0.034545 0.251586 
5.46301 2.88839 0.570707 0.0313045 3.55089 0.602538 -0.306375 0.788388 0.146127 -0.0438073 0.276736 0.110446 
5.72722 2.82594 0.238651 1.16665 4.2152 0.309775 1.96428 0.0181706 0.453362 -0.379008 -0.125686 0.165692 
6.39666 3.4714 0.0868118 1.10995 4.4827 0.421922 2.7877 -0.0831062 0.802905 -0.241318 -0.333626 0.0736515 
5.68941 3.141 0.609615 1.08012 3.19708 2.39274 2.18899 0.364469 0.014496 -0.284501 0.027004 0.0782571 
6.14232 2.44359 -0.0911731 1.35637 3.5328 3.22441 1.86035 0.859477 0.173369 -0.14476 -0.0385722 0.0418948 
7.42213 1.48076 -0.793464 1.51943 4.71502 3.46194 1.90722 1.68376 0.0226138 -0.0687508 -0.0846451 0.0351416 
6.86393 1.09297 -1.47299 2.4534 4.64121 2.12255 2.10507 2.47 0.0550559 -0.470488 -0.363682 0.119667 
5.01297 1.63206 -0.032463 1.98518 3.5021 2.72034 2.15918 1.62093 0.303979 -0.286947 -0.324364 0.0139745 
3.84192 1.87463 0.892841 1.94546 2.97377 2.6935 2.19383 1.77953 0.704981 -0.358939 -0.403328 0.0152281 
3.5904 1.70942 1.07435 2.17342 2.6241 2.23927 2.2437 1.81754 0.362358 -0.516968 -0.159461 0.0726816 
3.71482 2.12254 1.54745 2.5233 3.15699 2.80919 2.62034 1.90783 0.319199 -0.562044 -0.0860412 0.108613 
4.01181 3.17861 2.16246 1.83856 2.33005 3.01466 3.03467 2.06323 0.721684 -0.111517 -0.0998414 0.0288817 
3.11459 2.66436 2.31487 2.06608 1.91741 1.92879 1.70668 1.26135 0.732885 0.302463 0.0890864 0.0505823 
2.87419 2.45997 2.26206 2.03067 1.83619 1.54954 1.27515 0.979935 0.639657 0.37231 0.173616 0.0423496 
3.17753 2.74618 2.53473 2.13423 1.81244 1.46504 1.3321 1.15616 0.859015 0.405425 0.126121 0.0560707 
3.04539 2.66625 2.37417 1.87945 1.59824 1.44622 1.39306 1.2915 1.12704 0.703651 0.263191 0.0790464 
2.85925 2.33236 2.12198 1.74491 1.44878 1.3264 1.23241 1.02379 0.753435 0.561501 0.250327 0.045265 
3.11534 3.08376 3.01009 2.61598 2.47747 1.71248 1.73479 1.07813 0.596931 0.189133 0.107848 0.0438442 
2.502 1.19421 0.788181 0.486247 2.63857 2.05771 1.64921 0.457757 1.19258 0.880437 0.352292 -0.0191918 
2.2591 0.456195 0.423313 0.589289 2.1142 1.47152 1.44555 0.637056 0.98967 0.914186 0.405637 -0.105877 
2.06078 1.56532 1.65959 0.913281 0.661807 0.649449 1.82051 1.28872 1.04331 0.32732 0.542084 -0.0437128 
1.78724 1.21065 1.17579 0.0763308 0.553335 0.930855 1.87056 1.10773 0.87071 0.773065 0.609577 -0.0902636 
1.57193 1.46587 1.47884 0.124643 0.503411 0.730185 1.54672 0.517066 0.831601 0.584964 0.25842 -0.0150835 
1.36997 0.921827 0.779443 0.533929 0.935036 0.248772 0.751458 0.0345971 0.268683 0.307412 0.251729 -0.00785259 
0.935257 -0.0737537 0.637883 0.00483612 1.06902 -0.102396 1.33036 0.110099 0.311202 0.158286 -0.00157271 0.0769531 
1.10091 0.361313 1.29008 0.376687 1.141 0.385356 1.33916 0.598057 0.43169 0.290719 0.17801 0.0126674 
