1.61712 0.468059 0.732039 -0.275093 1.38921 0.252503 1.36682 0.192301 0.228821 0.104566 -0.105816 -0.0475748 
1.36192 0.428452 1.00946 -0.295845 0.8567 -0.24275 1.17554 0.105868 -0.36836 -0.207343 0.230674 -0.07278 
1.45772 -0.309579 0.777198 -0.44891 1.24489 0.302619 0.932981 -0.451737 -0.210324 0.0901281 -0.230086 -0.0274737 
1.50401 -0.247947 1.33524 -0.758573 0.368304 -0.0623879 -0.0280977 -0.685903 -0.269096 0.000458272 0.269327 -0.0170626 
1.57528 0.471095 0.860238 -0.418937 0.142956 -1.55368 0.510777 -0.256862 -0.186858 -0.745399 -8.46115e-005 0.0358334 
1.7291 0.103015 0.990746 -0.564827 0.132947 0.226242 1.08572 0.540334 0.482645 -0.256373 0.0169201 0.0182562 
1.64686 0.264383 1.31188 -0.264151 1.38146 -0.237814 0.90541 -0.308361 -0.0685037 -0.0234687 0.175646 0.0978011 
1.50382 -0.131646 1.30834 -0.0668263 1.36585 0.0122713 0.427774 -0.259746 0.124093 -0.41678 0.0580203 0.0788984 
1.69415 0.685905 1.34117 -1.00453 0.460503 -0.146582 0.38927 0.150981 0.372618 -0.316346 0.184397 -0.0107097 
1.66609 0.113799 1.2313 0.29977 0.683679 -0.198915 1.15332 -0.0454122 0.0122218 -0.0316484 -0.0157831 0.06673 
1.58504 0.426024 1.09087 -0.579437 1.09409 -0.571622 1.41954 -0.679917 0.140567 -0.180716 0.0577096 0.0439 
1.78028 0.0194672 0.668496 0.0174765 0.938312 -0.00891648 0.931244 -0.0159181 0.487682 -0.278536 -0.0898738 0.060995 
1.43922 0.161798 0.776296 -0.516487 0.560705 -0.402212 0.61869 -0.315266 -0.70821 -0.161726 0.0942223 -0.0436533 
1.38529 0.396664 1.49069 -0.391974 0.749456 0.020744 0.990608 -0.202412 -0.242435 -0.413794 0.00605332 0.0132268 
1.29396 0.268859 0.542628 -0.174577 0.566864 -0.248992 0.488971 0.0999661 0.123991 -0.355046 0.182357 -0.0245445 
1.68067 0.488106 1.50123 0.00392909 1.21028 -0.208286 1.93704 -0.0220075 0.2984 -0.440256 0.00706194 0.148928 
1.61612 -0.0889016 0.73198 -0.693061 0.291715 0.275486 1.19409 0.353 0.489319 0.176233 -0.194893 -0.0391777 
1.45641 0.43635 1.47529 0.0105687 0.402047 -0.27393 1.00444 -0.499113 -0.0334075 0.084075 0.184466 -0.0014965 
1.75551 0.512324 1.07658 -0.288499 1.11443 0.158258 1.50031 -0.0173945 0.0416971 -0.268253 0.175549 0.0466941 
1.60853 0.135827 1.23144 -0.522148 1.38738 -0.45044 0.951057 0.0775066 -0.0886597 0.439863 0.158103 0.0598565 
1.4551 0.407003 1.56539 -0.561846 0.612373 -0.125498 1.2747 0.29885 -0.228306 -0.0424465 -0.00761349 -0.00975526 
1.45208 0.243774 1.09325 0.0646678 0.210449 -0.476309 1.17682 0.00733163 -0.0645567 -0.192185 -0.0416786 0.0197285 
1.50145 0.460461 0.577004 -0.23957 1.19482 0.0516755 0.402997 -0.0350939 0.0798568 -0.13182 -0.0518093 -0.0418815 
1.30635 0.430285 1.1361 -0.351988 0.689649 -0.546104 1.23741 -0.190579 0.0462952 -0.508001 0.0530076 -0.0558854 
1.26646 0.407518 0.868496 -1.09064 1.32946 -0.554537 0.826928 -0.551745 -0.412908 0.00347305 -0.297925 0.031304 
1.32226 0.977885 1.04189 0.172473 1.44985 -0.738165 0.990351 0.11551 0.0980968 0.329873 -0.131167 0.0602743 
1.18997 0.000513527 1.31387 -0.0111044 1.35115 -0.612763 0.730864 -0.0339856 -0.172112 -0.0016003 0.106491 0.0224075 
1.65151 -0.271983 1.11244 0.221688 1.682 -1.28787 0.826138 0.0654755 0.184667 0.31701 -0.119176 0.0572504 
3.33169 -5.90293 1.86274 1.63485 2.21321 -0.528749 2.60373 1.5147 -2.009 0.043336 0.147132 0.0229152 
2.48871 -2.60201 1.45095 2.00069 1.58847 -0.462211 1.6804 1.9369 -1.31187 0.00830287 0.117387 -0.0526029 
2.28471 -3.6659 1.51195 1.92348 1.82755 0.645992 2.44961 -0.3109 -1.84163 0.040458 0.256239 0.0209434 
2.22784 -0.861378 0.716942 0.65817 0.726098 -0.998816 1.78497 0.0669551 -0.679617 0.0957215 0.404358 -0.0268654 
1.61532 0.278402 1.98793 0.0197091 -0.648796 -0.543206 2.45928 0.207371 -0.486631 -0.487071 0.103101 -0.0529211 
1.56282 0.526535 1.46124 -0.346817 0.463273 0.0543921 1.03443 -0.0727218 -0.197196 0.312739 0.0186547 0.0109448 
1.41455 0.42152 1.16738 -0.212308 0.959972 -0.741915 0.792291 0.207673 0.0718779 -0.28174 0.0266516 -0.0214071 
1.53289 0.533431 1.28561 -0.941424 0.700859 -0.105743 0.990172 -0.309772 0.555792 0.0406991 -0.145409 0.0305277 
0.981584 0.696301 1.27762 -0.922131 1.08594 -0.138407 1.28391 0.0464852 -0.456484 0.192619 0.239206 0.0289966 
1.22481 0.342657 0.931861 0.663032 0.755653 -0.639354 1.23709 0.0568459 0.288055 -0.189433 0.192805 0.00174556 
1.28774 0.468212 1.6624 -0.479483 0.717164 0.145076 0.867937 -0.158696 -0.00368493 -0.418089 0.12615 0.0259604 
1.3485 0.749819 0.674567 -1.18607 0.584463 -0.0784015 0.90305 -0.63105 0.283032 0.0477703 -0.0770823 0.00778827 
1.16581 0.242843 1.40852 -0.799411 1.21489 -0.248188 1.04448 0.0647634 0.0263563 -0.00820382 0.0420852 -0.0950272 
1.66497 0.374316 0.649481 -0.25339 0.68424 0.153548 1.30259 0.311454 0.421312 -0.224329 -0.0860087 0.0284871 
1.25917 0.179167 1.09793 -0.44962 0.730936 0.903893 0.575112 -0.0703431 0.124459 -0.37482 0.0253164 0.0229406 
1.36929 0.479993 1.1106 0.00413551 0.862375 0.379062 0.663546 -0.18698 0.556431 -0.166578 -0.106428 0.0649133 
1.35625 -0.326266 0.623392 -0.158895 1.89975 -0.490586 0.294235 -0.0304828 -0.242057 0.568827 0.315786 0.0498825 
1.15231 -0.38209 0.865314 0.516524 1.84005 -0.981589 -0.0466151 0.209722 1.62924 0.0433194 0.0342587 0.0419212 
1.33282 0.071333 1.15539 0.250667 1.02921 -0.3057 0.204243 -0.483029 0.264416 0.16339 0.158966 0.00860063 
1.32763 -0.101583 1.02012 0.0551293 1.57355 -0.447088 -0.366897 0.158522 0.731623 0.231567 -0.0378648 0.0179007 
1.29198 0.184777 0.765331 0.537721 1.60051 0.0420822 0.943228 0.48687 0.976743 0.0381267 0.071471 0.0668078 
1.55107 0.230656 2.00341 0.739668 1.32278 0.319724 1.27526 0.93734 0.895972 -0.167821 0.232321 0.0750832 
1.46162 0.746997 1.35686 0.119807 1.44911 -0.17657 2.13559 0.325462 -0.119572 0.414473 0.229156 0.0137166 
2.08811 0.541914 1.05725 0.00772882 2.22431 1.71469 2.80371 2.33706 -0.329894 -0.0375215 0.353104 0.0291436 
1.88752 -0.799657 -1.19139 -0.756564 2.5796 1.70419 -0.408099 -0.578715 -0.831113 0.280465 -0.303159 -0.0265418 
4.05274 -1.00227 -1.47964 1.31592 3.93534 2.36272 2.3696 0.467319 0.618821 0.291884 0.102331 -0.000469189 
5.18926 -1.06011 -1.47025 2.14251 3.35134 1.32022 3.9364 0.323453 -0.269267 -0.401986 0.252889 0.168391 
4.59459 0.427455 -1.19113 1.30739 2.99345 2.28443 2.81524 0.769208 -0.0310342 -0.418135 0.135569 0.152847 
3.47961 1.30221 0.614053 1.92995 2.48421 2.4702 2.46415 1.26687 -0.0624421 -0.415482 0.126508 0.125598 
3.43491 1.84974 1.19347 1.9162 2.2433 1.87607 1.73213 1.29788 0.310602 -0.0742746 0.199082 0.0659212 
3.84531 2.30033 1.39837 1.54466 1.80732 1.42588 1.48828 1.02252 0.249653 -0.0630573 0.343336 0.0769323 
4.15771 2.5491 0.589706 1.08148 1.85771 1.35631 1.50775 0.383943 -0.0953267 -0.666122 0.285074 0.10201 
4.5073 2.66306 1.03403 1.44446 2.09714 1.83895 1.38499 0.958601 0.203941 -0.361098 0.35339 0.138415 
5.20297 2.77876 1.92419 2.13133 1.483 1.25306 1.11854 -0.312603 -0.626336 -0.553965 0.280491 0.134312 
4.74636 2.38585 1.39559 2.15036 1.4571 0.0376041 -0.203263 -0.12456 -0.961618 -1.45408 0.0605374 0.0814514 
4.894 2.07284 1.34644 2.21031 1.26761 -1.13935 -0.66286 -0.417723 -0.870718 -1.35059 0.0308652 0.114017 
4.53829 2.18328 0.935103 1.05884 0.838693 -0.941002 -0.771679 -0.293012 -1.06732 -1.40149 0.177227 0.130642 
4.59215 1.9678 0.435671 1.11932 1.23053 -0.93537 -0.777747 -0.109051 -0.426396 -1.19306 0.0519281 0.115778 
4.29733 2.28218 0.948211 1.22814 1.21798 -0.846301 -0.752831 -0.10188 -0.364591 -0.902916 0.0674678 0.0535384 
4.55713 2.3042 0.724625 1.16116 1.34348 -0.940281 -0.62574 -0.21343 -0.645936 -1.12156 -0.0162653 0.0622992 
3.91887 2.17812 1.07636 0.92955 0.559514 -0.754859 -0.829004 -0.568248 -0.769899 -0.734883 0.141216 0.0119518 
3.94558 2.1274 1.0414 1.0205 0.331999 -1.13085 -1.24106 -0.511539 -0.652745 -0.602831 0.340087 0.0699995 
3.90542 2.40352 1.47354 1.16799 0.238937 -1.57468 -0.927687 -0.238297 -0.315801 -0.555001 0.0576169 -0.00321462 
3.85228 2.83608 1.74429 0.926135 0.112683 -0.91904 -0.987644 -0.733013 -0.520938 -0.413088 -0.0080501 -0.0335675 
4.16139 2.57664 1.36772 1.44182 1.10343 -1.14232 -1.02764 -0.179882 -0.168783 -0.494609 0.00665116 0.00696623 
4.14335 2.4213 1.31161 1.35785 1.43946 -0.181277 -0.00141819 -0.0181232 -0.329143 -0.702863 0.00966402 0.0162579 
4.48763 2.6972 0.84701 1.29899 1.38236 0.194771 0.0131336 -0.0451118 -0.104822 -0.550407 0.194025 0.0688729 
6.30273 2.84275 -0.651709 2.01625 3.74654 -0.443175 1.42812 -0.526897 0.0521435 -0.890611 -0.297277 0.123634 
6.98137 2.59963 -1.16092 1.38307 3.01917 -0.306183 1.48811 -0.128255 -0.225407 -0.598635 -0.12808 0.15469 
5.9488 2.15908 -0.239974 1.14854 1.97281 0.942922 0.472196 0.707305 -0.297607 -0.56108 -0.0820665 0.115425 
5.4266 2.09348 -0.240815 1.19922 2.41084 1.52742 0.814826 0.48415 -0.453448 -0.702679 -0.105122 0.0922693 
4.16546 1.79386 0.032124 0.889505 2.45136 2.39066 1.49839 0.56293 -0.193976 -0.460214 -0.00492701 0.0692036 
4.13292 1.43084 0.164645 1.3947 2.38612 1.904 1.49074 1.04996 0.0343413 -0.534158 -0.0200007 0.0865441 
3.5269 1.59976 0.4393 0.856348 1.4919 1.66588 1.72061 1.23145 0.108388 -0.364672 0.0687577 0.0439262 
3.57457 1.73489 0.264824 0.99596 2.25225 2.15203 1.46713 0.820662 -0.095104 -0.563976 -0.0858908 0.0435997 
3.53231 1.63047 0.325774 0.839844 1.64988 1.77289 1.75696 1.22944 -0.033653 -0.593379 -0.0417424 0.0402579 
3.13971 1.41101 0.344281 0.940857 1.99517 2.24077 1.78501 0.824851 -0.237719 -0.539249 -0.0431704 0.0593099 
