1.52571 -0.427119 0.872969 -0.350895 1.37183 -1.07432 0.936052 0.314768 0.629503 -0.124157 0.0287723 0.0592208 
1.54146 -0.291939 1.20262 -0.198042 0.253044 -0.74511 0.648087 -0.016326 -0.288875 -0.220099 0.367174 0.0645236 
1.3472 0.251612 1.53344 -0.250965 0.38706 -0.266823 0.319942 -0.468678 1.12085 0.318416 0.0650204 -0.0165505 
1.47957 -0.435837 1.55189 0.102559 0.596325 0.140921 -0.0369961 -0.740069 0.199709 0.115535 0.0852979 0.00306672 
1.41628 -0.190957 1.08446 -0.196539 0.118887 -0.704336 1.00709 -0.68526 0.442323 -0.397007 0.168745 0.0696312 
1.60538 -0.255629 1.26897 -0.595681 0.440891 -0.0602059 1.19074 -0.386204 0.148497 -0.226546 0.265759 0.0604274 
1.5783 -0.147848 0.220544 -0.529041 0.728753 0.936606 0.768149 -1.16447 -0.0501509 0.0665579 0.0906023 0.0840191 
1.62948 -0.012015 1.18532 0.414057 1.55188 -0.315678 0.624143 -0.647141 0.239598 0.218532 0.326831 -0.0349367 
1.58882 0.714473 1.48602 0.242868 1.06469 0.0307241 1.38913 -0.443923 0.331915 0.304157 0.170372 -0.00843632 
1.63661 -0.356449 0.876723 -1.07582 0.410125 -0.964899 0.554007 -0.7102 -0.00854081 0.0214778 -0.217899 -0.0207094 
1.59451 0.116196 1.45018 0.200513 1.10771 -0.71694 0.612178 -0.183482 0.253598 0.0152835 0.105326 0.0508818 
1.46847 0.127405 1.58143 -0.438432 0.255684 -0.432896 1.32797 -0.199538 0.605171 -0.103112 0.0942663 0.0297218 
1.4664 -0.100819 1.0199 -0.551274 0.384914 0.0864337 0.528533 -0.415289 0.186146 0.140736 0.117292 0.0173641 
1.45423 0.278781 1.16589 0.53599 0.398914 -0.329944 0.141139 -0.309569 0.696297 0.0706236 0.0260334 -0.0397951 
1.34025 -0.13134 1.38077 -0.0214695 1.04298 0.00182528 0.750199 -0.0761918 -0.13071 -0.0437672 0.229241 0.024245 
1.32634 -0.501372 1.12392 -0.401106 0.223432 -0.204212 0.477127 -0.168063 0.444176 -0.242545 0.193634 0.0426025 
1.47969 -0.0943828 1.18079 -0.0307767 0.641321 -0.117801 0.446889 -0.704873 0.402263 0.0238266 0.351337 0.0215888 
0.37256 -1.1046 -1.65101 -0.827187 3.94794 -0.726192 -0.181576 2.11909 -0.147548 0.122099 0.0617933 -0.0548397 
0.415429 -3.3788 -4.79966 -0.54319 3.15731 -0.668653 -1.61322 2.38929 -0.87557 0.034959 -0.603314 0.0195103 
1.2646 -2.50102 -2.74887 -0.0284772 2.60606 0.503087 -0.323971 2.56087 -0.247474 -0.787704 -0.394642 -0.00511443 
1.76574 -1.82603 -2.11894 1.76832 1.53295 0.230655 0.302584 1.41961 0.311573 -0.77467 -0.36844 0.0127311 
1.43972 -0.247395 0.958586 0.984545 0.766543 -0.622819 1.17634 0.0991307 0.896216 -0.625726 0.0303155 0.154518 
1.60271 0.474196 1.84099 -0.179139 0.540629 -0.51985 1.24624 -0.352665 0.0601634 -0.0712511 0.117582 0.0694189 
1.33089 0.256185 1.49682 0.0309515 0.597446 -0.544148 0.561375 -0.618413 0.49985 -0.124997 0.0979355 0.0414913 
1.73214 0.0450414 1.49274 -0.347269 1.03488 0.0151021 1.10494 -0.829238 0.0585928 0.161339 0.234972 0.0740171 
2.09738 -0.204453 0.279074 -1.02202 1.14998 0.315438 0.114936 -1.12694 -0.0402725 -0.16219 0.281014 0.129733 
2.71771 -0.861362 -1.14447 -1.43365 0.463316 -0.45583 -0.207154 -2.26659 0.0184729 1.01289 0.678277 0.258854 
1.7467 0.0326988 0.134901 -1.34034 0.0293149 0.0206974 1.39694 -1.7881 0.130859 -0.403672 0.231791 0.243376 
1.74804 0.33077 0.85697 -0.68771 0.0319147 -0.698742 1.17736 -0.817157 -0.193829 0.0211489 0.478404 0.174849 
1.59924 0.269485 0.292145 -0.817438 0.722492 0.531906 1.50692 -1.24048 -0.100199 -0.636603 0.0832047 0.132937 
1.64512 0.372509 0.96862 0.147157 0.927838 0.893851 1.30784 -0.616864 -0.158715 -0.382155 0.223867 0.0363556 
1.37765 0.235131 1.14592 0.418021 0.945726 0.091778 0.600914 -0.353479 -0.00804759 -0.514585 0.0415723 0.0489776 
1.57084 -0.0290179 0.820651 0.0926776 0.786608 0.0446358 1.23831 -1.24865 -0.0767159 -0.111507 0.0197658 0.103627 
1.66951 0.0623617 1.71104 -0.171974 0.0834465 -0.0302938 1.07302 -0.190022 -0.0668404 -0.202363 -0.0482591 0.00967723 
1.21373 0.443533 1.08828 -0.402033 0.947516 0.0113849 -0.362797 0.117803 0.0320016 0.00898093 0.222373 -0.0540182 
1.40043 0.347783 1.25791 -0.308135 0.143362 -0.120416 1.15821 -0.618794 0.153056 0.291738 0.0824056 -0.0461718 
1.56552 0.306325 1.01521 -0.256517 0.335482 -0.118113 1.08982 -0.387589 0.030793 0.0227937 0.119781 0.0112959 
1.43111 0.267553 0.8163 -0.638934 0.497403 -0.326833 0.785146 -0.0802799 0.0369881 -0.130258 0.129634 0.00689637 
1.49644 0.344826 1.14561 -0.492168 0.989773 0.176264 0.730412 -0.735072 0.0767854 0.243131 0.0666033 0.0749774 
1.67237 0.0474653 0.886689 0.44261 1.32357 0.0131646 1.7501 -0.264804 0.530448 0.264772 0.124427 -0.00173469 
1.34139 0.218209 1.86859 -0.0467464 0.984606 0.380683 0.961059 -0.462502 -0.0438349 0.436769 -0.0662105 -0.0346693 
1.2756 0.421513 1.42296 -1.48018 0.60653 0.203096 1.06598 -0.241496 0.307815 -0.189701 0.201098 0.0577813 
1.45067 -0.169677 0.976538 -0.291391 0.508598 -0.649024 0.492431 -0.280266 0.745555 -0.519392 0.24285 0.0587256 
1.64334 0.0687995 1.61001 -0.471535 0.943636 -0.316468 0.233855 -0.228578 -0.011181 0.228872 0.0165018 -0.0303091 
1.69719 0.0898553 1.58426 0.00404635 0.442887 0.557974 0.672373 -0.16821 0.106865 0.003339 0.110958 -0.0655387 
1.26862 0.249646 0.913183 0.154181 1.31455 -0.313001 0.709665 -0.393238 -0.247233 0.177323 0.1371 0.0366892 
2.14073 1.54764 1.90792 1.57968 2.21068 0.847602 1.2744 0.00473884 0.863293 0.299052 0.527469 0.033671 
2.87736 2.4505 2.25498 2.03818 1.81993 1.51201 1.26828 0.94583 0.638034 0.438688 0.199626 0.051257 
3.39563 3.17411 3.16905 2.95799 2.70407 2.32212 1.93253 1.4174 0.925509 0.493031 0.16233 0.0874691 
4.00845 3.39975 2.83195 2.30656 2.27601 2.75504 2.91877 2.47237 1.37052 0.525739 -0.0215801 0.0515602 
3.25174 2.77346 2.3823 2.26594 2.30477 2.35639 2.22994 1.65129 0.972838 0.388452 0.0571768 0.0804026 
3.62933 1.26614 0.581602 2.30195 2.6012 2.60674 2.04579 0.560279 -0.217408 0.359729 0.569292 0.141653 
5.51146 -1.93997 -2.24054 4.54562 2.77623 1.18933 4.20297 0.783993 -0.149286 -0.719003 0.698909 0.16743 
5.95279 -0.826038 -1.64757 4.40371 3.61217 1.2511 3.58169 0.734746 0.0860551 -0.72088 0.481903 0.22564 
5.6273 0.114611 -0.355163 3.4277 4.02807 0.852167 3.40006 1.20911 0.0875227 -0.619956 0.138302 0.246093 
5.91353 1.60765 0.415092 2.83751 2.53218 1.36035 2.13037 1.11244 -0.34086 -0.395305 0.22072 0.169745 
4.5151 2.52344 1.46667 1.8553 1.69393 1.06622 1.1766 0.992615 -0.0274387 -0.360926 0.306962 0.11384 
4.05343 2.27795 1.44399 2.47999 3.06426 2.3328 1.96725 1.39604 0.0997522 -0.420728 0.266309 0.136693 
6.4023 2.36002 1.96281 3.26935 1.95243 0.506956 0.916873 0.70396 -0.345016 -0.688181 0.0637224 0.158578 
4.77418 3.21924 2.61211 2.27634 1.24457 0.946547 1.15374 -0.0144631 -1.23445 -0.853055 0.0712359 0.00399644 
5.04498 2.85278 1.73885 2.34741 1.64643 0.166991 0.181569 0.0492011 -1.07029 -1.26786 0.000177883 0.0733789 
5.45362 2.62377 1.7107 1.96487 0.374243 -0.683067 0.080907 -0.00426408 -1.12649 -1.17678 -0.0742172 0.0627259 
6.02897 2.74189 1.32709 1.63173 0.344708 -0.852984 -0.127389 -0.21607 -1.30747 -0.738828 0.0128417 0.0912819 
6.95436 2.30405 0.980015 1.09538 1.36692 -0.940146 -0.475063 0.225486 -1.62321 -0.735185 0.0500901 0.138071 
7.01251 2.04283 0.562005 1.09651 2.25837 -1.55292 -0.318118 0.176219 -1.05087 -0.819753 -0.216943 0.162427 
6.70568 2.59542 0.0337214 1.03703 2.09036 -1.75889 0.171275 0.215338 -0.978211 -0.738913 -0.19468 0.214776 
6.36182 2.60336 0.347017 0.656961 3.2805 -2.93902 0.602516 -0.282769 -0.42113 -0.355988 -0.511013 0.245215 
3.87886 2.88955 1.77781 1.06005 1.07987 0.718526 0.402318 -0.0603074 -0.708922 -0.566328 -0.0556043 -0.0275199 
3.59116 2.34844 1.46344 1.17371 1.06419 0.904159 0.45188 -0.0888409 -0.399052 -0.380453 0.0742676 0.00518251 
4.1686 2.49101 1.03015 1.20621 2.00758 0.552783 0.762409 0.198558 -0.218845 -0.497229 0.0697317 0.0401023 
4.13218 2.38815 1.21506 1.49298 1.49873 0.684378 0.816428 0.573439 -0.0348418 -0.542888 0.0104258 0.0196105 
4.83688 2.11415 0.256083 1.35903 2.59617 1.09369 1.15334 0.610088 -0.109491 -0.623093 -0.122918 0.0493001 
4.05093 1.8444 0.404615 1.37428 2.54324 1.89145 1.72315 0.665948 -0.034055 -0.392599 0.00544972 0.0636232 
4.04435 1.51772 0.453813 1.77642 2.83633 2.30649 1.82494 1.29183 0.195955 -0.501533 -0.165598 0.0632104 
6.901 1.0813 -1.19622 2.25317 3.91919 1.95525 2.40574 2.3365 -0.241605 -0.638407 -0.178837 0.175444 
6.19063 1.41669 -1.07911 2.22916 3.66609 1.89942 2.25297 2.26651 -0.166042 -0.416591 -0.140631 0.188636 
6.0651 1.02287 -1.16703 2.20942 3.56857 2.03397 2.42356 2.42554 -0.268598 -0.438764 -0.0885188 0.196948 
6.82656 0.958639 -1.42472 2.36299 3.54716 2.22909 3.12187 2.58103 -0.222552 -0.700195 -0.0876749 0.205488 
6.48809 0.397054 -1.01566 3.03169 3.61893 2.00486 2.99404 2.62054 -0.305666 -0.759823 -0.00510819 0.223646 
5.97769 0.253138 -0.84419 3.45456 3.67944 2.13863 3.07563 2.24619 -0.41224 -0.544127 0.0740732 0.180513 
4.17138 0.994718 0.564607 2.90814 2.82828 1.80071 2.60585 2.18634 -0.142575 -0.601117 0.0583972 0.19345 
3.94727 1.7275 1.37643 3.30799 3.71525 2.48705 2.39374 2.07512 0.283945 -0.68204 0.0147902 0.185199 
3.10719 1.73644 1.5147 2.46699 2.81663 2.2304 1.76348 1.30978 0.37373 -0.164353 0.155451 0.0961184 
3.08482 1.79236 1.54188 2.3718 2.6609 2.10701 1.65516 1.16575 0.277143 -0.136664 0.158412 0.077551 
3.44513 1.93463 1.64094 2.51008 2.86311 2.57859 2.16647 1.2586 0.0103555 -0.274456 0.210407 0.114219 
