1.65253 0.070966 1.15026 0.234822 1.72651 -0.157171 0.986074 -0.545269 -0.131944 -0.233262 0.171144 0.139687 
1.6618 -0.31565 0.843887 0.259721 0.581391 -0.150892 1.13967 -0.0358817 0.063619 0.0242004 0.100738 0.106251 
1.39073 -0.5569 0.633261 -0.43877 0.333305 -0.0595247 1.1792 0.0566988 -0.660924 0.0771928 0.231214 0.101808 
1.60576 -0.706414 0.923527 -0.372155 0.987648 -0.374844 0.81616 0.0671425 -0.465488 -0.471488 -0.0693079 0.121354 
1.33324 -0.182475 0.167135 -0.6382 1.09092 -0.0254845 0.96302 0.00692146 -0.451271 -0.548733 0.195048 -0.0246701 
1.63196 0.152569 -0.243225 -0.285314 1.03172 -0.519922 0.95964 0.0836876 0.0481149 -0.578694 0.17353 0.131919 
1.61735 -0.219164 0.35756 0.0796413 0.948292 -0.0325624 0.843549 -0.453357 -0.0376077 -0.462359 0.0830132 0.0595705 
1.38678 -0.101181 0.662627 -0.776837 0.995614 -0.49562 0.698053 -0.407041 -0.643901 -0.402394 0.0528909 -0.0076965 
1.61197 -0.578696 1.16525 -0.447307 1.12543 0.178477 1.17262 -0.0865801 0.111948 -0.00256483 -0.0964097 0.0548126 
1.70993 0.125303 1.22649 -0.577449 0.0986852 0.0381025 0.898759 -0.521369 0.00645769 -0.0739429 0.29294 0.0604069 
1.69957 0.157481 0.547674 -0.312821 1.87599 0.871345 0.725947 -0.137734 0.15406 -0.464272 0.0566074 0.0617533 
1.58066 0.317318 1.45815 -0.512775 1.24291 -0.340137 0.429344 -0.106889 0.581006 -0.200444 0.0931501 0.093372 
1.54892 0.38517 1.02885 -0.587506 1.0002 -0.37888 0.2406 -0.891444 0.138958 -0.248417 0.156288 0.00536536 
1.27719 0.132205 1.09063 -0.332188 0.637827 0.400348 1.21637 -0.387424 0.00424894 0.0397988 -0.144009 -0.0469595 
1.47441 0.220833 1.02327 -0.323703 0.917071 -0.266695 0.636543 -0.18223 -0.209099 -0.161201 0.0410931 0.0581643 
1.52473 -0.261279 0.852048 -0.57642 0.901196 -0.415552 0.937899 -0.486814 -0.0211751 -0.470385 -0.0387198 0.0629075 
1.41374 0.123792 1.38291 -0.988288 0.495445 -0.194264 0.691014 -0.855787 -0.173222 0.0450262 -0.0865272 0.022137 
2.29591 -1.98016 -1.12788 1.89914 3.81247 1.06167 0.718356 0.603297 0.694167 -0.385957 0.0161106 0.101535 
3.41575 -4.0432 -2.76636 3.09886 6.97143 0.844596 0.455524 -0.469776 0.784578 0.280843 -0.0259883 0.13985 
1.56587 -2.3969 -1.47156 1.32481 3.20466 0.425397 -0.566953 -0.233465 0.567392 0.21716 0.0303359 0.0124002 
1.70777 -0.934742 0.890148 0.307124 1.69481 -0.796568 0.16518 0.126842 0.259749 -0.368231 -0.0481564 0.132381 
1.14343 0.203911 0.961228 -1.01023 1.31933 -0.632331 0.601051 -0.542563 -0.0726766 0.103312 0.180685 0.0583398 
1.48815 -0.228341 1.2538 -0.496668 1.63877 0.109944 1.04141 -0.777814 0.213788 0.0524796 -0.0883924 0.0871714 
1.48428 -0.118847 1.56485 -1.01566 0.257999 -0.806521 1.47026 -0.189848 -0.415542 -0.0905512 -0.0525434 0.0693633 
1.35532 -0.183609 1.45985 -0.479056 0.507039 -0.136757 1.17036 -0.161234 -0.0505343 -0.167926 -0.352887 0.0306024 
1.63505 0.253196 1.32132 -0.169686 0.785154 0.478357 1.21222 -0.597189 0.253724 -0.328325 0.15488 0.0723683 
1.38101 0.654648 1.25524 0.260315 0.30753 -0.182898 1.22678 -0.392371 0.203479 -0.0362447 0.00453301 0.0576498 
1.32823 0.360539 1.79595 0.00661282 1.53995 0.286746 1.24538 0.187432 0.290128 -0.355715 0.0264185 0.0506823 
1.4259 0.0757109 1.31705 0.002986 0.253921 -0.313322 1.19216 -0.651774 0.128973 0.0554551 0.122425 -0.0148628 
1.37978 -0.0220097 1.10585 -0.310981 1.08327 0.392572 1.1094 -0.180022 0.236951 -0.0292501 0.207498 0.0149305 
1.37813 0.240534 0.944845 -0.266579 1.14662 0.295185 0.902418 -0.426845 0.255652 0.00553264 -0.0196223 -0.038048 
1.7145 0.36835 0.807973 -0.663711 1.00219 -0.510093 1.3533 0.0646241 0.173908 -0.184821 0.184854 -0.0206629 
1.92986 0.131715 1.63162 -0.223098 -0.311965 -0.619124 1.03505 -0.0289362 0.226903 -0.07702 0.338 0.0374961 
1.93981 -0.410545 1.20983 -0.973794 -0.819925 -0.900395 0.236411 -0.520955 0.674308 0.273394 0.106038 0.0167045 
1.4406 -0.314547 0.930949 -0.577131 -0.479893 -0.356237 1.01835 -0.373099 0.886819 0.386203 0.0453312 -0.170546 
1.86392 -0.0161148 1.16475 -0.638562 0.727097 -0.385531 0.748004 -0.16823 0.854976 0.337635 -0.0178542 -0.0318079 
1.44213 0.20697 0.893988 0.162278 0.106938 0.40121 1.07555 -0.574632 0.242454 -0.116897 -0.230866 -0.03831 
1.23407 0.867898 1.09942 0.482853 1.04308 0.511672 0.31592 -0.298481 0.737686 0.0520281 0.122763 0.0328388 
2.63984 2.15505 1.89425 1.77691 1.55766 1.26183 1.14754 0.750245 0.700476 0.503362 0.283381 0.055476 
2.69642 2.19406 1.98311 1.77316 1.56471 1.35488 1.09176 0.83609 0.61753 0.400564 0.219705 0.0459463 
2.85567 2.43497 2.30112 2.13034 1.9359 1.69469 1.41734 1.12559 0.810974 0.549608 0.29453 0.077542 
3.73062 2.95493 2.49949 2.83046 3.79234 3.95907 2.75227 0.91042 0.197712 0.419079 0.507378 0.187706 
3.17341 2.75402 2.4618 2.44376 2.46019 2.34106 1.82324 1.21492 0.807246 0.492945 0.328519 0.106742 
4.22405 0.330993 -1.43209 1.97398 5.09421 2.42131 2.69648 -0.0141953 -0.184381 0.923362 0.189037 0.080605 
3.95063 0.234212 -1.76476 4.15423 5.38123 0.390752 3.57069 0.680812 0.266373 -0.497794 0.181169 0.36483 
4.08231 1.30991 -0.35718 3.24751 4.54019 0.857002 4.27959 0.987975 -0.349258 -0.226135 0.0355171 0.296236 
3.73109 1.67128 1.60294 2.56852 4.24521 1.08079 3.31597 1.57912 0.213557 -0.30311 -0.241923 0.170169 
3.13985 2.8795 2.36911 2.22603 2.1535 1.43545 1.27344 0.645707 0.661247 0.263787 0.0273864 0.0331653 
2.92452 2.38518 2.19537 2.0429 1.71812 1.15682 0.969886 0.662809 0.356905 0.246318 0.233344 0.0348512 
2.87706 2.19477 1.83305 1.75273 1.62493 1.09613 0.87297 0.531368 0.104966 0.0330135 0.0876363 0.0151418 
3.03845 2.45411 2.10348 1.78353 1.26632 0.763053 0.520659 0.387377 0.127325 -0.00826669 0.0133939 -0.0141169 
3.78322 3.27601 2.84613 2.43944 1.73208 0.82484 0.309232 0.109401 -0.144155 -0.250231 -0.0564819 -0.0555337 
5.62086 3.93567 2.80591 2.94343 2.62333 -2.16927 1.20292 0.0499686 0.145157 -0.975305 -0.314696 0.0760556 
4.91313 3.83077 2.43657 2.24032 2.76718 -1.31912 1.55319 -0.194678 -0.475189 -0.843595 -0.265068 0.0364932 
5.05725 3.61605 2.221 2.04284 3.51258 -2.894 0.712898 -0.34108 -0.0553097 -0.411215 -0.578867 0.104502 
4.36354 2.98059 1.56181 1.26279 1.72786 -0.181499 -0.509995 -0.00851993 -0.127715 -0.495597 -0.107293 -0.0328752 
4.13442 3.11497 2.28358 1.69049 1.65911 -0.831736 -0.450343 0.363192 -0.332573 -0.41927 -0.241271 -0.0491175 
4.56219 3.73572 2.38731 1.25239 3.16247 -1.61873 0.394577 -0.471646 -0.382474 -0.227059 -0.352966 0.0210682 
5.20229 3.76089 1.74796 1.13438 3.16737 -1.88963 -0.000651135 0.0151691 -0.373716 -0.242164 -0.40369 0.0293864 
5.24397 3.54544 1.82925 0.354844 4.32056 -2.84904 0.696068 0.380815 -0.129867 -0.727934 -0.719004 0.162074 
6.07084 3.17392 1.22411 1.30812 3.90995 -2.76648 0.938061 0.0642162 0.114524 -0.585682 -0.710308 0.211572 
5.60739 3.5625 1.27323 1.84011 3.71773 -2.93385 0.755115 0.0359569 0.25173 -0.141787 -0.513381 0.190685 
5.08561 3.13942 1.17277 1.28853 3.99858 -1.15102 1.52946 -0.118919 -0.267594 -0.888501 -0.371783 0.15096 
5.30645 3.05966 1.32586 1.49727 4.13944 -1.30784 1.27538 0.155712 -0.143037 -0.923402 -0.513655 0.127297 
4.53652 2.34023 1.38695 1.50561 3.25838 -0.306205 1.48528 0.79667 -0.170729 -1.02838 -0.273354 0.0847139 
3.463 2.26394 1.43137 1.72991 2.07888 1.47648 1.13801 0.40397 -0.314266 -0.648489 -0.0964801 0.00566696 
3.80658 1.95187 0.561747 1.18682 2.27175 2.1371 1.29248 0.22037 -0.127555 -0.278699 -0.0846605 0.0263055 
3.55932 1.95414 0.893435 1.1389 1.84322 1.9781 1.71486 1.04681 0.0864258 -0.452657 -0.222875 0.00946716 
3.46689 1.74376 0.483383 0.942988 2.08038 2.36565 1.78329 0.787062 -0.116478 -0.322562 -0.0386426 0.0448888 
3.53734 1.27586 0.125784 1.19693 2.48354 2.57575 2.09823 1.15647 -0.082781 -0.414931 -0.0459957 0.0759243 
4.56481 1.41169 -0.157011 1.64335 3.04883 2.69534 2.21876 1.29736 -0.197482 -0.453319 -0.0908647 0.105173 
4.23851 1.45304 -0.151209 1.44811 2.82033 2.45032 2.17055 1.53025 0.00701164 -0.534678 -0.176434 0.0726527 
3.4378 0.93526 0.141408 1.76496 2.42026 2.04379 2.31078 1.8217 -0.0971843 -0.730506 -0.0802435 0.108693 
3.54582 1.31161 -0.22521 1.18034 2.8867 1.32022 2.65978 1.74529 -0.0991232 -0.641275 -0.0911245 0.105715 
3.9921 0.909522 -0.0913043 1.90958 2.56665 1.62838 2.16301 1.59219 -0.12251 -0.604875 -0.108082 0.0975514 
3.33809 1.54555 0.529535 1.35097 2.24679 2.16343 1.7324 0.944788 -0.138075 -0.446127 -0.0139837 0.0517253 
3.41082 1.87797 0.871266 1.31418 2.06587 2.12696 1.69056 0.889302 -0.0235271 -0.301345 0.0296832 0.0373234 
4.07755 1.99239 0.628083 1.6416 3.16808 3.14483 2.02342 0.834588 0.0235465 -0.194867 -0.0121944 0.0765182 
4.29753 2.14214 0.11473 0.861321 3.18688 4.00587 2.6496 0.931847 0.250921 0.234796 0.00388662 0.0855766 
3.17565 2.21163 1.3809 1.28921 1.91156 2.40797 2.23976 1.47979 0.609694 0.00550063 -0.0533295 0.0407085 
4.2069 3.10941 1.75916 1.36745 2.27624 3.34039 3.06288 1.63607 0.4913 -0.0614097 -0.125465 0.0407328 
3.07329 2.59726 2.33989 2.07674 1.96509 1.92881 1.70499 1.3561 0.977357 0.556683 0.214369 0.081924 
2.85543 2.38753 2.07021 1.77771 1.69015 1.71162 1.66069 1.34241 0.917071 0.472264 0.240857 0.0653658 
4.12753 1.39501 -0.928205 -0.04793 3.01396 4.47295 2.99723 0.388436 -0.359382 0.177785 0.027631 0.118163 
3.35895 0.925314 0.00170523 0.913776 2.48787 3.10254 2.47271 1.30859 0.250011 0.418535 0.33279 0.0855689 
