1.45328 0.166706 1.54966 -0.381955 1.43897 0.167015 0.619745 -0.686615 -0.130907 -0.0940377 0.120351 0.0465919 
1.51299 -0.0395276 1.78498 -0.0870501 0.617127 -0.89762 0.307361 -0.326098 0.26408 0.0291567 0.0177269 0.0541374 
1.58582 0.0650886 1.0816 -0.255566 1.22979 0.0610016 0.858176 -0.403365 0.0739936 -0.0124148 0.231152 0.0170849 
1.65966 0.478677 1.94565 -0.150719 1.51399 0.844126 1.9903 -0.0572698 0.3254 0.213727 0.0281547 0.0274042 
1.7728 0.136948 1.84951 0.234997 1.53404 0.461763 1.57569 -0.0663804 0.0321949 0.0123402 0.0619027 0.0888878 
0.769081 -2.47216 -0.0101324 -0.919733 0.51649 0.356387 1.97795 -1.03278 -0.840788 0.564266 -0.392005 0.0549973 
-0.142364 -7.46702 -0.284283 -1.34863 -0.0237313 -0.237142 2.94363 -1.87873 -1.11384 1.10582 -0.205787 0.0742346 
-0.0112781 -6.17363 1.99694 3.18086 1.36896 -0.399617 2.83005 -1.42369 -0.36427 1.07513 0.132576 0.00198564 
0.146071 -4.92791 3.77879 3.79008 -2.57161 -0.264806 1.23942 -1.51332 -0.590438 0.925496 -0.00630787 -0.144673 
0.199284 -3.63041 3.91361 3.29143 -3.03094 -0.636121 2.28242 -0.58039 -0.787483 0.571482 0.213896 -0.0668656 
0.369781 -3.04363 3.0937 2.15905 -1.37942 0.0292882 1.53828 -0.916113 0.234214 0.431389 -0.3546 -0.0598927 
1.4359 -4.79314 -0.225576 1.56544 3.26927 1.82509 2.19372 -3.92883 -0.0433552 1.19466 -0.0852491 0.0165774 
1.1808 -3.21424 -0.158822 1.74806 2.24088 0.959111 0.6945 -2.19711 0.134817 1.06994 -0.00617041 -0.10935 
-0.0571544 0.869733 -0.920072 0.693061 3.61628 -1.11373 0.956924 -1.81076 -0.0522493 0.611039 0.0788645 -0.0694422 
-2.4343 5.17006 -2.14103 0.73006 3.07261 -2.14122 1.35369 -1.75978 0.341201 0.011457 -0.0432416 0.0685187 
0.0927525 3.05134 0.198328 0.888786 1.42822 -0.0197824 2.30299 -0.879214 1.06089 0.533038 0.169305 -0.0139818 
0.96117 -0.936335 1.47137 -0.0652856 2.48107 0.204744 1.09217 -1.78622 -0.0349511 1.50545 -0.374905 -0.083752 
-1.88592 -3.38675 0.162995 -2.98025 6.76398 0.726488 0.419263 -4.07082 -1.70808 2.29739 -0.353434 0.00356287 
0.114067 -2.40021 0.13516 -1.34394 5.38146 1.56869 0.0482267 -2.36072 -1.23407 1.10049 -0.222739 -0.0166954 
1.18832 -1.77912 -0.17399 -1.47044 3.63924 1.06787 -0.397032 -2.15912 -1.00358 1.12194 -0.331074 -0.0107436 
1.62638 0.163368 1.43322 -0.162699 1.30191 0.111288 0.857164 -1.58173 -0.369563 -0.392525 -0.245607 -0.00495944 
1.50089 0.154918 1.20092 0.623775 0.778704 -0.694765 0.964325 -0.153748 0.327387 -0.352263 -0.133525 -0.00832026 
1.42877 0.0558435 1.09044 -0.548535 0.795264 -0.383347 0.134223 0.0212603 0.483659 -0.69225 0.184507 0.0719997 
1.88826 -0.041199 0.781929 -0.214803 0.97522 -0.333949 0.172624 0.328087 0.338194 -0.593395 0.132299 0.05739 
1.6106 0.296143 0.761176 -0.859871 0.387418 -0.572556 0.621348 0.0285324 0.314578 -0.598497 0.31292 0.0265771 
1.48998 0.121704 1.30628 -0.137198 0.859183 0.068147 0.105728 0.392876 0.126354 -0.706484 0.0222068 0.0192469 
1.8181 0.0437757 1.09702 0.0816918 0.601212 -0.628396 0.214942 0.169158 0.301668 -0.41945 0.307911 0.0269569 
1.55109 -0.217405 0.631178 0.0995073 0.090459 -0.184063 0.687729 0.238945 0.586176 -0.243167 0.0871427 0.0487116 
1.39548 0.30549 1.19663 0.117147 0.302652 -0.529529 0.120977 -0.00177407 0.312804 -0.0837618 0.189752 0.014194 
1.62076 0.0610049 1.253 -0.354407 0.382017 0.35567 0.991553 -0.00213632 0.258595 -0.404746 0.0796289 0.0803066 
1.61749 -0.0949776 2.11601 0.0514637 1.21746 -0.0671825 1.32976 -0.0309975 0.518361 -0.136941 0.0141408 0.0612215 
1.41254 0.309356 1.66561 -0.105341 0.464224 0.577769 1.36856 -1.40168 0.201352 0.174598 0.200537 0.0283363 
1.46801 -0.0944156 1.15822 -0.383174 0.304303 -0.559542 0.797485 -0.445422 0.109763 0.180336 -0.0201161 0.00341643 
1.59347 -0.018719 1.24846 -0.120718 0.790788 0.410929 0.49619 -0.655657 0.334692 0.104836 -0.0130372 0.0284113 
1.52968 0.34544 0.867936 -0.219118 0.508781 -0.0821155 0.924333 -0.530095 0.332051 0.0814996 0.163567 0.0170851 
1.49402 -0.0907806 0.650717 0.200006 1.35684 -0.325938 0.651966 -0.697689 0.0987303 -0.502096 0.238605 0.0744735 
1.31267 0.152119 1.44986 -0.0507914 1.26529 -0.24777 0.638677 0.00404162 0.40373 0.358459 0.185005 0.02458 
1.4764 0.300008 1.41865 -0.490642 0.323689 0.098712 0.452932 -0.433571 -0.204557 -0.201575 0.232642 -0.00812952 
1.69984 0.115813 1.16046 -0.060094 0.849343 -0.381501 0.161987 -0.697385 -0.649728 0.0168752 0.279749 0.101916 
1.57223 0.424364 1.60598 -0.513387 0.593697 -0.585343 0.52429 -0.965372 0.0517661 -0.00489858 0.292396 0.0606267 
2.26525 1.1897 2.1154 1.48555 1.21796 0.62376 1.52678 0.131003 0.558018 0.435976 0.135441 -0.000302856 
2.63569 2.06281 1.71563 1.39113 1.11727 0.904087 0.77476 0.622831 0.547369 0.443808 0.290548 0.0507797 
2.9035 2.47974 2.27028 2.05745 1.77929 1.46753 1.21679 0.927294 0.717332 0.500967 0.294164 0.0572796 
2.8612 2.44043 2.24544 2.06251 1.80929 1.58848 1.3055 1.02592 0.77074 0.537821 0.301948 0.0670294 
2.85293 2.40007 2.21975 2.05001 1.86838 1.56009 1.28799 1.03236 0.786289 0.509575 0.267569 0.062037 
2.77454 2.31336 2.16208 1.99666 1.78455 1.58852 1.34147 1.06494 0.798938 0.548042 0.306304 0.0654502 
2.93528 2.50997 2.44264 2.32366 2.12781 1.90146 1.45765 1.15146 0.904234 0.571886 0.253766 0.0825105 
2.9491 2.61168 2.58806 2.27812 2.11089 1.99475 1.49347 1.20522 0.948563 0.516598 0.27658 0.0880768 
2.7681 2.24814 2.0676 1.95257 1.72962 1.6107 1.40627 0.98348 0.806971 0.565918 0.321987 0.0653072 
2.67594 -0.0221935 -0.727685 -0.0468218 3.64637 1.5396 3.78868 0.159362 -0.331369 0.716451 0.108596 0.0980663 
2.94494 1.49431 0.102622 1.8251 3.01295 1.66819 3.22161 -0.0907727 0.210708 -0.470766 0.163065 0.116741 
3.43449 1.77629 0.712169 1.82469 2.91021 1.97142 2.59672 0.582574 -0.112425 -0.344333 0.294972 0.140464 
3.25261 1.8295 1.8197 2.51167 2.71056 1.13561 2.31197 0.330384 0.444614 0.0552506 0.207351 0.0729937 
3.68653 2.68773 2.21602 2.12743 1.86468 0.950822 1.09239 0.781038 0.420312 0.305507 0.352058 0.0753564 
5.1595 3.41973 1.06527 2.08326 2.00874 0.56978 1.88501 -0.198417 -0.0257931 -0.625258 0.480926 0.211696 
5.18271 3.03443 1.27975 2.4624 2.33456 -0.0185688 1.55257 -0.0391993 0.0471544 -1.05405 0.336629 0.213801 
4.46442 3.38162 2.22815 2.36713 1.70153 0.0320121 -0.32754 -0.365685 -0.655796 -0.706846 0.244249 0.0460017 
5.49807 3.51062 1.84563 2.1604 2.29117 -0.86011 0.460242 -0.573987 -0.518562 -1.06678 -0.143464 0.0552572 
5.33971 3.68509 1.18308 1.41795 2.79635 -2.02276 0.829514 -1.14683 -0.12975 -1.08776 -0.226801 0.12075 
5.14355 4.03524 1.43877 0.888608 1.9907 -1.97588 0.544526 -1.87698 -0.624605 -0.613525 -0.1823 0.0714631 
6.05568 4.34347 0.679836 -0.0469089 2.28986 -2.14485 1.15209 -2.14082 -0.988955 -0.821743 -0.450699 0.12506 
5.48073 4.30443 1.45727 0.534209 2.38978 -2.31287 0.344787 -1.41053 -0.93834 -0.418059 -0.443439 0.0585994 
5.83509 4.10007 1.44258 -0.474149 2.68923 -2.55726 0.386155 -1.96144 -0.547872 -0.159805 -0.411886 0.137091 
6.03106 4.51021 0.695507 -0.33194 3.92197 -1.41949 1.03966 -1.61024 -0.581153 -0.353174 -0.478018 0.107621 
4.7116 3.72486 2.57538 0.0175709 2.68934 -0.615182 1.14421 -0.763596 -0.836563 -0.293186 -0.269929 0.0591013 
5.04756 4.63293 1.6626 0.164013 2.28978 -1.11255 1.22215 -0.937401 -0.494783 -0.0360097 -0.165285 0.120064 
4.10891 3.76163 2.40651 1.08042 1.51141 -1.26832 0.553806 -1.00371 -0.0939221 0.313121 0.0775766 0.11471 
3.95697 3.59768 1.90568 0.378636 1.45203 -1.12192 1.00219 -0.92811 -0.195105 0.465886 0.265406 0.193234 
3.89894 3.65733 1.92666 0.957967 2.40897 -1.4406 1.08201 -1.05439 0.284374 0.511082 0.177399 0.19016 
4.19385 3.80241 2.13355 1.57499 2.36861 -1.21233 0.975945 -0.745271 0.0935165 0.391712 0.113031 0.148593 
4.19506 3.37676 1.50672 0.95308 2.06094 0.702927 1.33608 -0.642401 -0.0800161 0.108284 0.236948 0.110396 
3.96368 3.7732 0.963836 0.191496 2.04531 -0.162394 2.69797 -0.57906 0.216708 0.199185 0.190225 0.191918 
3.75985 2.83109 1.58252 1.17916 2.27802 1.22619 1.83868 0.140555 0.112955 -0.0259978 0.370921 0.110816 
3.42486 2.68419 1.51758 0.951866 1.90528 1.50141 1.95265 0.401388 0.12748 0.0853614 0.353263 0.0939838 
3.32191 2.46176 1.30838 1.36607 2.54274 2.20145 2.2792 0.484046 0.184696 -0.0775892 0.0902405 0.0809146 
3.70245 2.56199 0.965018 1.73816 3.53853 2.368 2.32382 0.161583 0.456802 0.0562382 0.0274637 0.0729756 
4.71044 2.31875 0.645552 1.68136 3.72585 3.37135 2.04347 0.775826 0.475079 0.120269 -0.121528 -0.000179985 
4.71587 2.1472 0.233005 1.67488 3.55691 3.31788 1.98776 0.788505 0.0987488 -0.239779 -0.0242732 0.0733601 
3.33156 1.92944 1.00265 1.32762 2.31358 2.77872 2.23791 1.14733 0.217497 -0.111719 0.00780177 0.08086 
2.86744 1.86051 1.23715 1.3016 1.94402 2.42759 2.10559 1.10807 0.2061 -0.126387 -0.0593159 0.0547293 
2.96548 2.16041 1.46768 1.2229 1.57427 2.01394 1.86403 1.16774 0.414954 0.0260857 0.00394534 0.0212755 
3.26458 2.40452 1.57611 1.22051 1.49823 1.89252 1.85194 1.1796 0.440196 0.0143124 -0.0660053 0.00651858 
3.07836 2.32538 1.66257 1.45481 1.6478 1.83593 1.53025 0.800073 0.154323 -0.0727682 0.0169786 0.0180211 
3.13603 2.26422 1.3914 0.920938 1.17536 1.7856 1.87951 1.19246 0.275143 -0.194453 -0.16753 -0.0131944 
3.58164 1.95109 0.35978 0.436456 1.80002 2.54304 1.9576 0.983795 0.345751 -0.0331397 -0.231548 -0.0158162 
