1e-030 1e-030 0.234426 1e-030 1e-030 0.234426 1e-030 1e-030 1e-030 1e-030 1e-030 1e-030 1e-030 1e-030 0.234426 1.98245e-237 1e-030 1e-030 3.93946e-031 1e-030 1e-030 1e-030 1e-030 1e-030 1e-030 1e-030 1e-030 1e-030 1e-030 1e-030 0.234353 0.0623699 
1e-030 1e-030 1e-030 1e-030 1e-030 8.43698e-042 1e-030 7.36002e-164 1e-030 1e-030 1e-030 1e-030 1e-030 1e-030 1.6907e-268 0.0922181 1e-030 1e-030 0.184436 1e-030 1e-030 1e-030 1e-030 4.15207e-020 1e-030 1e-030 7.03683e-282 0.645527 1e-030 1e-030 2.8518e-005 0.0777904 
1e-030 1e-030 1e-030 1e-030 1e-030 1e-030 1e-030 1.99101e-054 1e-030 1e-030 1e-030 1e-030 1e-030 1e-030 1e-030 1e-030 1e-030 1e-030 8.57135e-064 1e-030 1e-030 1e-030 1e-030 0.134952 1e-030 1e-030 1.52643e-228 2.90348e-009 1e-030 1e-030 2.58606e-008 0.865048 
1e-030 1e-030 1e-030 1e-030 1e-030 1e-030 1e-030 0.315647 1e-030 1e-030 1e-030 1e-030 1e-030 1e-030 1e-030 1.91667e-293 1e-030 1e-030 1.55703e-113 1e-030 1e-030 1e-030 1e-030 5.65577e-042 1e-030 1e-030 5.96013e-271 1.16289e-084 1e-030 1e-030 0.631294 0.0530595 
1e-030 1e-030 1e-030 1e-030 1e-030 1e-030 1e-030 6.82726e-010 1e-030 1e-030 1e-030 1e-030 1e-030 1e-030 1e-030 1e-030 1e-030 1e-030 3.36072e-288 1e-030 1e-030 1e-030 1e-030 0.134869 1e-030 1e-030 0.019267 0.173403 1e-030 1e-030 0.0770679 0.595393 
1e-030 1e-030 1e-030 1e-030 1e-030 1e-030 1e-030 1e-030 1e-030 1e-030 1e-030 1e-030 1e-030 1e-030 1e-030 1e-030 1e-030 1e-030 1e-030 1e-030 1e-030 1e-030 1e-030 9.21473e-019 1e-030 1e-030 1e-030 0.636364 1e-030 1e-030 1e-030 0.363636 
1e-030 1e-030 1e-030 1e-030 1e-030 1e-030 1e-030 1e-030 1e-030 1e-030 1e-030 1e-030 1e-030 1e-030 1e-030 1e-030 1e-030 1e-030 1e-030 1e-030 1e-030 1e-030 1e-030 0.5 1e-030 1e-030 1e-030 2.52493e-007 1e-030 1e-030 2.23486e-156 0.5 
1e-030 1e-030 1e-030 1e-030 1e-030 1e-030 1e-030 1e-030 1e-030 1e-030 1e-030 1e-030 1e-030 1e-030 1e-030 1e-030 1e-030 1e-030 1e-030 1e-030 1e-030 1e-030 1e-030 1.10447e-283 1e-030 1e-030 1e-030 1 1e-030 1e-030 1.31376e-071 6.74754e-066 
1e-030 0.109864 1e-030 1e-030 1e-030 1e-030 1e-030 1e-030 1e-030 1e-030 1e-030 1e-030 1e-030 1e-030 1e-030 1e-030 1e-030 1e-030 1e-030 1e-030 1e-030 1e-030 1e-030 1.6944e-030 1e-030 1e-030 1e-030 1.21341e-284 1e-030 1e-030 0.439457 0.450679 
1e-030 1.45844e-217 1e-030 1e-030 1e-030 1e-030 1e-030 1e-030 1e-030 1e-030 1e-030 1e-030 1e-030 1e-030 1e-030 1e-030 1e-030 1e-030 1e-030 1e-030 1e-030 1e-030 0.0192686 0.308298 1e-030 1e-030 0.0192686 0.0770745 0.0192686 1e-030 6.24561e-043 0.556822 
1e-030 1e-030 1e-030 1e-030 1e-030 1e-030 1e-030 1e-030 1e-030 1e-030 1e-030 1e-030 1e-030 1e-030 1e-030 1e-030 1e-030 1e-030 1e-030 1e-030 1e-030 1e-030 1e-030 0.0478805 1e-030 1e-030 1e-030 3.95867e-010 1e-030 1e-030 8.27613e-237 0.952119 
1e-030 3.45053e-291 1e-030 1e-030 1e-030 1e-030 1e-030 1e-030 1e-030 1e-030 1e-030 1e-030 1e-030 1e-030 1e-030 1e-030 1e-030 1e-030 1e-030 1e-030 1e-030 1e-030 1e-030 0.366438 1e-030 1e-030 1e-030 0.285791 1e-030 1e-030 5.59725e-035 0.347772 
1e-030 1.03865e-037 1e-030 1e-030 1e-030 1e-030 1e-030 1e-030 1e-030 1e-030 1e-030 1e-030 1e-030 1e-030 4.3055e-196 1e-030 1e-030 1e-030 1e-030 1e-030 1e-030 1e-030 1e-030 0.993757 1e-030 1e-030 1e-030 0.00622366 1e-030 1e-030 1.89633e-005 6.43886e-008 
1e-030 0.157263 1e-030 1e-030 1e-030 1e-030 1e-030 1e-030 1e-030 1e-030 1e-030 1e-030 1e-030 1e-030 0.0524212 1e-030 1e-030 1e-030 1e-030 1e-030 1e-030 1e-030 1e-030 0.0741748 1e-030 1e-030 1e-030 1.33097e-041 1e-030 1e-030 0.612611 0.103529 
1e-030 1.90766e-074 1e-030 1e-030 1e-030 1e-030 1e-030 1e-030 1e-030 1e-030 1e-030 1e-030 1e-030 1e-030 1e-030 1e-030 1e-030 1e-030 1e-030 1e-030 1e-030 1e-030 1e-030 0.327393 1e-030 1e-030 1e-030 0.0185094 1e-030 1e-030 0.0983516 0.555746 
1e-030 1e-030 1e-030 1e-030 1e-030 1e-030 1e-030 1e-030 1e-030 1e-030 1e-030 1e-030 1e-030 1e-030 1e-030 1e-030 1e-030 1e-030 1e-030 1e-030 1e-030 1e-030 1e-030 0.261289 1e-030 1e-030 1e-030 0.23959 1e-030 1e-030 1e-030 0.499121 
1e-030 1e-030 1e-030 1e-030 1e-030 1e-030 1e-030 1e-030 1e-030 1e-030 1e-030 1e-030 1e-030 1e-030 1e-030 1e-030 1e-030 1e-030 1e-030 1e-030 1e-030 1e-030 1e-030 0.371692 1e-030 1e-030 1e-030 2.24414e-006 1e-030 1e-030 2.16583e-208 0.628306 
1e-030 2.4872e-054 1e-030 1e-030 1e-030 1e-030 1e-030 1e-030 1e-030 1e-030 1e-030 1e-030 1e-030 1e-030 1e-030 1e-030 1e-030 1e-030 1e-030 1e-030 1e-030 1e-030 1e-030 0.538353 1e-030 1e-030 1e-030 5.35638e-037 1e-030 1e-030 5.28847e-013 0.461647 
1e-030 0.399069 1e-030 1e-030 1e-030 1e-030 1e-030 1e-030 1e-030 1e-030 1e-030 1e-030 1e-030 1e-030 1e-030 1e-030 1e-030 1e-030 4.17468e-288 1e-030 1e-030 1e-030 1e-030 4.37591e-018 1e-030 1e-030 1e-030 3.3027e-284 1e-030 1e-030 0.48287 0.118061 
1e-030 1.11627e-131 1e-030 1e-030 1e-030 1e-030 1e-030 1e-030 1e-030 1e-030 1e-030 1e-030 1e-030 1e-030 1e-030 1e-030 1e-030 1e-030 0.0553598 1e-030 1e-030 1e-030 1e-030 0.369065 1e-030 1e-030 1e-030 0.0922663 0.0369065 1e-030 0.0398599 0.406542 
1e-030 4.64157e-256 1e-030 1e-030 1e-030 1e-030 1e-030 1e-030 1e-030 1e-030 1e-030 1e-030 1e-030 1e-030 1e-030 1e-030 1e-030 1e-030 1e-030 1e-030 1e-030 1e-030 1e-030 1e-030 1e-030 1e-030 1e-030 0.182595 1e-030 1e-030 1e-030 0.817405 
1e-030 1.36208e-038 1e-030 1e-030 1e-030 1e-030 1e-030 1e-030 1e-030 1e-030 1e-030 1e-030 1e-030 1e-030 1e-030 1e-030 1e-030 1e-030 1e-030 1e-030 1e-030 1e-030 1e-030 1e-030 1e-030 1e-030 1e-030 2.74534e-006 1e-030 1e-030 4.18596e-272 0.999997 
1e-030 1 1e-030 1e-030 1e-030 1e-030 1e-030 1e-030 1e-030 1e-030 1e-030 1e-030 1e-030 1e-030 1e-030 1e-030 1e-030 1e-030 1e-030 1e-030 1e-030 1e-030 1e-030 3.7953e-131 1e-030 1e-030 1e-030 1.06536e-089 1e-030 1e-030 5.66743e-011 1.49289e-008 
1e-030 1.43265e-006 1e-030 1e-030 1e-030 1e-030 1e-030 1e-030 1e-030 1e-030 1e-030 1e-030 1e-030 1e-030 1e-030 1e-030 1e-030 1e-030 1e-030 1e-030 1e-030 1e-030 1e-030 1.38604e-247 1e-030 1e-030 1e-030 1e-030 1e-030 1e-030 0.999998 3.25937e-007 
1e-030 3.21577e-125 1e-030 1e-030 1e-030 1e-030 1e-030 1e-030 1e-030 1e-030 1e-030 1e-030 1e-030 1e-030 1e-030 1e-030 1e-030 1e-030 1e-030 1e-030 1e-030 1e-030 1e-030 0.352146 1e-030 1e-030 1e-030 0.058691 0.0146727 1e-030 0.09029 0.4842 
1e-030 1e-030 1e-030 1e-030 1e-030 1e-030 1e-030 1e-030 1e-030 1e-030 1e-030 1e-030 1e-030 1e-030 1e-030 1e-030 1e-030 1e-030 1e-030 1e-030 1e-030 1e-030 1e-030 0.538521 1e-030 1e-030 1e-030 2.00053e-273 1e-030 1e-030 1e-030 0.461479 
1e-030 1e-030 1e-030 1e-030 1e-030 1e-030 1e-030 1e-030 1e-030 1e-030 1e-030 1e-030 1e-030 1e-030 1e-030 1e-030 1e-030 1e-030 1e-030 1e-030 1e-030 1e-030 1e-030 0.000314628 1e-030 1e-030 1e-030 1e-030 1e-030 1e-030 1.3849e-272 0.999685 
1e-030 2.97164e-272 1e-030 1e-030 1e-030 1e-030 1e-030 1e-030 1e-030 1e-030 1e-030 1e-030 1e-030 1e-030 1e-030 1e-030 1e-030 1e-030 1e-030 1e-030 1e-030 1e-030 1e-030 1e-030 1e-030 1e-030 1e-030 1 1e-030 1e-030 1e-030 1e-030 
1e-030 0.264432 1e-030 1e-030 1e-030 1e-030 1e-030 1e-030 1e-030 1e-030 1e-030 1e-030 1e-030 1e-030 1e-030 1e-030 1e-030 1e-030 1e-030 1e-030 1e-030 6.05065e-271 1e-030 9.84611e-066 1e-030 1e-030 1e-030 1e-030 1e-030 1e-030 0.462756 0.272812 
1e-030 1e-030 1e-030 1e-030 1e-030 1e-030 1e-030 1e-030 1e-030 1e-030 1e-030 1e-030 1e-030 0.0578333 1e-030 1e-030 1e-030 1e-030 0.134944 1e-030 1e-030 0.0385555 1e-030 0.192778 1e-030 1e-030 0.0192778 0.0963888 1e-030 1e-030 1.75063e-031 0.460223 
1e-030 3.88307e-127 1e-030 3.93544e-127 1e-030 1e-030 1e-030 1e-030 1e-030 1e-030 1e-030 1e-030 1e-030 1.27273e-179 7.79442e-127 1e-030 1e-030 1e-030 8.05699e-211 1e-030 1e-030 1e-030 1e-030 0.0823279 1e-030 1e-030 1e-030 0.148517 1e-030 1e-030 0.296724 0.472431 
1e-030 1.29233e-162 1e-030 2.57088e-127 1e-030 1e-030 1e-030 1e-030 1e-030 1e-030 1e-030 1e-030 1e-030 5.82568e-216 5.35926e-127 1e-030 1e-030 1e-030 2.16414e-210 1e-030 1e-030 1e-030 1e-030 0.657955 1e-030 1e-030 1e-030 6.88248e-012 1e-030 1e-030 2.38466e-020 0.342045 
1e-030 1.09414e-127 1e-030 1.6791e-038 1e-030 1e-030 1e-030 1e-030 1e-030 1e-030 1e-030 1e-030 1e-030 7.08728e-162 1e-030 1e-030 1e-030 1e-030 1.98663e-214 1e-030 1e-030 1e-030 1e-030 0.235314 1e-030 1e-030 1e-030 0.169596 1e-030 1e-030 1.13406e-254 0.59509 
1e-030 0.249993 1e-030 0.249993 1e-030 1e-030 1e-030 1e-030 1e-030 1e-030 1e-030 1e-030 1e-030 6.81342e-158 0.499986 1e-030 1e-030 1e-030 4.90464e-204 1e-030 1e-030 1e-030 1e-030 1e-030 1e-030 1e-030 1e-030 1e-030 1e-030 1e-030 2.73076e-005 1.4333e-013 
1e-030 1.85388e-058 1e-030 1e-030 1e-030 1e-030 1e-030 1e-030 1e-030 1e-030 1e-030 1e-030 1e-030 0.0196079 1.8909e-307 1e-030 1e-030 1e-030 0.0392158 1e-030 1e-030 1e-030 1e-030 0.37255 1e-030 1e-030 1e-030 1e-030 1e-030 1e-030 0.274508 0.294118 
1e-030 1e-030 1e-030 1e-030 1e-030 1e-030 1e-030 1e-030 1e-030 1e-030 1e-030 1e-030 1e-030 1e-030 1e-030 1e-030 1e-030 1e-030 1e-030 1e-030 1e-030 1e-030 1e-030 1.56897e-025 1e-030 1e-030 1e-030 0.093353 1e-030 1e-030 1e-030 0.906647 
1e-030 1e-030 1e-030 1e-030 1e-030 1e-030 1e-030 1e-030 1e-030 1e-030 1e-030 1e-030 1e-030 1e-030 1e-030 1e-030 1e-030 1e-030 1e-030 1e-030 1e-030 1e-030 1e-030 0.740773 1e-030 1e-030 1e-030 1.15617e-010 1e-030 1e-030 1e-030 0.259227 
1e-030 6.17948e-232 1e-030 1e-030 1e-030 1e-030 1e-030 1e-030 1e-030 1e-030 1e-030 1e-030 1e-030 1e-030 1e-030 1e-030 1e-030 1e-030 1e-030 1e-030 1e-030 1e-030 1e-030 0.397492 1e-030 1e-030 1e-030 0.602507 1e-030 1e-030 1.09265e-008 1.76668e-007 
1e-030 0.57779 1e-030 1e-030 1e-030 1e-030 1e-030 1e-030 1e-030 1e-030 1e-030 1e-030 1e-030 1e-030 1e-030 1e-030 1e-030 1e-030 1e-030 1e-030 1e-030 1e-030 1e-030 1.31123e-013 1e-030 1e-030 1e-030 2.82783e-186 1e-030 1e-030 0.42221 1.43227e-023 
1e-030 2.5339e-076 1e-030 1e-030 1e-030 1e-030 1e-030 1e-030 1e-030 1e-030 1e-030 1e-030 1e-030 1e-030 1e-030 1e-030 1e-030 1e-030 1e-030 1e-030 1e-030 1e-030 0.0174379 0.244131 1e-030 1e-030 1e-030 0.0174379 1e-030 1e-030 0.197856 0.523137 
1e-030 4.14157e-103 1e-030 1e-030 1e-030 1e-030 1e-030 1e-030 1e-030 1e-030 1e-030 1e-030 1e-030 1e-030 1e-030 1e-030 1e-030 1e-030 1e-030 1e-030 1e-030 1e-030 1e-030 1e-030 1e-030 1e-030 1e-030 0.492542 1e-030 1e-030 7.84966e-039 0.507458 
1e-030 7.95692e-043 1e-030 1e-030 1e-030 1e-030 1e-030 1e-030 1e-030 1e-030 1e-030 1e-030 1e-030 1e-030 1e-030 1e-030 1e-030 1e-030 1e-030 1e-030 1e-030 1e-030 1e-030 1e-030 1e-030 1e-030 1e-030 8.99624e-009 1e-030 1e-030 0.168366 0.831634 
1e-030 0.99999 1e-030 1e-030 1e-030 1e-030 1e-030 1e-030 1e-030 1e-030 1e-030 1e-030 1e-030 1e-030 1e-030 1e-030 1e-030 1e-030 1e-030 1e-030 1e-030 1e-030 1e-030 1e-030 1e-030 1e-030 1e-030 1.81365e-200 1e-030 1e-030 9.8727e-006 2.60366e-009 
1e-030 1.38548e-024 1e-030 1e-030 1e-030 1e-030 1e-030 1e-030 1e-030 1e-030 1e-030 1e-030 1e-030 1e-030 1e-030 1e-030 1e-030 1e-030 1e-030 1e-030 1e-030 1e-030 1.40463e-289 1.488e-044 1e-030 1e-030 1e-030 1e-030 1e-030 1e-030 0.463581 0.536419 
1e-030 1.2737e-320 1e-030 1e-030 1e-030 1e-030 1e-030 1e-030 1e-030 1e-030 1e-030 1e-030 1e-030 1e-030 1e-030 1e-030 1e-030 1e-030 1e-030 1e-030 1e-030 1e-030 0.0194131 0.213544 1e-030 1e-030 1e-030 0.0388261 1e-030 1e-030 0.020159 0.708058 
1e-030 7.03492e-242 1e-030 1e-030 1e-030 1e-030 1.4139e-241 4.76853e-280 1e-030 1e-030 1e-030 1e-030 1e-030 4.53328e-138 1e-030 1e-030 1e-030 1e-030 1e-030 1e-030 1e-030 1e-030 1e-030 0.16638 1e-030 1e-030 1e-030 0.555795 1e-030 1e-030 1e-030 0.277825 
1e-030 1.84656e-196 1e-030 1e-030 1e-030 1e-030 2.87343e-138 1.84656e-196 1e-030 1e-030 1e-030 1e-030 1e-030 6.77236e-085 1e-030 1e-030 1e-030 1e-030 1e-030 1e-030 1e-030 1e-030 1e-030 0.999566 1e-030 1e-030 1e-030 0.000364667 1e-030 1e-030 1.81416e-264 6.9056e-005 
1e-030 1.13297e-023 1e-030 1e-030 1e-030 1e-030 0.00929971 2.04954e-188 1e-030 1e-030 1e-030 1e-030 1e-030 0.108551 1e-030 1e-030 1e-030 1e-030 1e-030 1e-030 1e-030 1e-030 1e-030 0.124431 1e-030 1e-030 1e-030 0.216799 1e-030 1e-030 2.25872e-226 0.540919 
1e-030 0.167882 1e-030 1e-030 1.14831e-254 1e-030 0.0767495 0.0839408 1e-030 1e-030 1e-030 1e-030 1e-030 1.64528e-048 1e-030 1e-030 1e-030 1e-030 1e-030 1e-030 1e-030 1e-030 1e-030 2.95246e-019 1e-030 1e-030 1e-030 2.75011e-268 1e-030 1e-030 0.662292 0.00913576 
1e-030 3.35901e-115 1e-030 1e-030 0.0204006 1e-030 2.99109e-281 4.37962e-144 1e-030 1e-030 1e-030 1e-030 1e-030 3.24616e-310 1e-030 1e-030 1e-030 1e-030 1e-030 1e-030 1e-030 0.0204006 1e-030 0.32641 0.0204006 1e-030 1e-030 1e-030 1e-030 1e-030 0.104247 0.508141 
1e-030 2.49928e-220 1e-030 1e-030 1e-030 1e-030 1e-030 1e-030 1e-030 1e-030 1e-030 1e-030 1e-030 1e-030 1e-030 1e-030 1e-030 1e-030 1e-030 1e-030 1e-030 1e-030 1e-030 0.627229 1e-030 1e-030 1e-030 0.272358 1e-030 1e-030 1.38146e-078 0.100414 
1e-030 5.69047e-196 1e-030 1e-030 1e-030 1e-030 1e-030 1e-030 1e-030 1e-030 1e-030 1e-030 1e-030 1e-030 1e-030 1e-030 1e-030 1e-030 1e-030 1e-030 1e-030 1e-030 1e-030 0.0680909 1e-030 1e-030 1e-030 1.2459e-040 1e-030 1e-030 7.89311e-023 0.931909 
1e-030 6.80878e-017 1e-030 1e-030 1e-030 1e-030 1e-030 1e-030 1e-030 1e-030 1e-030 1e-030 1e-030 1e-030 1e-030 1e-030 1e-030 1e-030 1e-030 1e-030 1e-030 1e-030 1e-030 1.32605e-030 1e-030 1e-030 1e-030 9.33966e-296 1e-030 1e-030 0.376588 0.623412 
1e-030 0.124899 1e-030 1e-030 1e-030 1e-030 1e-030 1e-030 1e-030 1e-030 1e-030 1e-030 1e-030 9.87555e-296 1e-030 1e-030 1e-030 1e-030 1e-030 1e-030 1.93741e-268 1e-030 1e-030 2.05752e-170 1e-030 1e-030 1e-030 1.69596e-065 1e-030 1e-030 0.794478 0.0806222 
1e-030 2.91244e-150 1e-030 1e-030 1e-030 1e-030 1e-030 1e-030 1e-030 1e-030 1e-030 1e-030 1e-030 0.0254698 1e-030 1e-030 1e-030 1e-030 1e-030 1e-030 0.0254698 1e-030 1e-030 0.0254698 1e-030 1e-030 1e-030 0.0254698 1e-030 1e-030 0.337901 0.560219 
1e-030 1e-030 1e-030 1e-030 1e-030 1e-030 1e-030 1e-030 1e-030 1e-030 1e-030 1e-030 1e-030 1e-030 1e-030 1e-030 1e-030 1e-030 1e-030 1e-030 1e-030 1e-030 1e-030 0.544978 1e-030 1e-030 1e-030 0.455022 1e-030 1e-030 4.69694e-218 9.4332e-017 
1e-030 1e-030 1e-030 1e-030 1e-030 1e-030 1e-030 1e-030 1e-030 1e-030 1e-030 1e-030 1e-030 1e-030 1e-030 1e-030 1e-030 1e-030 1e-030 1e-030 1e-030 1e-030 1e-030 1.57696e-121 1e-030 1e-030 1e-030 0.0424808 1e-030 1e-030 0.145849 0.81167 
1e-030 1e-030 1e-030 1e-030 1e-030 1e-030 1e-030 1e-030 1e-030 1e-030 1e-030 1e-030 1e-030 1e-030 1e-030 1e-030 1e-030 1e-030 1e-030 1e-030 1e-030 1e-030 1e-030 1e-030 1e-030 1e-030 1e-030 3.63134e-049 1e-030 1e-030 2.77735e-006 0.999997 
1e-030 1e-030 1e-030 1e-030 1e-030 1e-030 1e-030 1e-030 1e-030 1e-030 1e-030 1e-030 1e-030 1e-030 1e-030 1e-030 1e-030 1e-030 1e-030 1e-030 1e-030 1e-030 1e-030 1e-030 1e-030 1e-030 1e-030 6.81407e-160 1e-030 1e-030 1 4.06505e-015 
1e-030 1e-030 1e-030 1e-030 1e-030 1e-030 1e-030 1e-030 1e-030 1e-030 1e-030 1e-030 1e-030 1e-030 1e-030 1e-030 1e-030 1e-030 1e-030 1e-030 1e-030 1e-030 1e-030 0.0851064 1e-030 1e-030 1e-030 0.0212766 1e-030 1e-030 2.69481e-051 0.893617 
1e-030 1e-030 1e-030 1e-030 1e-030 1e-030 1e-030 1e-030 1e-030 1e-030 1e-030 1e-030 1e-030 1.2625e-106 1.2625e-106 1e-030 1e-030 1e-030 6.59002e-140 1e-030 1e-030 1e-030 1e-030 2.98607e-005 1e-030 1e-030 1e-030 1.25414e-020 1e-030 1e-030 0.138009 0.861961 
1e-030 1e-030 1e-030 1e-030 1e-030 1e-030 1e-030 1e-030 1e-030 1e-030 1e-030 1e-030 1e-030 9.32969e-189 2.73602e-034 1e-030 1e-030 1e-030 1.24562e-294 1e-030 1e-030 1e-030 1e-030 0.135622 1e-030 1e-030 1e-030 0.203477 1e-030 1e-030 8.30149e-005 0.660818 
1e-030 1e-030 1e-030 1e-030 1e-030 1e-030 1e-030 1e-030 1e-030 1e-030 1e-030 1e-030 1e-030 0.212004 0.212004 1e-030 1e-030 1e-030 2.41467e-230 1e-030 1e-030 1e-030 1e-030 7.11887e-084 1e-030 1e-030 1e-030 1.49683e-013 1e-030 1e-030 3.60857e-006 0.575988 
1e-030 1e-030 1e-030 1e-030 1e-030 1e-030 1e-030 1e-030 1e-030 1e-030 1e-030 1e-030 1e-030 2.36819e-034 3.89337e-143 1e-030 1e-030 1e-030 2.6322e-135 1e-030 1e-030 1e-030 1e-030 4.02361e-074 1e-030 1e-030 1e-030 1e-030 1e-030 1e-030 0.977916 0.0220837 
1e-030 1e-030 1e-030 1e-030 1e-030 1e-030 1e-030 1e-030 1e-030 1e-030 1e-030 1e-030 1e-030 1e-030 1e-030 1e-030 1e-030 1e-030 0.0212919 1e-030 1e-030 1e-030 1e-030 0.10646 1e-030 1e-030 1e-030 0.10646 1e-030 1e-030 5.52646e-011 0.765789 
1e-030 1e-030 1e-030 1e-030 1e-030 1e-030 1e-030 1e-030 1e-030 1e-030 1e-030 1e-030 1e-030 1e-030 1e-030 1e-030 1e-030 1e-030 5.63133e-233 1e-030 1e-030 1e-030 1e-030 0.0814132 1e-030 1e-030 1.30707e-248 7.85363e-086 1e-030 1e-030 0.0540153 0.864571 
1e-030 1e-030 1e-030 1e-030 1e-030 1e-030 1e-030 1e-030 1e-030 1e-030 1e-030 1e-030 1e-030 1e-030 1e-030 1e-030 1e-030 1e-030 1.15184e-231 1e-030 1e-030 1e-030 1e-030 0.423456 1e-030 1e-030 2.80054e-259 0.439184 1e-030 1e-030 0.13736 3.55291e-016 
1e-030 1e-030 1e-030 1e-030 1e-030 1e-030 1e-030 1e-030 1e-030 1e-030 1e-030 1e-030 1e-030 1e-030 1e-030 1e-030 1e-030 1e-030 2.20137e-231 1e-030 1e-030 1e-030 1e-030 3.84104e-150 1e-030 1e-030 9.98058e-259 9.36668e-015 1e-030 1e-030 1.64161e-021 1 
1e-030 1e-030 1e-030 1e-030 1e-030 1e-030 1e-030 1e-030 1e-030 1e-030 1e-030 1e-030 1e-030 1e-030 1e-030 1e-030 1e-030 1e-030 1e-030 1e-030 1e-030 1e-030 1e-030 5.99732e-150 1e-030 1e-030 4.96925e-254 2.49316e-178 1e-030 1e-030 0.999999 7.68329e-007 
1e-030 1e-030 1e-030 1e-030 1e-030 1e-030 1e-030 1e-030 1e-030 1e-030 1e-030 1e-030 1e-030 1e-030 1e-030 1e-030 1e-030 1e-030 0.0416294 1e-030 1e-030 1e-030 1e-030 0.187334 1e-030 1e-030 0.0208147 0.0416312 1e-030 1e-030 0.0217008 0.68689 
1e-030 4.09116e-256 1e-030 1e-030 1e-030 1e-030 1e-030 1e-030 1e-030 1e-030 1e-030 1e-030 1e-030 1e-030 4.64233e-247 1e-030 1e-030 1e-030 1e-030 1e-030 1e-030 1e-030 1e-030 0.352838 1e-030 1e-030 1e-030 0.647161 1e-030 1e-030 1.20108e-167 1.05639e-006 
1e-030 7.49823e-248 1e-030 1e-030 1e-030 1e-030 1e-030 1e-030 1e-030 1e-030 1e-030 1e-030 1e-030 1e-030 9.69982e-169 1e-030 1e-030 1e-030 1e-030 1e-030 1e-030 1e-030 1e-030 0.249681 1e-030 1e-030 1e-030 0.0664408 1e-030 1e-030 2.48589e-196 0.683878 
1e-030 4.83017e-197 1e-030 1e-030 1e-030 1e-030 1e-030 1e-030 1e-030 1e-030 1e-030 1e-030 1e-030 1e-030 2.16185e-275 1e-030 1e-030 1e-030 1e-030 1e-030 1e-030 1e-030 1e-030 1 1e-030 1e-030 1e-030 1.59785e-132 1e-030 1e-030 3.97056e-010 9.0144e-018 
1e-030 0.0869937 1e-030 1e-030 1e-030 1e-030 1e-030 1e-030 1e-030 1e-030 1e-030 1e-030 1e-030 1e-030 0.0434969 1e-030 1e-030 1e-030 1e-030 1e-030 1e-030 1e-030 1e-030 4.72643e-030 1e-030 1e-030 1e-030 1e-030 1e-030 1e-030 0.600759 0.26875 
1e-030 7.05822e-320 1e-030 1e-030 1e-030 1e-030 1e-030 1e-030 1e-030 1e-030 1e-030 1e-030 1e-030 1e-030 1e-030 1e-030 1e-030 1e-030 1e-030 1e-030 1e-030 1e-030 1e-030 0.399902 1e-030 1e-030 1e-030 0.0999754 1e-030 1e-030 0.0546976 0.445425 
1e-030 1e-030 1e-030 1e-030 1e-030 1e-030 1e-030 1.44545e-102 1e-030 1e-030 1e-030 1e-030 1e-030 1e-030 1e-030 1e-030 1e-030 1e-030 1e-030 1e-030 1e-030 1e-030 1e-030 0.0859469 1e-030 1e-030 1e-030 0.192084 1e-030 1e-030 0.0278704 0.694099 
1e-030 1e-030 1e-030 1e-030 1e-030 1e-030 1e-030 1.53602e-070 1e-030 1e-030 1e-030 1e-030 1e-030 1e-030 1e-030 1e-030 1e-030 1e-030 1e-030 1e-030 1e-030 1e-030 1e-030 0.056585 1e-030 1e-030 1e-030 0.068428 1e-030 1e-030 2.93552e-005 0.874958 
1e-030 1e-030 1e-030 1e-030 1e-030 1e-030 1e-030 2.28859e-033 1e-030 1e-030 1e-030 1e-030 1e-030 1e-030 1e-030 1e-030 1e-030 1e-030 1e-030 1e-030 1e-030 1e-030 1e-030 1.03924e-005 1e-030 1e-030 1e-030 4.15553e-032 1e-030 1e-030 0.390709 0.609281 
1e-030 1e-030 1e-030 1e-030 1e-030 1e-030 1e-030 0.0810787 1e-030 1e-030 1e-030 1e-030 1e-030 1e-030 1e-030 1e-030 1e-030 1e-030 1e-030 1e-030 1e-030 1e-030 1e-030 1.62872e-008 1e-030 1e-030 1e-030 7.49463e-246 1e-030 1e-030 0.918801 0.000120148 
1e-030 1e-030 1e-030 1e-030 1e-030 1e-030 1e-030 4.38419e-056 1e-030 1e-030 1e-030 1e-030 1e-030 1e-030 1e-030 1e-030 1e-030 1e-030 1e-030 1e-030 1e-030 1e-030 1e-030 0.286848 1e-030 1e-030 1e-030 2.47033e-323 1e-030 1e-030 0.254196 0.458956 
1e-030 4.27482e-280 1e-030 1e-030 1e-030 1e-030 7.86571e-212 1e-030 1e-030 1e-030 1e-030 1e-030 1e-030 1e-030 1e-030 1e-030 1e-030 1e-030 1e-030 1e-030 1e-030 1e-030 1e-030 0.318799 1e-030 1e-030 1e-030 0.268018 1e-030 1e-030 0.0857624 0.327421 
1e-030 1.94639e-155 1e-030 1e-030 1e-030 1e-030 7.48716e-125 1e-030 1e-030 1e-030 1e-030 1e-030 1e-030 1e-030 1e-030 1e-030 1e-030 1e-030 1e-030 1e-030 1e-030 1e-030 1e-030 0.230673 1e-030 1e-030 1e-030 0.28522 1e-030 1e-030 3.1969e-023 0.484106 
1e-030 3.82233e-122 1e-030 1e-030 1e-030 1e-030 2.37386e-062 1e-030 1e-030 1e-030 1e-030 1e-030 1e-030 1e-030 1e-030 1e-030 1e-030 1e-030 1e-030 1e-030 1e-030 1e-030 1e-030 0.869622 1e-030 1e-030 1e-030 5.0018e-006 1e-030 1e-030 9.67427e-017 0.130373 
1e-030 0.0500201 1e-030 1e-030 1e-030 1e-030 0.0500201 1e-030 1e-030 1e-030 1e-030 1e-030 1e-030 1e-030 1e-030 2.63865e-178 1e-030 1e-030 1e-030 1e-030 1e-030 3.22018e-207 1e-030 0.0563968 1e-030 1e-030 1.08107e-149 4.52576e-134 1e-030 1e-030 0.700282 0.143281 
1e-030 1e-030 1e-030 1e-030 1e-030 1e-030 1e-030 1e-030 1e-030 1e-030 1e-030 1e-030 1e-030 1e-030 1e-030 0.0389212 1e-030 1e-030 1e-030 1e-030 1e-030 0.0778424 1e-030 0.230753 1e-030 1e-030 0.0389212 0.0389212 1e-030 1e-030 3.81306e-039 0.574641 
1e-030 1e-030 1e-030 1e-030 1e-030 1e-030 1e-030 1e-030 1e-030 1e-030 1e-030 1e-030 1e-030 8.71038e-321 1e-030 1e-030 1e-030 1e-030 1e-030 1e-030 1e-030 1e-030 1e-030 0.2071 1e-030 1e-030 1e-030 0.564091 1e-030 1e-030 7.10726e-034 0.228809 
1e-030 1e-030 1e-030 1e-030 1e-030 1e-030 1e-030 1e-030 1e-030 1e-030 1e-030 1e-030 1e-030 2.65088e-125 1e-030 1e-030 1e-030 1e-030 1e-030 1e-030 1e-030 1e-030 1e-030 1.20227e-014 1e-030 1e-030 1e-030 0.119022 1e-030 1e-030 0.0565429 0.824436 
1e-030 1e-030 1e-030 1e-030 1e-030 1e-030 1e-030 1e-030 1e-030 1e-030 1e-030 1e-030 1e-030 1 1e-030 1e-030 1e-030 1e-030 1e-030 1e-030 1e-030 1e-030 1e-030 1.17799e-300 1e-030 1e-030 1e-030 6.87092e-307 1e-030 1.45503e-205 3.48169e-072 4.15342e-071 
1e-030 1e-030 1e-030 1e-030 1e-030 1e-030 1e-030 1e-030 1e-030 1e-030 1e-030 1e-030 1e-030 7.25513e-095 1e-030 1e-030 1e-030 1e-030 1e-030 1e-030 1e-030 1e-030 1e-030 1e-030 1e-030 1e-030 1e-030 4.01459e-142 1e-030 5.38617e-022 0.684211 0.315789 
1e-030 1e-030 1e-030 1e-030 1e-030 1e-030 1e-030 1e-030 1e-030 1e-030 1e-030 1e-030 1e-030 0.0357143 1e-030 1e-030 1e-030 1e-030 1e-030 1e-030 0.0357143 1e-030 1e-030 0.142857 1e-030 1e-030 0.0357143 0.0357143 0.0357143 0.0357143 3.32925e-012 0.642857 
1e-030 1e-030 1e-030 1e-030 5.01702e-142 1e-030 1e-030 1e-030 1e-030 1e-030 1e-030 1e-030 1e-030 6.69745e-311 1e-030 1e-030 1e-030 1e-030 1e-030 1e-030 1e-030 1e-030 1e-030 3.32059e-140 1e-030 1e-030 1e-030 2.05149e-028 1e-030 1e-030 1.49036e-085 1 
1e-030 1e-030 1e-030 1e-030 5.27008e-205 1e-030 1e-030 1e-030 1e-030 1e-030 1e-030 1e-030 1e-030 7.50553e-310 1e-030 1e-030 1e-030 1e-030 1e-030 1e-030 1e-030 1e-030 1e-030 0.0472707 1e-030 1e-030 1e-030 0.695174 1e-030 1e-030 0.257555 2.53192e-027 
1e-030 1e-030 1e-030 1e-030 0.0496768 1e-030 1e-030 1e-030 1e-030 1e-030 1e-030 1e-030 1e-030 0.0496768 1e-030 1e-030 1e-030 1e-030 1e-030 1e-030 1e-030 1e-030 1e-030 0.142441 1e-030 1e-030 1e-030 0.101802 1e-030 1e-030 0.0673981 0.589005 
1e-030 1e-030 1e-030 1e-030 1e-030 1e-030 1e-030 1e-030 1e-030 1e-030 1e-030 1e-030 1e-030 3.7749e-063 1e-030 1e-030 1e-030 1e-030 1e-030 1e-030 1e-030 1e-030 1e-030 2.60351e-100 1e-030 1e-030 1e-030 7.81721e-211 1e-030 1e-030 0.88713 0.11287 
1e-030 1e-030 1e-030 1e-030 1e-030 1e-030 1e-030 1e-030 1e-030 1e-030 1e-030 1e-030 1e-030 3.64552e-265 1e-030 1e-030 1e-030 1e-030 1e-030 1e-030 1e-030 1e-030 1e-030 0.223413 1e-030 1e-030 1e-030 0.0670238 1e-030 1e-030 0.0224684 0.687095 
1e-030 1e-030 1e-030 1e-030 1e-030 1e-030 1e-030 1e-030 1e-030 1e-030 1e-030 1e-030 1e-030 1e-030 1e-030 1e-030 1e-030 1e-030 1e-030 1e-030 1e-030 1e-030 1e-030 1.12344e-122 1e-030 1e-030 1e-030 1 1e-030 1e-030 1e-030 4.98591e-032 
1e-030 1e-030 1e-030 1e-030 1e-030 1e-030 1e-030 1e-030 1e-030 1e-030 1e-030 1e-030 1e-030 1e-030 1e-030 1e-030 1e-030 1e-030 1e-030 1e-030 1e-030 1e-030 1e-030 0.0753385 1e-030 1e-030 1e-030 0.171277 1e-030 1e-030 1.81212e-163 0.753384 
1e-030 1e-030 1e-030 1e-030 1e-030 1e-030 1e-030 1e-030 1e-030 1e-030 1e-030 1e-030 1e-030 1e-030 1e-030 1e-030 1e-030 1e-030 1e-030 1e-030 1e-030 1e-030 1e-030 0.999999 1e-030 1e-030 1e-030 1.18455e-172 1e-030 1e-030 6.48952e-034 8.0214e-007 
1e-030 1e-030 1e-030 1e-030 1e-030 1e-030 1e-030 1e-030 1e-030 1e-030 1e-030 1e-030 1e-030 1e-030 1e-030 1e-030 1e-030 1e-030 1e-030 1e-030 1e-030 1e-030 1e-030 7.33726e-031 1e-030 1e-030 1e-030 9.92521e-171 1e-030 1e-030 0.617085 0.382915 
1e-030 1e-030 1e-030 1e-030 1e-030 1e-030 1e-030 1e-030 1e-030 1e-030 1e-030 1e-030 1e-030 1e-030 1e-030 1e-030 1e-030 1e-030 1e-030 1e-030 1e-030 1e-030 1e-030 0.259387 1e-030 1e-030 0.0172924 0.121047 1e-030 1e-030 0.0364245 0.565849 
1e-030 1e-030 1e-030 1e-030 1e-030 1e-030 1e-030 1e-030 1e-030 1e-030 1e-030 1e-030 1e-030 1e-030 1e-030 1e-030 1e-030 1e-030 1e-030 1e-030 1e-030 1e-030 1e-030 2.30288e-055 1e-030 1e-030 1e-030 0.618108 1e-030 1e-030 4.4415e-007 0.381891 
1e-030 1e-030 1e-030 1e-030 1e-030 1e-030 1e-030 1e-030 1e-030 1e-030 1e-030 1e-030 1e-030 1e-030 1e-030 1e-030 1e-030 1e-030 1.02868e-149 1e-030 1e-030 1e-030 1e-030 0.174136 1e-030 1e-030 1e-030 0.121954 1e-030 1e-030 0.0906095 0.6133 
1e-030 1e-030 1e-030 1e-030 1e-030 1e-030 1e-030 1e-030 1e-030 1e-030 1e-030 1e-030 1e-030 1.58359e-246 1e-030 1e-030 1e-030 1e-030 8.05815e-176 1e-030 1e-030 1e-030 1e-030 0.111261 1e-030 1e-030 1e-030 3.48299e-010 1e-030 1e-030 1.65146e-018 0.888738 
1e-030 1e-030 1e-030 1e-030 1e-030 1e-030 1e-030 1e-030 1e-030 1e-030 1e-030 1e-030 1e-030 7.90509e-150 1e-030 1e-030 1e-030 1e-030 9.27934e-164 1e-030 1e-030 1e-030 1e-030 6.31848e-010 1e-030 1e-030 1e-030 1.94803e-282 1e-030 1e-030 0.765938 0.234062 
1e-030 1e-030 1e-030 1e-030 1e-030 1e-030 1e-030 1e-030 1e-030 1e-030 1e-030 1e-030 1e-030 0.0681818 1e-030 1e-030 1e-030 1e-030 0.0227273 1e-030 1e-030 1e-030 1e-030 0.272727 1e-030 1e-030 1e-030 0.0681818 1e-030 0.0227273 1.13575e-018 0.545455 
1e-030 1e-030 1e-030 1e-030 1e-030 1e-030 4.0595e-176 1e-030 1e-030 1e-030 1e-030 1e-030 1e-030 1e-030 1e-030 1e-030 1e-030 1e-030 1e-030 1e-030 1e-030 1e-030 1e-030 0.244444 1e-030 1e-030 1.20415e-217 0.0888889 1e-030 0.0222222 0.0888889 0.555556 
1e-030 1e-030 1e-030 1e-030 1e-030 1e-030 1.92745e-050 1e-030 1e-030 1e-030 1e-030 1e-030 1e-030 1e-030 1e-030 1e-030 1e-030 1e-030 1e-030 1e-030 1e-030 1e-030 1e-030 1e-030 1e-030 1e-030 1e-030 1e-030 1e-030 7.25807e-253 1 9.15375e-010 
1e-030 1e-030 1e-030 1e-030 1e-030 1e-030 0.333333 1e-030 1e-030 1e-030 1e-030 1e-030 1e-030 1e-030 1e-030 1e-030 1e-030 1e-030 1e-030 1e-030 1e-030 1e-030 1e-030 1e-030 1e-030 1e-030 1e-030 1e-030 1e-030 6.0654e-168 1.09966e-020 0.666667 
1e-030 1e-030 1e-030 1e-030 1e-030 1e-030 3.46962e-007 1e-030 1e-030 1e-030 1e-030 1e-030 1e-030 1e-030 1e-030 1e-030 1e-030 1e-030 1e-030 1e-030 1e-030 1e-030 1e-030 6.73713e-044 1e-030 1e-030 2.28788e-279 1e-030 1e-030 7.26198e-179 0.77995 0.220049 
1e-030 1e-030 1e-030 1e-030 1e-030 1e-030 1e-030 1e-030 1e-030 1e-030 1e-030 1e-030 1e-030 1e-030 1e-030 1e-030 1e-030 1e-030 1e-030 1e-030 1e-030 1e-030 1e-030 0.490581 1e-030 1e-030 0.0817635 1e-030 1e-030 1e-030 3.74133e-036 0.427656 
1e-030 1e-030 1e-030 1e-030 1e-030 1e-030 1e-030 1e-030 1e-030 1e-030 1e-030 1e-030 1e-030 1.04241e-061 1e-030 1e-030 1e-030 1e-030 1e-030 1e-030 1e-030 1e-030 2.00989e-127 0.019241 1e-030 1e-030 1e-030 0.0894814 1e-030 1e-030 0.0750755 0.816202 
1e-030 1e-030 1e-030 1e-030 1e-030 1e-030 1e-030 1e-030 1e-030 1e-030 1e-030 1e-030 1e-030 1.42914e-050 1e-030 1e-030 1e-030 1e-030 1e-030 1e-030 1e-030 1e-030 6.92895e-112 0.0530313 1e-030 1e-030 1e-030 0.0693518 1e-030 1e-030 0.0546586 0.822958 
1e-030 1e-030 1e-030 1e-030 1e-030 1e-030 1e-030 1e-030 1e-030 1e-030 1e-030 1e-030 1e-030 2.95796e-019 1e-030 1e-030 1e-030 1e-030 1e-030 1e-030 1e-030 1e-030 6.93316e-054 2.09962e-005 1e-030 1e-030 1.85028e-216 2.65379e-008 1e-030 1e-030 0.122533 0.877446 
1e-030 1e-030 1e-030 1e-030 1e-030 1e-030 1e-030 1e-030 1e-030 1e-030 1e-030 1e-030 1e-030 7.71071e-049 1e-030 1e-030 1e-030 1e-030 1e-030 1e-030 1e-030 1e-030 3.22215e-054 0.000211767 1e-030 1e-030 6.12375e-122 9.38697e-018 1e-030 1e-030 0.784888 0.2149 
1e-030 1e-030 1e-030 1e-030 1e-030 1e-030 1e-030 1e-030 1e-030 1e-030 1e-030 1e-030 1e-030 0.0208618 1e-030 1e-030 1e-030 1e-030 1e-030 1e-030 1e-030 1e-030 0.0208618 0.312888 1e-030 1e-030 0.0417236 0.0417236 1e-030 0.0208618 0.0231266 0.517953 
1e-030 1e-030 1e-030 1e-030 1e-030 1e-030 1e-030 1e-030 1e-030 1e-030 1e-030 1e-030 1e-030 1e-030 1e-030 1e-030 1e-030 1e-030 1e-030 1e-030 1e-030 1e-030 1e-030 2.22446e-009 1e-030 1e-030 1e-030 1e-030 9.3491e-185 1e-030 1e-030 1 
1e-030 1e-030 1e-030 1e-030 1e-030 1e-030 1e-030 1e-030 1e-030 1e-030 1e-030 1e-030 1e-030 1e-030 1e-030 1e-030 1e-030 1e-030 1e-030 1e-030 1e-030 1e-030 1e-030 0.421416 1e-030 1e-030 1e-030 8.31564e-007 0.140472 1e-030 1.8634e-220 0.438111 
1e-030 1e-030 1e-030 1e-030 1e-030 1e-030 1e-030 1e-030 1e-030 1e-030 1e-030 1e-030 1e-030 1e-030 1e-030 1e-030 1e-030 1e-030 1e-030 1e-030 1e-030 1e-030 1e-030 2.85779e-054 1e-030 1e-030 1e-030 0.121538 8.24558e-237 1e-030 0.0655697 0.812892 
1e-030 1e-030 1e-030 1e-030 1e-030 1e-030 1e-030 1e-030 1e-030 1e-030 1e-030 1e-030 1e-030 1e-030 1e-030 1e-030 1e-030 1e-030 3.69033e-076 1e-030 1e-030 1e-030 1e-030 0.126771 1e-030 1e-030 1e-030 1.88877e-172 1e-030 1e-030 0.686744 0.186485 
1e-030 1e-030 1e-030 1e-030 1e-030 1e-030 1e-030 1e-030 1e-030 1e-030 1e-030 1e-030 1e-030 1e-030 1e-030 1e-030 1e-030 1e-030 0.0651533 1e-030 1e-030 1e-030 1e-030 0.191939 1e-030 1e-030 1e-030 5.69707e-257 1e-030 1e-030 0.0678894 0.675018 
1e-030 1e-030 1e-030 1e-030 1e-030 1e-030 1e-030 1e-030 1e-030 1e-030 1e-030 1e-030 1e-030 1e-030 6.23225e-151 1e-030 1e-030 1e-030 1e-030 1e-030 1e-030 1e-030 1e-030 0.0991243 1e-030 1e-030 1e-030 0.107881 1e-030 1e-030 0.0495622 0.743433 
1e-030 1e-030 1e-030 1e-030 1e-030 1e-030 1e-030 1e-030 1e-030 1e-030 1e-030 1e-030 1e-030 1e-030 1.27189e-151 1e-030 1e-030 1e-030 1e-030 1e-030 1e-030 1e-030 1e-030 9.10648e-014 1e-030 1e-030 1e-030 1 1e-030 1e-030 1.53673e-272 9.6835e-019 
1e-030 1e-030 1e-030 1e-030 1e-030 1e-030 1e-030 1e-030 1e-030 1e-030 1e-030 1e-030 1e-030 1e-030 1.10379e-006 1e-030 1e-030 1e-030 1e-030 1e-030 1e-030 1e-030 1e-030 0.714285 1e-030 1e-030 1e-030 5.54297e-037 1e-030 1e-030 1.01837e-118 0.285714 
1e-030 1e-030 1e-030 1e-030 1e-030 1e-030 1e-030 1e-030 1e-030 1e-030 1e-030 1e-030 1e-030 1e-030 0.105459 1e-030 1e-030 1e-030 1e-030 1e-030 1e-030 1e-030 1e-030 6.75903e-031 1e-030 1e-030 1.07886e-240 3.04514e-221 1e-030 1e-030 0.894541 5.96647e-033 
1e-030 1e-030 1e-030 1e-030 1e-030 1e-030 1e-030 1e-030 1e-030 1e-030 1e-030 1e-030 1e-030 0.025962 6.97589e-098 1e-030 1e-030 1e-030 0.0519241 1e-030 1e-030 1e-030 1e-030 0.0519241 1e-030 1e-030 0.0519241 1e-030 1e-030 1e-030 0.273063 0.545203 
1e-030 1e-030 1e-030 1e-030 1e-030 1e-030 1e-030 1e-030 1e-030 1e-030 1e-030 1e-030 1e-030 1e-030 1e-030 1e-030 1e-030 1e-030 1e-030 1e-030 1e-030 1e-030 1e-030 1e-030 1e-030 1e-030 1e-030 1e-030 1e-030 1e-030 1 1e-030 
1e-030 1e-030 1e-030 1e-030 1e-030 1e-030 7.72981e-037 1e-030 1e-030 1e-030 1e-030 1e-030 1e-030 1e-030 1.11234e-099 1e-030 1e-030 1e-030 1e-030 1e-030 1e-030 1e-030 1e-030 0.175681 1e-030 1e-030 2.16286e-069 0.175681 1e-030 1e-030 0.0439202 0.604718 
1e-030 1e-030 1e-030 1e-030 1e-030 1e-030 7.159e-006 1e-030 1e-030 1e-030 1e-030 1e-030 1e-030 1e-030 3.53375e-100 1e-030 1e-030 1e-030 1e-030 1e-030 1e-030 1e-030 1e-030 7.93396e-028 1e-030 1e-030 4.0224e-068 1e-030 1e-030 1e-030 4.21539e-196 0.999993 
1e-030 1e-030 1e-030 1e-030 1e-030 1e-030 0.225168 1e-030 1e-030 1e-030 1e-030 1e-030 1e-030 1e-030 2.6279e-098 1e-030 1e-030 1e-030 1e-030 1e-030 1e-030 1e-030 1e-030 5.9587e-135 1e-030 1e-030 2.49176e-069 1e-030 1e-030 1e-030 0.774779 5.29731e-005 
1e-030 1e-030 1e-030 1e-030 1e-030 1e-030 1.43079e-250 1e-030 1e-030 1e-030 1e-030 1e-030 1e-030 1e-030 0.0193952 1e-030 1e-030 1e-030 1e-030 1e-030 1e-030 1e-030 1e-030 0.116371 1e-030 1e-030 0.0193952 1.61458e-304 1e-030 1e-030 0.224194 0.620644 
1e-030 1e-030 1e-030 1e-030 1e-030 1e-030 1e-030 1e-030 1e-030 1e-030 1e-030 1e-030 1e-030 1e-030 1e-030 1e-030 1e-030 1e-030 1e-030 1e-030 1e-030 1e-030 1e-030 6.50652e-010 1e-030 1e-030 1e-030 9.36061e-257 1e-030 1e-030 1.85618e-055 1 
1e-030 1e-030 1e-030 1e-030 1e-030 1e-030 1e-030 1e-030 1e-030 1e-030 1e-030 1e-030 1e-030 1e-030 1e-030 1e-030 1e-030 1e-030 1e-030 1e-030 1e-030 1e-030 1e-030 0.211307 1e-030 1e-030 1.56586e-313 0.105912 1e-030 1e-030 0.063569 0.619212 
1e-030 1e-030 1e-030 1e-030 1e-030 1e-030 1e-030 1e-030 1e-030 1e-030 1e-030 1e-030 1e-030 1e-030 1e-030 1e-030 1e-030 1e-030 1e-030 1e-030 1e-030 1e-030 1e-030 0.00319026 1e-030 1e-030 3.80489e-241 6.42311e-005 1e-030 3.80489e-241 0.636404 0.360341 
1e-030 1e-030 1e-030 1e-030 1e-030 1e-030 1e-030 1e-030 1e-030 1e-030 1e-030 1e-030 1e-030 8.97915e-242 1e-030 1e-030 1e-030 1e-030 1e-030 1e-030 1e-030 1e-030 1e-030 0.218629 1e-030 1e-030 4.80452e-192 7.12194e-057 1e-030 6.5086e-249 0.781368 3.86135e-006 
1e-030 1e-030 1e-030 1e-030 1e-030 1e-030 1e-030 1e-030 1e-030 1e-030 1e-030 1e-030 1e-030 0.0231603 1e-030 0.0231603 1e-030 1e-030 1e-030 1e-030 1e-030 1e-030 1e-030 0.348109 0.0231603 1e-030 0.0231603 0.0231603 1e-030 0.0231603 0.096045 0.416884 
1e-030 3.89953e-312 1e-030 1e-030 1e-030 1e-030 1e-030 1e-030 1e-030 1e-030 1e-030 1e-030 1e-030 3.01816e-288 1e-030 1e-030 1e-030 1e-030 1e-030 1e-030 1e-030 1e-030 1e-030 1e-030 1e-030 1e-030 1e-030 0.272198 1e-030 0.158118 1.78614e-008 0.569684 
1e-030 2.80361e-216 1e-030 1e-030 1e-030 1e-030 1e-030 1e-030 1e-030 1e-030 1e-030 1e-030 1e-030 2.80361e-216 1e-030 1e-030 1e-030 1e-030 1e-030 1e-030 1e-030 1e-030 1e-030 2.22905e-260 1e-030 1e-030 1e-030 0.0815608 1e-030 6.64352e-037 0.0637933 0.854646 
1e-030 4.26706e-302 1e-030 1e-030 1e-030 1e-030 1e-030 1e-030 1e-030 1e-030 1e-030 1e-030 1e-030 1 1e-030 1e-030 1e-030 1e-030 1e-030 1e-030 1e-030 1e-030 1e-030 4.39484e-215 1e-030 1e-030 1e-030 1e-030 1e-030 1e-030 3.68357e-244 3.39966e-243 
1e-030 0.130207 1e-030 1e-030 1e-030 1e-030 1e-030 1e-030 1e-030 1e-030 1e-030 1e-030 1e-030 7.14561e-282 1e-030 1e-030 1e-030 1e-030 1e-030 1e-030 1e-030 1e-030 1e-030 8.65032e-018 1e-030 1e-030 1e-030 1e-030 1e-030 1e-030 0.748385 0.121408 
1e-030 8.99901e-060 1e-030 1e-030 1e-030 1e-030 1e-030 1e-030 1e-030 1e-030 1e-030 1e-030 1e-030 1e-030 1e-030 1e-030 1e-030 1e-030 1e-030 1e-030 1e-030 1e-030 1e-030 0.368189 1e-030 1e-030 0.0184095 0.0736378 1e-030 1e-030 0.0414644 0.498299 
1e-030 4.51665e-225 1e-030 1e-030 1e-030 1e-030 1e-030 1e-030 1e-030 1e-030 1e-030 1e-030 1e-030 1e-030 1e-030 1e-030 1e-030 1e-030 1e-030 1e-030 1e-030 1e-030 1e-030 0.274022 1e-030 1e-030 1e-030 0.725977 1e-030 1e-030 4.01796e-224 5.42222e-007 
1e-030 7.51703e-225 1e-030 1e-030 1e-030 1e-030 1e-030 1e-030 1e-030 1e-030 1e-030 1e-030 1e-030 1e-030 1e-030 1e-030 1e-030 1e-030 1e-030 1e-030 1e-030 1e-030 1e-030 0.230422 1e-030 1e-030 1e-030 0.23294 1e-030 1e-030 9.5292e-250 0.536638 
1e-030 1.47252e-146 1e-030 1e-030 1e-030 1e-030 1e-030 1e-030 1e-030 1e-030 1e-030 1e-030 1e-030 1e-030 1e-030 1e-030 1e-030 1e-030 1e-030 1e-030 1e-030 1e-030 1e-030 0.655566 1e-030 1e-030 1e-030 3.34494e-014 1e-030 1e-030 4.34914e-016 0.344434 
1e-030 0.168471 1e-030 1e-030 1e-030 1e-030 1e-030 1e-030 1e-030 1e-030 1e-030 1e-030 1e-030 1e-030 1e-030 1e-030 1e-030 1e-030 1e-030 1e-030 1e-030 1e-030 1e-030 4.99221e-023 1e-030 1e-030 1e-030 7.65637e-293 1e-030 1e-030 0.831529 2.54182e-025 
1e-030 4.33631e-194 1e-030 1e-030 1e-030 1e-030 1e-030 1e-030 1e-030 1e-030 1e-030 1e-030 1e-030 0.0169123 1e-030 1e-030 1e-030 1e-030 0.0338246 1e-030 1e-030 1e-030 1e-030 0.236772 1e-030 1e-030 1e-030 1e-030 1e-030 1e-030 0.0867355 0.625755 
1e-030 4.82545e-233 1e-030 1e-030 1e-030 1e-030 1e-030 1e-030 1e-030 1e-030 1e-030 1e-030 1e-030 8.66982e-302 1e-030 1e-030 1e-030 1e-030 1e-030 1e-030 1e-030 1e-030 1e-030 0.131343 1e-030 1e-030 1e-030 0.108582 1e-030 1e-030 0.108582 0.651492 
1e-030 5.66322e-140 1e-030 1e-030 1e-030 1e-030 1e-030 1e-030 1e-030 1e-030 1e-030 1e-030 1e-030 1e-030 1e-030 1e-030 1e-030 1e-030 1e-030 1e-030 1e-030 1e-030 1e-030 0.999968 1e-030 1e-030 1e-030 5.40308e-077 1e-030 1e-030 1e-030 3.18365e-005 
1e-030 1.44853e-140 1e-030 1e-030 1e-030 1e-030 1e-030 1e-030 1e-030 1e-030 1e-030 1e-030 1e-030 1e-030 1e-030 1e-030 1e-030 1e-030 1e-030 1e-030 1e-030 1e-030 1e-030 5.07145e-058 1e-030 1e-030 1e-030 0.428574 1e-030 1e-030 4.10008e-061 0.571426 
1e-030 0.25081 1e-030 1e-030 1e-030 1e-030 1e-030 1e-030 1e-030 1e-030 1e-030 1e-030 1e-030 1e-030 1e-030 1e-030 1e-030 1e-030 1e-030 1e-030 1e-030 1e-030 1e-030 3.8234e-258 1e-030 1e-030 1e-030 1.03393e-158 1e-030 1e-030 0.74919 2.02861e-033 
1e-030 1.9135e-251 1e-030 1e-030 1e-030 1e-030 1e-030 1e-030 1e-030 1e-030 1e-030 1e-030 1e-030 0.0169417 1e-030 1e-030 1e-030 1e-030 1e-030 1e-030 1e-030 1e-030 1e-030 0.304951 1e-030 1e-030 1e-030 0.0847087 1e-030 1e-030 0.0173795 0.576019 
