0.765574 0.234426 0 0 0 
0 0.907782 0.0922181 0 0 
0 0 0.932524 0.0674762 0 
0 0 0 0.684353 0.315647 
0 0 0 0 1 
0.909091 0.0909091 0 0 0 
0 0.916667 0.0833333 0 0 
0 0 0 1 0 
0 0 0 0.890136 0.109864 
0 0 0 0 1 
0.802015 0.197985 0 0 0 
0 0.707991 0.292009 0 0 
0 0 0.70775 0.29225 0 
0 0 0 0.947579 0.0524212 
0 0 0 0 1 
0.920136 0.0798637 0 0 0 
0 0.768794 0.231206 0 0 
0 0 0.746143 0.253857 0 
0 0 0 0.900233 0.0997673 
0 0 0 0 1 
0.817402 0.182598 0 0 0 
0 0.818955 0.181045 0 0 
0 0 0.666666 0.333334 0 
0 0 0 0.648681 0.351319 
0 0 0 0 1 
0.932679 0.0673208 0 0 0 
0 0.533961 0.466039 0 0 
0 0 0 1 0 
0 0 0 0.933892 0.066108 
0 0 0 0 1 
0.925819 0.0741811 0 0 0 
0 0.788987 0.211013 0 0 
0 0 0.915113 0.0848866 0 
0 0 0 0.750007 0.249993 
0 0 0 0 1 
0.906647 0.093353 0 0 0 
0 0.798732 0.201268 0 0 
0 0 0.698746 0.301254 0 
0 0 0 0.884442 0.115558 
0 0 0 0 1 
0.753729 0.246271 0 0 0 
0 0.831634 0.168366 0 0 
0 0 0.500005 0.499995 0 
0 0 0 0.953463 0.0465369 
0 0 0 0 1 
0.861051 0.138949 0 0 0 
0 0.869445 0.130555 0 0 
0 0 0.891449 0.108551 0 
0 0 0 0.916059 0.0839408 
0 0 0 0 1 
0.909214 0.0907858 0 0 0 
0 0.937595 0.0624048 0 0 
0 0 0.627641 0.372359 0 
0 0 0 0.93755 0.0624497 
0 0 0 0 1 
0.455022 0.544978 0 0 0 
0 0.963538 0.0364622 0 0 
0 0 0.73258 0.26742 0 
0 0 0 0.8 0.2 
0 0 0 0 1 
0.930953 0.0690469 0 0 0 
0 0.932174 0.0678256 0 0 
0 0 0.787996 0.212004 0 
0 0 0 0.75552 0.24448 
0 0 0 0 1 
0.960701 0.0392994 0 0 0 
0 0.780398 0.219602 0 0 
0 0 0.800004 0.199996 0 
0 0 0 0.489139 0.510861 
0 0 0 0 1 
0.647163 0.352837 0 0 0 
0 0.94301 0.0569898 0 0 
0 0 0.382274 0.617726 0 
0 0 0 0.956503 0.0434969 
0 0 0 0 1 
0.97213 0.0278698 0 0 0 
0 0.938233 0.0617675 0 0 
0 0 0.684004 0.315996 0 
0 0 0 0.918921 0.0810787 
0 0 0 0 1 
0.957119 0.0428812 0 0 0 
0 0.923936 0.076064 0 0 
0 0 0.648879 0.351121 0 
0 0 0 0.94998 0.0500201 
0 0 0 0 1 
0.948225 0.0517751 0 0 0 
0 0.943457 0.0565429 0 0 
0 0 4.50159e-071 1 0 
0 0 0 0.947368 0.0526316 
0 0 0 0 1 
0.8 0.2 0 0 0 
0 0.643629 0.356371 0 0 
0 0 0.950323 0.0496768 0 
0 0 0 0.918723 0.0812773 
0 0 0 0 1 
0.420813 0.579187 0 0 0 
0 0.924662 0.0753384 0 0 
0 0 2.46382e-021 1 0 
0 0 0 0.910485 0.0895154 
0 0 0 0 1 
0.830844 0.169156 0 0 0 
0 0.90939 0.0906096 0 0 
0 0 0.896806 0.103194 0 
0 0 0 0.930369 0.0696308 
0 0 0 0 1 
0.977778 0.0222222 0 0 0 
0 3.61283e-099 1 0 0 
0 0 0.666666 0.333334 0 
0 0 0 0.913339 0.0866611 
0 0 0 0 1 
0.907096 0.092904 0 0 0 
0 0.933112 0.0668876 0 0 
0 0 0.596931 0.403069 0 
0 0 0 0.887264 0.112736 
0 0 0 0 1 
0.839007 0.160993 0 0 0 
0 0.859528 0.140472 0 0 
0 0 0.939231 0.0607693 0 
0 0 0 0.959212 0.0407878 
0 0 0 0 1 
0.950438 0.0495622 0 0 0 
0 0.645807 0.354193 0 0 
0 0 0.928572 0.0714285 0 
0 0 0 0.894539 0.105461 
0 0 0 0 1 
0 1 0 0 0 
0 0.95608 0.0439202 0 0 
0 0 0.808847 0.191153 0 
0 0 0 0.774823 0.225177 
0 0 0 0 1 
0.837483 0.162517 0 0 0 
0 0.947038 0.0529615 0 0 
0 0 0.688018 0.311982 0 
0 0 0 0.926375 0.0736246 
0 0 0 0 1 
0.841882 0.158118 0 0 0 
0 0.936207 0.0637933 0 0 
0 0 3.76802e-243 1 0 
0 0 0 0.869793 0.130207 
0 0 0 0 1 
0.697859 0.302141 0 0 0 
0 0.854159 0.145841 0 0 
0 0 0.739141 0.260859 0 
0 0 0 0.915764 0.0842357 
0 0 0 0 1 
0.891418 0.108582 0 0 0 
0 0.441478 0.558522 0 0 
0 0 0.857142 0.142858 0 
0 0 0 0.874595 0.125405 
0 0 0 0 1 
