3 15 6 31 32 19 16 28 28 28 28 28 19 28 28 32 32 32 32 24 32 24 32 32 32 32 32 32 32 32 31 31 8 32 32 32 32 32 32 32 32 32 32 32 32 32 32 24 32 32 32 32 32 32 32 32 32 32 32 32 24 32 32 32 31 31 31 27 28 28 24 28 24 28 24 24 28 32 28 24 28 31 28 32 28 
32 28 28 32 28 28 28 28 32 32 28 24 24 32 32 24 32 24 24 32 32 32 24 28 32 31 32 31 31 32 2 31 32 32 32 24 32 24 32 24 32 32 32 32 32 32 32 32 24 24 32 32 32 23 24 24 24 32 32 32 32 32 32 32 32 32 32 32 24 32 29 27 24 24 28 28 28 24 24 32 32 24 24 24 28 
32 32 32 32 32 24 32 28 24 24 24 24 31 31 2 2 15 2 31 31 31 32 31 31 31 31 32 24 31 31 31 24 24 24 24 32 31 31 31 32 32 32 32 32 32 32 32 32 32 32 32 32 32 32 32 28 24 24 32 24 24 24 32 24 24 24 32 32 24 24 24 24 24 32 32 32 32 32 31 24 32 31 32 32 32 
24 32 24 32 32 28 28 32 32 28 24 32 24 32 32 32 24 32 24 24 32 31 31 2 2 2 2 31 32 31 31 24 24 24 24 24 24 32 32 24 24 32 32 19 31 31 19 29 24 19 29 32 32 32 32 24 32 32 32 32 32 32 32 32 32 32 28 28 28 28 32 24 24 24 24 32 24 24 24 24 24 28 32 24 32 
32 32 28 32 32 32 32 32 32 32 32 2 2 2 31 31 31 32 32 32 32 32 24 24 32 32 32 32 32 24 24 24 24 32 32 32 32 32 32 32 32 32 32 32 32 31 31 31 32 31 31 31 29 32 24 28 24 24 24 24 24 32 24 24 24 24 24 28 32 28 24 24 24 32 24 28 24 32 32 24 32 24 32 32 32 
24 32 24 32 32 32 24 24 24 32 32 24 24 24 32 32 32 28 31 2 2 2 31 2 31 31 31 32 32 31 32 31 32 32 32 32 32 32 24 22 22 24 19 14 14 14 19 32 19 19 19 19 19 32 32 32 32 32 32 32 32 32 32 27 32 28 28 24 24 32 32 24 24 24 24 28 32 32 32 24 24 28 32 28 32 
32 31 28 32 32 32 28 24 32 31 31 31 32 32 24 24 32 24 24 32 28 32 28 32 32 32 24 24 32 32 4 15 15 2 31 31 32 32 24 32 32 24 24 24 24 32 32 24 32 24 24 24 31 32 32 14 31 31 31 32 31 32 31 31 31 31 31 31 31 32 19 19 24 24 32 32 24 24 24 24 24 32 24 24 24 
32 32 32 32 32 32 32 32 28 32 32 24 24 24 32 24 28 28 24 31 31 2 2 2 31 2 2 31 32 32 32 24 24 24 24 24 24 31 31 31 24 23 24 24 24 32 31 31 31 31 31 32 32 32 32 32 31 32 32 32 32 32 32 32 32 32 31 32 32 32 32 32 28 32 24 31 32 32 24 32 32 32 24 24 32 
28 32 28 32 32 32 32 32 31 32 2 2 31 31 32 32 32 32 32 31 32 31 31 31 32 32 31 31 32 31 32 31 32 32 32 32 32 24 32 23 32 32 32 32 32 32 32 32 32 32 32 32 32 32 32 32 32 32 32 32 32 32 32 32 31 32 32 32 24 24 24 24 24 24 24 32 24 28 24 32 32 28 32 32 24 
24 28 28 32 28 28 32 24 24 24 24 24 24 24 24 28 32 32 32 28 24 32 14 32 7 2 8 2 31 31 31 31 31 31 31 31 32 31 24 24 24 24 32 31 32 32 31 32 24 32 32 32 32 32 32 32 32 32 32 32 32 32 32 32 32 32 31 5 25 22 24 24 24 24 24 24 24 24 31 24 24 32 32 24 32 
32 24 24 24 24 24 24 28 28 28 24 32 32 32 32 32 32 32 32 32 32 24 32 32 32 32 32 32 31 32 31 2 2 31 31 31 31 31 31 31 31 32 31 31 31 31 31 32 32 31 32 32 28 31 21 14 31 31 32 31 31 32 32 32 32 32 32 32 32 32 32 32 32 32 32 31 31 31 31 31 31 32 32 24 32 
24 28 32 32 32 32 32 32 32 32 32 32 32 28 32 31 31 32 32 32 32 32 31 32 32 31 32 32 32 32 32 32 32 31 31 31 31 31 32 32 32 32 32 32 32 32 32 32 32 32 32 32 32 32 32 32 32 32 32 32 32 32 32 32 32 32 32 32 32 32 32 32 32 32 32 32 32 32 32 32 28 24 24 24 24 
32 32 32 32 32 32 32 32 31 32 32 31 32 32 32 32 24 24 32 32 28 28 28 32 32 32 32 32 32 32 32 15 14 32 31 31 31 31 32 32 32 32 32 32 32 32 32 32 32 32 24 32 32 32 32 32 24 32 32 32 32 32 24 32 32 32 32 32 32 32 32 32 32 19 28 28 28 28 24 24 32 32 28 32 32 
32 32 24 32 32 32 32 32 32 32 32 32 32 31 32 32 32 24 32 32 32 32 32 32 32 31 24 28 24 28 32 32 32 32 32 31 31 32 32 32 32 32 32 32 32 24 32 32 32 32 32 32 32 32 19 19 32 32 32 32 27 32 32 32 32 32 32 32 32 32 32 32 32 32 28 31 28 24 24 24 24 24 24 24 24 
24 28 28 32 24 32 32 32 32 28 24 32 24 32 32 24 32 32 32 32 24 24 31 31 15 31 2 2 31 31 31 32 31 32 32 32 31 31 31 31 31 32 31 32 31 32 24 24 32 32 32 32 32 32 32 32 32 32 31 32 32 31 32 28 28 28 24 24 28 32 32 24 24 24 24 24 24 24 24 24 32 32 24 24 24 
32 32 32 28 32 32 32 32 32 24 32 32 32 32 32 24 32 32 28 28 24 32 28 28 31 28 32 32 32 32 32 32 32 32 32 28 32 32 32 28 32 32 32 32 32 32 32 24 32 32 32 32 32 31 32 31 8 31 31 31 31 31 31 31 31 31 31 31 24 24 24 31 31 32 32 31 32 24 24 32 32 31 32 32 32 
24 24 28 32 32 32 32 24 24 28 28 24 24 28 31 31 32 28 32 28 32 32 24 32 24 28 28 24 32 24 32 28 32 32 32 28 24 24 24 32 31 32 7 2 31 31 31 31 31 31 32 31 31 31 31 24 31 31 31 32 24 24 24 24 24 24 32 32 32 32 32 32 32 32 32 32 32 32 32 32 27 16 22 22 28 
28 28 28 28 28 28 28 32 24 32 24 32 28 28 32 28 24 24 28 32 32 32 32 32 28 32 28 32 32 32 31 32 32 32 32 32 32 14 31 31 31 31 31 31 31 31 31 32 32 32 32 32 32 31 31 31 31 30 32 32 32 14 32 29 32 32 32 32 32 32 32 27 32 32 32 32 32 24 21 32 28 32 24 24 24 
32 32 32 32 32 28 28 31 24 32 5 32 32 31 32 32 28 32 32 28 32 24 24 32 32 32 14 32 31 31 31 32 31 31 31 31 31 31 31 31 32 32 32 32 31 32 32 32 32 32 24 32 32 32 32 32 32 32 32 32 32 28 32 24 32 24 32 24 24 32 32 32 24 24 24 32 28 24 32 32 32 32 24 28 32 
28 28 32 32 28 32 24 32 32 32 28 32 32 32 32 24 32 31 31 31 31 32 32 31 31 32 31 32 24 32 32 32 32 32 32 32 32 32 24 32 32 24 32 32 32 32 32 32 32 32 32 32 32 32 32 32 32 32 28 28 27 28 28 28 24 32 24 24 24 24 32 32 24 24 28 31 24 24 31 24 28 24 32 24 32 
28 32 28 28 32 28 32 32 31 32 32 32 24 28 24 32 32 32 32 32 32 32 24 32 32 32 32 31 31 31 31 31 32 31 31 31 31 32 31 32 31 24 32 32 32 32 32 32 32 32 32 19 32 14 14 14 32 32 32 32 32 32 32 32 32 32 32 32 30 32 28 28 28 24 24 24 24 24 24 24 24 24 24 24 32 
32 32 32 24 32 32 31 24 32 24 31 32 24 32 32 32 32 31 32 32 32 31 32 32 32 28 32 28 32 32 32 32 24 24 24 24 24 28 24 24 28 32 32 32 30 31 32 32 7 31 31 31 31 31 31 31 32 32 31 31 32 32 24 24 32 24 24 24 24 32 27 32 32 32 32 24 24 24 24 24 24 32 27 32 32 
32 32 32 32 31 32 32 32 32 28 32 32 28 32 32 24 32 32 32 32 32 32 32 32 32 31 32 32 32 31 31 31 31 31 31 32 31 32 24 32 24 24 24 24 24 24 24 32 32 32 32 32 32 32 32 14 32 32 32 23 32 32 32 32 32 32 32 32 32 32 27 27 24 28 24 30 24 24 24 24 24 32 32 31 28 
32 32 32 32 32 32 32 24 32 29 32 24 24 32 28 32 32 32 32 32 28 32 32 31 32 32 32 32 32 32 31 31 31 31 31 31 31 31 31 32 31 24 31 32 24 24 32 32 31 31 31 31 31 31 32 24 19 19 32 32 32 32 32 32 32 32 32 32 32 32 32 32 32 31 32 32 32 24 31 32 32 24 24 24 24 
32 32 32 31 24 32 32 32 32 24 32 28 32 32 32 32 28 32 32 32 28 28 28 24 24 24 24 24 32 24 32 24 24 24 32 32 24 15 31 31 31 31 31 31 31 31 31 32 32 32 32 32 32 32 31 31 32 24 24 31 31 32 31 31 32 27 19 19 32 14 32 32 32 32 32 32 32 32 31 31 32 32 27 31 31 
31 32 24 32 32 32 32 32 28 28 24 32 32 32 31 32 32 32 28 28 24 24 32 32 32 32 32 32 32 7 31 31 31 31 32 31 32 32 32 31 32 32 32 31 31 32 32 24 24 31 31 32 31 32 32 24 32 32 32 32 32 27 32 32 32 32 32 32 32 31 32 32 31 15 31 32 24 32 24 24 32 32 32 31 32 
32 32 32 32 32 32 32 32 24 31 28 32 24 32 32 32 32 24 32 32 32 32 28 24 32 31 32 31 31 31 31 31 31 31 31 31 31 24 24 31 31 24 24 24 24 24 24 32 31 32 31 31 32 32 32 32 32 32 32 32 32 32 32 32 32 31 32 27 30 14 16 25 24 24 24 24 24 24 28 24 24 24 32 24 32 
32 28 32 30 32 28 32 32 32 32 31 32 32 32 32 32 32 32 32 28 32 32 14 31 31 31 31 2 31 32 31 32 24 32 24 24 24 24 24 24 24 32 32 32 32 32 31 32 32 31 32 32 32 32 32 32 32 32 32 32 32 32 32 32 32 32 32 27 28 28 28 24 24 28 24 24 24 24 24 24 24 24 24 32 24 
28 24 28 28 32 24 32 28 32 32 24 24 32 24 31 31 31 31 2 2 31 31 31 31 31 31 32 32 24 24 32 24 32 31 24 24 32 32 32 32 32 19 14 19 32 32 32 32 32 32 31 32 32 32 32 32 32 32 32 32 32 24 32 32 32 32 32 32 32 31 31 32 32 24 24 24 24 24 24 24 31 32 32 32 24 
32 24 32 32 31 32 28 32 32 24 24 32 28 28 32 32 28 32 31 31 31 31 31 2 2 31 32 32 32 32 32 24 24 24 32 24 24 32 24 24 24 24 32 32 32 32 32 24 14 32 32 32 32 32 32 32 32 32 32 32 32 32 32 32 32 32 32 28 28 28 28 24 24 32 28 24 24 24 24 24 31 24 32 32 32 
