0.891507 0.108493 0 0 0 
0 0.739613 0.260387 0 0 
0 0 0.855956 0.144044 0 
0 0 0 0.851619 0.148381 
0 0 0 0 1 
0.944228 0.0557718 0 0 0 
0 0.913015 0.0869852 0 0 
0 0 0.364461 0.635539 0 
0 0 0 0.916409 0.0835906 
0 0 0 0 1 
0.670595 0.329405 0 0 0 
0 0.908793 0.0912073 0 0 
0 0 0.750013 0.249987 0 
0 0 0 0.867076 0.132924 
0 0 0 0 1 
0.869565 0.130435 0 0 0 
0 0.813481 0.186519 0 0 
0 0 0.757082 0.242918 0 
0 0 0 0.883692 0.116308 
0 0 0 0 1 
0.847799 0.152201 0 0 0 
0 0.844475 0.155525 0 0 
0 0 0.864605 0.135395 0 
0 0 0 0.844874 0.155126 
0 0 0 0 1 
0.842432 0.157568 0 0 0 
0 0.920971 0.0790293 0 0 
0 0 2.14353e-032 1 0 
0 0 0 0.916111 0.0838892 
0 0 0 0 1 
0.631759 0.368241 0 0 0 
0 0.902765 0.0972348 0 0 
0 0 0 1 0 
0 0 0 0.933333 0.0666667 
0 0 0 0 1 
0.851801 0.148199 0 0 0 
0 0.916868 0.0831322 0 0 
0 0 0.775051 0.224949 0 
0 0 0 0.863724 0.136276 
0 0 0 0 1 
0 1 0 0 0 
0 0.964286 0.0357143 0 0 
0 0 0.833333 0.166667 0 
0 0 0 0.848388 0.151612 
0 0 0 0 1 
0.894632 0.105368 0 0 0 
0 0.962245 0.0377549 0 0 
0 0 0.875092 0.124908 0 
0 0 0 0.830563 0.169437 
0 0 0 0 1 
0.925042 0.0749579 0 0 0 
0 0.957372 0.0426281 0 0 
0 0 0.901966 0.0980345 0 
0 0 0 8.09487e-030 1 
0 0 0 0 1 
0.856687 0.143313 0 0 0 
0 0.923208 0.0767917 0 0 
0 0 0.666667 0.333333 0 
0 0 0 0.906682 0.0933182 
0 0 0 0 1 
0.967681 0.0323186 0 0 0 
0 0.933591 0.0664095 0 0 
0 0 4.88771e-020 1 0 
0 0 0 0.916647 0.083353 
0 0 0 0 1 
0.978377 0.021623 0 0 0 
0 0.797164 0.202836 0 0 
0 0 0.829198 0.170802 0 
0 0 0 0.933192 0.0668083 
0 0 0 0 1 
0.806361 0.193639 0 0 0 
0 0.978206 0.0217937 0 0 
0 0 0.873898 0.126102 0 
0 0 0 0.833913 0.166087 
0 0 0 0 1 
0.955231 0.0447692 0 0 0 
0 0.948078 0.0519222 0 0 
0 0 0.894186 0.105814 0 
0 0 0 0.850225 0.149775 
0 0 0 0 1 
0.938671 0.0613293 0 0 0 
0 0.955998 0.0440016 0 0 
0 0 0.578863 0.421137 0 
0 0 0 0.913383 0.0866167 
0 0 0 0 1 
0.935453 0.0645466 0 0 0 
0 0.898267 0.101733 0 0 
0 0 0.626581 0.373419 0 
0 0 0 0.913019 0.0869812 
0 0 0 0 1 
0.703194 0.296806 0 0 0 
0 0.952349 0.0476507 0 0 
0 0 0.412242 0.587758 0 
0 0 0 0.936499 0.0635012 
0 0 0 0 1 
0.930981 0.0690192 0 0 0 
0 0.904864 0.0951357 0 0 
0 0 0.666665 0.333335 0 
0 0 0 0.915762 0.0842382 
0 0 0 0 1 
0.82823 0.17177 0 0 0 
0 0.897795 0.102205 0 0 
0 0 0.667334 0.332666 0 
0 0 0 0.932738 0.0672616 
0 0 0 0 1 
0.500001 0.499999 0 0 0 
0 0.941176 0.0588235 0 0 
0 0 0.75 0.25 0 
0 0 0 0.895432 0.104568 
0 0 0 0 1 
0.878863 0.121137 0 0 0 
0 0.85174 0.14826 0 0 
0 0 0.8 0.2 0 
0 0 0 0.894766 0.105234 
0 0 0 0 1 
0.836901 0.163099 0 0 0 
0 0.975531 0.0244686 0 0 
0 0 5.16822e-123 1 0 
0 0 0 0.930236 0.0697639 
0 0 0 0 1 
0.567401 0.432599 0 0 0 
0 0.495903 0.504097 0 0 
0 0 0.558068 0.441932 0 
0 0 0 0.981638 0.0183623 
0 0 0 0 1 
0.866708 0.133292 0 0 0 
0 0.866625 0.133375 0 0 
0 0 5.51874e-008 1 0 
0 0 0 0.975498 0.0245018 
0 0 0 0 1 
0.539334 0.460666 0 0 0 
0 0.590506 0.409494 0 0 
0 0 0.354859 0.645141 0 
0 0 0 0.985274 0.0147258 
0 0 0 0 1 
0.349852 0.650148 0 0 0 
0 0.388119 0.611881 0 0 
0 0 0.262531 0.737469 0 
0 0 0 0.971349 0.0286515 
0 0 0 0 1 
7.18324e-014 1 0 0 0 
0 0.666667 0.333333 0 0 
0 0 6.67517e-014 1 0 
0 0 0 0.975096 0.0249043 
0 0 0 0 1 
0.901144 0.0988555 0 0 0 
0 0.880043 0.119957 0 0 
0 0 0.809614 0.190386 0 
0 0 0 0.972142 0.0278576 
0 0 0 0 1 
