1e-030 1e-030 1e-030 1e-030 1e-030 1e-030 1e-030 1e-030 1e-030 1e-030 1e-030 1e-030 1e-030 1e-030 1e-030 1e-030 1e-030 1.6103e-233 1e-030 1e-030 1e-030 1e-030 1e-030 0.321173 1e-030 1e-030 1e-030 0.108489 1e-030 1e-030 1e-030 0.570338 
1e-030 1e-030 1e-030 1e-030 1e-030 1e-030 1e-030 1e-030 1e-030 1e-030 1e-030 1e-030 1e-030 1e-030 1e-030 1e-030 2.62848e-030 0.0150137 1e-030 1e-030 3.3681e-228 1e-030 1e-030 0.0103324 1e-030 1e-030 1e-030 8.16365e-006 1e-030 1e-030 1e-030 0.974646 
1e-030 1e-030 1e-030 1e-030 1e-030 1e-030 1e-030 1e-030 1e-030 1e-030 1e-030 1e-030 1e-030 1e-030 1e-030 1e-030 0.144044 0.135738 1e-030 1e-030 0.720218 1e-030 1e-030 5.24486e-009 1e-030 1e-030 1e-030 2.97599e-136 1e-030 1e-030 1e-030 2.92667e-008 
1e-030 1e-030 1e-030 1e-030 1e-030 1e-030 1e-030 1e-030 1e-030 1e-030 1e-030 1e-030 1e-030 1e-030 1e-030 1e-030 3.76167e-086 1.16414e-128 1e-030 1e-030 2.135e-007 1e-030 1e-030 1 1e-030 1e-030 1e-030 1.30841e-144 1e-030 1e-030 4.37115e-123 2.02963e-007 
1e-030 1e-030 1e-030 1e-030 1e-030 1e-030 1e-030 1e-030 1e-030 1e-030 1e-030 1e-030 1e-030 1e-030 1e-030 0.0171643 0.0343285 0.0171643 0.0171643 1e-030 0.0343285 0.0171643 1e-030 0.176116 0.0858213 1e-030 0.0171643 0.137314 1e-030 1e-030 0.0514928 0.394778 
1e-030 1e-030 1e-030 1e-030 1e-030 1e-030 1e-030 1e-030 1e-030 1e-030 1e-030 1e-030 1e-030 1e-030 1e-030 1e-030 1e-030 1e-030 1e-030 1e-030 1e-030 1e-030 1e-030 0.254082 1e-030 1e-030 1e-030 5.50194e-037 1e-030 0.0557718 5.2477e-005 0.690094 
1e-030 1e-030 1e-030 1e-030 1e-030 1e-030 1e-030 1e-030 1e-030 1e-030 1e-030 1e-030 1e-030 1e-030 1e-030 1e-030 1e-030 1e-030 1e-030 1e-030 1e-030 1e-030 1e-030 0.212615 1e-030 1e-030 1e-030 0.434926 1e-030 9.42479e-043 0.124916 0.227543 
1e-030 1e-030 1e-030 1e-030 1e-030 1e-030 1e-030 1e-030 1e-030 1e-030 1e-030 1e-030 1e-030 1e-030 1e-030 6.58018e-021 1e-030 1e-030 1e-030 1e-030 1e-030 1.63682e-210 1e-030 2.78407e-008 1e-030 1e-030 1e-030 0.635454 1e-030 1e-030 0.357807 0.0067386 
1e-030 1e-030 1e-030 1e-030 1e-030 1e-030 1e-030 1e-030 1e-030 1e-030 1e-030 1e-030 1e-030 1e-030 1e-030 0.0835906 1e-030 1.25282e-259 3.88521e-288 1e-030 0.0835906 0.0835906 1e-030 0.7492 1e-030 1e-030 1e-030 2.83419e-005 1e-030 1e-030 1.48682e-038 4.80834e-031 
1e-030 1e-030 1e-030 1e-030 1e-030 1e-030 1e-030 1e-030 1e-030 1e-030 1e-030 1e-030 1e-030 1e-030 1e-030 4.24916e-144 1e-030 0.0237885 0.0475771 1e-030 0.0475771 7.15305e-116 1e-030 0.0246752 1e-030 1e-030 1e-030 0.261669 1e-030 0.0237885 0.0951541 0.475771 
1e-030 1e-030 1e-030 1e-030 1e-030 1e-030 1e-030 1e-030 1e-030 1e-030 1e-030 1e-030 1e-030 1e-030 1e-030 1e-030 1e-030 1e-030 1e-030 1e-030 8.38203e-196 1e-030 1e-030 9.3653e-010 1e-030 1e-030 1e-030 0.000253645 1e-030 1e-030 1e-030 0.999746 
1e-030 1e-030 1e-030 1e-030 1e-030 1e-030 1e-030 1e-030 1e-030 1e-030 1e-030 1e-030 1e-030 1e-030 1e-030 1e-030 1e-030 1e-030 1e-030 1e-030 5.82929e-023 4.71927e-207 1e-030 0.0912073 1e-030 1e-030 1e-030 0.182344 1e-030 1e-030 1e-030 0.726448 
1e-030 1e-030 1e-030 1e-030 1e-030 1e-030 1e-030 1e-030 1e-030 1e-030 1e-030 1e-030 1e-030 1e-030 1e-030 1e-030 1e-030 1e-030 1e-030 1e-030 0.999946 1.76027e-028 1e-030 7.05851e-006 1e-030 1e-030 1e-030 5.12089e-063 1e-030 1e-030 1e-030 4.71358e-005 
1e-030 1e-030 1e-030 1e-030 1e-030 1e-030 1e-030 1e-030 1e-030 1e-030 1e-030 1e-030 1e-030 1e-030 1e-030 1e-030 1e-030 1.17724e-233 1e-030 1e-030 7.2646e-007 0.132908 1e-030 0.867089 1e-030 1e-030 1e-030 5.32926e-088 1e-030 1e-030 3.06852e-063 1.59922e-006 
1e-030 1e-030 1e-030 1e-030 1e-030 1e-030 1e-030 1e-030 1e-030 1e-030 1e-030 1e-030 1e-030 1e-030 1e-030 1e-030 1e-030 0.0504398 0.0672531 1e-030 0.0336265 0.0168152 1e-030 0.243401 1e-030 1e-030 0.0168133 0.168133 1e-030 1e-030 0.0672531 0.336265 
1e-030 1e-030 1e-030 1e-030 1e-030 1e-030 1e-030 1e-030 1e-030 1e-030 1e-030 1e-030 1e-030 1e-030 1e-030 1e-030 1e-030 1.00068e-270 1e-030 1e-030 1e-030 1e-030 1e-030 1e-030 1e-030 1e-030 1e-030 0.100753 1e-030 1e-030 5.56187e-022 0.899247 
1e-030 1e-030 1e-030 1e-030 1e-030 1e-030 1e-030 1e-030 1e-030 1e-030 1e-030 1e-030 1e-030 1e-030 1e-030 1e-030 1e-030 1.64949e-020 1e-030 1e-030 1.01565e-191 1e-030 1e-030 1e-030 1e-030 1e-030 1e-030 0.228964 1e-030 1e-030 0.00523315 0.765803 
1e-030 1e-030 1e-030 1e-030 1e-030 1e-030 1e-030 1e-030 1e-030 1e-030 1e-030 1e-030 1e-030 1e-030 1e-030 1e-030 1e-030 0.485836 1e-030 1e-030 0.0351436 1.28343e-041 1e-030 1.42704e-008 1e-030 1e-030 1e-030 6.55557e-039 1e-030 1e-030 0.47902 6.92573e-008 
1e-030 1e-030 1e-030 1e-030 1e-030 1e-030 1e-030 1e-030 1e-030 1e-030 1e-030 1e-030 1e-030 1e-030 8.16684e-264 1e-030 1e-030 1.77182e-009 1e-030 1e-030 0.215788 0.116289 1e-030 0.667539 1e-030 1e-030 1e-030 0.000383345 1e-030 1e-030 1.07312e-096 9.79925e-025 
1e-030 1e-030 1e-030 1e-030 1e-030 1e-030 1e-030 1e-030 1e-030 1e-030 1e-030 1e-030 1e-030 1e-030 0.0168755 1e-030 0.0506265 4.69953e-116 0.0168755 1e-030 0.0168758 0.0506293 1e-030 0.122526 1e-030 1e-030 0.0168755 0.118073 1e-030 0.0168755 0.0843775 0.48939 
1e-030 1e-030 1e-030 1e-030 1e-030 1e-030 1e-030 1e-030 1e-030 1e-030 1e-030 1e-030 1e-030 1e-030 1e-030 1e-030 1e-030 1e-030 1e-030 1e-030 9.98889e-318 1e-030 1e-030 6.00456e-187 1e-030 1e-030 1e-030 1e-030 1e-030 1e-030 1e-030 1 
1e-030 1e-030 1e-030 1e-030 1e-030 1e-030 1e-030 1e-030 1e-030 1e-030 1e-030 1e-030 1e-030 1e-030 1e-030 1e-030 1e-030 1e-030 1e-030 1e-030 4.04986e-037 1e-030 1e-030 1.35869e-005 1e-030 1e-030 1e-030 1e-030 1e-030 1e-030 1e-030 0.999986 
1e-030 1e-030 1e-030 1e-030 1e-030 1e-030 1e-030 1e-030 1e-030 1e-030 1e-030 1e-030 1e-030 1e-030 1e-030 1e-030 1e-030 1e-030 1e-030 1e-030 0.406125 1e-030 1e-030 0.593875 1e-030 1e-030 1e-030 1e-030 1e-030 1e-030 1e-030 1.04111e-007 
1e-030 1e-030 1e-030 1e-030 1e-030 1e-030 1e-030 1e-030 1e-030 1e-030 1e-030 1e-030 1e-030 1e-030 1e-030 1e-030 1e-030 1e-030 1e-030 1e-030 6.74704e-005 1e-030 1e-030 0.999932 1e-030 1e-030 1e-030 1e-030 1e-030 1e-030 2.49967e-116 6.53742e-008 
1e-030 1e-030 1e-030 1e-030 1e-030 1e-030 1e-030 1e-030 1e-030 1e-030 1e-030 1e-030 1e-030 1e-030 0.0171917 1e-030 0.0343833 0.0171917 0.0343833 1e-030 0.0171917 0.0171917 1e-030 0.123225 1e-030 1e-030 1e-030 0.0687666 1e-030 0.0171917 0.10315 0.550133 
1e-030 1e-030 1e-030 1e-030 1e-030 1e-030 1e-030 1e-030 1e-030 1e-030 1e-030 1e-030 1e-030 1e-030 1e-030 1e-030 1e-030 3.53049e-296 1e-030 1e-030 3.53049e-296 1e-030 3.53049e-296 1.35534e-062 1e-030 1e-030 1e-030 0.157568 1e-030 1e-030 9.62417e-010 0.842432 
1e-030 1e-030 1e-030 1e-030 1e-030 1e-030 1e-030 1e-030 1e-030 1e-030 1e-030 1e-030 1e-030 1e-030 1e-030 1e-030 1e-030 7.4907e-057 1e-030 1e-030 5.2518e-208 1e-030 1e-030 0.237088 1e-030 1e-030 1e-030 3.93986e-010 1e-030 1e-030 0.316117 0.446795 
1e-030 1e-030 1e-030 1e-030 1e-030 1e-030 1e-030 1e-030 1e-030 1e-030 1e-030 1e-030 1e-030 1e-030 1e-030 1e-030 1e-030 1 1e-030 1e-030 4.10482e-033 1e-030 2.66051e-115 2.22725e-099 1e-030 1e-030 1e-030 1e-030 1e-030 1e-030 1.73304e-032 4.94066e-324 
1e-030 1e-030 1e-030 1e-030 1e-030 1e-030 1e-030 1e-030 1e-030 1e-030 1e-030 1e-030 1e-030 1e-030 1e-030 1e-030 1e-030 5.92775e-049 1e-030 1e-030 0.335557 1e-030 0.0838892 0.580554 1e-030 1e-030 1e-030 1e-030 1e-030 1e-030 1.31547e-186 4.67624e-015 
1e-030 1e-030 1e-030 1e-030 1e-030 1e-030 1e-030 1e-030 1e-030 1e-030 1e-030 1e-030 1e-030 0.0376793 0.0188397 1e-030 0.0188397 1e-030 1e-030 1e-030 5.71974e-095 0.0188397 9.22214e-300 0.0391774 1e-030 1e-030 0.0188397 0.188397 1e-030 1e-030 0.0376793 0.621709 
1e-030 1e-030 1e-030 1e-030 1e-030 1e-030 1e-030 1e-030 1e-030 1e-030 1e-030 1e-030 1e-030 1e-030 1e-030 1e-030 1e-030 1e-030 1e-030 1e-030 1e-030 1e-030 1e-030 1.49747e-009 1e-030 1e-030 1e-030 0.368241 1e-030 1e-030 1e-030 0.631759 
1e-030 1e-030 1e-030 1e-030 1e-030 1e-030 1e-030 1e-030 1e-030 1e-030 1e-030 1e-030 1e-030 1e-030 1e-030 1e-030 1e-030 1e-030 1e-030 1e-030 1e-030 1.25176e-285 1e-030 0.0972348 1e-030 1e-030 1e-030 4.39847e-017 1e-030 1e-030 1.25176e-285 0.902765 
1e-030 1e-030 1e-030 1e-030 1e-030 1e-030 1e-030 1e-030 1e-030 1e-030 1e-030 1e-030 1e-030 1e-030 1e-030 1e-030 1e-030 1e-030 1e-030 1e-030 1.28736e-284 1e-030 1e-030 5.57576e-188 1e-030 1e-030 1e-030 1e-030 1e-030 1e-030 1 3.55557e-293 
1e-030 1e-030 1e-030 1e-030 1e-030 1e-030 1e-030 1e-030 1e-030 1e-030 1e-030 1e-030 1e-030 1e-030 1e-030 1e-030 1e-030 1e-030 0.0666667 1e-030 0.0666667 0.0666667 1e-030 0.8 1e-030 1e-030 1e-030 1e-030 1e-030 1e-030 5.5878e-200 2.31919e-024 
1e-030 1e-030 1e-030 1e-030 1e-030 1e-030 1e-030 1e-030 1e-030 1e-030 1e-030 1e-030 1e-030 1e-030 0.0535714 0.0178571 1e-030 1e-030 1.66033e-011 1e-030 0.0178571 0.0357143 1e-030 0.107143 1e-030 1e-030 1e-030 0.160714 1e-030 1e-030 0.0892857 0.517857 
1e-030 1e-030 1e-030 1e-030 1e-030 1e-030 1e-030 1e-030 1e-030 1e-030 1e-030 1e-030 1e-030 1e-030 1e-030 1e-030 1e-030 1e-030 1e-030 1e-030 1e-030 1e-030 1e-030 8.42041e-030 1e-030 1e-030 1e-030 5.93367e-270 1e-030 3.73223e-299 1e-030 1 
1e-030 1e-030 1e-030 1e-030 1e-030 1e-030 1e-030 1e-030 1e-030 1e-030 1e-030 1e-030 1e-030 1e-030 1e-030 1e-030 1e-030 1e-030 1e-030 1e-030 9.19341e-075 4.24509e-250 1e-030 0.332529 1e-030 1e-030 1e-030 0.249396 1e-030 0.147702 0.0831322 0.18724 
1e-030 1e-030 1e-030 1e-030 1e-030 1e-030 1e-030 1e-030 1e-030 1e-030 1e-030 1e-030 1e-030 1e-030 9.005e-311 1e-030 1e-030 1e-030 1e-030 1e-030 0.674847 8.69941e-035 1e-030 0.274925 1e-030 1e-030 1e-030 5.326e-279 1e-030 0.0502275 1.98445e-245 5.9894e-035 
1e-030 1e-030 1e-030 1e-030 1e-030 1e-030 1e-030 1e-030 1e-030 1e-030 1e-030 1e-030 1e-030 1e-030 5.54299e-291 1e-030 1e-030 1e-030 1e-030 1e-030 2.36595e-007 0.136276 1e-030 0.863724 1e-030 1e-030 1e-030 1e-030 1e-030 4.84431e-279 1.32128e-200 9.58792e-047 
1e-030 1e-030 1e-030 1e-030 1e-030 1e-030 1e-030 1e-030 1e-030 1e-030 1e-030 1e-030 1e-030 1e-030 0.0367378 1e-030 1e-030 0.0183689 0.0551068 1e-030 0.0183689 5.6506e-244 1e-030 0.228505 1e-030 1e-030 1e-030 0.146951 1e-030 6.39493e-277 0.0367378 0.459223 
1e-030 1e-030 1e-030 1e-030 1e-030 1e-030 1e-030 1e-030 1e-030 1e-030 1e-030 1e-030 1e-030 1e-030 1e-030 1e-030 1e-030 1e-030 1e-030 1e-030 1e-030 1e-030 1e-030 1e-030 1e-030 1e-030 1e-030 1e-030 1e-030 1 1e-030 1e-030 
1e-030 1e-030 1e-030 1e-030 1e-030 1e-030 1e-030 1e-030 1e-030 1e-030 1e-030 1e-030 1e-030 1e-030 1e-030 1e-030 1e-030 1.0111e-209 1e-030 1e-030 5.62648e-040 1e-030 1e-030 0.0357143 1e-030 1e-030 1e-030 0.678571 1e-030 1e-030 1e-030 0.285714 
1e-030 1e-030 1e-030 1e-030 1e-030 1e-030 1e-030 1e-030 1e-030 1e-030 1e-030 1e-030 1e-030 1e-030 1e-030 1e-030 1e-030 0.166667 1e-030 1e-030 0.833333 1.13882e-015 1e-030 4.08001e-088 1e-030 1e-030 1e-030 2.12861e-068 1e-030 1e-030 1e-030 4.11364e-007 
1e-030 1e-030 1e-030 1e-030 1e-030 1e-030 1e-030 1e-030 1e-030 1e-030 1e-030 1e-030 1e-030 1e-030 5.73782e-132 1e-030 7.16252e-218 4.41722e-147 1e-030 1e-030 2.82807e-014 0.303167 1e-030 0.696833 1e-030 1e-030 1e-030 2.91448e-207 1e-030 1e-030 3.11638e-103 7.92322e-014 
1e-030 1e-030 1e-030 1e-030 1e-030 1e-030 1e-030 1e-030 1e-030 1e-030 1e-030 1e-030 1e-030 1e-030 0.0460785 1e-030 0.0230392 7.31688e-232 1e-030 1e-030 0.0460785 0.0691265 1e-030 0.170579 1e-030 1e-030 1e-030 0.184314 1e-030 1e-030 0.0460785 0.414706 
1e-030 1e-030 1e-030 1e-030 1e-030 1e-030 1e-030 1e-030 1e-030 1e-030 1e-030 1e-030 1e-030 1e-030 1e-030 1e-030 1e-030 4.76579e-099 1e-030 1e-030 1.27274e-200 1e-030 1e-030 0.17316 1e-030 1e-030 1e-030 0.0671873 1e-030 1e-030 0.164902 0.594751 
1e-030 1e-030 1e-030 1e-030 1e-030 1e-030 1e-030 1e-030 1e-030 1e-030 1e-030 1e-030 1e-030 1.0528e-275 1e-030 1e-030 1.0528e-275 8.72586e-006 1.0528e-275 1e-030 1.51171e-028 1e-030 1e-030 0.277748 1e-030 1e-030 1e-030 0.0514356 1e-030 1e-030 0.205198 0.46561 
1e-030 1e-030 1e-030 1e-030 1e-030 1e-030 1e-030 1e-030 1e-030 1e-030 1e-030 1e-030 1e-030 1.41862e-230 1e-030 1e-030 1.28068e-081 0.249787 2.97332e-198 1e-030 0.746858 1e-030 1e-030 0.000475825 1e-030 1e-030 1e-030 1.38534e-055 1e-030 1e-030 9.02519e-012 0.002879 
1e-030 1e-030 1e-030 1e-030 1e-030 1e-030 1e-030 1e-030 1e-030 1e-030 1e-030 1e-030 1e-030 5.92752e-132 1e-030 1e-030 4.70104e-046 2.89139e-019 4.83203e-073 1e-030 0.00351179 1e-030 1e-030 0.995292 1e-030 1e-030 1e-030 1.44181e-100 1e-030 1e-030 8.67129e-025 0.00119654 
1e-030 1e-030 1e-030 1e-030 1e-030 1e-030 1e-030 1e-030 1e-030 1e-030 1e-030 1e-030 1e-030 0.0284779 1e-030 1e-030 0.0284779 6.7553e-034 0.0284779 1e-030 0.0854336 0.0854336 1e-030 0.0889098 1e-030 1e-030 1e-030 0.199345 1e-030 1e-030 0.0284779 0.426967 
1e-030 1e-030 1e-030 1e-030 1e-030 1e-030 1e-030 1e-030 1e-030 1e-030 1e-030 1e-030 1e-030 3.15485e-163 1e-030 1e-030 1e-030 6.43553e-163 1e-030 1e-030 6.72646e-222 2.37597e-233 1e-030 0.0920591 1e-030 1e-030 1e-030 0.149916 1e-030 1e-030 4.79808e-013 0.758025 
1e-030 1e-030 1e-030 1e-030 1e-030 1e-030 1e-030 1e-030 1e-030 1e-030 1e-030 1e-030 1e-030 1.8657e-163 1e-030 1e-030 1.81011e-305 1.56202e-291 1e-030 1e-030 4.3273e-221 2.61167e-221 1e-030 0.202556 1e-030 1e-030 1e-030 1.67656e-008 1e-030 1e-030 0.170513 0.626931 
1e-030 1e-030 1e-030 1e-030 1e-030 1e-030 1e-030 1e-030 1e-030 1e-030 1e-030 1e-030 1e-030 1e-030 1e-030 1e-030 3.91822e-305 3.03145e-179 1e-030 1e-030 8.41678e-163 8.56895e-221 1e-030 0.00197555 1e-030 1e-030 1e-030 8.97769e-171 1e-030 1e-030 3.28673e-035 0.998024 
1e-030 1e-030 1e-030 1e-030 1e-030 1e-030 1e-030 1e-030 1e-030 1e-030 1e-030 1e-030 1e-030 1.82571e-040 1e-030 1e-030 6.29553e-275 1 1e-030 1e-030 1e-030 8.58553e-162 1e-030 3.13797e-076 1e-030 1e-030 1e-030 3.564e-127 1e-030 1e-030 3.77813e-092 8.09487e-030 
1e-030 1e-030 1e-030 1e-030 1e-030 1e-030 1e-030 1e-030 1e-030 1e-030 1e-030 1e-030 1e-030 0.027027 1e-030 1e-030 0.027027 1.39511e-038 0.027027 1e-030 0.135135 0.135135 1e-030 0.216216 1e-030 1e-030 1e-030 0.0540541 1e-030 1e-030 0.027027 0.351351 
1e-030 1e-030 1e-030 1e-030 1e-030 1e-030 1e-030 1e-030 1e-030 1e-030 1e-030 1e-030 1e-030 1e-030 1e-030 1e-030 1e-030 1e-030 1e-030 1e-030 1e-030 1e-030 1e-030 1.0603e-008 1e-030 1e-030 1e-030 1e-030 1e-030 1e-030 0.186305 0.813695 
1e-030 1e-030 1e-030 1e-030 1e-030 1e-030 1e-030 1e-030 1e-030 1e-030 1e-030 1e-030 1e-030 1e-030 1e-030 1e-030 1e-030 7.39648e-010 1e-030 1e-030 2.8836e-092 1e-030 1e-030 0.230375 1e-030 1e-030 1e-030 1e-030 1e-030 1e-030 0.130546 0.639078 
1e-030 1e-030 1e-030 1e-030 1e-030 1e-030 1e-030 1e-030 1e-030 1e-030 1e-030 1e-030 1e-030 1e-030 9.91651e-231 1e-030 1e-030 0.333333 1e-030 1e-030 0.666666 1e-030 1e-030 2.93801e-009 1e-030 1e-030 1e-030 1e-030 1e-030 1e-030 8.08734e-038 8.93624e-007 
1e-030 1e-030 1e-030 1e-030 1e-030 1e-030 1e-030 1e-030 1e-030 1e-030 1e-030 1e-030 1e-030 1e-030 1e-030 1e-030 2.77617e-231 5.95133e-170 1e-030 1e-030 8.78922e-011 1e-030 1e-030 1 1e-030 1e-030 1e-030 1e-030 1e-030 1e-030 3.2093e-168 2.72355e-013 
1e-030 1e-030 1e-030 1e-030 1e-030 1e-030 1e-030 1e-030 1e-030 1e-030 1e-030 1e-030 1e-030 0.0194993 0.0194993 1e-030 0.0194993 1e-030 1e-030 1e-030 8.75437e-175 0.0389985 1e-030 0.20053 1e-030 1e-030 1e-030 0.0974963 1e-030 1e-030 0.116996 0.487482 
1e-030 1e-030 1e-030 1e-030 1e-030 1e-030 1e-030 1e-030 1e-030 1e-030 1e-030 1e-030 1e-030 1e-030 1e-030 1e-030 1.2516e-154 6.35654e-155 2.07316e-184 1e-030 6.76152e-214 1e-030 1.2516e-154 0.0333094 1e-030 1e-030 1e-030 0.0323189 1e-030 1e-030 0.193885 0.740487 
1e-030 1e-030 1e-030 1e-030 1e-030 1e-030 1e-030 1e-030 1e-030 1e-030 1e-030 1e-030 1e-030 1e-030 1e-030 1e-030 2.54571e-117 1.26566e-154 2.57183e-154 1e-030 1.23878e-183 1e-030 1.06653e-302 0.396421 1e-030 1e-030 1e-030 0.0664089 1e-030 1e-030 5.53444e-005 0.537115 
1e-030 1e-030 1e-030 1e-030 1e-030 1e-030 1e-030 1e-030 1e-030 1e-030 1e-030 1e-030 1e-030 1e-030 1e-030 1e-030 1 1.95261e-127 1e-030 1e-030 3.87268e-153 1e-030 8.53438e-029 2.42002e-053 1e-030 1e-030 1e-030 2.57467e-089 1e-030 1e-030 6.02742e-250 4.88771e-020 
1e-030 1e-030 1e-030 1e-030 1e-030 1e-030 1e-030 1e-030 1e-030 1e-030 1e-030 1e-030 1e-030 1e-030 1e-030 1e-030 1.46247e-028 0.083353 0.083353 1e-030 0.333412 1e-030 0.166706 0.333176 1e-030 1e-030 1e-030 1.56995e-130 1e-030 1e-030 1.36709e-129 1.0865e-010 
1e-030 1e-030 1e-030 1e-030 1e-030 1e-030 1e-030 1e-030 1e-030 1e-030 1e-030 1e-030 1e-030 1e-030 1e-030 1e-030 4.84131e-285 1.50353e-233 1.94782e-076 1e-030 0.0384573 1e-030 4.2258e-015 0.307768 0.0384573 1e-030 1e-030 0.0769147 1e-030 1e-030 0.153829 0.384573 
1e-030 1e-030 1e-030 1e-030 1e-030 1e-030 1e-030 1e-030 1e-030 1e-030 1e-030 1e-030 1e-030 1e-030 1e-030 1e-030 1e-030 1e-030 1e-030 1e-030 1e-030 1e-030 1e-030 0.0863706 1e-030 1e-030 1e-030 8.07903e-051 1e-030 1e-030 0.0472106 0.866419 
1e-030 1e-030 1e-030 1e-030 1e-030 1e-030 1e-030 1e-030 1e-030 1e-030 1e-030 1e-030 1e-030 1e-030 1e-030 1e-030 1e-030 1e-030 1e-030 1e-030 8.50621e-298 4.19019e-174 1e-030 0.00113951 1e-030 1e-030 1e-030 1.43874e-007 1e-030 1e-030 0.368481 0.630379 
1e-030 1e-030 1e-030 1e-030 1e-030 1e-030 1e-030 1e-030 1e-030 1e-030 1e-030 1e-030 1e-030 1e-030 1e-030 1e-030 1e-030 1.98171e-165 1e-030 1e-030 4.47147e-070 0.00550273 5.08559e-290 0.341579 1e-030 1e-030 1e-030 0.170802 1e-030 1e-030 1.30195e-014 0.482117 
1e-030 1e-030 1e-030 1e-030 1e-030 1e-030 1e-030 1e-030 1e-030 1e-030 1e-030 1e-030 1e-030 1e-030 1e-030 1e-030 1e-030 0.0668083 1e-030 1e-030 0.0668083 0.064656 0.133617 0.668093 1e-030 1e-030 1e-030 6.66431e-082 1e-030 1e-030 1.77983e-274 1.7387e-005 
1e-030 1e-030 1e-030 1e-030 1e-030 1e-030 1e-030 1e-030 1e-030 1e-030 1e-030 1e-030 1e-030 1e-030 1e-030 1e-030 1e-030 2.35833e-239 1e-030 1e-030 0.0769233 8.82356e-268 8.33184e-182 6.29573e-017 1e-030 1e-030 1e-030 1e-030 1e-030 1e-030 0.153847 0.76923 
1e-030 1e-030 1e-030 1e-030 1e-030 1e-030 1e-030 1e-030 1e-030 1e-030 1e-030 1e-030 1e-030 1e-030 1e-030 1e-030 1e-030 1e-030 1e-030 1e-030 1e-030 1e-030 1e-030 1.86328e-092 1e-030 1e-030 1e-030 2.51406e-221 1e-030 1e-030 0.601463 0.398537 
1e-030 1e-030 1e-030 1e-030 1e-030 1e-030 1e-030 1e-030 1e-030 1e-030 1e-030 1e-030 1e-030 1e-030 1e-030 1e-030 1e-030 1e-030 1e-030 1e-030 4.94446e-259 1e-030 1e-030 0.022861 1e-030 1e-030 1e-030 0.0217937 1e-030 1e-030 0.193831 0.761514 
1e-030 1e-030 1e-030 1e-030 1e-030 1e-030 1e-030 1e-030 1e-030 1e-030 1e-030 1e-030 1e-030 1e-030 1e-030 1e-030 1e-030 1e-030 1e-030 1e-030 0.503027 1e-030 1e-030 0.496973 1e-030 1e-030 1e-030 1e-030 1e-030 1e-030 1e-030 4.40912e-170 
1e-030 1e-030 1e-030 1e-030 1e-030 1e-030 1e-030 1e-030 1e-030 1e-030 1e-030 1e-030 1e-030 1e-030 1e-030 1e-030 1e-030 1e-030 1e-030 1e-030 0.00181758 1e-030 1e-030 0.998182 1e-030 1e-030 1e-030 1e-030 1e-030 1e-030 1e-030 3.40928e-123 
1e-030 1e-030 1e-030 1e-030 1e-030 1e-030 1e-030 1e-030 1e-030 1e-030 1e-030 1e-030 1e-030 1e-030 1e-030 1e-030 0.2 1e-030 0.05 1e-030 0.05 0.1 0.05 3.16147e-246 1e-030 1e-030 1e-030 1e-030 1e-030 1e-030 1e-030 0.55 
1e-030 1e-030 1e-030 1e-030 1e-030 1e-030 1e-030 1e-030 1e-030 1e-030 1e-030 1e-030 1e-030 1e-030 1e-030 1e-030 1e-030 1.49302e-134 1.49302e-134 1e-030 1.49302e-134 1e-030 1e-030 0.166955 1e-030 2.41282e-295 1e-030 0.0563691 1e-030 1e-030 2.91758e-008 0.776676 
1e-030 1e-030 1e-030 1e-030 1e-030 1e-030 1e-030 1e-030 1e-030 1e-030 1e-030 1e-030 1e-030 1e-030 1e-030 1e-030 1e-030 2.49113e-190 1.68509e-034 1e-030 4.69284e-258 1e-030 1e-030 0.0450246 1e-030 9.21184e-280 1e-030 0.090391 1e-030 1e-030 0.103844 0.76074 
1e-030 1e-030 1e-030 1e-030 1e-030 1e-030 1e-030 1e-030 1e-030 1e-030 1e-030 1e-030 1e-030 1e-030 1e-030 1e-030 1e-030 0.317443 0.211629 1e-030 0.317443 1.01672e-018 1e-030 0.0476699 1e-030 0.105814 1e-030 1e-030 1e-030 1e-030 3.99792e-186 2.7546e-009 
1e-030 1e-030 1e-030 1e-030 1e-030 1e-030 1e-030 1e-030 1e-030 1e-030 1e-030 1e-030 1e-030 1e-030 1e-030 1e-030 1e-030 2.56709e-147 1e-030 1e-030 7.6348e-177 0.149759 1e-030 0.850181 1e-030 3.84765e-025 1e-030 1e-030 1e-030 1e-030 3.45513e-055 5.91465e-005 
1e-030 1e-030 1e-030 1e-030 1e-030 1e-030 1e-030 1e-030 1e-030 1e-030 1e-030 1e-030 1e-030 1e-030 0.0366617 1e-030 0.109985 1e-030 0.0366617 1e-030 1e-030 0.0366655 1e-030 0.156791 1e-030 1e-030 1e-030 0.21997 1e-030 1e-030 0.109985 0.293279 
1e-030 1e-030 1e-030 1e-030 1e-030 1e-030 1e-030 1e-030 1e-030 1e-030 1e-030 1e-030 1e-030 1e-030 1e-030 1e-030 1e-030 8.04342e-199 1e-030 1e-030 1e-030 1e-030 1e-030 0.000189002 1e-030 1e-030 1e-030 0.0612658 1e-030 0.0304222 0.0650876 0.843035 
1e-030 1e-030 1e-030 1e-030 1e-030 1e-030 1e-030 1e-030 1e-030 1e-030 1e-030 1e-030 1e-030 1e-030 1e-030 1e-030 1e-030 2.86941e-025 1e-030 1e-030 7.8197e-066 1e-030 1e-030 0.093457 1e-030 1e-030 1e-030 4.55095e-005 1e-030 0.0221747 0.0853067 0.799016 
1e-030 1e-030 1e-030 1e-030 1e-030 1e-030 1e-030 1e-030 1e-030 1e-030 1e-030 1e-030 1e-030 1e-030 1e-030 1e-030 1e-030 0.000174475 1e-030 1e-030 7.40567e-008 1e-030 1e-030 0.959772 1e-030 1e-030 1e-030 3.3398e-189 1e-030 1.02532e-098 2.45239e-022 0.0400537 
1e-030 1e-030 1e-030 1e-030 1e-030 1e-030 1e-030 1e-030 1e-030 1e-030 1e-030 1e-030 1e-030 1e-030 9.9469e-169 1e-030 1e-030 0.0865808 1e-030 1e-030 0.173233 1e-030 1e-030 0.740059 1e-030 1e-030 1e-030 3.71924e-189 1e-030 2.09447e-105 5.99257e-027 0.000126628 
1e-030 1e-030 1e-030 1e-030 1e-030 1e-030 1e-030 1e-030 1e-030 1e-030 1e-030 1e-030 1e-030 1e-030 0.0312028 1e-030 0.0312028 0.0312028 0.0312028 1e-030 0.0936083 1e-030 1e-030 0.0327596 1e-030 1e-030 1e-030 0.280825 1e-030 3.99061e-087 0.124811 0.343185 
1e-030 1e-030 1e-030 1e-030 1e-030 1e-030 1e-030 1e-030 1e-030 1e-030 1e-030 1e-030 1e-030 1e-030 1e-030 1e-030 1e-030 1e-030 1e-030 1e-030 1e-030 1e-030 1e-030 3.16358e-007 1e-030 1e-030 1e-030 1e-030 1e-030 1e-030 3.52602e-075 1 
1e-030 1e-030 1e-030 1e-030 1e-030 1e-030 1e-030 1e-030 1e-030 1e-030 1e-030 1e-030 1e-030 3.92491e-300 1.62456e-229 1e-030 5.32447e-056 3.05063e-008 1e-030 1e-030 1.49507e-142 1.49507e-142 1.49507e-142 0.508666 1e-030 1e-030 1e-030 5.96884e-184 1e-030 1e-030 0.141514 0.349821 
1e-030 1e-030 1e-030 1e-030 1e-030 1e-030 1e-030 1e-030 1e-030 1e-030 1e-030 1e-030 1e-030 1.79219e-254 5.0674e-228 1e-030 0.373251 0.373419 1e-030 1e-030 6.79614e-119 1e-030 2.64825e-026 0.000265624 1e-030 1e-030 1e-030 3.66293e-182 1e-030 1e-030 0.227402 0.0256624 
1e-030 1e-030 1e-030 1e-030 1e-030 1e-030 1e-030 1e-030 1e-030 1e-030 1e-030 1e-030 1e-030 7.90064e-254 1e-030 1e-030 3.91681e-005 1.24905e-019 1e-030 1e-030 0.086977 0.086965 0.0869803 0.737867 1e-030 1e-030 1e-030 0.00117191 1e-030 1e-030 1.88771e-065 5.31397e-016 
1e-030 1e-030 1e-030 1e-030 1e-030 1e-030 1e-030 1e-030 1e-030 1e-030 1e-030 1e-030 1e-030 0.0219766 0.0439531 1e-030 0.0219766 2.25709e-049 1e-030 1e-030 0.0219776 0.0879104 0.0219768 0.231111 1e-030 1e-030 1e-030 0.0656336 1e-030 1e-030 0.0659297 0.417555 
1e-030 1e-030 1e-030 1e-030 1e-030 1e-030 1e-030 1e-030 1e-030 1e-030 1e-030 1e-030 1e-030 1e-030 1e-030 1e-030 1e-030 1e-030 1e-030 1e-030 1e-030 1e-030 1e-030 3.9073e-183 1e-030 1e-030 1e-030 0.032539 1e-030 1e-030 2.20157e-006 0.967459 
1e-030 1e-030 1e-030 1e-030 1e-030 1e-030 1e-030 1e-030 1e-030 1e-030 1e-030 1e-030 1e-030 1e-030 1e-030 1e-030 1e-030 1e-030 1e-030 1e-030 1e-030 4.42289e-127 1e-030 1.36742e-016 1e-030 1e-030 1e-030 0.0900774 1e-030 1e-030 0.190602 0.71932 
1e-030 1e-030 1e-030 1e-030 1e-030 1e-030 1e-030 1e-030 1e-030 1e-030 1e-030 1e-030 1e-030 1e-030 1e-030 1e-030 1e-030 1e-030 1e-030 1e-030 1e-030 1.79206e-019 1e-030 0.033295 1e-030 1e-030 1e-030 1.88124e-010 1e-030 1e-030 1.0623e-056 0.966705 
1e-030 1e-030 1e-030 1e-030 1e-030 1e-030 1e-030 1e-030 1e-030 1e-030 1e-030 1e-030 1e-030 1e-030 1e-030 1e-030 1e-030 1e-030 1e-030 1e-030 1e-030 0.0635012 1e-030 0.936498 1e-030 1e-030 1e-030 3.91296e-078 1e-030 1e-030 1.44536e-067 3.73468e-007 
1e-030 1e-030 1e-030 1e-030 1e-030 1e-030 1e-030 1e-030 1e-030 1e-030 1e-030 1e-030 1e-030 1e-030 1e-030 1e-030 1e-030 0.0231505 0.046301 1e-030 0.0694515 0.0694515 1e-030 0.143432 1e-030 1e-030 1e-030 0.185204 1e-030 1e-030 0.046301 0.416709 
1e-030 1e-030 1e-030 1e-030 1e-030 1e-030 1e-030 1e-030 1e-030 1e-030 1e-030 1e-030 1e-030 1e-030 1e-030 1e-030 1e-030 5.61996e-082 1.81173e-295 1e-030 3.42067e-189 1e-030 2.82147e-189 0.447066 1e-030 1e-030 1e-030 0.0690192 1e-030 1e-030 0.207058 0.276857 
1e-030 1e-030 1e-030 1e-030 1e-030 1e-030 1e-030 1e-030 1e-030 1e-030 1e-030 1e-030 1e-030 1e-030 1e-030 1e-030 1e-030 1.83716e-045 1e-030 1e-030 6.95225e-189 1e-030 1.90412e-249 0.144852 1e-030 1e-030 1e-030 1.20931e-006 1e-030 1e-030 6.19635e-015 0.855146 
1e-030 1e-030 1e-030 1e-030 1e-030 1e-030 1e-030 1e-030 1e-030 1e-030 1e-030 1e-030 1e-030 1e-030 1e-030 1e-030 1e-030 0.666669 1.22389e-255 1e-030 2.73424e-209 1e-030 1.54145e-060 1.26248e-007 1e-030 1e-030 1e-030 0.33333 1e-030 1e-030 1e-030 5.74681e-009 
1e-030 1e-030 1e-030 1e-030 1e-030 1e-030 1e-030 1e-030 1e-030 1e-030 1e-030 1e-030 1e-030 1e-030 1e-030 1e-030 1e-030 7.07005e-013 2.78781e-252 1e-030 0.252715 1e-030 0.0842382 0.663047 1e-030 1e-030 1e-030 9.09827e-239 1e-030 1e-030 2.15029e-215 9.7263e-016 
1e-030 1e-030 1e-030 1e-030 1e-030 1e-030 1e-030 1e-030 1e-030 1e-030 1e-030 1e-030 1e-030 1e-030 1e-030 1e-030 1e-030 0.0664762 0.0443175 1e-030 0.0221588 1e-030 1.03046e-140 0.0693326 1e-030 1e-030 1e-030 0.0221587 1e-030 1e-030 0.110794 0.664762 
1e-030 1e-030 1e-030 1e-030 1e-030 1e-030 1e-030 1e-030 1e-030 1e-030 1e-030 1e-030 1e-030 1e-030 1e-030 1e-030 1e-030 1e-030 1e-030 1e-030 2.7622e-129 1e-030 2.76948e-166 0.256726 1e-030 1e-030 1e-030 0.0733948 1e-030 1e-030 1e-030 0.669879 
1e-030 1e-030 1e-030 1e-030 1e-030 1e-030 1e-030 1e-030 1e-030 1e-030 1e-030 1e-030 1e-030 1e-030 1e-030 1e-030 1e-030 1e-030 1e-030 1e-030 4.15835e-027 1e-030 1.37982e-131 0.292281 1e-030 1e-030 1e-030 0.18646 1e-030 1e-030 1e-030 0.521259 
1e-030 1e-030 1e-030 1e-030 1e-030 1e-030 1e-030 1e-030 1e-030 1e-030 1e-030 1e-030 1e-030 1e-030 1e-030 1e-030 1e-030 1e-030 1e-030 1e-030 0.171691 1e-030 6.18751e-018 0.246697 1e-030 1e-030 1e-030 0.581612 1e-030 1e-030 8.08139e-284 4.20835e-009 
1e-030 1e-030 1e-030 1e-030 1e-030 1e-030 1e-030 1e-030 1e-030 1e-030 1e-030 1e-030 1e-030 1e-030 1e-030 1e-030 1.23463e-246 1e-030 1e-030 1e-030 0.167071 1e-030 0.134523 0.698406 1e-030 1e-030 1e-030 4.13328e-008 1e-030 1e-030 2.58592e-036 2.52758e-007 
1e-030 1e-030 1e-030 1e-030 1e-030 1e-030 1e-030 1e-030 1e-030 1e-030 1e-030 1e-030 1e-030 1e-030 1e-030 1e-030 0.0194097 0.0194097 0.0194097 1e-030 0.0194097 0.0194097 1.94303e-031 0.223612 1e-030 1e-030 1e-030 0.0776388 1e-030 1e-030 0.0970485 0.504652 
1e-030 1e-030 1e-030 1e-030 1e-030 1e-030 1e-030 1e-030 1e-030 1e-030 1e-030 1e-030 1e-030 1e-030 1e-030 1e-030 1e-030 1e-030 1e-030 1e-030 1e-030 1e-030 1e-030 1.70398e-006 1e-030 1e-030 1e-030 1e-030 1e-030 1e-030 0.499999 0.499999 
1e-030 1e-030 1e-030 1e-030 1e-030 1e-030 1e-030 1e-030 1e-030 1e-030 1e-030 1e-030 1e-030 1e-030 1e-030 1e-030 1e-030 2.91385e-054 1e-030 1e-030 6.02095e-240 1e-030 1e-030 0.411765 1e-030 1e-030 1e-030 1e-030 1e-030 1e-030 2.28698e-051 0.588235 
1e-030 1e-030 1e-030 1e-030 1e-030 1e-030 1e-030 1e-030 1e-030 1e-030 1e-030 1e-030 1e-030 1e-030 1e-030 1e-030 1e-030 0.5 1e-030 1e-030 0.5 1e-030 1e-030 3.00219e-042 1e-030 1e-030 1e-030 1e-030 1e-030 1e-030 1e-030 1.56473e-031 
1e-030 1e-030 1e-030 1e-030 1e-030 1e-030 1e-030 1e-030 1e-030 1e-030 1e-030 1e-030 1e-030 1e-030 1e-030 1e-030 1e-030 1.40464e-181 1e-030 1e-030 2.02438e-039 0.0683791 1e-030 0.931621 1e-030 1e-030 1e-030 1e-030 1e-030 1e-030 8.02397e-220 5.42666e-065 
1e-030 1e-030 1e-030 0.0190706 1e-030 1e-030 1e-030 1e-030 1e-030 1e-030 1e-030 1e-030 1e-030 0.0190706 0.0190706 1e-030 1e-030 0.0381411 1e-030 1e-030 4.777e-166 0.0256705 1e-030 0.173366 1e-030 1e-030 1e-030 0.0381411 1e-030 0.0190706 0.0381411 0.610258 
1e-030 1e-030 1e-030 1e-030 1e-030 1e-030 1e-030 1e-030 1e-030 1e-030 1e-030 1e-030 1e-030 1e-030 1e-030 1e-030 1e-030 5.69391e-267 1e-030 1e-030 4.62785e-090 1e-030 1e-030 0.483632 1e-030 1e-030 1e-030 1e-030 1e-030 1e-030 0.0153165 0.501051 
1e-030 1e-030 1e-030 1e-030 1e-030 1e-030 1e-030 1e-030 1e-030 1e-030 1e-030 1e-030 1e-030 1e-030 1e-030 1e-030 1e-030 1e-030 1e-030 1e-030 1.80774e-027 1e-030 1e-030 0.00112336 1e-030 1e-030 1e-030 1e-030 1e-030 1e-030 0.277774 0.721103 
1e-030 1e-030 1e-030 1e-030 1e-030 1e-030 1e-030 1e-030 1e-030 1e-030 1e-030 1e-030 1e-030 1e-030 1e-030 1e-030 1e-030 0.2 1e-030 1e-030 0.8 1e-030 1e-030 1.33853e-012 1e-030 1e-030 1e-030 1e-030 1e-030 1e-030 3.32661e-137 6.34413e-010 
1e-030 1e-030 1e-030 1e-030 1e-030 1e-030 1e-030 1e-030 1e-030 1e-030 1e-030 1e-030 1e-030 1e-030 1e-030 1e-030 1e-030 9.06417e-108 1e-030 1e-030 8.44786e-014 1e-030 1e-030 1 1e-030 1e-030 1e-030 1e-030 1e-030 1e-030 5.0954e-131 8.73877e-015 
1e-030 1e-030 1e-030 1e-030 1e-030 1e-030 1e-030 1e-030 1e-030 1e-030 1e-030 1e-030 1e-030 1e-030 0.0360378 1e-030 0.0180189 2.58892e-230 0.0180189 1e-030 0.0180189 0.0360378 1e-030 0.297264 1e-030 1e-030 1e-030 0.0180189 1e-030 1e-030 0.108113 0.450472 
1e-030 1e-030 1e-030 1e-030 1e-030 1e-030 1e-030 1e-030 1e-030 1e-030 1e-030 1e-030 1e-030 1e-030 1e-030 1e-030 1e-030 4.48764e-302 1e-030 1e-030 1e-030 1.51477e-183 9.24258e-122 2.68731e-007 1e-030 1e-030 1e-030 1e-030 1e-030 1e-030 0.300407 0.699592 
1e-030 1e-030 1e-030 1e-030 1e-030 1e-030 1e-030 1e-030 1e-030 1e-030 1e-030 1e-030 1e-030 1e-030 1e-030 1e-030 1e-030 2.30308e-241 1.1775e-241 1e-030 2.47635e-269 2.76302e-168 1.02218e-284 0.269154 1e-030 1e-030 1e-030 1e-030 1e-030 1e-030 0.0283376 0.702508 
1e-030 1e-030 1e-030 1e-030 1e-030 1e-030 1e-030 1e-030 1e-030 1e-030 1e-030 1e-030 1e-030 1e-030 1e-030 1e-030 1e-030 5.10911e-214 4.60013e-240 1e-030 4.81228e-240 1e-030 4.07707e-019 5.66687e-121 1e-030 1e-030 1e-030 1e-030 1e-030 1e-030 1 1e-030 
1e-030 1e-030 1e-030 1e-030 1e-030 1e-030 1e-030 1e-030 1e-030 1e-030 1e-030 1e-030 1e-030 1e-030 1e-030 1e-030 1e-030 5.6885e-185 1.23504e-213 1e-030 1.09247e-239 0.13952 0.0697639 0.790716 1e-030 1e-030 1e-030 1e-030 1e-030 1e-030 1.38781e-220 1.85935e-014 
1e-030 1e-030 1e-030 1e-030 1e-030 1e-030 1e-030 1e-030 1e-030 1e-030 1e-030 1e-030 1e-030 1e-030 1e-030 1e-030 1e-030 0.0441191 0.0441191 1e-030 0.0441191 0.044124 1.53456e-187 0.29409 1e-030 1e-030 1e-030 1e-030 1e-030 1e-030 0.176476 0.352952 
1e-030 1e-030 1e-030 1e-030 1e-030 1e-030 1e-030 1e-030 1e-030 1e-030 1e-030 1e-030 1e-030 1e-030 1e-030 1e-030 1e-030 1e-030 1e-030 1e-030 1e-030 1e-030 1e-030 0.646547 1e-030 1e-030 1e-030 4.94769e-007 1e-030 1e-030 0.353453 3.73589e-037 
1e-030 1e-030 1e-030 1e-030 1e-030 1e-030 1e-030 1e-030 1e-030 1e-030 1e-030 1e-030 1e-030 1e-030 1e-030 1e-030 1e-030 1e-030 1e-030 1e-030 1e-030 1.55101e-215 1e-030 0.887947 1e-030 1e-030 1e-030 0.0198256 1e-030 1e-030 0.0922273 1.47871e-016 
1e-030 1e-030 1e-030 1e-030 1e-030 1e-030 1e-030 1e-030 1e-030 1e-030 1e-030 1e-030 1e-030 1e-030 1e-030 1e-030 1e-030 1e-030 1e-030 1e-030 3.84998e-268 7.23309e-191 1e-030 0.632697 1e-030 1e-030 1e-030 0.367303 1e-030 1e-030 7.80645e-170 2.50495e-014 
1e-030 1e-030 1e-030 1e-030 1e-030 1e-030 1e-030 1e-030 1e-030 1e-030 1e-030 1e-030 1e-030 1e-030 1e-030 1e-030 1e-030 1.90539e-054 1e-030 1e-030 2.80371e-016 0.0183623 1e-030 0.786662 1e-030 1e-030 1e-030 0.0574657 1e-030 1e-030 0.0183623 0.119148 
1e-030 1e-030 1e-030 1e-030 1e-030 1e-030 1e-030 1e-030 1e-030 1e-030 1e-030 1e-030 1e-030 1e-030 1e-030 1e-030 1e-030 0.125091 0.125091 1e-030 0.0833939 0.0416971 1e-030 0.311529 1e-030 1e-030 1e-030 9.77587e-033 1e-030 1e-030 0.041697 0.271501 
1e-030 1e-030 1e-030 1e-030 1e-030 1e-030 1e-030 1e-030 1e-030 1e-030 1e-030 1e-030 1e-030 1e-030 1.25596e-256 1e-030 1e-030 1e-030 1.25596e-256 1e-030 1e-030 1e-030 1.25596e-256 1 1e-030 1e-030 1e-030 3.02277e-018 1e-030 3.08406e-063 1.32383e-173 9.14541e-129 
1e-030 1e-030 1e-030 1e-030 1e-030 1e-030 1e-030 1e-030 1e-030 1e-030 1e-030 1e-030 1e-030 1e-030 1e-030 1e-030 1e-030 1e-030 1e-030 1e-030 1e-030 1e-030 1e-030 0.333125 1e-030 1e-030 1e-030 0.5335 1e-030 0.133375 2.06709e-242 9.05756e-034 
1e-030 1e-030 1e-030 1e-030 1e-030 1e-030 1e-030 1e-030 1e-030 1e-030 1e-030 1e-030 1e-030 1e-030 1e-030 1e-030 1e-030 1e-030 1e-030 1e-030 1e-030 1e-030 1e-030 5.51874e-008 1e-030 1e-030 1e-030 1.86074e-036 1e-030 1.24134e-276 1.4784e-168 1 
1e-030 1e-030 1e-030 1e-030 1e-030 1e-030 1e-030 1e-030 1e-030 1e-030 1e-030 1e-030 1e-030 6.3101e-299 6.43e-034 1e-030 1e-030 1e-030 4.4922e-264 1e-030 1e-030 1e-030 1e-030 0.950999 1e-030 1e-030 1e-030 0.0245018 1e-030 1.35456e-142 0.0244992 3.83551e-039 
1e-030 1e-030 1e-030 1e-030 1e-030 1e-030 1e-030 1e-030 1e-030 1e-030 1e-030 1e-030 1e-030 0.0354777 0.0354777 1e-030 0.0709554 0.0354777 0.0354777 1e-030 1e-030 1e-030 0.0354777 0.503308 1e-030 1e-030 1e-030 2.46639e-091 1e-030 1e-030 0.0354816 0.212866 
1e-030 1e-030 1e-030 1e-030 1e-030 1e-030 1e-030 1e-030 1e-030 1e-030 1e-030 1e-030 1e-030 1e-030 1e-030 1e-030 1e-030 2.62484e-181 1e-030 1e-030 1e-030 5.91785e-267 1e-030 0.999802 1e-030 1e-030 1e-030 2.53417e-012 1e-030 1e-030 1e-030 0.000198203 
1e-030 1e-030 1e-030 1e-030 1e-030 1e-030 1e-030 1e-030 1e-030 1e-030 1e-030 1e-030 1e-030 1e-030 1e-030 1e-030 1e-030 5.08738e-073 1e-030 1e-030 2.34928e-156 1.72655e-118 2.08928e-248 0.968308 1e-030 1e-030 1e-030 5.90569e-008 1e-030 1e-030 1e-030 0.0316919 
1e-030 1e-030 1e-030 1e-030 1e-030 1e-030 1e-030 1e-030 1e-030 1e-030 1e-030 1e-030 1e-030 1e-030 1e-030 1e-030 5.31957e-310 1.03022e-037 1e-030 1e-030 2.58814e-085 1.52283e-061 5.23932e-129 0.847864 1e-030 1e-030 1e-030 1.73034e-007 1e-030 1e-030 8.0492e-199 0.152136 
1e-030 1e-030 1e-030 1e-030 1e-030 1e-030 1e-030 1e-030 1e-030 1e-030 1e-030 1e-030 1e-030 1e-030 6.85361e-083 1e-030 1.48152e-031 0.0147258 1e-030 1e-030 0.0147258 0.0147258 0.0147258 0.855897 1e-030 1e-030 1e-030 0.0441774 1e-030 1e-030 7.081e-014 0.0410225 
1e-030 1e-030 1e-030 1e-030 1e-030 1e-030 1e-030 1e-030 1e-030 1e-030 1e-030 1e-030 1e-030 1e-030 0.182997 1e-030 0.182997 3.32422e-046 1e-030 1e-030 2.83552e-032 3.39037e-039 6.90167e-021 0.00261277 1e-030 1e-030 1e-030 2.90271e-078 1e-030 1e-030 0.182997 0.448397 
1e-030 1e-030 1e-030 1e-030 1e-030 1e-030 1e-030 1e-030 1e-030 1e-030 1e-030 1e-030 1e-030 1e-030 1e-030 1e-030 1e-030 1e-030 3.0255e-130 1e-030 3.83779e-230 1e-030 1e-030 1 1e-030 1e-030 1e-030 7.16803e-015 1e-030 1e-030 1e-030 1e-030 
1e-030 1e-030 1e-030 1e-030 1e-030 1e-030 1e-030 1e-030 1e-030 1e-030 1e-030 1e-030 1e-030 1e-030 1e-030 1e-030 1e-030 1e-030 2.52354e-057 1e-030 1.70523e-106 3.5997e-244 1e-030 1 1e-030 1e-030 1e-030 3.08118e-011 1e-030 1e-030 1e-030 1e-030 
1e-030 1e-030 1e-030 1e-030 1e-030 1e-030 1e-030 1e-030 1e-030 1e-030 1e-030 1e-030 1e-030 1e-030 2.54911e-295 1e-030 1e-030 1e-030 6.57595e-023 1e-030 3.48994e-028 5.47016e-048 1e-030 1 1e-030 1e-030 1e-030 5.66455e-010 1e-030 1e-030 1.02189e-157 1.05606e-080 
1e-030 1e-030 1e-030 1e-030 1e-030 1e-030 1e-030 1e-030 1e-030 1e-030 1e-030 1e-030 1e-030 1e-030 9.74087e-056 1e-030 1e-030 1e-030 0.0286512 1e-030 0.0573014 0.0286492 1e-030 0.828004 1e-030 1e-030 1e-030 0.057303 1e-030 1e-030 1.33747e-014 9.10758e-005 
1e-030 1e-030 1e-030 1e-030 1e-030 1e-030 1e-030 1e-030 1e-030 1e-030 1e-030 1e-030 1e-030 1e-030 0.0877782 1e-030 1e-030 1e-030 0.0438894 1e-030 0.0219457 0.0438908 1e-030 0.297841 0.0219446 1e-030 1e-030 8.20367e-012 1e-030 1e-030 0.0438891 0.438821 
1e-030 1e-030 1e-030 1e-030 1e-030 1e-030 1e-030 1e-030 1e-030 1e-030 1e-030 1e-030 1e-030 1e-030 1e-030 1e-030 1e-030 1e-030 1e-030 1e-030 1e-030 1e-030 1e-030 1 1e-030 1e-030 1e-030 1e-030 1e-030 1.48868e-204 7.18324e-014 1e-030 
1e-030 1e-030 1e-030 1e-030 1e-030 1e-030 1e-030 1e-030 1e-030 1e-030 1e-030 1e-030 1e-030 1e-030 1e-030 1e-030 1e-030 1e-030 1e-030 1e-030 1e-030 1e-030 1e-030 1.57892e-060 1e-030 1e-030 1e-030 1e-030 1e-030 1.5968e-022 1 1e-030 
1e-030 1e-030 1e-030 1e-030 1e-030 1e-030 1e-030 1e-030 1e-030 1e-030 1e-030 1e-030 1e-030 1e-030 1e-030 1e-030 1e-030 1e-030 1e-030 1e-030 1e-030 1e-030 1e-030 9.80145e-015 1e-030 1e-030 1e-030 1e-030 1e-030 1 5.69503e-014 1e-030 
1e-030 1e-030 1e-030 1e-030 1e-030 1e-030 1e-030 1e-030 1e-030 1e-030 1e-030 1e-030 1e-030 1e-030 1e-030 1e-030 0.0249043 5.13425e-131 1.11537e-217 1e-030 0.0498087 1e-030 0.0249043 0.820436 1e-030 1e-030 1e-030 1e-030 1e-030 5.63645e-054 3.0916e-020 0.0799469 
1e-030 1e-030 1e-030 1e-030 1e-030 1e-030 1e-030 1e-030 1e-030 1e-030 1e-030 1e-030 1e-030 1e-030 1e-030 1e-030 9.26441e-289 0.0752892 0.0752892 1e-030 0.0501928 0.0501928 3.77582e-079 0.0516111 1e-030 1e-030 1e-030 0.150578 1e-030 1e-030 0.150578 0.396268 
1e-030 1e-030 1e-030 1e-030 1e-030 1e-030 1e-030 1e-030 1e-030 1e-030 1e-030 1e-030 1e-030 1e-030 1e-030 1e-030 1e-030 1e-030 1e-030 1e-030 1e-030 1e-030 1e-030 0.832937 1e-030 1.55022e-044 1e-030 0.094083 1e-030 1e-030 2.24028e-009 0.0729795 
1e-030 1e-030 1e-030 1e-030 1e-030 1e-030 1e-030 1e-030 1e-030 1e-030 1e-030 1e-030 1e-030 1e-030 1e-030 1e-030 1e-030 6.69953e-175 1e-030 1e-030 1e-030 1e-030 1e-030 0.935179 1e-030 2.95873e-029 1e-030 0.00579122 1e-030 1e-030 0.0276307 0.0313994 
1e-030 1e-030 1e-030 1e-030 1e-030 1e-030 1e-030 1e-030 1e-030 1e-030 1e-030 1e-030 1e-030 1e-030 1e-030 1e-030 1e-030 8.53822e-043 1e-030 1e-030 2.39628e-197 1e-030 1e-030 0.663082 1e-030 0.190386 1e-030 1.0841e-034 1e-030 1e-030 0.146533 6.52677e-013 
1e-030 1e-030 1e-030 1e-030 1e-030 1e-030 1e-030 1e-030 1e-030 1e-030 1e-030 1e-030 1e-030 1e-030 7.20314e-180 1e-030 3.47856e-076 0.139248 1e-030 1e-030 0.0556814 1e-030 1e-030 0.774952 1e-030 2.05187e-025 1e-030 4.00653e-125 1e-030 1e-030 3.59062e-018 0.0301193 
1e-030 1e-030 1e-030 1e-030 1e-030 1e-030 1e-030 1e-030 1e-030 1e-030 1e-030 1e-030 1e-030 1e-030 0.0393722 1e-030 0.0787445 0.0788017 0.0393722 1e-030 0.118165 0.0393722 1e-030 0.255019 1e-030 2.21857e-084 1e-030 2.02915e-276 1e-030 1e-030 0.0787445 0.272409 
