32 32 32 24 24 28 32 24 32 32 32 32 32 18 17 21 21 21 21 21 24 24 24 24 24 24 24 32 32 32 32 31 31 18 17 17 25 16 21 22 24 24 24 24 24 28 19 21 32 32 32 32 32 32 32 32 32 28 32 32 28 28 32 32 32 27 28 28 24 32 28 24 24 24 25 25 25 25 31 24 28 32 32 32 32 
32 30 32 32 32 32 32 32 24 32 32 32 24 32 24 24 32 24 32 31 24 32 28 28 28 28 28 24 32 31 28 16 22 24 24 21 24 24 24 24 24 24 24 28 32 32 32 32 31 31 31 31 18 21 19 21 32 24 32 28 28 19 32 28 32 28 32 28 32 32 32 28 28 32 32 32 32 28 32 32 32 28 28 30 32 
32 32 32 32 32 28 24 28 32 32 32 32 32 32 21 21 21 21 24 22 24 24 24 24 24 24 32 32 32 31 31 31 31 18 18 18 19 21 21 19 19 22 24 24 19 32 32 32 28 32 32 32 28 28 28 28 28 28 32 32 28 32 32 32 32 32 27 28 32 24 24 24 32 24 24 24 28 24 24 24 24 24 32 24 32 
32 32 32 32 32 28 32 32 32 32 32 28 32 31 31 18 18 21 24 21 22 24 24 24 24 24 28 32 32 31 32 32 15 17 17 17 19 21 28 22 24 24 24 22 22 28 28 32 28 32 32 32 32 32 28 32 31 32 24 32 28 32 32 32 27 31 30 31 32 32 32 32 24 24 32 32 31 32 32 32 32 32 32 32 24 
32 32 32 32 32 32 32 32 32 32 32 32 32 24 21 24 24 21 21 24 24 24 24 24 24 24 24 32 32 32 32 31 31 18 17 17 15 32 19 19 21 32 28 22 24 24 28 32 32 32 32 32 32 32 32 28 32 32 32 32 32 32 32 32 32 32 32 28 32 32 24 24 24 24 32 31 32 31 30 24 31 31 32 32 32 
32 32 32 32 28 32 32 31 24 24 32 32 31 32 32 32 31 24 31 18 21 23 24 21 24 21 21 24 24 24 24 24 32 32 32 32 31 14 15 31 17 14 32 32 32 28 28 28 22 28 24 28 32 32 28 32 32 32 32 32 32 32 28 32 32 32 32 32 32 32 32 27 32 32 24 32 32 32 32 32 28 28 28 32 32 
32 28 32 32 32 24 32 32 32 32 32 32 32 31 24 24 24 22 21 24 24 24 24 24 24 24 24 24 19 32 32 31 31 15 15 15 16 32 21 24 22 24 22 28 28 32 32 32 32 32 32 32 32 32 32 32 32 32 32 32 28 28 32 28 28 28 31 32 32 24 32 32 24 28 28 32 31 24 31 24 32 32 32 32 32 
32 32 32 32 32 32 32 24 28 30 31 32 28 24 24 24 28 32 30 21 21 24 21 24 22 24 24 24 24 24 24 32 32 32 32 31 32 31 15 15 18 19 32 32 21 28 24 32 32 24 24 24 32 24 32 32 32 32 32 32 32 32 28 32 32 32 32 32 28 28 28 28 19 19 32 24 24 24 24 28 32 28 24 24 24 
30 28 32 28 32 28 32 28 32 28 28 28 28 28 28 28 28 28 28 28 28 28 32 24 32 28 32 28 32 21 18 21 21 21 21 22 22 24 24 24 24 24 32 32 32 32 32 32 31 15 31 15 17 21 28 22 22 24 24 24 24 24 22 32 21 24 24 32 32 32 32 28 28 32 32 28 28 28 28 32 28 32 32 32 32 
32 32 24 31 32 28 24 32 31 32 31 32 32 32 32 32 32 32 24 24 32 24 32 28 32 24 24 31 31 31 24 24 31 32 32 32 18 21 18 21 21 21 21 21 24 24 24 24 24 24 32 32 32 32 32 31 21 21 17 19 14 32 32 32 32 24 24 24 32 28 28 32 28 32 32 28 28 22 28 22 22 28 21 32 32 
32 32 32 24 32 32 32 32 32 28 28 32 32 32 24 32 31 31 32 32 31 32 32 24 24 32 31 32 32 24 32 32 32 32 24 32 32 32 32 32 32 32 32 32 32 32 32 18 14 24 21 22 21 22 24 24 24 24 24 32 32 32 32 32 31 17 21 19 21 21 24 28 32 22 24 22 22 28 32 32 32 32 32 32 32 
32 32 31 32 32 32 32 32 31 32 24 32 24 24 32 32 32 32 31 32 18 21 21 24 24 24 24 24 24 24 24 24 24 24 32 32 31 32 32 31 15 17 14 32 32 32 32 32 24 22 22 28 28 28 32 28 24 32 32 32 32 32 32 32 32 32 32 32 32 32 31 24 24 24 24 31 24 28 31 24 31 32 24 32 24 
31 32 31 32 32 32 32 32 28 32 32 31 32 32 32 32 32 31 32 32 24 32 31 32 31 32 32 32 32 32 32 32 32 24 24 24 24 24 32 32 32 32 28 32 24 32 17 23 18 19 21 21 21 21 23 24 24 24 24 24 24 24 32 32 32 32 31 31 31 31 25 21 28 24 32 24 24 24 24 32 32 32 32 32 28 
32 32 32 31 32 32 32 32 32 24 32 32 32 32 32 32 32 32 32 32 32 24 32 32 24 32 32 32 32 32 32 32 32 32 32 32 32 32 31 32 32 24 32 32 32 32 32 31 32 31 32 32 28 24 32 24 32 22 21 18 23 23 24 24 24 24 24 24 24 24 24 24 32 32 32 32 32 32 31 32 32 31 21 32 32 
31 32 31 32 31 31 32 32 32 32 32 32 32 24 32 32 32 32 31 32 32 32 32 32 32 32 32 32 32 32 31 32 32 32 32 32 32 32 32 32 31 32 28 31 31 31 31 32 32 31 32 24 21 21 21 24 24 21 24 24 24 24 24 24 24 32 32 32 32 32 32 32 17 17 17 17 32 32 21 23 32 32 22 22 19 
32 32 32 32 28 32 24 32 32 24 32 32 32 32 32 32 32 32 24 24 32 32 32 32 32 28 32 28 31 32 32 32 31 32 32 32 32 32 32 32 32 24 19 18 21 19 18 21 21 18 26 24 22 24 24 24 24 24 32 32 32 32 31 31 31 17 17 15 17 19 28 22 28 32 32 32 24 24 28 28 28 24 24 32 28 
32 32 32 32 32 28 32 32 32 32 32 32 32 31 32 32 30 31 32 32 32 32 32 32 32 32 24 32 32 32 31 32 32 32 24 32 32 32 32 24 24 24 24 24 24 18 21 21 24 24 24 24 24 32 32 32 31 31 31 31 15 17 18 19 21 28 28 32 28 28 21 21 28 28 24 28 28 32 32 32 32 32 28 32 32 
32 32 32 32 32 32 32 32 32 32 32 32 32 32 32 32 24 24 24 24 24 32 32 31 32 31 18 17 24 23 21 22 24 24 24 24 24 24 24 24 28 32 32 31 31 31 15 15 17 14 32 28 22 24 23 22 22 21 22 32 24 24 32 24 24 32 32 32 32 24 24 32 32 32 32 32 32 32 32 24 24 32 28 24 32 
32 32 32 32 32 28 32 31 31 32 31 32 32 32 32 32 32 31 32 32 32 28 32 32 32 32 24 24 22 24 24 24 24 24 24 24 24 24 24 24 24 24 32 32 32 31 31 21 18 21 19 32 32 32 24 24 22 22 21 19 28 28 28 28 22 32 28 28 32 32 28 24 24 32 32 32 32 32 32 32 32 32 24 28 24 
24 32 32 32 24 31 28 24 31 24 24 31 24 32 24 32 32 32 24 32 32 32 32 32 32 28 18 18 24 23 24 21 21 21 24 24 24 24 24 24 32 32 31 31 31 31 18 31 18 18 19 32 28 24 24 24 32 21 19 32 32 32 32 32 32 32 32 32 32 32 32 32 32 32 32 32 32 32 32 32 32 32 32 32 32 
24 32 32 32 32 24 28 32 32 32 28 32 32 24 24 24 28 28 21 24 23 21 21 23 24 24 24 24 24 24 24 24 24 24 32 32 31 31 31 31 17 31 18 19 28 24 32 32 32 32 21 28 32 32 28 22 24 32 32 32 32 24 28 32 24 32 24 24 24 32 32 24 24 32 24 32 24 32 32 32 32 32 32 32 32 
32 31 24 24 32 24 32 32 32 24 32 24 24 32 24 32 32 32 32 18 18 21 21 24 24 24 24 24 24 24 24 24 22 32 32 32 31 31 18 18 15 4 14 32 32 32 24 24 24 24 24 22 32 24 32 32 32 32 32 32 32 32 32 32 32 32 32 32 32 28 32 32 32 32 32 32 32 30 28 32 32 24 32 24 24 
24 32 24 32 32 24 32 24 31 32 32 32 31 32 32 21 21 18 21 21 24 24 24 24 24 24 24 24 24 24 32 32 32 32 31 31 31 31 15 15 17 19 21 24 32 24 24 24 24 22 22 32 32 24 24 24 24 32 32 32 32 32 32 32 32 32 32 32 32 24 24 32 32 32 32 32 31 32 28 31 24 24 24 24 24 
32 32 32 31 32 31 32 24 24 32 32 24 32 24 32 32 24 32 24 32 32 24 32 24 32 32 32 32 31 32 24 32 32 32 32 32 32 32 24 32 32 32 32 24 32 32 32 31 23 24 24 24 22 22 24 24 24 24 24 24 24 24 24 32 32 32 31 31 31 32 31 18 19 21 24 24 24 24 24 24 32 22 32 32 32 
24 31 24 24 24 28 24 24 24 24 24 24 24 24 24 24 32 24 24 32 32 24 24 24 32 24 24 24 32 32 24 24 24 28 24 24 24 28 24 24 24 31 24 24 28 24 22 24 24 24 24 24 24 24 24 24 24 24 24 24 24 32 32 32 32 21 31 18 18 18 19 19 19 24 24 24 24 24 24 22 21 32 32 24 32 
24 24 24 24 24 24 24 24 28 28 30 24 28 28 24 32 24 24 24 24 24 24 24 24 24 24 24 24 24 24 24 24 24 24 24 24 24 24 24 24 28 24 31 24 24 24 24 24 24 24 24 24 24 24 24 24 24 24 15 19 24 24 23 24 24 24 24 24 24 24 24 24 24 24 32 32 32 32 32 32 14 31 17 18 17 
24 24 24 24 24 24 24 32 24 24 24 24 24 24 24 24 24 24 24 28 24 24 32 24 28 24 24 24 24 24 24 24 24 24 24 24 24 24 24 24 24 24 24 28 24 24 24 24 24 32 24 24 24 24 24 24 24 24 18 22 21 24 24 24 23 24 24 24 24 24 24 24 24 24 32 32 32 32 31 31 17 17 15 15 32 
24 24 24 24 24 24 24 24 24 24 24 24 24 24 24 24 24 28 24 24 24 24 24 24 24 28 19 21 21 22 24 24 24 24 24 24 24 24 24 24 32 32 32 31 31 15 15 15 15 25 19 19 21 24 22 22 24 24 24 24 24 32 24 32 32 32 32 32 32 32 32 32 32 32 32 32 32 24 24 32 32 24 24 24 24 
24 31 31 31 30 24 24 24 24 24 24 24 24 24 24 24 24 24 32 24 24 32 32 24 24 24 24 24 24 24 24 17 23 21 24 24 21 24 24 24 24 24 24 24 24 32 32 31 31 31 31 31 31 18 18 18 19 19 19 21 32 32 32 32 21 22 22 32 32 32 32 24 32 28 32 32 32 28 32 28 28 28 28 24 32 
24 24 24 24 28 24 24 32 24 24 24 24 24 24 24 24 24 24 24 31 24 26 24 24 24 24 24 24 24 24 24 24 24 24 24 24 24 32 24 24 24 24 24 24 24 18 18 18 21 18 18 21 24 24 24 24 24 24 24 24 32 32 32 31 31 18 17 15 18 17 19 21 22 24 24 24 24 24 24 21 21 32 32 32 32 
