2.1921 -0.440063 1.44763 -0.355892 0.795808 -0.254055 1.02952 -0.349617 -0.127653 -0.219727 0.031703 0.0973097 
2.16245 -0.979254 1.53622 0.476712 1.55075 -1.21697 0.159136 0.855129 0.709765 -0.715218 -0.222016 0.0984149 
2.07975 0.155607 0.779221 -1.35219 1.11946 0.00991452 0.189462 -1.25408 0.32797 -0.27452 -0.0324312 0.0993188 
1.87892 0.602754 1.3448 -1.38454 0.22673 0.488334 -0.0208539 -0.952708 0.18946 -0.111905 0.387621 -0.00609925 
2.08943 0.469119 1.32203 -1.08359 1.51134 -0.32057 0.227131 -0.830383 -0.0246959 -0.294833 0.245571 0.053605 
1.6608 1.29813 1.69752 -1.67834 1.56303 0.125637 -0.0735247 -0.64179 0.0057989 -0.235534 -0.0731584 0.0675259 
1.7549 0.5743 1.70824 -1.76257 1.45482 0.655138 -0.12089 -0.374612 0.402012 0.0238105 0.321392 0.00228788 
1.86626 0.398316 1.60616 -1.13867 1.06364 1.19419 0.0407627 -0.72992 0.225294 -0.0510537 0.280448 0.0847429 
1.97601 0.816167 2.16461 -1.47061 1.92298 0.774138 0.381213 -0.454184 0.0982547 -0.0373054 0.284932 0.0497943 
2.47823 -4.10573 -0.590816 1.05704 0.336278 0.75799 2.15592 -0.762711 -0.188042 -0.322901 -0.271658 -0.0524655 
2.636 -8.01745 -3.53038 3.87824 1.9865 0.968752 0.72485 0.928802 0.607397 -0.204887 -0.568428 -0.0203373 
2.70512 -4.29203 -2.74886 2.70762 3.93722 0.957661 -0.100293 0.735664 1.06262 -0.173465 -0.266193 0.0814584 
2.25744 -3.80185 -1.48666 2.88212 3.158 0.306911 -0.0676307 0.182878 1.18652 -0.234393 -0.394796 -0.00637065 
2.3335 -3.16314 -0.542973 1.82158 3.59195 -1.58305 -1.6634 -0.485598 1.56455 0.0783184 -0.545607 -0.0344411 
2.18554 -2.45408 0.21829 1.52693 4.09588 -2.10609 -2.14768 0.549527 1.65879 -0.240011 -0.486468 -0.0501882 
1.72557 -1.51945 0.817842 1.33716 2.41459 -1.5246 -2.21227 0.290378 1.71297 -0.375088 -0.169389 -0.0130799 
0.504854 -1.32096 -0.781499 0.791407 1.47859 0.882729 -1.07726 0.0308642 0.643553 -0.621861 -0.27245 -0.0832777 
-2.07191 -3.79148 -1.53403 1.69671 0.776092 1.53485 2.27526 -1.25565 0.879247 -0.86338 -0.362702 0.142518 
-1.29005 -3.05976 0.122266 0.1761 2.07095 2.71399 2.25993 -1.72931 0.739698 -0.508206 0.100256 0.240666 
0.272387 -1.51499 -0.531284 0.518116 0.896027 1.14674 2.38251 -2.16441 0.621239 -0.619145 -0.409128 0.300289 
1.75197 0.255328 1.48253 -1.74097 0.762009 1.32568 1.16985 -1.61308 0.188112 -0.174336 0.26284 0.101688 
1.89509 0.49243 1.73221 -1.45445 0.962034 0.00554408 0.58346 -0.708706 -0.469411 0.0161501 0.292995 0.0592183 
2.25156 -0.224106 1.2436 -1.15089 1.01469 0.579552 0.0448878 -0.278257 0.109886 -0.193367 -0.192964 0.047402 
2.02991 0.499241 1.90138 -0.776421 1.0789 -0.121855 0.34047 -0.75261 0.17225 0.0716314 0.10753 0.0492988 
1.6301 0.13461 2.22766 -1.0108 1.11482 0.422319 0.128464 -0.352954 0.357626 0.203961 0.350423 0.0162768 
1.77528 0.62241 2.09251 -0.73019 0.850711 0.68068 0.418316 -0.52049 0.14984 -0.281441 0.358489 0.055112 
1.24701 0.21839 1.52922 -1.85638 0.475875 0.299605 0.741633 -0.647694 0.229417 0.109182 0.0664183 0.0470764 
1.66299 1.06102 1.62227 -0.912107 0.718157 1.28959 0.769308 0.0531902 0.035472 -0.55628 0.0983663 -0.038341 
1.78177 0.657399 2.8152 -0.040149 1.3554 1.15642 1.37811 -0.0300123 0.565076 -0.469746 0.226424 -0.0233318 
2.50838 0.73055 3.0058 -0.516629 1.40715 1.98169 0.752895 0.120976 0.581386 -0.235495 0.190597 0.045171 
2.22933 1.45228 2.46709 -0.264531 2.0147 1.80484 1.25281 0.452858 0.792949 -0.319206 0.241449 0.0197831 
3.12305 1.69103 2.18473 0.31109 1.1573 2.59639 1.23284 1.04977 0.0865834 -0.581804 -0.0960026 0.0311064 
3.9537 3.36024 0.799548 0.476281 2.50562 2.8598 2.86644 1.46744 -0.600512 -0.23502 -0.254958 0.0586568 
3.26795 2.57296 1.247 0.729841 1.18267 2.11108 2.34441 1.1389 0.245718 -0.58316 -0.142748 -0.030843 
3.30091 2.63103 1.23453 1.02624 1.66489 2.43254 2.50768 1.32975 0.14276 -0.358189 -0.237772 -0.00608429 
3.30954 1.7173 2.12761 1.78336 2.10015 2.66032 3.62786 0.491425 -0.243977 -0.133923 -0.29947 0.031654 
2.82319 1.53428 2.4153 2.0002 2.2528 2.46462 2.99639 0.906559 -0.307686 -0.0554691 -0.359048 0.0472496 
2.93802 1.8172 1.56745 1.54351 1.25008 3.10022 2.96623 -0.0064016 -0.118885 -0.163213 -0.27264 0.0181513 
2.55554 1.77453 1.743 0.887991 0.816801 2.7651 2.65181 -0.396361 -0.243855 -0.455678 -0.355447 -0.00565817 
2.82761 0.976685 1.76397 1.24427 2.32479 2.25246 3.1461 0.745923 -0.21003 -0.124727 -0.567199 0.0377796 
3.4982 1.31688 2.60043 1.58397 3.16794 2.9886 3.2665 0.799544 -0.66383 0.242967 -0.332184 0.0389188 
3.43901 1.65262 1.74722 1.64194 2.92857 2.75647 2.98344 0.773594 -0.133515 -0.288024 -0.319031 0.0683675 
3.5731 2.3758 1.51209 1.77469 2.17518 2.00009 3.04083 1.42222 -0.429414 -0.706613 -0.184792 0.021656 
3.34515 2.36927 1.78553 -0.118539 2.53164 3.0419 3.47348 0.160883 0.181442 0.0277379 -0.417904 0.100627 
3.27166 1.97342 1.34615 1.50206 2.00756 2.41116 3.0924 0.364919 -0.00439822 -0.40322 0.0497782 0.0660344 
3.43764 2.53603 1.75097 1.62277 1.81727 2.10208 2.58918 0.772782 -0.244598 -0.432586 -0.0532861 0.00915212 
2.90058 2.26567 1.61436 1.75919 1.66068 1.98641 1.96451 0.586829 -0.206095 -0.225375 -0.115813 0.00617605 
3.18104 2.10823 1.57742 1.58454 1.3732 2.04541 2.68299 0.985789 0.087131 -0.6881 -0.128956 0.00157382 
3.4347 2.24668 2.18285 2.19065 0.792744 2.1786 4.55159 0.871359 -0.414186 -0.636316 -0.0343173 -0.0522397 
2.93908 2.66862 2.8866 1.12439 1.20916 2.63249 4.33349 0.777074 -0.507075 -0.418053 -0.0478221 -0.0481698 
2.96446 1.67256 3.01039 1.8616 1.45438 2.1958 4.5232 1.45812 -0.921633 -0.401495 0.154211 0.00540906 
3.48818 2.25259 1.98322 2.02363 2.43926 1.00745 5.21358 0.302621 -0.77086 -0.60002 0.29081 0.124887 
3.91703 2.81711 2.60759 2.28745 2.71208 1.39185 4.97597 1.07887 -1.257 -0.440504 0.273603 0.105724 
4.25723 2.52328 2.93395 2.70025 3.16491 2.13619 4.16988 1.37147 -1.66178 -0.304724 0.415672 0.118057 
4.64509 3.7166 2.81135 2.9667 2.12522 1.03559 4.39138 1.76022 -0.517256 -0.773826 0.124721 0.0143691 
4.83013 3.03466 1.78476 1.69319 1.24372 1.34517 3.10284 1.71088 -0.145342 -0.347505 -0.216954 -0.0596155 
3.49988 2.42301 1.49124 1.11892 1.21755 1.7219 2.07512 1.40166 0.224475 -0.322924 -0.2334 -0.0477832 
3.20928 2.60695 2.12458 1.55262 1.2534 1.35862 1.35232 0.908337 0.2691 -0.0280369 -0.137214 -0.0269275 
3.73531 3.06089 2.06538 1.18569 0.958418 1.27306 1.48962 1.37607 0.899456 0.303818 -0.122418 -0.0372054 
3.14574 2.4529 1.8048 1.3374 1.20054 1.28965 1.27764 1.00841 0.52799 0.0232394 -0.185305 -0.0361204 
3.28144 2.90072 2.6378 2.30816 2.07821 1.83769 1.37942 0.882918 0.456326 0.0409543 -0.198403 -0.0195254 
3.58157 3.25182 2.83469 2.29124 1.65498 1.21321 1.32845 0.931712 0.834552 0.162645 -0.270602 -0.0302822 
3.32578 3.19834 2.83748 2.27143 2.1431 1.87397 1.37891 0.94922 0.528234 0.20314 -0.142686 0.00343588 
3.22943 2.77296 3.04519 1.83562 2.13287 1.94149 0.767046 1.14876 0.803187 0.161525 -0.0617687 0.0248295 
3.14854 2.33616 2.7352 1.81453 1.39622 2.14465 0.946391 0.793686 0.871693 0.124892 -0.176496 0.0203876 
2.53976 1.23511 2.32734 0.748734 2.2311 1.47232 0.248046 0.79937 1.46771 0.32377 0.0583623 0.0243938 
1.82228 1.28826 2.62696 0.158499 1.97599 1.62732 0.780858 0.0887271 0.343786 0.249895 0.189686 0.0365679 
1.5731 0.50685 2.3595 0.680763 1.47722 0.92286 0.0772345 -0.308199 0.197682 0.0147038 0.206038 0.0476926 
2.04966 0.670991 1.17207 -0.0995947 2.00243 1.95762 1.01699 -0.646571 -0.274141 -0.366975 0.0163247 0.142095 
3.30849 -1.22373 -4.13924 2.38398 -1.02327 -0.734934 0.592522 -0.0363108 0.198512 -0.275846 0.327619 -0.0708125 
5.68103 0.805751 -2.41438 3.05085 -1.37031 0.658791 2.03839 -0.591164 -0.593262 -1.41796 -0.0451159 -0.268527 
4.9059 0.599496 -1.47472 0.883557 0.549611 -0.917588 1.177 -0.492481 -0.223419 -1.08868 -0.0271824 -0.0091559 
4.74459 1.8806 0.134625 -1.95899 0.224364 0.413426 0.155296 -0.348926 0.339227 -0.872764 0.0476743 -0.000533232 
4.51662 1.94292 1.14214 -1.99772 1.11856 1.99577 0.136573 -0.68176 0.0403166 -0.959517 -0.115435 -0.0131674 
3.5182 1.52557 0.7134 -2.9022 -1.23794 0.771043 1.28436 0.0628012 -0.506382 -0.813301 0.142216 -0.0417664 
2.82291 1.5412 1.37409 -1.00669 0.803579 1.61127 0.908539 -0.579678 -0.950048 -1.11543 -0.274042 -0.0985677 
1.8933 0.971222 1.68433 -0.141036 1.06063 -0.0369659 0.864137 -0.0734823 -0.397989 -0.688156 0.0011358 0.00174989 
1.38258 0.781626 1.10816 -0.0437201 0.833612 0.249398 0.477467 -0.1831 -0.385623 -0.185208 0.0191064 -0.0315949 
1.51397 0.386317 0.535677 -1.06795 0.194835 0.155079 0.402521 -0.45237 -0.478476 -0.183389 0.264298 -0.0777861 
1.65677 0.0974164 0.490872 -0.513965 1.25811 -0.503307 0.852192 -0.0498935 -0.975955 -0.0537242 0.0925089 -0.0455078 
1.4131 0.25727 0.254747 -0.267266 0.703221 -0.262149 0.294825 -1.05457 -0.207939 0.300678 0.22102 0.034975 
1.33181 0.767079 1.17876 -0.916417 0.578767 -0.276867 0.0734697 -0.466345 0.192708 -0.257929 0.155827 0.0180666 
1.28576 0.234001 2.03068 -1.15208 0.712486 0.187211 -0.133654 -0.576061 0.158299 -0.369989 0.384325 -0.0224744 
1.49093 0.228805 1.84131 0.213231 0.711267 -0.113573 -1.05151 -0.902837 0.311242 -0.656384 0.2391 -0.0395845 
1.2627 0.343923 0.961358 -0.392961 0.716469 0.317352 -0.488212 -0.885558 0.361031 -0.291448 0.248643 0.005148 
