1.16368 -0.843627 3.50633 -0.122461 -1.42336 0.930613 2.15188 -1.79617 -0.0293785 0.198299 -0.232828 0.0194382 
1.70305 0.0339215 2.24363 -0.772639 0.742831 0.127483 0.329658 -0.809692 0.234422 0.357231 0.137 0.0058378 
1.66087 0.310449 1.99226 -0.909275 1.24211 0.0153644 0.220499 -0.0112673 0.185292 -0.449052 0.337327 0.0318637 
1.49162 0.553735 2.59302 -0.800856 0.586882 0.671699 0.406144 -0.173403 0.885385 0.0195098 0.516526 0.0160592 
1.56347 0.159098 0.949904 -0.640831 1.30793 0.979622 -0.415827 -1.13227 0.301729 -0.459704 0.317954 -0.0564203 
1.46323 -0.00432746 1.15554 -0.513796 1.25755 0.190041 -0.257992 -1.06312 0.428396 0.032969 0.227521 0.00251886 
1.60256 0.343081 1.47503 -1.02025 0.743913 -0.00157979 0.331294 -0.570094 0.131552 -0.18216 0.122287 0.0345743 
-0.30538 -2.07199 1.16274 5.0454 -1.98818 -1.59395 1.80605 -0.620143 0.906946 -0.953237 0.191525 -0.0917667 
0.620053 0.0223053 0.5245 3.09522 -0.0830272 -1.71028 1.0999 0.255919 1.4971 -1.21502 0.317895 0.00144997 
1.40689 0.488764 1.44931 -0.0264668 -0.521531 -0.824723 1.46631 -1.02967 -0.00199736 -0.00472396 0.203494 -0.0124671 
1.63351 0.654883 1.52486 -0.686318 1.43065 -0.682552 -0.414631 -0.408075 0.267495 -0.558302 0.252088 0.1186 
2.11583 0.271822 2.03105 -1.11812 0.835285 0.126881 0.503993 -0.211631 -0.0335266 -0.406415 0.353826 0.0843698 
1.80349 0.388053 2.45349 -1.99836 1.4909 0.77227 -0.464791 0.199755 0.49455 -0.378179 0.269443 0.0669817 
1.94904 0.693964 2.06049 -0.142762 0.805088 0.918127 0.70445 0.0731665 0.233944 -0.217668 0.172401 0.0593327 
1.93974 0.374238 1.40447 -1.08764 -0.0184715 -0.0775939 -0.0205368 -0.814486 -0.291586 -0.2489 0.373675 0.00936292 
1.56698 0.600085 1.69454 -0.417668 -0.33729 0.356682 0.6997 -1.2 0.112838 -0.266426 0.200456 -0.0581215 
1.66332 0.383612 1.70621 -0.700447 0.637938 0.698497 0.846247 -0.396954 -0.117843 0.170231 0.217864 -0.0116834 
1.71345 0.0870445 1.57394 -1.41061 0.56311 -0.570551 0.25105 -0.293183 -0.0490574 -0.260108 -0.0237119 0.0237498 
1.53009 0.436386 1.35985 -0.778291 1.12714 0.0657549 0.340086 -1.0046 -0.202425 0.0339114 0.255358 0.0316696 
1.97386 0.573203 1.9232 -1.26541 -0.0846989 -0.327602 0.316948 -0.460286 0.129782 -0.27143 0.121617 0.113668 
1.54965 0.540661 1.50993 -1.11704 0.342172 0.0882227 0.17304 -0.714702 0.118801 -0.255343 0.122794 0.0755304 
1.91699 0.175093 2.03615 -1.25813 0.84681 0.0521298 -0.0262007 -0.313736 0.0792046 -0.0608554 0.198964 0.0192357 
1.76969 0.662368 1.95877 -1.16517 0.370111 -0.0771418 0.03871 -0.459817 0.0125996 -0.438883 0.257706 0.0601813 
1.89137 0.439324 1.56491 -0.525143 1.04374 0.341199 -0.0204413 -0.607279 0.305643 -0.492493 0.247526 -0.00435617 
1.65386 0.31781 1.54532 -0.106743 0.761022 -0.0702373 0.200955 0.473861 0.0588422 -0.458369 0.111488 -0.0111263 
1.59596 0.438857 1.45084 -0.816903 0.871978 -0.309652 0.435268 -0.673739 0.31878 -0.390614 0.347995 0.025369 
1.70227 0.60548 1.47638 -0.626465 1.13223 -0.799185 0.0930809 -0.500128 -0.055319 -0.078138 0.372977 -0.0117101 
1.80829 0.55772 1.37116 -0.952104 0.464109 -0.149225 0.181525 -0.433542 0.18842 0.100376 0.137034 -0.00668469 
2.02493 0.396913 1.41558 -0.737369 0.235445 -0.331065 0.497185 -0.502713 -0.602665 -0.0689207 -0.287138 0.0169984 
1.98381 1.03708 1.49525 0.438295 1.27193 0.062289 1.48105 0.244747 0.128767 -0.208082 0.131319 0.00759915 
1.99027 0.620242 1.92447 -0.333879 1.0375 0.426128 1.00831 -0.356766 0.0465081 -0.491651 0.22875 -0.00592834 
2.0239 0.279204 2.41783 -1.05151 1.58302 0.218252 0.577862 0.218587 -0.0347743 0.150282 0.164461 0.0615086 
1.60622 0.112215 1.50615 -0.804916 0.905196 0.564097 -0.0754087 -1.0082 0.607277 -0.206439 0.0847227 0.0161678 
1.64808 0.443432 1.44533 -0.956247 0.910422 0.315944 -0.703928 -0.175598 0.169706 -0.778542 0.410081 -0.0105726 
1.64836 -0.116851 1.67564 -1.14201 1.19237 -0.0523475 0.230124 -0.286272 -0.0712374 -0.505146 0.127946 0.0509902 
1.81282 0.311516 1.47012 -0.831694 0.973654 -0.0757016 0.0826588 -0.794944 0.297002 -0.447705 0.0158692 0.12219 
-0.277715 -2.79862 -0.222597 -0.776075 1.88691 -0.161009 1.53219 -0.347804 -0.420756 0.537368 -0.658436 0.118772 
1.37894 -6.5161 -4.76836 -1.33761 4.32372 0.899509 1.8871 -0.149241 -1.01015 0.280573 -0.62393 0.0505046 
1.68913 -4.01661 -4.17668 -0.00601313 3.84068 1.58787 1.11374 0.548801 -0.150793 0.216315 -0.196215 0.1086 
3.2871 -4.1969 -4.66546 -0.00348375 4.39224 1.01212 0.00713969 -0.299512 0.32455 -0.0335594 -0.242331 0.0390148 
1.82142 -3.3767 -4.66347 -0.549417 3.81563 2.12315 0.329503 -0.00485582 -0.00459336 0.0445367 -0.0946039 0.032331 
3.29322 -3.50228 -3.81108 -0.7636 5.67097 2.80688 0.216971 -0.198028 0.592722 -0.212604 -0.0733988 0.0982951 
2.36388 -3.58526 -3.31688 0.689184 3.77026 1.33109 0.353088 0.36101 0.989788 -0.546239 -0.437174 0.0129843 
1.82158 -3.32565 -2.86678 -0.287322 2.933 1.35285 -0.342445 0.630887 0.837229 -0.702881 -0.403404 -0.0253412 
2.64762 -0.571958 -2.13365 -1.15528 3.1498 1.64802 0.821739 1.34664 -0.224355 -1.02399 -0.20834 -0.121397 
2.11743 -0.821038 -0.833696 -1.39936 1.66703 2.75983 2.98213 0.509802 -1.68765 -0.527213 -0.0607673 -0.125283 
1.22487 0.363979 -0.326138 -1.35609 2.17677 2.23799 3.77624 0.740462 -1.72159 -0.593853 0.117506 -0.229827 
1.24525 0.609434 0.177753 -2.16468 3.23633 2.26129 2.48925 1.06404 -1.39532 -0.403999 -0.104277 -0.0746475 
3.00703 1.94299 1.92632 -0.991406 1.96102 2.31518 2.75349 1.6272 -1.0313 -0.267218 -0.168121 -0.0549962 
3.78444 1.50248 1.64615 -1.04478 2.19341 3.65102 2.34775 1.24261 -1.0343 -0.120484 -0.244473 -0.0217414 
2.77565 1.54418 2.13526 2.55781e-005 2.62485 2.5535 2.44769 1.43802 -1.12354 -0.286214 0.0425738 0.00427306 
2.9623 2.18083 1.35911 0.10364 2.5009 2.21925 2.79881 0.779095 -0.786207 -0.542718 0.0487798 0.0503635 
3.4763 2.04076 0.859475 -0.658063 3.22858 2.86064 2.36997 1.00669 -0.848001 -0.295762 -0.298109 0.0332628 
3.28752 2.1651 1.5537 0.296222 2.57729 3.15063 2.11629 1.03884 -0.496177 -0.701877 -0.10462 0.0383616 
3.25972 1.75307 1.28172 0.673791 2.70218 2.67966 2.65812 0.768727 -1.1876 -0.209013 -0.189876 0.056693 
3.31788 1.96411 1.62191 0.447639 3.03182 3.12086 2.31787 0.417501 -0.627312 -0.504338 -0.134937 0.0698945 
3.53789 1.55422 3.28394 0.609759 3.37788 2.36686 3.30942 0.505286 -1.54688 -0.10137 -0.00667287 0.0489044 
3.89787 2.32487 2.50246 0.0386604 3.3769 2.79377 2.86354 0.577169 -1.51815 0.288008 -0.238469 0.0275156 
2.85236 2.24229 1.47384 1.02387 2.24907 1.66312 1.71258 0.894826 -0.498584 -0.353759 -0.161447 -0.0219151 
2.97241 1.9019 1.72907 1.10137 1.95724 1.98777 1.69613 0.831659 -0.615184 -0.365512 -0.124737 -0.0248035 
3.24416 2.04333 1.76377 0.696743 3.18213 2.22523 2.59121 0.88442 -1.50997 0.00470274 -0.272839 0.0243008 
3.5426 2.20018 1.65327 0.841636 2.97191 2.18224 2.68471 0.92169 -1.11643 -0.405377 -0.26646 0.0186515 
3.03411 1.2261 1.34787 1.18647 1.85238 2.55313 2.14383 0.828873 -0.973482 -0.473795 -0.221206 -0.00332781 
3.06551 1.8145 0.825572 0.572575 2.6782 1.92588 1.71203 0.560382 -1.16521 -0.312657 -0.206564 -0.00869047 
3.96051 1.29602 1.26576 -0.190338 2.92429 1.40023 2.88125 1.13997 -1.89718 0.0267472 -0.449303 -0.0702345 
4.18112 0.172897 1.77303 0.504462 3.99569 1.33531 2.28615 1.69992 -1.952 -0.420836 -0.252269 -0.0257703 
3.71366 1.57043 0.888012 0.525918 3.70508 1.80489 2.77679 1.1379 -1.94422 0.10334 -0.260344 0.0792206 
3.62417 2.20292 1.93076 1.0015 2.78745 1.69468 2.01986 1.13318 -1.34527 -0.0682686 -0.132414 -0.012277 
3.54876 2.09134 1.47538 1.13204 1.91029 1.97304 2.27862 1.27281 -0.728115 -0.547656 -0.261309 -0.0266412 
4.81862 1.91083 1.08486 0.316257 3.22061 1.78209 2.8889 1.87066 -1.81838 0.0137728 -0.272236 -0.019097 
5.28959 2.61973 0.487544 0.0371042 2.88597 1.62893 3.7337 1.52626 -1.42023 0.261948 -0.40529 0.0140645 
6.02094 2.17238 1.22552 0.0844408 3.4012 0.848195 4.59226 1.30625 -1.14839 0.127999 -0.494878 0.0150419 
6.56192 2.35649 1.3028 -0.308659 2.35501 0.879783 5.35383 1.18384 -1.6811 0.00805222 -0.376332 0.0148435 
5.60136 2.73459 0.897928 0.0619678 0.0881957 1.97358 3.37729 1.62408 -0.802561 -0.024947 -0.484838 -0.187697 
5.65958 3.71901 1.12037 0.0225837 1.28599 2.80343 2.87481 1.43639 0.249607 0.0085986 -0.446586 -0.133064 
4.9098 4.13296 2.31666 0.550773 0.915201 2.23228 2.43591 1.8746 0.87878 -0.0928954 -0.423859 -0.175478 
3.81455 3.07291 1.89227 1.45415 1.74865 2.38023 2.62797 1.4585 0.279712 -0.464804 -0.381923 -0.0720373 
3.72162 3.33648 2.48547 1.68381 1.45554 1.91885 2.24395 1.84062 1.00085 -0.0203551 -0.382421 -0.0841076 
3.59319 3.02778 2.57813 1.96965 1.78674 1.80212 1.84033 1.14105 0.484485 -0.0788497 -0.282356 -0.0527913 
3.36732 2.8 2.6347 2.35707 1.98379 2.47168 1.92911 0.974411 0.462626 0.000614182 -0.202139 -0.00625499 
3.22692 3.37585 3.15054 2.65671 3.00598 1.86366 1.82494 1.2825 0.471964 0.0333613 -0.0510411 0.0104729 
2.86773 2.55469 3.96253 1.92219 2.95132 2.24994 1.42921 0.907974 0.968552 -0.299602 0.158028 0.0726242 
2.56258 1.74058 4.00093 0.731049 2.11856 2.2395 0.370082 1.07631 1.13696 -0.421449 0.456298 0.0801896 
3.84105 1.58023 -0.391284 0.214749 1.96016 1.82198 1.07875 -0.368246 0.27727 -1.07894 0.250432 0.0627391 
4.97976 1.10176 -3.09205 1.36992 2.70964 1.67127 3.73761 -1.22976 -1.46606 -1.04845 0.156052 0.0466492 
