1.84919 -0.334778 1.88081 0.310945 -0.173157 -0.567661 1.15873 -0.750219 -0.15772 0.906891 0.348525 -0.0520126 
1.78001 0.546965 1.32599 0.0309525 0.165053 -0.681048 1.12212 -0.060125 -0.0891152 -0.130668 -0.121533 -0.0129131 
0.82065 1.94624 -0.966236 2.46467 -0.863969 1.40472 -0.00245206 -0.0526361 -0.0662915 0.505344 0.169492 -0.00202473 
1.14268 1.38725 0.738723 0.470568 -0.876422 -0.092539 0.0384105 -0.939589 -0.124584 0.0701222 -0.083086 0.0122813 
1.71847 0.490357 0.997821 -0.785225 0.142921 -0.754537 0.389971 -1.18805 0.246939 -0.0874436 -0.251042 0.0783452 
2.07603 0.650983 2.00039 -0.387408 1.17025 0.385126 1.30027 -0.5171 0.661147 0.140915 -0.159209 0.0642886 
1.65617 0.249547 1.13024 0.29051 0.999373 0.438894 0.0390431 -0.977848 0.330777 0.101651 -0.153635 -0.0276042 
1.83425 0.0529113 0.597654 0.208161 0.681374 0.43874 0.802758 -0.915351 0.47154 -0.281148 -0.10921 0.123383 
1.77392 0.551285 1.52052 -0.468979 -0.107183 -0.686197 0.285672 -0.280913 0.161877 -0.378391 0.0606939 -0.108725 
1.97705 0.57276 2.01629 0.565056 1.43203 0.420809 0.172392 -0.577672 0.0352385 -0.0851064 -0.00351111 0.0518952 
1.72512 0.166203 1.57686 -0.20481 1.35088 -0.382181 0.594167 -0.445805 0.5795 -0.161703 0.120921 0.141311 
1.92735 -0.0382533 1.19407 -0.744712 1.62619 0.187006 0.288769 -0.0196631 0.620609 -0.0182622 0.0364104 0.119056 
1.49358 0.171366 1.69344 -0.354382 0.930762 -0.15002 0.0890663 -0.335032 0.369035 -0.111374 -0.168975 0.000309234 
1.72212 0.153872 0.919342 0.157823 0.659266 -0.25077 0.163594 -0.50311 0.445959 -0.112098 0.0435995 0.0371342 
1.80878 0.345133 1.59115 -0.900534 0.254324 -0.113303 1.1558 -0.842134 0.190701 -0.0800812 0.364487 0.0890675 
1.95357 0.378378 0.981903 -0.0636371 0.341619 -0.780021 0.844314 -0.516904 0.356718 -0.0644039 0.0414953 0.050826 
1.5206 0.0184249 1.45891 -0.705162 0.739328 -0.290246 1.01465 -0.51634 -0.423906 -0.111048 0.266561 0.120613 
1.56858 0.281708 1.52734 -0.73813 1.14103 0.509365 0.313337 0.311246 -0.181902 -0.48348 0.155604 -0.0222103 
1.74395 0.15212 1.52333 -0.689285 0.281899 -0.11593 0.118104 -0.89672 -0.0497445 -0.335542 -0.00762784 -0.00687666 
1.40267 0.0286672 1.81413 -0.775091 0.437942 0.239863 0.404956 -0.21915 0.64625 -0.42266 -0.00859592 0.0400364 
1.77904 0.208309 1.86053 -0.583883 0.0682747 0.256611 0.972848 -0.790968 0.273378 -0.465174 0.308434 0.0239844 
1.50152 0.084932 1.42219 -0.661474 0.190023 -0.663112 0.618294 -0.661297 0.262961 -0.0362919 -0.0802863 0.0566343 
1.55996 0.688656 1.64547 -0.442303 0.900213 -0.217762 -0.143662 0.281967 0.476022 -0.123024 0.22704 -0.046388 
1.35748 0.705173 1.33135 -0.0103394 1.28232 0.243823 1.12628 -0.838507 0.389299 0.0987773 0.208554 -0.0165929 
1.57588 -0.0370076 1.3884 -0.622838 0.728628 -0.248599 0.157591 -0.722764 -0.261606 -0.238216 0.080967 0.0297628 
1.68099 0.199283 1.237 0.418906 0.319854 -0.273954 0.382437 -0.214296 0.571338 -0.184704 -0.0624587 0.150947 
1.97603 -0.262148 0.506531 0.0978485 1.25766 0.913498 1.89214 1.09175 0.167997 -1.06963 -0.0427313 0.155598 
1.90066 -3.24439 -3.8622 4.09364 1.75223 -0.00396672 2.78891 0.793092 0.691997 -1.6006 0.300243 0.0910788 
1.07556 -2.4973 -3.43571 3.87142 1.26395 -0.140573 3.57629 0.463895 0.505801 -1.32384 0.429834 0.0584874 
2.22192 -0.309896 -2.18866 4.54839 2.48709 1.02568 4.1442 0.0681021 0.179855 -1.07348 0.516463 0.028923 
4.15133 -0.654238 -0.52234 5.19294 1.53574 0.271244 4.44816 0.319759 0.437921 -1.21209 0.274978 -0.0617862 
3.60708 -2.23626 -1.05265 4.42321 2.00175 0.147671 4.09391 0.689901 -0.0686502 -1.22039 0.0802409 0.0319968 
3.26628 -1.1338 -0.725611 3.59233 2.01149 0.887479 3.34035 1.18626 -0.193286 -0.971993 -0.0656571 0.0661377 
3.00618 -1.27854 -0.0173276 3.38409 2.36023 0.990171 2.87247 1.80243 -0.452514 -0.834499 -0.09802 0.120086 
3.51811 -0.0697289 -0.114541 3.15973 2.104 1.01752 2.8225 1.28178 -0.0245595 -1.09884 -0.183764 0.0914178 
4.2022 -0.170419 -0.928146 3.56998 2.7881 0.111007 3.24522 1.17648 -0.141401 -1.32366 -0.264297 0.0924244 
4.52097 -0.0259203 -1.42528 4.06966 2.70698 -0.114543 3.38396 0.738748 0.37418 -1.44216 -0.0885563 0.0254723 
4.62328 0.513946 -1.09109 2.78639 2.30826 0.259372 2.90803 0.875065 0.197965 -1.36956 -0.212663 0.0562051 
3.76132 1.00288 0.0372384 2.11306 2.20631 0.652665 1.62694 1.39182 0.179793 -1.19608 -0.319329 0.0224885 
3.85433 0.782773 -0.247616 2.63262 2.91532 1.83623 1.57986 0.899433 0.0137816 -0.644109 -0.344571 0.0124999 
3.95156 0.95489 -0.0120095 2.18258 2.72343 1.63173 1.98967 1.24786 -0.109044 -0.760367 -0.387874 0.0151453 
3.53192 1.50255 0.731383 2.04989 2.48457 1.68648 1.31764 1.21717 0.0597039 -0.633218 -0.258266 0.000271578 
3.53298 1.76565 0.910803 2.01718 2.57311 1.6631 1.5099 1.45203 0.587353 -0.728651 -0.515031 -0.0361453 
3.62635 1.58026 1.183 2.46091 2.43799 1.7992 2.26099 1.78009 0.136206 -0.812978 -0.407655 0.0324254 
4.95887 1.12257 -0.0719027 3.1759 4.0549 2.20972 1.70864 1.18567 0.216647 -0.578112 -0.357708 0.0482534 
5.99221 0.244486 -0.346467 4.02166 3.43807 1.17705 2.59981 2.11679 0.386164 -0.783639 -0.441565 0.00809825 
3.40292 1.65839 0.46001 0.960782 2.35564 2.67219 1.89525 0.67784 -0.139732 -0.433226 -0.305245 -0.000916015 
3.39649 1.86826 0.841482 1.24664 1.86351 2.12244 1.91807 1.2637 0.165444 -0.560812 -0.398217 -0.033457 
3.84408 1.81057 0.455168 1.12617 2.27402 2.49981 2.06702 1.06807 -0.0496174 -0.535667 -0.367364 -0.0221526 
3.83899 1.85904 0.336191 0.636158 1.90967 2.74461 2.34304 0.975497 -0.212001 -0.491713 -0.29724 -0.00711193 
4.69079 1.72698 -0.446307 0.583061 2.40611 2.75797 2.17492 1.25061 0.151572 -0.330224 -0.344621 -0.0538786 
4.21115 1.48103 -0.284263 0.819134 2.44692 2.55727 1.94722 1.26714 0.268465 -0.46976 -0.397688 -0.057325 
5.06937 1.17213 -1.41699 0.622563 2.66024 2.03935 1.48303 1.59471 0.633711 -0.505737 -0.509329 -0.105903 
4.17156 0.421184 -2.00563 -0.00171221 2.57519 2.28418 1.55425 1.83649 0.846613 -0.927682 -0.422909 -0.104088 
3.04352 0.690751 -1.00506 -0.243119 1.99203 3.10186 2.41247 1.18024 0.265251 -0.224276 -0.130835 -0.078733 
3.42205 1.61383 0.112375 0.301881 1.72783 2.75864 2.51112 1.45974 0.415556 -0.146053 -0.197499 -0.0147398 
3.85903 1.82614 -0.185608 -0.297358 1.11433 2.37841 2.63791 1.89321 0.664737 -0.186037 -0.220374 -0.0715165 
3.32077 2.27457 1.43391 1.38619 1.86853 2.10649 1.90358 1.41877 0.787776 0.0530612 -0.388846 -0.0161044 
3.15675 2.14111 1.24306 1.04415 1.58967 1.99975 1.83815 1.4689 0.841278 0.105056 -0.264027 0.00152913 
3.01923 2.20172 1.58337 1.25942 1.46829 1.80305 1.75668 1.34446 0.628288 0.0708571 -0.0875921 0.0315453 
3.42729 2.43831 1.50602 1.20277 1.70298 2.27486 2.45022 1.84761 0.820409 0.0875048 -0.311128 0.00247096 
4.15926 3.22819 2.15801 0.92341 2.41113 2.0654 2.87679 1.68896 1.59245 0.645176 -0.527497 -0.0833608 
3.4761 2.06427 1.94297 0.832704 2.79416 2.5212 1.76475 1.00668 2.03939 0.994678 -0.605461 -0.0232638 
2.29659 1.8578 2.22761 1.42911 2.72209 1.71393 1.32383 -0.349208 1.10379 0.141321 -0.0511291 0.0495874 
2.04574 1.12807 2.58787 0.468584 1.10067 2.1369 1.51055 0.320371 0.883037 -0.0309836 -0.140175 0.0397959 
1.61036 0.469252 2.23354 -0.0880855 1.21487 1.43251 1.18569 0.607463 0.392777 -0.142866 0.187142 0.0437742 
1.26016 0.726782 2.44074 -0.229244 0.742033 0.735262 1.05901 -0.326831 1.17973 0.416176 0.164081 0.00754805 
2.72859 2.46926 1.31823 -0.516272 2.2635 -0.227508 1.15407 1.03885 -0.560445 -0.459799 0.782903 -0.0236554 
3.55013 1.42787 -1.40498 -2.02641 1.91647 1.07463 2.33026 2.028 0.581408 -0.693184 0.314766 -0.0822922 
3.9996 0.689792 -1.07635 -1.64506 1.98927 0.07964 2.68539 1.42155 -0.529397 0.594126 -0.107484 -0.00713428 
2.64471 2.60793 -0.996162 -1.97303 2.33672 1.29445 2.90338 0.400818 0.825148 0.90648 0.358207 0.0344287 
0.0740761 3.82033 -0.379316 -2.17269 2.77267 1.3616 3.15011 -0.406022 1.28872 1.12612 0.240622 -0.00284999 
1.71116 2.28397 0.325637 -2.50403 2.29156 0.313664 2.72352 1.69452 0.282758 1.36557 0.170627 -0.108591 
2.26563 1.92192 1.14046 -1.14244 1.96331 0.380203 2.94251 2.30775 0.676813 1.6461 0.104368 -0.0631909 
2.22449 1.37551 0.447205 -1.36588 -0.608659 0.536021 1.77496 1.00824 1.29105 0.336942 0.453704 -0.138015 
1.96994 0.833516 0.533884 -1.80653 -1.32902 0.0631126 1.51372 1.18437 1.45159 0.248591 0.361847 -0.111979 
1.81022 0.745636 1.07453 -0.454644 -0.666878 0.573028 1.05889 1.08443 1.70597 0.538579 0.242474 -0.0897463 
1.45225 0.380171 1.11208 -0.297948 0.257576 0.66202 1.12208 -0.0226559 1.10525 0.108431 0.317444 0.0230053 
1.53777 0.458545 1.43062 -0.649645 -0.067776 0.0662334 0.706841 0.790184 0.650825 0.491509 0.194892 -0.0425711 
1.47151 0.733377 0.874785 -0.760963 -0.328911 -0.0696462 0.365423 0.248322 1.03993 0.39769 0.0748054 0.0324208 
1.42566 0.252604 1.80177 0.082849 0.175605 0.271222 0.625717 -0.0153453 0.521425 0.419253 0.15387 0.0773912 
1.25704 0.832853 1.50121 0.0271227 0.984376 0.813197 0.374706 -0.331567 0.775823 -0.0983379 0.158868 0.108095 
0.998679 0.700962 1.58925 0.508767 0.605629 0.480274 -0.513915 -0.798726 0.355363 -0.143694 0.257174 0.062667 
1.45664 0.403113 1.19446 0.384086 0.97845 1.21946 0.266286 -0.491795 0.387838 0.141873 0.39966 0.0556239 
1.05247 0.0604757 1.62649 0.73756 1.10814 0.398117 -0.739678 -0.199777 -0.146609 -0.0646665 0.135649 0.0426938 
