1.77967 0.920414 2.17695 -0.953419 0.811636 0.454795 0.922244 -0.617848 0.0227896 -0.384417 -0.0379011 0.0386534 
1.72054 0.775755 2.20636 -1.52299 0.949541 0.213058 0.19593 0.0595577 0.0517645 -0.434845 0.256015 0.0380043 
1.42251 0.360313 2.36959 -1.90537 1.2952 0.921255 0.00691792 0.46557 -0.0364304 -0.661226 0.305525 0.0387843 
1.54093 0.277918 1.8591 -1.65037 1.91581 0.728843 0.300934 0.434807 -0.151427 -0.610932 -0.0509835 0.0528041 
1.60195 0.804396 1.69197 -0.836016 0.715174 0.337977 1.37596 0.0718269 0.0749758 -0.287212 0.074666 0.0103443 
1.82346 0.421444 1.54268 -1.07908 0.938333 -0.402168 0.885597 0.000552348 -0.244678 -0.0671042 -0.118751 0.0373715 
1.75516 0.339971 1.61818 -0.878887 0.327275 0.298747 0.933133 -0.512149 0.0509412 -0.795416 0.0830922 0.100288 
1.83949 0.287475 1.63546 -0.0595809 0.815567 0.0668135 0.921256 0.0271345 0.105301 -0.28731 0.171479 0.0804941 
1.66628 0.927246 1.40817 0.0156615 1.55224 0.516693 0.82088 -0.263577 0.075442 -0.415726 0.100169 0.0210884 
1.99357 0.301956 1.52338 -0.334987 1.45504 -0.176477 0.407346 0.00120567 -0.315796 -0.260936 0.127895 -0.00699483 
1.47262 0.56913 2.3675 -1.25374 1.1823 0.276043 0.163846 -0.089408 -0.0623695 -0.816253 0.342019 -0.0270368 
1.63849 0.268217 2.60377 -1.19825 1.94328 0.234673 0.306477 0.108327 -0.303382 -0.510799 0.196784 0.0303854 
1.6546 0.624027 1.81141 -1.46859 0.19278 0.848017 0.383387 -0.207309 0.135035 -0.638042 0.326799 -0.0238679 
1.7675 -0.100807 1.79396 -0.429774 0.629282 0.378278 0.424858 -0.0402305 0.181798 0.0686489 0.321307 -0.0410934 
1.39564 0.724473 1.96826 -0.587413 0.821041 0.169296 0.80023 -0.127471 -0.180005 -0.616176 0.130424 0.0287416 
1.4378 0.389275 1.48896 -0.234284 0.639434 -0.457293 1.05108 -0.167669 -0.283606 -0.113049 -0.000490781 -0.00914011 
1.73468 0.069049 1.63573 -0.651221 0.909451 0.572649 -0.124234 -0.53882 -0.302451 -0.109903 0.273524 0.0187781 
1.70128 0.552224 1.39576 -0.620764 0.183541 -0.209927 0.293182 -0.283716 -0.145185 -0.16364 0.183959 -0.105062 
1.91472 1.03914 1.79049 -0.316978 1.56784 0.083178 0.421871 -0.653494 -0.0728154 -0.330488 0.431017 0.00593918 
1.51019 0.53043 2.13857 -0.537637 1.30108 0.842118 0.874246 -0.508077 -0.0284925 0.12462 -0.0538329 -0.0375786 
1.71779 0.591301 2.00816 -1.03819 0.808082 0.744977 0.571714 0.644982 0.522527 -0.54478 0.0538826 0.00996476 
1.56126 0.643194 1.25882 -0.347656 0.40514 0.00264445 -0.292633 0.0748811 0.296733 -1.10835 0.299502 0.0947589 
1.54195 0.596431 1.91102 -0.185214 0.949163 0.544136 0.774753 0.0275626 0.465677 -0.336248 0.456848 -0.0184295 
1.74077 0.570925 1.942 -1.01067 0.584146 0.573023 0.357878 -0.115749 -0.149569 -0.331086 0.320036 0.0265939 
1.93921 -1.05642 1.70321 -0.503002 0.673312 -0.748283 0.396429 0.7338 -0.507141 -0.416776 0.0810779 0.102449 
1.82652 -4.13289 2.08847 2.02783 0.0181192 -0.0932271 0.932026 0.872065 0.0352747 -0.35498 0.0280538 0.0301233 
1.20721 -8.74173 2.67735 4.97924 -1.94134 -0.373444 1.98904 0.434875 0.0935727 0.0343239 -0.233576 0.0677054 
1.06307 -3.84159 1.68549 3.10303 -0.552787 -0.1527 2.13309 -0.480618 -0.382738 -0.668076 -0.41548 -0.0223927 
1.89833 -1.0147 0.756447 0.274213 0.519313 0.478179 2.15869 -0.177025 -0.400544 -0.871437 -0.422785 0.177965 
1.59963 -0.574234 0.514759 -1.14883 0.641501 1.1483 1.15309 0.338376 -0.169605 -0.94183 -0.0975407 0.192832 
1.70573 0.215996 1.2342 -1.43808 1.69004 1.28424 1.1815 -0.369245 -0.139223 -1.06877 -0.234529 0.198773 
3.00896 2.36591 2.04557 1.59909 2.7163 3.331 1.88646 1.09458 0.297678 -0.232672 0.192526 0.0865072 
3.16105 -0.982262 3.69422 2.77343 0.667524 2.00771 3.5249 1.85263 0.660883 -0.459261 -0.592103 0.167238 
2.07032 1.41086 2.68479 1.49416 1.84864 3.03832 3.43646 1.21392 -0.158204 -0.012043 -0.612848 0.163185 
2.02039 2.5989 0.978495 0.118576 3.653 1.3276 2.08989 2.27983 -0.316247 -0.637602 -0.238429 -0.0269658 
2.91423 2.97524 0.112913 0.273995 3.3496 0.97795 2.17149 1.83671 -0.263303 -0.777252 -0.0685211 -0.0400623 
3.04949 3.08044 1.10463 0.603738 2.88083 1.67572 2.4064 2.11605 -0.777802 -0.641508 -0.10294 -0.0170429 
2.68787 3.19009 1.11494 0.713088 4.40465 1.90207 2.11614 1.9473 -0.341557 -0.855484 0.0621511 -0.0295787 
2.52452 1.82372 1.452 1.73034 2.12086 1.7267 1.73348 1.203 0.16264 -0.762082 0.0394419 0.0170701 
2.71904 2.09117 1.30883 0.998967 2.68406 2.22199 1.98864 1.03561 -0.442039 -0.342771 0.00409748 0.0346165 
2.51451 2.67349 1.47523 0.96752 3.42587 2.031 2.41872 2.23696 -0.0191047 -1.04583 -0.0739788 0.00643301 
2.82749 2.4983 1.27274 0.536045 2.88892 1.64394 2.44647 1.94173 -0.446255 -0.486138 -0.190449 0.00196616 
3.19593 2.86462 1.50704 0.643494 2.65807 2.38768 2.58646 1.20931 -0.511476 -0.607429 -0.0899167 0.0220665 
2.67552 3.56053 1.74467 1.2995 3.81094 2.3905 2.73359 1.70928 -0.628315 -1.04005 0.214953 -0.0220793 
3.09421 2.04433 2.67575 0.328631 5.04036 2.70869 2.35917 1.6464 -0.737323 -0.338131 -0.271688 0.0720888 
2.95986 1.46904 2.94221 0.802116 4.01766 2.02665 2.33668 1.72712 -1.11655 -0.451785 -0.194658 0.0314741 
2.8331 1.86764 1.62715 0.419984 2.50644 2.3038 1.55573 0.954239 -0.798096 -0.573088 -0.125941 -0.0174845 
2.90283 2.04994 1.1548 0.707671 2.11826 1.91382 1.77621 0.566841 -0.398861 -0.618314 -0.346209 -0.0294826 
3.55067 2.25182 2.03718 0.0978879 2.44886 2.78832 2.00605 1.68533 0.0080399 -1.18638 -0.175893 -0.0188136 
2.90302 2.93716 2.33232 -0.0289309 3.43532 2.2176 2.54125 1.99113 -0.526712 -0.558842 -0.292459 -0.0383561 
3.07288 2.68548 2.20975 0.958479 2.69479 1.9899 2.50185 1.5596 -0.775748 -0.483118 -0.185214 -0.0193669 
3.47263 2.7505 2.00093 0.810859 2.5162 2.21525 2.53642 0.925056 -0.693635 -0.750086 -0.172588 -0.00364525 
3.53094 2.94463 3.39887 0.428966 2.74988 1.70659 3.02111 1.24904 -1.81539 -0.374183 -0.0466128 -0.0809789 
4.04192 3.35326 2.61055 0.852674 2.22983 1.39435 2.68287 2.0732 -1.10166 -0.252678 -0.313601 -0.0941778 
4.80674 2.50351 1.84331 0.89341 1.85377 1.57445 2.76012 2.00911 -1.62669 -0.169046 -0.209394 -0.0545742 
4.85474 2.56027 1.39797 1.25871 0.618463 1.39465 3.39601 1.49333 -0.774863 -0.0292269 -0.224501 -0.0932239 
5.0858 3.06585 1.14242 -0.181221 -0.073792 1.78401 3.10016 1.5029 -0.137747 0.385376 -0.307401 -0.11575 
3.89737 2.67891 1.10821 0.448373 1.09115 2.11478 2.22797 1.36999 0.478076 0.0307885 -0.073251 -0.0128462 
3.28255 2.5928 1.86209 1.3536 1.38928 1.62371 1.62766 1.14484 0.47862 -0.0328537 -0.181529 -0.0267912 
3.69633 3.02961 2.14877 1.36043 1.20341 1.64844 1.74412 1.49605 0.794559 0.0133114 -0.350402 -0.0784272 
3.57926 2.72904 1.94105 1.32317 1.17781 1.60495 2.03661 1.70727 0.985144 0.284719 -0.278327 -0.0463133 
4.64828 3.36872 3.00466 1.69525 1.16716 0.417188 2.76303 2.73273 0.539391 0.488788 -0.172026 -0.107564 
3.43452 2.97272 3.41436 2.40455 2.46829 1.84487 1.97151 1.2767 0.153701 0.181219 -0.046447 0.000968817 
3.02092 2.6554 2.6334 2.48665 1.88601 1.61003 1.52735 1.03586 0.568741 0.372061 0.154633 0.0512857 
2.88858 2.46057 2.37518 2.12079 1.74112 1.44721 1.26148 0.737587 0.657758 0.390652 0.170861 0.0447265 
2.8713 2.41011 2.32759 2.15027 1.61665 1.42056 1.27876 0.621973 0.571231 0.280386 0.0815013 0.0305353 
3.01022 2.30588 3.64226 3.08734 2.01325 1.59955 1.08191 0.489418 0.933716 0.297288 0.165171 0.0576987 
2.96455 1.97134 1.08364 1.85219 1.32099 1.72552 1.1253 0.649971 0.145197 -0.147437 -0.164338 -0.0171426 
4.80954 0.910883 -3.45488 2.2938 -1.06224 2.14262 1.07288 1.45061 0.32207 -0.860061 -0.253144 -0.0348326 
5.52898 1.46164 -2.6537 -0.465861 0.679521 2.27833 -0.145322 0.482623 0.604362 0.093193 0.118984 -0.00619502 
4.75173 0.714595 -2.17508 -1.14956 1.47461 3.39434 1.04485 0.602329 0.0186044 0.0549111 0.144605 0.0445479 
4.80056 1.5758 -0.63412 -1.64086 0.56757 2.9521 2.17531 1.74352 0.41237 -0.0219602 0.148744 0.0650053 
3.82008 1.07016 -1.45773 -1.95799 -0.685649 2.14071 2.54007 1.03897 0.22594 -0.0135793 0.192529 0.0574187 
3.59435 1.00476 -0.759887 -2.38037 -0.560809 1.7487 2.23535 0.885263 0.27734 -0.632372 0.0560891 0.0248841 
3.06363 1.26738 0.25292 -2.33706 0.0700621 2.18074 2.27046 0.659135 -0.434289 -1.01522 -0.187578 -0.094109 
2.22965 0.994577 -0.450095 -2.4399 -0.603537 0.693027 2.85128 0.524355 -0.132176 -0.366425 0.0611475 0.0608375 
1.954 0.718216 -0.111826 -2.35443 0.315855 1.00192 1.49912 1.04463 0.00756704 -0.588944 -0.164416 0.120712 
1.86219 0.579637 1.00622 -1.68617 -0.244527 0.793428 1.28606 0.418402 -1.18272 -0.904344 -0.070045 0.0551194 
1.24177 0.626641 1.40791 -1.58664 0.412484 0.375865 1.4209 -0.146582 -0.498573 -0.836675 0.00888864 0.0577167 
1.3897 1.18525 1.26626 -1.24662 0.64004 0.737323 0.865616 0.632335 0.010556 -0.292292 -0.0585293 0.103862 
1.42095 0.292605 1.28874 -0.239495 -0.171948 0.0377096 0.378506 0.0521847 -0.314212 -0.353765 -0.0746979 -0.016627 
1.27173 0.421604 1.31974 -0.458553 0.051335 0.707086 0.212517 -0.255612 -0.589781 -0.444324 0.0385049 -0.0191861 
1.32874 0.047263 1.51196 0.0801913 0.541656 0.595128 1.14474 -0.185117 0.183702 -0.367215 0.0188861 0.0373903 
1.36798 0.956646 1.24052 0.327638 0.901834 -0.118655 0.131645 -0.334261 0.152384 0.0471901 0.0986524 0.0697456 
1.32495 0.589978 1.17588 0.117237 -0.37449 0.682607 0.403057 -0.415755 -0.0158499 -0.302803 0.0564634 -0.0682825 
