3.19507 1.65089 2.6612 0.669687 4.08417 3.03882 1.43845 1.40194 0.122766 -0.249164 -0.206403 0.029842 
3.78678 1.00959 2.21646 -0.472303 4.15199 3.51776 1.65063 1.30514 -0.196015 -0.488982 -0.276594 0.020593 
3.65286 1.34319 2.11014 0.250458 3.03584 3.90315 1.43337 1.14502 0.546711 -0.692419 -0.273783 0.0536623 
3.68584 1.53827 2.94227 0.902323 3.2429 4.0222 1.37295 0.785073 0.597241 -0.818347 -0.156888 0.0981827 
4.0604 0.926798 2.3637 -0.558049 5.52425 3.16403 1.35934 1.31984 -0.74791 -0.201038 -0.195449 -0.00655094 
4.22157 1.81454 1.85232 -0.299815 5.1446 3.32225 2.1073 1.3766 -0.901008 0.197291 -0.279449 -0.0227341 
3.04637 1.89881 1.43302 0.762087 2.75357 1.87763 1.87177 1.52726 -0.891315 -0.281442 -0.325209 -0.0102089 
3.17817 2.20539 1.5572 0.725447 2.23632 1.81061 1.76882 1.16989 -0.586364 -0.190701 -0.347208 -0.0493255 
3.57241 1.7576 1.36462 0.254058 3.2787 2.85491 1.98249 1.12216 -1.53186 -0.00290961 -0.319032 -0.0152785 
3.62635 2.00001 1.05964 0.579218 2.56913 2.84778 2.1261 0.725113 -1.04562 -0.232741 -0.405865 -0.0154261 
4.22533 1.81945 0.789103 0.244256 1.35468 3.71398 3.02224 -0.00748856 -0.942399 0.00662435 -0.523371 -0.0519706 
4.23514 2.14954 -0.154879 -0.553159 1.48695 3.06713 2.40223 0.196749 -0.922879 -0.494691 -0.490867 -0.0450701 
3.83908 2.23715 0.954421 1.1915 2.22872 2.79075 2.2834 0.786047 -0.41755 -0.571626 -0.278727 0.00236497 
4.31818 2.79067 1.04963 0.67859 2.53803 2.83676 2.44175 1.03209 -0.518734 -0.327387 -0.374859 -0.0235869 
4.52464 2.79547 0.818431 0.619085 2.35276 3.53132 2.51772 0.368139 -0.795701 -0.503807 -0.332939 0.0227757 
4.09953 2.94097 1.39747 0.947166 2.05707 3.04215 2.53831 0.845723 -0.502553 -0.665674 -0.407741 -0.0342748 
4.39357 3.10968 1.3174 0.743246 1.83684 3.20282 2.81162 1.09113 -0.287517 -0.580518 -0.360865 -0.0164591 
6.86286 3.84121 -0.586865 -1.70309 1.695 4.2978 4.63242 2.16423 -0.412609 -0.743318 -0.619001 -0.0468583 
5.89193 3.08983 -0.610321 -1.7319 0.721332 3.64142 3.90834 1.74652 -0.2848 -0.419674 -0.546523 -0.0682336 
4.38387 2.64803 0.697937 0.06542 1.25987 2.52679 2.54589 1.50765 0.493907 0.00242587 -0.477019 -0.122703 
4.75372 3.0136 0.421082 -0.623411 1.05867 2.84482 3.20889 1.74301 0.550756 -0.0577555 -0.300726 -0.0463876 
3.79049 2.55274 0.934239 0.278577 1.09642 2.53566 2.94405 1.76656 0.548824 -0.115591 -0.239422 -0.0330164 
3.78006 2.72292 1.2011 -0.0625721 1.0119 2.59708 2.77338 2.30251 0.858627 -0.20238 -0.159303 -0.0441373 
3.84388 2.41068 1.59519 0.881103 2.06896 3.23023 2.44595 1.7276 0.521028 -0.185365 -0.31257 0.00424417 
3.06312 2.25105 2.09036 1.83117 2.24521 2.28932 1.56232 1.24587 0.801275 0.0119231 -0.00870951 0.0471497 
3.01451 1.87039 2.9601 1.79044 2.72501 1.78623 2.21732 0.58278 0.635619 0.260198 0.0717497 0.0737105 
2.8004 1.26762 2.13045 0.943136 2.36434 1.33453 1.51429 0.272713 0.506585 0.0147082 0.291269 0.0395379 
2.39579 0.48071 2.79821 1.1458 1.49783 1.22727 0.838161 0.548629 0.702325 0.0818461 0.361307 0.00733229 
2.32531 0.279996 1.63103 0.702398 1.8837 0.482186 0.723587 0.557776 0.492131 0.0974234 0.576687 0.0272936 
2.07435 0.377622 1.72831 0.603008 1.90636 0.226152 0.639437 -0.104084 -0.207805 0.314366 0.385681 -0.0504213 
1.67694 0.201479 1.53607 -0.273761 0.763567 0.278049 -0.332779 -0.33839 0.598208 0.338478 0.331547 -0.0436562 
1.53165 0.177989 1.1713 -0.266063 0.380268 0.0955355 -0.740537 0.30068 0.667991 0.18012 0.648354 0.0767927 
1.46229 -0.207378 1.60583 -0.0812469 1.32576 0.00101641 0.229394 -0.611097 0.315281 0.261639 0.539318 0.0535599 
1.68271 -0.17749 1.4201 0.263263 1.8707 -0.703353 -0.211578 -0.434353 -0.0375125 0.174255 0.679124 0.056114 
1.56417 0.0706366 0.927852 -0.310828 0.835629 -0.257896 -0.0945337 -0.244133 0.254716 0.491862 0.664747 0.0502324 
1.84093 -0.18674 1.27121 -0.0335184 1.24893 0.0915499 -0.335487 -0.690829 -0.0766388 0.0511041 0.411102 0.0252902 
1.5339 0.114546 1.6333 -0.717923 0.542373 0.123277 0.0915142 -0.56784 0.610803 0.333541 0.473394 0.0440456 
3.01887 -1.10407 0.780217 0.652244 1.05376 -0.513688 0.0414379 -0.206897 -0.796158 0.261328 0.329134 0.0376089 
4.22762 -1.98831 -1.6318 0.0972648 1.05681 3.07131 2.87986 -1.22191 -1.64923 -0.98133 -0.232041 -0.0318098 
3.25712 -0.935928 -1.88704 0.296654 2.30103 3.13083 1.3067 -1.56207 -1.63059 -0.621379 -0.198936 -0.0657804 
3.19922 -1.81138 -2.24773 -0.8012 2.03237 3.18842 0.884082 -1.53837 -1.78844 -0.890012 0.0672644 0.0775476 
3.93122 -0.932363 -2.47955 -2.75362 3.14614 3.99865 1.34275 -0.103563 -1.02045 -1.61207 -0.0788796 0.0578977 
2.91052 -1.79574 -3.26117 -2.18723 1.71703 3.20512 1.9965 0.0700788 -0.616465 -0.891976 0.0550567 0.133375 
2.86651 -1.65785 -2.83458 -2.77887 1.83812 3.81022 2.37513 -0.906082 -1.69827 -0.463088 0.039122 0.15216 
2.50452 -1.14516 -2.74415 -2.44631 1.8823 2.7316 1.35335 -0.0942475 -1.07847 -1.20237 0.0251988 0.0733814 
2.57919 -0.89518 -1.40754 -1.23377 1.8748 2.55551 1.41808 -0.613327 -1.04049 -0.471217 0.174667 0.121001 
1.99799 -0.447592 -0.526561 -0.741614 0.623277 1.80622 0.683511 -0.300982 -0.391265 -0.40536 0.63069 0.176861 
1.57864 -0.128433 0.845081 -0.0872797 0.925743 -0.165296 -0.288375 0.0375395 0.713821 0.498452 0.451133 0.0139838 
1.43675 0.212744 1.63368 -0.268797 0.629432 -1.51748 0.577587 -0.495397 0.771144 0.674797 0.0695364 0.0868901 
1.64027 0.0480118 1.27394 -0.457039 0.458628 -0.196549 -0.779911 -0.10482 0.973516 0.189393 0.560989 0.0634926 
1.56233 -0.174787 2.15511 -0.00098326 0.690991 -0.195652 0.0131823 -0.289792 0.883303 -0.0517662 0.364258 0.0649876 
1.60515 0.0535776 1.43911 0.0621948 0.290236 -0.0706131 0.0663528 0.631246 0.46785 0.600944 0.537191 -0.0502285 
1.48011 -0.155504 1.37856 -0.0117823 0.956467 0.0192829 -0.102537 -0.272237 0.657064 0.127072 0.28462 0.0206827 
1.57458 -0.305991 1.36871 0.0991461 0.443174 -0.0860259 0.148655 -0.0860212 0.155034 0.306252 0.485812 0.0728652 
2.40653 1.46913 2.56406 1.43803 2.21747 1.00965 1.49011 0.820434 0.722395 0.70384 0.597624 0.0296246 
2.41844 1.52454 2.16015 1.56664 1.67588 1.76324 1.20947 1.07396 0.987432 0.624524 0.564169 0.0451153 
2.40664 1.02168 1.50752 1.17518 1.37434 0.805157 0.809382 0.434477 0.518346 0.455098 0.389154 0.0318508 
1.88959 0.610007 1.55828 1.16217 1.13405 0.714258 0.340611 0.173 0.376721 0.0428159 0.484465 0.0737509 
1.84169 0.0705104 1.06674 0.120339 -0.0270978 0.578163 0.23538 -0.685309 0.504536 0.150524 0.399286 0.0709682 
1.42606 0.101599 1.21643 -0.353944 0.362965 0.852108 0.0544924 -0.287221 0.573939 0.0208546 0.11792 0.0425025 
1.33484 0.301863 0.778438 -0.843788 1.25265 0.509473 -0.255177 0.2844 0.91051 -0.317764 0.478984 0.0409109 
1.67784 0.284355 1.6308 -0.13325 0.369882 0.0482464 -0.0585262 -0.545337 0.710751 0.334238 0.367378 0.0517476 
1.55311 0.0708852 1.16591 0.752809 0.908265 -0.399917 0.430357 -0.146673 0.194225 0.184271 0.252659 0.0785024 
1.71674 0.328603 1.69165 0.0899159 0.326463 -0.723394 -0.555869 0.20638 0.471829 0.210333 0.185839 0.0695175 
2.09103 -0.194866 0.823039 0.21152 0.965085 0.00500341 0.204988 0.359497 0.201467 -0.217769 0.234808 0.0560871 
2.08899 0.422784 1.1734 -0.446686 0.713601 0.479513 -0.223725 -0.198799 -0.126218 0.285658 0.197438 0.0100815 
1.64982 0.0841841 0.779517 -0.17353 0.969551 0.367464 -0.0791243 -0.733592 0.468305 0.527985 0.583565 0.0572816 
1.76235 -0.0777452 1.11077 -0.469929 1.53259 0.0471909 0.550513 -0.282087 0.246643 0.255379 0.222114 0.0882537 
1.66542 -0.125949 0.812892 -0.153656 0.720944 0.61708 -0.379511 -0.0948838 0.314702 0.219037 0.32579 0.10228 
1.81232 -0.289794 1.71512 -0.48704 1.32411 0.578148 -0.347473 0.0153732 0.022072 -0.261955 0.559693 0.0509024 
1.56149 0.284764 1.19256 -0.047335 0.865058 0.398889 0.0238078 0.209121 -0.119451 0.189473 0.485241 -0.0387125 
1.72565 0.179176 1.1265 0.0226772 0.905552 0.106751 0.160246 -0.0843434 0.50553 -0.0421014 0.69313 0.0145496 
1.75897 0.109748 0.984207 0.183087 0.967359 -0.0828797 -0.0256625 -0.116314 0.10552 0.149676 0.477275 0.00279252 
1.97797 0.382393 0.615922 0.142605 0.409527 1.04583 -0.229898 -0.716983 0.433149 0.203237 0.509366 0.0126077 
1.60146 0.728431 1.34897 0.238544 0.850832 -0.448439 0.11493 0.00158358 -0.00811439 -0.0843206 0.655437 -0.0135907 
1.73233 0.230357 0.962035 0.0510787 1.05617 0.229434 0.644879 -0.197395 -0.147448 -0.0800152 0.154368 0.0460596 
1.28459 0.314532 0.928289 -0.162954 1.17893 -0.423906 0.856387 0.2689 1.08337 0.0604583 0.226517 -0.0195798 
-0.86626 -0.468439 0.439871 -0.184494 1.88874 -0.0261938 1.82318 -0.197209 1.12344 -0.225694 -0.827213 0.163573 
-0.451061 -0.239369 0.844271 -0.387676 2.76391 0.660238 2.61724 -0.427152 -0.0957601 -0.420031 -0.374351 0.236782 
0.0949723 0.452749 0.622358 -1.35968 1.39539 0.166232 0.804555 -0.924752 1.18929 -0.0265247 -0.088394 0.362918 
1.68689 -0.288071 2.02408 -0.751213 1.61717 0.971054 -0.0943292 -0.804354 0.436091 -0.408424 -0.245105 0.162113 
2.54929 0.959306 2.05995 1.51798 1.854 -0.0537181 -0.687791 -0.220004 -0.557869 -0.80011 -0.545591 -0.0298941 
3.67994 2.98262 3.50357 3.07402 2.5506 1.04794 0.534314 0.60289 0.33631 -0.0413045 0.0983839 0.00856278 
2.84772 2.12288 2.63692 2.58239 2.58457 1.16601 1.40107 1.4639 0.88242 0.235296 -0.0310471 0.0781535 
2.46349 0.782185 2.1603 0.724384 2.62037 0.0282255 0.0652692 -0.0201956 0.289381 0.0405994 0.321818 0.0306728 
