-3.34627 -1.39591 2.51576 5.70364 -4.03556 -1.52616 2.43465 -0.275857 -0.900055 -0.184233 0.507795 -0.116493 
-0.517354 -1.81401 1.03722 5.75293 -2.82686 -1.63029 0.917493 0.715943 -0.250714 -0.590784 0.231899 -0.00694304 
1.04723 -2.15273 2.0801 3.20002 -2.14871 -2.56434 1.88872 0.25043 0.159181 -0.111525 0.447524 0.0592535 
1.68605 -1.12893 2.23964 0.934865 0.839341 -0.64958 1.06612 -0.303013 -0.418799 0.181992 0.250815 -0.0455252 
1.72244 0.439221 1.94433 -0.42802 1.06541 -0.32383 0.86324 -0.735866 -0.0361695 -0.0893323 0.0899463 -0.00724522 
1.9474 0.805609 1.66071 -0.186377 0.826891 -0.718318 0.800465 -0.0657423 -0.490124 -0.288878 0.39424 -0.0499556 
1.64248 -0.0185992 2.29773 -1.00514 1.52341 0.214775 -0.224126 -0.23292 -0.0755327 -0.488732 0.382153 0.0388075 
1.87224 -0.560937 1.41018 -1.07228 2.26476 0.257127 -1.57318 -0.256334 0.696572 -0.128579 0.0509092 -0.0314992 
1.85369 -0.532877 1.45708 -0.699479 2.58353 -0.0360267 -1.20924 -0.533946 0.875831 -0.150316 -0.120016 -0.005145 
1.79739 -0.0570374 1.42168 -0.714177 2.20864 -0.394871 -0.402789 -0.803387 0.872819 0.0991454 -0.312285 0.0490114 
1.28722 -0.128063 1.49755 -0.803624 2.34403 -0.249913 -0.428218 -0.591099 0.208364 -0.0443467 -0.169135 0.00628376 
1.85405 -0.234286 1.72179 -0.738679 1.36158 0.278522 -0.260614 -0.88852 0.291679 -0.111035 -0.0996737 0.0839386 
2.06946 0.373264 1.54528 -0.394837 0.888545 0.454709 0.583881 -0.347679 0.49092 0.0726624 0.11281 0.00830396 
1.86021 0.461734 1.15117 -0.492689 1.10398 0.246109 -0.011273 -0.192656 -0.118326 -0.50352 -0.0111406 0.00452713 
1.5679 0.488817 1.40437 -0.499284 1.47413 -0.262112 0.150124 -0.776936 0.539314 -0.0576517 -0.14293 0.113505 
2.05052 -0.238403 0.538748 -0.419342 1.08451 0.627314 0.403078 -0.716591 0.229806 -0.782435 -0.0677141 0.0220326 
2.29219 -8.39583 -3.57302 2.60261 2.82432 0.475953 0.18003 0.637496 0.895212 0.139404 -0.646298 -0.194716 
1.78522 -6.36518 -2.07618 0.65695 3.35114 2.87086 -0.914912 0.96369 0.308676 -0.0291732 0.132425 -0.0450509 
2.18795 -4.29734 -2.18708 1.93245 4.00446 -0.362404 -3.18588 -0.194308 1.24027 0.346884 -0.25282 -0.1358 
1.8803 -3.3794 -2.0903 2.42613 4.03141 -0.776997 -2.59934 -0.534839 1.48952 0.523147 -0.26831 -0.15047 
1.3842 -2.43751 -2.05399 2.04363 4.3338 -1.01363 -3.33901 -0.0334128 0.599026 0.768531 -0.301906 -0.166299 
-0.612747 -1.33427 0.0429009 1.46197 2.8818 -0.659659 -0.625562 0.0822888 -0.40757 1.44336 -0.614874 -0.113773 
0.252943 -0.229401 -0.569479 0.961573 3.55654 -1.05251 -1.70232 1.25426 -0.114467 1.12053 -0.365698 -0.154531 
1.46799 -0.079097 0.589787 -0.764884 2.98081 -0.424356 -1.2234 0.146802 0.73924 0.869648 -0.447464 -0.11706 
1.74102 -0.339291 0.638682 -0.647128 2.43129 0.572403 -1.39592 -0.774963 1.74156 -0.142928 -0.17995 -0.0530672 
1.84523 0.175942 2.20375 -1.06589 0.580948 0.525911 -0.0822848 -0.466134 0.488935 -0.33564 0.413686 0.0909073 
1.68183 0.0731512 1.42399 -0.89839 -0.341515 0.221974 0.276034 -0.172087 0.769935 -0.832059 0.257512 0.0483969 
1.71665 0.374956 2.11701 -1.404 0.322301 -0.0876842 0.387013 -0.161158 -0.202232 -0.608737 0.180903 0.00455282 
1.69729 0.936805 1.32142 -0.763246 -0.119669 0.170768 0.678978 -0.232674 0.569276 -0.674207 0.431753 0.0300457 
1.79979 0.589323 1.84693 -1.50484 0.131871 0.48651 0.645423 -0.615967 0.295019 -0.199709 0.261676 0.0190573 
1.60065 0.883422 1.56246 -0.544857 0.55001 0.180251 0.164623 -0.307678 0.0169653 -0.0807994 0.296035 0.0043889 
1.86013 0.815964 1.58823 -1.09414 0.4283 0.408601 1.24077 -0.454973 -0.503206 -0.102321 0.29578 -0.0189289 
0.520357 1.90081 0.113618 -0.937111 0.289546 0.858911 0.731734 0.108105 -0.71258 -0.593073 0.585219 -0.13493 
-0.465788 1.314 -0.566937 -2.01627 0.385031 2.8222 1.77287 0.573474 -1.02393 -1.1837 0.381137 -0.302902 
-1.07015 -0.600754 -3.10776 -2.58423 0.605235 2.04013 1.58976 0.995777 -0.535627 -1.46802 0.574846 -0.21215 
-0.291301 -1.1242 -2.53331 -1.1674 1.46277 1.60227 0.366487 -0.275899 -0.798437 -1.3441 0.522441 -0.276044 
-0.581459 -0.124217 -0.716392 0.35654 2.92911 2.33619 2.67123 -0.0761474 -0.832069 -0.436637 0.313563 -0.318218 
2.20915 1.34825 -0.212395 2.21007 2.00743 2.12754 2.83406 0.578611 0.512926 -1.00994 -0.0276119 0.0286866 
2.61601 1.78097 0.662117 1.1991 2.5085 1.93496 2.90784 1.33838 -0.35848 -0.718824 -0.0924075 0.0641254 
2.43237 1.90155 0.860056 1.65143 2.38222 1.91792 2.92256 1.1444 0.328749 -1.21279 -0.149097 0.0462062 
2.51369 2.23585 0.765632 1.42696 3.75728 2.10581 1.89117 1.33089 0.157217 -1.1103 -0.0368109 0.0358821 
3.05376 1.77818 1.61416 0.968334 2.27613 1.97754 1.95906 0.596401 -0.00821994 -0.458115 -0.0427217 0.0112715 
3.07719 2.18469 1.07089 1.57212 2.47016 2.58598 2.29285 0.913913 -0.0709021 -0.534554 -0.214745 0.0300373 
2.53529 2.55751 0.913659 2.00413 3.69639 2.49329 2.27558 0.298745 0.28074 -0.909937 0.0343287 0.0521146 
2.62116 1.77793 1.59071 1.51034 2.12066 2.18178 2.74537 0.408693 -0.412414 -0.389985 -0.157311 0.0317536 
2.75457 2.17919 1.71169 1.6331 2.31404 2.00103 2.08579 1.14775 -0.766983 -0.66567 0.0397517 0.0104663 
2.79578 1.94457 1.70023 2.21198 2.50196 2.17867 2.60152 0.972147 -0.130853 -0.909069 -0.0125341 0.0613645 
2.93486 2.29901 2.40673 0.406772 3.32944 2.63353 2.86886 0.965991 -0.180671 -0.733855 -0.19803 0.0694044 
2.77893 2.0138 2.16665 1.83706 1.68608 1.41655 1.69821 0.618672 0.0241028 -0.251111 -0.113711 -0.0228272 
3.00475 2.0743 1.69268 1.74153 1.73539 1.7984 1.71742 0.643304 0.109169 -0.36451 -0.200926 -0.0288455 
3.05696 2.50511 2.40191 1.42294 3.01789 3.00478 1.71588 1.07979 -0.0961324 -0.318262 -0.21072 0.0147865 
3.26297 2.32617 1.95841 1.27356 1.70028 2.15612 2.02485 1.03501 -0.209728 -0.562993 -0.125744 -0.0193713 
3.3304 2.04378 1.74871 1.53192 1.91896 2.14156 2.06987 0.648929 -0.0542435 -0.343535 -0.196538 -0.00586407 
3.01015 1.82496 2.00659 2.4814 2.80926 2.33367 2.95622 0.471877 0.222479 -0.731452 -0.152906 0.0821404 
3.54376 2.09532 2.37912 0.620965 2.9838 2.94483 2.95098 0.935961 -0.323483 -0.327307 -0.436422 0.0275256 
3.2615 2.1852 1.50159 1.17272 1.59813 1.86505 2.36376 0.857815 -0.0623353 -0.820572 -0.310056 -0.0438514 
3.19402 1.76925 1.21223 1.26854 1.54682 2.24138 2.15406 0.66505 -0.268625 -0.504944 -0.361421 -0.0374642 
3.76319 0.771047 1.25918 1.46607 1.54233 2.50708 2.95065 0.460576 -0.8708 -0.418295 -0.339807 -0.0420629 
3.63605 1.15588 1.2803 1.6565 2.13768 2.11547 2.40857 1.0275 -0.917152 -0.444098 -0.303981 -0.0177955 
3.64885 2.01737 1.22475 1.22573 1.25482 1.99228 2.37417 0.82595 -0.59487 -0.587665 -0.211272 -0.0352326 
3.33756 1.93504 1.25575 0.853625 0.93347 2.07818 2.1581 0.408249 -0.646571 -0.380472 -0.0970408 -0.0354997 
2.86015 0.912919 0.167139 2.90431 1.84442 1.01044 1.95177 1.32716 0.247624 -1.23876 -0.221815 0.0520586 
4.18522 1.79507 0.793996 0.287139 1.87215 1.87148 1.78548 1.27227 -0.573046 -0.615678 -0.336355 -0.060253 
5.611 0.961422 -0.513509 0.71557 1.45929 1.33419 1.84745 1.24445 -0.361964 -0.664658 -0.34124 -0.054022 
4.21926 2.13699 0.0760564 -0.42863 0.791078 2.18802 2.19268 0.837621 -0.607224 -0.6968 -0.283982 -0.0451569 
4.27133 2.22429 0.746978 0.0444978 1.36456 2.6025 2.01626 0.977974 -0.412599 -0.529968 -0.371696 -0.0722731 
5.45213 2.76424 -0.180322 -0.397022 1.64171 3.64039 3.28582 0.800387 -0.668247 -0.411502 -0.455286 -0.0505643 
4.77533 3.05159 1.47505 0.971884 2.08593 3.1251 2.6609 1.36075 0.485606 0.165949 -0.365229 -0.0768209 
3.51303 2.53099 1.62473 1.2645 1.79369 2.27152 2.41772 1.70241 0.573958 -0.150004 -0.246432 -0.0163656 
2.84007 2.1983 1.81948 1.69906 1.52113 1.4222 1.28153 1.3856 0.718449 0.213336 0.0313168 0.0163506 
2.98854 2.71702 1.46635 2.85602 0.494528 1.27019 2.50003 2.07359 1.62601 -0.0311252 0.347003 0.0301096 
2.90047 2.67851 2.08806 0.455084 2.11796 2.12362 1.8921 1.77695 1.74774 -0.0499435 0.287962 0.0460124 
2.48494 1.95588 2.62788 -0.0566132 1.71707 2.27655 1.03303 1.7593 1.36642 0.118829 0.163873 0.042452 
2.39405 2.12534 2.22975 0.916807 1.71429 1.62023 1.80245 1.39282 1.18108 0.247298 0.267261 0.0508643 
2.54278 1.86247 2.74672 0.91552 2.45907 1.7193 1.65521 1.09203 1.08509 0.479154 0.360561 0.0910882 
2.33326 1.76216 2.12502 0.00694175 2.25728 2.41037 2.06718 0.836495 0.580748 0.204601 0.235847 0.0864011 
4.53374 2.2178 -0.10794 1.05382 -0.325031 1.76979 2.19173 0.423423 0.268551 -0.569803 -0.0741079 -0.050617 
5.54733 2.50421 -4.04812 1.22468 -1.00241 0.923715 2.05327 0.705684 0.864955 -0.680328 0.265213 -0.243674 
5.53366 1.88439 -2.2076 -0.782169 0.306865 2.37105 0.812656 -0.335981 -0.236212 -0.117371 -0.0463202 -0.0996158 
4.46717 0.836966 -2.06596 -2.23871 0.414467 1.72808 1.35496 -0.020604 -0.191698 0.0589177 0.000373386 -0.0543634 
4.57419 1.46248 -0.328486 -3.03891 0.835717 2.99095 1.5288 0.373135 0.0534531 -0.340223 -0.195635 -0.0992536 
3.93229 1.38768 -0.613465 -3.01204 0.613063 2.66117 0.245507 0.803073 0.453988 -0.396145 0.209271 -0.137983 
3.22728 1.25373 -0.135722 -1.95601 -0.201627 1.47812 1.24649 0.756378 0.822766 -0.379493 0.0433691 -0.189971 
2.93839 0.932528 0.689315 -1.57708 -0.332231 0.71551 1.3788 0.561897 0.54989 0.146287 0.0428151 -0.234282 
2.15435 0.589392 1.33348 -1.55929 -0.42533 0.340668 0.622516 0.611786 0.949198 0.371177 0.0042952 -0.227037 
