1.61262 0.435798 1.57743 -1.04865 0.831289 0.673417 -0.0597587 -0.520965 0.204282 -0.481394 0.178575 0.0359069 
1.61697 0.0280294 1.03456 -0.357851 0.621885 0.0946341 0.399534 -0.504439 0.00469261 -0.555167 0.213776 0.0297552 
1.62873 0.117526 1.46766 -0.866246 1.08535 -0.0456965 0.358859 -1.11625 -0.252051 0.0326777 0.129357 0.0960161 
1.78133 0.0246585 1.74016 -0.384803 1.04251 -0.818852 0.264882 -0.0563925 -0.178967 -0.241504 0.31592 0.0686378 
1.98048 0.0954109 1.04727 -0.762891 0.822561 0.350077 0.0674584 -0.41816 -0.089375 -0.210103 0.0305362 0.00330905 
2.04486 0.480073 1.28528 -1.18261 1.15555 -0.423673 0.446562 -0.213234 -0.0129763 -0.212816 0.24991 0.0585045 
1.85727 -0.0531538 1.18071 -0.338333 1.24325 0.440432 0.404582 -0.471354 0.638699 0.0710322 0.0728499 0.0119098 
1.74104 -0.107492 1.771 -0.198932 1.18599 -0.0830302 0.670912 -0.2231 0.585264 -0.378938 -0.14199 0.109697 
1.463 -0.163616 1.97976 -0.338666 0.708131 1.35239 0.658316 -0.580823 0.09873 -0.365394 0.0624778 0.115159 
1.97128 -0.188483 2.29087 -1.19436 0.708081 0.399552 -0.378996 -0.303467 0.592658 -0.0739384 0.139835 0.046779 
1.80945 0.104533 1.99086 -0.467668 0.549768 0.120246 -0.334171 -0.485369 0.421278 -0.405457 -0.0629949 0.110148 
1.93523 0.0910052 1.46914 -0.569875 0.854979 -0.0516841 0.479694 -0.404761 0.105024 0.130428 0.0262361 0.044129 
1.86672 -0.125878 1.35466 -0.264623 0.954157 0.220879 0.744772 0.145707 -0.0547281 -0.290296 0.0761776 0.0466699 
2.02006 0.112948 1.46685 0.252152 0.860771 -0.54107 0.254626 -0.230472 0.369687 -0.3669 -0.113792 0.0566215 
2.20255 -0.0578697 1.60765 -0.503442 0.95621 0.0740711 0.565111 -0.208521 0.0309387 -0.28831 0.193595 0.037051 
1.94368 0.285375 1.48799 -0.641129 0.724204 0.28567 0.134765 -0.576421 -0.152095 0.156734 0.0939187 -0.00326379 
1.97024 0.357795 1.53472 -0.491936 0.609891 -0.594744 0.508545 -0.490999 -0.184371 0.00345682 0.0978356 0.104697 
1.84722 0.302832 1.74184 -0.87141 1.23286 0.00756477 -0.164063 -0.11854 0.556943 -0.162768 0.145175 0.0267366 
1.37851 -0.120779 2.72516 -1.52978 0.599751 0.549796 -0.557255 -0.289221 1.08634 -0.38173 0.311822 0.0279013 
1.05783 -0.00335383 2.05187 -1.29791 0.867574 0.936931 -0.379576 0.277099 0.376952 -0.652657 0.308193 0.040609 
1.23887 -2.71476 1.82423 -1.93413 1.74886 0.496322 0.269355 -1.10644 0.00205929 0.937929 -0.376575 -0.0106852 
0.273942 -5.44354 -1.50332 -0.008805 0.393674 0.730261 1.54364 -0.134967 0.00242509 -0.192814 -0.34016 0.0540802 
1.82392 -5.10224 -1.35876 1.4136 0.565684 -0.746958 0.925262 0.586958 -0.0858809 -0.549899 -0.256929 0.0585109 
1.88468 -6.1384 -1.04642 2.5639 0.927033 1.83744 0.657652 0.256734 0.150817 -0.672516 -0.312426 0.241637 
2.18138 -4.42052 -1.57499 1.84775 3.27766 0.285239 1.68245 1.43495 -0.691158 -0.346048 0.209891 0.242413 
1.10623 -5.82315 0.86734 1.99041 0.675778 2.49034 1.29523 -0.412872 0.322908 -0.257588 -0.323961 0.263769 
1.73136 -5.10877 1.38801 0.25372 1.32948 0.71157 1.6879 0.27974 0.252732 -0.317404 -0.698481 0.228332 
2.85501 0.853746 1.1152 2.56603 2.29721 1.70641 2.16436 2.02382 0.878367 -0.215449 -0.281196 0.108664 
3.46574 1.71229 1.98092 2.08031 3.60919 2.72867 1.95083 2.1129 0.362724 -0.110325 -0.292524 0.0681087 
3.45605 1.21698 2.10305 -1.05233 3.58397 3.17702 1.56582 1.78595 -0.657039 -0.222316 -0.350105 -0.0858755 
3.27261 2.06879 2.73266 -0.709325 3.07153 3.27353 1.93826 1.66906 -0.427948 -0.50777 -0.306948 -0.0324812 
3.20453 2.10833 1.57567 0.716092 2.25303 2.96086 1.9781 1.24432 -0.340066 -0.728087 -0.272886 0.00145685 
3.33507 2.0463 1.92359 0.00839256 2.52872 2.40201 2.11601 1.96546 -0.596547 -0.512916 -0.295438 -0.0539311 
3.34378 1.87026 2.60933 -0.415529 2.94016 3.20046 2.24 1.52681 -0.582352 -0.440224 -0.297045 -0.0148946 
2.94496 1.5908 1.73161 0.194645 2.97954 3.16113 1.6883 1.18705 -0.643618 -0.219021 -0.271045 0.0190801 
2.67736 1.29353 2.00161 -0.696231 3.40296 3.1911 1.79449 0.617223 -0.548709 -0.236354 -0.348347 0.0559731 
2.6844 1.97243 2.8502 -0.661929 3.36838 3.71473 1.63771 0.207198 -0.428695 -0.285546 -0.0769591 0.110138 
2.63782 1.59199 2.00566 0.593204 2.74084 3.14615 0.988553 1.06732 0.152064 -0.75773 -0.0869442 0.0464883 
3.0184 2.07877 1.44132 0.89642 2.83373 2.53608 1.94934 0.719777 -0.354838 -0.570248 -0.138789 0.0318663 
2.9376 1.51748 1.89414 0.717115 2.89057 2.89831 1.67905 0.358503 -0.84603 -0.290044 0.0632356 0.0453973 
3.35023 1.98944 1.4671 0.111741 3.41374 3.91988 1.50163 0.32648 -0.469196 -0.569843 -0.0867019 0.0740092 
3.84738 1.41382 1.39145 -0.845787 3.05535 2.66864 2.0678 0.555866 -0.683236 -0.252806 -0.182644 0.0164287 
3.35378 1.82942 0.975683 -0.34713 2.66086 3.17123 1.5044 0.603209 -0.264703 -0.523926 -0.266262 -0.00749072 
3.40079 1.00767 1.16253 -0.54111 2.12368 2.61558 1.74038 -0.0894896 -0.714089 -0.72671 0.0455481 0.0432728 
3.47826 0.149889 1.39568 -2.44532 3.31222 1.89108 2.30739 0.67172 -1.08152 -0.467254 -0.364738 0.0277652 
3.4958 0.806455 0.394834 -0.0673838 3.06724 2.65939 2.5646 0.528823 -0.963806 -0.190705 -0.062526 0.0765861 
3.52858 1.80679 0.411626 -0.178072 1.87806 2.01119 2.68917 1.08046 -0.980657 -0.0565689 -0.00902914 0.0479132 
3.94849 2.36595 0.759998 -0.66113 1.46265 2.34023 2.60463 1.28201 -0.969971 -0.20737 -0.279208 -0.0112706 
5.00608 1.36539 0.422191 -0.726071 3.07711 2.11341 3.25618 1.14379 -1.35961 0.0555458 -0.288893 -0.0146799 
4.037 1.57315 1.12557 -0.422942 3.34203 1.67387 2.16538 2.24547 -0.991259 -0.090209 -0.369417 -0.0725051 
5.04863 1.6867 0.490159 -0.935925 3.75112 1.92501 1.93941 2.10749 -1.27601 -0.123428 -0.461127 -0.143938 
5.14437 2.81768 0.885546 -1.23522 2.39709 3.30271 2.71291 1.66089 -1.45468 0.0260005 -0.538798 -0.105189 
4.47479 2.59078 0.454781 -0.377414 1.37678 2.6249 2.47041 1.00548 -0.522997 -0.46858 -0.58973 -0.101976 
3.97397 2.20036 0.284737 -0.315169 0.628785 1.98227 2.24688 1.32944 0.0881383 -0.497859 -0.525397 -0.144188 
4.66512 3.08172 1.35253 0.456257 1.1921 1.82406 2.30333 1.49933 0.713855 -0.147109 -0.559844 -0.18896 
4.76167 3.50113 1.73931 0.245738 0.865988 2.06801 2.49317 1.80925 0.622578 -0.102763 -0.493712 -0.173343 
4.89123 3.82992 0.968142 -0.799574 0.634014 2.61544 2.55136 1.42325 0.87575 -0.495105 -0.351428 -0.110382 
4.83379 3.6002 0.683983 -1.18211 0.35946 2.71455 2.97204 1.6627 0.776103 -0.190277 -0.306148 -0.0542496 
3.60632 2.67915 1.89355 1.04307 1.13557 2.08547 2.71555 1.63391 0.636166 -0.183086 -0.342907 -0.05381 
3.17375 2.82442 1.86272 1.8021 1.27943 1.77575 2.19755 1.10983 0.765497 -0.258112 -0.0444454 0.00252377 
2.98042 2.06356 1.60489 0.864682 1.13089 1.79776 2.0335 1.14313 0.613156 -0.171096 -0.292097 -0.000387351 
2.9514 1.97815 1.56867 0.185536 1.22401 1.90245 2.17853 1.46957 1.0727 0.0147078 -0.314027 -0.00754094 
2.34444 1.91036 2.50176 0.653562 1.07928 1.28903 2.33055 0.909119 1.36473 -0.0908683 0.109113 0.0550526 
3.29821 1.43558 0.495151 0.643467 0.424108 1.32351 1.40161 0.23009 -0.151607 0.0897283 -0.28115 -0.0657944 
6.39497 -0.390726 -0.86345 1.16552 -0.124203 1.66395 1.82604 -0.953096 -0.455862 -0.105949 -0.298024 -0.148383 
4.3199 2.19603 0.324333 -1.07835 -0.183269 0.876886 0.0962361 -0.163564 -0.603349 -0.4159 -0.170136 -0.0805806 
3.8721 2.40413 1.39295 -0.830246 0.93001 0.317262 -0.439083 0.218523 0.0451258 -0.75176 0.266804 -0.0423345 
3.22577 0.999178 0.502909 0.92314 0.424527 -0.293421 -0.771496 -0.251859 0.683913 -0.36964 0.393761 0.0123957 
2.41124 -0.428007 0.158514 0.805259 0.898471 -1.8999 -1.7664 0.708466 1.77391 0.142614 0.116408 0.00340785 
1.59841 -0.312481 1.03099 0.918757 2.03913 -0.58766 -0.976955 0.168348 0.0186909 0.0802813 -0.381503 -0.0252807 
1.26247 0.107155 1.18303 1.02397 1.5948 -0.264837 -0.155923 -0.00541292 0.570874 0.128057 0.133537 -0.0140802 
1.2416 0.267481 1.51351 0.0789094 0.320178 -0.381213 -0.241873 -0.305389 0.500145 0.252185 0.326078 0.0520034 
1.09038 0.85995 1.15431 0.58615 -0.0171218 -0.391918 -0.304071 -0.0859174 0.458254 0.0632354 0.162079 -0.0104331 
1.51303 0.29233 1.5408 -0.396193 0.591473 -0.0877079 0.579358 0.084397 0.21684 -0.53999 0.265052 0.0478905 
0.911171 0.0816353 1.81895 -1.1282 0.434096 0.184254 -0.289022 0.0835037 -0.0861578 -0.379621 0.121947 -0.00170409 
1.10063 0.286793 1.62933 -0.656381 0.508257 0.49293 -0.122551 -0.309364 -0.200597 -0.0269666 0.253054 0.042206 
1.23136 0.207569 1.45994 -0.535716 -0.378344 -0.270382 -0.209926 -0.564125 0.160507 -0.171986 -0.0186181 0.0472349 
1.1691 0.478516 1.33862 -0.169905 0.630391 -0.361059 0.215636 -0.479739 0.170099 -0.01489 0.0846407 0.0409224 
1.3697 0.570136 1.27688 -0.191405 0.293249 -0.27911 -0.247415 -0.396982 -0.146482 -0.202823 0.489838 0.00697524 
1.34817 0.133146 1.43349 -0.278144 0.653401 -0.690039 -0.863551 -0.152697 0.0971784 0.434221 0.113551 -0.023907 
1.24869 0.361644 1.41923 -0.671948 0.231495 0.277148 -0.358469 -0.543042 -0.0795177 -0.0534391 0.139022 -0.0114754 
1.02229 0.33022 1.12975 -0.33525 -0.0486602 -0.343808 0.300413 -1.04253 -0.258283 0.111453 -0.00742222 0.064413 
1.57395 0.873742 1.47374 -0.472855 0.154769 0.0139347 0.0360658 -0.360794 0.248867 -0.146938 -0.102223 0.000793573 
1.45078 0.702754 1.39559 -0.758442 1.36927 -0.060353 -0.00138477 -0.422364 0.234789 -0.119682 0.0416669 -0.0834599 
1.12407 0.317158 1.35237 -0.641202 0.485168 0.378594 -0.633528 -0.477562 0.0590041 -0.615033 0.122829 -0.047298 
