1.49748 0.427589 1.51289 -0.104221 1.13367 -0.631093 0.57396 -0.349518 0.533906 -0.243708 0.00673441 0.0109093 
1.5461 0.55452 2.39805 -0.0939038 1.10778 0.00891505 -0.45626 -0.228614 1.30907 0.0832168 0.2346 0.0426031 
1.44075 0.960058 2.2964 -0.119974 2.11636 1.01822 0.344013 0.592829 0.616697 -0.117 0.24577 0.0356906 
1.48832 0.934241 1.81078 -0.0925731 1.22854 -0.0748463 0.297347 -0.0598378 1.18927 -0.47443 0.4081 0.0271321 
1.49428 0.634674 1.92424 0.44716 1.46344 -0.191245 0.268984 0.466646 0.739238 0.0321996 0.157946 0.0485432 
1.78353 1.03864 2.03481 0.209796 1.52263 0.454095 0.632531 0.382119 1.09575 -0.445258 0.260266 0.0800355 
1.49542 0.142575 1.97847 -0.549974 1.06637 -0.718068 0.506225 0.0800509 0.0293048 0.131485 0.19274 0.0346754 
1.5653 0.221184 2.14518 -0.924589 1.30196 0.11178 -0.120339 -0.562895 0.0933372 0.0800822 0.018715 0.0156917 
1.39823 0.13674 1.50028 -0.0249857 0.645326 -0.115503 0.632223 -0.330855 0.719322 0.0905444 0.00815268 -0.0439554 
1.41666 0.0846269 1.51393 -0.275951 1.13212 0.487565 0.586013 -0.45462 0.583361 -0.270775 0.262788 0.0176886 
1.24601 0.494289 1.651 -0.236078 0.921768 0.090918 0.822545 -0.196242 0.266909 -0.24738 0.240127 0.0411609 
1.23684 0.247561 1.5325 0.345374 0.728023 0.0608276 0.769525 0.443837 1.09772 0.281349 -0.0536244 -0.0178266 
1.30074 0.205346 1.81178 0.141787 0.993778 -0.11383 0.338845 0.0407564 0.283768 -0.354388 -0.0122655 0.0437821 
1.21584 0.271447 1.89157 -0.52 1.07476 0.186968 0.885602 -0.116767 0.273999 0.164241 0.378725 -0.0300122 
1.14345 0.428906 2.02673 -0.480561 0.463347 0.181537 0.859414 -0.279949 0.337082 -0.173377 0.175699 -0.0256613 
1.66726 0.230701 1.8341 -0.835769 0.830574 -0.120257 0.606555 -0.119167 0.594456 -0.0112897 0.173826 0.0533571 
1.44033 0.300311 1.66204 -0.285358 0.368401 -0.185212 -0.153146 0.0926073 0.417054 -0.235708 0.238885 -0.0533871 
1.43226 0.487881 1.33987 -0.475854 1.00209 -0.791776 0.22392 -0.170032 0.126288 -0.0243396 -0.0905595 0.00608054 
1.3637 0.541533 1.24099 -0.990858 1.43021 -0.922499 0.10274 0.0256873 0.216857 0.0248225 0.132657 -0.0175024 
1.28204 0.470325 2.15301 0.0778818 0.757951 -0.578723 0.0609441 0.361871 0.274415 0.013103 0.111243 -0.0153926 
1.4784 0.842704 1.6774 -0.230413 0.481687 0.488838 0.471134 0.228927 0.485187 -0.332751 0.174228 0.076513 
1.2036 0.650713 1.87032 -0.666161 1.08165 0.889312 0.323938 0.444543 1.1754 -0.408212 0.214951 0.0879723 
1.43886 0.00975958 1.97838 -0.349649 1.01723 0.333703 0.783989 0.774048 0.306214 -0.5235 0.275219 -0.00428054 
1.2422 0.508157 1.87305 0.072701 1.20724 -0.143513 0.271091 0.0857616 0.171417 0.145597 0.298622 0.0335076 
1.20755 1.10303 2.11452 0.0457846 0.386998 -0.549821 -0.426214 -0.424914 0.202879 -0.572798 0.375443 0.0576255 
1.70235 0.730065 1.45606 -0.843234 0.582007 -0.419933 0.53105 -0.0327337 0.0969329 -0.406389 0.196409 0.0108942 
1.32978 0.205823 1.21227 -0.264508 0.839069 0.242929 0.641789 -0.323929 0.460395 -0.0964417 0.18584 -0.0482277 
1.31956 0.226723 1.67734 -0.506494 0.786182 -0.720407 0.530886 0.162879 0.372092 0.039403 0.0510133 -0.0382283 
1.23411 0.805842 1.516 -0.610471 0.752895 -0.0790306 0.877752 0.138554 0.692934 0.184289 0.179175 -0.0506885 
1.48091 0.535968 1.96118 -0.677481 1.63536 -0.430562 0.344178 0.306057 0.0621088 -0.244754 0.0735289 0.0324264 
1.14445 0.297044 2.33079 -0.899481 0.78507 0.268758 -0.250279 -0.510695 0.681653 -0.329738 0.173255 0.125351 
1.08592 0.418868 1.96767 -0.405028 1.10655 -0.718477 -0.0351615 0.198751 -0.0471465 -0.669889 0.100305 0.0249936 
1.26292 0.327538 1.95033 0.0306499 0.895189 0.522372 -0.189377 0.0329341 0.427205 -0.240353 4.96715e-005 0.0564459 
1.17266 0.742666 1.89347 0.0299896 1.24297 -0.799968 -0.0222705 0.535678 0.526775 -0.197466 0.283209 0.0181786 
1.2487 0.00311215 1.9045 -0.0321278 1.16689 -0.248616 0.932323 0.395622 1.02655 0.251287 0.163472 -0.0582919 
1.33208 0.503075 1.84966 -0.342843 1.32829 -0.933158 0.428486 0.434584 -0.143891 -0.207031 0.0723045 0.020829 
1.53994 0.199333 1.82778 -0.13087 1.76206 0.647318 0.777969 -0.268751 -0.0262241 -0.267164 -0.0201545 0.0674905 
1.43471 0.621541 1.70505 -0.828776 0.534929 0.00851134 0.732873 -0.0181627 0.213245 0.0328423 0.0214595 0.0139845 
1.44486 0.610895 1.15347 -0.60902 1.218 0.496215 0.452623 -0.622659 -0.365129 0.0415734 0.156973 -0.110494 
0.669119 -8.01701 -0.92027 -1.71931 -1.49423 3.19737 0.781575 0.829817 0.44019 -1.30925 -0.370722 0.245745 
-0.862419 -3.28945 -3.5479 -0.0330222 1.41289 1.91665 1.86641 0.34495 -0.0670979 -1.59001 0.522464 0.117005 
0.449789 -1.67666 -1.69156 2.07519 4.15525 1.62718 1.22898 1.04847 0.275394 -1.37462 0.610005 0.0668068 
3.42718 -0.368447 -1.59102 4.31645 3.52708 0.206973 3.67358 0.118787 0.325828 -1.17875 0.312608 0.151423 
3.71349 -0.624816 -1.39394 3.82431 2.68668 0.804934 3.08718 0.0758623 0.163381 -0.859979 0.273154 0.0449722 
3.58525 -1.79381 -0.863029 3.68078 3.21352 0.324331 3.89683 0.0741023 -0.273447 -0.836057 0.173698 0.1299 
2.33755 -1.00013 -0.400483 3.1122 3.25151 1.52613 2.61218 0.506289 -0.278893 -0.730941 0.185569 0.1497 
3.32412 -1.08157 -1.38784 3.41361 3.55714 1.45204 2.73503 0.542627 -0.406371 -0.516353 0.156581 0.120123 
4.28827 -1.11169 -1.62426 4.26639 4.25307 0.13705 3.67346 -0.146679 -0.151727 -0.938144 0.22608 0.143206 
3.58451 -0.614172 -0.846554 3.17299 3.15428 1.1408 2.68903 0.317 -0.440944 -0.705347 0.114724 0.119852 
3.67434 0.266167 -0.823978 3.02312 3.58003 1.1825 2.1666 0.323234 -0.154025 -0.512658 -0.0355893 0.0942797 
3.68716 1.59619 -0.7388 3.4557 4.39289 1.409 2.79566 -0.135671 0.167534 -0.633945 0.0584903 0.136456 
3.41448 1.20051 0.595281 2.3115 3.53008 1.56319 1.77699 0.754023 -0.244058 -0.463167 -0.0246461 0.105102 
3.13347 1.83252 1.26714 2.60021 2.71373 1.54715 1.60567 0.432648 0.049663 -0.641488 -0.0112694 0.0279215 
3.28973 1.5673 0.475133 3.29979 4.14974 1.25314 2.60604 0.0749389 -0.000274307 -0.86776 -0.00921268 0.133772 
3.69908 1.8925 -0.399778 3.28902 4.2756 1.39727 2.1112 0.0415947 0.423442 -0.982502 -0.0931095 0.065649 
3.38876 1.88949 0.971265 2.91933 3.50867 1.34465 1.97398 0.509272 0.368141 -0.910481 0.00195408 0.0623537 
3.58914 1.71992 0.490091 3.83912 4.49382 1.04208 3.22848 0.633891 0.63761 -1.10039 -0.261341 0.157679 
3.6944 1.98696 0.877428 3.44732 4.1833 2.10522 2.38103 0.60403 0.482852 -0.763589 -0.037521 0.101231 
3.65775 2.0998 1.35248 2.63194 3.16344 1.67265 3.18595 1.4478 0.453293 -0.79129 -0.250075 0.0861931 
4.08822 1.32834 0.375611 2.8828 4.43399 1.35128 2.43153 0.907285 0.461267 -0.43528 -0.0927264 0.160412 
3.31606 1.72429 0.819052 3.42282 4.14823 2.50258 1.87341 0.203235 0.316017 -0.655596 0.250902 0.127069 
4.92238 1.65589 -0.263915 2.80028 3.97278 1.74038 3.64566 0.194067 -0.16544 -0.42537 -0.0520894 0.0878662 
4.63916 1.50913 -0.143115 3.07428 3.72932 1.44313 2.7414 0.567986 0.252566 -0.647416 -0.22419 0.055989 
4.85726 0.187684 -1.32816 1.87891 2.98866 1.26681 1.94271 1.20084 0.088593 -0.517875 -0.25354 0.0365101 
4.76787 0.484464 -1.2003 1.69674 2.65469 1.43974 2.35274 1.14238 0.0719262 -0.421931 -0.18107 0.0258449 
5.83623 0.778812 -2.28269 1.57401 3.06441 1.49518 2.884 1.01771 0.186274 -0.435034 -0.00713423 0.09065 
4.89652 1.89989 -0.64608 0.920807 2.92373 2.71924 2.06175 0.891467 0.58887 -0.207863 -0.0712266 0.0207443 
4.0178 1.81928 -0.0600592 0.54595 2.41947 3.18456 2.48688 1.1944 0.278107 -0.0766142 0.0378286 0.0922558 
3.81538 2.21736 0.515323 0.500019 2.05854 3.21464 2.73437 1.43666 0.336926 -0.110523 -0.0506568 0.080028 
3.86732 2.74442 1.3395 0.990601 2.16677 2.99999 2.52405 1.42587 0.420222 0.115014 -0.0533901 0.0642891 
3.28266 2.53905 1.98291 1.90181 2.35626 2.52423 2.01639 1.1878 0.511995 0.129848 -0.027803 0.0622071 
3.33845 2.72447 2.29259 2.09192 2.27922 2.45591 2.22336 1.70659 0.931015 0.193927 -0.161397 0.0501187 
3.12182 2.63298 2.20295 1.88556 1.77513 1.84187 1.8513 1.41718 0.817526 0.212371 -0.0164516 0.0509069 
2.79524 2.35567 2.17433 1.98841 1.75964 1.67879 1.44578 1.22348 0.886395 0.645436 0.332383 0.0885133 
2.80682 2.47241 2.32676 2.00955 2.0116 1.95909 1.6834 1.31949 1.1302 0.716384 0.381328 0.112756 
2.68045 2.29959 2.16793 1.97387 1.91713 1.46252 1.37441 1.08274 0.725093 0.575972 0.380118 0.076661 
2.01738 1.45162 3.36054 2.54921 2.55998 1.24001 1.57581 1.17822 0.812475 0.504561 0.321117 0.0887247 
2.23591 2.31017 2.88538 1.61878 1.90873 1.93871 1.23417 0.468374 1.03281 0.346895 0.142542 0.0910598 
2.15483 1.30662 2.56018 1.8904 1.69211 1.14719 1.99994 -0.390816 1.72144 -0.206543 -0.0556621 0.0600911 
4.87611 1.34931 -3.34015 -1.77808 2.44579 2.83455 0.245453 -0.456361 1.12897 -0.26067 0.492201 -0.191817 
4.34311 1.15922 -1.86729 -1.37678 1.23847 1.51466 0.936471 -0.556591 0.846718 0.5154 0.366499 -0.0844231 
4.41643 0.873196 -1.33856 -0.450044 1.60264 1.54891 0.745485 0.139324 0.691711 0.674293 0.417553 -0.0764286 
4.91205 0.697653 -1.71818 -0.478085 1.99976 1.47826 0.137026 -0.0810976 0.602433 0.572146 0.284372 -0.123567 
3.75202 1.05731 -1.11405 -0.828282 0.970664 1.4718 0.646557 0.0256383 0.230694 0.533851 0.32673 -0.115525 
3.6087 1.10991 -0.925603 -1.10473 0.423531 1.47378 1.10664 0.35008 0.301889 0.441419 0.377737 -0.0821556 
