1.51036 1.00757 1.97702 -1.11149 1.19034 0.625639 0.869554 -0.372505 0.345549 -0.123983 0.0432994 0.086973 
1.77252 0.829993 1.41106 -0.634635 1.02319 -0.481684 0.972404 0.352179 0.575742 -0.400296 0.364595 0.0781194 
1.67606 0.517088 1.50084 -0.930372 0.429249 0.00444437 0.148599 -0.217153 0.113663 -0.568342 0.184106 0.0719894 
1.71575 0.873069 1.47491 -0.908698 1.51324 -0.0354452 0.647131 0.404169 0.265464 -0.289312 0.0196074 0.0908907 
1.59626 0.814798 1.55733 -0.416277 1.51833 -0.499643 1.15656 0.641418 0.16228 -0.00931257 0.154964 0.00285464 
1.41595 0.625731 0.959551 -0.592142 0.727379 -0.542131 0.590433 0.00623474 0.0748565 -0.354077 0.147947 0.0448357 
1.47616 0.481302 0.88595 -1.00547 0.123318 -0.911659 0.287491 0.0848332 0.187535 -0.466018 0.20497 0.0131793 
0.466352 1.15245 -1.31041 -1.28879 2.8264 2.98951 1.26757 0.68698 -2.03068 -0.396605 -0.11961 -0.150525 
-0.192499 0.886369 -0.615927 0.330105 2.07532 3.20242 2.118 1.1116 -1.01828 -0.685683 0.173689 -0.315706 
2.35187 3.55572 -0.258933 0.338848 2.49639 1.46425 2.02956 1.36727 -0.580751 -1.24077 0.232212 -0.128948 
3.17473 3.01452 1.54092 -0.0617484 1.99092 2.15773 2.57406 1.1031 -0.935261 -0.452127 -0.125219 -0.0134359 
3.26278 2.30235 1.24773 1.06919 1.78839 2.07931 2.54933 0.610221 -0.400103 -0.0156012 -0.322578 -0.0145884 
2.99769 2.04753 1.8781 0.702038 1.84702 2.69602 2.52302 1.40146 -0.945287 -0.411588 -0.25545 -0.0137021 
2.40737 2.13307 1.66661 1.33092 1.5991 2.32502 3.39146 0.0123727 -0.630573 -0.411662 0.129044 -0.00247279 
2.33708 1.53156 1.67288 1.73904 3.63319 1.84945 1.67316 0.805793 0.0308214 -0.419355 -0.0195729 0.0663905 
2.31234 2.17263 1.69785 1.37802 3.19685 2.20064 2.39036 0.900517 -0.694425 -0.605852 0.236298 0.0577479 
2.81884 1.63875 1.62319 1.01663 3.51238 2.26379 2.07533 1.4522 -0.556239 -0.433773 -0.298672 0.0492212 
3.20673 1.62918 0.895461 1.03283 3.2449 1.75113 1.28455 1.60261 0.359911 -0.89606 -0.321034 -0.0160782 
3.16055 1.5579 1.94878 1.03654 1.91867 2.64187 2.84698 0.889851 -0.677273 -0.0100031 -0.43242 -0.00114755 
2.83191 1.38808 2.46158 1.66635 2.94878 2.41419 2.34928 1.12724 -0.486793 0.043403 -0.459961 0.0387479 
2.50014 2.1968 1.75669 1.88526 4.17789 2.48273 2.02022 0.629073 -0.655491 -0.281382 -0.0588652 0.0933666 
2.89855 2.55749 2.09231 1.04741 2.38427 2.02012 2.47013 0.723395 -0.904424 -0.461458 0.0232865 -0.00905852 
3.01184 2.54427 1.58196 1.31791 3.0585 1.6356 2.19016 1.04626 -0.380402 -0.623091 -0.219748 0.00130778 
3.51624 1.89474 0.881744 1.0362 2.30995 1.77616 2.9633 0.766918 -0.524806 -0.471915 -0.535311 -0.0278046 
2.86742 2.25291 0.747465 0.911764 2.52941 1.04261 2.90684 0.559155 -1.00558 -0.753499 -0.264442 0.0257731 
2.78263 1.94294 1.1104 1.95632 2.77628 1.51125 2.68318 0.293513 -0.596632 -0.850099 -0.248869 0.0507474 
2.76598 2.64729 1.29438 0.726143 2.83958 1.71882 1.72362 1.2365 -0.730638 -0.788367 -0.217058 -0.0305975 
2.81639 2.84394 1.504 0.537677 2.03834 1.37438 2.89248 0.869277 -0.262319 -0.999941 -0.153888 -0.0448854 
3.20193 1.55919 1.48145 1.03701 1.97708 1.34056 3.24777 1.27478 -1.05961 -0.349771 -0.426477 -0.0157563 
3.48096 2.4183 0.48502 1.00263 2.80453 1.25486 2.75626 1.0093 -0.560286 -0.972642 -0.2135 0.0411023 
3.1709 2.11306 1.93487 0.577295 2.11235 1.60446 3.34783 1.13673 -0.93153 -0.59983 -0.190501 -0.00330637 
2.83057 2.27178 1.30696 0.176459 2.83448 1.94504 2.21523 1.74453 -0.976697 -0.17991 -0.430044 -0.00938845 
2.94876 1.21627 2.00271 1.00099 2.87658 2.15078 2.25666 0.843167 -0.707712 -0.183315 -0.413056 0.0196294 
3.55393 2.37315 1.22274 0.907146 3.71119 1.14981 2.68558 1.4624 -0.7655 -0.260573 -0.515001 0.0269514 
3.64992 1.86204 2.26201 0.857451 2.81424 1.82849 4.34014 0.320988 -1.81046 0.377872 -0.371685 0.023999 
4.52531 1.69325 2.51109 1.52407 2.79825 1.06086 4.52136 1.11107 -1.31074 0.120919 -0.291329 -0.0235716 
4.64086 1.98353 2.42471 2.04816 2.22093 1.55189 4.13646 1.19716 -1.41995 0.216163 -0.194034 -0.0951082 
4.35867 2.25167 1.51673 1.46289 1.04819 1.68613 3.19913 0.859328 -0.992393 -0.352113 -0.353981 -0.0940933 
3.70731 2.38337 1.25573 0.383475 0.794952 1.29556 1.70062 1.15218 -0.348874 -0.445028 -0.37678 -0.114009 
3.20403 1.99171 1.03521 0.63565 1.40374 1.60005 1.15362 0.550566 -0.305473 -0.38264 -0.293662 -0.0680559 
5.22759 3.06852 0.996622 0.682163 1.53801 2.57803 2.87589 1.35211 -0.353667 -0.360607 -0.39715 -0.0636188 
4.57845 3.31392 1.3009 0.13448 0.897788 2.00758 2.36191 1.59176 0.461861 -0.0704118 -0.456808 -0.144088 
4.42029 3.07562 1.28708 0.211583 0.921031 2.2328 2.47611 1.72412 0.580331 -0.0810607 -0.431799 -0.125365 
4.12524 2.72068 1.20539 0.00520928 0.72146 1.92435 2.10542 1.84583 0.935172 0.0785394 -0.262297 -0.105708 
3.66904 2.9838 1.97025 1.1107 1.10485 1.9185 2.10426 2.11863 1.34072 0.190172 -0.393251 -0.0794043 
3.95942 3.469 2.87621 0.413844 1.63306 1.80784 2.48967 1.8026 1.07352 -0.280924 -0.278436 -0.0979088 
3.64691 2.85166 2.68709 0.393049 0.94839 1.95595 2.10435 1.61392 0.824637 -0.908253 -0.210255 -0.0988428 
2.93114 2.48945 2.60532 0.384691 1.55681 1.60345 2.57087 1.35963 1.03324 -0.0849738 0.166838 0.041054 
2.45032 2.26009 1.88447 1.10162 1.46589 1.59301 2.38512 1.46066 0.899086 0.234027 0.275631 0.0290096 
2.00452 1.51366 2.41584 0.918255 1.94599 1.21161 2.05016 1.06616 1.21197 0.219747 0.167242 0.0420945 
2.06689 1.65 2.19047 1.56405 1.82835 1.0862 1.97443 1.35561 0.833432 0.25133 0.251957 0.0416007 
2.63977 0.794427 0.907809 0.444161 1.49961 2.13652 1.73855 0.193066 -0.552302 -0.777255 0.124193 0.0819137 
4.6267 -0.57419 -2.24078 3.22085 -1.38484 2.0569 3.88589 0.05907 -0.865282 -1.16548 0.288655 -0.147726 
4.96526 -0.0625475 -1.22995 1.31966 0.485969 1.66281 3.05637 -0.874964 -1.76194 -0.649922 0.232709 -0.0343896 
4.23492 -1.32217 -0.417035 -1.52069 2.2682 4.29778 1.26629 0.65962 -2.34034 -0.714456 0.379375 -0.0293113 
4.24004 0.00779899 -1.41342 -1.60407 2.7994 3.50481 1.37479 0.190492 -1.06047 -0.510891 0.159381 0.0738385 
4.11755 0.0372622 -2.26125 -3.53953 2.55645 3.96194 1.33508 -0.12256 -1.32392 -0.427242 0.309839 0.179807 
3.1627 -0.563937 -2.33048 -2.71815 1.75461 4.01256 1.26701 -0.406025 -1.30709 -0.564215 0.11051 0.159659 
2.40116 -0.283388 -2.00266 -1.31189 1.79182 3.00668 1.5961 -0.961357 -1.38349 -0.826458 0.041123 0.0591154 
1.95845 0.118696 -0.785394 -1.49604 1.17699 1.65531 1.34871 -0.80623 -0.806436 -0.28743 0.505295 0.133666 
2.02377 0.140247 -0.713242 -1.48287 1.76288 1.79581 0.663266 -1.11451 -1.35056 -0.424046 0.214414 0.124802 
1.76903 -0.0443608 -0.0499675 -1.43347 0.877638 1.47801 0.732599 -1.42856 -0.658697 -0.411354 0.427188 0.147867 
1.28315 0.35519 0.339423 -0.460475 0.337472 0.394465 0.60783 -0.655 -1.05707 -0.602091 0.291272 0.0552968 
1.26662 0.543705 0.828316 -0.766028 1.11069 0.684508 0.0947604 -0.495217 0.227034 -0.452726 0.155497 0.154001 
1.23971 0.517515 1.61099 -0.760113 0.457276 -0.0124266 -0.123268 0.0389679 -0.0786359 -0.627282 0.124854 0.0143759 
1.17456 1.12218 1.63292 -0.0124344 0.091556 -0.0655169 0.112148 0.551247 -0.0408862 -0.276656 -0.00153857 0.0249423 
1.53387 0.450418 1.39034 -0.130459 0.642328 -0.0189497 -0.124008 0.595522 0.195475 0.123038 -0.1661 0.0615728 
1.167 0.800974 1.21145 -0.216582 0.7322 0.121094 0.403562 0.291859 0.245179 -0.254598 -0.0709622 0.0853033 
1.19945 0.491086 1.44988 -0.707612 0.00327796 0.154623 0.179605 0.306942 -0.0901274 -0.0656761 -0.119866 0.0181937 
1.26364 0.526468 0.853023 -0.257461 0.650813 -0.309809 0.32045 0.760365 0.0196528 -0.366218 -0.093666 0.0250402 
0.907164 0.868516 1.0611 -0.204502 1.08857 0.0798882 0.275811 0.458721 0.524557 -0.122206 -0.0570399 0.073872 
1.17996 0.813126 1.60582 -0.456636 0.230296 -0.389818 0.477794 -0.145541 -0.280852 -0.389771 0.0995179 -0.00636133 
0.967824 0.599076 1.73945 -0.220191 0.215977 0.258953 -0.400001 0.238388 0.0264923 -0.367895 0.0630894 0.00177601 
0.904389 0.45221 1.348 -0.350871 0.271472 -0.31276 0.0723279 0.516244 0.470259 -0.282945 0.0416684 -0.0107421 
1.24156 1.00562 1.26749 -0.205501 0.765306 -0.45376 0.417645 -0.404415 0.164277 -0.249161 0.0400635 0.0576867 
2.58954 2.22723 3.52325 1.97518 2.13218 1.20737 0.493832 1.54379 1.06587 0.125917 0.233094 0.0779516 
1.80437 1.37729 1.94279 0.213755 0.613906 1.84965 1.37399 0.820469 0.479921 0.351397 0.16265 0.0103899 
1.31292 0.701571 0.85054 0.147935 0.417042 0.590141 0.229451 0.0122586 0.485037 -0.128701 0.234908 0.00770122 
1.79527 0.812733 1.70218 1.47793 1.24038 1.81817 0.857414 1.10658 1.39982 -0.0589963 -0.0401869 0.0617945 
1.83858 1.44343 2.42982 1.23501 1.87391 1.05831 1.47941 0.841339 0.299892 0.130831 0.226259 0.0342104 
1.54545 0.877169 1.58397 0.893666 1.03808 0.506918 0.927328 0.242284 0.756311 -0.115906 0.274949 0.0510534 
1.34267 1.0291 1.73723 0.628094 0.925584 1.15168 0.867879 0.17139 0.357105 -0.159106 0.360848 0.0217591 
1.0176 0.779357 0.890324 -0.762707 0.963159 0.565284 -0.244029 0.331883 0.17586 -0.517338 -0.0199457 -0.034035 
1.25407 0.970886 1.08442 0.352411 0.867393 0.797291 1.5445 0.518124 0.365194 -0.0575621 0.237708 6.81818e-005 
1.09963 0.443604 1.56237 -0.0593962 0.23427 -0.0135201 1.02917 0.00580754 0.506221 -0.50533 0.350572 0.0189129 
