1.85065 0.671738 1.23106 -0.0605362 0.880111 -0.164951 1.209 -0.326366 0.136654 0.0353686 0.250281 0.0465445 
2.09634 0.541346 2.2134 -0.306082 1.23938 0.120374 0.705951 -0.0134467 0.120041 -0.206093 -0.175655 0.10128 
1.57216 0.949669 2.34177 -0.872101 0.666236 0.996359 0.708057 -0.281774 -0.0150681 -0.585452 0.23489 0.0624279 
1.69234 0.246573 1.87543 -0.848905 0.870699 -0.00345561 -0.1008 -0.539188 0.412289 -0.291079 0.14502 0.0980982 
1.66613 0.420667 1.90159 -0.360457 1.10606 0.465919 0.253748 -0.142378 0.398859 -0.234268 0.32418 0.0419543 
1.8221 0.30296 1.44801 -1.12269 1.31452 0.570286 -0.124506 -0.705909 0.135784 0.0339942 0.235041 0.0643175 
1.83971 0.0678346 1.72416 -0.468551 1.31763 0.672987 -0.419214 -0.387724 0.543024 -0.340784 0.03609 -0.0257512 
1.56028 0.300071 1.50987 -0.721397 0.700392 -0.336354 0.957 0.0337274 0.261993 -0.406437 0.267309 0.100523 
1.81523 0.118989 1.20187 -1.56532 0.990253 0.159419 0.357388 -0.602846 -0.303844 -0.0887485 0.0177285 0.109235 
2.01908 0.0673895 1.75912 -0.301076 0.296806 -0.181997 0.960855 -1.06755 -0.512555 -0.300405 0.00926384 0.0264731 
1.77676 0.291857 1.45538 -0.651198 0.960764 0.224269 0.632812 -0.0539995 0.113432 -0.00856696 0.46678 0.0121625 
1.93792 0.0336111 1.12881 -0.892242 0.673572 0.720982 0.857454 -0.672028 0.653918 -0.62518 0.149546 0.0598521 
1.49613 -0.158728 1.93636 -1.44169 0.647735 0.479454 -0.0759784 -0.283409 0.194351 -0.900026 0.266927 0.0825407 
1.46684 0.658058 2.24984 -0.843063 -0.0600152 0.749089 0.158936 0.0138348 0.521113 -0.84464 0.3617 0.031286 
1.63037 0.075303 1.77533 -0.711219 0.696129 0.629648 0.51219 -0.128852 0.0480301 -0.10414 0.00398147 0.136316 
1.86352 -0.046109 1.21193 -0.634219 1.04586 0.0598268 0.455776 -0.577628 0.124366 -0.137712 0.0267058 -0.0142244 
1.83327 0.368758 1.64224 -0.802345 1.32818 -0.0536983 0.0380969 -1.05632 0.0836132 -0.253412 0.0705454 0.0999747 
1.74966 0.374445 1.17951 -0.440226 0.779068 0.433044 0.284339 -0.508184 0.0802674 -0.407545 0.160934 0.10721 
1.79101 0.291125 1.20522 -0.336553 0.133018 0.832881 0.135476 -0.953333 0.267304 -0.151799 -0.0845144 -0.00177087 
1.87702 0.227773 1.66646 -0.385629 0.801842 0.060278 0.65563 -0.857462 0.369842 0.0715227 0.266357 0.0313516 
1.80729 0.732244 1.9019 -0.92485 0.937976 -0.0449766 0.388338 -0.712929 0.159556 -0.247183 0.00321663 0.0281354 
1.70693 0.154258 1.38877 -0.50313 1.64231 -0.586747 -0.228567 -0.32364 0.179621 -0.311429 0.221226 -0.0425611 
1.60725 -0.370282 1.33101 -0.751787 1.2805 -0.539049 -0.929095 -0.631845 0.725642 -0.342481 -0.0757876 -0.076661 
-0.0493511 -1.09849 -0.0146179 4.20838 -0.984576 -0.801684 0.128731 -0.194667 0.987331 -0.106804 0.226426 -0.191098 
-2.34291 -1.58729 1.68913 5.68855 -3.14175 -0.896651 0.446038 0.172706 0.321119 -0.324674 0.179306 -0.044949 
0.195677 -1.29401 1.0828 4.70684 -1.62665 0.158522 0.155082 0.641911 0.200809 -0.508293 0.254764 -0.119661 
1.18405 -1.36035 1.09511 1.75807 0.00859665 -0.782009 -0.776674 0.246972 0.841869 -0.470852 0.167762 -0.0989052 
1.85961 -0.606288 1.42306 0.519962 1.20531 -0.546711 0.371755 -0.420358 0.541328 0.203067 -0.148072 0.00575373 
1.87762 0.0937285 1.18717 -0.591397 1.72549 0.157527 -0.356046 -0.06468 0.600849 -0.379048 -0.234957 0.0654923 
0.282692 -1.03592 1.19057 3.44531 -2.23834 -0.858123 1.71152 -0.56308 0.00600602 -0.511846 0.0428623 -0.0955457 
-2.09645 -2.04142 1.4533 6.68574 -2.69525 -1.99225 2.26579 -0.35896 0.69246 -0.377413 0.319957 -0.0243222 
-1.37403 -0.328502 1.05867 3.39383 -2.42013 -0.427472 2.10206 -0.789242 0.684468 -0.390992 0.094921 -0.0421996 
-0.513602 0.950366 1.62229 0.479815 -0.680278 -0.221503 0.342717 -0.547936 0.848919 -1.35111 0.359858 0.0449468 
1.17699 1.24631 1.76942 -0.519251 -0.0115797 1.89918 -0.00541519 -0.917809 0.941074 -1.0502 0.625364 0.0218553 
1.54017 1.1099 1.294 -0.0147036 0.804846 1.56404 -0.762399 -0.381277 0.504708 -0.71637 0.451244 0.0146536 
1.781 0.298949 1.4944 -1.36472 1.26353 0.180331 0.155063 -0.726869 0.060096 -0.185873 0.137727 0.0204745 
1.66085 0.145273 1.8804 -1.33635 1.14062 -0.500101 -0.109632 -0.375491 0.202358 -0.287494 -0.0875407 0.0259019 
1.82559 0.302048 1.2533 -0.986422 0.945687 -0.202662 -0.0487193 -0.307021 0.317937 -0.247334 -0.0198409 0.0779174 
1.91875 0.360262 1.76859 -1.42241 1.43959 0.204378 -0.145982 -0.438379 0.00527617 -0.239091 0.049057 0.0420666 
1.79948 0.300087 1.68029 -1.04542 0.735661 0.42999 0.477833 -0.00470827 0.162075 -0.383776 0.196474 0.0620115 
1.69176 0.238082 1.63375 -0.249374 1.26128 0.539645 -0.0401602 -0.302318 -0.0927994 -0.336252 0.315277 0.0621371 
1.70736 0.415508 2.47704 -1.23892 1.23707 -0.202806 -0.266091 -0.650316 0.157083 -0.424916 0.239593 0.0851503 
1.5989 0.659883 1.51413 -1.46686 0.82713 0.121723 0.249206 -0.3594 0.0512212 -0.379219 0.106967 0.0827177 
1.71957 0.320305 1.21856 -0.93729 0.89127 0.630868 0.559105 -0.487875 0.315879 -0.168675 0.128457 0.0547777 
1.74648 0.592008 1.75167 -0.347738 1.70395 0.285889 -0.512715 -1.00734 -0.11088 -0.0591621 0.105821 -0.0132064 
1.91209 0.585726 1.4935 -0.720388 1.06801 0.708361 0.569551 -0.925311 -0.0773004 -0.4629 0.325709 0.0114242 
1.62094 0.79551 1.61991 -0.640364 0.788308 0.272769 0.300806 -0.634032 -0.215084 -0.272162 -0.103977 0.0334437 
1.79019 0.211141 1.2192 -0.517492 1.00578 -0.213694 0.180191 -1.13766 -0.0839515 -0.171239 -0.0830515 -0.0129495 
1.59382 0.491381 1.2905 -0.632773 1.37315 0.297859 0.561973 -0.822231 -0.157815 -0.216288 0.128463 0.0334734 
1.69734 0.727269 2.19225 -0.768177 1.39584 0.794594 0.708771 -0.466339 -0.342353 0.106845 0.286615 0.017101 
-0.125054 2.85564 -0.822175 1.32334 -0.308191 1.51585 -0.174445 -0.439415 0.947511 -0.571232 0.438458 -0.0651911 
0.949266 1.8708 0.681781 0.369505 -0.723068 1.29166 -0.193717 -0.128687 0.903395 -0.686209 0.636546 -0.042536 
1.26914 0.682212 1.30125 0.312754 0.48405 1.10166 -0.151536 -0.118893 0.298594 -0.00849141 0.322082 0.0528414 
1.89736 0.507683 2.17336 0.154505 1.05137 0.38898 0.347007 0.0774988 -0.107518 0.226508 0.223415 0.0770638 
1.50118 0.556859 1.76921 -0.189964 1.41457 -0.0776532 0.793693 -0.371723 0.0132642 -0.270767 -0.150582 0.115064 
1.80969 -0.231666 0.772382 -0.183365 0.646271 -0.261046 1.08909 -0.357638 0.140048 -0.429987 -0.321155 0.0164381 
3.02406 -7.85624 -4.59947 1.50678 0.870371 1.59348 0.771679 -0.24627 0.304089 -0.00948268 -0.651227 -0.10838 
3.22431 -5.31108 -4.37052 0.760383 2.71198 2.12061 1.82613 -0.632516 0.431319 -0.166814 -0.293158 0.0444013 
3.0774 -4.25176 -4.30025 0.0883619 4.06304 2.43035 0.064905 -0.478154 0.511969 -0.232697 -0.11587 0.0580623 
2.42443 -2.97499 -3.26502 -0.00407499 5.17577 2.68537 -1.26659 -0.574227 0.764494 -0.0924296 0.212259 -0.0265101 
2.31323 -2.51337 -2.03092 -0.462209 4.5828 1.9442 -1.64706 -1.13411 0.493802 -0.495453 0.200565 0.0416829 
2.13504 -1.01067 -0.883867 0.43674 3.10772 1.47294 -0.226653 -1.05845 0.235175 -0.5197 0.294687 0.1759 
1.72065 -0.561931 0.459842 -1.51133 1.76045 1.14989 0.535555 -0.340721 -0.579252 -0.344443 0.375947 0.185473 
1.7938 0.445785 0.917918 -0.859542 0.870528 0.877776 1.17318 -0.644671 -0.734657 -0.430732 0.218159 0.115154 
1.77486 0.678019 1.57392 -0.926085 1.27357 -0.485342 0.468584 0.0514557 0.0862502 -0.148339 0.377354 0.0399996 
1.9078 0.362215 1.81876 -0.447065 0.770331 0.332662 0.52027 -0.150019 -0.304459 -0.277663 0.0280686 0.0406132 
1.8855 0.357789 1.71208 -0.797209 1.26932 0.0151143 0.415615 -0.845861 0.0813322 -0.0883605 0.00734435 0.0132542 
1.77174 0.256521 1.48139 -0.892165 1.07947 0.178319 1.33974 -0.640122 -0.22115 -0.128094 0.145207 0.122521 
1.48058 0.89281 1.85566 -0.810675 0.712783 0.926985 0.456985 -0.55274 0.275874 -0.237019 0.368047 0.0149223 
1.83059 0.565675 1.00669 -1.52784 0.213127 -0.105308 0.666687 0.072635 0.0520966 -0.914781 -0.143393 -0.00776644 
2.51324 2.26301 -0.783308 -3.07695 0.339347 2.19544 4.17242 0.809772 -0.386227 -0.626551 -0.843839 -0.182713 
2.91808 1.36492 -0.743098 -2.4614 0.788178 2.78185 4.31832 1.37699 0.0788764 -0.509762 -0.321563 -0.0734149 
2.81885 1.32257 -1.28784 -1.61767 -1.16411 3.85643 4.29617 0.695544 0.479154 -1.1256 -0.273067 -0.169425 
0.828518 3.30607 -1.32814 -0.558555 1.20884 1.40612 4.16607 1.15063 -0.159256 -0.624893 -0.113104 -0.261179 
0.53241 1.55408 -1.41073 -1.24173 1.67074 1.0831 3.70863 0.770271 -0.996345 -0.0291118 -0.365952 -0.189598 
0.258497 1.50918 -1.41398 -0.28712 2.51681 1.17667 4.08395 0.689069 -0.787728 0.043318 -0.108826 -0.177094 
2.89196 2.69743 1.13786 0.415131 2.24445 0.897591 2.54628 1.16307 -0.302166 -0.317209 -0.301854 -0.0257628 
3.00143 2.78178 1.78764 0.831065 2.419 1.19079 2.78437 1.38891 -0.250361 -0.202374 -0.420482 -0.0189367 
3.1031 2.86866 1.24663 0.666106 2.57008 1.49808 3.55225 1.07991 -0.153916 -0.552704 -0.307921 0.0169324 
2.99932 2.32915 1.20811 0.288385 2.13967 1.75589 2.62852 0.913869 -0.138357 -0.273326 -0.336611 -0.00911607 
3.15707 2.15744 1.56306 0.664987 1.58137 1.87156 2.44741 1.13574 -0.0916009 -0.497802 -0.232707 -0.0338469 
3.4358 1.84914 1.6625 0.465041 3.31458 1.34425 3.74267 0.89639 -0.8764 -0.1379 -0.4614 0.0716999 
3.31758 2.89124 1.45997 1.45495 1.55368 1.19657 4.22092 0.863069 -0.544879 -0.599738 -0.217325 -0.0256372 
3.55002 2.74491 1.48408 1.19556 2.53737 1.59798 4.08986 0.010947 -0.0503944 -0.761968 -0.147744 0.0552451 
3.39468 2.06276 1.49146 2.13069 2.72921 3.06204 4.08105 -0.669304 0.343166 -0.223853 -0.336779 0.0556685 
