1.99617 -0.665535 1.01375 0.149862 0.738741 -0.200462 0.65547 -0.248463 0.323612 -0.93128 0.28362 0.196635 
1.29667 -3.1168 -0.163829 3.412 1.92175 0.583036 -0.604516 1.52598 0.760692 -1.67406 -0.232138 0.0944193 
2.13094 -3.54535 2.41149 2.56207 -0.267184 -0.619201 0.528451 0.262686 0.0365923 0.343683 -0.350785 -0.0590447 
2.12201 -1.31686 2.70761 1.7143 -1.09564 -0.0414473 1.42509 -0.581589 0.2256 0.893714 -0.20243 -0.118643 
1.76644 -0.327363 2.39598 -0.062233 -1.25573 0.538166 1.74448 -1.51072 -0.109075 0.829681 0.192959 -0.0293599 
2.10269 0.0517834 2.24725 -0.443633 -0.379658 1.21467 0.787207 -1.04616 -0.00608589 0.378808 0.415829 0.00577024 
2.08855 0.435831 1.85922 0.0694257 0.238103 0.430152 0.0642357 -1.17675 0.451688 -0.0560637 0.214468 0.0441378 
2.1043 0.198598 1.47515 -0.571972 0.248557 0.637764 -0.00858297 -0.421841 0.463395 -0.142391 0.137176 6.25849e-005 
2.1592 -0.114502 1.30535 -0.404285 0.856022 -0.573661 0.0411779 0.292536 0.773595 -0.721753 0.35184 0.170999 
1.89133 0.178747 2.1838 -0.443512 0.542675 0.493166 0.151474 -0.0161995 0.2686 -0.397847 0.155587 0.109192 
1.7466 0.183133 1.5787 -0.363817 0.92401 0.11648 -0.169631 -0.399844 0.636615 -0.127649 0.205122 0.0898473 
2.14979 -0.11604 1.65762 -0.539565 0.462805 0.623523 0.336792 -0.216247 0.705362 -0.466164 0.318785 0.133996 
2.04889 -0.0431428 1.87832 -0.54853 0.774632 -0.47631 -0.718744 -0.88979 0.0231783 -0.697791 0.143122 0.0941152 
2.1434 0.427165 1.87102 -0.848195 0.611945 0.153891 0.0807793 -0.11777 0.475717 -0.315272 0.133891 0.103344 
1.74385 0.291035 2.05821 -0.280075 0.520843 0.231416 0.259187 -0.185836 -0.0964435 -0.494798 0.232674 0.0897732 
1.92595 0.222116 2.02097 -0.623349 1.22011 -0.102913 1.07133 -0.326562 0.335277 -0.0172575 0.065833 0.152192 
1.79905 0.827145 2.23681 -0.704999 0.638073 -0.0648161 0.430342 0.523311 0.658238 -0.0138998 0.154335 0.130555 
1.7868 0.423298 1.48133 0.116912 0.855487 -0.415523 0.417729 -0.25474 0.283463 -0.30997 0.0604821 0.0701517 
1.50864 0.151451 1.9703 0.168594 0.842322 -0.185821 1.12321 -0.211848 0.977746 -0.314333 0.213997 0.0839403 
2.1074 0.268566 1.87257 -0.375926 0.728108 0.470492 0.42064 -0.669276 0.390125 -0.210639 0.51917 0.155159 
1.62272 0.487566 1.64634 -0.761575 0.480097 0.308067 0.622499 -0.597617 0.244295 -0.329787 0.106943 0.0885341 
1.76674 0.195132 1.38057 -0.584468 0.598945 -0.455602 -0.0108571 0.0626998 0.216867 -0.0795888 0.0774806 -0.00362827 
1.78131 0.729117 1.24126 0.223807 0.363148 -0.198879 0.380295 -0.3732 0.366635 -0.190451 0.356412 0.0624162 
1.35198 -0.0933461 1.28722 -0.513213 1.59805 -0.3907 1.28809 0.405791 0.0115243 -0.313092 0.371546 0.0122736 
1.79119 0.0884119 1.42134 -0.241355 1.37346 -0.732175 0.236711 -0.0717658 0.182663 0.0789119 -0.0287483 -0.013865 
1.72598 0.512411 1.9301 -0.500529 0.683163 -0.193699 0.717219 0.678814 -0.0851793 -0.152383 0.0417998 0.0311167 
1.66156 -0.147489 1.18564 -0.305749 0.443866 -0.554192 1.00853 -0.285992 0.609548 -0.226939 0.0425331 0.0185902 
1.54499 0.544419 2.29533 -0.275681 0.584071 -0.235601 0.46287 -0.0782449 0.616911 0.106072 0.193902 0.128141 
1.59109 0.391268 2.14411 -0.728714 0.791343 0.791591 -0.75025 -0.343569 0.647081 0.168722 0.14902 0.126401 
1.72259 0.186118 1.80977 -0.356681 0.458913 -0.36985 0.567479 -0.545679 0.400766 -0.640003 0.352616 0.0671774 
2.46652 -0.106857 0.166185 -2.52017 1.15849 2.21421 1.41783 1.25728 -0.395532 -1.08439 0.150393 0.0746975 
3.87833 -1.89312 -1.98858 2.3004 0.295568 2.78247 6.41179 -0.71068 -0.775089 -1.23439 0.488984 -0.131503 
3.71991 -2.2594 -1.64383 2.89815 1.12755 2.30494 4.62979 -0.153751 -0.210748 -0.504315 0.400153 -0.0431075 
5.18486 -0.405946 -2.36166 1.64577 2.29258 2.7253 4.28993 0.23468 -0.490681 -0.58381 0.203866 0.0170605 
5.19638 -2.36839 -3.08752 2.5803 3.42317 1.58065 3.68515 1.15626 -0.210523 -1.29173 -0.0177359 0.171899 
4.8865 -0.935936 -2.77609 1.8113 3.88299 1.35755 3.19635 1.39076 -0.612698 -0.964375 -0.0476304 0.191133 
3.98196 -0.40552 -1.61011 1.58208 3.10915 1.6256 2.21102 1.51488 -0.477865 -0.779529 -0.160855 0.0759238 
5.43407 0.0753289 -1.83226 2.84997 4.4111 0.280471 3.00265 1.43744 -0.389947 -0.891597 -0.373236 0.129727 
3.93821 0.761557 -0.25585 1.67595 2.678 1.55923 1.92404 1.73306 -0.0938285 -0.716181 -0.35885 0.0331481 
3.45065 0.641599 -0.209379 1.51924 2.58566 1.79139 1.59592 1.12502 -0.109122 -0.635041 -0.153725 0.0319651 
3.4 0.681438 -0.302121 1.30261 2.71849 1.98101 1.75801 1.25646 -0.216882 -0.711617 -0.212089 0.0306304 
5.6082 0.230517 -2.11622 1.19552 4.94526 1.11646 2.47878 1.78685 -0.998401 -0.409559 -0.377049 0.152751 
5.14983 0.0903858 -2.05664 1.43013 4.63041 1.41325 1.89545 1.48326 -0.652055 -0.329349 -0.324959 0.0951015 
5.24217 0.329682 -2.52981 1.16042 4.08891 1.95642 1.74238 1.41146 -0.30665 -0.355255 -0.354092 0.0460003 
5.22042 0.267196 -2.55123 0.268902 4.42048 1.84321 1.87249 1.90084 -0.10704 -0.241297 -0.482033 0.000345218 
5.68774 0.0113378 -3.22608 1.26179 4.49409 1.69947 1.66701 1.82194 0.355494 -0.400771 -0.593172 0.014338 
6.77066 0.947318 -3.69736 -0.0206361 6.03358 1.81545 2.26838 2.02969 -0.564784 -0.115747 -0.894621 0.0787313 
5.92191 0.629115 -3.06632 -0.0574315 4.92033 1.5754 1.96962 2.2871 -0.514761 -0.179898 -0.711874 0.0316163 
6.37767 0.38923 -3.62731 -0.0634453 5.04382 1.85126 2.14728 2.22393 -0.260861 -0.345997 -0.702685 0.0642391 
5.8733 -0.497967 -4.03226 0.295698 4.49955 2.18388 2.1673 1.77662 0.377589 -0.677898 -0.653 0.0162626 
5.72327 -0.259067 -3.50299 -0.197469 3.96143 2.36118 1.77454 1.86386 0.349056 -0.652216 -0.655092 -0.0548191 
6.61816 0.132052 -3.60225 -1.19798 4.59594 1.89308 1.75179 2.27037 -0.0592034 -0.44212 -0.862252 -0.113008 
4.43406 0.43512 -2.43462 -0.697417 2.47713 2.716 1.85531 1.73883 0.545326 -1.14086 -0.407223 -0.0982575 
3.77438 0.468072 -1.41947 0.0530011 2.19989 2.3802 1.87026 1.44525 0.316067 -0.755929 -0.314965 -0.0960149 
4.28462 0.771083 -1.45735 -0.289619 2.24756 2.49405 1.74803 1.42432 0.496845 -0.53225 -0.263007 -0.0879209 
3.6572 1.46264 -0.621624 -0.588898 1.11276 2.49322 2.64204 1.39742 0.117178 -0.381665 -0.220123 -0.0805705 
4.10452 1.87895 -0.233709 -0.197214 1.42622 2.4947 2.18491 1.40316 0.537292 -0.0903067 -0.256403 -0.0778012 
3.97926 2.04093 0.0476399 0.418781 2.04102 2.63739 2.1808 1.8753 1.43587 0.414308 -0.239009 -0.0819938 
3.23163 2.21359 1.26569 0.980513 1.49737 2.09773 2.21951 1.66283 0.815338 0.0624066 -0.317183 -0.0160712 
3.05916 2.05996 1.16776 0.853331 1.31746 2.01561 2.20139 1.75051 0.806701 -0.0109973 -0.326348 -0.0226095 
5.46766 4.15672 2.28594 1.06973 1.92789 2.30081 2.54288 1.21754 1.46252 -0.300324 -0.185818 -0.0919858 
3.86501 2.93514 3.59808 1.83549 1.46273 2.35123 2.8367 0.659123 1.1054 0.10234 -0.366254 -0.0334478 
2.73551 2.39355 2.31485 0.607768 2.29827 2.37009 2.38031 0.861688 0.969648 0.0836679 -0.124448 0.0732293 
2.33423 1.95749 2.61291 0.656799 1.51185 2.30786 2.20155 0.504934 0.85685 0.107972 -0.219553 0.0794781 
1.67942 1.0589 2.44212 0.392258 0.369038 0.707942 1.12353 -0.482826 0.463675 -0.170855 0.0932714 0.0359906 
1.5606 1.32658 2.45896 0.70243 0.385658 0.289915 1.01659 -0.115199 0.810559 -0.217961 0.168216 0.060765 
1.66191 1.39304 2.48924 -0.579804 0.567863 0.52861 -0.0816481 -0.493329 0.411273 -0.148783 0.143327 0.0399341 
1.95679 0.577793 1.65785 0.126413 1.14143 0.794888 0.925453 -0.248524 0.138908 -0.367879 -0.166407 0.00157835 
4.67053 -0.307863 -2.36977 -1.21132 0.937901 2.69726 2.72947 1.05366 -0.740937 -0.610155 -0.126054 -0.00430555 
5.80679 -1.00758 -0.990488 -0.513076 0.0915313 0.950245 1.62914 1.40493 0.0412181 0.00344255 0.161513 -0.062893 
5.55452 0.483367 -4.28227 -1.09919 1.47874 3.07348 1.80728 0.919952 0.604715 0.0587235 0.0906983 -0.00910362 
5.02521 0.34802 -2.26537 -0.673796 2.35314 3.37584 2.4964 0.0975274 0.30194 -0.080737 0.120632 0.0149677 
4.32708 0.668443 -2.18033 -1.23774 1.265 2.27991 2.10985 0.934583 0.661502 -0.0571877 0.158023 -0.0177992 
3.47188 0.478785 -0.979172 -0.940032 1.21465 2.11346 2.20003 0.451525 0.935595 0.868043 0.517627 -0.0472652 
3.18584 -0.0984341 -0.0589373 -1.37109 0.789119 1.36447 2.26895 0.681128 0.00981349 0.582751 0.526211 -0.0981405 
2.41721 -0.0929263 -0.528536 -1.43296 0.131612 0.595313 1.69504 0.648233 0.666322 0.385034 0.557431 -0.137155 
1.86552 0.723421 -0.0117604 -1.31732 -0.491819 0.57494 1.58814 0.948008 0.736446 0.428667 0.23031 -0.212301 
2.15324 1.22624 0.279292 -1.26129 0.0342476 -0.576297 1.1279 0.649969 1.46074 0.337076 -0.262245 -0.100184 
2.14354 0.820748 0.298615 -1.11099 -0.361424 -0.178191 1.28057 1.18492 1.10185 0.45566 0.0410297 -0.139595 
1.61135 0.450673 0.799157 -1.07114 0.366603 -0.560978 1.39906 1.09671 0.496926 0.386563 0.208534 -0.163208 
1.29724 0.745795 1.01989 -0.297033 0.393651 -0.534637 0.455071 -0.207429 0.0419503 -0.177324 0.266744 0.0274009 
1.16114 0.730713 1.11217 -0.561894 -0.291791 -0.428256 0.0468883 -0.503867 -0.141068 -0.0359734 0.151619 -0.0190283 
1.29638 0.808628 1.25922 0.238528 0.19194 0.0291483 0.100234 -0.0162111 0.520672 -0.250086 0.206356 0.00384881 
1.10368 0.310946 1.78735 -0.195771 1.3603 -0.12618 -0.86188 0.553284 0.145658 -0.421641 0.404158 -0.00808703 
1.16979 0.676831 1.94149 0.000249772 0.448712 0.934089 -0.316668 0.117687 0.354772 -0.344605 0.423395 0.0486897 
