2.60406 -0.644609 -0.417457 -2.47925 1.19158 1.32279 2.18121 0.630776 0.0714214 -0.564274 -0.338732 -0.167049 
1.9842 -0.746854 -0.066678 -2.67062 1.53673 -0.554796 1.17525 1.3157 0.642523 -0.878522 -0.523674 -0.124614 
2.17542 -0.848254 0.427509 -2.61763 1.13545 0.502264 1.46642 1.46651 1.09615 -0.571719 -0.507862 -0.0694255 
2.43255 -0.781619 -0.345212 -1.69822 1.0689 0.601418 1.3497 0.671019 0.5167 -0.499753 -0.30516 -0.130436 
1.90123 0.13932 1.33841 -0.343726 1.84999 -0.0874559 0.315608 0.10303 0.450687 -0.281209 -0.168103 -0.0127083 
1.96784 -0.0228972 1.64616 -1.8719 0.307018 0.335362 0.707695 0.759125 0.199769 -0.333175 -0.384524 -0.0252079 
1.68962 0.619397 1.19496 -0.886751 1.11343 0.353113 0.187118 0.156418 0.524986 -0.277396 0.262731 0.0496731 
1.66206 0.699378 1.15429 -1.54014 1.39472 -0.165682 1.02779 0.271455 0.495718 -0.0321205 0.113103 0.0547507 
1.55032 0.589396 2.11986 -1.03067 0.507832 -0.172149 0.518263 -0.299559 0.0833824 0.129008 0.105206 0.0375233 
1.33004 0.347405 2.19131 -0.319951 0.620222 0.0545328 0.728316 -0.13669 0.368589 0.053568 0.120045 0.0128659 
1.71062 0.544502 1.91161 -0.201235 1.45494 0.142122 0.529402 -0.300278 0.645961 -0.301515 0.415704 0.103748 
1.80782 0.616008 2.00038 -0.971003 1.12567 0.680422 0.351175 -0.0739746 0.48409 -0.390533 0.126368 0.00574107 
1.57263 0.643845 1.91357 -0.22764 0.344195 -0.443158 0.0288268 0.00521805 0.203015 0.0126566 -0.246025 0.0499681 
1.7027 0.58357 2.19544 -0.198139 0.954079 0.147856 0.898464 -0.181555 0.010098 -0.0702834 0.353979 0.0181515 
1.6098 0.373525 1.61863 0.181401 0.871143 -0.026917 0.614815 -0.406937 0.238549 0.0129914 0.134746 -0.0199173 
1.41232 0.282619 1.58399 -0.468586 1.07463 -0.245035 0.437484 0.11618 0.101893 -0.264563 0.00453446 0.0708465 
1.36222 0.290718 1.58963 -0.462358 1.12889 0.146931 0.997224 -0.567135 0.438756 0.17737 0.00967248 0.00150214 
1.42058 0.423021 1.65165 -0.317572 1.15056 0.175911 0.81817 -0.726035 0.350193 -0.296732 0.171385 -0.0222775 
1.48892 0.503747 1.56179 0.00575651 0.366425 -0.71372 -0.338748 -0.671224 0.459519 -0.45986 0.217561 -0.0304542 
1.3793 0.283872 1.6412 -0.245774 0.915865 -0.580412 -0.127461 0.41004 0.696005 -0.418699 0.0803193 0.042098 
0.496765 -0.590556 -4.90989 1.57189 4.09699 -0.141255 1.97023 0.18532 0.443147 -1.06489 0.0966308 0.116803 
2.44844 0.578123 -2.94223 2.41485 4.17547 0.608419 3.39782 0.302673 0.593766 -0.843732 -0.0330878 0.138085 
3.22828 -0.591297 -2.07317 4.18217 3.46434 0.40069 3.40476 0.144339 0.509122 -1.01321 -0.0336372 0.00320891 
3.43633 0.767124 -2.42271 3.52945 3.7875 0.172695 3.36849 0.590029 0.75439 -1.08755 -0.192235 0.106174 
3.59636 0.701994 -0.814018 2.77322 3.1446 0.854088 3.5187 0.167983 0.437369 -0.829092 -0.11852 0.0587619 
3.41454 1.23464 -0.59319 2.91581 3.31779 1.36703 2.71717 0.369849 0.339195 -0.521336 -0.253459 0.0390828 
3.54774 0.983442 -0.641639 1.88661 3.73304 1.66359 2.67008 0.451642 0.330019 -0.600301 -0.201044 0.0771049 
3.18381 1.59487 0.484987 2.08125 3.24998 1.49169 2.67072 0.357042 0.385796 -0.740891 -0.162393 0.081481 
3.76115 2.17369 -0.193418 2.78548 4.10959 1.32565 2.89497 0.536396 0.562816 -0.767455 -0.176463 0.102484 
3.62257 2.02482 0.209391 1.98016 3.4856 1.84227 2.78626 0.285117 0.404685 -0.508816 -0.125834 0.0708449 
4.18478 2.19251 -1.08519 2.72377 3.83549 1.354 2.83825 0.15808 0.666929 -0.919362 -0.136116 0.0435955 
4.0015 1.5697 -0.744778 2.30393 3.6959 1.6789 3.00694 -0.0286667 0.190939 -0.657752 -0.138861 0.0635791 
3.61698 1.66965 0.184396 2.26307 3.86577 1.67116 2.63238 0.514045 0.447586 -0.78759 -0.288067 0.0760871 
3.17829 2.04775 0.624556 2.16231 3.00461 1.94601 2.25634 0.709375 0.595742 -0.698635 -0.320293 0.0266903 
3.03226 1.71527 1.23281 1.98086 3.1768 1.95762 2.1812 0.519968 0.130568 -0.525685 -0.0925343 0.0756111 
3.50819 2.22184 0.504894 2.11659 3.12483 1.79374 2.75785 0.261407 0.542637 -0.690088 0.0571471 0.0688406 
3.68208 2.19805 0.243885 2.21175 2.59112 2.04693 2.64026 0.474635 0.969697 -0.481874 -0.117477 -0.00739448 
3.36442 1.85571 1.00919 2.49088 3.56228 2.06125 2.39086 0.626857 0.385256 -0.811123 0.078556 0.117225 
4.67331 1.4876 0.108972 3.52846 4.19681 0.605685 2.96215 0.349051 1.01708 -0.957984 -0.142415 0.125634 
4.35415 1.88703 0.742059 2.20107 3.09861 1.5031 2.90592 0.478746 -0.307584 -0.0610409 -0.00297571 0.0736046 
3.23005 2.09822 1.28932 1.4317 1.72726 1.90695 1.64349 0.676389 0.00441209 -0.0738007 0.0242329 0.0230269 
3.55956 2.13701 0.884286 0.684197 1.35116 2.0772 1.9497 0.883219 0.0152402 -0.00208717 0.103147 0.0423869 
3.95218 2.17681 0.557664 0.568536 1.94844 2.95084 2.42963 0.714248 -0.274391 -0.0996986 0.0795018 0.0983636 
3.50715 2.24192 0.987122 0.731487 1.53305 2.37655 2.20244 1.19737 0.373311 0.147919 0.121376 0.0593332 
4.0627 2.75416 1.30628 0.989565 1.90215 2.9183 2.49246 1.15256 0.102901 -0.0324516 -0.0924811 0.0451249 
3.48555 2.80596 2.04949 1.68291 1.90845 2.293 2.15816 1.49096 0.70096 0.212754 0.019174 0.0512241 
2.88415 2.38755 2.04336 1.71593 1.53725 1.39118 1.26057 1.11695 0.810355 0.49402 0.221325 0.0661539 
3.05562 2.53073 2.23611 1.70146 1.5161 1.64473 1.36288 1.46068 1.20224 0.523706 0.220032 0.0776775 
2.92438 2.28824 2.27595 1.83281 1.47011 1.63343 1.26072 1.05341 1.03264 0.504714 0.262148 0.0811464 
2.71983 2.36573 2.262 1.87724 1.91989 1.69066 1.41558 1.10395 0.948313 0.544913 0.392639 0.0913247 
2.75206 2.39344 2.16369 2.07293 1.87559 1.71785 1.32063 1.34452 0.831407 0.607554 0.330038 0.0914271 
2.73879 2.31 2.33376 1.99788 1.6829 1.99738 1.45638 1.30599 1.09406 0.730406 0.446348 0.105273 
2.57659 2.15306 2.2066 1.68099 1.70435 1.68372 1.1342 1.13855 1.03804 0.456847 0.340623 0.0782303 
1.75963 2.22472 1.66253 2.17531 1.26021 1.41625 1.23517 1.24861 0.447059 0.887904 0.596511 0.026524 
1.59984 2.02089 2.2545 1.3074 1.24468 0.983393 0.385872 0.612538 0.59591 0.120532 0.292402 0.0492363 
3.32797 1.20413 0.0651818 -2.69691 -0.504029 0.722582 2.02954 1.45002 0.263166 0.290739 0.158905 0.0818325 
5.04758 1.08204 -1.93918 -3.0683 1.15662 0.740665 2.38898 2.86551 0.529312 -0.785407 -0.516315 -0.137417 
4.57702 1.46955 -1.56877 -3.19004 -1.88839 1.1324 1.62754 1.63644 0.846088 -0.905379 -0.313813 -0.139713 
3.56363 0.693758 -1.61249 -3.43499 -2.34709 1.31946 1.86994 1.65379 1.29467 -0.286509 -0.158085 -0.0466553 
4.56747 1.75375 -2.34084 -4.32776 -2.42219 1.14849 2.42994 0.951114 0.0817769 -0.301351 -0.452359 -0.0715498 
4.41439 0.862918 -2.55959 -4.46346 -2.04984 0.33205 2.53477 1.9363 0.571809 -0.282059 -0.363065 -0.12197 
3.10771 0.523827 -2.08709 -3.9253 -2.69762 0.0154876 1.94802 2.07307 1.554 0.335009 -0.166578 -0.114714 
2.98598 1.41022 -0.735859 -3.54552 -2.41295 0.535975 1.94394 1.69471 1.42149 0.394283 0.0207867 -0.0756146 
2.47127 0.962213 -0.113776 -2.73992 -2.19356 -0.619976 1.70687 2.11789 1.61036 0.824441 0.24398 -0.0143654 
1.91753 1.07766 1.3503 -0.930432 -0.49336 -0.933176 1.69817 1.32351 0.850966 0.786816 0.0455355 -0.0261771 
1.47357 1.24934 1.29987 -0.82669 -0.53243 0.186727 0.853755 1.13451 0.771498 0.15546 0.197424 -0.0955311 
1.28714 0.639462 1.55767 -0.298862 0.183888 -0.120478 0.778108 0.0893614 0.457082 0.21016 0.104837 0.0168204 
1.10013 0.320347 1.82301 -0.188093 0.780112 0.513419 0.82539 0.0340172 0.77363 -0.00954679 0.138403 -0.00803243 
0.93647 0.859888 1.29256 0.069528 0.521938 0.273834 0.333596 0.799276 0.200761 -0.512859 0.085841 0.0617864 
1.07747 0.613079 1.15296 0.00316698 0.766192 -0.26708 0.0929351 0.200728 0.34242 -0.267235 0.0716538 -0.0386818 
1.09147 0.587618 1.44757 0.478177 0.88321 0.192292 0.652135 0.281151 0.247331 -0.454118 0.0809861 0.103471 
1.09715 0.617844 1.11911 0.59743 0.68744 -0.642571 0.407854 0.185684 0.439149 0.0359684 0.0544494 0.0607468 
1.03612 0.597062 1.06693 0.432971 0.389566 -0.476037 0.174968 -0.659055 0.0378205 -0.472109 0.133567 -0.00256498 
1.0259 0.34885 1.20758 -0.448904 0.116868 0.163494 0.868672 -0.410815 -0.343142 -0.381527 -0.0248884 -0.0120636 
1.29785 0.712618 1.14723 0.0714963 0.965817 0.735638 0.628013 0.31864 0.264019 -0.174118 -0.0500514 0.110243 
1.14332 0.806124 1.86495 0.378253 0.699297 0.346161 0.42978 -0.147428 0.578177 -0.17691 0.139339 0.0688462 
1.0769 0.660209 1.54727 0.261975 0.746181 0.469566 -0.077207 0.368324 0.349723 0.0207544 -0.0204386 0.128597 
1.31773 0.818299 1.6393 0.337446 1.1968 0.236663 0.33205 -0.325192 0.255638 -0.169867 0.0578715 0.0269652 
0.893006 0.788118 1.34513 0.293677 0.725453 0.589433 0.139935 0.307045 0.497338 -0.268649 0.1565 -0.00180463 
1.24632 0.701801 1.54648 0.589319 0.913253 -0.146772 -0.180666 -0.110215 0.252173 -0.226343 0.281035 0.066963 
1.37412 0.425094 1.53866 -0.402975 0.546658 0.113094 0.82354 -0.0600471 -0.173598 -0.408403 -0.0205538 0.0149619 
1.09646 0.956497 1.73469 0.409348 0.811418 -0.441884 -0.22366 0.300181 -0.180321 -0.232412 0.140778 0.00122892 
1.27937 0.759074 1.41709 0.0406752 0.446028 -0.287437 0.740235 -0.0260786 0.0646607 -0.340426 0.0308298 0.0956827 
1.2564 1.04938 1.23019 0.0339723 1.40209 -0.703068 0.0788364 0.137051 0.349989 -0.0499871 -0.0664128 0.0567214 
1.33995 0.443067 1.57505 0.233438 1.05048 0.274989 0.561098 -0.158526 0.261728 -0.14396 0.0638807 0.0529558 
