-4.06396 -4.40259 6.76342 -1.33181 1.22198 -1.8768 0.627128 1.24163 -1.55755 0.355408 0.0245462 -0.0339624 
-1.70629 -3.23494 3.15146 -1.42349 1.76188 -0.189773 1.14533 0.927062 -1.02093 -0.521011 -0.0444692 0.0960751 
0.285578 -2.60006 0.753854 -1.15794 3.61979 -0.752098 2.02947 1.64689 -1.30475 -0.174079 0.0925904 0.039029 
-0.3969 -2.57641 0.72787 -1.23446 1.28012 -1.26333 2.807 2.41604 -0.906605 0.318819 -0.158174 -0.0658083 
0.610427 -3.27115 1.09529 -1.42145 0.201691 -1.04306 2.20768 2.77912 -0.280954 0.084067 -0.115857 -0.112637 
1.30749 -3.43705 2.15938 -0.328403 -0.437192 -0.681895 1.90309 2.41291 0.354525 0.134982 -0.231422 -0.153168 
1.24815 -3.86344 2.20417 0.320809 -2.99055 -0.226702 1.789 1.26088 1.19135 0.784558 -0.197902 -0.127236 
3.28636 -1.76293 1.43659 1.42995 -3.38631 -1.11655 2.84206 1.2121 0.572632 0.508243 -0.0127165 -0.169171 
3.71232 -1.45889 2.08997 0.32008 -3.82246 -0.0306216 4.18952 -0.00556346 0.479296 0.860833 -0.124487 -0.276955 
2.69604 -0.954043 1.10736 -0.548433 -2.47608 0.757128 2.49503 -0.0289813 0.649616 0.843237 -0.258177 -0.269224 
3.09572 0.656643 1.01584 -0.575347 -0.236805 0.0595718 1.07784 0.846734 1.62264 0.0816097 -0.2987 -0.181355 
2.12683 -0.0374926 1.65397 -0.837094 -0.85642 -0.443947 2.05106 -0.432492 0.560753 0.53667 0.239305 -0.170337 
2.38789 0.776166 1.54956 -1.1513 -0.126469 -0.151295 0.487636 -0.563167 0.516582 -0.13723 0.173982 -0.0437228 
2.30114 0.266313 2.16782 -0.526087 -0.293423 -0.237755 1.91091 -0.494429 0.968193 0.208185 -0.173524 -0.14838 
2.0623 0.461641 0.737255 -0.966094 0.196804 0.807437 1.27503 -0.530466 0.184569 -0.155763 0.0370152 0.0573167 
2.256 0.496382 1.03955 -1.00442 1.41734 -0.0646019 0.687159 -0.471503 0.749222 0.0226137 -0.0247653 0.103415 
1.79346 1.00843 0.892198 -0.396899 0.382419 -0.0228431 0.212677 -1.09938 0.294991 -0.160305 0.306202 0.0759768 
1.99998 0.543882 0.840988 -0.356519 0.812698 0.300455 0.663452 -0.788158 0.986308 -0.248818 0.084566 0.133221 
1.91581 0.93923 2.02822 0.121433 1.53663 -0.183303 -0.458031 -0.479974 0.54746 -0.719646 0.126293 0.0503044 
1.95333 0.561939 1.05127 -0.910981 0.815843 0.341679 0.630614 -0.601301 0.594724 -0.461243 0.138569 0.115739 
1.63248 0.621707 1.57371 -0.750484 1.10936 0.0803165 0.311939 0.0332062 0.45966 -0.0594623 -0.00122495 0.0135095 
1.56346 0.40787 1.95594 -0.591057 1.09801 -0.00390678 0.783746 -0.527862 0.515824 -0.546877 0.299086 0.0955031 
1.85886 0.404513 1.37586 -0.805525 0.834083 -0.233555 -0.252963 -0.187125 0.662247 -0.258152 0.315889 0.0864154 
1.82605 0.798141 2.51287 -0.199618 1.93484 0.18951 0.901178 0.0570149 0.448068 0.0892358 0.0348141 0.1301 
2.19166 0.942644 1.66892 -0.21802 1.10565 0.767261 0.380436 -0.402157 0.66713 0.0240405 0.125779 0.049302 
1.59831 0.528204 1.58213 -0.21701 1.00488 0.0586356 0.808227 -0.576376 0.294253 -0.295539 0.227367 0.107344 
1.96921 0.867544 1.69087 -0.0492224 0.984318 0.0555015 0.765716 0.38365 0.845135 -0.384564 0.148505 0.118584 
1.81095 0.526137 1.66286 -0.544429 1.07156 0.516606 0.957376 -0.0842188 0.0863419 -0.0913917 0.313422 0.0985123 
1.72965 0.499809 2.31954 -0.368306 1.69484 0.491573 -0.0822671 0.70919 0.610603 -0.134986 0.369859 0.0544675 
2.34585 -0.192599 0.761988 -1.54352 1.02536 2.62651 3.66813 1.60601 0.540214 -0.939762 0.236927 0.0629244 
1.86865 -3.65943 -2.32114 -0.443693 0.955012 1.59211 5.88743 -1.0811 0.106392 -0.203914 -0.0751904 0.0934346 
1.43434 -4.70128 -3.95531 -0.125964 1.86594 0.759855 5.48256 -0.032961 -0.669256 -1.00051 -0.125854 0.245184 
2.28598 -3.6295 -1.73549 0.977118 1.69395 1.23681 4.58103 -1.23204 0.164661 -0.623944 0.0438567 0.167271 
4.39515 -1.05464 -0.979782 2.24072 2.23247 0.717947 4.25667 0.575124 0.177806 -0.790957 0.0516849 0.0813453 
4.25007 -0.0510805 -1.57687 1.73518 3.30447 1.03837 3.22301 0.780424 -0.483343 -0.320476 -0.0124917 0.0698791 
3.77314 -2.02502 -1.80511 1.45362 4.0433 1.10028 3.35887 0.907892 -0.270173 -0.910246 -0.0910186 0.124487 
4.39377 -1.91116 -2.41593 2.06029 3.77228 0.993236 3.20581 1.01668 0.0869444 -1.13211 -0.188019 0.116412 
3.78113 -0.211284 -1.75576 1.46685 3.15881 1.30683 2.18302 1.72728 -0.261143 -0.795789 -0.241016 0.0666294 
3.5712 0.147487 -1.25558 1.22315 3.66678 1.1032 2.09765 1.4452 -0.312021 -0.524081 -0.297965 0.0521524 
4.5356 -0.503381 -2.25966 1.51649 4.20607 0.809368 2.17236 1.87732 -0.533132 -0.577428 -0.351068 0.114778 
4.18702 0.209299 -1.19324 1.40106 4.04 0.412574 2.18899 1.60293 -0.600228 -0.281987 -0.441332 0.0696835 
4.29046 0.965328 -1.03226 0.659208 3.58743 1.60508 1.9689 1.06699 -0.444324 -0.158422 -0.406736 -0.0259763 
4.28836 0.643103 -1.38714 1.21266 3.35545 1.04312 1.72897 1.32876 -0.274375 -0.47099 -0.454046 -0.00981618 
4.32787 0.424602 -1.9184 0.911095 4.14869 0.687038 2.42086 1.41747 -0.898924 -0.339918 -0.528691 0.0724997 
3.89663 0.708942 -0.9392 0.971193 3.13604 2.00705 1.5577 1.03395 -0.162796 -0.492657 -0.282866 -0.0147858 
3.97638 1.19757 -0.268791 1.11923 2.90738 2.03734 1.49808 1.1167 -0.0605776 -0.516616 -0.407547 -0.0408351 
4.68078 0.0812483 -2.08977 0.79835 4.17703 1.39354 1.46817 1.68777 -0.146585 -0.4378 -0.494936 0.00436098 
5.85168 -0.747786 -2.88765 -0.182698 6.04014 0.957224 1.90418 1.89952 -0.230218 -0.0974635 -0.718195 0.0417896 
4.66177 -0.568104 -3.15154 0.105328 4.56285 2.21905 1.75262 1.96499 0.354248 -0.518526 -0.41084 0.0270041 
4.2262 0.125387 -2.71067 0.289606 4.0108 2.23594 1.45415 1.76362 0.81168 -0.528343 -0.42218 -0.0683996 
4.65788 0.331547 -2.0142 0.85556 4.56192 1.27461 1.41046 2.10134 0.205068 -0.234159 -0.596529 0.0050339 
4.66983 0.0803965 -1.7494 1.16122 3.64148 1.84407 1.14992 1.85271 0.803011 -0.316422 -0.50032 -0.0628785 
5.2924 0.0818338 -2.27581 0.953816 3.22858 1.94469 1.60722 2.0873 0.660926 -0.453692 -0.467824 -0.0166779 
5.34902 0.315352 -2.43726 0.83694 3.40937 2.09912 1.43417 1.89357 0.743551 -0.360775 -0.406135 0.00875148 
4.13525 1.08092 -0.844041 0.832158 2.73411 2.38086 1.66484 1.36445 0.624791 -0.124549 -0.149953 -0.00445518 
6.05897 0.867245 -1.9461 0.796604 3.31412 2.4358 1.65232 1.57232 0.73564 -0.0363166 -0.337988 -0.0660397 
5.73954 2.07626 -1.54258 0.0798023 3.40492 3.90935 2.4831 0.869263 0.0989075 -0.0380703 0.0220819 0.0466955 
3.97485 1.57369 -0.617285 -0.0357817 2.48524 3.74004 2.85333 1.39355 0.534291 0.263167 0.0189912 0.0553297 
2.95483 2.30693 1.97287 2.14605 2.2534 1.85908 1.26604 0.977864 0.872713 0.526603 0.158281 0.0704477 
2.86424 2.48045 2.29441 2.21266 2.04745 1.64333 1.35487 0.999487 0.820487 0.468505 0.24429 0.0777757 
3.04056 2.69044 2.59039 2.41677 2.27517 1.84297 1.45795 1.15716 0.738487 0.46586 0.205282 0.0804245 
2.88879 2.45044 2.36063 2.18121 1.93266 1.76184 1.35103 1.04278 0.780735 0.534669 0.250328 0.0831707 
2.8102 2.43643 2.44827 2.26626 2.01132 1.87161 1.74756 1.10475 0.929745 0.812231 0.332965 0.107436 
2.64877 2.17301 2.42347 2.18504 1.71094 1.89475 1.63103 1.06477 0.932704 0.750373 0.433937 0.0973598 
2.71559 2.28584 2.5053 1.96032 1.69714 1.74007 1.58716 1.00454 0.980834 0.719949 0.407661 0.0976604 
2.75939 2.32622 2.39492 2.0166 1.72588 1.9584 1.38502 1.15429 1.23073 0.683131 0.481835 0.110106 
3.17039 -0.415727 -1.8097 -0.122149 1.86787 2.35857 0.469947 0.901549 0.58935 0.0878102 0.136645 0.0036964 
3.56817 -0.181063 -2.15752 -0.137795 3.10932 2.69005 1.58277 -0.23975 -0.164833 -0.340695 0.0813869 -0.0825131 
3.37342 0.625418 -0.111883 1.34609 3.07436 2.93971 0.376144 -1.08324 0.0372115 0.549844 0.335 0.0394753 
3.9343 0.848787 -0.594956 2.63161 6.04537 4.31635 -0.148292 -1.7904 0.023097 0.582371 0.355818 -0.0373174 
3.09609 0.0463954 -0.638502 2.06945 4.02927 2.78405 0.421365 -1.40461 -0.378622 0.535615 0.254423 -0.0205849 
3.10143 0.217065 -0.777459 1.7446 4.4385 3.49471 0.266378 -2.0339 -0.710341 0.639709 0.177262 0.00298145 
2.8053 0.371216 0.259024 1.43041 4.75883 2.45981 -0.43414 -2.26284 0.269077 0.0901236 -0.00953482 -0.093179 
2.1774 1.02038 1.62445 0.669159 2.26551 0.879181 -0.147139 -1.3436 0.0836338 0.253042 0.175423 -0.1731 
1.92717 1.49138 2.18722 0.611174 2.1088 1.16096 0.526063 -0.435495 -0.138679 0.143906 0.221884 -0.0434271 
1.5651 0.967383 2.43196 -0.000569782 0.726973 1.0388 0.716846 -0.344227 0.0423992 0.0907045 0.103968 0.0351296 
1.42504 1.1358 2.52714 0.250743 1.32522 0.851717 0.448699 0.0328797 0.444036 -0.422647 0.258223 0.0218165 
1.48703 1.20709 2.60215 -0.0133476 0.145312 -0.185426 0.575782 -0.00432014 0.45373 -0.35347 0.311287 0.0371054 
1.50299 1.02485 2.72993 0.774796 0.139798 0.00418988 0.333157 0.110872 -0.128722 -0.0526129 0.339512 0.0098862 
0.910786 0.938669 1.93494 0.227423 0.821691 -0.391626 0.163022 -0.85669 -0.189009 0.180802 0.194785 0.0377765 
1.48053 0.782765 1.91652 0.0784591 -0.539936 -0.844663 0.584611 -0.474246 0.0759261 -0.107199 0.400048 0.0733345 
1.22715 0.823609 1.38391 -0.0728446 0.134725 -0.794977 0.735722 -0.315077 0.369222 0.0314141 0.0626738 0.0281648 
1.34935 0.962371 2.14556 0.0291324 0.0857589 -0.436702 0.185204 -0.0229037 0.520878 -0.180826 0.148394 0.0715122 
1.0106 0.607195 1.93528 -0.0108672 0.716086 -0.177692 -0.0673092 -0.591597 0.336761 -0.0906946 0.0722814 -0.0331971 
1.32808 0.937314 2.13425 -0.766097 -0.00910082 0.503225 -0.350496 -0.358621 0.175015 -0.356947 0.145314 0.0193873 
