1.59726 0.19961 1.93981 -0.560249 1.03614 0.151471 0.343762 0.534567 0.540079 -0.274531 0.115872 -0.0202833 
1.75075 0.409834 1.75001 -0.364683 0.956348 0.461687 0.487943 -0.212504 0.352018 -0.143844 0.0568325 0.0620494 
1.85867 0.363565 1.03598 -0.629917 1.35342 -0.266049 0.478884 -0.189099 0.291222 -0.332195 0.0786057 0.059689 
1.79736 0.368124 1.79919 -0.292233 0.997766 -0.249719 0.220165 -0.9502 0.442187 -0.259628 0.0836106 0.11485 
1.41304 0.521111 1.54379 -0.35761 0.156811 -0.64186 0.0892264 -0.385427 0.536617 -0.247451 0.147214 0.0230401 
1.56998 0.413797 1.36703 -0.214925 0.820571 -0.415882 0.475371 -0.593438 0.207169 0.357705 -0.200226 0.0163867 
1.86156 0.354446 2.21636 -0.0982927 1.23578 0.227989 0.20168 -0.307548 0.0817905 -0.0629876 0.468883 0.0105624 
1.81121 0.304174 2.22138 -0.852325 0.825403 -0.2182 0.646146 -0.153935 -0.0866261 -0.652354 0.0656014 -0.00816693 
1.89565 0.269398 1.89215 -0.2625 0.752332 0.050488 -0.00861675 -0.698487 0.468893 0.0167069 0.13639 0.0281397 
1.71107 0.112161 1.74403 -1.04229 1.2947 0.129404 -0.130375 -0.360671 0.235881 -0.0103244 0.100642 -0.021917 
1.76096 0.412995 1.46248 -1.07219 0.31334 -0.269588 -0.385285 -0.765471 -0.0975103 -0.548861 0.190486 0.0815188 
3.51174 -3.16501 -3.75443 -2.88837 1.68327 2.44505 2.67531 1.25138 -0.17182 -1.45942 -0.420632 0.136607 
2.62895 -0.726076 -1.68874 -3.56235 0.345471 0.641849 2.2169 0.909621 -0.253513 -0.856973 -0.207381 -0.0603317 
1.99355 0.240798 1.18673 -1.13105 -0.17041 0.0341351 0.949222 0.333467 0.0586017 -0.383038 -0.00985118 0.0254731 
1.43917 0.703042 1.18113 -1.11379 -0.123509 -0.110313 0.437219 -0.656479 0.0360077 -0.192574 0.127777 0.0445116 
1.50428 0.665527 1.46718 -0.387407 0.35996 0.0170296 0.152611 -1.04711 0.458924 -0.282505 0.245411 0.00686826 
1.73859 -1.45746 -0.230648 -0.227058 2.37692 0.113995 0.236734 1.85333 -0.91618 -0.393689 0.00700266 0.047556 
1.66235 -0.697839 -3.20544 -0.951405 3.25804 0.454612 1.308 1.76017 -1.37836 -0.851706 -0.0217908 0.0934008 
1.52727 -0.697486 -2.08892 1.61801 3.96881 2.23878 1.25893 2.01316 -0.685496 -1.32301 0.484346 0.0840532 
3.22772 -2.17613 0.193129 2.88395 3.11635 1.42893 2.73834 1.17239 -0.452381 -0.83761 -0.0661771 0.174458 
3.70758 -1.44925 -1.36293 3.15613 2.59411 1.30991 3.13408 0.931811 0.0375268 -1.2044 0.0142103 0.143211 
3.47921 0.830291 0.172716 1.41771 3.13149 1.0523 2.57534 1.29146 -0.29464 -1.01488 0.0368017 0.161715 
3.30823 0.759286 0.470083 2.25354 3.41496 1.4828 2.058 1.76645 -0.645417 -0.828944 -0.157396 0.157685 
3.58091 1.27622 0.473021 2.32707 3.29007 1.45896 2.96061 0.772783 0.361272 -1.27994 0.12166 0.184134 
3.54912 1.29772 0.463613 2.4144 2.67151 2.03551 2.3475 1.20021 0.261868 -1.17236 0.0434168 0.13765 
2.86173 1.51566 0.947575 1.81105 2.39707 1.75678 2.51118 0.510474 -0.0819564 -0.867292 0.0702911 0.0753093 
3.23454 1.24391 0.769507 1.74529 2.57404 1.89935 2.31203 1.30919 -0.156234 -0.88805 -0.136995 0.0985359 
3.97985 0.52077 -0.103063 2.26736 2.53807 1.58019 2.56266 1.6324 -0.687804 -0.660484 -0.0199938 0.142478 
4.28115 0.0400891 -0.922735 1.50213 2.34821 1.88405 2.78841 1.44216 -0.371573 -0.76489 -0.0769544 0.101821 
5.6153 -0.175615 -2.05448 2.28493 2.58661 1.51163 3.62438 0.581614 -0.250268 -0.904907 0.0858045 0.0808598 
5.52473 -1.09164 -1.89939 1.77124 3.05514 1.25561 3.30221 1.05938 -0.253944 -0.869503 -0.119549 0.107633 
3.62455 -0.0645874 -1.20399 0.655376 2.12843 2.29987 2.66386 1.35092 -0.2082 -0.886832 -0.00610158 0.052199 
2.72898 -0.0517818 -0.884216 0.389772 1.99697 2.78555 2.68792 1.0888 -0.391324 -0.832303 0.0972677 -0.00343622 
3.77191 0.103194 -1.38088 0.346205 2.16578 2.18647 2.31438 1.80841 0.0366683 -0.971435 -0.147161 0.0154531 
5.03693 0.0400466 -1.99432 0.0389988 1.94902 2.1777 2.86556 2.30772 -0.159179 -0.893421 -0.26625 0.046379 
5.01377 0.261272 -2.07838 -0.112114 2.01395 1.47412 2.26 2.62981 0.172764 -0.99124 -0.423846 0.0254839 
5.90052 0.923821 -1.69046 -0.626374 2.20502 1.40533 2.39842 2.76119 -0.605632 -0.565838 -0.34588 0.0158689 
6.1611 1.06379 -1.66126 -0.387691 1.62396 1.4211 2.46788 2.93749 -0.313488 -0.585188 -0.33357 0.0174376 
5.58769 0.908969 -1.56656 0.391766 1.96835 1.00446 2.08522 2.66676 0.517201 -0.581969 -0.380229 0.0301035 
4.334 1.7775 -0.2177 -0.0305802 1.26447 2.07574 2.38903 1.72491 0.309407 -0.341319 -0.195971 -0.0386559 
4.31148 1.62384 -0.37454 -0.123862 1.1486 1.72993 2.36297 2.20407 0.720203 -0.309747 -0.0241237 -0.00177512 
5.18774 2.97194 -0.0461159 -0.0604552 1.54243 2.62183 2.57603 1.18792 0.646135 -0.00891697 -0.172126 -0.0503886 
4.70624 3.07403 0.725303 0.371057 1.90303 2.72501 2.71683 1.34295 1.01174 0.251903 -0.283336 -0.0762231 
3.90093 3.16627 2.07002 1.51185 1.48634 1.79033 1.72252 1.88259 1.70999 0.769628 -0.256211 -0.0336158 
4.54349 3.36498 2.1487 1.64585 1.75785 1.8487 1.82995 2.02111 1.87291 0.907842 -0.303288 -0.104092 
4.00113 3.37208 2.41133 1.79769 2.06132 1.94846 1.4176 1.72237 2.0201 0.857447 -0.190749 -0.0113297 
3.5336 2.93059 2.64355 2.13822 2.30447 2.01648 1.23704 1.20047 1.28553 0.397227 -0.207856 0.0178774 
3.01794 2.7697 2.92156 2.49053 2.52558 2.1892 1.57348 1.19729 0.959151 0.130799 0.0648835 0.0739208 
2.8559 2.51818 2.47642 2.06223 1.9537 1.89844 1.3852 1.16734 0.85314 0.512849 0.31148 0.0939777 
2.70495 2.1717 1.98608 1.82556 1.599 1.34114 1.2567 0.894757 0.720709 0.505129 0.259042 0.0685957 
2.62206 2.22212 2.46457 1.13493 1.62062 1.91701 1.65667 0.802308 1.15993 1.00658 0.190276 0.0995755 
3.69198 -1.90814 -1.08097 -0.705869 0.502687 0.32515 1.7267 0.29224 -0.0583113 -0.787466 -0.100408 0.0362086 
3.54751 -1.22528 -0.889828 -0.988217 2.67212 1.11367 2.0374 0.526216 -0.139276 -0.198342 0.188492 0.053594 
4.1445 -1.11647 -0.989072 1.06846 3.31246 1.11948 1.42122 1.39724 0.586006 0.557691 0.31817 0.0143607 
4.53557 -2.01184 -2.39764 1.37128 4.71046 1.021 -0.0212657 -0.109057 0.430649 0.781706 0.22009 0.0125232 
3.7501 -1.21427 -1.71873 0.309466 3.21624 1.96401 -0.669755 -0.669276 1.48638 0.534548 0.345009 0.00516106 
2.7762 -0.590291 -0.911088 -1.00202 1.96727 1.66615 0.350784 -0.167899 0.680628 0.434722 0.743377 0.062068 
2.04637 0.671073 1.00364 -0.152311 1.76752 1.60074 0.749394 -0.735735 0.185892 0.0848292 0.639445 0.0534923 
1.88929 0.556264 0.911774 0.0304663 0.949304 0.66427 0.194648 -0.0340566 0.296459 0.139583 0.191023 0.0590401 
1.91723 0.679856 1.3123 -0.0830169 1.13167 1.28392 0.26045 -0.827625 0.382818 0.125962 0.369952 0.078449 
1.83138 0.976729 1.11582 0.0884029 1.06709 1.19207 0.250185 -0.495239 0.531277 -0.0115662 0.273213 0.0992915 
1.63908 0.765562 1.67704 0.226842 0.756372 0.505211 0.592682 -0.357271 0.443529 -0.0806944 0.267872 0.0585715 
1.39933 0.928692 1.90493 -0.579916 0.582143 0.363955 0.621458 -0.340896 0.97903 0.070549 0.161456 0.0763015 
1.40382 1.22411 1.56097 -0.359377 0.78863 0.862614 -0.180028 -0.503223 0.136524 0.0198204 0.146765 0.100697 
1.13128 0.73613 2.29488 -0.027932 1.08666 0.3041 -0.725217 -0.400471 0.712572 0.0583655 0.202216 0.044104 
1.16241 1.46201 2.04388 -0.547796 1.56013 -0.295913 0.631119 0.236923 0.237174 0.144221 0.296959 0.0310163 
1.33638 1.07248 2.02833 0.415597 0.0545797 0.105686 0.80174 -1.30542 0.24532 -0.171861 0.0114767 0.077022 
1.30921 1.1362 1.78833 0.0148546 1.002 -0.0687929 0.428091 -0.19735 0.440778 0.28616 0.203315 0.0917688 
0.816908 1.10804 1.78405 0.129797 0.0202119 -1.00319 -0.139333 0.176694 0.652753 -0.0350408 0.179334 -0.0252343 
1.26426 0.89527 1.26266 -0.172487 0.537926 -0.410514 -0.239554 -0.34748 0.683822 0.396212 0.156214 0.0653921 
1.00693 0.459859 1.72139 0.064742 0.0851764 0.800145 0.431973 -0.706168 -0.0225831 -0.273584 0.203297 0.0434672 
1.49299 0.664002 2.25548 -0.637476 0.482001 -0.702374 0.532725 -0.0622459 0.129079 0.0521795 0.19517 0.091871 
1.18775 1.37014 2.07635 0.690176 0.145754 0.0626063 0.414668 0.138626 0.247732 0.183461 0.130139 0.0748903 
1.46223 0.610833 1.59132 -0.127023 0.431372 -0.562615 -0.0686569 -0.464593 0.608936 0.214183 0.310622 0.106244 
1.38514 0.8657 2.31715 0.535971 0.696934 -0.204469 -0.072212 0.0647501 0.51323 0.433885 0.130124 0.0623167 
1.42623 0.727024 1.86139 0.315756 0.272702 -0.0974476 -0.265728 -0.445989 0.391027 0.204232 0.0302507 0.071243 
1.60607 0.760017 1.75425 -0.0985715 0.734489 -0.196008 -0.0182736 0.180413 0.253066 0.148223 0.296617 0.0680078 
1.78154 0.610711 1.96459 0.121611 1.19524 -0.967818 -0.334441 0.473158 0.50114 0.0796205 0.297517 0.0679447 
1.71122 0.788936 2.15125 -0.254039 0.544889 -0.136742 0.409579 -0.198819 -0.00822793 -0.248504 0.267739 0.0667044 
1.63077 1.07313 1.68356 0.0399544 1.10731 -0.296014 0.264129 -0.0573119 0.753447 0.0353713 0.169885 0.104475 
1.7784 1.00241 1.92781 -0.242319 0.797819 0.891413 0.445248 0.183065 0.365027 0.217318 0.275835 0.0825749 
1.55119 0.996614 1.7065 -0.228469 0.680305 0.549006 0.486215 -0.263479 0.547101 -0.241576 0.221013 0.0776335 
1.28643 1.12064 2.38275 0.0593907 0.862479 0.274178 0.367475 0.190974 0.297522 0.181785 0.195218 0.0593295 
1.41061 0.416828 1.48179 -0.152904 1.10446 -0.37285 0.529692 0.155353 1.0193 0.172858 0.374212 0.042794 
1.59457 0.532953 1.45612 -0.354735 0.773427 0.355144 0.718244 0.555777 0.455105 -0.469546 0.148116 0.0423701 
