1.94585 -0.253546 1.32062 -0.742484 2.00718 0.146548 0.524113 -0.372476 0.0735628 0.00818684 0.28957 0.0581425 
1.75325 -3.67516 0.136811 1.39851 -0.320398 -0.750459 2.10737 -0.179838 -0.639655 0.264638 0.13103 0.0778893 
2.04219 -5.95073 0.186975 3.23476 -0.67054 -0.706322 3.50438 0.567259 -1.61275 -0.800348 0.0720982 0.0679522 
1.5638 -2.39366 2.16975 2.01735 -1.03625 -2.53888 1.67172 0.300878 -0.4668 0.383029 0.11281 -0.0175122 
1.62996 -0.975521 1.59964 0.0649067 0.0735224 -0.598962 0.289337 -0.781828 -0.545773 0.38533 0.349954 -0.10533 
1.95849 -0.48795 0.216698 -0.593085 0.450948 0.115038 0.125186 -0.185459 0.528872 -0.247264 0.346424 -0.059575 
2.09469 -0.583894 0.453035 -1.31993 0.896476 0.772143 1.0597 -0.561664 -0.395778 -0.0944025 -0.10939 0.0437905 
2.09198 -2.06905 0.844857 -2.30269 -0.00499014 2.17096 2.57702 -1.1105 -0.543555 0.398272 -0.403 0.0191433 
2.12543 -0.316234 0.953656 -1.21546 0.412488 0.675314 0.2836 -0.838137 -0.297271 0.342018 0.252481 0.0234128 
2.06971 0.00993313 0.761942 -1.06784 0.742208 -0.0325733 -0.0024201 -1.25508 -0.269933 0.0607198 0.268145 -0.0422442 
2.13468 -0.307699 0.933896 -0.320744 1.46758 -0.214771 0.4929 -0.472632 -0.425197 -0.110845 0.0287307 0.0321273 
1.81568 -0.175272 1.27697 -0.761682 1.1671 0.173137 -0.142722 -0.0809492 0.0816927 0.0755013 0.491028 0.0182774 
1.98079 -0.315344 0.736699 -0.7772 1.39981 -0.0925591 -0.0462934 -0.534993 0.0887916 0.0708731 0.285237 -0.00747586 
1.8583 -0.413565 0.325599 -0.930966 0.593067 0.0157961 0.149125 -0.273816 -0.138404 -0.484362 0.463514 0.0120745 
2.03207 -0.490431 0.734511 -0.85223 1.61909 0.130061 0.191961 -0.125812 -0.00243429 -0.18836 0.591282 0.042053 
1.56417 -0.312955 0.888933 -1.12886 0.661669 -0.139463 0.171142 -0.933372 -0.195102 0.222366 0.241587 -0.0284296 
1.77012 -0.222078 0.857504 -0.311005 1.20809 -0.536161 0.318479 -1.1902 -0.110824 -0.0787785 0.665678 0.0602882 
1.72037 0.0978796 0.754196 -0.778467 1.73581 0.442959 0.705564 -0.852611 0.0429436 0.0517846 0.285703 0.0286533 
1.80929 -0.231789 0.998486 -0.758863 1.45907 0.162894 1.15716 -0.876009 0.0269318 -0.109565 0.188133 -0.00699681 
2.06332 -0.685599 1.35497 -0.57413 1.3308 0.098593 0.766035 -0.376978 -0.215765 0.116529 0.308377 -0.0148003 
1.87315 -0.0877894 1.56419 -0.269012 1.06106 0.407046 -0.0985242 -0.582359 0.146884 0.248625 0.538431 0.0155322 
1.99531 -0.0933333 1.16905 -0.77554 1.27092 -0.490578 -0.0747664 -0.72713 0.220563 0.170353 0.44908 0.0673139 
2.13549 -0.0485748 1.17095 -0.717351 1.08814 -0.875093 -0.234165 -0.954587 0.0446382 -0.259641 0.432071 0.0466299 
2.10539 -0.290846 0.820525 -0.436564 1.39371 -0.094393 0.41769 -0.662204 0.168316 -0.369695 0.323823 -0.0112602 
2.17529 0.141729 0.612696 -0.379283 0.83538 0.171776 0.108486 -0.59206 0.0569949 -0.270515 0.253548 -0.109983 
2.01436 0.00256768 0.638591 -1.14473 1.40767 -0.436761 0.138689 -0.433037 0.721727 0.261793 0.338785 0.0411519 
3.21602 -1.80911 -1.72663 -2.11035 1.164 2.04892 1.4795 0.556586 0.605536 -0.523228 -0.371461 0.0306796 
3.31719 -4.19917 -2.37022 -0.0506185 -0.169727 1.51662 3.00213 -0.193296 0.503079 -0.14746 -0.502772 0.019395 
1.85913 -6.0854 -3.63701 0.770794 0.771281 1.88213 3.82991 -0.776251 -0.642463 -0.459296 -0.156827 0.0766159 
2.16874 -5.30106 -2.97542 -0.0746132 1.82784 1.26852 3.98876 -1.18169 0.113516 -0.557158 -0.376457 0.200102 
2.20832 -3.75322 -1.20639 0.442893 2.83428 1.04017 4.08578 -1.14048 -0.253155 0.0169529 -0.174333 0.198038 
2.35737 -4.0981 -1.17298 0.773033 3.04096 0.901838 3.93968 -1.08029 -0.143806 0.119641 -0.214429 0.180259 
3.40454 -2.03443 -1.43769 2.3033 3.86123 1.46712 3.00035 0.391917 0.171204 -0.689035 -0.0729763 0.0912963 
3.46962 -0.480112 -0.785629 1.94121 3.78984 1.59938 2.19491 0.466268 -0.0741376 -0.349131 -0.293098 0.0249146 
4.45506 -1.61291 -0.575065 1.63128 4.46851 0.660246 3.10869 0.56141 -0.237487 -0.196382 -0.382659 0.0930236 
4.84369 -1.61053 -2.03544 2.56244 5.29543 -0.130337 2.822 0.881788 0.00902796 -0.673304 -0.430766 0.165262 
5.16292 -1.6976 -2.13528 2.55379 5.28572 -0.193965 2.78067 0.754849 0.0917697 -0.724456 -0.425337 0.178025 
4.59161 -0.862756 -2.16358 2.65671 3.94515 0.849282 2.03006 1.06908 -0.0906698 -0.74639 -0.243347 0.0906525 
4.226 -0.336241 -1.70224 2.18774 3.49465 1.24162 1.61035 1.54257 -0.0254966 -0.72972 -0.342399 0.0806054 
3.4785 0.169184 -0.638828 1.91575 3.63265 1.59215 1.77583 1.02584 -0.175589 -0.608648 -0.213596 0.0813062 
5.08448 0.160631 -2.29478 2.41032 5.53782 0.541296 2.16508 1.3633 -0.607836 -0.352238 -0.496306 0.193247 
4.50527 0.283538 -1.62279 2.06507 4.39282 0.67095 2.32878 1.38164 -0.419948 -0.543129 -0.476284 0.116959 
4.06502 0.348218 -1.3067 1.87194 3.35191 1.82532 2.07413 1.04857 -0.127657 -0.678921 -0.283158 0.060582 
3.82486 0.559357 -1.35542 1.22317 3.68529 2.41824 1.38218 0.738278 -0.127315 -0.458303 -0.21986 0.0137242 
3.68225 0.829513 -0.334365 1.51056 2.9301 2.11444 1.83234 0.904833 -0.0349959 -0.722682 -0.324253 0.0292361 
4.14451 0.909292 -0.612737 1.41133 3.31355 1.70096 1.89193 1.31004 -0.254996 -0.554275 -0.396525 0.0195353 
4.23911 0.807339 -0.94951 0.873054 3.27319 2.35024 1.85723 1.02341 -0.445911 -0.493198 -0.245573 0.0244088 
4.6282 0.218947 -1.95899 1.251 3.58597 1.9621 1.77123 1.24789 -0.201445 -0.633738 -0.298615 0.0539108 
6.11333 0.150881 -2.66915 1.13467 5.93817 1.18196 1.80713 1.76276 -0.826898 -0.349517 -0.620793 0.118688 
5.23794 -0.494114 -2.73558 0.752397 4.30096 1.75116 1.58962 1.60399 -0.144502 -0.647545 -0.483326 0.0298431 
3.59649 -0.821446 -2.07314 0.93939 3.25772 2.37429 1.43029 1.39877 0.3323 -1.03766 -0.252093 -0.00581544 
4.70206 -0.93616 -1.61281 0.741302 2.95648 1.87615 1.71648 1.52265 0.617885 -0.711802 -0.3753 0.000961011 
4.89269 0.0219602 -3.28579 0.572795 3.89354 1.57225 2.00993 1.72847 0.654138 -0.60135 -0.489919 0.0128673 
5.41261 -0.429372 -3.29604 0.270206 4.4285 1.89422 1.86249 1.89077 0.335736 -0.475371 -0.501028 0.0291254 
4.88702 0.212846 -2.41965 0.514804 3.36011 2.2556 1.35806 1.77343 0.614121 -0.466188 -0.354224 -0.0148507 
5.01023 0.147701 -2.78879 0.0936897 3.60058 2.10377 1.9183 2.10323 0.302605 -0.56535 -0.414642 0.0190341 
5.49498 0.195319 -2.90927 -0.370184 4.19673 1.83151 1.74922 2.6728 0.191214 -0.375003 -0.631037 -0.0227336 
4.91964 0.666405 -1.97829 0.0509703 3.81575 1.75606 1.88246 2.49487 0.156629 -0.145982 -0.454662 -0.0200049 
4.91963 1.14736 -1.44661 0.15658 3.32219 2.35382 2.11209 1.67138 0.365312 -0.128924 -0.278413 -0.0264414 
5.18898 2.0332 -1.21667 -0.670985 2.81993 3.19431 2.11993 1.21103 0.071735 -0.214311 -0.21142 -0.0535554 
4.0116 2.44159 0.44777 0.101357 1.7506 2.43144 2.0062 1.36757 0.457554 -0.0609478 -0.141862 -0.000418109 
3.237 1.96897 1.16573 1.29824 1.8872 2.36517 2.27006 1.74849 0.897428 -0.0557935 -0.299298 0.0266576 
3.33511 2.48208 1.84678 1.75144 2.11861 2.14498 1.78922 1.52616 1.02901 0.255312 -0.114835 0.0415554 
2.89468 2.41335 2.36672 2.06495 1.63996 1.53572 1.38047 1.06124 0.768342 0.434739 0.184856 0.0641865 
2.88917 2.34417 2.34566 1.97343 1.96627 1.65846 1.47557 1.32166 0.918721 0.436826 0.211065 0.0861408 
2.78181 2.23523 2.29307 1.78456 1.62254 1.84342 1.60719 1.0242 0.737099 0.490981 0.391932 0.0823508 
2.52782 1.40772 1.76565 0.519266 2.18834 1.64734 1.24793 0.572358 0.8823 0.651904 0.468483 0.0446287 
2.18121 1.26098 2.23801 0.580499 2.07073 1.66016 1.10741 0.365807 0.828455 0.249123 0.633166 0.0559208 
1.8332 0.599834 1.52786 0.305182 1.53326 1.81948 1.37079 -0.136904 0.47061 0.332193 0.494064 0.005636 
2.49804 -0.206446 -0.295496 -0.483045 2.08902 1.81795 0.609471 -1.45858 0.0894814 0.0370487 0.522533 0.104912 
4.31043 -0.562449 -2.68357 0.569907 1.41689 0.345461 2.8317 -0.676421 0.152133 -0.434369 0.307322 -0.090467 
2.65131 0.0407455 -1.32753 -0.177022 -0.0724083 0.808084 1.24025 0.5004 -0.565623 -0.181289 0.211358 -0.292167 
3.93977 0.400912 -2.60718 -0.449175 2.27605 1.05551 1.02481 -0.966796 0.00470004 -0.137417 0.109538 -0.132425 
2.31726 1.93375 -4.06207 0.224656 0.963372 1.79745 0.397145 -0.28134 0.0663298 -0.272442 0.411241 -0.262332 
2.45419 0.422176 -1.50549 -0.791113 0.390883 2.39734 0.588935 0.105609 0.792969 0.365641 0.27333 -0.241832 
2.2729 0.129377 0.457316 -1.7781 0.266874 0.988927 1.982 0.653498 0.76318 0.248959 0.195435 -0.212215 
2.33245 -0.46223 0.312985 -0.86015 -0.228181 0.789881 1.77277 1.01931 1.16975 0.231889 0.222541 -0.177191 
1.77559 -0.38452 1.27771 -1.89224 0.0667393 -0.27415 1.22456 0.880584 0.887738 0.391367 -0.165221 -0.109056 
1.55725 -0.828045 0.659792 -0.163016 0.499178 0.720644 -0.251657 -0.430851 0.193077 0.255281 0.784235 0.130444 
1.61045 0.145808 1.06248 -0.452334 0.964444 0.547735 -0.216444 -0.899694 -0.0233347 0.474919 0.62432 0.0752966 
1.70282 0.345183 1.03942 0.0954807 1.57523 0.0459505 -0.314894 -1.50403 -0.595054 -0.122915 0.528677 -0.0348185 
1.49462 -0.292119 1.42792 -0.37792 0.837491 -0.194051 0.0290893 -0.302974 0.495699 0.236272 0.155049 0.0657954 
1.65716 -0.327202 0.891729 -0.548466 1.01868 0.571884 -0.476534 -0.0372204 0.176565 0.158881 0.599232 0.0837493 
1.63074 -0.104138 0.963604 -0.0469105 1.02465 -0.0427579 0.103086 -0.486103 0.509578 0.0495026 0.482743 0.0294168 
1.71291 -0.270242 1.15861 -0.435966 0.969778 -0.816227 -0.214473 -1.06465 -0.193306 0.33245 0.377386 -0.00765893 
