1.64134 -0.121814 1.37664 -1.1215 0.227674 -0.152368 0.52484 -0.578737 0.0551835 -0.0362603 0.302612 0.0674029 
1.89724 0.170028 0.934586 -0.453511 0.957985 -0.312665 0.108638 -0.413047 -0.258338 -0.290669 0.164223 0.00763466 
1.64409 -0.375676 0.955789 -1.03567 0.814618 0.114857 0.298535 -0.336875 0.147058 -0.334749 0.0312448 -0.0106872 
2.19805 -4.24407 0.0195999 2.51979 2.09344 -1.39649 1.83076 1.39246 -0.942336 -1.07422 -0.333715 0.0963773 
2.08043 -1.7946 0.096362 0.998862 1.04928 -0.0128 1.34286 -0.046045 0.184473 -1.02148 0.219378 0.288352 
1.82991 -0.836691 1.92468 0.567307 0.0957689 -0.549695 0.651234 0.433915 0.420358 -1.03332 0.185172 0.209443 
1.7982 -0.636079 1.06603 -0.819107 0.669829 -0.495643 0.119292 -0.16003 0.172333 -0.239227 0.366158 0.202052 
2.09458 -0.0308878 1.34328 -0.847468 0.805032 0.487714 0.371101 -0.599496 0.050545 -0.216643 0.167348 0.102632 
2.335 0.446499 1.18111 -1.06525 0.87508 -0.0074884 0.987296 -0.268262 0.898405 -0.0725591 0.680526 0.150733 
-0.0743873 0.202933 -1.09159 -1.12502 2.87958 -0.422555 0.018221 1.04481 -0.0854661 -0.668533 0.459213 0.108606 
-2.78077 -1.03517 -2.60074 -3.91339 2.38518 -1.89879 -0.301083 2.16454 -0.929465 -0.00185437 -0.00729127 0.0521077 
-0.69518 0.216953 -1.44766 -4.23917 3.84804 -0.371984 -0.0217912 2.30071 -0.1147 0.422591 0.0331437 -0.00816093 
0.682624 -0.508757 0.80845 -3.14926 4.43474 -1.19302 -1.29837 1.12117 -0.296182 0.0763279 -0.00713901 0.0285979 
1.39722 0.336099 1.32753 -1.75381 2.37032 0.212635 -0.0221994 0.0918156 -0.618426 -0.35634 0.629033 0.069621 
2.24894 -0.641212 0.788183 -0.279501 1.31176 1.74108 0.449461 -0.673549 -0.641854 -0.262498 0.416053 0.167376 
2.46324 -0.680764 0.402425 -1.43532 0.624342 1.1316 1.13318 -1.37536 -0.255287 -0.542669 0.5072 0.213374 
2.65199 -0.245206 0.750894 -0.153186 1.6893 1.20295 1.37296 -0.503636 -0.618711 -0.213066 0.681029 0.195621 
2.28808 -0.244799 1.23952 -0.816256 0.899496 0.911391 1.6536 -1.39198 -0.261563 -0.0415979 0.532507 0.196504 
2.22788 -0.311999 0.956424 -0.4906 1.32675 0.131046 1.04431 -1.42673 -0.0439544 -0.100683 0.426794 0.204054 
2.33634 0.27858 0.913849 -0.42393 0.935007 -0.251744 0.471655 -0.584591 1.22357 -0.406322 -0.0344988 0.0843478 
1.99015 -0.0515755 1.97595 -1.17535 0.610658 0.381138 -0.120709 -0.997924 0.497853 -0.264083 0.225394 0.0890291 
2.11845 -0.0785124 1.27867 0.35548 0.166739 0.469071 1.06918 -1.13357 0.353187 -0.307577 0.245942 0.0638072 
2.09466 -0.281368 1.54728 -0.604115 1.14209 0.639448 0.320524 -0.884071 0.512907 -0.419838 0.508414 0.114164 
2.00414 -0.544527 0.564465 -1.87321 0.0156273 0.26735 0.160676 -1.24996 0.303212 -0.638882 0.2506 0.0914525 
1.95866 -0.0853595 1.04391 0.476405 1.07402 -0.055387 0.372114 -0.739745 -0.0603424 -0.379457 0.0268509 0.0693805 
2.18899 -0.892749 -2.69245 -2.25876 0.881623 2.40643 2.67483 0.488323 -0.571072 -0.755086 -0.116185 0.00622384 
4.75341 -3.91076 -5.35665 -3.4722 0.808361 -0.0198746 1.48125 3.11789 -0.195418 -1.13019 -0.502038 0.0340018 
2.60534 -3.07224 -4.17212 -1.64093 0.310566 0.720034 1.67537 1.72223 -0.288761 -1.45081 -0.207315 0.1377 
2.11809 -5.16714 -4.11555 -0.266939 -0.802706 2.0828 3.97243 -0.0202311 -0.698618 -0.601978 -0.268132 -0.00201044 
1.87024 -4.69758 -3.5984 1.17332 0.759206 2.23292 4.65091 -0.269312 0.151176 -0.9625 0.0386473 0.175343 
3.44768 -3.29395 -2.08005 2.75633 2.60307 2.65308 4.7198 -1.09122 0.430238 -0.704847 0.380264 0.20954 
3.98609 -0.627604 -0.343289 1.52515 3.60956 2.06604 3.65096 -0.0121534 -0.0667228 -0.118621 -0.0704048 0.113881 
5.32402 -1.01362 -2.82411 2.65798 3.8977 0.202098 3.41967 0.684575 0.513072 -1.12272 -0.144935 0.115872 
3.96362 -0.375488 -1.98683 1.42585 3.61095 1.61542 2.32013 1.42315 -0.0917272 -0.679639 -0.225064 0.0737913 
3.71553 -0.0370852 -0.21285 2.41941 3.22623 1.64794 2.26948 1.15027 -0.535952 -0.405879 -0.124267 0.0981425 
4.73588 -0.112139 -0.997495 1.58843 4.72068 0.621291 3.29387 1.19326 -0.363133 -0.151005 -0.3388 0.131975 
3.84515 1.13044 -0.450157 1.00029 2.75137 2.13613 2.56798 1.19688 -0.186295 -0.345945 -0.205935 0.0443553 
3.88235 1.64992 -0.156653 0.636379 2.83006 2.59476 2.5459 0.866934 -0.186385 -0.0949122 -0.242502 0.0236479 
4.51425 1.15925 -1.13865 1.05144 3.85946 2.431 2.62585 0.994871 -0.391826 0.0677086 -0.188104 0.053196 
4.80958 1.42417 -0.767098 0.731877 3.91271 2.85609 2.5574 1.15724 -0.710007 0.223707 -0.12949 0.050882 
5.61621 1.77411 -2.04074 1.38273 4.60423 1.52593 3.26802 1.3498 -0.0736677 -0.0456165 -0.39701 0.106486 
3.72853 1.00085 -0.369395 0.971384 2.98848 2.6279 1.75223 1.11464 0.067665 -0.320097 -0.0995131 0.037714 
3.73185 1.66386 -0.064713 0.781429 2.99944 2.80617 1.9364 0.79252 -0.0660962 -0.216131 -0.22295 0.0142842 
4.54161 1.51609 -1.17349 0.627927 3.29167 2.65238 1.80374 0.822992 0.332086 -0.149329 -0.205062 -0.0435067 
4.23546 1.4966 -0.453276 0.685009 3.19688 2.5136 1.83948 1.27067 0.209452 -0.0517637 -0.313639 -0.0485247 
3.97938 1.08043 -0.385319 0.580669 2.32005 2.73802 2.1389 1.28655 0.270047 -0.126909 -0.26216 -0.0452925 
3.93668 1.51737 -0.419847 0.516079 2.24232 2.62936 2.24099 0.930691 0.0422591 -0.192901 -0.189144 -0.0149676 
3.86422 1.56806 0.206171 1.18968 2.94158 2.54593 1.56004 0.97059 0.116705 -0.30951 -0.268526 -0.0137635 
4.45822 1.65395 -0.490301 0.271815 3.04707 3.13785 2.05057 0.914588 -0.281172 -0.0709199 -0.19954 -0.0112682 
5.29195 1.51107 -1.31992 0.381206 3.07534 2.88365 2.06644 1.127 -0.0517611 -0.135748 -0.213528 -0.0296251 
4.98885 0.74838 -1.01263 0.315519 2.51262 2.6102 2.12724 1.53229 0.0747783 -0.215899 -0.166786 -0.0137307 
5.2963 0.497255 -1.42053 0.551015 2.83313 2.53649 1.6298 1.35287 0.710439 -0.234062 -0.191293 -0.00419029 
5.78449 1.77183 -4.69687 0.203924 3.58772 1.76453 2.61864 1.4888 1.27417 -0.139308 -0.452648 -0.0281339 
4.81469 1.4222 -1.33328 -0.138421 2.17703 2.38703 1.7616 1.73747 0.858597 -0.0723148 -0.0901755 -0.031 
4.30247 1.6316 -0.573177 0.225007 2.32027 2.81872 1.8472 0.932167 0.41478 -0.00941909 -0.20231 -0.0511686 
4.32839 1.59954 -0.87274 -0.336454 1.98165 3.11343 2.44848 1.13816 0.260794 0.0266577 -0.0229162 0.00930688 
5.29788 1.7059 -1.50399 -0.694971 2.25867 3.404 2.43128 1.23223 0.398109 0.113047 0.00585389 -0.0156785 
4.70015 1.94536 -0.601192 -0.0935577 2.43969 3.6523 2.56384 1.00093 0.257896 0.13346 -0.0368686 0.0293301 
3.91332 2.0369 0.408535 0.637379 1.9858 2.677 2.18242 1.36162 0.897469 0.489317 -0.105839 -0.00721695 
3.98858 2.72734 1.38895 1.22574 2.0033 2.13997 1.55736 1.38874 1.45051 0.825162 -0.295129 -0.0606529 
3.75443 3.16752 2.52974 2.07577 2.11858 2.11856 1.91634 1.66675 1.02983 0.192891 -0.321792 -0.0291455 
2.96644 2.5223 2.40619 2.3769 2.27302 1.88329 1.22824 0.891099 0.727532 0.523503 0.285252 0.0813034 
2.84124 2.25259 1.97603 1.78267 1.89928 1.91706 1.62245 1.02475 0.676292 0.67158 0.486737 0.0962645 
2.75383 2.07881 1.7716 1.7803 1.9836 2.01063 1.29922 0.724583 0.664721 0.702233 0.582879 0.0887526 
2.88495 1.94621 1.59212 1.5167 2.3123 1.99753 1.2158 0.723611 0.74268 0.74905 0.675918 0.0979398 
2.79939 1.93888 1.96467 1.75428 2.29964 2.20217 1.64098 0.639995 0.631531 0.982369 0.790459 0.109606 
2.68546 1.71679 1.8618 1.57621 2.11345 2.03447 1.42536 0.189236 0.40775 0.829547 0.588647 0.076508 
2.71409 -0.0408282 1.54839 1.30467 2.41271 0.996641 0.660261 -0.324892 0.487642 0.596032 0.356822 0.0285732 
2.70709 0.344572 -1.27017 1.38681 0.514642 0.882974 1.58356 -0.533092 0.0628938 0.349105 0.4121 -0.0475517 
3.98556 0.493287 -2.02512 -1.13556 1.53185 1.09492 3.21869 0.812462 -0.94867 -0.736605 -0.237487 0.00238646 
3.31455 -0.308541 -1.98266 -0.728098 2.46948 0.995732 1.43784 -0.960958 -0.867991 -0.559255 -0.339505 -0.12622 
4.13321 0.62903 -2.11979 -0.627511 1.96863 1.57642 1.15873 -0.232231 0.665292 -0.463206 0.078016 -0.0980108 
3.99461 0.701198 -0.719165 -0.754924 1.08533 0.558787 0.0621802 -0.252934 1.19339 0.246619 0.229511 -0.164334 
3.3551 0.578953 -0.630861 -1.12707 -1.17596 1.88687 0.512835 -0.225759 0.966564 -0.597687 0.426749 -0.0459121 
3.05272 0.483435 -0.43956 -2.01473 0.0993979 0.66982 1.06231 0.406409 0.22381 0.267362 0.443405 -0.0726546 
2.63515 0.671688 0.119745 -1.3969 0.0881605 -0.202242 0.745067 -0.129974 0.495432 0.119149 0.247433 -0.223943 
2.05557 0.114423 0.766674 -1.32185 0.190166 -0.271031 0.13747 0.246668 1.17403 0.356532 0.201964 -0.156723 
2.23952 -0.0690289 0.972011 -1.09165 -0.40645 -0.0932456 0.0564604 -0.130358 0.651893 0.108847 0.266476 -0.0940491 
2.00183 -0.0760987 0.603532 -0.650982 0.0484998 0.278807 0.0416619 0.447893 0.525044 0.0696698 0.356343 -0.0837176 
1.45032 -0.0796455 0.65445 -0.251652 0.274101 -1.00757 0.0990334 -0.328748 0.278434 0.0778508 0.100747 0.0186153 
1.40242 -0.453639 1.01636 -0.157198 0.601624 0.430171 0.295315 -0.877685 0.358543 0.0347442 0.198208 0.0110612 
1.45056 -0.406129 0.777474 0.356921 0.988157 -0.146119 -0.343709 -0.902784 0.172695 -0.141771 0.361553 0.090544 
1.47447 -0.577474 0.774254 -0.254688 0.971738 0.142119 -0.233239 -0.915634 0.278815 0.36027 0.500445 0.0633796 
1.64467 -0.495431 0.389241 0.190807 1.21359 -0.81515 -0.0404008 -1.28537 -0.35776 -0.0932048 0.56367 0.000160441 
1.88264 -0.538659 1.2746 0.55722 0.693349 0.201455 0.352468 -0.950089 -0.0664952 0.291315 0.573959 -0.0121045 
