1.87134 0.615277 1.10616 0.0690568 1.78697 0.30305 1.58026 0.0173485 0.0408178 -0.0246534 0.0706845 0.0371176 
1.68365 0.57811 1.40605 0.1092 0.696307 -1.6526 0.669774 0.832453 -0.666542 -0.255367 0.0833792 -0.00153493 
2.53637 -2.22174 2.10699 -2.15552 0.689695 1.3411 1.54409 1.31815 -0.614823 0.288571 0.163795 -0.0649458 
1.9233 -2.12182 1.48043 0.471113 1.40217 0.588186 2.45699 2.12175 -0.816012 0.00704082 0.0358775 -0.0323034 
2.33946 -0.331283 1.62258 2.08418 1.50787 -1.13397 2.81236 3.91515 -0.179934 0.270599 -0.104808 0.0802475 
2.20752 0.848902 2.16329 0.763247 1.82723 0.225119 1.62394 3.39161 -0.488008 0.878814 0.0692717 -0.0714601 
2.45528 0.457683 2.57417 0.733918 3.0332 -0.307234 1.0767 2.04809 0.594077 0.534632 -0.182701 0.0208923 
2.08535 1.2646 2.33337 0.0914058 1.6301 1.01342 0.993853 -0.392695 1.12156 0.393485 -0.103124 -0.017773 
1.96794 0.63891 1.74301 0.251641 0.877756 -0.104542 0.981747 -0.602862 0.707503 -0.7134 -0.223308 0.105833 
2.02293 0.949218 1.64317 -0.432867 1.47658 0.311144 1.14782 -0.508273 0.817321 0.145432 -0.101605 0.0205274 
2.19829 0.627266 1.93579 -0.199593 1.61326 -0.00631499 1.04696 -0.59394 0.295329 0.246995 -0.00218212 0.0342005 
1.87771 0.63485 1.40606 0.0022715 0.988044 -0.00285348 0.476763 -0.623486 0.14379 0.0256138 0.118949 0.0310769 
1.7665 0.63196 1.37788 -0.294413 0.734946 -0.254105 0.0962281 0.286681 0.811477 -0.0955383 -0.0192702 0.0233788 
2.40865 1.10119 1.4362 0.548141 1.68835 -0.0210463 1.00528 -0.0566786 0.118217 -0.0872627 0.279909 0.0335884 
1.98223 0.942062 0.954643 -0.406 0.965873 0.127556 0.833023 -0.230561 0.746312 0.458209 0.15166 0.0460865 
1.73224 0.640413 1.61466 0.0233978 0.46115 0.44067 0.794333 -0.230545 -0.0743207 0.0580959 0.192369 0.0337556 
1.88684 0.640808 1.57919 -0.470367 1.26283 -0.133745 -0.213998 -0.251226 0.413173 0.0713128 0.389959 0.0916899 
1.96507 0.490367 2.08882 0.413461 0.673081 0.00488067 0.617044 -0.874637 0.630807 0.11689 0.0738817 0.0810158 
1.81711 0.288948 1.3419 -0.623918 1.04351 -0.172963 0.924081 0.00834858 0.41124 0.030243 0.24488 0.106558 
1.90983 0.754399 1.44812 -0.570666 1.09138 -0.257532 0.54064 -0.618032 0.324693 0.0744143 0.219837 0.0086127 
1.90817 0.705017 1.1809 -0.641245 0.709946 0.49935 0.33392 -0.479508 0.462878 -0.00611472 0.276812 0.0368409 
1.56768 0.5715 1.02911 -0.34645 0.663532 0.356596 0.331296 0.119428 0.3769 -0.203769 0.243098 -0.0131034 
1.68243 0.437947 1.1273 0.522104 0.975718 0.00733911 0.347198 -0.475639 0.676116 0.103561 0.1079 0.0438619 
1.70848 0.629183 1.50987 -0.343886 0.196791 -0.147298 0.703046 -0.391193 0.182344 0.0261104 0.0530893 0.0114637 
1.97705 0.660706 0.946681 -0.217422 0.0347213 0.462667 0.88593 -0.803166 0.389188 -0.0375727 0.216987 0.0652557 
1.799 0.416337 1.19937 -0.473369 -0.106201 -0.553831 1.10525 -0.260967 0.107859 0.00426712 0.104405 0.0837281 
2.19591 -2.25253 -3.0187 -0.189128 1.6054 1.32882 0.686301 0.690838 -0.00779585 -1.23111 -0.02393 0.105023 
1.99175 -5.14165 -3.87516 1.18994 0.734313 1.77206 4.26406 0.512397 -0.898278 -0.531868 0.138249 0.0828382 
2.14421 -4.49002 -3.9601 1.9017 -0.234898 0.569312 4.31387 0.428477 -0.103786 -1.13838 0.0727225 0.0268754 
1.62463 -4.16721 -4.1041 0.58311 1.83689 0.304748 4.77008 0.224337 -0.557887 -0.588189 -0.0142097 0.127549 
2.59877 -2.87077 -3.52186 0.570495 2.42922 0.815475 3.69487 -0.239604 -0.487194 -0.805246 0.307075 0.160288 
2.27803 -2.18718 -1.73164 2.8966 3.7025 0.317332 3.2999 -0.396108 -0.496422 -0.271762 0.290203 0.168119 
4.02305 -1.23066 -1.61337 1.94951 4.89786 -0.161115 3.58993 1.28712 -0.311995 -0.475862 -0.356179 0.203993 
3.44212 0.0682873 -0.846589 1.36526 2.83462 1.51477 3.14174 1.1332 -0.349851 -0.499608 -0.314083 0.00571856 
4.21645 -0.990229 -2.65763 2.04349 3.7294 0.877761 2.80647 1.1614 0.0322971 -1.02922 -0.204889 0.112687 
4.63044 0.114825 -2.16054 1.93641 3.70627 0.842317 2.69727 1.11163 0.0664789 -0.719919 -0.219137 0.118612 
4.59496 0.173294 -1.4125 1.78864 3.67487 1.37063 2.65872 1.05894 -0.521626 -0.430893 -0.140666 0.0954375 
5.64603 0.362826 -1.58237 2.35233 4.12131 1.44059 3.44084 0.763945 -0.681626 -0.538254 -0.0812188 0.0796748 
4.38588 0.863815 -1.48175 0.688046 3.53217 2.43653 2.45318 0.471954 -0.656878 -0.248435 -0.177589 0.0314648 
3.94526 0.84527 -0.913189 0.831307 2.78573 2.21505 2.38821 0.899691 -0.592993 -0.413445 -0.225009 0.0137874 
3.47316 0.274759 -1.04558 0.995981 2.46379 2.47424 2.01092 0.675636 -0.376662 -0.513259 -0.0655935 -0.00785426 
4.9138 -0.888953 -2.47556 0.896725 3.76968 1.29388 2.58365 1.09704 -0.286738 -0.721773 -0.266464 0.0562262 
4.2135 0.434341 -1.2576 0.869497 2.7309 1.93652 2.66932 1.06538 -0.550219 -0.39946 -0.18558 0.0175185 
4.34154 -0.524884 -2.94535 0.244092 4.71619 1.89948 2.05482 1.41282 -0.262615 -0.637662 -0.393091 0.0440487 
4.92246 -0.0681747 -3.63766 0.0388795 4.68406 1.67048 2.52159 1.27181 0.0242221 -0.651618 -0.583978 0.0341777 
4.33728 0.043337 -2.56993 0.23085 3.31402 2.33872 1.88138 1.40141 0.480276 -0.895575 -0.380523 -0.0440914 
4.4551 -0.0954039 -2.94508 -0.0419432 3.30271 2.83952 1.86934 1.73554 0.599617 -0.94752 -0.373302 -0.0319337 
5.2331 -0.285504 -3.18606 -0.546851 3.61377 2.88928 2.10894 1.92373 0.657312 -0.722759 -0.483776 -0.0369816 
5.04322 -0.0801518 -2.88767 -0.375588 3.2332 2.61733 2.04063 2.28739 0.732433 -0.74127 -0.461423 -0.0238572 
5.06945 0.185029 -2.87793 -0.871871 3.00926 2.84672 2.02138 2.18773 0.632529 -0.69514 -0.421804 -0.0613659 
6.70729 -0.557806 -2.8255 -1.46921 3.39291 2.22718 1.97473 2.47573 0.696958 -0.597295 -0.733457 -0.133965 
5.56957 0.641313 -2.59309 -1.95731 3.43712 1.99919 1.75281 2.71712 0.535759 -0.421668 -0.634549 -0.182932 
6.18532 1.04418 -2.96947 -2.52705 3.85601 1.7633 2.19621 2.95923 0.172209 -0.0439386 -0.760804 -0.198605 
4.85995 0.803072 -0.631646 -2.53885 2.45707 3.11929 2.19489 2.43845 -0.156014 -0.517115 -0.219594 -0.145527 
4.07038 1.18916 -0.61622 0.359782 2.03747 2.27872 1.72852 1.69535 1.42638 0.253966 -0.325914 -0.172582 
5.03586 2.32232 -0.612972 -0.422537 1.27777 2.19387 2.33792 2.29737 1.41909 -0.0991151 -0.185055 -0.0942625 
4.27732 2.2636 0.317652 0.0451878 1.05582 1.69407 2.03629 1.80203 0.981102 -0.0941101 -0.347249 -0.135253 
4.27144 2.50259 0.361157 -0.663021 0.0865066 1.5329 2.27589 1.72289 0.775407 -0.126513 -0.385083 -0.174263 
4.08092 2.64927 0.75962 -0.0670281 0.278763 1.3232 2.19713 1.53245 0.839007 -0.0528317 -0.449645 -0.173898 
3.29502 2.42475 1.20167 -0.364861 0.692559 1.39814 2.12001 1.19538 0.729346 -0.301445 -0.522466 -0.148146 
2.6644 2.29387 1.45657 0.988274 1.09368 1.15994 1.33696 0.409129 0.297334 -0.571049 -0.281655 -0.073706 
2.82894 2.10977 2.72384 0.0769249 0.933992 1.21533 1.9278 0.0494419 0.493712 0.0091062 -0.45361 -0.00873027 
2.32644 1.96249 1.92652 0.633358 0.814939 0.959817 1.77942 0.187384 0.256529 -0.7691 -0.0888585 -0.0203277 
2.67074 -0.56515 -2.92424 -2.02455 0.410065 1.98671 1.74617 -0.0459203 -0.643243 -0.81705 -0.0771783 -0.0411117 
3.46067 0.817471 -2.06881 -1.14452 0.999428 2.24651 1.3415 0.567307 0.425744 0.222276 0.283964 -0.119472 
3.72598 0.699217 -1.5312 -0.886426 1.24252 2.01519 0.971472 0.043023 0.6878 0.432481 0.295003 -0.099877 
3.64012 1.8094 -0.324141 -0.873151 1.22651 2.97201 1.20251 -0.00759213 0.979407 0.528515 0.50119 0.0617689 
2.6426 0.940998 -0.147827 -1.53236 0.614189 1.95379 1.9996 0.913156 0.955931 0.442354 0.425749 -0.0812598 
2.41984 0.897329 -0.411573 -2.613 1.09246 1.59632 1.14551 -0.000943273 0.865462 0.295115 0.309615 -0.125943 
1.81313 0.543284 0.302253 -1.00869 -0.488452 1.05907 1.76198 0.983938 1.50227 0.441445 0.186708 -0.0978915 
1.75595 1.00189 0.89681 -1.46526 -0.442803 -0.0761125 0.745019 1.06736 0.97459 0.282299 -0.0998359 -0.065147 
1.30921 0.433833 1.57041 -0.34764 0.2479 0.435724 1.09761 -0.313803 0.122925 0.0414236 0.129369 -0.0258454 
1.23312 0.804339 1.06527 -0.769532 0.537614 0.109872 1.09158 0.0113609 0.423552 0.140475 0.228062 0.0206015 
1.40417 1.05218 1.65754 -0.151189 -0.349736 -0.286979 0.770312 -0.0402599 0.955082 0.0847415 -0.0513089 0.0591655 
1.44692 0.689167 1.94911 0.309404 0.39791 -0.245143 0.509228 -0.200393 0.567876 0.129454 0.0421273 0.0817439 
1.48692 0.736942 1.47575 0.222376 0.219703 -0.367695 0.171169 -0.182852 -0.0138892 0.541854 0.213126 0.0259944 
1.17668 0.773658 1.71772 0.282105 -0.117913 -0.362356 0.406363 -0.181615 0.38015 0.0552154 -0.0116401 0.0484314 
1.20451 0.849749 1.50555 -0.328254 0.789083 -0.12838 -0.0226547 -0.781322 0.514086 0.288905 0.0682484 0.0799123 
1.4168 0.672999 1.57605 0.0322394 -0.240693 -0.888566 0.423088 -0.555083 0.485816 -0.0339705 0.326905 0.11223 
1.22768 0.185479 1.45976 0.136155 0.680333 -1.23205 -0.183211 -0.342858 0.0451165 -0.101901 0.00382859 0.0187327 
1.41173 1.07536 1.46657 0.247832 -0.552554 -0.857689 0.446074 -0.600794 0.941344 -0.118986 0.154415 0.0976808 
1.35069 0.67502 1.35184 0.415138 -0.266647 -0.0881471 -0.356278 -0.350871 0.504427 -0.0703672 0.0306073 -0.063878 
1.29198 0.510798 1.63805 0.207531 0.673243 0.0372255 -0.656593 0.240555 -0.177231 -0.183131 0.0567271 0.0124717 
1.45723 0.5999 1.21441 -0.327036 0.574109 0.0456569 -0.56202 -0.365113 0.0496265 -0.117198 -0.0313877 0.0689441 
1.33728 1.10826 1.47371 0.203313 0.776587 0.00907325 0.284898 -0.068207 0.617749 -0.0211468 0.219208 0.0668114 
