1.75803 -0.0179508 1.79788 -0.750241 0.660893 0.293138 0.760351 -0.0456883 0.873252 -0.0471322 0.181405 0.056307 
1.62897 0.653518 1.6502 -0.576556 1.09509 -0.0904247 1.05063 -0.703741 0.165289 -0.149792 0.213229 0.0892114 
1.64133 0.314646 1.47156 -0.886861 0.681485 -0.216582 0.509814 -0.183327 0.091815 -0.615326 0.015099 0.00903519 
1.97946 0.32661 1.33682 -0.529255 1.02003 -0.265311 0.913584 -0.0275649 -0.169775 -0.109527 -0.181443 0.0226247 
1.80347 0.0508239 1.09418 -0.0317553 0.230338 -0.468931 0.0925573 -0.947738 0.477598 -0.510214 -0.166936 0.0508567 
1.76037 -0.0396826 1.71494 -0.317969 1.29149 -0.113036 0.226268 -0.853231 0.0537005 -0.0849202 -0.017392 0.00885448 
1.40152 -0.269031 0.98863 0.0939822 0.160002 0.0884213 0.221538 0.0646111 0.795855 0.0680377 0.0756032 -0.0812971 
1.60474 -0.139749 1.92671 0.0660206 0.752101 -0.553721 0.0302508 0.4493 0.91554 -0.143391 0.0455668 0.0130629 
1.67893 -0.169043 1.12502 -0.562337 1.39888 0.0169491 0.171002 -0.0353043 0.245139 -0.252655 -0.0746944 0.0201733 
1.35992 0.0333681 1.86148 -0.356646 0.888333 -0.418849 0.547281 -0.361574 0.193559 -0.455209 0.118464 0.0808658 
1.44405 0.163019 1.71951 -0.0343871 0.766805 -0.422011 1.0704 -0.0610834 0.629995 -0.781846 0.228421 -0.00622435 
1.51602 0.149153 1.95395 -0.96412 0.410823 -0.979335 0.473004 -0.441358 0.247165 -0.58556 -0.0181576 0.0630313 
1.77312 0.387639 1.55285 -0.4106 0.916653 0.270152 1.04239 -0.191781 -0.292457 -0.0317205 -0.0112733 -0.00782644 
1.86301 0.591029 1.57268 -0.201154 1.07618 0.130644 0.523469 -0.15394 0.347237 -0.0186493 0.025688 0.00287488 
1.74781 0.0239645 0.299114 0.379881 1.9608 1.36752 0.754081 -0.523537 0.266844 -0.613245 0.376267 0.16437 
1.1181 -0.436201 -5.42196 2.84625 2.86058 0.862592 1.26349 0.749131 0.736883 -1.16098 0.00615772 0.0748988 
1.71222 -0.0979825 -5.69312 3.88177 3.59246 1.81856 2.09376 0.590499 0.500389 -0.976398 0.213497 0.108438 
2.07014 0.902616 -3.41015 3.00919 3.72176 1.3438 1.65593 -0.0324468 0.05918 -0.617297 0.0967173 0.0981027 
2.25934 1.46058 -2.23641 4.17796 3.23649 1.31033 1.74944 0.309555 0.700562 -0.890094 -0.0857467 0.0548755 
2.55972 1.75728 -2.02963 4.08827 4.41071 0.865827 1.75784 0.292034 0.645747 -0.60958 -0.188141 0.128492 
2.83365 2.12059 -0.941277 4.34603 3.35682 1.6124 2.16854 0.370632 0.526632 -1.01118 0.312573 0.0684999 
2.66567 1.91285 -0.493093 4.95623 3.49688 1.2168 2.19124 0.464613 0.870694 -0.868163 0.0511385 0.0664748 
2.89852 1.52946 -0.0892853 3.99015 2.56709 1.3576 2.21281 0.903354 0.54294 -0.764401 0.0236878 0.0700925 
3.09448 1.69052 -0.0274925 4.14696 3.74841 0.577142 2.21543 0.467278 0.999708 -0.647428 -0.063959 0.0641035 
3.49644 1.43451 -0.866822 5.61346 2.84828 1.44311 3.61277 0.823077 0.607416 -1.04734 0.108221 0.0340106 
3.17545 1.48896 -0.927391 3.22573 3.68156 1.95236 1.7903 0.412401 0.689654 -0.635853 0.158366 0.0720872 
3.21731 1.25449 0.407287 2.36534 3.24872 2.16754 2.25509 0.871507 0.291087 -0.781307 -0.282839 0.092489 
3.2399 1.49868 0.194475 2.86312 2.89435 1.86869 2.54085 0.800533 0.505569 -1.03427 -0.199144 0.072591 
3.61869 1.88826 -0.854542 3.96494 2.20368 1.70283 2.392 0.638823 0.461747 -1.18126 -0.0617584 -0.0147329 
3.16412 1.61262 0.680829 3.173 3.18695 1.36718 2.19813 0.498576 0.59655 -1.15627 -0.183445 0.0534028 
3.30418 1.89781 0.184151 3.21712 2.9658 1.23169 2.27991 0.840881 0.391905 -1.23287 -0.134177 0.0531916 
3.20302 1.76727 0.432613 3.66069 2.78235 1.13159 1.80481 1.21014 0.205831 -0.966641 -0.189462 0.0658503 
3.07625 1.69123 1.30083 2.78856 2.34094 1.42821 1.77282 1.02086 0.100467 -0.686554 -0.107552 0.0367839 
3.34 1.68963 0.737048 1.80637 2.34892 1.89276 1.35642 0.737584 0.0905832 -0.290894 0.00894694 0.032476 
3.3176 1.69811 1.0585 2.32988 2.30734 1.46147 1.7823 1.01561 0.208526 -0.490701 0.192523 0.0865538 
3.96473 1.5941 0.878187 2.63177 2.44904 1.96311 2.46749 0.851753 -0.456575 -0.322221 0.0888532 0.0887059 
4.03518 1.61931 0.630915 1.75687 1.63551 1.41188 1.99959 1.19044 0.519969 0.035594 -0.216823 -0.0503548 
4.89888 2.08888 0.646935 1.86224 2.117 2.38841 2.8185 1.13052 -0.731825 0.0110062 -0.0693169 0.0218336 
3.901 2.83095 1.86006 1.76086 2.29533 2.63417 2.14974 1.08516 0.252966 -0.0425888 -0.243715 -0.011105 
3.51547 2.76729 1.9873 1.6103 1.70083 1.8844 1.71531 1.18527 0.571868 0.140495 -0.144506 0.00112571 
3.02736 2.55876 2.21822 1.77504 1.49868 1.51691 1.52044 1.23751 0.86246 0.433323 0.148355 0.0632864 
3.13994 2.748 2.51586 2.25862 1.88794 1.56031 1.31847 0.966627 0.624185 0.309737 0.0759534 0.0461286 
3.35413 3.08339 3.02775 2.77845 2.42963 1.97988 1.55477 1.00632 0.519676 0.185422 -0.0641965 0.0185245 
2.95653 2.55596 2.42795 2.26168 1.93044 1.69778 1.33112 0.892593 0.625321 0.335872 0.110576 0.0592554 
2.81593 2.37466 2.19773 2.08258 1.85522 1.60339 1.39378 1.07979 0.793373 0.579519 0.339438 0.0880915 
2.76879 2.2797 2.36328 2.09619 1.79956 1.88998 1.55882 1.25366 1.107 0.777061 0.46643 0.108871 
2.65846 2.12864 2.13758 1.85698 1.70141 1.6752 1.38905 1.1781 0.948365 0.674187 0.410802 0.0840471 
2.24505 1.95289 3.67213 1.32956 0.868726 2.52559 1.88492 0.55366 0.89216 0.792387 0.42059 0.0725016 
2.41649 2.05688 2.62428 1.36302 0.927698 1.67916 2.21557 0.663351 1.34564 -0.0270675 0.58181 0.0664637 
3.98062 0.352007 -2.37103 -0.684042 1.20155 1.67739 3.15725 0.828281 1.15525 -1.21052 0.0336074 -0.00732461 
4.00048 0.424504 -1.01806 -0.144546 0.951029 1.5832 2.60896 0.774023 1.64826 0.0451656 0.405393 0.0476557 
3.54691 1.38111 -1.02837 -0.27077 1.90263 2.18532 2.16177 0.987006 1.05208 0.438455 0.285553 -0.00153136 
5.24517 1.10546 -2.35401 -2.28597 2.18793 2.84988 1.70963 0.497282 1.21621 0.24984 0.392181 0.0343149 
3.33198 -0.639575 -2.90363 -2.09882 1.49994 2.20271 1.7802 0.597237 0.324695 0.476546 0.148104 0.00899523 
3.47475 -0.517507 -1.33604 -3.05039 0.673435 2.15977 0.675217 0.14441 1.71684 0.661165 0.515424 0.0894269 
3.53763 0.376482 -0.891646 -1.97487 0.831201 1.51036 1.77629 0.775032 1.13026 0.233268 0.619758 0.0880417 
2.74338 0.413669 0.902786 -0.887543 0.572306 1.00041 1.33338 1.60197 1.30068 0.778073 0.723561 -0.0718126 
1.67058 0.439437 2.15087 0.562668 1.32435 0.393244 1.37779 1.02473 0.895522 0.55347 0.0730461 0.0215504 
1.48607 0.131134 1.29567 1.58302 1.31226 -0.187496 0.160705 0.865926 1.21486 0.00108374 0.0687346 0.0648161 
1.4793 -0.230194 1.1018 0.922159 1.27106 -0.418899 -0.392311 0.110037 0.487929 -0.218479 -0.083533 0.0540495 
1.53353 0.638597 1.52768 -0.380202 0.139587 -0.481123 0.320284 0.54906 0.469774 0.27306 -0.0961689 0.0590166 
1.64852 0.81809 1.29354 0.397588 1.35017 0.580176 -0.360257 -0.312296 0.970723 -0.277032 0.0576175 0.121843 
1.54446 0.624568 2.12718 0.24593 0.295868 -0.0507272 0.366072 0.255736 0.395623 0.0907113 0.195416 0.0960871 
1.27747 0.819023 2.59508 0.107845 0.873677 0.16764 -0.00799331 0.396427 0.436093 -0.0628791 0.27548 0.04177 
1.45854 0.574045 2.23232 0.179883 0.284853 -0.14766 0.259288 -0.520178 0.227303 -0.0602328 0.193327 0.0191643 
1.47302 0.554733 1.69858 0.625897 0.496594 -0.186094 0.0100693 -0.608399 -0.0396259 -0.460368 -0.0766856 0.0396522 
1.19265 0.643677 1.70251 -0.0399934 0.262846 -0.381361 0.37858 0.394068 0.238704 -0.556935 0.434849 0.0524996 
1.53624 0.536416 2.19911 0.554792 0.991344 -0.632384 0.277219 0.0489443 -0.126493 0.540135 0.296857 0.0042574 
1.28308 0.39066 1.36786 0.561574 0.866495 0.867206 -0.678586 -0.660773 0.48683 0.228601 0.0835953 -0.012395 
1.42006 0.621515 1.67347 0.65852 0.317849 0.19384 -1.01053 -0.228692 0.173216 0.0110182 0.0856787 0.0416354 
1.11288 0.841445 1.51166 0.0840491 0.862415 0.00212557 -0.31497 -0.538771 0.761477 0.367609 0.0388743 0.00237308 
1.44067 0.739479 1.93466 -0.247557 0.237048 0.310744 -0.384008 -0.800782 0.407776 -0.272394 0.166459 -0.00177179 
1.5158 1.4373 2.64124 1.56317 1.90547 0.227346 0.815414 0.49875 1.09136 0.0103792 0.24205 0.0217804 
1.52412 0.97202 1.87038 0.873406 0.671586 0.76673 -0.147 -0.599783 0.153099 0.153894 0.366988 -0.00717802 
2.02793 1.27629 2.59324 0.509569 1.60691 0.382184 0.505243 0.0473957 0.341519 0.514361 0.257465 0.0376952 
1.77653 1.4499 2.28109 0.517925 1.35856 0.772913 0.992806 0.449101 0.650806 0.421708 0.208986 0.0629323 
1.4386 1.17352 1.88296 0.591735 1.67782 0.694745 0.755176 -0.283319 0.30843 0.0367616 0.111379 0.0489176 
1.26155 0.916211 1.56347 0.330692 1.11565 0.687657 0.852787 -0.34723 0.703697 0.0712987 0.241945 0.0621366 
1.39891 1.25236 2.03691 0.155192 1.6765 0.0328529 0.586943 0.258961 0.331889 0.438969 0.135601 0.030778 
1.37713 0.928311 1.50407 0.554258 0.838433 -0.0387581 0.644133 0.0332648 0.0455643 -0.0492292 0.294212 0.0403447 
1.37018 0.215591 1.80421 0.0573077 0.455944 -0.138217 0.461322 -0.0871526 -0.00223553 0.0467939 0.0616949 0.0438049 
1.28234 0.629392 1.82651 -0.34903 0.508422 -0.284851 0.182595 -0.162107 0.559821 -0.419161 0.363468 0.0840178 
1.01522 0.577904 1.5288 0.00688568 0.514648 0.367765 0.502127 -0.0731801 0.276625 -0.243571 0.264995 0.0131329 
1.26762 0.292788 1.70573 0.0392114 1.17289 -0.0488772 -0.212461 -0.512242 0.0852408 -0.00257947 -0.266547 0.00857652 
1.34593 0.424917 1.3659 0.111827 0.611583 0.692334 0.885209 0.147488 -0.0986735 -0.15674 0.344878 0.0069146 
