1.94606 -2.34597 1.5751 0.738174 -1.10202 -0.823562 1.92597 0.0456744 -0.711398 0.0310931 -0.0204053 0.101116 
1.09747 -5.25439 2.52091 3.52945 -1.51682 0.739285 3.8575 0.0728402 -1.02717 -0.577371 -0.242031 0.0114386 
0.476407 -4.77138 1.94557 4.35909 -0.0328675 1.32796 3.1838 -0.197781 -0.933475 -0.691235 0.0925725 0.080612 
2.59438 -4.84169 2.15589 3.12707 1.05081 0.340971 3.9952 0.604895 -0.920785 -0.438334 -0.459287 -0.0192531 
2.01679 -3.38838 1.50777 1.37668 -0.0811928 0.846989 2.77044 0.0770766 -1.13334 -0.169879 -0.196075 -0.119687 
2.22555 -0.823945 1.40752 -0.255173 0.738151 1.20566 2.71163 -0.205557 -1.33066 -0.159162 0.237867 -0.0144246 
2.00273 -0.143221 1.99304 -0.57792 0.376481 0.751408 2.23584 -0.707591 -1.84848 -0.302768 0.669243 -0.00148552 
2.3175 0.191235 1.92578 -0.93839 0.820675 1.58058 1.28099 -0.854908 -0.817829 -0.537081 0.324331 0.0504051 
2.16789 -0.0806586 0.928678 -1.43583 2.21327 0.552628 -0.1663 -0.685278 0.797406 -0.325219 -0.00280063 0.120747 
1.82296 0.400999 0.813193 -0.977008 1.23159 0.124767 -0.201903 -0.580221 0.285922 -0.161106 0.187153 0.164475 
1.91679 0.562536 1.43078 -0.598113 1.37441 -0.314711 -0.499481 -0.39863 1.26596 -0.159174 0.0415557 0.0651768 
1.75121 0.677163 1.10051 -0.783211 1.13351 0.518548 0.505008 -0.808625 0.262626 0.0304447 0.25567 0.131562 
1.6853 0.760292 1.3658 -0.569879 1.33347 0.663466 0.348494 -0.514604 0.8507 -0.097122 0.221912 0.0986526 
1.81496 0.730359 1.41854 -1.0932 0.589183 0.571197 0.47979 -0.854196 0.13363 0.0562475 0.394447 0.0670414 
1.71927 0.561397 1.86468 -0.965531 0.655782 -0.121906 0.460614 -0.206629 0.568321 -0.30598 0.135133 0.0365411 
1.86855 -0.0155584 1.65273 -0.70033 0.51502 0.180517 0.2415 -0.123654 0.461152 -0.250115 0.307044 0.101733 
1.72727 0.378695 1.82454 -0.513897 0.944118 -0.246585 0.281318 -0.30926 0.54891 -0.121405 0.266412 0.0383019 
1.85826 0.0842038 1.4704 -1.37642 0.877748 0.27368 0.324467 -0.119924 0.307038 -0.433527 0.197486 0.101135 
1.86641 0.322861 1.53381 -0.544233 0.999946 0.914439 -0.104735 -0.616887 -0.0971793 -0.198649 0.162424 -0.0236885 
1.87165 0.454009 0.82013 -0.543532 0.644832 -0.311195 0.355877 -0.799558 0.861635 -0.177346 0.032645 0.00779587 
1.68922 0.0504966 1.16168 -0.511613 1.13284 0.265707 0.278364 -0.428635 0.682179 -0.461199 0.170985 0.0479036 
1.7261 -0.375258 -0.316904 -0.938317 0.474471 0.628163 0.765541 -0.0325037 -0.0755071 -0.830293 0.309117 0.208399 
2.66601 -1.64158 -2.23181 -2.19849 2.00793 2.50602 2.38916 -0.332667 -1.20911 -0.868357 -0.0590982 0.0880571 
2.93927 -2.1292 -4.13241 -2.73617 2.11906 3.70016 2.13057 -0.267386 -1.15126 -1.53861 0.0282208 0.159902 
2.29602 -3.80372 -4.32703 -0.677592 2.7326 2.69703 2.08284 0.425444 -0.945917 -1.42965 0.217201 0.266272 
2.01122 -4.6984 -5.14977 -0.298873 2.80427 2.17558 3.70295 0.188529 -1.4069 -0.649639 0.113234 0.20549 
0.808209 -4.88005 -5.60523 1.08415 2.56688 1.33178 4.13937 -0.275872 -0.771021 -1.06329 0.0269198 0.237922 
0.686077 -3.78582 -6.14933 0.909705 3.45523 1.53045 3.6637 -0.491098 -0.176856 -0.898665 -0.0444217 0.246798 
1.71845 -1.36769 -4.35372 1.21879 4.18129 0.864185 3.04187 0.353241 -0.0172362 -0.744483 0.149196 0.203028 
4.49866 -1.08173 -1.62092 1.89963 4.07305 1.01177 4.31746 -0.0468022 -0.288925 -0.399727 0.0158777 0.119166 
4.72356 -2.44029 -1.80399 2.26578 3.17068 1.42777 4.23879 0.148842 0.130382 -0.677646 -0.091599 0.0980884 
4.57918 -2.22218 -2.13431 2.44124 3.09031 1.99422 3.40835 0.49826 -0.141795 -0.832143 0.0272663 0.0998435 
4.92821 -2.44507 -1.94576 2.38816 3.36085 0.748592 4.10902 0.243605 0.149108 -0.679302 -0.106238 0.10184 
3.82117 -1.96238 -1.84774 2.09904 3.93833 1.31127 3.12613 0.397569 0.337759 -0.780759 -0.13234 0.100555 
4.82373 -2.26361 -2.44351 2.06632 4.79292 0.631985 3.76321 0.48385 -0.0137138 -0.783132 -0.169415 0.215496 
3.99596 -1.40178 -2.22114 2.1144 4.40224 0.994574 2.7109 0.82569 0.0546385 -0.728992 -0.151919 0.139725 
3.92845 -1.06756 -2.29869 1.9653 4.00196 1.0578 2.84442 0.946339 -0.0864404 -0.875086 -0.156169 0.127272 
4.02582 -0.984871 -2.23052 1.60423 4.18005 1.35339 2.48882 1.20499 0.00123957 -0.846383 -0.203129 0.129715 
5.36839 -0.976876 -2.9106 1.76278 5.62868 0.202653 3.0082 0.851383 -0.0862589 -0.684653 -0.428032 0.228118 
5.51926 -1.38496 -2.55136 1.49138 5.9473 0.193624 3.23286 1.07887 -0.248119 -0.475776 -0.40874 0.27887 
3.26612 0.050108 -0.554837 2.46333 3.40778 1.81544 1.85453 1.13621 0.211061 -0.448048 -0.177263 0.0927018 
4.25928 0.318205 -1.63511 1.5154 3.67962 2.07132 1.71411 1.06931 0.243828 -0.415859 -0.158033 0.0667775 
4.39599 0.0272459 -1.22165 1.63947 3.40351 1.48387 1.71376 1.86228 0.05034 -0.72306 -0.270275 0.114599 
4.19542 0.31655 -1.39775 1.3919 3.54308 1.63164 1.42668 1.42195 0.062837 -0.672603 -0.349867 0.044138 
4.36649 0.595671 -1.23834 1.04353 3.10489 1.90621 1.96111 1.32528 -0.396459 -0.613171 -0.187369 0.0741368 
5.49968 0.262347 -1.78063 1.9897 4.63237 1.35474 1.81564 1.60029 -0.172688 -0.511516 -0.403759 0.115017 
4.7679 0.818832 -1.06354 0.914178 3.17327 1.82726 1.85996 1.54507 0.0950565 -0.5084 -0.27934 0.0433408 
3.52674 0.856099 -0.623783 0.600865 2.30819 2.40329 1.80248 1.04777 -0.0297318 -0.552178 -0.18212 -0.00108551 
3.20707 1.13096 0.171072 0.995734 1.9541 2.06143 1.81357 1.15906 0.031277 -0.633075 -0.347063 -0.0165866 
4.64971 0.764832 -1.77653 0.248342 2.76237 2.27401 1.40584 1.45642 0.517681 -0.705807 -0.359828 -0.048899 
4.60077 0.714351 -2.08485 -0.244752 2.58159 2.45681 1.76748 1.58666 0.332006 -0.83148 -0.35868 -0.053894 
4.27118 0.852573 -1.51872 -0.204685 2.17822 2.46845 1.86461 1.47663 0.218604 -0.795662 -0.320598 -0.0714354 
5.83514 0.659374 -3.12187 -0.689574 2.92702 2.54641 1.76623 1.93174 0.658179 -0.413622 -0.538277 -0.115699 
5.58623 2.03099 -0.78748 0.17716 2.59328 2.85773 1.93849 1.31779 0.453831 -0.246541 -0.293064 -0.0736377 
3.9628 1.8158 0.380028 0.960381 2.46398 2.99129 2.3218 1.37014 0.5208 -0.119175 -0.316089 -0.000705491 
3.15791 1.72737 0.65827 0.618743 1.4283 2.43275 2.74257 2.09521 1.00971 0.179926 -0.0816886 0.010546 
4.44753 2.7571 0.777407 0.179933 1.4979 2.51376 2.77544 2.07751 1.37748 0.340309 -0.171556 -0.0530069 
3.63587 2.9734 2.1061 1.70086 1.85456 2.33595 2.21057 1.93957 1.04056 0.082983 -0.37913 -0.0369748 
4.98776 3.14618 2.30813 0.604644 1.69126 1.43846 0.734038 0.8674 0.871992 -0.291436 -0.15767 -0.0659552 
3.97419 3.06115 2.61547 1.65885 1.66973 1.83382 0.831962 -0.454603 1.02825 -0.0387644 0.0235179 0.0246639 
3.33571 2.34252 2.41947 1.32296 1.40146 2.19441 1.6135 0.218529 0.29603 -0.747774 -0.114873 -0.0152187 
2.86217 2.42908 2.23393 0.375089 1.6964 1.44701 1.41694 0.628806 0.389786 -0.392428 0.0249981 0.0362894 
2.64523 2.16682 2.90276 -0.00168321 0.804524 1.36323 0.616105 -0.32698 -0.0685426 -0.674754 0.237408 0.0744728 
2.19795 1.78495 2.93331 0.0490601 1.13367 0.839678 -0.186072 -0.765115 -0.195094 -0.678173 0.166844 0.0896514 
1.82531 1.56117 2.92436 0.187525 0.765137 0.454032 0.843995 -0.46155 -0.159652 -0.365265 0.123527 0.0987322 
1.74839 1.90123 2.60799 0.281285 1.76089 0.470813 0.0591292 -0.998568 0.254112 -0.187786 0.107574 0.11362 
1.75943 2.0144 2.93175 0.419526 1.64563 1.15126 0.440878 -0.634501 0.385705 -0.18898 0.266976 0.0732828 
1.42315 1.91181 2.93635 1.00849 0.557821 -0.142741 0.593616 -0.987905 -0.384124 -0.22295 0.200453 0.0502702 
2.78646 -0.0304254 0.494714 0.340602 1.33426 -0.977094 1.23106 -0.47506 -1.03064 -0.5545 -0.409728 0.138055 
3.23951 -0.516401 -1.86141 -1.13794 3.54605 2.22082 2.52198 1.16292 -1.78011 -0.57088 -0.203868 0.00981282 
2.11466 0.0130267 -0.579054 0.409504 2.19642 1.84304 1.2822 -0.399502 -0.969711 -0.244921 -0.266671 -0.0429748 
4.92612 0.00424269 -1.89497 -0.644694 3.68922 0.731072 2.09625 -0.223246 -0.644547 -0.0940645 -0.208912 0.0618001 
4.05255 -0.425931 -0.955271 -0.853842 4.79394 3.41414 -0.501911 -0.202498 0.224651 -0.406462 0.138494 -0.0670093 
4.20737 1.04782 -0.936583 -1.75901 2.14961 1.48292 0.148165 0.157236 1.36883 -0.0405786 0.339425 -0.0279934 
3.69505 1.03926 0.308652 -0.355767 2.29601 0.733018 -1.04229 -1.01656 0.889312 0.297435 -0.089145 -0.193253 
3.27039 1.66391 1.00445 -0.601373 1.08939 0.143243 -0.264841 0.43059 0.907711 0.0358233 -0.295369 -0.187087 
1.96685 1.01544 1.29217 -0.918743 -0.143434 0.135323 0.394929 0.330617 0.756232 0.0910828 0.33814 -0.109242 
1.75598 1.15068 1.47599 -0.706991 -0.122069 0.146872 0.671417 0.414753 0.980471 -0.119597 0.489823 -0.00314425 
1.66274 1.26265 1.78191 -0.610965 -0.0295809 0.18028 0.523704 -0.456794 -0.272054 -0.143823 -0.0918662 -0.00660647 
1.29846 0.886817 1.80533 0.263303 0.422348 -0.0979387 0.277941 -0.786977 -0.0958329 -0.351531 0.0848423 -0.0160423 
1.2334 1.11548 1.91222 -0.186678 0.396331 -0.100727 -0.132689 -0.623206 0.467342 -0.433767 0.1926 0.0857696 
1.26944 0.991823 1.79908 -0.315653 -0.105889 -0.0667042 0.0151745 -0.729096 -0.479999 -0.576659 0.154105 -0.0122466 
1.35596 0.936734 1.63532 0.395129 -0.274428 -0.491898 0.678193 -1.04755 -0.167384 -0.579907 -0.0241177 0.10448 
1.22029 0.39803 2.03615 0.0430974 0.0874113 -0.275864 -0.062969 -0.561866 0.565175 -0.380216 0.166988 0.0481699 
0.917609 0.382725 0.932622 -0.441676 0.633876 0.133295 0.466225 -0.466851 0.38304 -0.0490845 0.034101 -0.075573 
