1.81931 -0.343502 1.16723 -2.07629 1.26128 0.425307 0.600262 -0.491217 -0.150831 -0.71552 -0.249611 0.0223634 
1.54493 0.0956775 0.994129 -0.765196 0.948618 -0.162654 0.62972 0.374472 0.0946752 -0.110161 0.0991945 -0.0263761 
2.21084 0.00633849 1.23411 -0.741364 0.723603 0.5722 1.70271 0.108365 0.31559 -0.2375 0.221778 0.10541 
1.69527 -0.00902712 1.19766 -0.0466416 1.32037 0.439458 0.715892 -0.132776 0.433304 -0.050145 0.00197817 0.0960141 
1.58007 -0.0536956 1.09456 -1.19113 1.03332 0.181979 0.858158 -0.115146 0.0898007 0.0189554 -0.0498237 0.112173 
1.98088 0.366634 2.00806 -0.817536 1.20821 0.276501 0.613192 -0.644598 0.271525 -0.352 0.0867304 0.0458514 
1.56786 0.258751 1.80149 0.00688136 0.0122457 -0.63586 0.815623 -0.734935 -0.0605926 -0.231528 0.183455 0.0263758 
1.74693 0.0424535 1.35147 0.14497 0.00148726 -0.821673 0.205357 -0.623228 0.152504 -0.396954 0.217775 0.0593935 
1.59705 -0.07766 1.76815 -0.244584 1.29302 0.855608 -0.3932 -0.423608 0.388065 -0.424425 0.184793 0.127103 
1.96832 0.645688 2.10725 -0.703398 1.91344 0.353774 0.413884 0.173544 0.723527 -0.389488 0.376603 0.109404 
1.79843 1.24588 2.1741 0.545058 1.34132 0.617746 0.915146 0.452563 0.317574 0.217962 0.315928 0.0191047 
1.86613 1.15115 1.87664 1.01549 1.76362 0.962114 1.22663 0.856404 0.868186 0.277892 0.222146 0.0448761 
1.81725 0.504545 1.90972 -0.291847 1.1189 -0.0841038 0.703813 0.037953 0.305013 0.180869 0.413658 0.0470922 
1.70221 0.378335 1.78759 0.294945 0.875501 0.240111 0.392043 -0.180397 0.571214 0.0641003 0.176722 0.0543017 
1.55969 0.735277 1.23941 -0.698684 0.360441 0.445919 0.879948 -0.821884 0.43752 -0.110144 -0.105233 0.0661548 
1.49293 0.106109 0.00992427 -0.153281 1.40982 1.24603 0.548463 0.351809 -0.833855 -0.389653 -0.176862 0.121859 
1.88089 -2.02645 -4.38079 2.10728 0.411203 1.99791 0.423861 1.43047 -0.518345 -1.4837 -0.170258 0.159996 
2.08091 -2.65484 -5.21173 4.69016 0.0960392 2.59392 0.884832 1.32161 -0.899351 -0.884927 0.0599792 0.124793 
1.81486 -1.71125 -3.69231 4.19203 2.14705 3.37673 0.246112 0.933311 -0.567306 -0.957298 0.249631 0.170659 
2.82597 -1.16612 -3.89986 3.58501 1.86857 2.87914 1.62038 0.721323 -0.602277 -1.13356 0.152609 0.0718229 
3.03857 -0.188616 -1.72282 4.08723 2.28945 2.56136 2.02576 0.543384 -0.142477 -0.700643 0.253501 0.094268 
3.17683 0.793886 -1.3733 4.43828 2.37015 1.96433 2.1743 1.14315 0.118637 -1.1124 0.0386857 0.129566 
3.85458 0.492846 -1.54485 3.4178 2.97024 2.70545 2.41369 0.41658 -0.145766 -0.517615 0.0622504 0.0872777 
3.43193 1.37319 -1.1011 3.19919 2.98481 2.91347 2.06606 -0.0965566 0.00884582 -0.588024 0.215692 0.0687648 
3.62195 1.19847 -1.04511 2.6305 2.75039 2.36028 1.84042 0.716188 0.0510355 -0.737058 0.126761 0.102862 
3.76118 1.95497 -1.31145 4.36742 1.57069 2.30775 2.70028 0.676611 -0.0430568 -0.966511 0.30584 0.0202651 
3.67726 1.38089 -0.204339 3.81588 2.66154 2.232 2.02207 0.712704 -0.300862 -0.73726 0.0723274 0.114404 
3.75653 1.26202 0.524124 3.38039 2.9446 1.71707 2.48639 0.317546 -0.583282 -0.432053 0.123808 0.0879241 
3.20376 1.06733 0.0159495 3.41932 3.42206 1.76114 1.44738 0.345293 -0.107951 -0.969498 0.134506 0.121422 
3.05749 1.52907 0.537362 2.46576 2.20246 2.24663 2.03215 0.545985 -0.438288 -0.779054 0.00206682 0.0741562 
3.37223 1.55505 -0.491786 3.34619 2.92798 2.38644 2.43824 0.0360879 -0.0768462 -0.82144 0.105196 0.0818414 
2.92949 0.925872 0.20711 3.27725 3.18242 2.68775 1.45151 0.151024 -0.418026 -0.177287 0.0774991 0.106506 
3.03521 1.05937 0.723089 2.37947 3.37626 2.2989 1.76112 0.307 -0.381262 -0.265431 0.00341336 0.0939196 
3.59523 1.48917 0.357184 3.23591 3.24025 2.21436 1.77162 0.629405 0.0331596 -0.800531 0.0707824 0.116204 
3.70444 1.20192 0.0697207 3.91481 3.61007 1.78384 2.89515 0.233514 -0.453665 -0.539555 0.235442 0.157369 
4.17853 0.891758 -0.883064 3.40324 4.14621 1.87041 3.12527 0.192787 -0.627014 -0.194461 0.225262 0.180229 
3.57068 1.05267 0.421075 2.75507 3.38356 2.64538 2.31578 -0.0515742 -0.783997 -0.0402704 0.277239 0.13166 
3.40618 1.35465 0.847995 2.07526 2.69768 2.43421 2.1021 0.231719 -0.406509 -0.0675907 0.0664091 0.0712486 
3.68974 1.71309 0.635402 1.8256 2.46565 2.68793 1.81464 0.594711 -0.37917 -0.347301 0.050743 0.0771209 
4.53071 2.39097 0.285321 0.713913 2.95333 4.0186 2.39945 -0.0590933 -0.674564 -0.0740096 -0.0467504 0.0831979 
4.11664 2.17484 0.381163 0.652768 1.99518 2.77521 2.07991 0.601305 -0.22628 -0.139801 -1.65449e-005 0.0451676 
3.53547 2.24759 0.874547 0.519009 1.21221 1.956 1.78884 0.96613 0.266702 -0.0202233 -0.122179 -0.0260471 
5.15304 2.87841 0.635648 0.75767 2.75371 3.87627 2.95538 0.725497 -0.277611 -0.0557872 -0.0725236 0.067277 
3.52957 3.09452 2.48234 1.90391 1.6814 1.77663 1.83917 1.70064 1.19493 0.43098 -0.0683718 0.0231528 
3.06645 2.78181 2.56917 2.26253 1.92157 1.72242 1.30181 0.935747 0.623747 0.155242 -0.122274 0.00836224 
3.14122 2.7866 2.67968 2.43736 2.16892 1.96026 1.4424 1.07413 0.556122 0.153669 -0.0692607 0.027029 
2.81027 2.41205 2.16324 1.76732 1.66278 1.5378 1.41762 1.25032 0.998834 0.612393 0.309462 0.0843871 
2.81681 2.10397 2.01109 1.41009 1.27904 1.86531 1.75451 1.4532 1.23225 0.722748 0.294707 0.0786818 
2.5623 2.16287 2.62781 1.27405 2.09804 2.26406 1.01164 1.28094 1.30643 0.105917 0.480762 0.0968309 
2.62617 2.12425 2.10582 1.80127 1.66274 1.65771 1.34796 1.01198 0.956896 0.599195 0.357315 0.0797024 
2.67029 2.18098 2.04467 1.8118 1.83649 1.49292 1.3159 1.08068 0.885471 0.594999 0.403324 0.0813718 
3.71776 0.475764 -2.04171 -2.76484 -0.0626561 1.48145 1.85302 1.03332 -0.327204 -0.79357 -0.179824 -0.0666342 
2.92334 0.721926 -1.37018 -1.44181 0.139176 1.49482 1.59124 0.71326 -0.359783 0.0640799 0.365814 -0.0825831 
3.95087 0.370787 -2.19676 -2.46061 -0.222203 1.44996 1.40471 1.06007 1.1349 0.232937 -0.00310459 -0.0589512 
5.24102 1.0329 -2.56284 -2.29266 1.64311 1.6063 1.4149 0.448569 1.1342 0.49942 0.322577 -0.0114533 
4.28182 0.0205846 -3.39561 -3.16186 0.571689 2.93312 1.22628 0.628275 1.14194 0.0570455 0.210173 -0.0221986 
3.51168 -0.248492 -2.94394 -3.46347 -1.33669 1.16887 1.20519 1.30851 2.088 1.06781 -0.159785 -0.134392 
2.79787 -0.00197892 -2.63313 -3.38355 -1.13416 0.550914 1.38643 1.98581 1.91349 0.740101 -0.308575 -0.107167 
2.88036 0.501885 -1.39937 -3.41519 -2.54798 -0.414831 2.20326 2.00406 2.05321 0.561081 -0.0717863 -0.0878858 
2.2489 0.115602 -1.00095 -2.21646 -1.8155 -0.314848 0.929752 1.35062 1.0857 0.527068 0.0235342 -0.0578888 
1.62506 1.08467 0.261153 -0.724022 0.460607 0.394906 1.14344 1.2425 1.11001 0.364382 0.233164 -0.0817287 
1.52262 0.48679 1.19751 -0.313301 -0.165493 -0.350885 1.16986 0.67002 1.23653 0.218141 0.0177346 -0.0393465 
1.93638 1.22646 1.82418 -0.818668 -0.510448 -0.480758 1.1712 0.102588 1.36532 0.393956 -0.152835 0.0741074 
1.38034 0.625083 1.41511 -1.00088 -0.248314 0.0130121 1.04855 0.50218 1.58058 0.510421 0.0113261 -0.0561754 
1.28745 0.354034 1.58133 -0.19651 1.2709 0.429723 0.552218 -0.199861 0.534237 -0.243867 0.274763 0.027801 
1.15125 0.868456 2.21079 0.550359 0.623596 0.172115 0.0182702 -0.249042 0.336831 -0.273589 0.393916 0.0448852 
0.960576 0.674744 1.9972 -0.461449 0.405858 -0.130052 -0.506145 0.103557 0.27639 -0.433831 0.371306 -0.00943333 
1.14412 0.341766 2.26545 0.179709 0.799459 -0.448996 0.316729 -0.163884 0.304736 -0.666317 0.112313 0.125916 
1.0182 0.320592 1.98559 0.216158 0.0149659 -0.214078 -0.474927 -0.218737 0.481528 0.00697414 0.165326 -0.0574222 
1.07916 0.579565 1.50101 0.423934 1.31767 -0.314415 0.266388 0.182287 0.325941 -0.0966722 0.191559 0.0373996 
1.26596 0.886258 1.35139 0.868799 1.18111 -0.0268775 0.32197 0.0940807 0.531378 -0.0873688 0.139656 0.0284308 
1.38233 1.02014 1.58552 0.635548 -0.0623703 -0.222863 0.210829 -0.775308 0.49611 -0.107686 0.169802 -0.0186741 
1.01749 0.696163 1.7747 1.5641 0.727983 -0.91315 0.0600781 0.107604 0.445041 -0.311906 -0.00189878 0.0486456 
1.17934 0.246257 2.0172 0.334434 0.513488 -0.336914 0.0540798 0.0582942 0.627134 0.270797 0.175406 0.0551435 
1.58865 1.37875 2.49157 0.703145 1.16274 0.394814 0.77369 0.0794632 0.297342 0.0152435 0.242949 0.042372 
1.26309 0.942069 2.06147 0.274466 0.598992 0.86886 0.0685712 0.0154608 0.618895 0.233388 0.22914 0.0321678 
1.20843 0.748941 1.90159 0.302267 0.534768 -0.328549 -0.0584641 -0.156513 0.0875284 0.113111 0.252897 0.0570229 
1.20924 0.53364 1.35554 0.354339 1.15587 -0.0649888 0.4657 -0.243437 0.447403 -0.131158 0.250939 0.00310999 
0.931923 0.899552 1.85641 0.166445 1.1283 -0.754089 -0.0938992 0.440114 0.221564 0.0117909 0.348101 0.0149348 
1.42938 0.825696 1.59937 0.0437281 0.72676 -0.491725 0.172318 -0.381022 0.0460092 0.180097 0.224648 0.0469018 
1.34871 0.454987 2.0666 0.492834 0.295748 0.0874525 0.0954674 -0.0231899 0.183836 0.159753 0.172483 0.0832763 
1.3524 0.941361 1.57017 -0.00804138 0.712677 -0.267365 0.352496 -0.0932295 0.37115 -0.142682 0.416323 0.0797836 
1.87111 0.956726 1.70767 1.11454 1.108 0.508262 0.0813071 0.260549 0.235328 0.0350534 0.267856 0.0674629 
1.49881 0.42554 1.37176 0.196221 1.69832 -0.166323 -0.499196 0.342086 0.724573 0.0799582 0.185276 0.087651 
1.73401 1.34175 2.1484 1.25231 1.95925 1.39303 1.3549 1.27614 0.92789 0.232597 0.361022 0.0294769 
