1.49337 0.505072 1.62984 -0.924757 0.633837 0.23142 1.10505 -0.315705 0.2884 -0.226133 0.238598 0.050049 
1.99666 0.731325 1.80648 -0.895073 0.922182 0.684817 0.576599 -0.254028 0.3251 -0.297952 0.359287 0.0220009 
1.52809 0.263081 0.865077 -0.911957 0.438499 -0.176206 0.665713 -0.683109 0.233774 -0.162207 0.111889 -0.0270194 
1.89554 -0.0814495 1.47918 -0.566249 0.674534 -0.00874291 0.61747 -0.388577 0.151371 -0.0519882 0.217383 0.108967 
1.91888 0.42175 1.599 -0.280527 0.917465 -0.0512018 0.38032 -0.211251 -0.16134 -0.52927 -0.00842179 0.0268544 
1.82198 0.258837 1.309 -0.565724 0.191618 -0.0269124 0.895109 -0.555133 -0.107319 -0.224384 0.0370931 0.0358256 
1.72422 0.724193 1.47828 -0.441728 1.1152 0.0622561 0.398425 -0.46635 0.916991 -0.062519 0.0539647 0.0458579 
1.85989 0.323746 1.97955 -0.091443 0.546946 -0.565554 0.347986 -0.119591 0.44768 -0.40323 0.141538 0.0452598 
1.91622 0.788336 1.94779 -0.213507 0.692192 0.395401 0.0124953 -0.641541 0.792079 -0.0349221 0.0753571 0.0207816 
2.05475 0.248043 1.34899 -0.744962 1.48424 -0.327509 0.363042 0.0219758 0.0812911 -0.419232 0.224551 0.0827604 
1.62314 0.926939 1.99074 -0.615922 -0.24641 0.0973235 0.467976 -0.726466 -0.0636225 -0.386279 0.238042 0.0154102 
1.64631 0.119193 1.1986 -0.961454 0.972735 -0.808666 -0.331261 -0.462724 0.285769 -0.341861 -0.0530826 0.0894543 
1.85892 0.984453 1.72598 -0.268054 0.954985 -0.21344 0.273794 -0.884416 0.187964 -0.290714 0.0153002 0.0218496 
1.80273 0.490467 1.64994 0.355801 1.70763 -0.523266 0.502653 -0.80056 0.220973 -0.394969 0.0542942 0.0633533 
1.80997 0.567935 2.29045 -0.0806147 1.20406 0.751778 0.270637 -0.413396 0.392869 -0.226875 0.153654 0.0692571 
2.05806 0.667636 1.87858 0.179832 0.957598 -0.140939 0.711355 -0.0729087 0.754581 -0.0109604 0.242372 0.101509 
2.06007 0.949539 1.93272 0.455864 1.61669 0.0604009 1.2824 0.799437 0.573732 0.195431 0.109207 0.0584446 
1.8621 0.659517 2.16843 -0.403971 0.651254 0.227487 0.428552 -0.119638 0.201904 0.209651 0.429009 0.0936557 
1.70188 0.383245 2.04612 -1.03206 0.356749 0.262386 -0.360375 -0.0739967 0.254964 -0.567962 0.00574398 0.00774507 
1.71119 0.43732 1.32262 -0.935091 0.692522 0.485976 0.815473 -0.682532 -0.294023 -0.483763 0.17903 0.0427931 
0.96385 -1.25426 -4.2032 0.228738 0.73018 1.43856 1.66032 0.903418 -0.271077 -1.66403 0.333169 0.0262831 
1.12063 -0.299474 -4.09425 1.90271 2.81267 1.32666 2.60609 0.0527653 -1.48808 -0.995609 0.221165 0.0683736 
1.92849 -0.639194 -0.524823 1.63165 1.91369 2.30327 2.75329 0.818126 -0.650689 -0.456423 0.279195 -0.0399745 
3.52081 -0.873078 -1.4404 2.72496 1.86085 1.97601 3.26377 0.0315493 -0.0351536 -0.72853 0.0273959 -0.0398318 
3.10569 -1.51835 -1.15509 3.29941 2.38546 2.23543 3.63219 -0.348892 -0.183969 -0.44294 0.109442 -0.0442426 
3.78807 -2.64171 -1.32824 3.57487 2.29163 1.96136 4.51021 -0.613062 0.0154588 -0.484681 0.169742 -0.0300635 
3.58405 -2.14348 -1.33367 2.9192 2.51752 2.27465 4.27356 -0.752314 -0.320701 -0.423066 0.247879 -0.0263855 
3.93408 -1.88129 -1.7491 3.29943 2.54472 2.19527 3.7405 -0.253366 -0.366949 -0.492746 0.292887 -0.0073124 
4.83759 -1.00984 -1.32382 2.3013 3.91824 1.26345 3.65009 -0.129788 -0.653178 -0.350044 0.0614644 0.0746559 
3.40454 -0.900867 -1.17825 1.78836 3.45174 2.27683 2.95244 0.560675 -1.09078 -0.223001 0.0920562 0.0662504 
3.45329 0.0468567 -0.23654 1.72892 3.06454 2.06338 2.7569 0.493174 -1.00557 -0.184105 -0.113179 0.0549976 
3.52488 0.725211 -0.698706 1.93675 3.13405 2.47025 2.79262 0.163038 -0.49318 -0.309602 -0.10316 0.0724886 
4.57486 0.981823 -1.45801 2.4356 4.17797 1.45837 4.04205 0.187884 -1.0586 -0.181547 -0.0725881 0.142074 
4.66918 0.537337 -2.10977 2.8734 2.98005 1.931 3.34266 -0.0719519 -0.691374 -0.593169 0.202119 0.0407366 
4.8012 0.352235 -1.43774 2.59671 3.53872 1.44208 3.09442 0.460324 -1.01898 -0.537516 -0.0307921 0.0807657 
4.32426 0.381396 -1.10299 1.97403 3.34253 2.09061 2.61017 0.242461 -1.19547 -0.33788 -0.0935587 0.0496956 
5.20788 0.495778 -1.84435 1.84324 3.71279 1.56621 3.57647 0.0426354 -1.27598 -0.664061 -0.0385699 0.0874267 
4.35436 0.8983 -1.3702 0.926205 3.23831 2.45931 1.86472 -0.0984621 -0.755615 -0.377119 -0.133765 0.00142515 
3.75863 1.15013 -0.460215 0.980599 2.67785 2.51243 1.84936 0.470455 -0.362463 -0.536812 -0.250036 -0.00306385 
3.73781 1.2528 0.154797 1.43568 2.64123 2.52108 2.03219 0.803549 -0.29368 -0.344309 -0.210258 0.0264074 
3.73085 2.01646 0.627448 1.26123 2.45249 2.81087 2.09617 0.354311 -0.481908 -0.396892 -0.038577 0.0596593 
4.66644 1.27646 -0.387348 1.2221 2.12097 2.34964 2.66592 1.02207 -0.590512 -0.0268742 0.0221841 0.0586172 
4.41164 1.32675 -0.0746745 1.4348 2.55791 2.74114 2.48108 0.892587 -0.469308 -0.121481 0.00331417 0.0831992 
5.52724 0.311704 -1.49315 1.24751 2.14293 2.39293 3.15203 1.42582 -0.488692 -0.316569 0.0919487 0.0824928 
4.78961 1.56811 -0.439863 0.680563 2.14941 2.81249 2.53548 0.768296 -0.575407 -0.216814 -0.12997 0.0238246 
4.06862 2.04946 0.0213448 -0.0982181 1.48494 2.90085 2.59599 0.964509 -0.136765 -0.153067 -0.159869 0.0207754 
4.91413 2.01248 -1.02734 -1.0176 1.54644 3.539 3.39388 1.59431 0.0104726 -0.167821 -0.123393 0.0442951 
3.90839 2.29133 0.936125 1.39293 2.45155 2.24003 1.67143 2.02045 1.69231 0.450514 -0.277276 -0.0494816 
3.74085 2.7386 1.5905 1.34088 1.56996 1.62536 1.56894 1.69436 1.52735 0.535689 -0.335637 -0.0630383 
3.57763 2.98098 1.73469 1.39017 1.49054 1.51818 1.67348 1.32776 1.10319 0.0305145 -0.467238 -0.0945035 
4.35245 3.28874 2.31017 0.91515 1.88582 2.12476 2.02653 2.24267 1.74101 -0.116949 -0.388542 -0.136138 
3.12018 2.72221 2.63331 2.41255 2.1436 1.91461 1.51934 1.04413 0.478907 0.151248 0.0491866 0.0387679 
3.0862 2.86863 2.80243 2.20057 2.22409 1.80172 1.49593 1.28447 0.805004 0.326484 0.133686 0.0725984 
2.7768 2.36889 2.33824 2.22868 1.97648 1.71724 1.5108 1.39587 0.900589 0.564105 0.367312 0.0993086 
2.72035 2.3477 2.33 1.78806 2.21787 1.94964 1.58708 1.32922 0.941382 0.675069 0.439427 0.104555 
2.859 2.16193 2.33165 1.62524 1.85991 1.96405 0.799828 1.30068 1.21481 0.684206 0.469515 0.0984064 
3.59337 0.769518 -1.46385 -0.957885 1.58711 1.73651 1.54949 1.37415 0.0987254 0.0633979 0.255163 -0.0671027 
3.43522 1.27857 -0.0102319 -0.946002 0.658627 1.89281 1.9921 1.35993 0.529296 0.98679 0.211975 -0.0446124 
4.29598 1.08375 -0.444652 -0.372632 1.91838 2.83062 1.63487 1.01019 1.1593 1.21801 0.482015 -0.00942266 
3.69573 1.6968 0.142428 0.120789 1.35467 2.37171 1.57686 0.720113 1.52847 1.61877 0.373782 -0.0196134 
2.94121 1.68684 1.12396 0.637496 1.44385 1.35324 1.2497 1.92012 1.67302 1.31635 0.189024 -0.00908059 
3.45326 2.29899 1.64505 -0.711474 1.24263 1.30903 1.73782 2.53568 1.51662 1.44986 0.179982 -0.0278432 
2.95139 1.50488 1.07679 -1.12227 0.60389 2.10785 2.17176 2.03241 1.62225 0.895124 0.400949 -0.0418518 
2.57977 1.36182 1.17451 -1.54262 0.264643 0.776822 1.4404 1.582 1.70672 1.05117 0.237478 -0.0389643 
2.0843 1.10387 1.5135 -0.72211 0.330195 0.563772 0.697243 1.85707 2.06492 0.648919 0.243212 -0.0316683 
1.79029 1.01031 1.68949 -1.37761 -0.266345 0.192975 1.4829 1.14197 1.97128 0.524 0.28237 -0.050231 
1.8776 1.01801 0.894289 -1.41646 -0.349809 0.721221 1.47817 1.29508 1.93214 0.367825 0.533431 -0.0846826 
2.1571 1.06211 1.67341 -0.437043 -0.011302 0.748103 1.40052 1.06796 1.77424 0.541571 0.317752 -0.0142413 
1.63317 1.97658 1.54587 1.72855 0.168496 2.13238 1.97149 1.49295 1.89234 1.11878 0.739591 -0.0673748 
1.70924 1.08062 3.31312 1.03968 1.85779 1.07406 0.642511 0.418239 0.919295 0.280438 0.350441 0.0634306 
1.77565 0.883681 1.45283 0.0575597 0.346627 -0.238168 0.869424 -0.0127636 0.702652 0.233257 -0.0825061 0.053264 
1.90686 0.706232 1.6815 0.251188 -0.224559 0.210915 0.711122 0.0716117 0.98548 0.310833 0.335774 -0.00929759 
1.63725 0.832113 1.8607 -0.0354051 0.259123 -0.556248 -0.522203 -0.20054 1.16075 0.424546 0.0889479 -0.0671456 
1.82267 0.547881 2.19965 0.201545 0.805384 0.319213 0.289255 0.256928 0.548547 -0.162531 0.428498 0.069008 
1.66328 0.450331 1.9992 0.551833 0.963128 0.122573 0.415976 -0.792424 0.129595 0.00251442 0.149898 0.117267 
1.14376 0.734252 2.15368 0.278099 0.951436 0.287612 0.698774 -0.0195202 0.214481 0.0284037 0.104914 0.0461881 
1.44258 0.826518 1.8615 0.435484 0.739253 -0.343888 0.233159 0.202278 0.341762 0.164378 0.12752 0.0608008 
1.87051 1.07335 1.85289 -0.0940267 0.85758 -0.331382 -0.0411062 -0.220837 0.204536 0.238154 0.277167 0.0463517 
1.53113 0.72433 1.91116 0.179047 1.09195 0.369487 0.81302 -0.498777 0.416898 -0.1733 0.0195072 0.108868 
1.56678 1.20898 1.87039 0.436498 0.677349 -0.362445 0.461117 -0.89827 0.284242 -0.271843 0.0241701 0.0487808 
1.597 0.687469 1.67994 0.122935 1.18759 0.501387 0.709478 0.0899831 0.96428 -0.0402185 0.173453 0.0259349 
1.40776 0.642773 1.56061 0.329473 0.737691 0.252034 0.114359 -0.323667 0.568976 0.0314104 0.299395 -0.0193047 
1.3666 0.320617 1.68054 0.306746 1.31647 0.945414 0.4592 0.134205 0.914843 -0.0265742 0.0187221 0.00953425 
1.28161 0.722123 1.12468 0.452272 0.983172 0.387822 0.0712272 -0.799181 0.0483341 -0.230165 0.190995 0.0821798 
1.60817 0.718859 1.52175 0.0313351 0.80804 0.207958 0.152432 0.35376 0.684285 -0.294257 0.0346642 0.0562453 
