1.78326 0.32835 1.57721 -0.850671 0.681153 0.779305 0.363899 -0.162321 0.49206 0.0225071 0.00870182 -0.00286271 
2.10647 0.9859 2.51511 0.65574 1.16098 0.775881 1.18103 0.162164 1.01978 0.359421 0.0887201 0.0600135 
1.91567 0.661498 2.35897 -0.584414 2.10133 0.96348 0.636086 0.186259 0.319936 -0.130853 0.29074 0.0851808 
1.91774 0.636128 2.06608 -0.570465 1.19543 0.538221 0.543608 -0.854936 0.175835 0.333274 0.386633 0.0621878 
1.865 0.538371 2.1562 -0.140743 1.18989 0.344032 0.803667 -0.947246 0.408656 -0.0808348 0.180194 0.119388 
1.74503 0.467663 1.0838 0.180107 0.854648 0.471198 1.00484 -0.400741 0.434725 -0.116301 0.102943 0.103098 
1.81093 0.797323 1.67322 0.522934 1.20238 -0.840924 0.333602 -0.417915 0.103535 -0.181707 0.188379 0.00291747 
2.01107 0.450669 1.88281 0.036197 0.227412 0.400367 1.16177 0.0857644 0.495472 -0.487004 -0.0366241 0.132565 
2.04385 1.05479 2.33622 -0.483423 0.994944 -0.162992 0.855293 -0.141034 0.551542 0.0290966 0.223158 0.0965098 
2.16203 0.967327 2.59266 0.416706 1.85874 0.86854 1.18514 0.727227 0.713271 -0.0297617 0.286564 0.096045 
2.82425 2.35109 2.1691 1.8589 1.48773 0.993104 0.713251 0.691621 0.483576 0.231015 0.071531 0.0128694 
2.95768 1.56288 0.163961 2.93259 2.75761 1.79834 1.25557 0.698278 0.659921 -1.22303 0.0278708 0.0552148 
3.06121 0.41658 -3.30028 4.17012 3.00382 1.09165 3.09327 1.15478 1.36398 -1.53126 0.0868419 0.0376502 
2.70681 0.922174 -0.726532 3.0687 1.39494 1.97374 2.96417 0.615288 0.837748 -1.09436 -0.0933545 -0.060568 
3.47039 -0.849636 -1.07806 4.18047 1.10741 1.56445 3.92271 -0.0838634 0.448015 -0.973971 0.0516309 -0.127885 
3.64504 -1.4066 -1.00818 4.51372 1.17517 1.15213 4.08799 0.121695 0.50775 -1.04051 -0.00724508 -0.104778 
3.3058 -1.23029 -0.452981 3.72513 2.04602 1.03833 3.8913 0.360757 0.483899 -0.827166 -0.224802 -0.0086689 
4.02771 -0.723863 -0.739923 3.52171 2.2365 1.02523 3.31113 0.87577 0.258256 -0.910851 -0.267675 0.00449008 
3.3835 -0.478333 -0.782271 2.66637 2.60956 1.4186 2.57936 1.13145 -0.125688 -0.813809 -0.262726 0.0707646 
3.66841 0.31044 -0.472761 1.8639 2.47049 1.63446 2.44554 1.1127 0.158434 -0.920071 -0.373386 0.0286864 
4.21968 -0.349861 -1.49712 3.79168 2.33456 0.757797 3.46162 0.887377 0.46418 -1.21471 -0.125272 -2.50325e-005 
5.18457 -1.41303 -1.64851 3.84078 2.54128 -0.0672716 4.05522 1.02663 0.493435 -1.23109 -0.0659254 0.0623096 
4.26019 -0.070095 -1.1525 2.82207 2.73239 0.862394 2.91683 1.22837 0.161089 -1.01725 -0.295654 0.0678069 
4.16894 0.239586 -0.839106 2.69249 2.75562 0.969092 2.8011 1.04581 -0.24877 -0.921809 -0.248283 0.0719218 
3.98237 0.5345 -0.770004 1.88977 2.36823 1.15068 1.99797 1.55659 -0.174413 -1.07754 -0.345812 0.0577604 
3.7904 1.16285 -0.0840372 1.37375 1.98194 1.48294 2.29424 1.18644 -0.208528 -1.02338 -0.280137 0.0146476 
3.87865 1.18693 0.0169046 2.03346 2.56101 1.757 2.17271 1.18163 -0.100276 -0.848828 -0.309009 0.0341955 
5.58201 0.572973 -0.996257 2.71141 2.96232 0.998119 3.09118 1.96592 -0.596927 -0.801501 -0.232408 0.0631323 
3.5881 1.27805 0.446382 1.34224 2.02623 2.03902 2.53699 1.57204 -0.0166252 -0.418939 -0.115272 0.0482927 
3.38684 1.49955 0.475271 0.893002 1.12423 1.52564 2.31959 1.46304 -0.0474196 -0.38424 0.101846 0.0268444 
3.48495 1.79156 0.799547 1.08963 1.25141 1.20314 2.00211 1.7392 0.339046 -0.45946 -0.22322 -0.0268652 
5.28008 0.406537 -1.33701 1.05839 1.12551 0.923541 2.86274 2.25229 -0.107674 -0.725971 -0.109883 0.0543377 
4.43479 1.33761 -0.0753055 1.0359 1.21116 0.921537 2.04297 1.97486 0.259165 -0.412485 -0.172828 -0.0189477 
5.79303 2.72942 -0.125705 -0.101074 1.328 2.49925 2.8089 1.63643 0.161103 0.258935 -0.141683 -0.0496847 
5.57897 3.02267 0.0309332 -0.532133 1.25751 2.797 2.79883 1.7073 0.572859 0.193851 -0.0835978 -0.00941934 
3.75188 2.86408 1.75167 1.23982 1.43257 1.74051 1.83292 1.6968 1.13707 0.298031 -0.195594 -0.025272 
3.14657 2.48649 1.85728 1.38101 1.25423 1.19955 1.16966 1.20483 1.07722 0.523367 0.0733605 0.0282916 
3.52425 3.0718 2.59935 1.70042 1.47189 1.45035 1.5862 1.526 1.31214 0.713112 0.00572855 0.0564793 
3.16275 2.64489 2.35874 1.44939 1.29672 1.42886 1.26034 1.62605 1.40519 0.853895 0.352361 0.101612 
2.75383 2.25312 2.13401 1.95206 1.6778 1.65697 1.47606 1.11434 0.971407 0.684171 0.422411 0.091419 
2.6998 2.24054 2.05493 1.85704 1.73766 1.48292 1.31603 1.08203 0.8548 0.597729 0.351011 0.0806541 
2.74924 2.19911 2.40576 2.01422 1.92467 1.95394 1.69581 1.14703 1.06924 0.741525 0.465845 0.108755 
2.70047 2.2529 2.1234 1.75663 1.79335 1.59459 1.36716 1.05743 0.938925 0.73674 0.453607 0.0892902 
2.69368 1.65788 1.43808 1.17416 2.16659 1.59453 1.29305 1.52489 1.74326 0.637542 0.373566 0.0523099 
2.88242 2.05531 0.776216 0.419103 1.75117 0.73343 1.03062 0.938223 1.39771 -0.276999 0.43621 0.0401367 
3.77383 0.987043 -2.41754 -1.60334 -0.474219 0.547383 2.99272 2.53408 1.58571 -1.27515 -0.0131005 -0.0828027 
4.20293 1.37771 -1.77059 -2.0735 -0.510396 1.13932 2.24052 2.26964 2.04703 -0.52973 0.073993 -0.0418762 
3.8161 0.665698 -1.92388 -3.75964 -0.894078 1.36862 0.829064 1.9971 1.72403 0.193 0.0917094 -0.0167196 
3.32934 1.10711 -1.91096 -3.54789 -2.43825 0.682506 2.3665 2.01278 1.84173 -0.21694 -0.0956558 -0.117325 
3.21117 0.385222 -1.61261 -3.96808 -2.42688 0.309836 2.06523 2.06729 2.01079 0.675724 -0.186064 -0.0996228 
2.96486 0.934629 -0.442171 -3.56025 -2.18717 0.288038 2.49104 1.72711 1.90225 0.716665 -0.0717377 -0.0307309 
2.32009 1.12957 0.553488 -2.10335 -0.948923 0.168559 0.989722 1.19157 1.78864 1.11494 0.00242827 0.00907437 
2.27641 1.21617 1.12006 -1.75846 -0.563847 0.275628 1.30985 1.12037 1.44161 1.15958 0.0295613 -0.0085651 
1.60912 0.660942 1.19549 -0.801278 0.0020252 0.21508 1.16672 0.3182 1.50596 0.27391 0.166962 0.0235119 
1.3676 1.29629 1.92467 -0.218473 0.616046 0.101937 0.805483 0.188199 0.13246 0.331607 -0.0703333 0.0625323 
1.42708 0.442809 1.79101 -0.91446 0.387693 0.410391 0.616129 0.0466556 0.757162 0.441029 0.0471585 0.0178967 
1.26745 0.263069 1.94351 -0.0688882 0.415532 0.377033 -0.0251857 0.0741824 0.406759 0.314189 0.242932 -0.0079687 
1.41161 0.464036 1.75598 0.652022 0.204247 0.188808 -0.193554 -0.232621 -0.140086 -0.16992 0.227842 0.0296228 
1.36593 0.615356 1.86038 -0.0366253 0.631666 -0.242552 0.615147 -0.819477 0.343461 0.0952037 0.367893 0.0833347 
1.51779 0.810169 1.70263 -0.516291 0.227074 0.708135 0.297948 -0.0544469 0.21188 0.186116 0.171682 0.0593988 
1.31522 0.730685 1.61905 0.404946 0.906358 0.305395 0.263197 -0.349924 -0.234123 -0.154112 0.214025 0.0900889 
1.13047 0.597034 2.03498 -0.0909643 1.44783 0.36953 0.964075 -0.196145 0.534869 0.465668 -0.0104069 0.0310762 
1.87781 0.377084 0.646082 -0.588523 -0.309824 -0.135415 -0.290269 -0.185242 0.0456913 -0.164442 -0.0035628 0.0824987 
1.31755 0.581986 1.264 0.379907 1.31755 0.259944 0.095153 -0.510871 0.585467 -0.0861567 -0.0252735 -0.0506416 
1.30553 0.306877 1.16739 0.0673449 0.957604 0.538677 -0.406976 -0.860643 0.171601 -0.0829502 0.101483 0.0262418 
1.2915 0.943664 1.67735 -0.256073 1.71389 0.773878 -0.299537 -1.17051 0.0193364 -0.204775 0.0671117 0.0707666 
1.37384 0.278959 2.35537 -0.0388886 1.03129 -0.408714 -0.142214 -0.329968 -0.274953 0.0378772 0.120834 0.0767381 
1.29003 0.307251 1.55332 0.599509 0.803555 0.0547198 0.165748 -0.708764 -0.00879966 -0.145315 0.0052215 0.0136432 
1.18222 0.589665 1.42959 -0.284556 1.40074 0.123 0.00802926 0.0186433 0.140579 -0.430199 0.119456 -0.0217436 
1.27982 0.35505 1.64734 0.407231 0.972583 0.231565 0.252856 -0.62584 0.211324 -0.32294 0.0864062 0.00214416 
1.32664 0.360358 0.808462 0.446907 0.968262 0.350261 0.468341 -0.567777 0.140761 -0.194541 0.127045 0.021584 
1.36275 0.137762 1.87001 0.578548 0.764041 0.381197 0.121432 0.0269558 0.622163 -0.0320143 0.280833 0.0856984 
1.23326 0.951785 1.5753 -0.436827 0.9735 0.749536 -0.155472 -0.525109 0.289897 0.123545 0.0984298 0.0172576 
1.48214 0.712995 1.49047 -0.0509656 1.16872 0.134611 0.78885 -0.498027 0.267443 0.127344 0.308331 0.0225683 
1.57654 0.546088 1.8671 0.0143965 0.575402 0.0261412 0.114572 -0.177452 0.311807 0.278712 0.300434 0.0845296 
1.22816 0.734808 1.38741 0.115085 1.43422 0.562324 -0.0705546 -0.524633 0.172495 -0.159727 0.0897777 -0.000822987 
1.25933 0.919076 1.75839 -0.129239 0.959246 -0.105296 0.0339197 -0.219506 0.129064 -0.393996 0.276373 0.0133792 
1.31639 0.447045 1.11846 0.330156 1.0612 0.217127 0.514359 -0.36281 0.648636 0.285112 0.0810946 -0.0231442 
1.64248 0.719195 1.39336 0.566342 1.00841 0.304694 0.98219 -0.375573 -0.0550759 -0.0158761 0.242896 0.0779688 
1.49248 0.29421 1.61578 -0.566469 1.47559 -0.160585 0.449719 0.0605525 0.696503 0.395174 0.234068 0.112045 
1.54194 1.02588 1.45276 -0.514036 1.14703 0.23471 0.352616 -0.365726 0.43368 0.256482 0.384042 0.0622047 
1.06002 0.416456 1.61967 -0.103035 1.0617 0.567236 0.0153063 0.346006 0.515654 -0.14281 0.611803 -0.0497233 
1.59048 0.464188 1.69162 -0.614834 1.40835 0.729616 0.266002 -0.789639 0.347757 0.105204 -0.234181 0.1169 
1.61753 0.423272 1.65589 -0.92366 1.16068 0.306697 0.493597 0.170658 0.650444 -0.241082 0.175291 0.0482795 
1.26321 0.232061 2.30464 -0.0592851 0.328103 0.552362 0.455412 -0.56525 -0.0212861 -0.0770309 0.535875 0.0552861 
