1.81863 0.671667 1.73605 0.237924 0.826109 0.494024 0.249928 -1.16592 0.347 -0.0257887 -0.0623862 0.105074 
1.55714 0.237911 1.92567 -0.504861 0.77821 0.273033 0.525328 -0.128244 0.318557 -0.251026 0.0902098 0.0554479 
0.241949 -3.98007 -0.355655 0.711238 -1.20783 -0.475565 2.02098 1.72705 -0.504891 -0.698886 -0.234391 -0.0195612 
1.47916 -5.03083 0.690612 0.90666 -0.231109 0.910676 2.2309 1.89781 -0.0801053 -0.300276 -0.0787026 0.0215605 
2.27799 -4.28378 -0.12296 2.02243 -0.108556 -0.911793 3.54835 2.59267 -0.566088 -0.491909 0.119714 0.106817 
2.29463 -2.91353 -0.341929 0.757635 -0.767477 0.269012 3.58309 1.67372 -0.0146512 -0.567453 -0.0977366 0.0267616 
2.516 -0.0583164 0.425045 -1.8499 0.944355 0.956666 2.35849 0.836407 0.663433 -0.55769 -0.159678 0.0602958 
1.81569 -0.0625328 1.10837 -1.825 0.290752 0.211719 0.827015 -0.190163 0.238172 -0.559532 -0.00504155 0.029411 
1.76042 0.725781 1.80437 -0.972661 0.599664 0.0592235 0.948239 -0.847439 0.121276 0.103909 0.176947 0.0557182 
1.82358 0.680414 1.33825 -0.909245 0.771221 -0.519743 1.00221 -0.568783 0.223369 0.254132 0.254279 0.048145 
2.08632 1.06376 1.98817 -0.0890483 1.32742 -0.0118805 0.902266 -0.00408763 0.77857 0.394455 0.369631 0.0706523 
1.86723 0.850819 1.58419 -0.638268 0.622773 0.557107 1.13627 0.143762 0.618831 0.0774494 0.0824363 0.0750797 
2.09778 0.896753 0.966591 -0.768957 0.914059 0.702744 1.05206 0.541113 1.00289 -0.047894 -0.0987279 0.0148371 
1.98751 0.473471 1.47565 -1.47801 0.725598 0.824578 0.760437 0.142596 0.477593 -0.249804 0.112112 0.105383 
1.76919 0.203412 1.94114 -0.453502 1.30695 0.227801 -0.0875719 0.0915324 0.496033 -0.345501 0.0670595 0.0911674 
1.90583 0.652054 1.85469 -0.346512 0.759926 0.229323 0.47642 -0.344565 0.451053 -0.28493 0.158149 0.0758824 
1.83638 0.929349 1.7095 -0.301351 0.859756 0.788066 0.799192 -0.610533 0.221671 -0.120598 0.259254 -0.000800793 
1.8106 0.572091 1.9443 -0.131252 1.36227 -0.0838971 0.974335 -0.0462504 0.0127609 0.0548382 0.334678 0.12951 
1.83531 0.566744 2.02898 -0.106673 1.7581 0.684697 0.853016 0.272822 0.602821 0.0370866 0.287481 0.106391 
2.04981 0.567209 1.50308 -0.351618 0.877888 0.612559 0.863574 -0.576207 0.503416 0.366789 0.167931 0.0781132 
1.98125 0.883075 1.34584 -0.282703 1.44501 -0.448135 0.165259 -0.051608 0.177447 -0.0735189 0.261545 0.059639 
1.88623 0.246978 1.56389 -0.24421 0.707297 0.301175 0.0625372 -0.225399 0.204536 -0.0188668 0.082839 0.125388 
1.76641 -0.0673935 1.63195 0.672957 1.24927 0.444478 0.11039 -0.0933634 1.06808 0.106317 0.198866 0.0562625 
1.61268 0.127067 2.24298 -0.409955 0.263265 0.578639 0.582861 -0.453503 0.593345 0.154999 0.0850001 0.0696887 
1.50813 0.636918 2.04608 -0.127299 1.29726 0.233296 0.404571 -0.00457876 1.01083 -0.124927 0.153762 0.0913541 
2.0225 0.196924 2.36349 -0.29814 1.4739 0.0588537 0.360898 0.0313892 0.642282 0.11061 0.147825 0.0717817 
1.60638 -0.123636 -0.672702 0.594704 2.17409 1.22594 1.2759 -0.504493 1.68612 -0.972335 0.21987 0.124892 
2.56367 -1.0127 -4.33863 0.0412197 3.57784 2.1585 2.66179 0.223281 0.821579 -1.64345 0.334438 0.101505 
3.3578 0.749442 -2.27028 3.84261 3.60951 1.01026 3.64222 0.713273 1.46589 -0.766344 0.380779 0.0996325 
4.7743 -0.179627 -2.43872 3.98409 3.17895 1.05429 3.42346 0.428529 0.407079 -1.08324 0.203804 0.0204903 
2.41865 -1.17155 -0.498877 2.53755 2.68026 1.76879 2.12164 1.51058 -0.303308 -0.724502 -0.160328 0.031898 
3.76417 -1.22807 -1.23128 3.27267 3.12306 1.17632 2.38173 1.56417 -0.513839 -0.535511 -0.131924 0.056114 
4.34082 -1.55398 -1.68067 3.59938 3.41815 0.947003 2.47349 1.6232 -0.340095 -0.777273 -0.141781 0.0820701 
4.4854 -1.81235 -2.05887 3.7493 3.42426 0.94429 2.70683 1.21631 -0.103174 -0.890784 -0.0373419 0.0931073 
3.66668 -1.02008 -1.38046 2.84374 3.01071 1.36601 2.12889 1.48124 -0.491315 -0.775594 -0.169035 0.0883058 
4.06224 -0.874249 -1.49317 3.184 3.3024 0.774424 2.19701 1.45149 -0.34975 -0.825345 -0.265897 0.0875248 
5.61431 -0.936003 -2.2821 4.17077 4.07608 0.678336 2.31486 1.25502 0.16162 -0.997428 -0.194842 0.086239 
4.91547 -0.0466354 -1.98619 3.31079 3.93423 0.694204 1.80019 1.53103 -0.0341536 -0.741675 -0.405514 0.0918919 
3.33788 0.396961 -0.072877 1.82231 2.1375 1.40622 1.88476 1.54444 -0.1694 -0.896185 -0.350846 0.0328939 
3.38383 0.6388 -0.231726 1.7858 2.71616 1.64467 1.65449 1.32672 -0.132864 -0.874239 -0.242702 0.0545215 
3.67479 0.0712077 -0.258861 2.64837 2.90217 1.38536 1.78599 1.59042 0.0103455 -0.767581 -0.42727 0.0551212 
4.25606 0.476008 -0.623527 2.25625 2.82023 1.06417 2.02918 2.00805 0.0225629 -0.944318 -0.452912 0.0680321 
5.27726 0.50016 -1.71848 3.31059 4.256 0.575041 2.42033 1.26721 0.447647 -0.812237 -0.347422 0.115124 
3.97662 0.808254 -0.295385 2.1099 2.69424 1.65128 1.84564 1.5354 0.113017 -0.748879 -0.367981 0.0338833 
3.73908 0.99448 -0.350066 1.04326 2.32487 1.94845 1.65141 1.40751 0.140199 -0.881147 -0.466087 -0.0482505 
4.05661 0.993609 -0.660082 0.854403 2.22838 1.82334 1.55896 1.3501 0.100502 -0.901158 -0.416761 -0.0446303 
4.17286 0.911116 -1.0504 0.421978 1.96985 1.77993 1.6836 1.62028 0.23598 -0.866605 -0.439836 -0.073373 
4.74211 0.911348 -1.11533 0.803364 2.21599 1.6904 1.63153 1.63697 0.283912 -0.745756 -0.461353 -0.0499728 
5.75085 0.242972 -2.76312 0.0256596 2.2488 1.64116 1.91244 2.39992 0.691858 -0.789063 -0.650057 -0.0554651 
4.94929 1.07846 -1.67997 -0.350325 1.70624 2.03172 2.07056 1.89861 0.481678 -0.691061 -0.38483 -0.0685172 
4.45549 1.70525 -0.904959 -0.717685 1.42227 2.82562 2.69776 1.61599 0.334616 -0.328032 -0.219301 -0.0465501 
5.93714 1.93768 -0.704096 0.558908 2.56262 2.27022 1.35755 1.66825 1.24586 0.00608879 -0.398026 -0.152185 
3.87247 2.61277 1.44262 0.968921 1.45678 1.74562 1.69765 1.76334 1.02197 -0.13963 -0.582794 -0.144689 
3.46409 2.51829 1.66389 0.643246 0.708289 1.5496 1.67269 1.62513 1.05281 -0.216986 -0.587035 -0.134789 
3.28498 2.59605 1.51455 0.522049 0.356268 0.988472 1.72411 1.52577 0.66749 -0.220811 -0.483387 -0.150926 
3.58921 2.96333 1.87257 0.826385 0.756771 1.40322 1.73117 1.30863 0.664545 -0.308231 -0.551475 -0.1585 
3.43292 2.80833 2.0566 0.768037 0.559665 1.21107 1.3033 0.865916 0.859543 -0.195362 -0.501418 -0.129 
2.59546 2.41614 2.8352 0.442937 1.28043 1.70429 1.8175 0.756879 0.704528 0.0324271 0.0632404 0.0231122 
2.25263 1.58107 2.51823 0.256378 2.10225 1.52393 1.93164 1.24772 0.889921 -0.0399468 0.0800131 0.0485603 
1.75341 1.72425 2.148 0.239112 0.924642 1.46044 1.7139 0.531676 0.429676 0.255653 0.0904525 0.00664021 
1.82122 1.52978 2.49519 -0.0702813 1.32065 1.81341 1.54153 0.374566 0.765886 -0.362675 0.0139708 0.0591947 
2.28092 0.975273 2.15393 -0.481398 1.06628 0.757598 1.24847 -0.0437931 -0.475882 -0.462215 -0.0946771 -0.0373408 
3.56089 -0.518433 -2.39595 2.56537 0.553721 1.47868 2.29894 0.434939 0.520015 -0.600654 0.415488 -0.14352 
3.22161 -0.0650773 -1.88905 0.159565 1.30815 1.23334 0.205889 0.250014 1.05253 0.139264 0.431657 -0.118351 
4.37854 -0.408186 -2.16388 2.02199 1.3386 2.36554 1.58799 -0.679544 1.7688 0.604664 0.492555 -0.148835 
3.086 -0.599232 -1.16922 1.44905 4.00765 2.56042 0.617813 -0.0991581 0.646908 0.629709 0.48992 -0.0104389 
3.47923 -0.299287 -1.26623 -1.43139 1.94636 1.45783 0.689279 -0.145947 1.23988 0.526262 0.461656 -0.0827922 
2.72957 -0.351653 -0.845299 -0.722995 1.94639 1.38089 0.663889 0.589334 0.804071 0.973035 0.569976 -0.100496 
1.96883 -0.176367 -0.307899 -0.148819 1.99631 1.86923 0.590361 -0.736372 0.0427921 0.811231 0.548859 -0.0299237 
1.90311 0.0481882 0.309077 -0.473569 1.34011 1.01084 0.63205 -0.123602 0.67624 0.866177 0.604586 -0.136214 
1.83914 0.891896 1.14518 -1.18971 1.27559 1.18833 0.279196 -0.725916 0.516494 0.0175257 0.294835 0.0112778 
1.67769 0.519667 1.50452 -1.45885 0.100428 0.665119 0.490199 -0.201202 0.885582 0.0911669 0.202379 -0.0970074 
1.37906 -0.112029 1.23902 -0.546402 0.208797 0.562956 -0.152461 -0.598049 0.859777 -0.325619 0.257922 0.020891 
1.48982 0.524811 1.6813 -1.12591 0.780371 0.303419 0.433786 -0.586897 0.822822 0.230269 0.259393 0.131329 
1.12159 0.527063 1.27971 -0.23341 0.887093 0.087075 0.64088 -0.233454 0.743205 -0.0883685 -0.129779 0.0337409 
1.44522 0.722094 1.60068 0.477457 0.878785 -0.40799 1.16188 -1.11442 0.405488 -0.36086 0.0556789 0.0773743 
1.39274 0.692068 1.92009 0.228854 0.602907 -0.491519 0.313717 -0.560647 0.224251 0.091207 0.231061 0.113288 
1.14625 0.413205 1.99215 0.0288651 1.12438 -0.185675 0.18847 0.0103486 0.224734 0.303188 0.243971 -0.0288293 
1.32967 0.63976 1.95316 -0.713319 -0.183445 -0.0468703 0.506922 -0.25609 -0.264953 -0.0637832 0.136716 0.0462359 
1.0939 0.59244 1.32128 0.205129 1.10121 -0.00765403 -0.726626 -0.803916 0.0708775 -0.122248 -0.124033 -0.0635924 
1.40324 0.762551 1.79665 -0.389392 0.665535 0.279749 0.123416 -0.787124 0.4117 0.195303 0.243069 0.055161 
1.2356 1.00622 1.56383 -0.472692 0.128013 0.74423 0.598096 0.157366 0.353825 -0.492506 0.290858 0.0693364 
1.31574 0.0452586 1.58005 0.275627 0.970199 1.02719 0.141982 -0.507242 0.0143717 -0.236326 0.142247 0.102692 
1.4397 0.479137 1.30882 -0.0158613 0.899644 -0.496279 0.434701 -0.935679 0.30112 0.034294 0.26336 0.0232636 
1.25911 0.270673 1.7222 -0.239063 0.722833 -0.138047 0.440127 -0.666297 0.263864 -0.144959 0.138034 0.0576042 
