1.91872 0.500767 1.94932 -0.618978 0.616084 -0.429434 -0.178289 -0.397632 0.87641 0.0916692 -0.0469379 0.00199108 
1.78585 -0.0722417 1.82331 -0.349892 1.03879 0.163602 0.407315 0.0965135 0.620716 -0.0732469 0.103648 0.0909699 
1.80472 0.396799 1.80947 -0.560932 0.49826 -0.103994 0.648877 -0.395199 0.508865 0.0542635 0.108522 0.0265218 
1.89467 0.69013 1.56039 -0.453131 0.806431 -0.114087 0.747226 0.0289349 0.0703554 -0.0468847 0.176026 0.10523 
2.03991 0.608264 1.15798 -0.00157149 0.968838 -0.738582 0.370264 -0.0262939 0.100783 -0.211178 0.0318804 0.0418644 
1.9039 0.0978425 1.70627 -0.429908 0.431627 0.305187 0.725166 -0.643988 0.101893 0.0758178 0.0303254 0.0443341 
1.51701 0.608405 1.40328 -0.650244 1.24085 0.0293672 0.328568 -0.565724 -0.151899 -0.0240302 -0.00059939 0.0264814 
1.86437 0.623229 2.12355 -0.173409 0.290383 0.288938 0.345165 -0.17644 0.509259 -0.321729 0.341908 0.0744432 
1.83394 0.717152 2.15852 -0.258077 0.666532 -0.35975 -0.109466 -0.776874 -0.0715904 -0.219353 0.100989 0.0390997 
1.85763 0.136923 1.8678 -0.487704 0.718928 -0.100246 0.00924513 -0.193632 0.603551 -0.237084 0.165758 0.0381089 
1.70624 0.444785 2.26694 -0.406721 0.861896 -0.100562 0.730768 -0.768179 0.642478 -0.179846 0.1376 0.0675741 
2.16285 0.663014 1.57701 -0.340544 0.857399 0.0542715 0.866604 -0.12078 0.461672 -0.36189 0.16761 0.133639 
1.74722 0.214868 1.28454 -1.03759 0.446778 -0.836927 -0.155974 -0.725887 0.0983636 -0.191991 -0.015175 -0.0044994 
1.74221 0.260041 2.09956 -0.420551 1.15606 0.0710443 0.156875 -0.189681 0.129621 0.0463369 0.103964 0.0404778 
1.95315 0.680856 1.5331 -0.0316711 0.873374 -0.379076 0.274898 -0.49974 -0.173741 -0.0651573 0.261258 0.0298551 
1.83905 0.466151 2.08806 -0.136424 1.34976 -0.0532946 0.267565 -0.376498 0.00330807 -0.519868 -0.113455 0.077201 
1.90898 0.294173 1.43086 -0.796562 0.636217 -0.651212 0.461357 -0.210197 0.197034 -0.297671 0.155712 0.043599 
1.72227 0.375085 1.53285 -0.369858 0.730955 0.0594915 0.284262 -0.576025 0.169182 -0.714456 0.0211513 0.0284968 
1.86102 0.241852 1.7414 -1.05665 1.22861 -0.706345 0.221851 0.611784 0.277622 -0.113937 0.154218 0.00671393 
1.88489 0.0698265 1.13601 -0.0951465 0.295395 -0.324424 0.310537 -0.638878 0.845358 -0.378156 0.21208 0.0238127 
1.81715 0.479897 2.2701 -0.503487 0.342765 0.211695 0.446829 -0.780404 0.694806 0.350443 -0.0899848 0.0223909 
1.89444 -0.21158 1.79726 -0.188964 1.24758 0.393267 0.644795 -0.104266 -0.00401345 0.0930575 0.0256877 0.104764 
1.63286 -0.18515 1.11386 -0.0333371 0.509977 -0.764791 0.324336 -0.340752 0.33629 -0.435723 0.192421 0.042504 
1.47828 2.10294 -1.26915 1.47359 3.81137 -0.222825 4.22448 1.11965 0.479622 -0.974523 -0.0297397 0.22769 
3.81268 0.799663 0.591282 3.84875 2.74018 0.716627 4.64053 0.510313 0.177676 -0.779622 0.0114572 0.0768378 
4.30708 -1.20805 -0.745962 4.39549 2.24546 0.0111145 4.10475 1.16701 0.0789506 -1.07379 0.0614832 0.056565 
4.20321 -1.40648 -0.611925 4.08452 1.95732 0.164651 4.04252 0.964827 0.041659 -1.08003 0.0618571 0.0618037 
4.67045 -1.0074 0.145927 3.86656 2.34264 0.0145019 3.95943 1.43522 -0.180654 -1.06604 -0.0861473 0.120058 
3.45663 0.341563 -0.0768839 3.1705 2.66208 1.09178 2.43681 1.39904 -0.25157 -0.672847 -0.00664952 0.126837 
4.12028 0.302644 -0.693883 3.64569 3.4197 0.211906 2.66706 1.12931 0.0188616 -0.796947 -0.0440116 0.152303 
3.90164 0.283045 -0.400165 3.43003 2.68247 0.441911 2.93966 1.58469 0.0167288 -1.06396 -0.324971 0.0969968 
3.0681 0.424602 0.536672 2.71974 2.53601 1.44552 2.04389 1.60324 -0.0055177 -0.71334 -0.452398 0.0761937 
3.08017 0.643522 0.750683 2.59876 2.65802 1.5828 1.77567 1.48125 0.0329032 -0.729653 -0.488968 0.0687601 
3.61869 0.841776 0.202386 2.67748 3.62211 1.94588 1.21245 1.13069 0.307019 -0.557662 -0.429026 0.0387533 
3.52826 0.920085 0.169621 2.49598 3.39962 1.96614 1.31539 1.07508 0.386321 -0.659309 -0.448509 0.0249802 
4.22504 1.01521 0.00269466 2.83879 3.72589 1.80629 1.67665 1.39992 0.472982 -0.683672 -0.574182 0.015632 
4.66423 1.09722 -0.167549 3.15311 3.99555 1.71548 1.70742 1.59333 0.416055 -0.664573 -0.517469 0.0483098 
5.85689 1.57772 -1.92613 3.55299 4.52145 0.678523 2.25426 0.790344 1.23318 -0.853204 -0.468726 -0.0103692 
3.81598 1.41698 0.256285 1.98411 3.17893 2.25589 1.27641 1.11374 0.457529 -0.538907 -0.436313 -0.0212789 
3.7959 1.40538 0.0863058 1.55711 3.00836 2.31117 1.43858 1.19733 0.513828 -0.549241 -0.487035 -0.0458214 
4.98106 1.46288 -0.267834 2.10192 3.46338 2.12953 1.36049 1.53522 0.522737 -0.567123 -0.520847 -0.038762 
4.00269 1.40675 0.117292 1.6879 2.97372 2.04241 1.2943 1.36383 0.604831 -0.508793 -0.461385 -0.0463385 
4.20799 1.43913 -0.463164 1.07825 2.72975 2.01468 1.21267 1.61807 0.877055 -0.554569 -0.469154 -0.0892512 
5.85755 1.01045 -1.55327 1.34786 3.56188 1.76734 0.984118 1.77064 0.798923 -0.259896 -0.567755 -0.0795222 
5.76747 1.4053 -1.52113 0.707123 2.93464 2.05593 1.10752 1.57209 0.803379 -0.223719 -0.485722 -0.119869 
8.15153 0.304355 -4.12043 0.149767 3.32554 2.28428 1.78048 1.96687 0.867 -0.540858 -0.793421 -0.128099 
5.74312 1.07964 -2.5214 -0.668152 2.28392 2.24421 1.75138 2.14196 1.07077 -0.369386 -0.517861 -0.1451 
4.68952 1.9138 -0.700155 -0.307879 1.99928 3.01721 2.31702 1.26868 0.238417 -0.296921 -0.259521 -0.0570411 
5.38221 1.36145 -1.48605 -0.00714289 3.04487 3.16555 1.78317 1.30296 1.00438 0.0188534 -0.221733 -0.113027 
5.75532 1.89293 -1.6973 -1.15663 2.73423 3.17248 2.11384 2.05788 1.66083 0.196134 -0.00158378 -0.078073 
4.79716 2.19722 -0.259904 0.0882427 2.34404 3.0266 1.94032 1.68813 1.85671 0.599114 -0.0410091 -0.113729 
3.9884 2.03099 0.520549 0.527722 1.94034 2.39227 2.21955 1.63524 1.28227 0.286296 -0.235397 -0.0507438 
3.33278 2.52442 1.7472 0.945735 1.66066 2.11357 2.25831 2.18626 1.05528 0.507637 -0.287022 -0.00654235 
2.97888 2.31897 2.21635 0.828729 1.00104 1.52566 2.26649 1.66866 1.6245 0.406327 -0.155363 0.0075225 
2.38166 1.78714 2.2385 -0.425521 1.16274 1.56289 2.04554 1.92125 0.718964 -0.0227731 -0.152513 -0.0495022 
1.76338 1.59174 2.31624 -0.140546 0.967441 1.64758 2.10763 0.460548 0.55834 -0.0827061 0.0610785 0.027274 
1.48843 1.12658 2.82832 -0.036944 1.10517 1.09166 0.853556 -0.239467 0.62794 0.210411 0.0585349 0.0154408 
1.34517 1.1941 1.70689 -0.933803 1.39984 0.715651 1.27054 0.237976 0.363033 -0.176222 0.193454 0.0705283 
3.65747 0.910329 -0.0478779 2.26047 -0.263712 1.42848 0.667197 -0.643612 0.465088 -0.908297 0.383163 0.108347 
5.33096 0.0113301 -3.43966 2.29882 -0.963166 2.23204 2.68395 0.497402 0.458128 -0.247474 0.28065 -0.181309 
4.88465 0.368192 -2.97335 1.83357 -0.835877 1.48361 1.62625 -1.33983 -0.369434 -0.0718542 0.551298 -0.123002 
4.37357 1.18787 -2.7639 -0.598743 -0.596379 2.34146 0.289563 -1.3946 1.57418 0.62562 0.768523 0.0236341 
3.5425 1.09259 -0.7223 -0.886985 0.74934 2.29539 0.772542 -1.63643 1.01247 0.312487 0.612248 0.16299 
1.99762 0.983229 -1.5375 -0.932655 -0.148572 1.68811 0.977448 -0.65786 0.999589 -0.382385 0.794009 -0.184799 
1.61353 1.31611 -0.103798 -0.876412 0.174451 1.62738 1.18326 0.397091 0.393419 -0.07495 0.486668 -0.00349047 
1.71939 0.505293 0.768155 -1.23461 0.360585 0.431544 1.07298 1.04053 0.957877 0.124712 0.171032 -0.10111 
1.51397 0.971997 1.63297 -1.80257 -0.0648864 0.390254 1.66948 0.593303 1.22052 0.444321 0.0984525 -0.057754 
1.50088 0.999612 1.93809 -0.370317 0.281191 0.036669 0.251441 0.447329 0.303252 0.262945 0.0933925 0.0830987 
1.36218 0.627268 1.69238 0.157852 0.572309 0.171643 0.913289 0.054311 0.430542 0.132574 0.0543632 0.0823118 
1.41077 0.600786 1.40347 0.280219 0.568413 -0.663918 0.382394 -0.31149 0.049223 0.0342485 0.385829 0.0999675 
1.31979 0.236826 1.76389 0.252044 0.690556 -0.885165 0.558052 -0.269193 -0.0764178 0.225653 -0.00612406 0.072596 
1.14242 0.0780547 1.29034 -0.230157 0.897711 -0.483727 -0.408103 -0.102017 -0.370631 -0.340309 0.272915 0.0209153 
1.25003 0.709274 2.05595 -0.798501 -0.170476 0.149298 -0.24723 -0.0551849 0.414725 -0.468198 0.112031 0.0772567 
1.01201 0.504377 1.99194 -0.659516 0.245643 0.171611 -0.261309 -0.250727 0.0528673 -0.379127 0.446289 0.0977393 
0.999703 0.580117 2.02747 0.524923 0.751984 0.201865 -0.255371 -0.707613 0.20303 -0.228742 0.129584 0.0134092 
1.27549 0.333639 1.60336 -0.292323 1.00223 -0.224308 0.114635 0.13221 0.0957294 -0.578648 0.112372 0.0937856 
1.20888 0.692958 1.79567 0.0487036 0.00564143 -0.899187 0.396308 -0.104007 0.360876 0.121422 0.0948285 0.0634927 
1.10258 0.620412 1.65767 0.553695 0.475131 -0.43306 0.16311 -0.811379 0.295006 0.0851671 0.194291 0.016274 
1.27337 0.546489 1.71621 0.600929 0.233951 -0.254208 0.155934 -0.596708 0.268719 -0.230246 0.138751 0.0255481 
1.57233 0.313404 2.07353 -0.349244 0.916779 -0.855917 0.304724 -0.402203 0.0298311 0.272691 0.0853743 0.0752849 
1.15956 0.417959 1.18192 -0.0193325 0.552757 0.102641 0.316328 -0.342373 0.153322 0.134741 0.042383 0.0496788 
1.40168 0.650737 1.59328 -0.197801 0.58232 0.0348001 0.00501378 -0.891393 0.3591 -0.221601 0.217219 0.0576441 
1.1598 0.489619 1.1585 -0.198154 0.81411 0.186432 0.187787 -0.456739 0.448034 -0.426498 0.134959 0.0899115 
1.07477 0.459272 0.804779 -0.23144 0.80189 -0.101934 0.719937 -0.594509 -0.536234 0.111975 0.108413 -0.0388733 
1.45803 0.466528 1.35831 -0.347388 0.911801 0.0618554 0.149195 -0.249108 0.399339 -0.27641 0.226845 0.0253412 
