1.30755 0.489834 0.456374 -0.730692 0.777538 0.173549 0.125139 -0.482622 0.87652 0.0276215 0.0765228 -0.00913133 
1.41862 0.0533318 0.780271 -1.40167 1.27633 0.347675 0.151449 -0.528625 0.54019 -0.257049 0.152226 0.0979318 
1.82506 -0.104915 1.4884 -1.11437 1.10483 0.493943 0.485689 -0.148553 0.24979 0.420977 -0.289457 -0.00862649 
1.75239 0.859959 1.32734 -0.812 0.358571 -0.0841604 -0.292316 -0.573773 0.617401 0.210833 -0.157838 0.0462389 
1.53907 0.257326 1.67084 -1.25836 1.05071 -0.0918966 -0.575384 -0.761334 -0.0656951 0.0360771 0.193132 0.0433875 
1.93057 0.253309 0.754719 -0.560599 0.867185 0.202088 0.162732 0.0152236 0.482439 -0.158607 -0.123064 -0.0334581 
1.63561 0.442136 0.891272 -0.445874 1.75003 -0.0788732 -0.26728 -0.314954 0.535676 -0.432456 0.123165 -0.0458216 
1.58435 0.389381 1.62555 -0.661404 1.02403 -0.152134 0.611154 -0.508557 0.373663 0.017733 0.132563 0.0163533 
1.89572 0.335499 0.980591 -0.50318 0.994414 0.00991294 0.158706 -0.613879 0.550087 -0.370682 0.218712 0.0365592 
1.67407 0.422306 1.80765 -0.80003 0.683361 -0.384899 0.613101 -0.758883 0.237812 -0.247923 0.294661 0.0584151 
1.59678 0.190905 1.91338 -1.1186 1.46307 0.623233 0.877443 -0.493049 0.137299 -0.323286 0.116986 0.127407 
1.68503 0.0585496 1.79321 -1.11954 1.02925 -0.377242 -0.58789 -0.398697 0.232726 -0.30128 0.0490078 -0.00535299 
1.58953 0.393664 1.60909 -0.525911 0.882221 0.0657546 0.448275 -0.374124 0.0245977 -0.423366 0.277847 0.11002 
1.92128 0.735031 1.84676 -0.4665 1.20991 0.538684 0.926948 -0.0951641 0.59068 -0.335741 0.386086 0.0838799 
1.77788 0.360706 1.21971 -0.322418 0.79917 0.682859 0.251207 -0.694261 0.742949 -0.0792426 0.303913 0.111674 
1.59922 0.364569 1.7249 -1.08007 0.621254 -0.180721 0.647515 0.108225 -0.159418 -0.21732 -0.023587 0.0303981 
1.52569 0.219836 1.11375 -0.243235 0.730222 0.555879 0.658588 -0.372672 0.749894 -0.346448 0.180769 0.0489919 
1.73353 0.446011 1.14616 -0.810797 0.127413 0.179394 0.126634 -0.022917 0.429352 -0.157789 0.102056 0.0477611 
1.72338 0.491296 1.32296 -0.612479 1.0646 -0.162665 0.654103 0.262365 0.604627 -0.326939 0.270483 -0.014748 
1.61514 0.0717391 1.55599 -0.31832 0.597406 0.0750753 -0.0770205 0.231569 0.148543 -0.732436 -0.00165408 0.0557681 
1.73921 -0.0348086 1.06389 -0.679875 1.30054 0.0219033 0.225747 0.0566479 0.0777811 -0.347248 0.231471 0.0153703 
1.61221 0.662779 0.984221 -0.591667 0.645788 -0.163586 0.122165 -0.409757 0.136529 -0.597593 0.0449397 0.0185725 
1.36919 0.0385787 1.04679 -1.20537 0.840869 -0.819797 0.221281 -0.680953 -0.00939191 -0.394268 0.171185 -0.0344026 
1.77871 0.430006 2.01053 -0.703023 1.11006 -0.634673 0.25623 -0.646292 0.538949 0.113417 0.137913 0.0996776 
1.32563 0.407537 1.25629 -0.871472 0.888984 -0.324645 0.0521636 -0.0602494 0.157066 -0.234013 0.226499 0.0504157 
1.66555 0.0211495 1.77201 -0.258375 0.966271 -0.286037 0.292477 -0.475538 -0.227847 -0.0300416 0.241666 0.0406301 
1.93084 0.313916 1.12606 0.0564677 1.52382 -0.340012 0.176619 -0.649646 -0.196651 -0.0556671 0.219145 0.0429849 
1.79601 0.139745 1.53832 -0.755946 0.427983 0.261751 0.383791 -0.620485 0.179114 -0.0594006 0.113253 0.0514742 
1.5066 0.127335 1.26865 -0.603442 1.11441 -0.141186 -0.263673 -0.309117 0.533153 -0.450814 0.20459 -0.00230134 
0.354089 1.83742 0.451745 0.306293 0.657753 0.0782852 0.93342 -1.17515 1.07149 -0.986146 0.344343 0.000202442 
-1.32068 -2.22191 -3.0413 2.12034 1.64349 0.253671 2.21886 0.153844 0.329254 -1.54218 0.472845 0.11295 
0.394571 -1.02559 -1.77455 2.62047 3.95849 0.7175 2.5107 0.486409 0.325878 -1.46282 0.333113 -0.00320873 
2.71116 -0.156096 -0.363154 2.26147 3.47697 1.09751 2.8534 0.616711 0.0608049 -0.764331 -0.00149995 0.142318 
3.9144 -0.614742 -1.66789 3.58777 3.22511 0.427477 3.83655 0.357911 0.19325 -1.14601 0.126035 0.101503 
3.36336 -1.43648 -1.8048 3.79244 3.58715 0.567234 3.58695 0.49388 0.298989 -1.05685 0.122016 0.111578 
3.40227 -0.378261 -1.01552 1.85039 3.65373 1.28611 3.03037 1.01574 -0.246836 -0.760591 -0.0399069 0.151464 
4.18145 -0.945716 -2.40816 3.98356 3.98315 0.446209 3.30577 0.770127 0.358421 -1.09476 0.079647 0.147258 
4.58463 0.413764 -2.24293 3.58919 4.49702 0.67692 3.2279 0.954072 -0.0173991 -0.752092 -0.178994 0.174148 
4.65869 0.470345 -2.95657 3.7241 4.34415 0.671725 3.15207 0.636802 0.342658 -1.06237 -0.0711073 0.14397 
4.37613 -0.386729 -1.60693 2.70313 3.47315 0.707479 2.43763 1.2208 -0.0906702 -0.906907 -0.193487 0.129541 
4.25877 0.171413 -1.16168 2.73475 3.0678 1.28367 1.9784 1.58927 0.0567227 -0.866368 -0.405542 0.0804492 
5.20692 0.0302247 -1.55339 3.61963 4.25468 0.952915 2.30586 1.60789 0.0164904 -0.803813 -0.389151 0.110418 
3.98116 0.776725 -0.534303 1.99671 3.19434 1.81008 1.43029 1.24463 -0.00798228 -0.725129 -0.376923 0.0445346 
3.74625 1.33351 0.0413575 1.50596 2.52384 1.89893 1.71046 1.10723 -0.060244 -0.820149 -0.300506 0.018309 
4.38452 0.737379 -0.652816 2.21176 3.42656 1.49235 1.54329 1.19018 -0.000954026 -0.836252 -0.426768 0.0444993 
4.32216 0.799405 -0.0219772 2.47078 3.16134 2.07141 1.66593 1.64596 -0.274471 -0.681278 -0.51282 0.0171704 
4.72802 0.507904 -0.249879 2.34963 3.21718 2.00407 1.78787 1.37484 -0.0250125 -0.566451 -0.375218 0.0249548 
4.47569 0.865887 0.119396 2.53148 3.00101 2.02009 1.92873 1.52649 0.231549 -0.621377 -0.363684 0.049178 
5.21963 0.926332 -1.09803 2.29426 3.37243 1.60215 1.7653 1.51868 0.426405 -0.672039 -0.475949 0.0227831 
6.96261 -0.160966 -2.60434 2.41191 3.91193 1.41128 1.98401 1.84479 0.376401 -0.839192 -0.438653 0.0812292 
4.69617 -0.00523014 -1.98261 1.15761 3.28016 1.89482 1.31585 1.87201 0.597859 -0.707762 -0.549939 -0.0273128 
5.09748 0.049264 -1.99151 1.31721 3.26214 1.84348 1.47212 1.79495 0.411106 -0.68749 -0.532485 -0.00335839 
5.28462 -0.348774 -1.32303 1.13573 2.29457 1.62361 1.50231 1.63793 0.852927 -0.631046 -0.498885 -0.0315972 
3.33546 0.0554671 -0.90203 1.06953 2.4195 1.8259 1.46318 1.63449 0.661074 -0.71991 -0.396229 -0.0380777 
3.62525 1.2264 -0.47042 0.510781 2.18657 2.27648 1.60798 1.14528 0.350702 -0.446516 -0.345722 -0.0798411 
6.40309 0.592374 -1.13489 2.04465 2.58783 1.32573 1.97256 1.95879 0.273159 -0.560404 -0.441108 -0.0554415 
5.55395 1.21213 -0.705369 1.53927 2.60861 1.7475 1.65305 1.74834 0.706257 -0.117447 -0.432511 -0.104529 
6.31394 1.38967 -1.61169 1.03918 3.20866 1.83752 1.45996 2.43954 0.830812 -0.0468637 -0.412677 -0.010023 
5.96467 1.61739 -0.752723 1.0824 3.40719 2.76049 1.81828 1.62217 0.835897 0.08144 -0.228832 -0.039756 
4.2683 2.18393 0.79582 1.45798 2.56453 2.49415 1.894 1.71833 1.33744 0.235937 -0.452383 -0.0994918 
3.25602 2.31176 1.78139 1.55435 1.97549 2.2815 2.11029 1.63186 1.03199 0.268415 -0.237321 0.0320882 
2.7813 2.07092 1.88556 2.05183 1.85136 1.85119 1.56563 1.15358 0.783233 0.548171 0.265548 0.0844746 
2.67456 2.12549 1.92092 1.89827 1.86736 1.64696 1.35212 0.951917 0.695144 0.497415 0.317027 0.0726219 
2.8387 2.47875 2.18624 2.10247 1.96071 1.69946 1.70222 1.19871 1.05073 0.639293 0.345718 0.100461 
2.85885 2.43418 2.37619 2.0575 2.01017 1.71197 1.54647 1.28561 0.875268 0.644256 0.384824 0.10129 
2.70127 2.31922 2.17418 1.90643 1.78392 1.60843 1.28364 1.01808 0.823955 0.502879 0.265758 0.0761276 
2.70889 1.10646 1.40772 -0.0911564 3.04748 0.866337 1.86733 1.08645 0.425223 -0.109542 0.244627 0.0903542 
2.93374 0.146362 -0.463537 -0.683223 1.6339 2.28671 0.547235 0.271909 1.70587 -0.557429 0.368152 -0.162925 
3.11768 0.220689 -0.0235382 -0.304976 1.67816 1.89486 0.886155 -0.144164 2.0492 0.631412 0.350156 -0.121836 
3.85776 0.0121798 -0.615498 0.354574 1.79659 3.26971 0.969507 -0.195099 2.40347 0.761056 0.349459 -0.0681988 
4.32057 -0.0450311 0.650528 -0.451747 4.50717 2.96503 0.522606 -1.61859 2.18927 0.733159 0.272714 0.169666 
3.89889 -0.776877 -0.499023 -0.79076 2.66942 2.14434 -0.630602 -0.876259 1.57756 0.184055 0.0156753 -0.144308 
3.66723 0.89675 -1.56976 0.776857 2.86449 1.20689 0.60162 -0.38008 1.85851 0.743376 0.245716 -0.207322 
1.06936 3.20136 -3.24977 2.075 1.08833 2.21107 1.56221 -0.406493 2.15122 0.711311 0.638411 -0.297127 
1.42279 1.7143 -2.94033 1.24713 1.22415 1.24356 0.93626 -0.750395 1.57279 0.536224 0.692833 -0.275357 
2.26134 0.162303 0.36333 0.756482 2.79761 1.051 0.757162 -0.857714 1.02542 1.19566 0.395386 -0.0865832 
1.99174 0.810152 0.727435 0.582467 1.54823 1.08895 0.375042 -1.01514 0.266698 0.862885 0.186855 0.0254803 
1.98589 -0.136044 0.818367 -0.333019 2.55102 0.812064 -0.544754 -0.653799 0.322986 0.984631 0.441612 -0.00141665 
1.48192 0.583095 1.33356 0.207785 1.15137 1.0005 0.413287 -0.404349 -0.224949 0.632124 0.395003 0.0224145 
1.39932 0.477555 2.0085 0.0046001 0.347491 -0.337186 0.0770539 -0.230447 0.0488275 0.236206 0.15 0.142756 
1.22206 0.610446 1.92404 0.824813 0.850643 0.145889 0.0350621 -0.552553 0.291311 0.249515 0.0804273 0.0853139 
1.11985 0.90319 1.70191 -0.736509 0.204518 0.23618 0.614109 -0.0264813 -0.183523 0.15435 0.192432 0.0492992 
1.44224 0.39066 1.47668 0.0142325 0.379652 0.154558 0.107284 0.267217 0.389483 0.0407541 0.313634 0.108808 
1.43842 0.479355 1.58267 0.000741573 0.0496805 -0.255491 0.250095 -0.244251 -0.173753 -0.0112307 0.316129 0.0687666 
1.35338 0.630194 1.71976 -0.310855 -0.0827138 -0.272672 -0.117079 0.138864 0.541015 0.0405258 0.165223 0.109155 
