1e-030 1e-030 1e-030 1e-030 1e-030 1e-030 1e-030 1e-030 1e-030 1e-030 1e-030 1e-030 1e-030 1e-030 1e-030 1e-030 1e-030 1e-030 1e-030 1e-030 1 1e-030 1e-030 1e-030 1e-030 1e-030 1e-030 1e-030 1e-030 1e-030 1e-030 1e-030 
1e-030 1e-030 1e-030 1e-030 1e-030 1e-030 1e-030 1e-030 1e-030 1e-030 1e-030 1e-030 1e-030 1e-030 1e-030 1e-030 1 1e-030 1e-030 1e-030 1e-030 1e-030 1e-030 1e-030 1e-030 1e-030 1e-030 1e-030 1e-030 1e-030 1e-030 1e-030 
1e-030 2.48237e-158 1e-030 1e-030 1e-030 4.86601e-129 1e-030 1.72178e-098 1e-030 1e-030 1e-030 1e-030 1e-030 1.0522e-039 3.22116e-271 1e-030 0.250515 0.749485 1e-030 1e-030 1e-030 1e-030 1e-030 1e-030 3.22116e-271 1e-030 1e-030 1e-030 1e-030 1e-030 4.25635e-069 1e-030 
1e-030 0.018378 5.4155e-277 7.11809e-240 1e-030 0.244902 1e-030 0.244902 1e-030 1e-030 1e-030 1e-030 1e-030 0.244902 1.98449e-211 1e-030 2.92434e-007 0.00201445 1e-030 1e-030 1e-030 1e-030 1e-030 1e-030 1.53887e-040 1e-030 1e-030 1e-030 1e-030 1e-030 0.244902 1e-030 
1e-030 0.145812 0.0133467 0.0133467 1e-030 4.41816e-012 1e-030 0.0133467 1e-030 1e-030 1e-030 1e-030 1e-030 6.9339e-088 0.0133467 1e-030 2.62834e-118 0.0400401 1e-030 1e-030 0.0266934 1e-030 1e-030 0.333667 0.0400401 1e-030 1e-030 0.0934268 0.0133467 0.0133467 0.12012 0.12012 
1e-030 1e-030 1e-030 1e-030 1e-030 1e-030 1e-030 1e-030 1e-030 1e-030 1e-030 1e-030 1e-030 1e-030 1e-030 1e-030 1e-030 1e-030 1e-030 1e-030 1e-030 1e-030 1e-030 1e-030 1e-030 1e-030 1e-030 0.490951 1e-030 1e-030 0.0407121 0.468336 
1e-030 1e-030 1e-030 1e-030 1e-030 1e-030 1e-030 1e-030 1e-030 1e-030 1e-030 1e-030 1e-030 1e-030 1e-030 1e-030 2.27392e-061 1e-030 1e-030 1e-030 1e-030 1e-030 1e-030 1e-030 1e-030 1e-030 1e-030 0.646235 1e-030 1e-030 0.154623 0.199142 
1e-030 1e-030 1e-030 1e-030 1e-030 2.64834e-247 1e-030 1.21456e-171 1e-030 1e-030 1e-030 1e-030 1e-030 1e-030 1e-030 1e-030 0.999999 5.50684e-011 1e-030 1e-030 1e-030 1e-030 1e-030 1e-030 1e-030 1e-030 1e-030 6.89351e-007 1e-030 1e-030 7.09075e-045 2.67078e-121 
1e-030 4.02905e-009 1e-030 1e-030 1e-030 0.142392 1e-030 0.143005 1e-030 1e-030 1e-030 1e-030 1e-030 1e-030 1.17558e-237 1e-030 1.25447e-013 0.571994 1e-030 1e-030 1e-030 1e-030 1e-030 1e-030 1e-030 1e-030 1e-030 4.56045e-050 1e-030 1e-030 0.142609 1e-030 
1e-030 0.241349 1e-030 1e-030 1e-030 7.39139e-005 1e-030 9.65444e-038 1e-030 1e-030 1e-030 1e-030 1e-030 1e-030 0.0172392 1e-030 1.19368e-295 0.0344816 1e-030 1e-030 0.0172392 1e-030 1e-030 0.258588 1e-030 1e-030 1e-030 0.0861961 0.0172392 0.0172392 0.206918 0.103435 
1e-030 1e-030 1e-030 1e-030 1e-030 1e-030 1e-030 0.134671 1e-030 3.09902e-108 1e-030 1e-030 1e-030 1e-030 1e-030 1e-030 1e-030 1e-030 1e-030 1e-030 1e-030 1e-030 1e-030 0.13467 1e-030 1e-030 1e-030 0.191972 1e-030 0.134671 0.404014 1.53122e-040 
1e-030 1e-030 1e-030 1e-030 1e-030 1e-030 1e-030 1.73629e-070 1e-030 0.121682 1e-030 1e-030 1e-030 1e-030 1e-030 1e-030 1e-030 1e-030 1e-030 1e-030 1e-030 1e-030 1e-030 8.50932e-007 1e-030 1e-030 1e-030 0.513269 1e-030 0.121682 1.07021e-009 0.243365 
1e-030 1e-030 1e-030 1e-030 1e-030 1e-030 1e-030 8.9023e-190 1e-030 2.20389e-159 1e-030 1e-030 1e-030 1e-030 1e-030 1e-030 1e-030 2.86662e-125 1e-030 1e-030 1.88245e-008 1e-030 1e-030 0.323719 1e-030 1e-030 1e-030 0.271633 1e-030 8.93724e-009 0.161859 0.242789 
1e-030 4.91137e-017 1e-030 1e-030 1e-030 1e-030 1e-030 0.259632 1e-030 4.19956e-322 1e-030 1e-030 1e-030 1e-030 1e-030 1e-030 0.146604 0.445196 1e-030 1e-030 0.148568 1e-030 1e-030 4.85034e-016 1e-030 1e-030 1e-030 1.32398e-156 1e-030 3.05441e-041 9.13986e-228 5.36409e-184 
1e-030 0.298394 1e-030 0.0397859 1e-030 1e-030 1e-030 0.0448076 1e-030 1e-030 1e-030 1e-030 1e-030 1e-030 1e-030 1e-030 0.0400488 0.0796397 1e-030 1e-030 0.0397859 1e-030 1e-030 0.159144 1e-030 1e-030 1e-030 0.0397859 0.019893 4.94066e-323 0.179037 0.0596789 
1e-030 1e-030 1e-030 1e-030 1e-030 1e-030 1e-030 1e-030 1e-030 1e-030 1e-030 1e-030 1e-030 1e-030 1e-030 1e-030 1e-030 1e-030 1e-030 1e-030 1e-030 1e-030 1e-030 0.5 1e-030 1e-030 1e-030 0.5 1e-030 1e-030 1.84966e-191 6.29298e-007 
1e-030 1e-030 1e-030 1e-030 1e-030 0.037037 1e-030 0.0740741 1e-030 0.037037 1e-030 1e-030 1e-030 1e-030 0.111111 1e-030 2.10766e-254 2.10766e-254 1e-030 1e-030 1e-030 1e-030 1e-030 3.58105e-033 1.85564e-283 2.10766e-254 1e-030 0.037037 1e-030 1.42411e-022 0.296296 0.407407 
1e-030 1e-030 1e-030 1e-030 1e-030 1e-030 1e-030 7.02968e-283 1e-030 1e-030 1e-030 1e-030 1e-030 1e-030 2.2038e-211 1e-030 1.14464e-167 1e-030 1e-030 1e-030 1e-030 1e-030 1e-030 0.214286 4.06477e-254 1.39623e-009 1e-030 0.142857 1e-030 0.142855 2.04931e-012 0.500001 
1e-030 4.05178e-024 1e-030 1e-030 1e-030 1e-030 1e-030 0.124999 1e-030 1e-030 1e-030 1e-030 1e-030 1e-030 5.53225e-134 1e-030 0.374998 0.249999 1e-030 1e-030 1e-030 1e-030 1e-030 1e-030 0.124999 0.124999 1e-030 3.24694e-113 1e-030 4.07242e-006 1e-030 6.11924e-143 
1e-030 0.470588 0.0588235 0.0294118 1e-030 1e-030 1e-030 0.0588235 1e-030 1e-030 1e-030 1e-030 1e-030 1e-030 0.0294118 1e-030 3.89243e-038 0.0294118 1e-030 1e-030 1e-030 1e-030 1e-030 0.117647 3.00213e-104 1.2364e-174 1e-030 4.06437e-258 1e-030 4.06437e-258 0.205882 8.75401e-288 
1e-030 1e-030 2.01817e-317 1e-030 1e-030 1e-030 1e-030 7.06181e-311 1e-030 1e-030 1e-030 1e-030 1e-030 1e-030 1e-030 1e-030 3.89987e-151 1.00841e-180 1e-030 1e-030 1.50738e-121 1.5724e-045 1e-030 1e-030 1e-030 1e-030 1e-030 0.0139956 1e-030 0.122448 0.204789 0.658768 
1e-030 2.95823e-293 9.56707e-287 1e-030 1e-030 1e-030 1e-030 3.27339e-257 1e-030 1e-030 1e-030 1e-030 1e-030 1e-030 1e-030 1e-030 1.14211e-097 3.19704e-127 1e-030 1e-030 1.68614e-056 0.0589456 1e-030 1e-030 1e-030 1e-030 1e-030 0.347174 1e-030 0.00578596 0.202284 0.385811 
1e-030 7.86844e-286 1.52854e-256 1e-030 1e-030 1e-030 1e-030 1e-030 1e-030 1e-030 1e-030 1e-030 1e-030 1e-030 1e-030 1e-030 0.0740937 1.85761e-014 1e-030 1e-030 0.271612 5.48592e-122 1e-030 1e-030 1e-030 1e-030 1e-030 0.000850422 1e-030 0.265377 1.87792e-015 0.388067 
1e-030 1.80068e-028 0.00156606 1e-030 1e-030 1e-030 1e-030 0.127152 1e-030 1e-030 1e-030 1e-030 1e-030 1e-030 1e-030 1e-030 0.0945381 0.388079 1e-030 1e-030 0.00171068 1e-030 1e-030 1e-030 1e-030 1e-030 1e-030 1.1318e-234 1e-030 3.46142e-054 0.386954 3.31038e-013 
1e-030 0.32644 0.040558 1e-030 1e-030 1e-030 1e-030 0.000348221 1e-030 1e-030 1e-030 1e-030 1e-030 1e-030 1e-030 1e-030 2.06385e-276 3.12027e-026 1e-030 1e-030 1e-030 1e-030 1e-030 0.448854 1e-030 1e-030 1e-030 1e-030 1e-030 1e-030 0.122592 0.0612074 
1e-030 1e-030 1e-030 1e-030 1e-030 1e-030 1e-030 1e-030 1e-030 5.31575e-171 1e-030 1e-030 1e-030 1.02091e-024 1e-030 1e-030 1e-030 1e-030 1e-030 1e-030 1e-030 1e-030 1e-030 0.2 1e-030 1e-030 1e-030 1e-030 1e-030 1e-030 0.8 1e-030 
1e-030 1e-030 1e-030 1e-030 1e-030 1e-030 1e-030 1e-030 1e-030 0.666667 1e-030 1e-030 1e-030 0.333333 1e-030 1e-030 1e-030 1e-030 1e-030 1e-030 5.87309e-274 1e-030 1e-030 6.29143e-303 1e-030 1e-030 1e-030 3.365e-032 1e-030 1e-030 3.65302e-064 1.08457e-213 
1e-030 1e-030 1e-030 1e-030 1e-030 1e-030 1e-030 1e-030 1e-030 5.34564e-137 1e-030 1e-030 1e-030 2.99034e-137 1e-030 1e-030 1.32203e-224 2.27804e-166 1e-030 1e-030 0.133163 1e-030 1e-030 0.0666797 1.73541e-195 1e-030 1e-030 0.400078 1e-030 0.0666797 0.266719 0.0666797 
1e-030 1.50451e-161 1e-030 1e-030 1e-030 1e-030 1e-030 0.0193411 1e-030 1e-030 1e-030 1e-030 1e-030 0.428851 0.122536 1e-030 0.14295 0.14295 1e-030 1e-030 0.000420705 1e-030 1e-030 1e-030 0.14295 1e-030 1e-030 9.9792e-046 1e-030 5.85216e-220 1e-030 1e-030 
1e-030 0.236331 1e-030 1e-030 1e-030 1e-030 1e-030 0.088437 1e-030 1e-030 1e-030 1e-030 1e-030 4.98958e-035 0.0207755 1e-030 0.0908967 0.0363587 1e-030 1e-030 1e-030 1e-030 1e-030 0.363587 1.13654e-156 1e-030 1e-030 0.0363587 1e-030 1e-030 0.0727173 0.054538 
1e-030 1e-030 1e-030 1e-030 1e-030 1e-030 1e-030 1e-030 1e-030 1e-030 1e-030 1e-030 1e-030 5.74349e-239 1e-030 1e-030 1e-030 1e-030 1 1e-030 1e-030 1e-030 1e-030 1e-030 1e-030 1e-030 1e-030 1e-030 1e-030 1e-030 1e-030 1e-030 
1e-030 1e-030 1e-030 1e-030 1e-030 1e-030 1e-030 0.5 1e-030 1e-030 1e-030 1e-030 1e-030 0.5 1e-030 1e-030 1e-030 1e-030 1e-030 1e-030 1e-030 1e-030 1e-030 1e-030 1e-030 1e-030 1e-030 1e-030 1e-030 1e-030 1e-030 1e-030 
1e-030 1e-030 9.30588e-242 1e-030 1e-030 1 1e-030 3.95704e-188 1e-030 1e-030 1e-030 1e-030 1e-030 1e-030 1e-030 1e-030 1e-030 1e-030 1e-030 1e-030 1e-030 1e-030 1e-030 1e-030 1e-030 1e-030 1e-030 1e-030 1e-030 1e-030 1e-030 1e-030 
1e-030 1e-030 1 1e-030 1e-030 8.16201e-197 1e-030 1.23234e-111 1e-030 1e-030 1e-030 1e-030 1e-030 1e-030 1e-030 1e-030 1e-030 1e-030 1e-030 1e-030 1e-030 1e-030 1e-030 1e-030 1e-030 1e-030 1e-030 1e-030 1e-030 1e-030 8.81282e-024 1e-030 
1e-030 0.0875 0.025 1e-030 1e-030 1e-030 1e-030 0.05 1e-030 1e-030 1e-030 1e-030 1e-030 1e-030 1e-030 1e-030 1e-030 0.0125 1e-030 1e-030 0.025 1e-030 0.0125 0.125 1e-030 1e-030 1e-030 0.025 0.0125 0.0125 0.5375 0.075 
1e-030 1e-030 1e-030 1e-030 1e-030 1e-030 1e-030 4.18985e-291 1e-030 1e-030 1e-030 1e-030 1e-030 5.89289e-005 2.12722e-220 1e-030 5.97653e-141 0.999941 1e-030 1e-030 1e-030 1e-030 1e-030 1e-030 1e-030 1e-030 1e-030 1e-030 1e-030 1e-030 1e-030 1e-030 
1e-030 1e-030 1e-030 1e-030 1e-030 2.72235e-196 1e-030 6.90135e-096 1e-030 1e-030 1e-030 1e-030 1e-030 0.883729 1.71006e-026 1e-030 0.11627 8.93535e-009 1e-030 1e-030 1e-030 1e-030 1e-030 1e-030 1e-030 1e-030 1e-030 1e-030 1e-030 1e-030 1e-030 1e-030 
1e-030 1.24692e-113 1e-030 1e-030 1e-030 6.49572e-021 1e-030 3.64619e-006 1e-030 1e-030 1e-030 1e-030 1e-030 3.21139e-029 0.575718 1e-030 0.424278 1e-030 1e-030 1e-030 1e-030 1e-030 1e-030 1e-030 1e-030 1e-030 1e-030 1e-030 1e-030 1e-030 1e-030 1e-030 
1e-030 0.210525 1e-030 1e-030 1e-030 0.0526313 1e-030 0.736838 1e-030 1e-030 1e-030 1e-030 1e-030 2.92948e-216 5.36057e-006 1e-030 7.54248e-179 7.02315e-119 1e-030 1e-030 1e-030 1e-030 1e-030 1e-030 1e-030 1e-030 1e-030 1e-030 1e-030 1e-030 4.98674e-007 1e-030 
1e-030 2.74664e-177 1e-030 1e-030 1e-030 1e-030 1e-030 1.4355e-010 1e-030 1e-030 1e-030 1e-030 1e-030 1e-030 1e-030 1e-030 1e-030 0.0333333 1e-030 1e-030 1e-030 1e-030 0.0333333 0.366667 1e-030 1e-030 1e-030 0.0666667 1e-030 1e-030 0.366667 0.133333 
1e-030 1e-030 1e-030 1e-030 1e-030 1e-030 1e-030 1e-030 1e-030 1e-030 1e-030 1e-030 1e-030 1e-030 1e-030 1e-030 1e-030 1e-030 1e-030 1e-030 1e-030 1e-030 1e-030 7.80886e-073 1e-030 1e-030 1e-030 0.5 1e-030 0.5 1e-030 3.88982e-007 
1e-030 1e-030 1e-030 1e-030 1e-030 1e-030 1e-030 1e-030 1e-030 1e-030 1e-030 1e-030 1e-030 1e-030 1e-030 1e-030 1.15331e-265 1e-030 1e-030 1e-030 1e-030 1e-030 1e-030 0.472028 1e-030 1e-030 1e-030 6.1435e-014 1e-030 1e-030 1e-030 0.527972 
1e-030 1e-030 1e-030 1e-030 1e-030 1e-030 1e-030 7.23715e-160 1e-030 1e-030 1e-030 1e-030 1e-030 1e-030 1e-030 1e-030 1.0114e-007 1e-030 1e-030 1e-030 1e-030 1e-030 1e-030 0.87083 1e-030 1e-030 1e-030 0.12917 1e-030 1e-030 1e-030 4.37621e-021 
1e-030 8.59428e-010 1e-030 1.40012e-149 1e-030 1e-030 1e-030 0.42833 1e-030 1e-030 1e-030 1e-030 1e-030 0.119618 0.118944 1e-030 0.239236 1e-030 1e-030 1e-030 1e-030 1e-030 1e-030 8.5854e-022 1e-030 1e-030 1e-030 3.46133e-248 1e-030 1e-030 0.0938712 1e-030 
1e-030 0.149142 1e-030 0.0745711 1e-030 1e-030 1e-030 0.082386 1e-030 1e-030 1e-030 1e-030 1e-030 2.55136e-074 0.0746762 1e-030 0.0186428 1e-030 1e-030 1e-030 1e-030 1e-030 1e-030 0.484712 1e-030 0.0186428 1e-030 7.40258e-306 1e-030 1e-030 0.0972266 1e-030 
1e-030 1e-030 1e-030 1e-030 1e-030 1e-030 1e-030 1e-030 1e-030 1e-030 1e-030 1e-030 1e-030 1e-030 1e-030 1e-030 1e-030 1e-030 1e-030 1e-030 1e-030 1e-030 1e-030 0.725692 1e-030 1e-030 1e-030 0.138599 1e-030 1e-030 1e-030 0.135709 
1e-030 1e-030 1e-030 1e-030 1e-030 1e-030 1e-030 1e-030 1e-030 1e-030 1e-030 1e-030 1e-030 1e-030 1e-030 1e-030 7.63733e-212 4.38806e-241 1e-030 1e-030 1.44705e-044 1e-030 1e-030 0.211739 1e-030 1e-030 1e-030 0.0443744 1e-030 1e-030 1e-030 0.743887 
1e-030 1e-030 1e-030 1e-030 1e-030 1e-030 1e-030 1e-030 1e-030 1e-030 1e-030 1e-030 1e-030 1e-030 1e-030 1e-030 0.499701 0.000562332 1e-030 1e-030 0.499701 1e-030 1e-030 7.86608e-022 1e-030 1e-030 1e-030 7.47556e-138 1e-030 1e-030 1.56334e-195 3.50108e-005 
1e-030 0.0689682 0.0689682 1e-030 1e-030 1e-030 1e-030 0.275873 1e-030 1e-030 1e-030 1e-030 1e-030 1e-030 0.0344841 3.78351e-233 2.10704e-010 0.172382 1e-030 1e-030 4.97702e-077 1e-030 1e-030 6.69167e-030 1e-030 1e-030 1e-030 1e-030 1e-030 1e-030 0.379325 1e-030 
1e-030 1e-030 2.77017e-238 1e-030 1e-030 1e-030 1e-030 1.84462e-209 1e-030 1e-030 1e-030 1e-030 1e-030 1e-030 1e-030 0.0833333 0.166667 0.166667 0.0416667 1e-030 0.0416667 1e-030 1e-030 0.333333 1e-030 1e-030 1e-030 0.125 1e-030 1e-030 6.18433e-008 0.0416667 
1e-030 1e-030 1e-030 1e-030 1e-030 1e-030 1e-030 1e-030 1e-030 1e-030 1e-030 1e-030 1e-030 1e-030 1e-030 1e-030 1e-030 1e-030 1e-030 1e-030 1e-030 1.21083e-253 1e-030 0.500001 1e-030 1e-030 1e-030 1.76782e-167 0.25 1e-030 7.41694e-020 0.249999 
1e-030 1e-030 1e-030 1e-030 1e-030 1e-030 1e-030 1e-030 1e-030 1e-030 1e-030 1e-030 1e-030 1e-030 1e-030 1e-030 1e-030 1e-030 1e-030 1e-030 1e-030 2.26375e-203 1e-030 7.09584e-092 1e-030 1e-030 1e-030 1.95967e-008 1e-030 1e-030 0.999999 6.95209e-007 
1e-030 1e-030 1e-030 1e-030 1e-030 1e-030 1e-030 1.04583e-248 1e-030 1e-030 1e-030 1e-030 1e-030 1e-030 1e-030 1e-030 1e-030 7.98955e-027 1e-030 1e-030 1e-030 0.0555556 1e-030 0.444444 1e-030 1e-030 1e-030 0.222222 1e-030 1e-030 3.49647e-037 0.277778 
1e-030 7.53164e-013 1e-030 1e-030 1e-030 1e-030 1e-030 0.285714 1e-030 1e-030 1e-030 1e-030 1e-030 0.142857 0.142857 1e-030 1e-030 0.428571 1e-030 1e-030 1e-030 3.3236e-203 1e-030 2.7447e-204 1e-030 1e-030 1e-030 3.73344e-201 1e-030 1e-030 1e-030 7.30542e-012 
1e-030 0.285714 1e-030 0.0816327 1e-030 1e-030 1e-030 1.45323e-029 1e-030 1e-030 1e-030 1e-030 1e-030 4.11853e-139 0.0408163 1e-030 1e-030 0.0204082 1e-030 1e-030 1e-030 1e-030 1e-030 0.408163 0.0204082 1e-030 1e-030 0.0204082 1e-030 1e-030 0.0816327 0.0408163 
1e-030 1e-030 1e-030 1e-030 1e-030 1e-030 1e-030 1e-030 1e-030 1e-030 1e-030 1e-030 1e-030 1e-030 1e-030 1e-030 1e-030 1e-030 1e-030 1e-030 1e-030 1e-030 1e-030 0.720385 1e-030 1e-030 1e-030 1e-030 1e-030 1e-030 8.1498e-070 0.279615 
1e-030 1e-030 1e-030 1e-030 1e-030 1e-030 1e-030 1e-030 1e-030 1e-030 1e-030 1e-030 1e-030 1e-030 1e-030 1e-030 1e-030 1e-030 1e-030 1e-030 1e-030 1e-030 1e-030 0.569879 1e-030 1.43158e-144 1e-030 1e-030 1e-030 1e-030 0.430121 1.52164e-039 
1e-030 1e-030 1e-030 1e-030 1e-030 1e-030 1e-030 1e-030 1e-030 1e-030 1e-030 1e-030 1e-030 1e-030 1e-030 1e-030 1.6267e-294 8.71706e-046 0.155066 1e-030 1e-030 1e-030 1e-030 0.22467 1e-030 0.155066 1e-030 1e-030 1e-030 1e-030 1.61943e-114 0.465198 
1e-030 0.000165617 1e-030 2.47913e-177 1e-030 1e-030 1e-030 0.307303 1e-030 1e-030 1e-030 1e-030 1e-030 1e-030 1e-030 1e-030 0.120598 0.482173 3.07497e-020 1e-030 1e-030 1e-030 1e-030 2.13913e-108 1e-030 2.0639e-049 1e-030 1e-030 1e-030 1e-030 0.0897598 4.6176e-079 
1e-030 0.0669697 0.0669927 0.0669927 1e-030 1e-030 1e-030 0.057812 1e-030 1e-030 1e-030 1e-030 1e-030 1e-030 0.117237 1e-030 1.3281e-298 0.0837714 1e-030 1e-030 0.0167482 1e-030 0.0167482 0.234474 0.0334963 1e-030 1e-030 0.0167482 0.0334963 1e-030 0.12152 0.0669927 
1e-030 1e-030 1e-030 1e-030 1e-030 1e-030 1e-030 1e-030 1e-030 1e-030 1e-030 1e-030 1e-030 1e-030 1e-030 1e-030 1e-030 1e-030 1e-030 1e-030 1e-030 1e-030 1e-030 0.411078 1e-030 1e-030 1e-030 0.225101 1e-030 1e-030 1e-030 0.363821 
1e-030 1e-030 1e-030 1e-030 1e-030 1e-030 1e-030 1e-030 1e-030 1e-030 1e-030 1e-030 1e-030 1e-030 1e-030 1e-030 1e-030 6.88835e-111 1e-030 1e-030 1e-030 1e-030 1e-030 0.510996 1e-030 1e-030 1e-030 0.243383 1e-030 1e-030 1e-030 0.245621 
1e-030 1e-030 1e-030 1e-030 1e-030 1e-030 1e-030 1e-030 1e-030 1e-030 1e-030 1e-030 1e-030 1e-030 1e-030 1e-030 1e-030 5.68652e-010 1e-030 1e-030 1e-030 1e-030 1e-030 0.0144283 1e-030 1e-030 1e-030 0.37918 1e-030 1e-030 1e-030 0.606392 
1e-030 2.9353e-032 1e-030 1.60247e-145 1e-030 1e-030 1e-030 5.37181e-179 1e-030 1e-030 1e-030 1e-030 1e-030 1e-030 0.000331953 1e-030 1e-030 0.624793 1e-030 1e-030 0.124959 1e-030 1e-030 1e-030 1e-030 1e-030 1e-030 1.75612e-118 1e-030 1e-030 0.249917 1.56806e-009 
1e-030 0.185194 1e-030 0.111117 1e-030 1e-030 1e-030 0.0185194 1e-030 1e-030 1e-030 1e-030 1e-030 1e-030 0.129587 1e-030 1e-030 0.0370389 0.0185194 1e-030 0.0370389 1e-030 1e-030 0.407427 1e-030 0.0370389 1e-030 1e-030 1e-030 1e-030 5.34414e-014 0.0185194 
1e-030 1e-030 1e-030 1e-030 1e-030 1e-030 1e-030 1e-030 1e-030 1e-030 1e-030 1e-030 1e-030 1e-030 1e-030 1e-030 1e-030 1e-030 1e-030 1e-030 1e-030 1e-030 1e-030 1e-030 1e-030 1e-030 1e-030 0.800001 1e-030 0.199999 1e-030 1.16475e-018 
1e-030 1e-030 1e-030 1e-030 1e-030 1e-030 1e-030 1e-030 1e-030 1e-030 1e-030 1e-030 1e-030 1e-030 1e-030 1e-030 1e-030 1e-030 1e-030 1e-030 1e-030 1e-030 1e-030 0.0773418 1e-030 1e-030 1e-030 0.287861 1e-030 8.10514e-007 1e-030 0.634796 
1e-030 1e-030 1e-030 1e-030 1e-030 1e-030 1e-030 1e-030 1e-030 1e-030 1e-030 1e-030 1e-030 7.7722e-267 1e-030 1e-030 1e-030 1.14268e-013 1e-030 1e-030 1e-030 1e-030 1e-030 0.186685 1e-030 1e-030 1e-030 0.165065 1e-030 1.28997e-079 1e-030 0.648251 
1e-030 1e-030 1e-030 1e-030 1e-030 1e-030 1e-030 1e-030 1e-030 1e-030 1e-030 1e-030 1e-030 0.281051 0.262727 1e-030 0.281051 0.140526 1e-030 1e-030 1e-030 1e-030 1e-030 2.20111e-249 1e-030 1e-030 1e-030 6.3949e-006 1e-030 1e-030 9.31053e-045 0.034639 
1e-030 1e-030 0.0668391 1e-030 1e-030 1e-030 1e-030 0.0222797 1e-030 1e-030 1e-030 1e-030 1e-030 1.24642e-228 0.136583 1e-030 5.5266e-052 1e-030 1e-030 1e-030 1e-030 1e-030 1e-030 0.267356 1e-030 0.0222797 1e-030 1e-030 0.0222797 1e-030 0.311916 0.150466 
1e-030 6.02343e-060 1e-030 1e-030 1e-030 1e-030 1e-030 1e-030 1e-030 1e-030 1e-030 1e-030 1e-030 1e-030 1e-030 1e-030 1.80958e-216 1e-030 1e-030 1e-030 1e-030 1e-030 1e-030 0.749948 1e-030 1e-030 1e-030 1e-030 1e-030 1e-030 6.88784e-005 0.249983 
1e-030 0.0727505 1e-030 1e-030 1e-030 1e-030 1e-030 1e-030 1e-030 1e-030 1e-030 1e-030 1e-030 1e-030 1e-030 1e-030 0.0727505 1e-030 1e-030 1e-030 1e-030 1e-030 1e-030 3.27849e-009 1e-030 1e-030 1e-030 5.95839e-084 1e-030 0.0727505 0.290982 0.490767 
1e-030 2.40854e-167 1e-030 1e-030 1e-030 1e-030 1e-030 1e-030 1e-030 1e-030 1e-030 1e-030 1e-030 1e-030 1e-030 1e-030 5.4835e-070 7.70477e-107 1e-030 1e-030 1e-030 1e-030 1e-030 0.236848 1e-030 1e-030 0.000386368 0.60862 1e-030 0.0473695 1.33652e-037 0.106776 
1e-030 1e-030 1e-030 1.55532e-151 1e-030 1e-030 1e-030 0.0227779 1e-030 1e-030 1e-030 1e-030 1e-030 0.106876 1e-030 1e-030 1e-030 0.320629 1e-030 1e-030 0.213752 1e-030 1e-030 0.106876 1e-030 1e-030 0.106004 0.123084 1e-030 1.46086e-010 1.1145e-017 2.3618e-130 
1e-030 0.244652 0.0271836 0.244652 1e-030 1e-030 1e-030 0.0757573 1e-030 1e-030 1e-030 1e-030 1e-030 1.2061e-024 1e-030 1e-030 1e-030 1e-030 1e-030 1e-030 1.08991e-316 1e-030 1e-030 0.0815508 1e-030 1e-030 1e-030 1e-030 1e-030 1e-030 0.326203 1e-030 
1e-030 1e-030 1e-030 1e-030 1e-030 1e-030 1e-030 0.169159 1e-030 1e-030 1e-030 1e-030 1e-030 1e-030 1e-030 1e-030 1e-030 1e-030 1e-030 1e-030 1e-030 1e-030 1e-030 0.169159 1e-030 1e-030 1e-030 2.50491e-053 1e-030 1e-030 0.169159 0.492522 
1e-030 1e-030 1e-030 1e-030 1e-030 1e-030 1e-030 2.73383e-305 1e-030 1e-030 1e-030 1e-030 1e-030 1e-030 1e-030 1e-030 1e-030 1e-030 1e-030 1e-030 1e-030 1e-030 1e-030 5.87921e-039 1e-030 1e-030 1e-030 0.496862 1e-030 1e-030 4.95422e-039 0.503138 
1e-030 1e-030 1e-030 1e-030 1e-030 1e-030 1e-030 1e-030 1e-030 1e-030 1e-030 1e-030 1e-030 1e-030 1e-030 1e-030 1e-030 9.57543e-059 1e-030 1e-030 1e-030 1e-030 1e-030 0.4 1e-030 1e-030 1e-030 3.13961e-037 1e-030 0.05 0.05 0.5 
1e-030 3.58036e-154 1e-030 1e-030 1e-030 1e-030 1e-030 4.38477e-020 1e-030 1e-030 1e-030 1e-030 1e-030 1e-030 0.0216822 1e-030 0.13976 0.698798 1e-030 1e-030 1e-030 1e-030 1e-030 2.9734e-029 0.13976 1e-030 1e-030 1e-030 1e-030 1e-030 1e-030 7.65311e-193 
1e-030 0.369931 0.0264237 0.0528473 1e-030 1e-030 1e-030 0.0528473 1e-030 1e-030 1e-030 1e-030 1e-030 1e-030 0.101595 1e-030 8.91741e-229 1e-030 1e-030 1e-030 1e-030 1e-030 1e-030 1e-030 1.01759e-042 1e-030 1e-030 1e-030 1e-030 1e-030 0.396355 1e-030 
1e-030 1e-030 1e-030 1e-030 1e-030 1e-030 1e-030 4.04361e-209 1e-030 1e-030 1e-030 1e-030 1e-030 3.36953e-180 1e-030 1e-030 5.82332e-267 2.80782e-151 1e-030 1e-030 1e-030 2.23103e-121 1.05288e-121 0.341707 1e-030 1e-030 1e-030 0.281428 1e-030 1e-030 1e-030 0.376866 
1e-030 1e-030 1e-030 1e-030 1e-030 1e-030 1e-030 5.31209e-180 1e-030 1e-030 1e-030 1e-030 1e-030 3.12694e-151 1.88594e-295 1e-030 1.29755e-237 7.37037e-122 1e-030 1e-030 1e-030 1.38813e-240 3.89209e-122 0.635729 1e-030 1e-030 1e-030 0.0567512 1e-030 1e-030 1e-030 0.30752 
1e-030 1e-030 3.58985e-294 1e-030 1e-030 1e-030 1e-030 5.17015e-150 1e-030 1e-030 1e-030 1e-030 1e-030 9.94958e-121 3.64844e-265 1e-030 1.54629e-207 4.69337e-202 1e-030 1e-030 1e-030 0.673724 0.0947863 3.0989e-029 1e-030 1e-030 1e-030 6.023e-223 1e-030 1e-030 1e-030 0.23149 
1e-030 0.147492 0.110619 0.036873 1e-030 1e-030 1e-030 0.331857 1e-030 1e-030 1e-030 1e-030 1e-030 0.073746 0.073746 1e-030 0.073746 0.036873 1e-030 1e-030 1e-030 9.93029e-039 0.0316853 1e-030 1e-030 1e-030 1e-030 1e-030 1.84317e-077 1e-030 0.0833632 1e-030 
1e-030 7.4222e-297 1e-030 4.11052e-140 1e-030 1e-030 1e-030 1e-030 1e-030 1e-030 1e-030 1e-030 1e-030 1e-030 4.02571e-013 1e-030 1e-030 0.100877 1e-030 1e-030 1e-030 1e-030 1e-030 0.437134 1e-030 0.0336257 1e-030 1e-030 0.201754 1e-030 0.226609 1e-030 
1e-030 1e-030 1e-030 1e-030 1e-030 1e-030 1e-030 1e-030 1e-030 1e-030 1e-030 1e-030 1e-030 1e-030 1e-030 1e-030 1e-030 2.84987e-317 1e-030 1e-030 2.48552e-180 1e-030 1e-030 0.18661 1e-030 1e-030 1e-030 0.372625 1e-030 4.0457e-019 1e-030 0.440764 
1e-030 1e-030 1e-030 1e-030 1e-030 1e-030 1e-030 1e-030 1e-030 1e-030 1e-030 1e-030 1e-030 1e-030 1e-030 1e-030 1e-030 1.87624e-134 1e-030 1e-030 2.40556e-057 1e-030 1e-030 0.29228 1e-030 1e-030 1e-030 0.101289 1e-030 2.09776e-006 1e-030 0.606428 
1e-030 6.51945e-254 1e-030 1e-030 1e-030 1e-030 1e-030 1.85195e-078 1e-030 1e-030 1e-030 1e-030 1e-030 1e-030 2.43562e-031 1e-030 1e-030 3.27125e-008 1e-030 1e-030 0.00749477 1e-030 1e-030 0.318413 1e-030 1e-030 1e-030 0.000379708 1e-030 0.0891379 1e-030 0.584575 
1e-030 0.00519758 3.97166e-008 1.26331e-027 1e-030 1e-030 1e-030 0.277324 1e-030 1e-030 1e-030 1e-030 1e-030 1e-030 0.145874 1e-030 1e-030 0.43775 1e-030 1e-030 0.133762 1e-030 1e-030 8.79984e-043 1e-030 1e-030 1e-030 1e-030 1e-030 6.19228e-019 1.84613e-169 9.23793e-005 
1e-030 0.199013 0.0199724 0.0998619 1e-030 1e-030 1e-030 0.0219906 1e-030 1e-030 1e-030 1e-030 1e-030 1e-030 0.0998847 1e-030 1e-030 0.0599681 1e-030 1e-030 1.02552e-031 1e-030 1e-030 0.119834 1e-030 1e-030 1e-030 1e-030 1e-030 6.58631e-225 0.379475 5.55543e-076 
1e-030 1e-030 1e-030 1e-030 1e-030 1e-030 1e-030 1e-030 1e-030 1e-030 1e-030 1e-030 1e-030 1e-030 1e-030 1e-030 1e-030 1e-030 1e-030 1e-030 1e-030 1e-030 1e-030 0.168946 1e-030 1e-030 1e-030 2.11725e-125 1e-030 1e-030 1.30549e-093 0.831054 
1e-030 1e-030 1e-030 1e-030 1e-030 1e-030 1e-030 1e-030 1e-030 1e-030 1e-030 1e-030 1e-030 1e-030 1e-030 1e-030 1e-030 1e-030 1e-030 1e-030 1e-030 1e-030 1e-030 1.37352e-041 1e-030 1e-030 1e-030 5.36413e-029 1e-030 1e-030 0.240274 0.759726 
1e-030 1e-030 1e-030 1e-030 1e-030 1e-030 1e-030 5.97509e-313 1e-030 1e-030 1e-030 1e-030 1e-030 1e-030 0.00402927 1e-030 1e-030 7.07215e-281 1e-030 1e-030 1e-030 1e-030 1e-030 1e-030 1e-030 1e-030 1e-030 0.497985 1e-030 1e-030 0.497985 6.14594e-073 
1e-030 1.2564e-020 1.84596e-286 3.17696e-138 1e-030 1e-030 1e-030 0.561472 1e-030 1e-030 1e-030 1e-030 1e-030 1e-030 0.291948 1e-030 1e-030 0.14658 1e-030 1e-030 1e-030 1e-030 1e-030 5.74323e-114 1e-030 1e-030 1e-030 7.6717e-185 1e-030 1e-030 4.79732e-064 2.83306e-318 
1e-030 0.132957 0.0166196 0.0166196 1e-030 1e-030 1e-030 0.0692975 1e-030 1e-030 1e-030 1e-030 1e-030 1e-030 0.132961 1e-030 0.0166196 0.0166201 1e-030 1e-030 1e-030 1e-030 1e-030 0.299153 1e-030 0.0166196 1e-030 0.0332392 0.0166196 1e-030 0.166196 0.0664785 
1e-030 1e-030 1e-030 1e-030 1e-030 1e-030 1e-030 1e-030 1e-030 1e-030 1e-030 1e-030 1e-030 1e-030 1e-030 1e-030 1e-030 1e-030 1e-030 1e-030 1e-030 1e-030 1e-030 0.867175 1e-030 1e-030 1e-030 5.42648e-213 1e-030 1e-030 3.76159e-017 0.132825 
1e-030 1e-030 1e-030 1e-030 1e-030 1e-030 1e-030 1e-030 1e-030 1e-030 1e-030 1e-030 1e-030 1e-030 1e-030 1e-030 1.46874e-256 4.40622e-256 1.88214e-285 1e-030 1e-030 1e-030 1e-030 0.263199 1e-030 1e-030 1e-030 2.72907e-010 1.46874e-256 1e-030 0.382317 0.354483 
1e-030 1e-030 1e-030 1e-030 1e-030 1e-030 1e-030 2.20083e-285 1e-030 1e-030 1e-030 1e-030 1e-030 1e-030 1e-030 1e-030 2.39707e-269 1e-030 8.32448e-257 1e-030 1e-030 1e-030 1e-030 0.3992 1e-030 1e-030 1e-030 0.288919 1.03443e-032 1e-030 8.19617e-009 0.311881 
1e-030 2.38803e-215 1e-030 1e-030 1e-030 1e-030 1e-030 2.88779e-050 1e-030 1e-030 1e-030 1e-030 1e-030 1e-030 1e-030 1e-030 0.202071 0.595535 0.000319704 1e-030 1e-030 1e-030 1e-030 2.90402e-006 1e-030 1e-030 1e-030 9.7968e-155 0.202071 1e-030 1e-030 3.63142e-035 
1e-030 0.295111 1e-030 0.113504 1e-030 1e-030 1e-030 0.0681025 1e-030 1e-030 1e-030 1e-030 1e-030 1e-030 0.0227008 1e-030 2.07712e-044 0.0239004 0.0226649 1e-030 1e-030 1e-030 1e-030 0.0454017 1e-030 1e-030 1e-030 1.73342e-133 0.0681025 1e-030 0.340512 1.73343e-133 
1e-030 1e-030 1e-030 1e-030 1e-030 1e-030 1e-030 1e-030 1e-030 1e-030 1e-030 1e-030 1e-030 1e-030 1e-030 1e-030 1e-030 1e-030 1e-030 1e-030 1e-030 1e-030 1e-030 3.25331e-036 1e-030 1e-030 1e-030 1e-030 1e-030 1e-030 1 5.09713e-013 
1e-030 1e-030 1e-030 1e-030 1e-030 1e-030 1e-030 1e-030 1e-030 1e-030 1e-030 1e-030 1e-030 1e-030 1e-030 1e-030 1e-030 8.0004e-068 1e-030 1e-030 7.46839e-237 1e-030 1e-030 0.306446 1e-030 1e-030 1e-030 1e-030 1e-030 1e-030 1e-030 0.693554 
1e-030 1e-030 1e-030 1e-030 1e-030 1e-030 1e-030 1e-030 1e-030 1e-030 1e-030 1e-030 1e-030 1e-030 5.73056e-118 1e-030 1e-030 0.000128692 1e-030 1e-030 2.67411e-018 1e-030 1e-030 0.633138 1e-030 1e-030 1e-030 1e-030 1e-030 1e-030 1e-030 0.366733 
1e-030 1e-030 1e-030 1.81107e-154 1e-030 1e-030 1e-030 1.58479e-028 1e-030 1e-030 1e-030 1e-030 1e-030 1e-030 0.0945559 1e-030 1e-030 0.378177 1e-030 1e-030 0.0945559 1e-030 1e-030 2.42125e-007 1e-030 1e-030 1e-030 1e-030 1e-030 1e-030 0.149809 0.282901 
1e-030 0.0155222 1e-030 0.108656 0.0155222 1e-030 1e-030 0.0155222 1e-030 1e-030 1e-030 1e-030 1e-030 1e-030 0.0155222 1e-030 1e-030 0.0620889 1e-030 1e-030 1.41511e-056 1e-030 1e-030 0.543278 0.0155222 1e-030 1e-030 1e-030 1e-030 1e-030 0.208241 0.000125872 
1e-030 1e-030 1e-030 1e-030 1e-030 1e-030 1e-030 1e-030 1e-030 1e-030 1e-030 1e-030 1e-030 1e-030 1e-030 1e-030 1e-030 1e-030 1e-030 1e-030 1e-030 1e-030 1e-030 0.89901 1e-030 1e-030 1e-030 0.10099 1e-030 1e-030 2.37421e-060 8.52401e-011 
1e-030 1e-030 1e-030 1e-030 1e-030 1e-030 1e-030 1e-030 1e-030 1e-030 1e-030 1e-030 1e-030 1e-030 1e-030 1e-030 1e-030 1.06778e-314 1e-030 1e-030 1e-030 1e-030 1e-030 0.000431413 1e-030 1e-030 1e-030 0.152405 1e-030 1e-030 0.564775 0.282388 
1e-030 1e-030 1e-030 1e-030 1e-030 1e-030 1e-030 1e-030 1e-030 1e-030 1e-030 1e-030 1e-030 1.33702e-092 1e-030 1e-030 1e-030 6.86756e-012 1e-030 1e-030 1e-030 1e-030 1e-030 0.866658 1e-030 1e-030 1e-030 0.133342 1e-030 1e-030 4.4024e-010 1.07179e-092 
1e-030 1e-030 1e-030 1.51229e-251 1e-030 1e-030 1e-030 1e-030 1e-030 1e-030 1e-030 1e-030 1e-030 0.137433 1e-030 1e-030 0.137433 0.54973 1e-030 1e-030 1e-030 1e-030 1e-030 7.79969e-012 1e-030 1e-030 1e-030 5.56398e-070 1e-030 1e-030 0.175405 1.36051e-011 
1e-030 1e-030 1e-030 0.111798 0.156517 0.044719 1e-030 1e-030 1e-030 1e-030 1e-030 1e-030 1e-030 3.91751e-115 0.0223595 1e-030 2.63504e-066 7.77494e-012 1e-030 1e-030 1e-030 1e-030 1e-030 0.0223595 1e-030 1e-030 1e-030 6.74168e-166 1e-030 1e-030 0.396293 0.245955 
1e-030 1e-030 1e-030 1e-030 1e-030 1e-030 1e-030 1e-030 1e-030 1e-030 1e-030 1e-030 1e-030 1e-030 1e-030 1e-030 1e-030 1e-030 1e-030 1e-030 1e-030 1e-030 1e-030 1.07974e-036 1e-030 1e-030 1e-030 0.200002 1e-030 1e-030 1.4911e-012 0.799998 
1e-030 1e-030 1e-030 1e-030 1e-030 1e-030 1e-030 1e-030 1e-030 1e-030 1e-030 1e-030 1e-030 1e-030 1e-030 1e-030 1e-030 1e-030 1e-030 1e-030 1e-030 1e-030 1e-030 1.33645e-005 1e-030 1e-030 1e-030 2.22403e-021 1e-030 3.45471e-247 0.999933 5.37589e-005 
1e-030 1e-030 1e-030 1e-030 1e-030 1e-030 1e-030 1e-030 1e-030 1e-030 1e-030 1e-030 1e-030 1e-030 1e-030 1e-030 1e-030 5.51117e-203 1e-030 1e-030 1e-030 1e-030 1e-030 0.839355 1e-030 1e-030 1e-030 0.0723238 8.21995e-034 0.0441444 1.23152e-014 0.0441766 
1e-030 1e-030 1e-030 1e-030 1e-030 1e-030 1e-030 1e-030 1e-030 1e-030 1e-030 1e-030 1e-030 1e-030 1e-030 1e-030 1e-030 0.762786 1e-030 1e-030 1e-030 1e-030 1e-030 4.42167e-028 3.15797e-074 1e-030 1e-030 0.0553553 0.152557 0.000111293 0.0291903 3.66266e-009 
1e-030 0.0200768 1e-030 0.0803073 0.0401537 0.0803073 1e-030 1e-030 1e-030 1e-030 1e-030 1e-030 1e-030 1e-030 0.0401537 1e-030 1e-030 3.95114e-013 1e-030 1e-030 1e-030 1e-030 1e-030 0.421613 0.120461 1e-030 1e-030 8.77609e-248 1.76521e-216 3.48913e-276 0.156773 0.0401537 
1e-030 1e-030 1e-030 1e-030 1e-030 1e-030 1e-030 1e-030 1e-030 1e-030 1e-030 1e-030 1e-030 1e-030 2.11729e-167 1e-030 1e-030 3.01968e-197 1e-030 1e-030 9.0414e-322 1e-030 1e-030 0.41178 1e-030 1e-030 1e-030 2.11729e-167 1e-030 1e-030 5.90637e-015 0.58822 
1e-030 1e-030 1e-030 1e-030 1e-030 1e-030 1e-030 1e-030 1e-030 1e-030 1e-030 1e-030 1e-030 1e-030 3.74481e-314 1e-030 1e-030 1.95759e-167 1e-030 1e-030 5.18769e-321 1e-030 1e-030 0.125746 1e-030 1e-030 1e-030 4.00247e-013 1e-030 1e-030 0.506467 0.367787 
1e-030 1e-030 1e-030 1e-030 1e-030 1e-030 1e-030 1e-030 1e-030 1e-030 1e-030 1e-030 1e-030 1e-030 0.5 1e-030 1e-030 6.16341e-012 1e-030 1e-030 2.21026e-137 1e-030 1e-030 3.25055e-143 1e-030 1e-030 1e-030 0.5 1e-030 1e-030 4.39396e-007 1.84845e-270 
1e-030 1e-030 1e-030 1e-030 1e-030 1e-030 1e-030 4.59119e-288 1e-030 1e-030 1e-030 1e-030 1e-030 1e-030 1.45191e-008 1e-030 1e-030 0.731307 1e-030 1e-030 0.146261 1e-030 1e-030 1e-030 1e-030 1e-030 1e-030 2.93659e-169 1e-030 1e-030 6.20083e-013 0.122432 
1e-030 0.0174939 1e-030 0.0349877 1e-030 0.0174939 0.0174939 0.0699754 1e-030 1e-030 1e-030 1e-030 1e-030 1e-030 0.0349877 1e-030 1e-030 6.9631e-178 1e-030 1e-030 3.49741e-040 1e-030 1e-030 0.489828 1e-030 1e-030 1e-030 1e-030 1e-030 1e-030 0.297396 0.020344 
1e-030 1e-030 1e-030 1e-030 1e-030 1e-030 1e-030 1e-030 1e-030 1e-030 1e-030 1e-030 1e-030 1e-030 1e-030 1e-030 1e-030 1e-030 1e-030 1e-030 1e-030 1e-030 1e-030 0.717649 1e-030 1e-030 1e-030 3.32913e-126 1e-030 1e-030 1e-030 0.282351 
1e-030 1e-030 1e-030 1e-030 1e-030 1e-030 1e-030 1e-030 1e-030 1e-030 1e-030 1e-030 1e-030 1e-030 1e-030 1e-030 1e-030 1e-030 1e-030 1e-030 1e-030 1e-030 1e-030 8.24833e-087 1e-030 1e-030 1e-030 0.983862 1e-030 1e-030 1e-030 0.0161375 
1e-030 1e-030 1e-030 1e-030 1e-030 1e-030 1e-030 1e-030 1e-030 1e-030 1e-030 1e-030 1e-030 1e-030 1e-030 1e-030 1e-030 1.14844e-298 1e-030 1e-030 1e-030 1e-030 1e-030 0.781447 1e-030 1e-030 1e-030 5.08345e-202 1e-030 1e-030 0.0622642 0.156289 
1e-030 1e-030 1e-030 1e-030 1e-030 7.96946e-068 9.88598e-293 0.131551 1e-030 1e-030 1e-030 1e-030 1e-030 1e-030 0.131551 1e-030 1e-030 0.306953 1e-030 1e-030 0.0438504 1e-030 1e-030 1.07129e-270 1e-030 1e-030 1e-030 1e-030 1e-030 1e-030 0.254544 0.131551 
1e-030 0.0294118 0.0294118 0.0588235 1e-030 0.0882353 0.0294118 6.30531e-127 1e-030 1e-030 1e-030 1e-030 1e-030 1e-030 1.07466e-280 1e-030 1e-030 0.0294118 1e-030 1e-030 1e-030 1e-030 1e-030 0.617647 1e-030 1e-030 1e-030 1e-030 1e-030 1e-030 0.0882353 0.0294118 
1e-030 1e-030 1e-030 1e-030 1e-030 1e-030 1e-030 1e-030 1e-030 1e-030 1e-030 1e-030 1e-030 1e-030 1e-030 1e-030 1e-030 1e-030 1e-030 1e-030 1e-030 1e-030 1e-030 2.17031e-242 1e-030 1e-030 1e-030 1 1e-030 1e-030 1e-030 1.0968e-092 
1e-030 1e-030 1e-030 1e-030 1e-030 1e-030 1e-030 1e-030 1e-030 1e-030 1e-030 1e-030 1e-030 1e-030 1e-030 1e-030 1e-030 1e-030 1e-030 1e-030 1e-030 1e-030 1e-030 6.23965e-019 1e-030 1e-030 1e-030 1.48839e-160 1e-030 1e-030 1e-030 1 
1e-030 1e-030 1e-030 1e-030 1e-030 1e-030 1e-030 1e-030 1e-030 1e-030 1e-030 1e-030 1e-030 1e-030 1e-030 1e-030 2.68248e-223 3.8705e-014 1e-030 1e-030 1e-030 1e-030 1e-030 0.9 1e-030 1e-030 1e-030 0.1 1e-030 1e-030 1e-030 1e-030 
1e-030 1e-030 1e-030 1e-030 1e-030 1e-030 1e-030 8.06139e-150 1e-030 1e-030 1e-030 1e-030 1e-030 1e-030 0.121399 1e-030 0.146557 0.732044 1e-030 1e-030 1e-030 1e-030 1e-030 6.81966e-012 1e-030 1e-030 1e-030 2.98333e-137 1e-030 1e-030 2.02679e-008 3.92524e-300 
1e-030 1e-030 1e-030 1e-030 1e-030 1e-030 1e-030 0.017801 1e-030 1e-030 1e-030 1e-030 1e-030 1e-030 0.0208567 1e-030 1.24753e-052 0.0178908 1e-030 1e-030 1e-030 1e-030 1e-030 0.462825 0.0356019 1e-030 1e-030 8.89902e-097 1e-030 1e-030 0.427223 0.017801 
1e-030 1e-030 1e-030 1e-030 1e-030 1e-030 1e-030 1e-030 1e-030 1e-030 1e-030 1e-030 1e-030 1e-030 1e-030 1e-030 1.99708e-113 2.23172e-053 1e-030 1e-030 1e-030 1e-030 1e-030 0.991934 1e-030 1e-030 1e-030 0.000803467 1e-030 1e-030 1e-030 0.00726237 
1e-030 1e-030 1e-030 1e-030 1e-030 1e-030 1e-030 1e-030 1e-030 1e-030 1e-030 1e-030 1e-030 9.36319e-232 1e-030 1e-030 3.14939e-046 2.4387e-026 1e-030 1e-030 1e-030 1e-030 1e-030 0.854539 1e-030 1e-030 1e-030 0.0469188 1e-030 1e-030 1e-030 0.098542 
1e-030 1e-030 1e-030 1e-030 1e-030 1e-030 1e-030 1e-030 1e-030 1e-030 1e-030 1e-030 1e-030 2.33793e-058 1e-030 1e-030 8.25373e-010 4.26213e-005 1e-030 1e-030 1e-030 1e-030 1e-030 0.879618 1e-030 1e-030 1e-030 0.0408475 1e-030 1e-030 4.51325e-123 0.0794921 
1e-030 1.69384e-040 1.22599e-016 7.38268e-010 1e-030 5.07636e-026 1e-030 5.28973e-112 1e-030 1e-030 1e-030 1e-030 1e-030 0.19698 6.45169e-078 1e-030 0.19698 0.590774 1e-030 1e-030 1e-030 1e-030 1e-030 6.44836e-005 1e-030 1e-030 1e-030 6.27278e-066 1e-030 1e-030 0.0152018 2.43043e-018 
1e-030 0.115556 0.0192594 0.0577781 1e-030 0.0192594 1e-030 0.115556 1e-030 1e-030 1e-030 1e-030 1e-030 6.97057e-014 0.0192594 1e-030 0.0192594 0.0577781 1e-030 1e-030 1e-030 1e-030 1e-030 0.173334 1e-030 1e-030 1e-030 1.42786e-075 1e-030 1e-030 0.325923 0.0770374 
1e-030 1e-030 1e-030 1e-030 1e-030 1e-030 1e-030 1e-030 1e-030 1e-030 1e-030 1e-030 1e-030 1e-030 1e-030 1e-030 1e-030 1e-030 1e-030 1e-030 1e-030 1e-030 1e-030 2.23514e-148 1e-030 1e-030 1e-030 1e-030 1e-030 1e-030 1 2.42063e-060 
1e-030 1e-030 1e-030 1e-030 1e-030 1e-030 1e-030 1e-030 1e-030 1e-030 1e-030 1e-030 1e-030 1e-030 1e-030 1e-030 1e-030 1e-030 1e-030 1e-030 1e-030 1e-030 1e-030 1.0785e-050 1e-030 1e-030 1e-030 1e-030 1e-030 1e-030 9.67872e-050 1 
1e-030 1e-030 1e-030 1e-030 1e-030 1e-030 1e-030 1e-030 1e-030 1e-030 1e-030 1e-030 1e-030 1e-030 1e-030 1e-030 7.68508e-012 1.67466e-225 1e-030 1e-030 1.76173e-056 1e-030 1e-030 0.962963 1e-030 1e-030 1e-030 0.037037 1e-030 1e-030 2.88797e-184 4.81071e-065 
1e-030 1.58215e-146 2.53145e-203 6.32862e-175 1e-030 1e-030 1e-030 1e-030 1e-030 1e-030 1e-030 1e-030 1e-030 1e-030 1e-030 1e-030 0.444444 0.444444 1e-030 1e-030 0.111111 1e-030 1e-030 1.16454e-012 3.1925e-025 1e-030 1e-030 1.0124e-218 1e-030 1e-030 2.50088e-007 1e-030 
1e-030 0.0888889 0.0222222 0.0222222 1e-030 1e-030 1e-030 0.133333 1e-030 1e-030 1e-030 1e-030 1e-030 1e-030 0.0888889 1e-030 0.0222222 7.47505e-015 1e-030 1e-030 2.67341e-318 1e-030 1e-030 0.133333 0.0222222 1e-030 1e-030 1e-030 1e-030 1e-030 0.422222 0.0444444 
1e-030 1e-030 1e-030 1e-030 1e-030 1e-030 1e-030 1.04228e-022 1e-030 1e-030 1e-030 1e-030 1e-030 9.36579e-179 1e-030 1e-030 7.4316e-072 6.59811e-248 1e-030 1e-030 1e-030 1e-030 1e-030 0.99955 1e-030 1e-030 1e-030 1e-030 1e-030 1e-030 1.46392e-320 0.000449694 
1e-030 1.4763e-198 1e-030 8.46183e-251 1e-030 2.79905e-079 1e-030 9.41039e-014 1e-030 1e-030 1e-030 1e-030 1e-030 1.44555e-036 1e-030 1e-030 2.25523e-019 4.45836e-050 1e-030 1e-030 1e-030 1e-030 1e-030 0.992335 1e-030 1e-030 1e-030 1e-030 1e-030 1e-030 6.53055e-064 0.00766485 
1e-030 6.1187e-123 1e-030 3.33068e-205 1e-030 2.63762e-054 1e-030 1.98976e-005 1e-030 1e-030 1e-030 1e-030 1e-030 5.58732e-044 1e-030 1e-030 2.13104e-009 2.06443e-037 1e-030 1e-030 1e-030 1e-030 1e-030 0.953718 1e-030 1e-030 1e-030 1e-030 1e-030 1e-030 1.58545e-045 0.0462624 
1e-030 1.2617e-007 5.21619e-027 2.74806e-013 1e-030 0.0330361 1e-030 0.181701 1e-030 1e-030 1e-030 1e-030 1e-030 0.181777 1e-030 1e-030 0.363554 0.180674 1e-030 1e-030 1e-030 1e-030 1e-030 0.00030593 1e-030 1e-030 1e-030 1e-030 1e-030 1e-030 0.0589522 7.36273e-045 
1e-030 0.0970873 0.0582524 0.0388349 1e-030 0.0158885 1e-030 0.174757 1e-030 1e-030 1e-030 1e-030 1e-030 2.77806e-016 1e-030 1e-030 4.01224e-029 0.000117872 1e-030 1e-030 1e-030 1e-030 1e-030 0.213592 1e-030 1e-030 1e-030 1e-030 1e-030 1e-030 0.3238 0.0776699 
1e-030 1e-030 1e-030 1e-030 1e-030 1e-030 1e-030 1e-030 1e-030 1e-030 1e-030 1e-030 1e-030 1e-030 1e-030 1e-030 1e-030 1e-030 1e-030 1e-030 1e-030 1e-030 1e-030 1e-030 1e-030 1e-030 1e-030 1 1e-030 1e-030 1e-030 1e-030 
1e-030 1e-030 1e-030 1e-030 1e-030 1e-030 1e-030 1e-030 1e-030 1e-030 1e-030 1e-030 1e-030 1e-030 4.1733e-303 1e-030 1.27223e-287 8.3466e-303 1e-030 1e-030 1e-030 1e-030 1e-030 0.879122 1e-030 1e-030 1e-030 0.120878 1e-030 1e-030 1e-030 1e-030 
1e-030 1e-030 1e-030 1e-030 1e-030 1e-030 1e-030 7.27937e-303 1e-030 1e-030 1e-030 1e-030 1e-030 1e-030 2.63948e-122 1e-030 4.19894e-020 1e-030 1e-030 1e-030 1e-030 1e-030 1e-030 0.999746 1e-030 1e-030 1e-030 0.000253567 1e-030 1e-030 1e-030 1e-030 
1e-030 1e-030 1e-030 1e-030 1e-030 1e-030 1e-030 0.142857 1e-030 1e-030 1e-030 1e-030 1e-030 1e-030 0.142857 1e-030 0.142857 0.571429 1e-030 1e-030 1e-030 1e-030 1e-030 1.45466e-129 1e-030 1e-030 1e-030 1e-030 1e-030 1e-030 3.92906e-052 1e-030 
1e-030 0.333333 0.0196078 0.0196078 1e-030 0.0196078 1e-030 1e-030 1e-030 1e-030 1e-030 1e-030 1e-030 1e-030 1e-030 1e-030 1e-030 1.82797e-203 1e-030 1e-030 1e-030 1e-030 1e-030 0.27451 1e-030 1e-030 1e-030 1e-030 1e-030 1e-030 0.27451 0.0588235 
