0 1 0 0 0 
0 0 1 0 0 
0 0 0.749485 0.250515 0 
0 0 0 0.755098 0.244902 
0 0 0 0 1 
0.878539 0.121461 0 0 0 
0 0.907123 0.0928771 0 0 
0 0 6.89405e-007 0.999999 0 
0 0 0 0.856995 0.143005 
0 0 0 0 1 
0.865329 0.134671 0 0 0 
0 0.878318 0.121682 0 0 
0 0 0.91907 0.0809297 0 
0 0 0 0.851432 0.148568 
0 0 0 0 1 
0.5 0.5 0 0 0 
0 0.962963 0.037037 0 0 
0 0 0.928571 0.0714287 0 
0 0 0 0.875001 0.124999 
0 0 0 0 1 
0.86942 0.13058 0 0 0 
0 0.941054 0.0589456 0 0 
0 0 0.724748 0.275252 0 
0 0 0 0.87064 0.12936 
0 0 0 0 1 
0.8 0.2 0 0 0 
0 0.666667 0.333333 0 0 
0 0 0.93332 0.0666797 0 
0 0 0 0.85705 0.14295 
0 0 0 0 1 
5.74349e-239 1 0 0 0 
0 0.5 0.5 0 0 
0 0 3.95704e-188 1 0 
0 0 0 8.81282e-024 1 
0 0 0 0 1 
0.500029 0.499971 0 0 0 
0 0.558109 0.441891 0 0 
0 0 0.424223 0.575777 0 
0 0 0 0.947369 0.0526313 
0 0 0 0 1 
0.5 0.5 0 0 0 
0 0.924575 0.0754246 0 0 
0 0 0.87083 0.12917 0 
0 0 0 0.880382 0.119618 
0 0 0 0 1 
0.859108 0.140892 0 0 0 
0 0.956336 0.0436637 0 0 
0 0 0.500299 0.499701 0 
0 0 0 0.965516 0.0344841 
0 0 0 0 1 
0.75 0.25 0 0 0 
0 0.857143 0.142857 0 0 
0 0 0.944444 0.0555556 0 
0 0 0 0.857143 0.142857 
0 0 0 0 1 
0.720385 0.279615 0 0 0 
0 0.856626 0.143374 0 0 
0 0 0.844934 0.155066 0 
0 0 0 0.879402 0.120598 
0 0 0 0 1 
0.869936 0.130064 0 0 0 
0 0.911619 0.0883808 0 0 
0 0 0.7498 0.2502 0 
0 0 0 0.875041 0.124959 
0 0 0 0 1 
0.799999 0.200001 0 0 0 
0 0.910898 0.089102 0 0 
0 0 0.940394 0.0596058 0 
0 0 0 0.859474 0.140526 
0 0 0 0 1 
0.750017 0.249983 0 0 0 
0 0.92725 0.0727505 0 0 
0 0 0.95263 0.0473695 0 
0 0 0 0.893124 0.106876 
0 0 0 0 1 
0.830841 0.169159 0 0 0 
0 0.92902 0.0709803 0 0 
0 0 0.95 0.05 0 
0 0 0 0.86024 0.13976 
0 0 0 0 1 
0.848928 0.151072 0 0 0 
0 0.950092 0.0499076 0 0 
0 0 0.326276 0.673724 0 
0 0 0 0.963127 0.036873 
0 0 0 0 1 
0.78925 0.21075 0 0 0 
0 0.917493 0.0825069 0 0 
0 0 0.91086 0.0891402 0 
0 0 0 0.853959 0.146041 
0 0 0 0 1 
0.915527 0.0844731 0 0 0 
0 0.759726 0.240274 0 0 
0 0 0.502015 0.497985 0 
0 0 0 0.853416 0.146584 
0 0 0 0 1 
0.930111 0.0698891 0 0 0 
0 0.872561 0.127439 0 0 
0 0 0.92777 0.0722296 0 
0 0 0 0.797929 0.202071 
0 0 0 0 1 
5.09713e-013 1 0 0 0 
0 0.807665 0.192335 0 0 
0 0 0.736928 0.263072 0 
0 0 0 0.905444 0.0945559 
0 0 0 0 1 
0.930843 0.0691574 0 0 0 
0 0.717612 0.282388 0 0 
0 0 0.933329 0.0666711 0 
0 0 0 0.862567 0.137433 
0 0 0 0 1 
0.799998 0.200002 0 0 0 
0 6.71234e-005 0.999933 0 0 
0 0 0.955823 0.0441766 0 
0 0 0 0.847443 0.152557 
0 0 0 0 1 
0.890443 0.109557 0 0 0 
0 0.898707 0.101293 0 0 
0 0 0.5 0.5 0 
0 0 0 0.853739 0.146261 
0 0 0 0 1 
0.85647 0.14353 0 0 0 
0 0.508069 0.491931 0 0 
0 0 0.947904 0.0520964 0 
0 0 0 0.95615 0.0438504 
0 0 0 0 1 
1.0968e-092 1 0 0 0 
0 6.23965e-019 1 0 0 
0 0 0.95 0.05 0 
0 0 0 0.853443 0.146557 
0 0 0 0 1 
0.762837 0.237163 0 0 0 
0 0.758058 0.241942 0 0 
0 0 0.949111 0.0508886 0 
0 0 0 0.80302 0.19698 
0 0 0 0 1 
0.666667 0.333333 0 0 0 
0 1.07572e-049 1 0 0 
0 0 0.962963 0.037037 0 
0 0 0 0.888889 0.111111 
0 0 0 0 1 
0.744203 0.255797 0 0 0 
0 0.667812 0.332188 0 0 
0 0 0.95256 0.0474405 0 
0 0 0 0.818223 0.181777 
0 0 0 0 1 
0 1 0 0 0 
0 0.939488 0.0605117 0 0 
0 0 0.894451 0.105549 0 
0 0 0 0.857143 0.142857 
0 0 0 0 1 
