21 17 18 18 17 18 14 31 8 6 2 2 2 25 15 8 31 4 2 2 2 2 2 2 2 2 3 31 25 25 24 24 24 24 24 24 24 24 24 24 24 24 24 24 24 24 31 31 29 18 31 18 21 18 24 24 21 31 24 31 32 31 32 28 24 32 28 28 24 28 32 24 28 28 32 30 32 28 32 32 31 24 32 24 24 
28 28 32 32 32 28 32 28 31 28 28 28 32 32 28 31 28 28 28 17 18 18 18 8 18 31 6 2 2 2 2 2 2 2 2 2 2 2 2 2 2 31 31 31 31 15 31 24 24 32 32 31 31 31 31 31 24 24 24 31 24 24 24 29 24 18 18 21 24 32 24 28 32 28 30 28 24 28 24 31 32 28 32 24 24 
28 31 31 30 31 8 24 28 28 32 28 10 28 32 30 28 31 24 32 28 24 28 31 24 32 32 28 24 21 18 18 18 17 8 8 2 2 2 2 2 2 2 4 4 2 2 2 8 2 2 2 2 2 8 21 21 28 24 24 24 24 31 31 31 24 24 24 24 31 31 31 31 31 31 29 18 18 18 18 17 17 28 32 32 32 
28 24 32 32 31 32 31 31 32 32 28 32 31 6 31 10 32 31 32 32 32 15 8 8 31 15 15 32 31 30 24 32 32 32 24 32 24 32 28 32 32 28 30 26 17 18 25 8 17 18 17 2 15 2 2 2 2 2 2 2 2 2 2 3 2 2 4 8 8 2 2 2 3 31 31 18 24 24 31 31 24 24 31 31 31 
32 31 32 32 32 32 30 31 28 32 31 32 28 22 28 32 28 28 32 32 31 31 32 28 32 30 32 21 17 18 18 18 31 31 31 8 3 2 2 3 2 2 2 2 2 2 2 2 2 2 2 2 2 2 31 31 31 31 32 31 31 32 32 24 24 24 24 24 24 24 24 24 24 24 24 24 24 24 24 24 24 24 24 24 24 
24 31 31 31 31 14 10 10 28 28 32 28 21 24 31 31 31 31 28 28 30 28 21 14 18 25 17 14 14 15 8 2 2 2 2 2 2 8 2 8 8 2 2 2 2 2 2 8 31 31 17 31 32 24 24 24 24 24 24 24 24 24 24 24 24 24 24 24 24 24 24 24 31 18 18 17 17 15 17 17 24 32 28 32 28 
19 14 8 6 3 31 31 8 31 31 2 2 2 2 8 2 31 31 31 8 2 3 3 2 8 31 31 31 24 24 32 32 31 31 31 31 31 31 31 31 24 31 31 31 31 31 24 31 31 24 31 31 24 24 24 31 24 24 31 31 18 23 21 21 32 30 28 28 31 29 31 31 31 31 31 31 31 32 31 31 32 32 31 31 31 
18 18 14 14 17 15 8 6 8 2 8 8 8 8 2 2 8 2 8 8 8 8 8 8 8 31 31 31 31 31 31 31 18 18 24 24 31 31 31 31 31 31 31 31 24 24 24 24 24 24 31 31 31 24 24 31 31 24 24 24 24 24 24 24 24 24 24 24 32 23 28 31 23 28 31 32 32 28 32 28 32 32 32 32 24 
30 28 32 24 24 32 32 24 32 32 24 24 32 32 24 24 24 24 24 24 24 28 24 17 17 8 14 15 8 8 31 8 2 2 2 2 8 8 15 31 15 8 8 2 2 2 2 4 4 4 15 31 15 4 31 17 31 24 24 24 24 24 31 24 24 24 24 24 24 24 24 24 24 24 24 24 24 24 24 24 26 24 24 24 24 
24 24 28 24 32 24 24 24 32 32 32 32 32 24 32 32 32 24 32 32 32 24 32 32 28 32 32 32 24 32 21 17 18 18 18 18 31 15 8 8 2 2 3 8 8 8 8 8 31 3 8 31 31 31 31 18 31 31 31 31 31 24 24 24 24 24 24 24 18 18 18 17 16 16 17 17 19 17 18 24 21 32 28 28 28 
29 24 24 32 31 31 31 31 31 31 31 28 24 24 24 28 28 22 24 32 24 32 28 24 24 24 32 32 32 18 18 18 8 14 15 8 2 2 2 2 2 2 2 2 2 2 2 2 2 2 31 31 4 4 15 4 4 25 15 31 24 24 31 24 24 24 24 24 24 24 24 24 18 24 24 24 24 24 24 24 24 32 24 28 32 
24 32 24 24 24 31 31 24 31 24 24 32 32 24 32 26 19 18 18 18 17 18 8 8 31 8 2 4 15 15 15 25 15 2 4 3 3 8 8 2 15 15 8 4 2 3 4 3 15 25 29 23 24 18 18 31 18 18 29 31 31 31 31 31 24 24 24 24 31 18 21 24 32 32 24 24 24 28 24 32 24 24 24 24 32 
28 32 24 32 24 32 24 24 28 32 28 24 24 24 24 32 28 24 32 28 28 32 32 18 18 18 18 18 21 31 31 15 2 2 2 2 4 15 15 8 15 15 4 2 2 2 2 4 15 15 4 4 2 2 4 18 24 24 24 24 24 24 24 24 24 24 24 24 24 24 24 24 24 26 24 26 18 21 21 19 24 24 24 32 24 
28 28 28 28 30 32 32 32 32 28 28 28 32 24 32 32 28 32 32 32 24 28 32 32 32 32 24 32 24 32 32 32 28 18 14 14 17 15 17 15 32 15 31 31 15 15 32 31 31 31 15 31 15 8 3 3 3 31 15 31 31 31 31 31 32 32 32 31 24 32 32 24 24 24 24 24 24 24 24 24 24 24 26 31 29 
32 24 24 24 31 2 31 31 17 30 32 32 32 32 32 31 32 32 24 28 24 28 28 24 28 28 24 28 28 28 28 32 24 28 32 28 28 30 28 27 28 18 24 18 18 21 21 14 8 31 8 4 4 4 4 3 2 2 2 4 4 4 31 31 31 2 2 8 4 4 2 2 2 2 31 31 31 31 31 24 31 31 31 24 24 
24 32 32 8 31 32 32 28 28 32 32 32 32 28 32 28 28 28 32 28 24 24 32 31 24 24 32 32 32 32 32 24 24 32 32 32 24 30 32 24 18 18 18 18 18 17 25 15 8 2 2 4 4 3 2 2 2 2 2 8 15 15 2 15 2 2 2 2 2 2 31 31 31 31 31 31 31 31 31 31 31 31 31 31 31 
24 32 32 28 28 24 24 32 32 24 24 24 24 24 28 32 24 24 24 24 32 32 24 24 24 32 32 22 23 18 14 8 14 17 17 15 3 3 2 8 8 8 8 3 8 2 31 31 8 8 8 2 2 4 15 31 29 24 24 24 24 24 24 24 31 29 31 31 31 31 24 26 29 29 18 29 29 24 24 31 24 24 24 18 18 
28 24 32 28 32 32 32 32 32 28 32 24 24 24 32 32 24 24 32 32 32 32 24 32 24 30 32 32 21 18 18 15 18 8 8 2 2 3 2 2 4 4 4 15 4 2 2 15 31 4 2 2 2 2 15 31 8 15 15 31 31 31 31 31 31 31 24 24 31 24 31 24 24 31 31 31 24 31 31 31 31 31 18 18 18 
32 32 32 24 32 32 32 32 32 24 32 32 32 31 32 32 28 31 15 18 15 8 8 8 8 2 2 2 4 15 15 8 8 2 3 2 15 15 15 8 2 2 8 15 31 15 15 17 2 31 24 24 24 24 29 24 31 31 31 31 31 31 24 24 24 24 24 31 31 24 26 18 24 32 32 24 24 24 24 24 28 28 32 32 24 
32 24 24 24 24 24 24 24 24 24 24 24 24 32 24 32 32 31 31 24 31 32 24 24 28 28 32 24 32 28 24 24 32 28 32 24 29 17 18 18 18 19 8 8 2 2 2 2 4 2 2 8 15 4 4 4 4 2 2 2 2 2 2 2 31 29 31 31 31 31 31 31 31 31 31 31 31 31 31 31 18 29 24 24 29 
31 32 24 32 32 32 24 24 32 24 18 21 18 18 18 15 32 32 31 32 31 31 8 4 31 31 31 15 18 18 4 4 25 31 31 4 2 5 4 4 31 31 4 24 24 31 31 31 31 24 24 24 24 24 24 24 24 24 24 24 24 24 31 24 24 18 18 24 24 24 24 24 24 24 24 24 24 24 24 24 24 24 24 24 24 
24 24 24 24 24 24 24 24 28 24 24 24 24 24 28 32 31 31 24 24 24 28 24 24 24 24 24 24 24 24 24 28 24 18 14 18 18 17 31 18 31 32 32 32 31 31 31 32 31 4 5 15 31 4 4 4 6 5 5 5 31 5 5 5 6 4 31 31 32 31 31 31 31 32 31 31 31 31 32 31 32 32 32 24 32 
32 32 28 32 32 31 24 24 24 24 24 24 24 24 24 24 32 24 28 24 24 24 24 24 24 24 24 30 28 29 18 18 18 18 18 31 31 32 32 31 31 31 31 25 25 31 15 4 5 25 25 4 4 6 6 15 25 5 6 6 4 2 25 31 24 24 24 24 24 24 24 24 24 24 24 24 24 24 24 24 24 24 24 24 24 
32 24 32 32 24 32 24 32 24 32 31 32 31 32 32 31 24 31 31 28 15 18 18 18 18 18 21 32 31 31 8 31 31 8 8 7 4 2 6 15 31 31 15 31 31 31 31 4 8 31 31 31 31 31 31 24 24 24 24 24 24 24 24 24 24 24 24 24 24 24 24 24 24 24 24 24 24 24 24 24 24 24 31 24 32 
24 24 32 24 24 24 32 28 28 24 24 24 24 24 24 31 32 32 24 24 24 24 24 24 24 32 24 24 31 18 18 18 18 18 21 31 32 32 32 31 31 31 31 18 15 8 8 18 15 15 8 6 6 7 4 3 4 6 2 31 18 31 24 32 31 24 24 24 24 24 24 24 24 24 24 24 24 24 24 24 24 24 24 24 24 
28 32 24 24 24 24 28 24 24 24 24 24 24 24 24 24 24 24 24 28 24 24 18 18 18 17 18 18 15 31 31 31 31 15 8 31 31 31 31 31 31 31 31 31 31 31 31 31 31 31 31 31 31 32 24 24 24 24 24 24 24 31 24 24 24 24 24 24 24 24 24 24 31 24 24 24 24 18 25 25 24 24 24 24 24 
24 24 24 24 24 24 24 24 32 24 24 28 24 24 24 24 24 24 24 24 24 24 24 24 24 32 24 24 18 17 18 18 14 31 31 31 4 3 6 2 4 4 31 15 8 8 2 2 2 8 8 2 2 8 8 31 31 32 32 32 31 31 31 31 31 31 31 31 31 31 32 24 24 24 24 24 24 24 24 31 24 18 18 18 17 
31 31 31 32 24 24 24 24 24 24 24 24 24 24 24 24 24 24 24 24 24 28 24 24 24 24 24 24 24 24 24 17 21 18 17 17 18 17 18 18 31 25 31 31 2 4 3 2 2 31 31 31 8 8 8 8 2 8 8 15 15 15 15 31 31 31 17 32 31 32 31 31 31 31 31 24 24 31 31 31 24 31 24 24 24 
24 24 24 24 24 24 24 24 24 24 24 24 24 24 32 24 24 24 24 24 24 24 24 24 24 24 24 24 8 17 17 14 18 31 6 31 31 31 2 2 4 8 8 2 8 8 8 8 8 2 2 3 3 4 8 3 8 31 31 31 32 32 31 31 32 31 32 31 31 31 24 24 24 24 24 24 24 24 24 24 24 31 31 31 31 
28 24 24 28 24 24 24 24 24 24 24 28 24 24 24 24 24 24 24 24 24 24 24 24 24 24 24 17 15 18 18 8 18 18 31 31 31 6 2 2 2 2 3 2 2 2 2 2 2 2 2 4 2 2 2 2 2 31 31 31 31 31 31 31 32 32 31 31 31 24 31 24 32 24 24 24 24 24 24 24 24 24 24 24 24 
