1e-030 5.98137e-304 1e-030 1e-030 1e-030 1e-030 1e-030 1e-030 1e-030 1e-030 1e-030 1e-030 1e-030 1e-030 1e-030 1e-030 1e-030 1e-030 1e-030 1e-030 1e-030 1e-030 1e-030 0.389711 1e-030 1e-030 1e-030 4.72433e-011 1e-030 1e-030 0.187472 0.422817 
1e-030 2.22175e-206 1e-030 1e-030 1e-030 1e-030 1e-030 1e-030 1e-030 1e-030 1e-030 1e-030 1e-030 1e-030 1e-030 1e-030 1e-030 1e-030 1e-030 1e-030 1e-030 1e-030 1e-030 0.329841 1e-030 1e-030 1e-030 0.265968 1e-030 1e-030 7.06202e-008 0.404191 
1e-030 2.71866e-182 1e-030 6.32938e-299 1e-030 1e-030 1e-030 1e-030 1e-030 1e-030 1e-030 1e-030 1e-030 1e-030 5.18231e-271 1e-030 1e-030 1e-030 1e-030 1e-030 1e-030 1e-030 1e-030 0.111961 1e-030 1e-030 1e-030 3.02759e-008 1e-030 1e-030 0.262509 0.62553 
1e-030 0.046318 1e-030 7.76494e-066 1e-030 1e-030 1e-030 1.81334e-150 1e-030 1e-030 1e-030 1e-030 1e-030 1e-030 1.04439e-008 8.22363e-244 4.52286e-215 2.4875e-186 1e-030 1e-030 1e-030 1e-030 1e-030 1e-030 1e-030 1e-030 1e-030 1.55221e-169 1e-030 1e-030 0.953682 6.87426e-022 
1e-030 1.70851e-082 1e-030 0.104902 1e-030 1e-030 1e-030 0.0524509 1e-030 1e-030 1e-030 1e-030 1e-030 1e-030 0.104902 0.0524509 0.0524509 0.157353 1e-030 1e-030 0.0524509 1e-030 1e-030 1.25363e-137 0.314705 1e-030 1e-030 5.95912e-248 1e-030 1e-030 0.0558844 0.0524509 
1e-030 1e-030 1e-030 1e-030 1e-030 1e-030 1e-030 1e-030 1e-030 1e-030 1e-030 1e-030 1e-030 1e-030 1e-030 1e-030 1e-030 1e-030 1e-030 1e-030 1e-030 1e-030 1e-030 2.68494e-307 1e-030 1e-030 1e-030 1.80494e-015 1e-030 1e-030 0.279462 0.720538 
1e-030 1e-030 1e-030 1e-030 1e-030 1e-030 1e-030 1e-030 1e-030 1e-030 1e-030 1e-030 1e-030 1e-030 1.08868e-242 1e-030 1e-030 1e-030 1e-030 1e-030 1e-030 1e-030 1e-030 0.234734 1e-030 1e-030 1e-030 0.234737 1e-030 1e-030 6.42803e-011 0.530529 
1e-030 1e-030 1e-030 1e-030 1e-030 1e-030 1e-030 1e-030 1e-030 1e-030 1e-030 1e-030 1e-030 1e-030 3.53353e-046 1e-030 4.36093e-271 1e-030 3.98414e-242 1e-030 7.96829e-242 1e-030 1e-030 7.33072e-006 1e-030 1e-030 1e-030 3.52143e-055 1e-030 1e-030 0.307849 0.692143 
1e-030 1e-030 1e-030 1e-030 1e-030 1e-030 1e-030 1e-030 1e-030 1e-030 1e-030 1e-030 1e-030 1e-030 1.07044e-008 1e-030 9.44349e-243 1e-030 7.46133e-270 1e-030 5.18522e-108 1e-030 1e-030 5.73387e-115 1e-030 1e-030 1e-030 6.28837e-060 1e-030 1e-030 0.935962 0.0640379 
1e-030 1e-030 1e-030 1e-030 1e-030 1e-030 1e-030 1e-030 1e-030 1e-030 1e-030 1e-030 1e-030 1e-030 0.0929623 1e-030 0.0697217 0.0232406 0.0697217 1e-030 0.0464812 1e-030 1e-030 0.232406 1e-030 1e-030 1e-030 0.116203 1e-030 0.0232406 0.0238935 0.30213 
1e-030 6.91692e-323 1e-030 1e-030 1e-030 1e-030 1e-030 1e-030 1e-030 1e-030 1e-030 1e-030 1e-030 1e-030 1e-030 1e-030 1e-030 1e-030 1e-030 1e-030 1e-030 1e-030 1e-030 7.27733e-033 1e-030 1e-030 1e-030 0.200001 1e-030 1e-030 0.200001 0.599997 
1e-030 3.5314e-218 1e-030 1e-030 1e-030 1e-030 1e-030 1e-030 1e-030 1e-030 1e-030 1e-030 1e-030 1e-030 1e-030 1e-030 1e-030 1e-030 1e-030 1e-030 1e-030 1e-030 1e-030 0.999981 1e-030 1e-030 1e-030 1e-030 1e-030 1e-030 1.82391e-110 1.90176e-005 
1e-030 0.0436623 1e-030 1e-030 1e-030 1e-030 1e-030 6.97396e-165 1e-030 1e-030 1e-030 1e-030 1e-030 1e-030 1e-030 1e-030 1e-030 3.41599e-195 1e-030 1e-030 1e-030 1e-030 1e-030 2.91513e-061 1e-030 1e-030 1e-030 1e-030 1e-030 1e-030 0.301404 0.654934 
1e-030 1e-030 1e-030 1e-030 1e-030 1e-030 1e-030 0.0709374 1e-030 1e-030 1e-030 1e-030 1e-030 1e-030 1e-030 1.27716e-026 1e-030 0.283749 1.12771e-228 1e-030 1e-030 1e-030 1e-030 1e-030 1e-030 1e-030 1e-030 1e-030 1e-030 1e-030 0.645313 1.18105e-060 
1e-030 1e-030 1e-030 1e-030 1e-030 0.025 1e-030 3.64022e-315 1e-030 1e-030 1e-030 1e-030 1e-030 1e-030 0.1 0.05 0.075 5.33537e-051 0.025 1e-030 1e-030 1e-030 1e-030 0.45 1e-030 1e-030 1e-030 0.1 1e-030 1e-030 1.89922e-129 0.175 
1e-030 1e-030 1e-030 1e-030 1e-030 1e-030 1e-030 1e-030 1e-030 1e-030 1e-030 1e-030 1e-030 1e-030 1e-030 1e-030 1e-030 1e-030 1e-030 1e-030 1e-030 1e-030 1e-030 0.000143303 1e-030 1e-030 1e-030 6.07753e-031 1e-030 6.23028e-083 2.83743e-263 0.999857 
1e-030 7.82506e-270 1e-030 1e-030 1e-030 1e-030 1e-030 1e-030 1e-030 1e-030 1e-030 1e-030 1e-030 1e-030 1e-030 1e-030 1e-030 1e-030 1e-030 1e-030 1e-030 1e-030 1e-030 0.465004 1e-030 1e-030 1e-030 0.23256 2.5541e-050 0.11628 6.8855e-005 0.186087 
1e-030 0.0951242 1e-030 1e-030 1e-030 1e-030 1e-030 1e-030 1e-030 1e-030 1e-030 1e-030 1e-030 1e-030 1e-030 1e-030 7.43364e-125 1e-030 1e-030 1e-030 1e-030 1e-030 1e-030 4.24537e-005 1e-030 1e-030 1e-030 5.15325e-017 0.245192 9.58132e-049 0.254916 0.404725 
1e-030 0.240694 1e-030 1e-030 1e-030 1e-030 1e-030 1e-030 1e-030 1e-030 1e-030 1e-030 1e-030 1e-030 1e-030 5.19865e-217 0.0362413 5.64084e-246 2.44299e-029 1e-030 1e-030 1e-030 1e-030 2.00737e-218 1e-030 1e-030 1e-030 1e-030 3.7481e-027 1e-030 0.686721 0.0363441 
1e-030 8.19679e-023 1e-030 1e-030 0.0255758 1e-030 1e-030 1e-030 1e-030 1e-030 1e-030 1e-030 1e-030 1e-030 0.0255758 0.102303 0.025689 0.0511516 0.0511516 1e-030 1e-030 1e-030 1e-030 0.460364 1e-030 1e-030 0.0255758 0.127879 7.55878e-180 4.89151e-214 0.0535823 0.0511516 
1e-030 2.21162e-166 1e-030 1e-030 1e-030 1e-030 1e-030 1e-030 1e-030 1e-030 1e-030 1e-030 1e-030 1e-030 1e-030 1e-030 1e-030 1e-030 1e-030 1e-030 1e-030 1e-030 1e-030 1.65819e-007 1e-030 1e-030 1e-030 0.0980489 1e-030 2.88578e-061 1e-030 0.901951 
1e-030 6.65348e-171 1e-030 1e-030 1e-030 1e-030 1e-030 1e-030 1e-030 1e-030 1e-030 1e-030 1e-030 1e-030 1e-030 1e-030 1e-030 1e-030 1e-030 1e-030 1e-030 1e-030 1e-030 0.526648 1e-030 1e-030 1e-030 0.114628 1e-030 0.0877748 6.87084e-167 0.270949 
1e-030 3.18169e-011 1e-030 1e-030 1e-030 1e-030 1e-030 1e-030 1e-030 1e-030 1e-030 1e-030 1e-030 1e-030 1e-030 1e-030 1e-030 1e-030 1e-030 1e-030 1e-030 1e-030 1e-030 8.19626e-012 1e-030 1e-030 1e-030 1.0819e-140 1e-030 1.87149e-111 1.40221e-236 1 
1e-030 0.735437 1e-030 5.23876e-006 1e-030 1e-030 1e-030 1e-030 1e-030 1e-030 1e-030 1e-030 1e-030 5.41562e-067 0.0602699 1e-030 1e-030 1e-030 1e-030 1e-030 1e-030 1e-030 1e-030 3.79624e-171 1e-030 1e-030 1e-030 6.7789e-181 1e-030 3.79624e-171 0.204288 3.72306e-029 
1e-030 1.00656e-039 1e-030 0.0252974 1e-030 0.0253006 1e-030 1e-030 1e-030 1e-030 1e-030 0.0506012 0.0253006 0.101202 0.063881 0.0506012 0.0506012 0.0253006 0.126503 1e-030 1e-030 1e-030 0.0253006 0.253006 1e-030 1e-030 1e-030 0.0253006 1e-030 1e-030 0.0506012 0.101202 
1e-030 1e-030 1e-030 1e-030 1e-030 1e-030 1e-030 1e-030 1e-030 1e-030 1e-030 1e-030 1e-030 1e-030 1e-030 1e-030 1e-030 1e-030 1e-030 1e-030 1e-030 1e-030 1e-030 2.4037e-062 1e-030 1e-030 1e-030 0.921014 1e-030 1e-030 0.0789858 3.50172e-092 
1e-030 1e-030 1e-030 1e-030 1e-030 1e-030 1e-030 1e-030 1e-030 1e-030 1e-030 1e-030 1e-030 1e-030 1e-030 1e-030 1e-030 1e-030 1e-030 1e-030 1e-030 1e-030 1e-030 0.308152 1e-030 1e-030 1e-030 0.119002 1e-030 1e-030 0.190454 0.382391 
1e-030 1e-030 1e-030 1e-030 1e-030 1e-030 1e-030 1.01681e-246 1e-030 1e-030 1e-030 1e-030 1e-030 1e-030 1e-030 1e-030 1e-030 1e-030 1e-030 1e-030 1e-030 1e-030 1e-030 2.22934e-039 1e-030 1e-030 1e-030 7.06022e-099 1e-030 1e-030 2.19325e-055 1 
1e-030 1e-030 1e-030 1e-030 1e-030 1e-030 1e-030 0.104553 1e-030 1e-030 1e-030 1e-030 1e-030 1e-030 1e-030 1e-030 0.0522764 1e-030 5.53959e-228 1e-030 2.65181e-019 1e-030 1e-030 1.89564e-099 1e-030 1e-030 1e-030 6.18745e-134 1e-030 1e-030 0.731238 0.111933 
1e-030 1e-030 1e-030 1e-030 1e-030 1e-030 1e-030 1.15799e-198 1e-030 1e-030 1e-030 1e-030 1e-030 0.0408163 1e-030 0.0816327 1.1058e-030 1e-030 0.0816327 0.0204082 0.0408163 1e-030 1e-030 0.469388 1e-030 1e-030 1e-030 0.122449 1e-030 1e-030 1e-030 0.142857 
1e-030 1e-030 1e-030 3.14287e-071 1e-030 1e-030 1e-030 3.88144e-155 1e-030 1e-030 1e-030 1e-030 1e-030 1.09264e-109 1e-030 1e-030 3.88144e-155 1e-030 1e-030 1e-030 1e-030 6.2131e-293 1e-030 0.0555556 2.52407e-292 1e-030 1e-030 0.166667 1e-030 1.75931e-009 0.111111 0.666667 
1e-030 1e-030 1e-030 2.2424e-221 1e-030 1e-030 1e-030 3.33565e-145 1e-030 1e-030 1e-030 1e-030 1e-030 1.02195e-070 1e-030 1e-030 3.95975e-178 1e-030 1e-030 1e-030 1e-030 4.44264e-292 1e-030 0.541942 8.7399e-207 1e-030 1e-030 0.277409 1e-030 0.180647 1e-030 1.68393e-006 
1e-030 1e-030 1e-030 0.160245 1e-030 1e-030 1e-030 1e-030 1e-030 1e-030 1e-030 1e-030 1e-030 0.160245 1e-030 1e-030 2.95892e-145 1e-030 1e-030 1e-030 1e-030 7.46039e-322 1e-030 5.37113e-034 8.66893e-207 1e-030 1e-030 0.234656 1e-030 7.96066e-223 7.02894e-035 0.444854 
1e-030 1e-030 1e-030 2.07906e-253 1e-030 1e-030 1e-030 0.0306488 1e-030 1e-030 1e-030 1e-030 1e-030 7.65588e-049 1e-030 1e-030 0.0306488 1e-030 1e-030 1e-030 1e-030 1e-030 1e-030 1e-030 2.62981e-223 1e-030 1e-030 5.06953e-051 1e-030 1e-030 0.827518 0.111184 
1e-030 1e-030 1e-030 1e-030 1e-030 1e-030 1e-030 1.84307e-307 1e-030 1e-030 1e-030 1e-030 1e-030 1e-030 1e-030 1e-030 0.0885103 1e-030 1e-030 1e-030 1e-030 0.0442552 1e-030 0.398296 0.0885103 1e-030 1e-030 0.221276 1e-030 1e-030 1.40876e-041 0.159152 
1e-030 1e-030 1e-030 1e-030 1e-030 1e-030 1e-030 1e-030 1e-030 1e-030 1e-030 1e-030 1e-030 1e-030 1e-030 1e-030 1e-030 1e-030 1e-030 1e-030 1e-030 1e-030 1e-030 0.283434 1e-030 1e-030 1e-030 0.210361 1e-030 1e-030 8.06225e-185 0.506205 
1e-030 1e-030 1e-030 1e-030 1e-030 1e-030 1e-030 1e-030 1e-030 1e-030 1e-030 1e-030 1e-030 1e-030 1e-030 1e-030 1e-030 1e-030 1e-030 1e-030 1e-030 1e-030 1e-030 0.689066 1e-030 1e-030 1e-030 3.90345e-018 1e-030 1e-030 4.07452e-153 0.310934 
1e-030 1e-030 1e-030 1e-030 1e-030 1e-030 1e-030 1e-030 1e-030 1e-030 1e-030 1e-030 1e-030 1e-030 1e-030 1e-030 1e-030 1e-030 1e-030 1e-030 1e-030 1e-030 1e-030 0.472421 1e-030 1e-030 1e-030 0.140451 1e-030 1e-030 1.47982e-014 0.387128 
1e-030 1e-030 1e-030 1e-030 1e-030 1e-030 1e-030 1.71559e-007 1e-030 1e-030 1e-030 1e-030 1e-030 1e-030 4.05987e-131 1e-030 1e-030 1e-030 1e-030 1e-030 1e-030 1e-030 1e-030 2.04653e-050 1e-030 1e-030 1e-030 9.53752e-081 1e-030 1e-030 0.832851 0.167148 
1e-030 1e-030 1e-030 0.0249568 1e-030 0.0499137 1e-030 0.0499136 1e-030 1e-030 1e-030 1e-030 1e-030 0.0499137 0.0748705 1e-030 1e-030 1e-030 1e-030 1e-030 1e-030 1e-030 1e-030 0.374353 0.124784 1e-030 1e-030 0.0998273 1e-030 1e-030 0.0516403 0.0998273 
1e-030 1e-030 1e-030 1e-030 1e-030 1e-030 1e-030 1e-030 1e-030 1e-030 1e-030 1e-030 1e-030 1e-030 1e-030 1e-030 1e-030 1e-030 1e-030 1e-030 1e-030 1e-030 1e-030 1e-030 1e-030 1e-030 1e-030 1 1e-030 1e-030 1e-030 1e-030 
1e-030 1e-030 1e-030 1e-030 1e-030 1e-030 1e-030 1e-030 1e-030 1e-030 1e-030 1e-030 1e-030 1e-030 1e-030 1e-030 1e-030 1e-030 1e-030 1e-030 1e-030 1e-030 1e-030 0.251058 1e-030 1e-030 1e-030 0.177535 1e-030 1e-030 8.77813e-123 0.571407 
1e-030 1e-030 1e-030 1e-030 1e-030 1e-030 1e-030 8.27749e-195 1e-030 1e-030 1e-030 1e-030 1e-030 1e-030 1e-030 1e-030 1e-030 1e-030 1e-030 1e-030 1e-030 1e-030 1e-030 0.415779 1e-030 1e-030 1e-030 3.35016e-017 1e-030 1e-030 1.72809e-007 0.584221 
1e-030 1e-030 1e-030 1e-030 1e-030 1e-030 1e-030 6.84293e-009 1e-030 1e-030 1e-030 1e-030 1e-030 9.22136e-179 1e-030 1e-030 1e-030 1e-030 1e-030 1e-030 1e-030 1e-030 1e-030 1.25523e-175 1e-030 1e-030 1e-030 1e-030 1e-030 1e-030 0.956843 0.0431572 
1e-030 1e-030 1e-030 1e-030 1e-030 0.0356606 1e-030 0.0713212 1e-030 1e-030 1e-030 0.0713212 1e-030 0.0356606 1e-030 1e-030 0.142642 0.0713212 0.0356606 0.0713212 1e-030 0.0356606 1e-030 0.320945 1e-030 1e-030 1e-030 0.0356606 1e-030 1e-030 0.0371641 0.0356606 
1e-030 1e-030 1e-030 1e-030 1e-030 1e-030 1e-030 1e-030 1e-030 1e-030 1e-030 1e-030 1e-030 1e-030 1e-030 1e-030 1e-030 1e-030 1e-030 1e-030 1e-030 1e-030 1e-030 0.714496 1e-030 1e-030 1e-030 1e-030 1e-030 1e-030 5.32482e-009 0.285504 
1e-030 1e-030 1e-030 8.4405e-283 1e-030 1e-030 1e-030 1e-030 1e-030 1e-030 1e-030 1e-030 1e-030 1e-030 1e-030 1e-030 1e-030 1e-030 1e-030 1e-030 1e-030 1e-030 1e-030 0.585977 1e-030 1e-030 1e-030 1e-030 1e-030 1e-030 0.00492967 0.409094 
1e-030 1e-030 1e-030 5.18936e-054 1e-030 1e-030 1e-030 1.40102e-135 1e-030 1e-030 1e-030 1e-030 1e-030 1e-030 1.36508e-264 1e-030 1e-030 1e-030 1e-030 1e-030 1e-030 1e-030 1e-030 0.331459 1e-030 1e-030 1e-030 1e-030 1e-030 1e-030 0.103894 0.564647 
1e-030 1e-030 1e-030 0.0355143 1e-030 1.58794e-046 1e-030 0.0355142 1e-030 3.4164e-110 1e-030 1e-030 1e-030 6.60912e-006 0.0475693 1e-030 1e-030 1e-030 1e-030 1e-030 1e-030 1e-030 1e-030 2.67231e-022 1e-030 1e-030 1e-030 7.58691e-022 1e-030 1e-030 0.806106 0.0752891 
1e-030 1e-030 1e-030 8.4135e-012 1e-030 0.0403266 1e-030 1.22421e-007 1e-030 0.12098 1e-030 1e-030 1e-030 0.0806458 0.0669648 1e-030 1e-030 1e-030 0.0403266 1e-030 1e-030 1e-030 1e-030 0.161307 1e-030 1e-030 1e-030 0.24196 1e-030 1e-030 0.12651 0.12098 
1.31433e-185 1.64878e-025 1e-030 0.35987 1e-030 1e-030 1e-030 2.59236e-287 1e-030 1e-030 1e-030 1e-030 1e-030 1e-030 3.12735e-212 1e-030 1e-030 1e-030 1e-030 1e-030 1e-030 1e-030 1e-030 1e-030 1e-030 1e-030 1e-030 1e-030 1e-030 1e-030 0.64013 1e-030 
1e-030 0.378204 1e-030 3.12951e-034 1e-030 1e-030 1e-030 1.60646e-212 1e-030 1e-030 1e-030 1e-030 1e-030 1e-030 9.49119e-213 1e-030 1e-030 1e-030 1e-030 1e-030 1e-030 1e-030 1e-030 1e-030 1e-030 1e-030 1e-030 1e-030 1e-030 1e-030 0.621796 1e-030 
0.331481 9.27448e-016 1e-030 0.662961 1e-030 1e-030 1e-030 2.20489e-050 1e-030 1e-030 1e-030 1e-030 1e-030 1e-030 0.00527581 1e-030 1e-030 4.02206e-176 1e-030 1e-030 1e-030 1e-030 1e-030 5.50539e-255 1e-030 5.05689e-225 1e-030 1e-030 1e-030 1e-030 0.000283001 1e-030 
9.44316e-050 1e-030 1e-030 2.91131e-007 1e-030 1e-030 1e-030 0.333924 1e-030 1e-030 1e-030 1e-030 1e-030 1e-030 0.220844 1e-030 1e-030 0.111308 1e-030 1e-030 1e-030 1e-030 1e-030 3.3677e-016 1e-030 0.111308 1e-030 1e-030 1e-030 1e-030 0.222616 1e-030 
1e-030 0.0701754 1e-030 1e-030 1e-030 1e-030 1e-030 1.89392e-247 1e-030 1e-030 1e-030 1e-030 1e-030 1e-030 1e-030 1e-030 1e-030 2.1557e-116 0.0350877 1e-030 1e-030 1e-030 1e-030 0.614035 0.0175439 1.435e-014 1e-030 0.0350877 1e-030 1e-030 0.122807 0.105263 
1e-030 1e-030 1e-030 1e-030 1e-030 1e-030 1e-030 1e-030 1e-030 1e-030 1e-030 1e-030 1e-030 1e-030 1e-030 1e-030 1e-030 1e-030 1e-030 1e-030 1e-030 1e-030 1e-030 0.363681 1e-030 1e-030 1e-030 0.0636319 1e-030 1e-030 6.33744e-047 0.572687 
1e-030 1e-030 1e-030 1e-030 1e-030 1e-030 1e-030 1e-030 1e-030 1e-030 1e-030 1e-030 1e-030 1e-030 1e-030 1e-030 1e-030 1e-030 1e-030 1e-030 1e-030 1e-030 1e-030 0.999994 1e-030 1e-030 1e-030 5.72452e-034 1e-030 1e-030 1.99846e-150 5.79951e-006 
1e-030 1e-030 1e-030 1e-030 1e-030 1e-030 1e-030 5.84136e-111 1e-030 1e-030 1e-030 1e-030 1e-030 1e-030 1e-030 1e-030 1e-030 1e-030 1e-030 1e-030 1e-030 1e-030 1e-030 8.16892e-061 1e-030 1e-030 1e-030 0.152181 1e-030 1e-030 0.133887 0.713931 
1e-030 0.155022 1e-030 0.0516739 1e-030 1e-030 1e-030 0.0258369 1e-030 1e-030 1e-030 1e-030 1e-030 1e-030 0.0258369 1e-030 1e-030 1e-030 1e-030 1e-030 1e-030 1e-030 1e-030 5.92653e-280 1e-030 1e-030 1e-030 3.30125e-094 1e-030 1e-030 0.700704 0.040927 
1e-030 1e-030 1e-030 1e-030 1e-030 1e-030 1e-030 1e-030 1e-030 1e-030 1e-030 1e-030 1e-030 1e-030 1e-030 1e-030 1e-030 1e-030 1e-030 1e-030 1e-030 1e-030 1e-030 0.82028 1e-030 1e-030 1e-030 1e-030 1e-030 1e-030 2.55211e-041 0.17972 
1e-030 1e-030 1e-030 1e-030 1e-030 1e-030 1e-030 1e-030 1e-030 1e-030 1e-030 1e-030 1e-030 1e-030 1e-030 1e-030 1e-030 1e-030 1e-030 1e-030 1e-030 1e-030 1e-030 0.37927 1e-030 1e-030 1e-030 0.119424 1e-030 2.98559e-015 7.04664e-058 0.501306 
1e-030 1.08099e-177 1e-030 1e-030 1e-030 1e-030 1e-030 1e-030 1e-030 1e-030 1e-030 1e-030 1e-030 1e-030 1e-030 1e-030 1e-030 1e-030 1e-030 1e-030 1e-030 1e-030 1e-030 0.549252 1e-030 1e-030 1e-030 0.0741515 1e-030 0.000122937 3.36842e-019 0.376473 
1e-030 1.94244e-050 1e-030 1e-030 1e-030 1e-030 1e-030 1e-030 1e-030 1e-030 1e-030 1e-030 1e-030 1e-030 1e-030 1e-030 1e-030 1e-030 1e-030 1e-030 1e-030 1e-030 1e-030 0.372083 1e-030 1e-030 1e-030 0.00248213 1e-030 0.0854024 7.0989e-005 0.539961 
1e-030 0.367124 1e-030 1e-030 1e-030 1e-030 1e-030 1e-030 1e-030 1e-030 1e-030 1e-030 1e-030 1e-030 0.0206384 1e-030 1e-030 0.0165327 1e-030 1e-030 1e-030 1e-030 1e-030 1.2224e-018 1e-030 1e-030 1e-030 1e-030 1e-030 4.30579e-101 0.556895 0.0388092 
1e-030 0.332464 1e-030 1e-030 1e-030 1e-030 1e-030 1e-030 1e-030 1e-030 1e-030 1e-030 1e-030 1e-030 2.16086e-017 1e-030 1e-030 0.312553 1e-030 1e-030 1e-030 1e-030 1e-030 1.89414e-131 1e-030 1e-030 1e-030 1e-030 1e-030 1e-030 0.0247398 0.330244 
1e-030 8.50106e-108 1e-030 1e-030 1e-030 1e-030 1e-030 1e-030 1e-030 1e-030 1e-030 1e-030 1e-030 1e-030 1e-030 1e-030 1e-030 1e-030 1e-030 1e-030 1e-030 1e-030 1e-030 1e-030 1e-030 1e-030 1e-030 1e-030 1e-030 1e-030 0.00175555 0.998244 
1e-030 1.63817e-008 1e-030 1e-030 1e-030 1e-030 1e-030 1e-030 1e-030 1e-030 1e-030 1e-030 1e-030 4.99501e-146 1e-030 1e-030 1e-030 1e-030 1e-030 1e-030 1e-030 1e-030 1e-030 1e-030 1e-030 1e-030 1e-030 1e-030 1e-030 1e-030 0.223701 0.776299 
1e-030 0.993846 1e-030 1e-030 1e-030 1e-030 1e-030 1e-030 1e-030 1e-030 1e-030 1e-030 1e-030 3.74904e-085 1e-030 1e-030 4.16923e-300 1e-030 1e-030 1e-030 1e-030 1e-030 1e-030 1e-030 1e-030 1e-030 1e-030 1e-030 1e-030 1e-030 8.07073e-006 0.00614631 
3.88958e-277 0.0808551 1e-030 1e-030 1e-030 1e-030 1e-030 1e-030 1e-030 1e-030 1e-030 1e-030 1e-030 0.0256979 1e-030 1e-030 1.32224e-007 1e-030 1e-030 1e-030 1e-030 1e-030 1e-030 1e-030 1e-030 1e-030 1e-030 1e-030 1e-030 1.22129e-063 0.893447 2.60688e-035 
0.0268582 0.0805745 1e-030 1e-030 1e-030 1e-030 1e-030 1e-030 1e-030 1e-030 1e-030 1e-030 1e-030 4.43829e-022 1e-030 1e-030 0.0537162 0.0268582 1e-030 1e-030 0.0268582 1e-030 1e-030 0.107433 0.0268582 1e-030 1e-030 1e-030 1e-030 0.0268582 0.167397 0.456589 
1e-030 1e-030 1e-030 1e-030 1e-030 1e-030 1e-030 1e-030 1e-030 1e-030 1e-030 1e-030 1e-030 1e-030 4.283e-301 1e-030 1e-030 1e-030 1e-030 1e-030 1e-030 1e-030 1e-030 8.58267e-023 1e-030 1e-030 1e-030 1e-030 1e-030 1e-030 0.394489 0.605511 
1e-030 1e-030 1e-030 1e-030 1e-030 1e-030 1e-030 1.13158e-280 1e-030 1e-030 1e-030 1e-030 1e-030 1e-030 2.46361e-251 1e-030 1e-030 1e-030 1e-030 1e-030 1e-030 1e-030 1e-030 0.480949 1e-030 1e-030 1e-030 1e-030 1e-030 1e-030 0.091648 0.427403 
1e-030 3.25203e-241 1e-030 1e-030 1e-030 1e-030 1e-030 4.59898e-210 1e-030 1e-030 1e-030 1e-030 1e-030 1e-030 1.29432e-047 1e-030 1e-030 1e-030 1e-030 1e-030 1e-030 1e-030 1e-030 0.14068 1e-030 1e-030 1e-030 1e-030 1e-030 1e-030 0.185945 0.673375 
1e-030 0.149254 1e-030 1e-030 1e-030 1e-030 1e-030 0.0298508 1e-030 1e-030 1e-030 1e-030 1e-030 0.0298508 0.0298508 1e-030 1e-030 1.85889e-036 1e-030 1e-030 8.00992e-290 1e-030 1e-030 1e-030 1e-030 1e-030 1e-030 1e-030 1.82148e-166 1e-030 0.761194 5.98375e-079 
1e-030 7.17851e-312 1e-030 1e-030 1e-030 1e-030 1e-030 1e-030 1e-030 1e-030 1e-030 1e-030 1e-030 2.06052e-015 0.13488 1e-030 1e-030 0.0899202 1e-030 1e-030 0.0449601 1e-030 1e-030 0.0899202 0.0449601 1e-030 1e-030 1e-030 0.0449601 1e-030 0.235678 0.314721 
1e-030 1e-030 1e-030 1e-030 1e-030 1e-030 1e-030 1e-030 1e-030 1e-030 1e-030 1e-030 1e-030 1e-030 1e-030 1e-030 1e-030 1e-030 1e-030 1e-030 1e-030 1e-030 1e-030 0.122882 1e-030 1e-030 1e-030 0.00549272 1e-030 1e-030 7.54818e-011 0.871625 
1e-030 6.82876e-114 1e-030 6.76385e-248 1e-030 1e-030 1e-030 1e-030 1e-030 1e-030 1e-030 1e-030 1e-030 1e-030 1e-030 1e-030 1e-030 1e-030 1e-030 1e-030 1e-030 1e-030 1e-030 0.277097 1e-030 1e-030 1e-030 0.0808088 1e-030 1e-030 0.161342 0.480753 
1e-030 2.48918e-066 1e-030 1.17735e-303 1e-030 1e-030 1e-030 1e-030 1e-030 1e-030 1e-030 1e-030 1e-030 1e-030 1e-030 1e-030 1e-030 1e-030 1e-030 1e-030 1e-030 1e-030 1e-030 0.316653 1e-030 1e-030 1e-030 0.0751103 1e-030 1e-030 9.41124e-007 0.608235 
1e-030 0.141297 0.0706483 0.105972 1e-030 0.0353241 1e-030 1e-030 1e-030 1e-030 1e-030 1e-030 1e-030 1e-030 1e-030 1e-030 1e-030 4.08811e-153 1e-030 1e-030 1e-030 1e-030 1e-030 1e-030 1e-030 1e-030 1e-030 4.77735e-300 0.00123426 1e-030 0.645524 2.81932e-020 
1e-030 1.1602e-034 8.19593e-210 1e-030 1e-030 1e-030 1e-030 1e-030 1e-030 1e-030 1e-030 1e-030 1e-030 1e-030 1e-030 1e-030 1e-030 0.0722263 1e-030 1e-030 0.0361132 1e-030 1e-030 0.252792 1e-030 1e-030 1e-030 1e-030 0.0348513 1e-030 0.315112 0.288905 
1e-030 1e-030 1e-030 1e-030 1e-030 1e-030 1e-030 1e-030 1e-030 1e-030 1e-030 1e-030 1e-030 1e-030 1e-030 1e-030 1e-030 1e-030 1e-030 1e-030 1e-030 1e-030 1e-030 3.6684e-143 1e-030 1e-030 1e-030 1e-030 1e-030 1e-030 1e-030 1 
1e-030 1e-030 1e-030 1e-030 1e-030 1e-030 1e-030 1e-030 1e-030 1e-030 1e-030 1e-030 1e-030 1e-030 1e-030 1e-030 1e-030 1e-030 1e-030 1e-030 1e-030 1e-030 1e-030 0.490385 1.45339e-304 1e-030 1e-030 1e-030 1e-030 1e-030 1.06313e-092 0.509615 
1e-030 1e-030 1e-030 7.45718e-214 1.29171e-242 1e-030 1e-030 1e-030 1e-030 1e-030 1e-030 1e-030 1e-030 1e-030 1e-030 1e-030 1e-030 1e-030 1e-030 1e-030 1e-030 1e-030 1e-030 0.752445 8.55934e-177 1e-030 1e-030 1e-030 1e-030 1e-030 0.182671 0.0648835 
1e-030 1e-030 9.30828e-127 0.0993319 0.049666 3.70448e-158 1e-030 1e-030 1e-030 1e-030 1e-030 1e-030 1e-030 1e-030 1e-030 1e-030 1e-030 1e-030 1e-030 1e-030 1e-030 1e-030 1e-030 1.84946e-265 0.049666 1e-030 1e-030 1e-030 1e-030 1e-030 0.311169 0.490167 
1e-030 1e-030 0.0931668 3.43621e-065 7.32192e-157 0.0931668 1e-030 1e-030 1e-030 1e-030 1e-030 1e-030 1e-030 1e-030 1e-030 1e-030 1e-030 1e-030 1e-030 1e-030 1e-030 1e-030 1e-030 1e-030 1e-030 1e-030 1e-030 1e-030 1e-030 1e-030 0.813666 1e-030 
1e-030 5.92951e-280 1e-030 1e-030 1e-030 1e-030 1e-030 1e-030 1e-030 1e-030 1e-030 1e-030 1e-030 1e-030 1e-030 1e-030 1e-030 1e-030 1e-030 1e-030 1e-030 1e-030 1e-030 0.877672 1.91424e-066 1e-030 1e-030 1.52396e-006 1e-030 1e-030 1.85066e-019 0.122326 
1e-030 8.50318e-020 1e-030 6.64473e-155 1e-030 1e-030 1e-030 1.13635e-230 1e-030 1e-030 1e-030 1e-030 1e-030 1e-030 1e-030 1e-030 1e-030 1e-030 1e-030 1e-030 1e-030 1e-030 1e-030 0.691778 0.0452544 1e-030 1e-030 0.0452541 1e-030 1e-030 0.0452555 0.172458 
1e-030 1.59593e-006 1e-030 1.16374e-106 1e-030 1e-030 1e-030 1e-030 1e-030 1e-030 1e-030 1e-030 1e-030 1e-030 1e-030 1e-030 1e-030 1e-030 1e-030 1e-030 1e-030 1e-030 1e-030 0.181506 1.40818e-020 1e-030 1e-030 1.42105e-054 2.42174e-302 1e-030 0.0007256 0.817767 
1e-030 0.0556034 1e-030 0.0278019 1e-030 1e-030 1e-030 0.0276213 1e-030 1e-030 1e-030 1e-030 1e-030 2.3099e-090 1e-030 1e-030 1e-030 1e-030 1e-030 1e-030 1e-030 1e-030 1e-030 1.33559e-019 1e-030 1e-030 1e-030 1e-030 3.64145e-024 1e-030 0.801893 0.0870803 
1e-030 1.57554e-008 1e-030 5.98856e-045 1e-030 1e-030 1e-030 0.00040189 1e-030 1e-030 1e-030 1e-030 1e-030 0.123775 0.0618873 1e-030 0.185662 1e-030 1e-030 1e-030 1e-030 1e-030 1e-030 1.52318e-170 0.123775 1e-030 1e-030 0.123775 0.0618873 1e-030 0.133175 0.185662 
1e-030 1e-030 1e-030 1e-030 1e-030 1e-030 1e-030 1e-030 1e-030 1e-030 1e-030 1e-030 1e-030 1e-030 1e-030 1e-030 1e-030 1e-030 1e-030 1e-030 1e-030 1e-030 1e-030 9.98436e-012 1e-030 1e-030 1e-030 2.34711e-271 1e-030 1e-030 1e-030 1 
1e-030 9.54138e-197 1.929e-307 1e-030 1e-030 1e-030 1e-030 1e-030 1e-030 1e-030 1e-030 1e-030 1e-030 1e-030 1e-030 1e-030 1e-030 1e-030 1e-030 1e-030 1e-030 1e-030 1e-030 1 1e-030 1e-030 1e-030 3.25175e-067 1e-030 1e-030 9.54138e-197 1.78976e-007 
1e-030 3.35885e-260 2.18438e-197 1e-030 1e-030 1e-030 1e-030 1e-030 1e-030 1e-030 1e-030 1e-030 1e-030 1e-030 1e-030 1e-030 1e-030 1e-030 1e-030 1e-030 1e-030 1e-030 1e-030 0.385531 1e-030 1e-030 1e-030 0.0438906 1e-030 1e-030 8.08224e-024 0.570578 
1e-030 0.354335 0.0295279 1e-030 1e-030 1e-030 1e-030 0.0590559 1e-030 1e-030 1e-030 1e-030 1e-030 0.0295279 0.0590559 1e-030 1e-030 1e-030 1e-030 1e-030 1e-030 1e-030 1e-030 1.42654e-181 1e-030 1e-030 1e-030 1e-030 1e-030 1e-030 0.468497 3.1804e-015 
1e-030 0.0473176 1e-030 0.0946352 1e-030 0.0473176 1e-030 1e-030 1e-030 1e-030 1e-030 1e-030 1e-030 3.65443e-096 0.0946352 1e-030 1e-030 1e-030 1e-030 1e-030 1e-030 1e-030 1e-030 0.283906 1e-030 1e-030 0.0473176 0.18927 1e-030 1e-030 0.0536476 0.141953 
1e-030 1e-030 1e-030 1e-030 1e-030 1e-030 1e-030 1e-030 1e-030 1e-030 1e-030 1e-030 1e-030 1e-030 1e-030 1e-030 1e-030 1e-030 1e-030 1e-030 1e-030 1e-030 1e-030 5.73243e-014 1e-030 1e-030 1e-030 1e-030 1e-030 1e-030 1e-030 1 
1e-030 1.17612e-010 1e-030 1e-030 1e-030 1e-030 1e-030 1e-030 1e-030 1e-030 1e-030 1e-030 1e-030 1e-030 1e-030 1e-030 1e-030 1e-030 1e-030 1e-030 1e-030 1e-030 1e-030 0.839559 1e-030 1e-030 1e-030 1e-030 1e-030 1e-030 4.08035e-095 0.160441 
1e-030 0.146872 1e-030 1e-030 1e-030 1e-030 1e-030 7.35012e-292 1e-030 1e-030 1e-030 1e-030 1e-030 2.20504e-291 5.72525e-087 1e-030 1e-030 9.45642e-321 1e-030 1e-030 1e-030 1e-030 1e-030 0.498133 1e-030 1e-030 1e-030 1e-030 1e-030 1e-030 0.184712 0.170283 
1e-030 0.210276 1e-030 1e-030 1e-030 1e-030 1e-030 1.56968e-121 1e-030 1e-030 1e-030 1e-030 1e-030 1e-030 2.634e-007 1e-030 1e-030 2.17289e-292 1e-030 1e-030 1e-030 1e-030 1e-030 2.60691e-033 1e-030 1e-030 1e-030 1e-030 1e-030 1e-030 0.789724 1.85548e-209 
1e-030 2.02757e-186 1e-030 1e-030 1e-030 1e-030 1e-030 0.0222068 1e-030 1e-030 1e-030 1e-030 1e-030 0.0666205 0.0666203 1e-030 1e-030 0.0666205 0.0222068 1e-030 0.0222068 0.0222068 1e-030 0.48855 0.0444136 1e-030 1e-030 0.0888273 1e-030 1e-030 0.0229002 0.0666205 
1e-030 1e-030 1e-030 1e-030 1e-030 1e-030 1e-030 1e-030 1e-030 1e-030 1e-030 1e-030 1e-030 1e-030 1e-030 1e-030 1e-030 1e-030 1e-030 1e-030 1e-030 1e-030 1e-030 0.326185 1e-030 1e-030 1e-030 0.308085 1e-030 1e-030 1.40107e-018 0.36573 
1e-030 5.31886e-241 1e-030 1e-030 1e-030 1e-030 1e-030 1e-030 1e-030 1e-030 1e-030 1e-030 1e-030 1e-030 1e-030 1e-030 1e-030 1e-030 1e-030 1e-030 1e-030 1e-030 1e-030 0.284493 1e-030 1e-030 1e-030 0.202593 1e-030 1e-030 0.13536 0.377554 
1e-030 7.8733e-210 1e-030 1e-030 1e-030 1e-030 1e-030 1e-030 1e-030 1e-030 1e-030 1e-030 1e-030 1e-030 1e-030 1e-030 1e-030 1e-030 1e-030 1e-030 1e-030 1e-030 1e-030 8.7251e-006 1e-030 1e-030 1e-030 0.205497 1e-030 1e-030 2.83237e-040 0.794494 
1e-030 0.100509 1e-030 0.033503 1e-030 9.13588e-112 1e-030 0.033503 1e-030 1e-030 1e-030 1e-030 1e-030 1.40998e-029 0.134012 1e-030 1e-030 1e-030 1e-030 1e-030 1e-030 1e-030 1e-030 1e-030 1e-030 1e-030 1e-030 1.33987e-242 1e-030 1e-030 0.698473 9.58741e-108 
1e-030 1e-030 1e-030 1e-030 1e-030 0.0284479 1e-030 1e-030 1e-030 1e-030 1e-030 1e-030 1e-030 0.0568959 1.51617e-267 1e-030 1e-030 1e-030 1e-030 1e-030 1e-030 1e-030 1e-030 0.455167 0.0568959 1e-030 1e-030 0.170688 1e-030 0.0284479 0.0896657 0.113792 
1e-030 1e-030 1e-030 1e-030 1e-030 1e-030 1e-030 1e-030 1e-030 1e-030 1e-030 1e-030 1e-030 0.142851 1e-030 1e-030 0.142851 1e-030 1e-030 1e-030 1e-030 1e-030 1e-030 6.48033e-093 1e-030 1e-030 1e-030 2.73637e-005 1e-030 1e-030 0.571406 0.142864 
1e-030 2.96767e-102 1e-030 1e-030 1e-030 1e-030 1e-030 1e-030 1e-030 1e-030 1e-030 1e-030 1e-030 9.42733e-274 1e-030 1e-030 3.00122e-154 1e-030 1e-030 1e-030 1e-030 1e-030 1e-030 0.446404 1e-030 1e-030 1e-030 0.223191 1e-030 1e-030 7.36773e-064 0.330405 
1e-030 0.351862 1e-030 1e-030 1e-030 1e-030 1e-030 1e-030 1e-030 1e-030 1e-030 1e-030 1e-030 1e-030 1e-030 1e-030 1e-030 1e-030 1e-030 1e-030 1e-030 1e-030 1e-030 1.48692e-044 1e-030 1e-030 1e-030 2.42279e-244 1e-030 1e-030 1.20393e-045 0.648138 
1e-030 0.126591 1e-030 0.116264 1e-030 1e-030 1e-030 0.116264 1e-030 1e-030 1e-030 1e-030 1e-030 0.0581319 1.88165e-047 1e-030 1e-030 1e-030 1e-030 1e-030 1e-030 1e-030 1e-030 4.91121e-066 7.45111e-121 1e-030 1e-030 1e-030 1e-030 1e-030 0.523187 0.0595619 
1e-030 1e-030 1e-030 1e-030 1e-030 1e-030 1e-030 1e-030 1e-030 1e-030 1e-030 1e-030 1e-030 1e-030 0.142857 1e-030 1e-030 1e-030 0.047619 1e-030 1e-030 1e-030 1e-030 0.52381 0.047619 1e-030 1e-030 0.190476 1e-030 1e-030 9.08054e-049 0.047619 
1e-030 1e-030 1e-030 1e-030 3.03292e-018 1e-030 1e-030 1e-030 1e-030 1e-030 1e-030 1e-030 1e-030 1e-030 1e-030 1e-030 1e-030 1e-030 1e-030 1e-030 1e-030 1e-030 1e-030 0.500033 2.3834e-202 1e-030 1e-030 1e-030 1e-030 1e-030 0.499967 1e-030 
1e-030 1e-030 1e-030 1e-030 0.665846 1e-030 1e-030 1e-030 1e-030 1e-030 1e-030 1e-030 1e-030 1e-030 1e-030 1e-030 1e-030 1e-030 1e-030 1e-030 1e-030 1e-030 1e-030 0.00120874 0.332923 1e-030 1e-030 2.03947e-121 1e-030 1e-030 2.20274e-005 2.05043e-018 
1e-030 0.0199862 1e-030 1e-030 7.7848e-219 1e-030 1e-030 5.14972e-036 1e-030 1e-030 1e-030 1e-030 1e-030 1e-030 1e-030 1e-030 1e-030 1e-030 1e-030 1e-030 1e-030 1e-030 1e-030 0.384851 1.53905e-025 1e-030 1e-030 0.175048 1e-030 1e-030 0.0350096 0.385105 
1e-030 0.0156447 1e-030 0.0364576 1e-030 1e-030 1e-030 0.0729152 1e-030 1e-030 1e-030 1e-030 1e-030 2.87791e-011 0.0364576 1e-030 1.61321e-246 1e-030 1e-030 1e-030 1e-030 1e-030 1e-030 1e-030 1e-030 1e-030 1e-030 1e-030 1e-030 1e-030 0.838525 1.81933e-017 
1e-030 1e-030 1e-030 8.31759e-238 0.047619 1e-030 1e-030 2.77545e-064 1e-030 1e-030 1e-030 1e-030 1e-030 0.190476 0.047619 0.047619 0.142857 1e-030 0.047619 0.047619 1e-030 1e-030 1e-030 0.047619 0.047619 1e-030 1e-030 0.285714 1e-030 1e-030 1.17347e-013 0.047619 
1e-030 6.87344e-149 1e-030 1e-030 1e-030 1e-030 1e-030 1e-030 1e-030 1.32269e-039 1e-030 1e-030 1e-030 1e-030 1e-030 1e-030 1e-030 1e-030 1e-030 1e-030 1e-030 1e-030 1e-030 0.173267 1e-030 1e-030 1e-030 0.351794 1e-030 1e-030 0.000711376 0.474228 
1e-030 1.83646e-057 1e-030 1.14289e-166 1e-030 1e-030 1e-030 1e-030 1e-030 5.10234e-008 1e-030 1e-030 1e-030 1e-030 2.08255e-259 1e-030 1e-030 1e-030 1e-030 1e-030 1e-030 1e-030 1e-030 0.00180353 1e-030 1e-030 1e-030 8.81437e-008 1e-030 1e-030 0.601979 0.396218 
1e-030 0.0408015 1e-030 0.0222083 1e-030 1e-030 1e-030 1e-030 1e-030 0.0408015 1e-030 1e-030 1e-030 1e-030 5.43028e-074 1e-030 1e-030 1e-030 1e-030 1e-030 1e-030 1e-030 1e-030 0.163337 1e-030 1e-030 1e-030 0.0408015 1e-030 1e-030 0.213627 0.478422 
1e-030 6.94802e-017 1e-030 0.0227241 1e-030 1.07835e-019 1e-030 1.30966e-038 1e-030 1e-030 1e-030 1e-030 1e-030 1.53754e-103 0.000223358 1.34711e-254 8.07893e-064 2.50811e-157 1e-030 1e-030 1e-030 1e-030 1e-030 1.33099e-155 1e-030 1e-030 1e-030 2.09096e-069 1e-030 1e-030 0.977049 3.60301e-006 
1e-030 0.0354042 1e-030 1.71496e-065 1e-030 0.0354042 1e-030 0.0354042 1e-030 0.0354042 1e-030 1e-030 1e-030 0.0354042 0.141458 0.0354042 0.0354042 0.0354042 1e-030 1e-030 1e-030 1e-030 1e-030 0.106213 0.177021 1e-030 1e-030 0.106213 1e-030 1e-030 0.185861 5.46753e-154 
1e-030 1e-030 1e-030 1e-030 1e-030 1e-030 1e-030 1e-030 1e-030 1e-030 1e-030 1e-030 1e-030 1e-030 1e-030 1e-030 1e-030 1e-030 1e-030 1e-030 1e-030 1e-030 1e-030 3.70287e-262 1e-030 1e-030 1e-030 1.08493e-020 1e-030 1e-030 1 7.34768e-203 
1e-030 1e-030 1e-030 1e-030 1e-030 1e-030 1e-030 1e-030 1e-030 1e-030 1e-030 1e-030 1e-030 1e-030 1e-030 1e-030 1e-030 1e-030 1e-030 1e-030 1e-030 1e-030 1e-030 1.87596e-167 1e-030 1e-030 1e-030 1 1e-030 1e-030 1.05469e-023 1.15406e-019 
1e-030 1e-030 1e-030 1e-030 0.00108612 1.87623e-144 1e-030 1e-030 1e-030 1e-030 1e-030 1e-030 1e-030 1e-030 1e-030 1e-030 1e-030 1e-030 1e-030 1e-030 1e-030 1e-030 1e-030 0.26491 1e-030 1e-030 1e-030 0.0717289 1e-030 1e-030 0.0662275 0.596047 
1e-030 0.177893 1e-030 0.00438337 0.0349951 0.0355786 1e-030 0.0711572 1e-030 1e-030 1e-030 1e-030 1e-030 1e-030 0.0355786 1e-030 1e-030 5.11942e-036 1e-030 1e-030 1e-030 1e-030 1e-030 2.48533e-064 1e-030 1e-030 1e-030 1.29785e-015 1e-030 1e-030 0.604836 0.0355786 
1e-030 3.45251e-022 1e-030 0.0314526 1e-030 1e-030 1e-030 5.38224e-282 1e-030 1e-030 1e-030 1e-030 1e-030 1e-030 1e-030 1e-030 0.0717443 0.143489 0.0717443 1e-030 1e-030 1e-030 1e-030 0.430466 0.179361 1e-030 1e-030 1e-030 1e-030 1e-030 0.0358721 0.0358721 
1e-030 1.00136e-244 3.73135e-126 4.35158e-112 1e-030 1e-030 1e-030 3.29822e-216 1e-030 1e-030 1e-030 1e-030 1e-030 1e-030 1e-030 1e-030 1e-030 1e-030 1e-030 1e-030 1e-030 1e-030 1e-030 0.351076 1e-030 1e-030 1e-030 0.0633917 1e-030 1e-030 0.12908 0.456452 
1e-030 3.98098e-212 2.30747e-112 7.82395e-101 1e-030 1e-030 1e-030 3.9323e-183 1e-030 1e-030 1e-030 1e-030 1e-030 1e-030 3.57477e-299 1e-030 1e-030 1e-030 1e-030 1e-030 1e-030 1e-030 1e-030 2.5056e-006 1e-030 1e-030 1e-030 0.0568805 1e-030 1e-030 0.820407 0.12271 
1e-030 4.10991e-175 3.68486e-129 1.59232e-019 1e-030 1e-030 1e-030 4.03496e-146 1e-030 1e-030 1e-030 1e-030 1e-030 1e-030 2.57106e-264 1e-030 1e-030 1e-030 1e-030 1e-030 1e-030 1e-030 1e-030 0.11727 1e-030 1e-030 1e-030 2.01936e-035 1e-030 1e-030 0.0488386 0.833891 
1e-030 0.0890887 0.0296962 0.237558 1e-030 1e-030 1e-030 0.0890887 1e-030 1e-030 1e-030 1e-030 1e-030 1e-030 0.20207 1e-030 1.62855e-015 1.91983e-067 1e-030 1e-030 1e-030 1e-030 1e-030 1.79633e-112 7.53062e-187 1e-030 1e-030 1e-030 1e-030 1e-030 0.352499 4.79877e-010 
1e-030 7.88034e-079 1e-030 1.49796e-005 1e-030 1e-030 1e-030 7.49561e-021 1e-030 1e-030 1e-030 1e-030 1e-030 1e-030 0.0456349 1e-030 0.152696 0.076348 1e-030 1e-030 1e-030 1e-030 1e-030 0.38174 0.038174 1e-030 1e-030 0.152696 1e-030 1e-030 0.076348 0.076348 
1e-030 1e-030 1e-030 1e-030 1e-030 1e-030 1e-030 1e-030 1e-030 1e-030 1e-030 1e-030 1e-030 1e-030 1e-030 1e-030 1e-030 1e-030 1e-030 1e-030 1e-030 1e-030 1e-030 1e-030 1e-030 1e-030 1e-030 1e-030 1e-030 1 1e-030 1e-030 
1e-030 3.41272e-060 1e-030 1e-030 1e-030 1e-030 1e-030 6.97522e-237 1e-030 1e-030 1e-030 1e-030 1e-030 1e-030 1e-030 1e-030 1e-030 1e-030 1e-030 1e-030 1e-030 1e-030 1e-030 0.625 1e-030 1e-030 1e-030 1.83889e-015 1e-030 1e-030 0.166667 0.208333 
1e-030 0.200755 1e-030 1e-030 1e-030 1e-030 1e-030 2.53031e-218 1e-030 1e-030 1e-030 1e-030 1e-030 1e-030 1e-030 1e-030 1e-030 1e-030 1e-030 1e-030 1e-030 1e-030 1e-030 2.62967e-009 1e-030 1e-030 1e-030 0.232917 1e-030 1e-030 0.333411 0.232917 
1e-030 0.0383107 1e-030 1.93517e-006 1e-030 1e-030 1e-030 0.168312 1e-030 1e-030 1e-030 1e-030 1e-030 1e-030 1.72234e-125 1e-030 1e-030 1e-030 1e-030 1e-030 1e-030 1e-030 1e-030 1.12867e-197 1e-030 1e-030 1e-030 4.39165e-113 1e-030 1e-030 0.793375 3.44952e-035 
1e-030 3.77958e-261 1e-030 0.0384594 1e-030 1e-030 1e-030 3.32217e-024 1e-030 1e-030 1e-030 1e-030 1e-030 1e-030 0.0769232 1e-030 0.115385 0.115385 1e-030 1e-030 1e-030 1e-030 1e-030 0.269231 0.153846 1e-030 0.0384616 0.0384616 1e-030 0.0384616 0.0384616 0.0769232 
1e-030 8.62457e-229 1e-030 1e-030 1e-030 1e-030 1e-030 1.73878e-228 1e-030 1e-030 1e-030 1e-030 1e-030 1e-030 1e-030 1e-030 1e-030 1e-030 1e-030 1e-030 1e-030 1e-030 1e-030 0.830984 1e-030 1e-030 1e-030 0.168467 1e-030 1e-030 6.83611e-060 0.000548865 
1e-030 5.91037e-101 1e-030 1.82114e-293 1e-030 1e-030 1e-030 2.95519e-101 1e-030 1e-030 1e-030 1e-030 1e-030 1e-030 1e-030 1e-030 1e-030 1e-030 1e-030 1e-030 1e-030 1e-030 1e-030 0.818369 1e-030 1e-030 1e-030 6.38452e-005 1e-030 1e-030 0.0429033 0.138664 
1e-030 1e-030 1e-030 3.64337e-286 1e-030 1e-030 1e-030 4.34122e-068 1e-030 1e-030 1e-030 1e-030 1e-030 1e-030 1e-030 1e-030 1e-030 1e-030 1e-030 1e-030 1e-030 1e-030 1e-030 6.56966e-009 1e-030 1e-030 1e-030 1e-030 1e-030 1e-030 4.97591e-010 1 
1e-030 0.118786 1e-030 6.98977e-027 1e-030 1e-030 1e-030 0.054447 1e-030 1e-030 1e-030 1e-030 1e-030 1e-030 1e-030 1e-030 1e-030 1e-030 1e-030 1e-030 1e-030 1e-030 1e-030 2.8792e-208 1e-030 1e-030 1e-030 1e-030 1e-030 1e-030 0.826767 2.65678e-020 
1e-030 2.26766e-225 1e-030 0.0720865 1e-030 1e-030 1e-030 0.166697 1e-030 1e-030 1e-030 1e-030 1e-030 0.0360433 0.0360433 1e-030 0.0720865 0.0360433 0.0360433 0.0360433 1e-030 1e-030 1e-030 0.0720865 1e-030 1e-030 1e-030 0.288346 1e-030 1e-030 0.112438 0.0360433 
1e-030 1e-030 1e-030 1e-030 1e-030 1e-030 1e-030 1e-030 1e-030 1e-030 1e-030 1e-030 1e-030 1e-030 1e-030 1e-030 1e-030 1e-030 1e-030 1e-030 1e-030 1e-030 1e-030 1e-030 1e-030 1e-030 1e-030 1 1e-030 1e-030 1e-030 1e-030 
1e-030 2.69265e-198 1e-030 1e-030 1e-030 1e-030 1e-030 1e-030 1e-030 1e-030 1e-030 1e-030 1e-030 1e-030 1e-030 1e-030 1e-030 1e-030 1e-030 1e-030 1e-030 1e-030 1e-030 0.835403 1e-030 1e-030 1e-030 0.0397811 1e-030 0.0397811 1e-030 0.0850346 
1e-030 2.85435e-006 1e-030 1e-030 1e-030 1e-030 1e-030 1e-030 1e-030 1e-030 1e-030 1e-030 1e-030 1e-030 1e-030 1e-030 1e-030 1e-030 1e-030 1e-030 1e-030 1e-030 1e-030 3.50965e-018 1e-030 1e-030 1e-030 1e-030 1e-030 1.48976e-214 3.89265e-274 0.999997 
1e-030 0.333333 1e-030 1e-030 1e-030 1e-030 1e-030 0.133333 1e-030 1e-030 1e-030 1e-030 1e-030 1e-030 1.98256e-008 1e-030 1e-030 4.95608e-163 1e-030 1e-030 1e-030 1e-030 1e-030 1e-030 1e-030 1e-030 1e-030 1e-030 1e-030 1e-030 0.533333 4.32716e-041 
1e-030 1e-030 1e-030 1e-030 1e-030 1e-030 1e-030 3.90062e-014 1e-030 1e-030 1e-030 1e-030 1e-030 0.0384615 0.0384615 0.0384615 0.0384615 0.115385 1e-030 0.0769231 0.0769231 1e-030 1e-030 0.307692 0.0769231 1e-030 1e-030 0.192308 1e-030 1e-030 7.84202e-294 1e-030 
1e-030 1e-030 1e-030 1e-030 1e-030 1e-030 1e-030 1e-030 1e-030 1e-030 1e-030 1e-030 1e-030 1e-030 1e-030 1e-030 1e-030 1e-030 1e-030 1e-030 1e-030 1e-030 1e-030 1.02952e-038 1e-030 1e-030 1e-030 1e-030 1e-030 1e-030 0.845654 0.154346 
1e-030 3.16652e-196 1e-030 1e-030 1e-030 1e-030 1e-030 1e-030 1e-030 1e-030 1e-030 1e-030 1e-030 1e-030 1e-030 1e-030 1e-030 1e-030 1e-030 1e-030 1e-030 1e-030 1e-030 0.613006 1e-030 1e-030 1e-030 1e-030 1e-030 1e-030 1.59459e-032 0.386994 
1e-030 2.92565e-008 1e-030 1e-030 1e-030 1e-030 1e-030 1e-030 1e-030 1e-030 1e-030 1e-030 1e-030 1e-030 1e-030 1e-030 1e-030 1e-030 1e-030 1e-030 1e-030 1e-030 1e-030 1.47519e-006 1e-030 1e-030 1e-030 1e-030 1e-030 1e-030 9.06554e-260 0.999998 
1e-030 0.405278 1e-030 1e-030 1e-030 1e-030 1e-030 5.70998e-019 1e-030 1e-030 1e-030 1e-030 1e-030 1e-030 2.19351e-251 1e-030 1e-030 1e-030 1e-030 1e-030 1e-030 1e-030 1e-030 9.06353e-083 1e-030 1e-030 1e-030 1e-030 1e-030 1e-030 0.594722 2.09081e-041 
1e-030 0.0299484 1e-030 1e-030 1e-030 1e-030 1e-030 0.0898453 1e-030 1e-030 1e-030 1e-030 1e-030 0.0299484 0.0299484 1e-030 0.0299484 1e-030 1e-030 1e-030 1e-030 1e-030 1e-030 0.269536 0.0299484 1e-030 1e-030 0.119794 1e-030 1e-030 0.161444 0.209639 
