0.812528 0.187472 0 0 0 
0 0.966754 0.033246 0 0 
0 0 0.888039 0.111961 0 
0 0 0 0.953682 0.046318 
0 0 0 0 1 
0.860269 0.139731 0 0 0 
0 0.921754 0.0782456 0 0 
0 0 0.763152 0.236848 0 
0 0 0 0.943861 0.0561393 
0 0 0 0 1 
0.799999 0.200001 0 0 0 
0 0.666673 0.333327 0 0 
0 0 0.956338 0.0436623 0 
0 0 0 0.929063 0.0709374 
0 0 0 0 1 
0.826131 0.173869 0 0 0 
0 0.88372 0.11628 0 0 
0 0 0.754808 0.245192 0 
0 0 0 0.963598 0.0364024 
0 0 0 0 1 
0.858733 0.141267 0 0 0 
0 0.912225 0.0877748 0 0 
0 0 0.604495 0.395505 0 
0 0 0 0.959142 0.0408576 
0 0 0 0 1 
0.499845 0.500155 0 0 0 
0 0.897283 0.102717 0 0 
0 0 0.805299 0.194701 0 
0 0 0 0.947724 0.0522764 
0 0 0 0 1 
0.944444 0.0555556 0 0 0 
0 0.819353 0.180647 0 0 
0 0 0.839755 0.160245 0 
0 0 0 0.969351 0.0306488 
0 0 0 0 1 
0.78943 0.21057 0 0 0 
0 0.890399 0.109601 0 0 
0 0 0.859688 0.140312 0 
0 0 0 0.958213 0.0417871 
0 0 0 0 1 
0 1 0 0 0 
0 0.911232 0.0887677 0 0 
0 0 0.94912 0.0508801 0 
0 0 0 0.960061 0.0399386 
0 0 0 0 1 
0.698069 0.301931 0 0 0 
0 0.879365 0.120635 0 0 
0 0 0.951084 0.0489157 0 
0 0 0 0.964486 0.0355143 
0 0 0 0 1 
0.64013 0.35987 0 0 0 
0 0.924359 0.0756409 0 0 
0 0 0.668519 0.331481 0 
0 0 0 0.888692 0.111308 
0 0 0 0 1 
0.936368 0.0636319 0 0 0 
0 0.695551 0.304449 0 0 
0 0 0.847818 0.152182 0 
0 0 0 0.974163 0.0258369 
0 0 0 0 1 
0.740261 0.259739 0 0 0 
0 0.950933 0.0490671 0 0 
0 0 0.914383 0.0856169 0 
0 0 0 0.99556 0.00443955 
0 0 0 0 1 
0.606019 0.393981 0 0 0 
0 0.775298 0.224702 0 0 
0 0 0.463837 0.536163 0 
0 0 0 0.974302 0.0256979 
0 0 0 0 1 
0.917797 0.0822034 0 0 0 
0 0.868892 0.131108 0 0 
0 0 0.894357 0.105643 0 
0 0 0 0.970149 0.0298508 
0 0 0 0 1 
0.720229 0.279771 0 0 0 
0 0.919329 0.0806713 0 0 
0 0 0.923252 0.0767479 0 
0 0 0 0.964676 0.0353241 
0 0 0 0 1 
0.500654 0.499346 0 0 0 
0 0.978563 0.0214372 0 0 
0 0 0.817571 0.182429 0 
0 0 0 0.950334 0.049666 
0 0 0 0 1 
0.747561 0.252439 0 0 0 
0 0.954746 0.0452544 0 0 
0 0 0.853247 0.146753 0 
0 0 0 0.972198 0.0278019 
0 0 0 0 1 
0.5 0.5 0 0 0 
0 0.808286 0.191714 0 0 
0 0 0.956109 0.0438906 0 
0 0 0 0.970472 0.0295279 
0 0 0 0 1 
0.637035 0.362965 0 0 0 
0 0.847829 0.152171 0 0 
0 0 0.856973 0.143027 0 
0 0 0 0.957717 0.0422825 
0 0 0 0 1 
0.887453 0.112547 0 0 0 
0 0.86464 0.13536 0 0 
0 0 0.731694 0.268306 0 
0 0 0 0.966497 0.033503 
0 0 0 0 1 
0.857149 0.142851 0 0 0 
0 0.944199 0.0558005 0 0 
0 0 0.786061 0.213939 0 
0 0 0 0.970934 0.029066 
0 0 0 0 1 
0.499967 0.500033 0 0 0 
0 0.833538 0.166462 0 0 
0 0 0.96499 0.0350096 0 
0 0 0 0.963542 0.0364576 
0 0 0 0 1 
0.824103 0.175897 0 0 0 
0 0.846324 0.153676 0 0 
0 0 0.959198 0.0408015 0 
0 0 0 0.950134 0.0498665 
0 0 0 0 1 
0.833333 0.166667 0 0 0 
0 0.873688 0.126312 0 0 
0 0 0.933773 0.0662275 0 
0 0 0 0.964421 0.0355786 
0 0 0 0 1 
0.882974 0.117026 0 0 0 
0 0.875891 0.124109 0 0 
0 0 0.88273 0.11727 0 
0 0 0 0.970304 0.0296962 
0 0 0 0 1 
0 1 0 0 0 
0 0.958333 0.0416667 0 0 
0 0 0.767083 0.232917 0 
0 0 0 0.966338 0.0336625 
0 0 0 0 1 
0.831282 0.168718 0 0 0 
0 0.957097 0.0429033 0 0 
0 0 0.638302 0.361698 0 
0 0 0 0.960405 0.0395952 
0 0 0 0 1 
0 1 0 0 0 
0 0.960219 0.0397811 0 0 
0 0 0.650649 0.349351 0 
0 0 0 0.966667 0.0333333 
0 0 0 0 1 
0.879192 0.120808 0 0 0 
0 0.912428 0.0875723 0 0 
0 0 0.56583 0.43417 0 
0 0 0 0.966227 0.0337732 
0 0 0 0 1 
