32 24 31 32 24 32 24 24 28 32 32 28 32 28 32 28 24 24 28 24 32 32 32 24 24 32 32 28 28 32 24 32 24 24 28 32 31 32 24 32 32 31 32 32 31 31 31 31 31 31 31 31 31 31 31 31 31 31 31 31 31 2 31 31 31 31 15 4 4 8 31 15 18 17 16 18 21 18 32 25 25 25 25 25 25 
31 32 32 32 32 31 32 32 28 28 32 32 24 32 24 32 28 32 24 32 32 31 32 32 31 31 31 31 31 31 31 31 31 31 31 31 31 31 32 31 31 31 15 15 15 15 21 19 21 17 17 17 18 19 24 30 31 32 32 32 32 28 28 19 28 28 28 32 32 24 32 24 24 32 32 24 24 24 32 24 32 24 32 24 32 
28 32 32 31 32 24 24 24 32 32 32 32 31 32 32 32 2 31 32 31 32 32 32 32 32 31 31 31 32 32 31 31 31 31 31 31 31 8 31 31 18 18 31 18 18 16 19 17 17 32 15 15 6 15 17 15 16 28 24 24 28 24 24 24 24 24 32 24 24 24 24 24 32 24 24 28 32 32 28 24 24 24 32 24 32 
32 32 32 32 32 32 24 24 24 32 28 30 28 24 32 31 32 29 2 2 31 31 2 31 31 32 31 31 31 31 31 31 31 31 31 2 2 31 31 2 31 31 2 17 31 31 19 16 17 18 19 31 31 27 15 5 16 16 16 28 28 28 28 28 32 24 24 32 24 24 24 24 24 24 24 24 24 24 24 24 24 24 24 24 18 
32 32 32 32 32 32 28 32 24 32 24 24 24 32 24 28 30 24 32 32 32 2 2 31 2 2 2 2 2 2 2 2 2 2 2 2 2 31 31 31 31 15 2 2 2 15 4 14 19 31 14 31 18 17 17 19 15 15 6 12 14 13 12 16 19 19 16 19 14 23 28 24 24 24 24 24 24 24 32 24 32 24 32 24 32 
28 28 31 24 32 32 24 32 28 31 24 32 32 32 32 32 32 31 31 31 32 32 31 31 31 31 31 31 31 31 31 31 31 8 8 17 21 19 19 19 21 16 19 14 32 32 14 16 32 16 16 20 28 28 28 28 24 24 24 24 24 28 24 24 24 24 24 24 32 24 24 24 24 24 24 24 24 24 32 28 24 24 32 32 24 
24 32 32 31 31 32 32 32 28 28 28 32 32 32 32 32 32 32 30 28 24 24 24 28 32 28 32 4 14 32 31 31 31 31 31 31 31 31 31 31 31 31 31 31 31 31 31 31 31 31 8 17 31 31 32 31 32 31 31 31 32 31 32 28 17 25 28 17 25 22 28 28 24 28 32 32 24 24 24 24 24 32 24 24 24 
24 32 28 32 32 24 24 24 24 24 32 32 24 24 24 32 32 32 28 24 24 31 32 31 31 32 32 31 31 31 31 31 31 31 31 31 31 32 31 31 31 31 31 31 31 8 15 4 8 6 6 15 14 14 31 31 28 32 32 15 25 25 25 25 25 28 28 24 28 24 24 24 24 24 24 32 24 24 24 24 24 24 32 24 24 
28 32 28 24 24 32 32 28 32 32 32 24 32 32 24 32 32 24 32 32 32 32 32 24 24 24 24 24 24 32 32 32 31 32 31 31 31 31 31 31 31 31 31 31 31 31 31 31 31 31 31 31 31 31 31 31 31 8 8 14 17 17 18 17 17 18 31 32 19 12 6 28 20 12 20 22 24 24 24 24 24 24 24 24 24 
24 32 24 24 24 32 24 32 24 24 32 32 24 24 32 32 32 31 24 32 32 24 24 32 24 24 31 32 32 32 32 32 31 31 31 31 32 32 31 31 31 31 31 31 31 31 31 31 31 31 31 31 31 31 4 8 15 31 31 31 15 14 14 32 32 31 28 31 15 31 6 10 10 10 28 28 19 28 28 28 24 32 24 24 24 
31 4 31 31 2 2 31 31 2 31 2 31 31 31 2 31 4 1 4 15 8 15 8 8 18 31 31 26 24 24 24 24 24 24 24 24 24 24 2 31 31 2 2 2 31 31 25 24 24 24 24 24 24 24 19 19 24 24 24 24 32 24 24 24 32 24 24 28 24 24 24 24 24 24 24 32 28 32 31 32 32 31 24 31 24 
32 32 24 24 32 32 28 32 32 24 24 24 32 32 32 24 24 24 24 32 28 32 32 32 31 32 31 31 8 2 4 31 31 4 31 31 31 31 31 31 2 31 31 31 31 2 31 31 2 31 2 2 31 31 31 31 31 15 31 31 31 31 32 31 32 32 32 24 24 24 24 24 24 32 24 24 24 24 24 24 24 24 24 24 24 
32 24 32 28 24 24 32 24 32 24 24 32 32 32 24 24 28 32 24 24 24 24 24 32 32 32 24 24 32 32 32 30 24 24 32 32 31 31 31 31 31 31 31 32 31 2 2 2 31 2 2 31 2 31 2 2 2 2 31 31 2 31 31 31 31 2 2 31 31 2 2 2 2 31 15 31 31 31 31 31 31 31 18 32 2 
32 32 32 32 31 32 32 2 2 31 31 31 31 31 31 31 31 31 31 31 31 31 31 31 31 31 31 31 31 31 31 31 31 31 2 2 2 31 31 31 31 31 31 31 14 31 31 31 17 30 17 31 32 31 1 2 2 2 31 31 31 32 32 32 32 24 24 32 32 32 32 32 24 32 32 21 25 24 18 31 32 32 32 32 32 
32 32 31 31 32 31 32 32 32 31 32 31 32 24 32 32 24 24 24 31 32 32 32 32 31 32 24 32 32 31 31 15 31 8 31 31 31 2 31 31 31 31 31 2 2 2 31 31 31 31 31 31 2 31 31 31 31 31 31 31 31 14 31 18 18 29 21 31 32 25 15 15 15 32 31 32 31 31 32 31 32 32 32 24 24 
32 32 32 24 32 32 28 24 31 32 32 31 32 24 24 24 32 32 32 32 32 24 32 24 24 32 28 32 32 31 31 31 2 31 31 4 31 31 31 31 2 31 31 6 31 31 31 31 4 4 3 3 2 2 31 31 31 31 29 31 31 31 31 18 18 21 31 24 31 24 32 32 32 32 32 31 32 32 32 31 24 24 24 24 24 
32 32 32 24 24 24 24 32 32 32 24 32 32 32 32 32 24 32 24 24 32 24 24 24 24 24 24 24 32 24 24 24 32 32 24 32 32 32 32 32 24 24 32 32 24 32 32 24 32 31 24 24 24 24 32 32 32 31 31 25 31 32 31 31 32 32 32 32 32 32 31 4 5 4 31 3 31 31 31 31 31 31 31 31 6 
24 24 24 24 32 32 24 24 24 24 24 24 28 32 24 32 31 25 24 24 24 24 24 24 24 24 32 32 32 32 24 32 32 31 31 32 2 32 31 31 31 31 31 31 31 31 31 31 31 31 31 31 31 31 4 31 31 31 31 31 31 32 31 31 31 31 2 8 31 29 14 14 17 17 17 15 32 32 25 31 31 25 32 28 28 
32 32 24 24 24 24 24 24 32 32 24 32 24 32 32 32 28 32 32 24 32 24 24 32 24 32 32 24 24 32 31 2 3 2 2 2 31 31 31 31 31 2 2 2 8 31 2 2 2 2 8 2 31 31 31 15 15 14 31 31 31 31 31 31 32 32 24 32 2 31 4 4 15 6 15 27 28 28 28 28 24 24 24 24 24 
32 32 32 24 24 24 24 32 24 24 24 2 31 32 24 24 31 31 2 31 31 31 31 31 31 31 31 31 31 2 31 2 2 31 2 31 31 31 31 31 15 15 8 14 14 14 18 18 18 21 19 32 31 15 24 22 25 25 24 24 24 24 28 24 24 28 24 24 24 24 24 24 24 24 24 24 24 24 24 24 28 32 24 28 32 
24 32 32 28 24 28 24 32 32 28 28 24 31 32 24 32 32 28 32 32 31 31 2 2 31 31 31 31 31 31 31 31 31 31 31 31 31 31 31 31 4 2 8 15 15 15 15 31 31 31 14 6 14 31 32 32 32 25 25 24 28 32 30 28 31 28 24 28 31 28 24 24 24 24 24 24 24 24 24 24 28 24 24 24 24 
31 32 31 31 14 17 31 28 32 32 28 24 28 32 28 24 24 24 32 24 24 32 24 24 32 32 32 2 32 2 31 31 31 31 31 31 31 2 2 31 31 31 31 2 2 31 4 4 8 4 8 8 8 4 14 14 31 31 31 31 32 31 32 31 15 25 15 15 28 19 28 32 28 28 24 24 24 24 24 24 24 24 24 24 24 
24 31 5 25 5 5 5 25 24 24 32 24 24 24 24 32 24 28 28 28 24 32 32 32 28 32 24 24 31 32 28 24 32 32 32 32 2 8 31 31 31 31 31 31 31 31 31 31 31 31 31 31 31 31 31 31 31 31 31 31 15 4 8 31 14 14 14 14 17 17 17 5 32 25 15 16 28 19 28 28 28 20 28 28 24 
28 28 32 24 32 32 32 31 31 31 31 32 32 32 31 10 31 31 31 32 24 32 24 24 32 24 32 28 32 32 32 32 2 31 32 32 4 31 31 31 31 31 31 31 31 31 31 31 31 31 31 31 31 31 31 31 31 15 15 15 6 8 17 31 31 14 18 31 16 31 2 31 10 25 25 25 25 25 15 28 24 28 24 28 24 
31 31 31 31 31 31 28 28 28 28 28 28 28 28 32 32 24 32 24 32 32 32 24 31 24 32 32 32 28 5 6 2 32 31 31 2 31 31 31 31 31 31 31 31 31 31 31 2 2 8 31 31 31 31 15 8 2 4 18 18 18 18 17 17 19 19 25 31 25 25 25 25 24 24 24 24 32 24 24 24 24 24 24 24 24 
24 24 32 31 32 32 24 32 28 31 31 31 31 31 31 32 31 32 32 32 24 32 32 32 32 31 31 31 4 4 3 4 31 31 31 31 31 8 2 2 2 31 31 15 15 15 31 31 4 4 8 15 8 15 15 4 4 4 15 17 18 18 17 17 17 15 25 24 24 31 31 32 28 32 28 28 28 24 24 24 24 24 24 24 24 
30 32 31 24 24 24 31 31 24 24 31 24 24 32 24 24 24 32 32 24 24 24 24 32 24 28 31 32 2 31 31 31 31 31 31 31 31 31 31 31 31 31 31 31 31 31 31 31 2 31 31 31 31 8 31 8 8 8 8 4 15 15 17 18 18 17 17 18 25 25 32 31 32 25 25 30 27 28 24 24 24 24 24 24 24 
24 24 24 24 28 24 24 32 24 24 24 24 24 24 24 31 24 24 32 24 24 24 24 24 32 24 24 24 24 32 32 32 31 8 2 2 31 31 31 2 31 31 31 31 31 31 31 31 31 31 31 31 31 31 31 31 31 8 8 8 4 4 8 8 17 31 14 17 19 20 18 15 31 32 31 28 28 28 28 28 28 28 28 24 24 
28 24 24 24 24 24 24 28 24 24 24 24 30 32 24 24 24 24 24 24 32 24 24 24 24 24 32 32 32 2 2 2 31 2 2 2 2 2 31 31 2 31 31 31 31 31 31 31 31 31 2 31 31 31 31 8 8 8 8 15 18 14 18 17 21 21 18 25 25 16 20 28 28 28 20 28 28 24 24 24 24 24 24 24 24 
32 31 31 31 31 31 31 31 32 24 24 24 32 24 32 24 24 32 24 32 32 32 2 2 2 2 2 2 2 2 2 2 31 31 2 31 31 31 31 2 31 31 31 31 31 31 31 31 31 31 31 31 8 15 8 8 14 17 32 32 31 31 32 24 32 24 24 24 31 2 31 31 25 28 24 28 28 28 32 24 24 24 32 24 32 
