0.824624 0.175376 0 0 0 
0 0.853422 0.146578 0 0 
0 0 0.943907 0.0560925 0 
0 0 0 0.716567 0.283433 
0 0 0 0 1 
0.000589024 0.999411 0 0 0 
0 0.856909 0.143091 0 0 
0 0 0.768203 0.231797 0 
0 0 0 0.819006 0.180994 
0 0 0 0 1 
0.944312 0.0556881 0 0 0 
0 0.950107 0.0498931 0 0 
0 0 5.96839e-007 0.999999 0 
0 0 0 0.888888 0.111112 
0 0 0 0 1 
0.880378 0.119622 0 0 0 
0 0.784517 0.215483 0 0 
0 0 0.833323 0.166677 0 
0 0 0 0.820856 0.179144 
0 0 0 0 1 
0.833333 0.166667 0 0 0 
0 0.857071 0.142929 0 0 
0 0 0.944455 0.0555447 0 
0 0 0 0.897759 0.102241 
0 0 0 0 1 
0.94612 0.0538802 0 0 0 
0 0.960692 0.0393077 0 0 
0 0 0.749999 0.250001 0 
0 0 0 0.454996 0.545004 
0 0 0 0 1 
0.941174 0.0588262 0 0 0 
0 0.66689 0.33311 0 0 
0 0 0.962786 0.0372142 0 
0 0 0 0.795925 0.204075 
0 0 0 0 1 
0.84281 0.15719 0 0 0 
0 0.960967 0.0390331 0 0 
0 0 0.833859 0.166141 0 
0 0 0 0.667246 0.332754 
0 0 0 0 1 
0.849369 0.150631 0 0 0 
0 0.85182 0.14818 0 0 
0 0 0.96505 0.0349495 0 
0 0 0 0.85855 0.14145 
0 0 0 0 1 
0.769177 0.230823 0 0 0 
0 0.976064 0.0239357 0 0 
0 0 0.742867 0.257133 0 
0 0 0 0.828423 0.171577 
0 0 0 0 1 
0.953517 0.046483 0 0 0 
0 0.777123 0.222877 0 0 
0 0 0 1 0 
0 0 0 0.888889 0.111111 
0 0 0 0 1 
0.90162 0.0983797 0 0 0 
0 0.923041 0.0769592 0 0 
0 0 0.927753 0.072247 0 
0 0 0 0.799462 0.200538 
0 0 0 0 1 
0.913221 0.0867791 0 0 0 
0 0.925797 0.0742033 0 0 
0 0 0 1 0 
0 0 0 0.831638 0.168362 
0 0 0 0 1 
0.903157 0.0968432 0 0 0 
0 0.823298 0.176702 0 0 
0 0 0.964304 0.0356958 0 
0 0 0 0.74453 0.25547 
0 0 0 0 1 
0.852728 0.147272 0 0 0 
0 0.963663 0.0363372 0 0 
0 0 0.955932 0.0440682 0 
0 0 0 0.861917 0.138083 
0 0 0 0 1 
0.929852 0.0701479 0 0 0 
0 0.970894 0.029106 0 0 
0 0 0.843438 0.156562 0 
0 0 0 0.874999 0.125001 
0 0 0 0 1 
0.868363 0.131637 0 0 0 
0 0.976583 0.0234169 0 0 
0 0 0.872969 0.127031 0 
0 0 0 0.872416 0.127584 
0 0 0 0 1 
0.523217 0.476783 0 0 0 
0 0.946684 0.0533157 0 0 
0 0 0.534109 0.465891 0 
0 0 0 0.831741 0.168259 
0 0 0 0 1 
0.80492 0.19508 0 0 0 
0 0.906269 0.0937315 0 0 
0 0 0.982853 0.0171468 0 
0 0 0 0.273874 0.726126 
0 0 0 0 1 
0.948027 0.0519729 0 0 0 
0 0.823235 0.176765 0 0 
0 0 0.909926 0.090074 0 
0 0 0 0.888889 0.111111 
0 0 0 0 1 
0.925859 0.0741406 0 0 0 
0 0.90734 0.0926597 0 0 
0 0 0.906716 0.0932841 0 
0 0 0 0.888889 0.111111 
0 0 0 0 1 
0.957943 0.0420566 0 0 0 
0 0.884946 0.115054 0 0 
0 0 0.976088 0.023912 0 
0 0 0 0.85099 0.14901 
0 0 0 0 1 
0.937318 0.0626824 0 0 0 
0 0.916989 0.0830113 0 0 
0 0 0.75 0.25 0 
0 0 0 0.834759 0.165241 
0 0 0 0 1 
0.946979 0.0530213 0 0 0 
0 0.737378 0.262622 0 0 
0 0 0.911754 0.0882464 0 
0 0 0 0.887635 0.112365 
0 0 0 0 1 
0.69605 0.30395 0 0 0 
0 0.809653 0.190347 0 0 
0 0 0.943831 0.0561691 0 
0 0 0 0.882081 0.117919 
0 0 0 0 1 
0.776203 0.223797 0 0 0 
0 0.90564 0.0943599 0 0 
0 0 0.859753 0.140247 0 
0 0 0 0.934433 0.0655668 
0 0 0 0 1 
4.64544e-011 1 0 0 0 
0 0.96054 0.03946 0 0 
0 0 0.396096 0.603904 0 
0 0 0 0.88445 0.11555 
0 0 0 0 1 
0.580407 0.419593 0 0 0 
0 0.946454 0.0535464 0 0 
0 0 0.948041 0.0519588 0 
0 0 0 0.697634 0.302366 
0 0 0 0 1 
0.893738 0.106262 0 0 0 
0 0.926413 0.0735872 0 0 
0 0 4.64263e-009 1 0 
0 0 0 0.898062 0.101938 
0 0 0 0 1 
0.892467 0.107533 0 0 0 
0 0.959736 0.0402639 0 0 
0 0 0.915632 0.0843683 0 
0 0 0 0.872733 0.127267 
0 0 0 0 1 
