31 32 32 32 32 32 31 31 24 32 32 31 31 31 2 15 31 28 21 31 31 32 32 28 32 24 32 32 24 28 21 18 17 17 31 2 2 31 31 31 15 24 24 24 24 32 31 32 24 31 31 31 31 31 31 31 31 2 31 2 31 18 17 31 31 31 17 6 19 30 28 28 28 28 28 28 24 24 32 24 28 24 24 24 24 
24 28 32 28 32 32 28 32 24 24 24 28 22 18 21 18 14 2 31 31 31 31 15 31 31 24 24 24 24 24 24 24 32 31 31 31 31 2 31 31 31 31 31 31 17 14 14 18 18 6 10 31 32 15 6 6 20 20 19 20 28 19 28 28 32 28 28 31 24 28 24 24 28 32 32 24 24 32 24 24 32 32 32 24 32 
32 32 24 32 31 32 32 32 31 32 31 24 31 32 32 24 32 32 32 32 32 32 28 28 24 31 32 24 32 24 32 24 28 32 32 28 32 32 19 21 18 17 17 17 2 2 2 8 31 31 31 31 24 24 24 24 24 24 24 24 24 24 24 24 31 32 31 31 31 31 31 31 31 2 2 2 2 15 15 15 14 18 18 2 31 
32 24 32 32 32 32 32 24 24 24 28 28 28 32 32 32 32 24 32 21 21 18 18 21 8 31 31 31 31 32 31 31 24 24 24 24 24 31 31 31 31 31 31 31 31 31 31 31 31 31 31 31 31 8 8 4 8 18 21 18 2 31 15 25 4 15 15 28 32 28 32 32 28 24 28 24 28 32 32 24 24 24 32 28 32 
31 31 31 31 28 31 24 32 32 30 32 24 28 10 10 32 32 24 32 32 32 32 32 32 32 32 32 32 32 32 24 31 17 18 18 18 17 18 17 2 2 31 32 32 32 31 31 31 24 24 31 31 31 31 31 31 31 31 31 31 31 31 31 4 2 2 8 8 31 8 8 18 18 21 19 21 18 15 17 19 16 28 24 32 30 
31 32 31 24 32 32 32 32 32 32 32 32 32 32 32 32 32 24 32 28 31 32 32 32 31 28 32 28 31 31 31 32 32 28 32 32 31 32 32 32 32 32 32 32 24 28 24 24 32 32 31 8 31 8 2 4 15 31 31 31 31 31 32 24 24 24 24 24 24 24 24 24 24 32 24 32 31 31 31 31 31 31 31 31 31 
32 24 24 24 32 32 32 24 28 32 24 32 24 24 32 32 24 31 31 31 32 32 32 24 28 24 24 32 24 32 32 32 32 32 24 28 32 32 24 32 28 32 32 24 24 24 28 18 17 14 14 15 2 2 31 31 31 31 31 31 31 32 24 24 31 31 32 31 32 31 32 31 31 31 2 8 2 2 2 2 31 8 31 31 15 
32 32 31 32 32 32 32 32 32 32 32 32 24 32 32 32 32 31 31 24 32 28 32 32 32 32 32 32 32 32 32 32 24 24 28 28 32 24 21 21 18 4 17 2 31 2 31 31 24 31 24 24 32 32 32 24 24 31 24 31 32 32 31 31 31 31 31 31 31 31 2 31 31 31 31 31 31 4 4 15 8 17 17 2 8 
32 24 32 31 31 31 28 24 24 24 24 25 24 24 32 28 28 10 31 24 32 32 32 32 32 32 24 32 24 32 32 24 24 24 28 32 28 24 24 24 28 24 21 18 18 18 18 17 18 6 31 31 31 24 32 32 24 32 32 24 32 24 24 31 31 31 24 24 24 24 31 32 31 31 31 31 8 4 15 31 31 31 31 31 31 
32 32 24 32 32 32 24 28 32 24 24 24 32 32 32 28 32 24 31 28 24 24 32 24 32 28 24 28 32 31 28 24 24 32 24 24 32 25 32 32 32 24 24 24 32 32 31 31 28 31 18 18 18 8 15 15 31 31 31 31 24 31 32 32 24 24 24 31 24 24 24 24 24 32 31 31 31 31 31 31 31 15 18 18 4 
24 24 32 24 28 32 30 32 24 32 24 24 24 32 32 32 24 28 32 24 32 32 28 32 32 28 21 18 18 14 18 18 19 8 2 3 31 31 31 31 31 24 32 32 24 24 24 24 24 31 28 24 24 32 31 32 31 15 15 15 15 21 31 31 8 14 31 31 29 18 18 17 29 17 19 31 6 6 6 6 14 16 14 28 24 
32 24 32 32 32 24 24 24 28 24 32 32 32 32 28 32 28 32 32 32 28 24 32 24 24 24 24 24 24 24 24 24 24 24 24 24 24 18 17 17 18 18 8 2 31 31 31 29 29 31 24 24 24 24 24 24 24 24 32 32 32 28 32 31 31 15 8 8 31 31 31 31 18 17 18 18 17 17 8 8 2 31 31 31 17 
24 24 32 24 24 32 24 24 24 32 32 24 32 24 24 32 28 28 32 32 24 32 24 24 32 31 26 18 18 17 17 18 8 8 31 31 24 31 24 24 24 24 24 24 24 32 32 32 24 24 24 31 31 31 4 7 4 15 31 8 8 8 8 31 31 15 15 17 8 8 8 6 6 6 15 18 15 17 16 16 19 24 28 31 28 
24 32 32 32 24 24 24 24 32 24 31 32 32 32 32 19 17 18 30 31 28 32 28 32 32 28 24 28 24 28 32 24 24 24 28 24 24 24 24 24 24 24 24 24 16 14 17 17 31 2 2 31 31 31 31 31 24 24 24 24 24 24 24 24 24 32 32 32 32 31 31 31 31 4 2 8 8 8 8 31 31 31 31 8 17 
24 32 32 24 28 24 32 32 28 28 24 32 24 24 24 24 24 28 32 32 32 32 28 28 28 24 28 32 32 24 24 24 24 28 32 32 24 24 28 28 24 24 24 24 24 24 24 24 24 32 32 28 24 32 24 32 24 21 17 17 18 18 15 15 2 2 32 32 24 31 32 32 32 24 24 24 24 24 24 32 32 32 32 32 32 
32 24 24 28 28 28 24 24 24 24 28 24 32 24 32 24 24 28 32 32 32 32 32 32 24 28 24 28 32 32 24 31 32 28 24 32 31 28 32 24 32 32 28 28 24 24 32 32 24 24 24 24 24 24 21 19 14 18 18 17 2 2 15 31 31 31 31 24 32 24 24 24 31 31 31 24 24 24 32 24 32 32 31 31 31 
24 24 24 24 24 24 24 24 32 28 32 32 31 31 32 32 32 32 32 24 24 24 32 32 32 24 32 32 32 32 24 32 24 31 31 31 31 31 24 24 24 28 32 24 28 31 32 32 32 32 24 32 32 28 32 32 31 32 19 18 18 18 18 18 18 18 6 8 2 31 31 31 29 31 31 31 24 24 24 24 24 32 31 24 31 
32 32 32 24 32 24 24 32 24 32 24 24 32 24 32 32 32 32 24 32 24 24 24 14 14 14 14 18 8 15 31 31 31 31 31 31 24 24 24 32 24 24 24 24 24 32 32 31 32 32 31 31 31 15 4 2 6 4 6 8 31 31 15 18 17 18 21 18 6 32 15 6 32 25 18 18 18 32 31 32 28 24 24 24 28 
32 24 28 32 31 24 24 24 24 24 24 24 24 24 24 24 31 32 32 32 32 32 24 24 24 24 24 32 32 24 32 28 24 28 31 10 31 28 24 24 32 31 31 32 32 24 24 32 32 32 24 32 32 32 32 32 32 24 32 32 30 28 32 32 32 32 32 24 32 24 32 24 32 32 31 31 2 2 3 31 31 31 24 24 24 
24 32 28 32 32 32 32 31 32 31 32 24 32 31 32 32 32 32 32 24 32 28 28 32 32 24 24 24 24 24 31 32 24 31 28 24 17 17 17 18 18 17 8 2 2 31 31 29 18 31 31 32 32 32 31 24 24 31 31 24 24 31 31 32 31 31 31 8 15 15 31 29 24 31 31 31 18 4 18 18 18 17 31 31 15 
32 24 32 32 32 32 32 32 32 32 24 32 24 32 32 32 24 28 32 32 28 32 32 24 24 24 28 28 32 32 28 32 32 32 24 18 18 21 18 18 18 15 2 8 31 23 24 31 24 24 24 24 24 24 24 31 31 24 24 32 31 31 31 4 7 4 15 31 31 31 31 31 31 31 18 4 17 18 17 17 6 31 15 18 25 
24 24 32 28 32 32 24 24 32 24 32 24 28 24 24 24 24 24 24 32 24 24 32 32 32 28 28 28 24 32 24 28 32 24 24 32 24 32 32 24 32 24 32 32 24 28 32 32 24 32 32 24 32 24 31 24 32 32 32 24 24 32 24 32 24 24 32 24 24 24 32 32 24 32 28 18 18 18 14 17 18 8 15 8 31 
24 32 32 24 24 24 32 24 24 24 24 22 32 24 24 32 32 32 32 24 24 32 32 32 24 32 32 32 28 24 24 28 23 21 18 17 17 17 15 31 32 32 32 32 32 32 24 24 24 24 24 24 32 31 24 24 24 31 31 31 31 31 15 8 8 15 31 31 31 31 31 31 15 17 15 8 17 19 14 6 10 6 6 5 32 
32 24 24 32 24 24 32 24 32 24 24 24 32 32 24 24 32 24 32 32 32 32 32 24 28 24 24 24 24 24 24 32 32 24 21 17 17 17 18 18 15 15 15 31 29 29 25 24 24 24 24 24 32 32 32 24 24 32 24 32 32 32 31 31 15 8 7 4 8 8 4 8 8 8 31 31 31 8 18 19 17 18 18 31 31 
32 31 31 24 32 24 24 24 24 32 32 24 31 2 32 32 24 32 24 24 24 24 24 24 24 28 28 17 18 18 14 14 14 14 17 31 8 8 31 31 23 18 24 24 24 24 24 24 24 24 24 24 24 24 32 32 31 31 15 4 8 8 8 8 8 31 31 4 17 18 17 19 18 24 31 4 32 32 31 31 32 28 28 24 24 
28 32 32 30 28 24 24 28 24 32 32 32 24 32 24 24 30 24 24 24 24 28 26 18 17 14 14 14 17 18 2 2 2 25 31 18 18 31 31 31 24 24 24 24 24 24 24 24 31 31 31 24 31 31 4 2 2 8 15 15 31 31 31 31 8 15 31 19 19 21 19 17 15 6 6 10 6 5 25 25 28 30 24 24 24 
28 24 24 32 24 32 24 32 28 32 32 32 24 32 32 32 24 24 28 32 24 24 32 32 24 32 28 22 14 14 17 14 19 19 8 2 8 31 29 26 31 24 24 24 24 24 24 24 24 24 31 24 32 32 32 31 31 15 8 4 15 15 15 8 8 31 29 31 4 31 18 17 18 21 15 6 6 10 8 15 16 17 14 17 28 
24 28 24 32 32 24 32 24 24 24 24 32 24 32 32 32 32 32 32 32 28 24 24 32 24 32 24 24 31 24 24 24 24 32 32 24 28 32 24 32 31 2 25 28 10 10 10 10 28 28 32 30 28 18 18 14 14 2 2 8 31 31 24 24 24 24 24 24 24 24 32 32 24 24 24 32 31 31 31 31 31 15 15 8 2 
32 24 28 24 24 24 24 24 24 28 32 32 32 32 32 24 32 24 32 28 32 32 24 28 18 14 14 18 18 8 2 2 3 18 24 31 31 32 24 24 24 24 24 24 24 24 24 24 24 24 24 24 31 31 8 15 31 31 18 18 18 18 31 31 31 31 21 14 19 19 19 16 19 32 28 24 32 31 6 15 15 15 15 27 27 
32 28 24 32 32 32 31 32 28 24 24 24 28 24 28 24 32 32 24 32 32 28 31 31 32 32 32 32 32 24 32 28 32 24 24 28 28 24 24 28 31 32 32 32 28 24 14 26 18 18 18 2 2 2 31 31 31 24 24 24 24 24 24 24 31 32 32 24 24 24 24 31 31 31 15 31 31 2 31 31 31 31 31 31 15 
