1e-030 1e-030 1e-030 1e-030 1e-030 1e-030 1e-030 1e-030 1e-030 1e-030 1e-030 1e-030 1e-030 1e-030 1e-030 1e-030 1e-030 1e-030 1e-030 1e-030 1e-030 1e-030 1e-030 1 1e-030 1e-030 1e-030 1.66608e-019 1e-030 1e-030 1e-030 1.47173e-250 
1e-030 1e-030 1e-030 1e-030 1e-030 1e-030 1e-030 1e-030 1e-030 1e-030 1e-030 1e-030 1e-030 1e-030 1e-030 1e-030 1e-030 1e-030 1e-030 1e-030 1e-030 1e-030 1e-030 1 1e-030 1e-030 1e-030 8.4125e-016 1e-030 1e-030 1e-030 5.08579e-104 
1e-030 1e-030 1e-030 1e-030 1e-030 1e-030 1e-030 1e-030 1e-030 1e-030 1e-030 1e-030 1e-030 1e-030 1e-030 1e-030 1e-030 1e-030 1e-030 1e-030 1e-030 1e-030 1e-030 0.924694 1e-030 1e-030 1e-030 0.0752795 1.22859e-199 1e-030 1.95183e-022 2.63396e-005 
1e-030 1e-030 1e-030 1e-030 1e-030 1e-030 1e-030 1e-030 1e-030 1e-030 1e-030 1e-030 1e-030 1e-030 1e-030 1e-030 3.18799e-089 2.9514e-018 1e-030 1e-030 1.48257e-212 1e-030 1e-030 3.65065e-005 1e-030 1e-030 1e-030 1.91582e-019 0.21814 1e-030 0.556022 0.225801 
1e-030 1e-030 1e-030 1e-030 1e-030 1e-030 1e-030 1e-030 1e-030 1e-030 1e-030 1e-030 1e-030 1e-030 1e-030 1e-030 0.0536365 0.0804548 1e-030 1e-030 0.0268183 1e-030 1e-030 0.616811 1e-030 1e-030 1e-030 0.0268183 0.164567 1e-030 0.030894 1.62321e-024 
1e-030 1e-030 1e-030 1e-030 1e-030 1e-030 1e-030 1e-030 1e-030 1e-030 1e-030 1e-030 1e-030 1e-030 1e-030 1e-030 1e-030 1e-030 1e-030 1e-030 1e-030 1e-030 1e-030 0.000781307 1e-030 1e-030 1e-030 0.999219 1e-030 1e-030 3.83429e-305 8.73509e-042 
1e-030 1e-030 1e-030 1e-030 1e-030 1e-030 1e-030 1e-030 1e-030 1e-030 1e-030 1e-030 1e-030 1e-030 1e-030 1e-030 1e-030 1e-030 1e-030 1e-030 1e-030 1e-030 1e-030 1 1e-030 1e-030 1e-030 4.08746e-032 1e-030 1e-030 1.44251e-139 8.7956e-008 
1e-030 1e-030 1e-030 1e-030 1e-030 1e-030 1e-030 1e-030 1e-030 1e-030 1e-030 1e-030 1e-030 1e-030 1e-030 1e-030 1e-030 1e-030 1e-030 1e-030 1e-030 1e-030 1e-030 0.870481 1e-030 1e-030 1e-030 0.0863459 4.97233e-142 1e-030 1.35212e-007 0.0431729 
1e-030 1e-030 1e-030 1e-030 1e-030 1e-030 1e-030 1e-030 1e-030 1e-030 1e-030 1e-030 1e-030 1e-030 1e-030 1e-030 1e-030 7.88053e-011 1e-030 1.51952e-270 1e-030 2.81706e-299 1e-030 3.52368e-006 1e-030 1e-030 1e-030 2.88515e-031 0.0500755 1e-030 0.949921 2.74387e-139 
1e-030 1e-030 1e-030 1e-030 1e-030 1e-030 1e-030 1e-030 1e-030 1e-030 1e-030 1e-030 1e-030 1e-030 1e-030 1e-030 1e-030 0.204969 1e-030 0.0256212 1e-030 0.0512423 1e-030 0.486802 0.0512423 1e-030 1e-030 0.128106 5.44857e-048 0.0256212 0.0263954 4.29884e-152 
1e-030 1e-030 1e-030 1e-030 1e-030 1e-030 1e-030 1e-030 1e-030 1e-030 1e-030 1e-030 1e-030 1e-030 1e-030 1e-030 1e-030 1e-030 1e-030 1e-030 1e-030 1e-030 1e-030 1e-030 1e-030 1e-030 1e-030 1 1e-030 1e-030 1e-030 1e-030 
1e-030 1e-030 1e-030 1e-030 1e-030 1e-030 1e-030 1e-030 1e-030 1e-030 1e-030 1e-030 1e-030 1e-030 1e-030 1e-030 1e-030 1e-030 1e-030 1e-030 1e-030 1e-030 1e-030 1.25042e-014 1e-030 1e-030 1e-030 1e-030 1e-030 2.65123e-297 1e-030 1 
1e-030 1e-030 1e-030 1e-030 1e-030 1e-030 1e-030 1e-030 1e-030 1e-030 1e-030 1e-030 1e-030 1e-030 1e-030 1e-030 1e-030 1e-030 1e-030 1e-030 1e-030 1e-030 1e-030 0.7 1e-030 1e-030 1e-030 1e-030 1e-030 0.05 4.23608e-030 0.25 
1e-030 1e-030 1e-030 1e-030 1e-030 1e-030 1e-030 1e-030 1e-030 1e-030 1e-030 1e-030 1e-030 1e-030 1e-030 1e-030 3.04699e-262 0.417628 1e-030 1e-030 1e-030 1e-030 1e-030 2.6585e-254 1e-030 1e-030 1e-030 1e-030 1e-030 1e-030 0.582372 2.66893e-013 
1e-030 1e-030 1e-030 1e-030 1e-030 1e-030 1e-030 1e-030 1e-030 1e-030 1e-030 1e-030 1e-030 1e-030 1e-030 1e-030 0.0623209 0.0340253 1e-030 1e-030 1e-030 1e-030 1e-030 0.747851 0.0311605 1e-030 1e-030 0.0934814 1e-030 1e-030 2.24439e-098 0.0311605 
1e-030 1e-030 1e-030 1e-030 1e-030 1e-030 1e-030 1e-030 1e-030 2.44463e-285 1e-030 1e-030 1e-030 1e-030 1e-030 1e-030 1e-030 1e-030 1e-030 1e-030 1e-030 1e-030 1e-030 0.749981 1e-030 1e-030 1e-030 1e-030 0.249994 1e-030 1e-030 2.50303e-005 
1e-030 1e-030 1e-030 1e-030 1e-030 1e-030 1e-030 1e-030 1e-030 1.3888e-035 1e-030 1e-030 1e-030 1e-030 1e-030 1e-030 1e-030 1e-030 1e-030 1e-030 1e-030 1e-030 1e-030 0.000125307 1e-030 1e-030 1e-030 1.44162e-125 4.20289e-028 1e-030 1e-030 0.999875 
1e-030 1e-030 1e-030 1e-030 1e-030 1e-030 1e-030 1e-030 1e-030 0.0329251 1e-030 1e-030 1e-030 1e-030 1e-030 1e-030 1e-030 1e-030 1e-030 1e-030 1e-030 1e-030 1e-030 0.641286 1e-030 1e-030 1e-030 0.230475 7.96557e-069 1e-030 0.0508573 0.044456 
1e-030 1e-030 1e-030 1.84106e-200 1e-030 1e-030 1e-030 1e-030 1e-030 1e-030 1e-030 1e-030 1e-030 1e-030 1e-030 1e-030 1e-030 5.08805e-014 1e-030 1e-030 1e-030 1e-030 1e-030 0.051549 1e-030 1e-030 1e-030 2.1402e-066 0.0338556 1e-030 0.788242 0.126353 
1e-030 1e-030 1e-030 0.052157 1e-030 1e-030 1e-030 1e-030 1e-030 1e-030 1e-030 1e-030 1e-030 1e-030 0.052157 1e-030 0.052157 0.104314 1e-030 1e-030 1e-030 1e-030 1e-030 0.312942 1e-030 1e-030 1e-030 0.260785 1.07011e-018 0.052157 0.113331 3.61088e-197 
1e-030 1e-030 1e-030 1e-030 1e-030 1e-030 1e-030 1e-030 1e-030 1e-030 1e-030 1e-030 1e-030 1e-030 1e-030 1e-030 1e-030 1e-030 1e-030 1e-030 1e-030 1e-030 1e-030 1.08436e-048 1e-030 1e-030 1e-030 2.4772e-263 1e-030 1e-030 0.29939 0.70061 
1e-030 1e-030 1e-030 1e-030 1e-030 1e-030 1e-030 1e-030 1e-030 1e-030 1e-030 1e-030 1e-030 1e-030 1e-030 1e-030 1e-030 1e-030 1e-030 1e-030 1e-030 1e-030 1e-030 0.341949 1e-030 1e-030 1e-030 0.0759886 1e-030 2.07466e-055 5.39573e-068 0.582063 
1e-030 1e-030 1e-030 1e-030 1e-030 1e-030 1e-030 1e-030 1e-030 1e-030 1e-030 1e-030 1e-030 1e-030 1e-030 1e-030 1e-030 1e-030 1e-030 1e-030 1e-030 1e-030 1e-030 9.2847e-117 1e-030 1e-030 1e-030 0.749998 1e-030 0.249999 1.03178e-261 2.19197e-006 
1e-030 1e-030 1e-030 1e-030 1e-030 1e-030 1e-030 1e-030 1e-030 1e-030 1e-030 1e-030 1e-030 1e-030 1e-030 1e-030 1e-030 1e-030 1e-030 1e-030 1e-030 1e-030 1e-030 0.440594 1e-030 1e-030 1e-030 6.70246e-028 1e-030 5.53401e-259 1.40011e-023 0.559406 
1e-030 1e-030 1e-030 1e-030 1e-030 1e-030 1e-030 1e-030 1e-030 1e-030 1e-030 1e-030 1e-030 1e-030 1e-030 1e-030 0.0728314 0.194217 1e-030 1e-030 0.0485543 1e-030 1e-030 1.08955e-151 1e-030 0.0242771 1e-030 0.0485543 0.121386 1e-030 0.412712 0.0774683 
1e-030 1e-030 1e-030 1e-030 1e-030 1e-030 1e-030 1e-030 1e-030 1e-030 1e-030 1e-030 1e-030 1e-030 1e-030 1e-030 1e-030 1e-030 1e-030 1e-030 1e-030 1e-030 1e-030 0.747572 1e-030 1e-030 1e-030 1.1554e-130 1e-030 1e-030 1e-030 0.252428 
1e-030 1e-030 1e-030 1e-030 1e-030 1e-030 1e-030 1e-030 1e-030 1e-030 1e-030 1e-030 1e-030 1e-030 1e-030 1e-030 1e-030 1e-030 1e-030 1e-030 1e-030 1e-030 1e-030 1.67086e-018 1e-030 1e-030 1e-030 0.0494521 1e-030 1e-030 1e-030 0.950548 
1e-030 1e-030 1e-030 1e-030 1e-030 1e-030 1e-030 1e-030 1e-030 1e-030 1e-030 1e-030 1e-030 1e-030 1e-030 1e-030 1e-030 1e-030 1e-030 1e-030 1e-030 1e-030 1e-030 0.777853 1e-030 1e-030 1e-030 0.0879429 1e-030 1e-030 1.79683e-051 0.134204 
1e-030 1e-030 1e-030 1e-030 1e-030 1e-030 1e-030 1e-030 1e-030 1e-030 1e-030 1e-030 1e-030 1.71486e-237 1e-030 1e-030 2.81153e-293 7.59031e-029 1e-030 1e-030 1e-030 1e-030 1e-030 6.65844e-291 1e-030 1e-030 1e-030 1e-030 1e-030 1e-030 1 4.12929e-018 
1e-030 1e-030 1e-030 1e-030 1e-030 1e-030 1e-030 1e-030 1e-030 1e-030 1e-030 1e-030 1e-030 0.0555556 1e-030 0.0555556 0.111111 0.166667 1e-030 1e-030 0.0555556 0.0555556 1e-030 0.5 1e-030 1e-030 1e-030 1e-030 1e-030 1e-030 7.84525e-040 1e-030 
1e-030 1e-030 1e-030 1e-030 1e-030 1e-030 1e-030 1e-030 1e-030 1e-030 1e-030 1e-030 1e-030 1e-030 1e-030 1e-030 1e-030 1e-030 1e-030 1e-030 1e-030 1e-030 1e-030 1e-030 1e-030 1e-030 1e-030 1e-030 1e-030 1e-030 1 1e-030 
1e-030 1e-030 1e-030 1e-030 1e-030 1e-030 1e-030 1e-030 1e-030 1e-030 1e-030 1e-030 1e-030 1e-030 1e-030 1e-030 1e-030 1e-030 1e-030 1e-030 1e-030 1e-030 1e-030 2.62275e-017 1e-030 1e-030 1e-030 1e-030 1e-030 1e-030 0.101814 0.898186 
1e-030 1e-030 1e-030 1e-030 1e-030 1e-030 1e-030 1e-030 1e-030 1e-030 1e-030 1e-030 1e-030 1e-030 1e-030 1e-030 1e-030 1e-030 1e-030 1e-030 1e-030 1e-030 1e-030 0.812914 1e-030 1e-030 1e-030 0.0301079 6.14073e-292 1e-030 0.0311817 0.125796 
1e-030 1e-030 1e-030 1e-030 1e-030 1e-030 1e-030 1e-030 1e-030 1e-030 1e-030 1e-030 1e-030 1e-030 1e-030 1e-030 2.40453e-235 1.64403e-022 1e-030 1e-030 1e-030 1e-030 1e-030 1.7558e-056 1e-030 1e-030 1e-030 1e-030 0.0628369 1e-030 0.937162 8.00386e-007 
1e-030 1e-030 1e-030 1e-030 1e-030 1e-030 1e-030 1e-030 1e-030 1e-030 1e-030 1e-030 1e-030 1e-030 0.03992 1e-030 0.11976 0.43912 1e-030 1e-030 1e-030 1e-030 1e-030 0.31936 1e-030 1e-030 1e-030 0.03992 1.65041e-080 1e-030 0.0419208 2.31191e-222 
1e-030 1e-030 1e-030 1e-030 1e-030 1e-030 1e-030 1e-030 1e-030 1e-030 1e-030 1e-030 1e-030 1e-030 1e-030 1e-030 1e-030 1e-030 1e-030 1e-030 1e-030 1e-030 1e-030 1e-030 1e-030 1e-030 1e-030 1e-030 1e-030 1e-030 1 1e-030 
1e-030 1e-030 1e-030 1e-030 1e-030 1e-030 1e-030 1e-030 1e-030 1e-030 1e-030 1e-030 1e-030 1e-030 1e-030 1e-030 1e-030 1e-030 1e-030 1e-030 1e-030 1e-030 1e-030 8.56575e-019 1e-030 1e-030 1e-030 0.100157 1e-030 1e-030 1e-030 0.899843 
1e-030 1e-030 1e-030 1e-030 1e-030 1e-030 1e-030 1e-030 1e-030 1e-030 1e-030 1e-030 1e-030 1e-030 1e-030 1e-030 1e-030 1e-030 1e-030 1e-030 1e-030 1e-030 1e-030 0.68496 1e-030 1e-030 1e-030 0.110055 1e-030 1e-030 1.20946e-040 0.204984 
1e-030 1e-030 1e-030 1e-030 1e-030 1e-030 1e-030 1e-030 1e-030 1e-030 1e-030 1e-030 1e-030 1e-030 1e-030 1e-030 1e-030 7.33799e-031 1e-030 1e-030 1e-030 1e-030 1e-030 8.72489e-031 1e-030 1e-030 1e-030 1e-030 0.0544035 1e-030 0.816053 0.129544 
1e-030 1e-030 1e-030 1e-030 1e-030 1e-030 1e-030 1e-030 1e-030 1e-030 1e-030 1e-030 1e-030 1e-030 0.0344828 1e-030 0.0344828 0.482759 1e-030 1e-030 0.0344828 1e-030 1e-030 0.413793 1e-030 1e-030 1e-030 1e-030 1e-030 1e-030 7.4389e-031 1e-030 
1e-030 1e-030 1e-030 1e-030 1.42393e-030 1e-030 1e-030 1e-030 1e-030 1e-030 1e-030 1e-030 1e-030 1e-030 1e-030 1e-030 1e-030 1e-030 1e-030 1e-030 1e-030 1e-030 1e-030 0.833333 1e-030 1e-030 1e-030 0.166667 1e-030 1e-030 1e-030 4.29615e-208 
1e-030 1e-030 1e-030 1e-030 0.0909088 1e-030 1e-030 1e-030 1e-030 1e-030 1e-030 1e-030 1e-030 1e-030 1e-030 1e-030 1e-030 1e-030 1e-030 1e-030 1e-030 1e-030 1e-030 3.76348e-027 1e-030 1e-030 1e-030 3.63209e-006 1e-030 1e-030 0.272726 0.636361 
1e-030 1e-030 1e-030 1e-030 1e-030 1e-030 1e-030 1e-030 1e-030 1e-030 1e-030 1e-030 1e-030 1e-030 1e-030 1e-030 1e-030 1e-030 1e-030 1e-030 1e-030 1e-030 1e-030 0.733334 1e-030 1e-030 1e-030 0.133332 1e-030 1e-030 3.078e-025 0.133334 
1e-030 1e-030 1e-030 1e-030 1e-030 1e-030 1e-030 1e-030 1e-030 1e-030 1e-030 1e-030 1e-030 1e-030 1e-030 1e-030 1e-030 6.87228e-076 1e-030 1e-030 1e-030 1e-030 1e-030 3.42129e-220 1e-030 1e-030 1e-030 2.54659e-190 4.99901e-024 1e-030 1 1.82377e-014 
1e-030 1e-030 1e-030 1e-030 1e-030 1e-030 1e-030 1e-030 1e-030 1e-030 1e-030 1e-030 1e-030 1e-030 1e-030 1e-030 1e-030 0.727273 1e-030 1e-030 1e-030 1e-030 1e-030 1e-030 1e-030 1e-030 1e-030 1e-030 0.272727 1e-030 6.54976e-029 1e-030 
1e-030 1e-030 1e-030 1e-030 1e-030 1e-030 1e-030 1e-030 1e-030 1e-030 1e-030 1e-030 1e-030 1e-030 1e-030 1e-030 1e-030 1e-030 1e-030 1e-030 1e-030 1e-030 1e-030 0.333333 1e-030 1e-030 1e-030 3.59609e-007 1e-030 1e-030 0.444444 0.222222 
1e-030 1e-030 1e-030 1e-030 1e-030 1e-030 1e-030 1e-030 1e-030 1e-030 1e-030 1e-030 1e-030 1e-030 1e-030 1e-030 1e-030 1e-030 1e-030 1e-030 1e-030 1e-030 1e-030 0.118825 1e-030 1e-030 1e-030 0.368629 1e-030 1e-030 1.30974e-009 0.512546 
1e-030 1e-030 1e-030 1e-030 1e-030 1e-030 1e-030 1e-030 1e-030 1e-030 1e-030 1e-030 1e-030 1e-030 1e-030 1e-030 1e-030 1e-030 1e-030 1e-030 1e-030 1e-030 1e-030 0.875086 1e-030 1e-030 1e-030 0.124914 6.38483e-085 1e-030 5.19505e-214 4.20314e-011 
1e-030 1e-030 1e-030 1e-030 1e-030 1e-030 1e-030 1e-030 1e-030 1e-030 1e-030 1e-030 1e-030 1e-030 1e-030 1e-030 3.01051e-296 1.30538e-028 1e-030 1e-030 1e-030 1e-030 1e-030 7.11961e-026 1e-030 1e-030 1e-030 3.65798e-308 0.037037 1e-030 0.740741 0.222222 
1e-030 1e-030 1e-030 1e-030 1e-030 1e-030 1e-030 1e-030 1e-030 1e-030 1e-030 1e-030 1e-030 1e-030 0.05 1e-030 0.35 0.5 0.05 1e-030 0.05 1e-030 1e-030 1e-030 1e-030 1e-030 1e-030 1e-030 2.42e-163 1e-030 5.40555e-021 1e-030 
1e-030 1e-030 1e-030 1e-030 1e-030 1e-030 1e-030 1e-030 1e-030 1e-030 1e-030 1e-030 1e-030 1e-030 1e-030 1e-030 1e-030 1e-030 1e-030 1e-030 1e-030 1e-030 1e-030 7.80575e-210 1e-030 1e-030 1e-030 4.28477e-065 0.999998 1e-030 1e-030 1.51984e-006 
1e-030 1e-030 1e-030 1e-030 1e-030 1e-030 1e-030 1e-030 1e-030 1e-030 1e-030 1e-030 1e-030 1e-030 1e-030 1e-030 1e-030 1e-030 1e-030 1e-030 1e-030 1e-030 1e-030 6.07826e-009 1e-030 1e-030 1e-030 0.0979402 1e-030 1e-030 1e-030 0.90206 
1e-030 1e-030 1e-030 1e-030 1e-030 1e-030 1e-030 1e-030 1e-030 1e-030 1e-030 1e-030 1e-030 1e-030 1e-030 1e-030 1e-030 7.73235e-296 1e-030 1e-030 1e-030 1e-030 1e-030 0.77942 1e-030 1e-030 1e-030 0.173863 6.76165e-271 1e-030 2.53358e-020 0.0467168 
1e-030 1e-030 1e-030 1e-030 1e-030 1e-030 1e-030 1e-030 1e-030 1e-030 1e-030 1e-030 1e-030 1e-030 1e-030 1e-030 2.87261e-204 0.000105512 1e-030 1e-030 1e-030 1e-030 1e-030 1.78368e-005 1e-030 1e-030 1e-030 1.549e-041 0.0186151 1e-030 0.611676 0.369586 
1e-030 1e-030 1e-030 1e-030 1e-030 1e-030 1e-030 1e-030 1e-030 1e-030 1e-030 1e-030 1e-030 1e-030 1e-030 1e-030 0.0664361 0.420744 0.0885814 1e-030 1e-030 0.0221454 1e-030 0.155017 1e-030 1e-030 1e-030 0.0442907 0.0632685 1e-030 0.139517 1.08329e-020 
1e-030 1e-030 1e-030 1e-030 1e-030 1e-030 1e-030 1e-030 1e-030 1e-030 1e-030 1e-030 1e-030 1e-030 1e-030 1e-030 1e-030 2.30884e-232 1e-030 1e-030 1e-030 1e-030 1e-030 0.763381 1e-030 1e-030 1e-030 2.16926e-081 1e-030 2.1395e-119 0.236619 3.50436e-011 
1e-030 1e-030 1e-030 1e-030 1e-030 1e-030 1e-030 1e-030 1e-030 1e-030 1e-030 1e-030 1e-030 1e-030 1e-030 1e-030 1e-030 1.38049e-224 1e-030 1e-030 1e-030 1e-030 1e-030 8.65725e-010 1e-030 1e-030 1e-030 4.09958e-285 1e-030 1.87138e-119 0.0140667 0.985933 
1e-030 1e-030 1e-030 1e-030 1e-030 1e-030 1e-030 1e-030 1e-030 1e-030 1e-030 1e-030 1e-030 1e-030 1e-030 1e-030 1e-030 7.77003e-191 1e-030 1e-030 1e-030 1e-030 1e-030 0.863282 1e-030 1e-030 1e-030 0.0359705 1e-030 0.0357597 1.37476e-039 0.0649882 
1e-030 1e-030 1e-030 1e-030 1e-030 1e-030 1e-030 1e-030 1e-030 1e-030 1e-030 1e-030 1e-030 1e-030 1e-030 1e-030 1e-030 0.000426224 1e-030 1e-030 1e-030 1e-030 1e-030 0.039622 1e-030 1.05947e-249 1e-030 4.45186e-058 1e-030 0.000232066 0.829838 0.129882 
1e-030 1e-030 1e-030 1e-030 1e-030 1e-030 1e-030 1e-030 1e-030 1e-030 1e-030 1e-030 1e-030 0.0868075 1e-030 1e-030 1e-030 0.259955 1e-030 1e-030 0.0434037 1e-030 1e-030 0.434037 1e-030 0.0434037 1e-030 1e-030 0.0868075 1e-030 0.045585 1.33276e-307 
1e-030 1e-030 1e-030 1e-030 1e-030 1e-030 1e-030 1e-030 1e-030 1e-030 1e-030 1e-030 1e-030 1e-030 1e-030 1e-030 1e-030 4.15293e-302 1e-030 1e-030 1e-030 1e-030 1e-030 0.778667 1e-030 1e-030 1e-030 0.124806 2.75389e-244 1.1322e-110 0.0965269 2.99497e-011 
1e-030 1e-030 1e-030 1e-030 1e-030 1e-030 1e-030 1e-030 1e-030 1e-030 1e-030 1e-030 1e-030 1e-030 1e-030 1e-030 1e-030 4.09812e-257 1e-030 1e-030 1e-030 1e-030 1e-030 0.000253705 1e-030 1e-030 1e-030 0.16003 1.6706e-216 7.91201e-130 0.174762 0.664954 
1e-030 1e-030 1e-030 1e-030 1e-030 1e-030 1e-030 1e-030 1e-030 1e-030 1e-030 1e-030 1e-030 1e-030 1e-030 1e-030 1e-030 1.10041e-217 1e-030 1e-030 1e-030 1e-030 1e-030 0.635793 1e-030 1e-030 1e-030 0.263437 6.5335e-210 0.0302768 6.82243e-017 0.070494 
1e-030 1e-030 1e-030 1e-030 1e-030 1e-030 1e-030 1e-030 1e-030 1e-030 1e-030 1e-030 1e-030 1e-030 1e-030 1e-030 1e-030 1.92299e-034 1e-030 1e-030 1e-030 1e-030 1e-030 1.25964e-006 1e-030 1e-030 1e-030 2.84894e-062 0.000134184 4.94066e-324 0.558719 0.441146 
1e-030 1e-030 1e-030 1e-030 1e-030 1e-030 1e-030 1e-030 1e-030 1e-030 1e-030 1e-030 1e-030 1e-030 1e-030 1e-030 1e-030 0.596904 1e-030 1e-030 1e-030 1e-030 1e-030 1.55409e-228 0.035112 1e-030 1e-030 1e-030 0.210642 1e-030 0.157342 3.85916e-022 
1e-030 1e-030 1e-030 1e-030 1e-030 1e-030 1e-030 1e-030 1e-030 1e-030 1e-030 1e-030 1e-030 5.09344e-131 1e-030 1e-030 1e-030 1e-030 1e-030 1e-030 1e-030 1e-030 1e-030 0.999999 1e-030 1e-030 1e-030 3.59629e-310 1e-030 1e-030 1.47775e-006 1.44638e-025 
1e-030 1e-030 1e-030 1e-030 1e-030 1e-030 1e-030 1e-030 1e-030 1e-030 1e-030 1e-030 1e-030 0.142851 1e-030 1e-030 1e-030 1e-030 1e-030 1e-030 1e-030 1e-030 1e-030 4.73093e-005 1e-030 1e-030 1e-030 5.79657e-110 1e-030 1e-030 0.571401 0.285701 
1e-030 1e-030 1e-030 1e-030 1e-030 1e-030 1e-030 1e-030 1e-030 1e-030 1e-030 1e-030 1e-030 8.95751e-116 1e-030 1e-030 1e-030 1e-030 1e-030 1e-030 1e-030 1e-030 1e-030 0.892472 1e-030 1e-030 1e-030 0.0686521 1e-030 1e-030 9.18544e-011 0.0388761 
1e-030 1e-030 1e-030 1e-030 1e-030 1e-030 1e-030 1e-030 1e-030 1e-030 1e-030 1e-030 1e-030 8.83014e-257 1e-030 1e-030 6.15363e-260 1.03938e-021 1e-030 1e-030 1e-030 1e-030 1e-030 1.00175e-008 1e-030 1e-030 1e-030 9.51832e-122 0.0119902 1e-030 0.622259 0.365751 
1e-030 1e-030 1e-030 1e-030 1e-030 1e-030 1e-030 1e-030 1e-030 1e-030 1e-030 1e-030 1e-030 2.44588e-295 1e-030 1e-030 0.0302777 0.66611 1e-030 1e-030 1e-030 1e-030 1e-030 0.151389 1e-030 1e-030 1e-030 1.31724e-153 0.0879871 1e-030 0.0642361 4.49363e-043 
1e-030 1e-030 1e-030 1e-030 1e-030 1e-030 1e-030 1e-030 1e-030 1e-030 1e-030 1e-030 1e-030 1e-030 1e-030 1e-030 1e-030 1e-030 1e-030 1e-030 1e-030 1e-030 1e-030 6.5499e-023 1e-030 1e-030 1e-030 1e-030 1e-030 1e-030 0.997916 0.00208448 
1e-030 1e-030 1e-030 1e-030 1e-030 1e-030 1e-030 1e-030 1e-030 1e-030 1e-030 1e-030 1e-030 1e-030 1e-030 1e-030 1e-030 1e-030 1e-030 1e-030 7.22039e-293 1e-030 9.38933e-269 0.000376513 1e-030 1e-030 1e-030 2.46418e-075 1e-030 1e-030 0.645266 0.354357 
1e-030 1e-030 1e-030 1e-030 1e-030 1e-030 1e-030 1e-030 1e-030 1e-030 1e-030 1e-030 1e-030 1e-030 1e-030 1e-030 1e-030 1e-030 1e-030 1e-030 2.41926e-297 1e-030 9.41738e-059 0.821611 1e-030 1e-030 1e-030 0.104621 1e-030 1e-030 2.70575e-008 0.0737685 
1e-030 1e-030 1e-030 1e-030 1e-030 1e-030 1e-030 1e-030 1e-030 1e-030 1e-030 1e-030 1e-030 1e-030 1e-030 1e-030 1e-030 9.31335e-230 1e-030 1e-030 3.44782e-008 1e-030 0.103036 0.290608 1e-030 1e-030 1e-030 8.73629e-034 1e-030 1e-030 4.84749e-030 0.606356 
1e-030 1e-030 1e-030 1e-030 1e-030 1e-030 1e-030 1e-030 1e-030 1e-030 1e-030 1e-030 1e-030 1e-030 1e-030 1e-030 0.0240275 0.216248 1e-030 1e-030 0.120138 1e-030 9.29552e-007 0.423339 1e-030 1e-030 1e-030 0.09611 0.0240275 1e-030 0.0720825 0.0240276 
1e-030 1e-030 1e-030 1e-030 1e-030 1e-030 1e-030 1e-030 1e-030 1e-030 1e-030 1e-030 1e-030 1e-030 1e-030 1e-030 1e-030 1e-030 1e-030 1e-030 1e-030 1e-030 1e-030 1 1e-030 1e-030 1e-030 1.40133e-007 1e-030 6.26928e-233 2.35238e-047 1.03105e-116 
1e-030 1e-030 1e-030 1e-030 1e-030 1e-030 1e-030 1e-030 1e-030 1e-030 1e-030 1e-030 1e-030 1e-030 1e-030 1e-030 1e-030 3.30993e-315 1e-030 1e-030 1e-030 1e-030 1e-030 6.19633e-009 1e-030 1e-030 1e-030 0.359388 5.2183e-282 4.26312e-109 0.256245 0.384367 
1e-030 1e-030 1e-030 1e-030 1e-030 1e-030 1e-030 1e-030 1e-030 1e-030 1e-030 1e-030 1e-030 1e-030 1e-030 1e-030 1e-030 3.6581e-294 1e-030 1e-030 1e-030 1e-030 1e-030 0.918485 1e-030 1e-030 1e-030 0.056001 1e-030 0.0255135 3.1044e-023 3.70334e-037 
1e-030 1e-030 1e-030 1e-030 1e-030 1e-030 1e-030 1e-030 1e-030 1e-030 1e-030 1e-030 1e-030 1e-030 1e-030 1e-030 1e-030 3.24432e-007 1e-030 1e-030 1e-030 1e-030 1e-030 1.2692e-017 1e-030 1e-030 1e-030 1e-030 0.0628821 1e-030 0.937118 1e-030 
1e-030 1e-030 1e-030 1e-030 1e-030 1e-030 1e-030 1e-030 1e-030 1e-030 1e-030 1e-030 1e-030 1e-030 1e-030 1e-030 1e-030 0.567486 1e-030 1e-030 1e-030 1e-030 1e-030 1.09047e-316 1e-030 1e-030 1e-030 1e-030 0.354679 1e-030 0.0778352 1e-030 
1e-030 1e-030 1e-030 1e-030 1e-030 1e-030 1e-030 1e-030 1e-030 1e-030 1e-030 1e-030 1e-030 1.17183e-038 2.61798e-265 1e-030 1e-030 1e-030 1e-030 1e-030 1e-030 1e-030 1e-030 0.428284 1e-030 1e-030 1e-030 3.73003e-295 1e-030 1e-030 0.000954886 0.570761 
1e-030 1.14982e-263 1e-030 1e-030 1e-030 1e-030 1e-030 1e-030 1e-030 1.46734e-163 1e-030 1e-030 1e-030 0.22781 0.22781 1e-030 1e-030 1e-030 1e-030 1e-030 1e-030 1e-030 1e-030 0.00834009 1e-030 1e-030 1e-030 3.49198e-015 1e-030 1e-030 0.226803 0.309238 
1e-030 2.91335e-211 1e-030 1e-030 1e-030 1e-030 1e-030 1e-030 1e-030 0.032724 1e-030 1e-030 1e-030 9.02395e-238 1.40453e-011 1e-030 1e-030 1e-030 1e-030 1e-030 1e-030 1e-030 1e-030 0.792019 1e-030 1e-030 1e-030 0.130896 1e-030 1e-030 0.0443605 2.28634e-058 
1e-030 4.14674e-024 1e-030 1e-030 1e-030 1e-030 1e-030 1e-030 1e-030 6.3859e-314 1e-030 1e-030 1e-030 1e-030 1.03505e-171 1e-030 1e-030 3.78535e-201 1e-030 1e-030 1e-030 1e-030 1e-030 0.0423079 1e-030 1e-030 1e-030 7.75304e-089 1e-030 1e-030 0.957692 1e-030 
1e-030 0.110926 1e-030 1e-030 1e-030 1e-030 1e-030 1e-030 1e-030 1e-030 1e-030 1e-030 1e-030 1e-030 0.0369754 1e-030 1e-030 0.258828 1e-030 1e-030 0.0739508 0.0369754 1e-030 0.406729 1e-030 1e-030 1e-030 1e-030 1e-030 1e-030 0.0386401 0.0369754 
1e-030 1e-030 1e-030 1e-030 1e-030 1e-030 1e-030 1e-030 1e-030 1e-030 1e-030 1e-030 1e-030 1e-030 1e-030 1e-030 1e-030 1e-030 1e-030 1e-030 1e-030 1e-030 1e-030 0.833333 1e-030 1e-030 1e-030 1e-030 1e-030 0.166667 2.15032e-017 1e-030 
1e-030 1e-030 1e-030 1e-030 1e-030 1e-030 1e-030 1e-030 1e-030 1e-030 1e-030 1e-030 1e-030 1e-030 1e-030 1e-030 1e-030 1e-030 1e-030 1e-030 1e-030 1e-030 1e-030 8.36824e-014 1e-030 1e-030 1e-030 1e-030 1e-030 1e-030 0.666667 0.333333 
1e-030 1e-030 1e-030 1e-030 1e-030 1e-030 1e-030 1e-030 1e-030 1e-030 1e-030 1e-030 1e-030 1e-030 1e-030 1e-030 1e-030 1e-030 1e-030 1e-030 1e-030 1e-030 1e-030 0.999999 1e-030 1e-030 1e-030 1e-030 1e-030 1e-030 8.09598e-111 8.53802e-007 
1e-030 1e-030 1e-030 1e-030 1e-030 1e-030 1e-030 1e-030 1e-030 1e-030 1e-030 1e-030 1e-030 1e-030 1e-030 1e-030 1e-030 2.00166e-028 1e-030 1e-030 1e-030 1e-030 1e-030 9.60098e-035 1e-030 1e-030 1e-030 1e-030 8.27524e-185 1e-030 0.933156 0.0668438 
1e-030 1e-030 1e-030 1e-030 1e-030 1e-030 1e-030 0.0322165 1e-030 1e-030 1e-030 1e-030 1e-030 0.0322165 0.0322165 1e-030 0.0966494 0.322165 1e-030 1e-030 1e-030 1e-030 1e-030 0.289948 0.0966494 1e-030 1e-030 1e-030 0.064433 1e-030 0.0335057 1.43767e-307 
1e-030 1e-030 1e-030 1e-030 1e-030 1e-030 1e-030 1e-030 1e-030 1e-030 1e-030 1e-030 1e-030 1e-030 1e-030 1e-030 1e-030 1e-030 1e-030 1e-030 1e-030 1e-030 1e-030 1e-030 1e-030 1e-030 1e-030 1e-030 1e-030 1e-030 1 1e-030 
1e-030 1e-030 1e-030 1e-030 1e-030 1e-030 1e-030 1e-030 1e-030 1e-030 1e-030 1e-030 1e-030 1e-030 1e-030 1e-030 1e-030 1e-030 1e-030 1e-030 1e-030 1e-030 1e-030 1 1e-030 1e-030 1e-030 5.50361e-032 1e-030 1e-030 1.46174e-194 1.46174e-194 
1e-030 1e-030 1e-030 1e-030 1e-030 1e-030 1e-030 1e-030 1e-030 1e-030 1e-030 1e-030 1e-030 1e-030 1e-030 1e-030 1e-030 1e-030 1e-030 1e-030 1e-030 1e-030 1e-030 0.908254 1e-030 1e-030 1e-030 0.0917458 7.12056e-251 1e-030 3.02223e-274 3.50286e-028 
1e-030 1e-030 1e-030 1e-030 1e-030 1e-030 1e-030 1e-030 1e-030 1e-030 1e-030 1e-030 1e-030 5.87534e-152 1e-030 1e-030 8.30641e-093 7.99975e-017 1e-030 1e-030 1e-030 1e-030 1e-030 1.80513e-051 1e-030 1e-030 1e-030 1e-030 0.0952381 1e-030 0.761905 0.142857 
1e-030 1e-030 1e-030 1e-030 1e-030 1e-030 1e-030 1e-030 1e-030 1e-030 1e-030 1e-030 1e-030 0.0344828 1e-030 1e-030 0.241379 0.241379 1e-030 1e-030 1e-030 1e-030 1e-030 0.172414 0.0689655 1e-030 1e-030 0.103448 0.103448 0.0344828 8.88905e-052 1e-030 
1e-030 1e-030 1e-030 1e-030 1e-030 1e-030 1e-030 1e-030 1e-030 1e-030 1e-030 1e-030 1e-030 1e-030 1e-030 1e-030 1e-030 2.16476e-276 1e-030 1e-030 1e-030 1e-030 1e-030 0.999999 1e-030 1e-030 1e-030 2.96853e-011 1e-030 2.0791e-023 6.97164e-052 9.04138e-007 
1e-030 1e-030 1e-030 1e-030 1e-030 1e-030 1e-030 1e-030 1e-030 1e-030 1e-030 1e-030 1e-030 1e-030 1e-030 1e-030 1e-030 2.08215e-179 1e-030 1e-030 1e-030 1e-030 1e-030 0.999841 1e-030 1e-030 1e-030 3.31298e-007 1e-030 6.61403e-045 9.95332e-044 0.000158756 
1e-030 1e-030 1e-030 1e-030 1e-030 1e-030 1e-030 1e-030 1e-030 1e-030 1e-030 1e-030 1e-030 1e-030 1e-030 1e-030 1e-030 1.7299e-061 1e-030 1e-030 1e-030 1e-030 1e-030 0.74127 1e-030 1e-030 1e-030 0.102761 1.44068e-310 0.0360973 0.000194996 0.119677 
1e-030 1e-030 1e-030 1e-030 1e-030 1e-030 1e-030 1e-030 1e-030 1e-030 1e-030 1e-030 1e-030 1e-030 1e-030 1e-030 6.11138e-285 4.77393e-008 1e-030 1e-030 1.52483e-173 1e-030 1.97685e-143 0.114171 1e-030 1e-030 1e-030 0.0171083 3.08048e-038 1.62701e-016 0.680683 0.188037 
1e-030 1e-030 1e-030 1e-030 1e-030 0.0222726 1e-030 1e-030 1e-030 1e-030 1e-030 1e-030 1e-030 1e-030 0.0222726 1e-030 0.0222726 0.133635 1e-030 1e-030 0.0222726 1e-030 0.0445452 0.267273 0.0445452 1e-030 1e-030 0.0445452 0.111363 1.15634e-024 0.264999 3.65127e-006 
1e-030 1e-030 1e-030 1e-030 1e-030 1e-030 1e-030 1e-030 1e-030 2.29608e-057 1e-030 1e-030 1e-030 1e-030 1e-030 1e-030 1e-030 1e-030 1e-030 1e-030 1e-030 1e-030 1e-030 0.333333 1e-030 1e-030 1e-030 3.7954e-087 1e-030 1e-030 5.63044e-010 0.666667 
1e-030 1e-030 1e-030 1e-030 1e-030 1e-030 1e-030 1e-030 1e-030 0.228422 1e-030 1e-030 1e-030 1e-030 1e-030 1e-030 1e-030 1e-030 1e-030 1e-030 1e-030 1e-030 1e-030 4.41517e-022 1e-030 1e-030 1e-030 0.0863105 1e-030 1e-030 0.685267 2.16713e-011 
1e-030 1e-030 1e-030 1e-030 1e-030 1e-030 1e-030 1e-030 1e-030 1.26374e-026 1e-030 1e-030 1e-030 1e-030 1e-030 1e-030 1e-030 1e-030 1e-030 1e-030 1e-030 1e-030 1e-030 0.843723 1e-030 1e-030 1e-030 0.113188 1e-030 1e-030 1.9069e-062 0.0430881 
1e-030 1e-030 1e-030 1e-030 1e-030 1e-030 1e-030 1e-030 1e-030 1e-030 1e-030 1e-030 1e-030 1e-030 1e-030 1e-030 1e-030 3.99993e-211 1e-030 1e-030 1e-030 1e-030 1e-030 9.77103e-036 1e-030 1e-030 1e-030 1e-030 1.0968e-015 1e-030 0.86606 0.13394 
1e-030 1e-030 1e-030 1e-030 1e-030 1e-030 1e-030 0.0383853 1e-030 1e-030 1e-030 1e-030 1e-030 1e-030 1e-030 1e-030 0.0767705 0.268697 1e-030 1e-030 1e-030 1e-030 1e-030 0.345467 0.0767705 1e-030 1e-030 1e-030 0.153541 1e-030 0.0403682 2.00596e-202 
1e-030 1e-030 1e-030 1e-030 1e-030 1e-030 1e-030 1e-030 1e-030 1e-030 1e-030 1e-030 1e-030 1e-030 1e-030 1e-030 1e-030 1e-030 1e-030 1e-030 1e-030 2.1282e-035 1e-030 0.68011 1e-030 1e-030 1e-030 0.159745 1e-030 1e-030 1e-030 0.160145 
1e-030 1e-030 1e-030 1e-030 1e-030 1e-030 1e-030 1e-030 1e-030 1e-030 1e-030 1e-030 1e-030 1e-030 1e-030 1e-030 1e-030 1e-030 1e-030 1e-030 1e-030 0.395284 1e-030 0.603727 1e-030 1e-030 1e-030 0.000988062 1e-030 1.23628e-077 9.83015e-255 1.46135e-008 
1e-030 1e-030 1e-030 1e-030 1e-030 1e-030 1e-030 1e-030 1e-030 1e-030 1e-030 1e-030 1e-030 1e-030 1e-030 1e-030 1e-030 1e-030 1e-030 1e-030 1e-030 1.65802e-036 1e-030 0.91865 1e-030 1e-030 1e-030 0.0190385 1.63031e-180 0.0311499 1.22424e-005 0.0311499 
1e-030 1e-030 1e-030 1e-030 1e-030 1e-030 1e-030 1e-030 1e-030 1e-030 1e-030 1e-030 1e-030 1e-030 1e-030 1e-030 1e-030 2.75642e-042 1e-030 1e-030 1e-030 1e-030 1e-030 0.34475 1e-030 1e-030 1e-030 0.0490222 0.000427054 1.62785e-088 0.605801 1.0669e-196 
1e-030 1e-030 1e-030 1e-030 1e-030 1e-030 1e-030 1e-030 1e-030 1e-030 1e-030 1e-030 1e-030 1e-030 1e-030 1e-030 0.0828919 0.44209 1e-030 1e-030 0.0552613 1e-030 1e-030 0.0828995 1e-030 1e-030 1e-030 0.082892 0.16569 2.98576e-219 0.0882746 1e-030 
1e-030 1e-030 1e-030 1e-030 1e-030 1e-030 1e-030 1e-030 1e-030 1e-030 1e-030 1e-030 1e-030 1e-030 1e-030 1e-030 1e-030 1e-030 1e-030 1e-030 1e-030 1e-030 1e-030 0.488766 1e-030 1e-030 1e-030 0.511233 1e-030 1e-030 1.37021e-124 1.01244e-008 
1e-030 1e-030 1e-030 1e-030 1e-030 1e-030 1e-030 1e-030 1e-030 1e-030 1e-030 1e-030 1e-030 1e-030 1e-030 1e-030 1e-030 1e-030 1e-030 1e-030 1e-030 1e-030 1e-030 0.392908 1e-030 1e-030 1e-030 0.114114 1.48514e-312 1e-030 1.29666e-060 0.492978 
1e-030 1e-030 1e-030 1e-030 1e-030 1e-030 1e-030 1e-030 1e-030 1e-030 1e-030 1e-030 1e-030 1e-030 1e-030 1e-030 1e-030 1e-030 1e-030 1e-030 1e-030 1e-030 1e-030 0.999928 1e-030 1e-030 1e-030 1.16623e-024 9.74255e-314 1e-030 1.11477e-007 7.21791e-005 
1e-030 1e-030 1e-030 1e-030 1e-030 1e-030 1e-030 1e-030 1e-030 1e-030 1e-030 1e-030 1e-030 1e-030 1e-030 1e-030 5.57569e-190 0.000110862 1e-030 1e-030 1e-030 1e-030 1e-030 0.0873452 1e-030 1e-030 1e-030 1.47967e-109 0.139686 1e-030 0.772858 7.41849e-051 
1e-030 1e-030 1e-030 1e-030 1e-030 1e-030 1e-030 1e-030 1e-030 1e-030 1e-030 1e-030 1e-030 1e-030 0.0361678 1e-030 0.0542516 0.180813 1e-030 1e-030 1e-030 1e-030 1e-030 0.0180806 1e-030 1e-030 1e-030 7.67134e-120 0.0218628 1e-030 0.254811 0.434013 
1e-030 1e-030 1e-030 1e-030 1e-030 1e-030 1e-030 1e-030 1e-030 1e-030 1e-030 1e-030 1e-030 1e-030 1e-030 1e-030 1e-030 1e-030 1e-030 1e-030 1e-030 1e-030 1e-030 6.55972e-285 1e-030 1e-030 1e-030 0.333333 1e-030 1e-030 1e-030 0.666667 
1e-030 1e-030 1e-030 1e-030 1e-030 1e-030 1e-030 1e-030 1e-030 1e-030 1e-030 1e-030 1e-030 1e-030 1e-030 1e-030 1e-030 1e-030 1e-030 1e-030 1e-030 1e-030 1e-030 1 1e-030 1e-030 1e-030 5.10777e-027 1e-030 1e-030 2.22134e-289 3.98135e-243 
1e-030 1e-030 1e-030 1e-030 1e-030 1e-030 1e-030 1e-030 1e-030 1e-030 1e-030 1e-030 1e-030 1e-030 1e-030 1e-030 1e-030 1e-030 1e-030 1e-030 1e-030 1e-030 1e-030 1.29759e-119 1e-030 1e-030 1e-030 1e-030 1e-030 1e-030 2.38288e-017 1 
1e-030 1e-030 1e-030 1e-030 1e-030 1e-030 1e-030 1e-030 1e-030 1e-030 1e-030 1e-030 1e-030 1e-030 1e-030 1e-030 1e-030 1e-030 1e-030 1e-030 1e-030 1e-030 1e-030 0.138677 1e-030 1e-030 1e-030 0.0693385 1.22125e-024 1e-030 0.452837 0.339148 
1e-030 1e-030 1e-030 1e-030 1e-030 1e-030 1e-030 1e-030 1e-030 1e-030 1e-030 1e-030 1e-030 0.059851 1e-030 1e-030 0.0299255 0.269329 1e-030 1e-030 1e-030 1e-030 1e-030 2.81133e-073 1e-030 1e-030 1e-030 1e-030 0.179553 1e-030 0.371302 0.0900396 
1e-030 1e-030 1e-030 1e-030 1e-030 1e-030 1e-030 1e-030 1e-030 1e-030 1e-030 1e-030 1e-030 1e-030 1e-030 1e-030 1e-030 1e-030 1e-030 1e-030 1e-030 1e-030 1e-030 0.222292 1e-030 1e-030 1e-030 9.20772e-233 2.63384e-265 1e-030 0.444584 0.333123 
1e-030 1e-030 1e-030 1e-030 1e-030 1e-030 1e-030 1e-030 1e-030 1e-030 1e-030 1e-030 1e-030 1e-030 1e-030 1e-030 1e-030 4.60744e-302 1e-030 1e-030 1e-030 1e-030 1e-030 7.75275e-008 1e-030 1e-030 1e-030 3.70724e-172 9.78078e-259 1e-030 9.53219e-008 1 
1e-030 1e-030 1e-030 1e-030 1e-030 1e-030 1e-030 1e-030 1e-030 1e-030 1e-030 1e-030 1e-030 1e-030 1e-030 1e-030 1e-030 1.45543e-247 1e-030 1e-030 1e-030 1e-030 1e-030 0.75 1e-030 1e-030 1e-030 0.25 4.89864e-140 1e-030 1.57554e-013 2.77416e-011 
1e-030 1e-030 1e-030 1e-030 1e-030 1e-030 1e-030 1e-030 1e-030 1e-030 1e-030 1e-030 1e-030 1e-030 1e-030 1e-030 1.67145e-230 3.08118e-012 1e-030 1e-030 1e-030 1e-030 1e-030 5.13069e-092 1e-030 1e-030 1e-030 3.05464e-010 0.0640926 1e-030 0.935907 3.82838e-259 
1e-030 1e-030 1e-030 1e-030 1e-030 1e-030 1e-030 1e-030 1e-030 1e-030 1e-030 1e-030 1e-030 0.0174208 1e-030 1e-030 0.0348416 0.0696833 0.0174208 1e-030 0.0174208 1e-030 1e-030 0.0522625 1e-030 1e-030 1e-030 0.0696833 0.0348472 0.0174208 0.250899 0.4181 
1e-030 1e-030 1e-030 1e-030 1e-030 1e-030 1e-030 1e-030 1e-030 1e-030 1e-030 1e-030 1e-030 1e-030 1e-030 1e-030 1e-030 1e-030 1e-030 1e-030 1e-030 1e-030 1e-030 3.50368e-036 0.131289 1e-030 1e-030 1.07369e-006 1e-030 2.77786e-176 0.640997 0.227713 
1e-030 1e-030 1e-030 1e-030 1e-030 1e-030 1e-030 1e-030 1e-030 1e-030 1e-030 1e-030 1e-030 1e-030 1e-030 1e-030 1e-030 1e-030 1e-030 1e-030 1e-030 1e-030 1e-030 0.0508318 1e-030 1e-030 1e-030 0.118128 1e-030 1.13288e-043 0.208881 0.62216 
1e-030 1e-030 1e-030 1e-030 1e-030 1e-030 1e-030 1e-030 1e-030 1e-030 1e-030 1e-030 1e-030 1e-030 1e-030 1e-030 1e-030 4.35236e-118 1e-030 1e-030 1e-030 1e-030 1e-030 0.375755 1e-030 1e-030 1e-030 0.490523 1e-030 0.133598 2.63611e-006 0.00012163 
1e-030 1e-030 1e-030 1e-030 1e-030 1e-030 1e-030 1e-030 1e-030 1e-030 1e-030 1e-030 1e-030 1e-030 1e-030 1e-030 1e-030 4.58413e-010 1e-030 1e-030 1e-030 1e-030 1e-030 0.328005 1e-030 1e-030 1e-030 1.20977e-013 3.35654e-091 1.22013e-005 0.671983 1.08042e-072 
1e-030 1e-030 1e-030 1e-030 1e-030 1e-030 1e-030 1e-030 1e-030 1e-030 1e-030 1e-030 1e-030 1e-030 1e-030 1e-030 0.0229697 0.321576 1e-030 1e-030 1e-030 1e-030 1e-030 0.0230695 1e-030 1e-030 1e-030 0.0689091 0.114849 9.93924e-032 0.21893 0.229697 
1e-030 1e-030 1e-030 1e-030 1e-030 1e-030 1e-030 1e-030 1e-030 1e-030 1e-030 1e-030 1e-030 1e-030 1e-030 1e-030 1e-030 1e-030 1e-030 1e-030 1e-030 1e-030 1e-030 1.47474e-084 1e-030 1e-030 1e-030 5.45135e-023 1e-030 1e-030 0.999751 0.000248503 
1e-030 1e-030 1e-030 1e-030 1e-030 1e-030 1e-030 1e-030 1e-030 1e-030 1e-030 1e-030 1e-030 1e-030 1e-030 1e-030 1e-030 1.62329e-245 1e-030 1e-030 1e-030 1e-030 1e-030 0.0427206 1e-030 1e-030 1e-030 0.385446 1.9473e-101 1e-030 0.00376068 0.568073 
1e-030 1e-030 1e-030 1e-030 1e-030 1e-030 1e-030 1e-030 1e-030 1e-030 1e-030 1e-030 1e-030 1e-030 1e-030 1e-030 1e-030 1.53385e-245 1e-030 1e-030 1e-030 1e-030 1e-030 0.629387 1e-030 1e-030 1e-030 0.14573 1.06339e-255 1e-030 0.224883 1.50721e-012 
1e-030 1e-030 1e-030 1e-030 1e-030 1e-030 1e-030 1e-030 1e-030 1e-030 1e-030 1e-030 1e-030 1e-030 1e-030 1e-030 2.11717e-266 1.01203e-129 1e-030 1e-030 1e-030 1e-030 1e-030 0.183359 1e-030 1e-030 1e-030 0.169025 1.82928e-022 1e-030 0.209105 0.438511 
1e-030 1e-030 1e-030 1e-030 1e-030 1e-030 1e-030 1e-030 1e-030 1e-030 1e-030 1e-030 1e-030 0.0290114 1e-030 1e-030 0.0870342 0.145057 1e-030 1e-030 1e-030 1e-030 1e-030 6.39601e-007 1e-030 1e-030 1e-030 1.00221e-035 0.174068 1e-030 0.564829 4.90303e-150 
1e-030 1e-030 1e-030 1e-030 1e-030 1e-030 1e-030 1e-030 1e-030 1e-030 1e-030 1e-030 1e-030 1e-030 1e-030 1e-030 1e-030 1e-030 1e-030 1e-030 1e-030 1e-030 1e-030 1.09887e-038 1e-030 1e-030 1e-030 6.39056e-116 1e-030 1e-030 1e-030 1 
1e-030 1e-030 1e-030 1e-030 1e-030 1e-030 1e-030 1e-030 1e-030 1e-030 1e-030 1e-030 1e-030 1e-030 1e-030 1e-030 1e-030 1e-030 1e-030 1e-030 1e-030 1e-030 1e-030 0.695624 1e-030 1e-030 1e-030 0.304376 1e-030 2.29178e-306 1e-030 1.64919e-011 
1e-030 1e-030 1e-030 1e-030 1e-030 1e-030 1e-030 1e-030 1e-030 1e-030 1e-030 1e-030 1e-030 1e-030 1e-030 1e-030 1e-030 1e-030 1e-030 1e-030 1e-030 1e-030 1e-030 0.815874 1e-030 1e-030 1e-030 0.113565 1e-030 1.72963e-005 1.76467e-030 0.0705435 
1e-030 1e-030 1e-030 1e-030 1e-030 1e-030 1e-030 1e-030 1e-030 1e-030 1e-030 1e-030 1e-030 1e-030 1e-030 1e-030 6.09876e-212 2.63586e-023 2.40923e-269 1e-030 5.31476e-183 1e-030 1e-030 0.066022 1e-030 7.71793e-133 1e-030 3.10472e-071 0.392994 0.060785 0.419384 0.0608148 
1e-030 1e-030 1e-030 1e-030 1e-030 1e-030 1e-030 1e-030 1e-030 1e-030 1e-030 1e-030 1e-030 0.0272913 1e-030 0.0272913 0.0818738 0.191039 0.0272913 1e-030 0.0272913 0.0272913 1e-030 0.245621 1e-030 0.0272913 1e-030 0.0272913 0.205717 0.0272913 0.0574186 2.33502e-034 
1e-030 1e-030 1e-030 1e-030 1e-030 1e-030 1e-030 1e-030 1e-030 1e-030 1e-030 1e-030 1e-030 1e-030 1e-030 1e-030 1e-030 1e-030 1e-030 1e-030 1e-030 1e-030 1e-030 1 1e-030 1e-030 1e-030 1.02523e-103 1e-030 1e-030 1e-030 3.02232e-030 
1e-030 1e-030 1e-030 1e-030 1e-030 1e-030 1e-030 1e-030 1e-030 1e-030 1e-030 1e-030 1e-030 1e-030 1e-030 1e-030 1e-030 1e-030 1e-030 1e-030 1e-030 1e-030 1e-030 4.10955e-022 1e-030 1e-030 1e-030 5.26522e-071 1e-030 1e-030 1e-030 1 
1e-030 1e-030 1e-030 1e-030 1e-030 1e-030 1e-030 1e-030 1e-030 1e-030 1e-030 1e-030 1e-030 1e-030 1e-030 1e-030 1e-030 1e-030 1e-030 1e-030 1e-030 1e-030 1e-030 0.826569 1e-030 1e-030 1e-030 0.138745 2.33625e-259 0.0346861 4.09562e-017 1.56685e-041 
1e-030 1e-030 1e-030 1e-030 1e-030 1e-030 1e-030 1e-030 1e-030 1e-030 1e-030 1e-030 1e-030 1e-030 1e-030 1e-030 1e-030 6.09309e-019 1e-030 1e-030 1e-030 1e-030 1e-030 0.130535 1e-030 1e-030 1e-030 3.25726e-080 0.217907 3.28345e-152 0.539853 0.111705 
1e-030 1e-030 1e-030 1e-030 1e-030 1e-030 1e-030 1e-030 1e-030 1e-030 1e-030 1e-030 1e-030 1e-030 0.0452306 1e-030 0.0678459 0.542767 1e-030 1e-030 0.0226153 1e-030 1e-030 0.135725 0.0452306 1e-030 0.0226153 7.76906e-095 0.0463446 7.04798e-154 0.0716262 8.21094e-058 
1e-030 1e-030 1e-030 1e-030 1e-030 1e-030 1e-030 1e-030 1e-030 1e-030 1e-030 1e-030 1e-030 1e-030 1e-030 1e-030 1e-030 1e-030 1e-030 1e-030 1e-030 1e-030 1e-030 1 1e-030 1e-030 1e-030 1e-030 1e-030 1e-030 1e-030 1e-030 
1e-030 1e-030 1e-030 1e-030 1e-030 1e-030 1e-030 1e-030 1e-030 1e-030 1e-030 1e-030 1e-030 1e-030 1e-030 1e-030 1e-030 1e-030 1e-030 1e-030 1e-030 1e-030 1e-030 7.19924e-010 1e-030 1e-030 1e-030 1 1e-030 1e-030 1.02411e-256 5.03731e-160 
1e-030 1e-030 1e-030 1e-030 1e-030 1e-030 1e-030 1e-030 1e-030 1e-030 1e-030 1e-030 1e-030 1e-030 1e-030 1e-030 1e-030 3.66773e-287 1e-030 1e-030 1e-030 1e-030 1e-030 0.646624 1e-030 1e-030 1e-030 0.322584 4.18303e-078 1e-030 4.86785e-018 0.0307916 
1e-030 1e-030 1e-030 1e-030 1e-030 1e-030 1e-030 1e-030 1e-030 1e-030 1e-030 1e-030 1e-030 1e-030 1e-030 1e-030 1e-030 1.86452e-017 4.73408e-224 1e-030 1e-030 1e-030 1e-030 0.207943 1e-030 1e-030 1e-030 2.42553e-007 0.317511 1e-030 0.474546 4.35099e-071 
1e-030 1e-030 1e-030 1e-030 1e-030 1e-030 1e-030 1e-030 1e-030 1e-030 1e-030 1e-030 1e-030 1e-030 1e-030 1e-030 1e-030 0.168643 0.0281071 1e-030 1e-030 1e-030 1e-030 0.224887 1e-030 1e-030 1e-030 0.224857 0.152366 1e-030 0.116818 0.0843213 
