0.459889 0.540111 0 0 0 
0 0.367609 0.632391 0 0 
0 0 0.96236 0.0376398 0 
0 0 0 0.94354 0.0564602 
0 0 0 0 1 
0.000781307 0.999219 0 0 0 
0 0.455482 0.544518 0 0 
0 0 0.956827 0.0431729 0 
0 0 0 0.949925 0.0500755 
0 0 0 0 1 
0 1 0 0 0 
0 1.25042e-014 1 0 0 
0 0 0.95 0.05 0 
0 0 0 0.967646 0.032354 
0 0 0 0 1 
0.750006 0.249994 0 0 0 
0 0.47857 0.52143 0 0 
0 0 0.967075 0.0329251 0 
0 0 0 0.966144 0.0338556 
0 0 0 0 1 
0.850305 0.149695 0 0 0 
0 0.962006 0.0379943 0 0 
0 0 0.750001 0.249999 0 
0 0 0 0.853135 0.146865 
0 0 0 0 1 
0.813102 0.186898 0 0 0 
0 0.827444 0.172556 0 0 
0 0 0.96759 0.0324104 0 
0 0 0 0.96 0.04 
0 0 0 0 1 
0 1 0 0 0 
0 0.898186 0.101814 0 0 
0 0 0.969892 0.0301079 0 
0 0 0 0.937163 0.0628369 
0 0 0 0 1 
0 1 0 0 0 
0 0.67108 0.32892 0 0 
0 0 0.970219 0.0297809 0 
0 0 0 0.945596 0.0544035 
0 0 0 0 1 
0.916667 0.0833333 0 0 0 
0 0.909091 0.0909088 0 0 
0 0 0.966667 0.0333334 0 
0 0 0 0.952381 0.047619 
0 0 0 0 1 
0.888889 0.111111 0 0 0 
0 0.897491 0.102509 0 0 
0 0 0.948038 0.0519622 0 
0 0 0 0.962963 0.037037 
0 0 0 0 1 
1.51984e-006 0.999998 0 0 0 
0 0.818186 0.181814 0 0 
0 0 0.961029 0.0389713 0 
0 0 0 0.869855 0.130145 
0 0 0 0 1 
0.74554 0.25446 0 0 0 
0 0.799376 0.200624 0 0 
0 0 0.96403 0.0359705 0 
0 0 0 0.960389 0.0396109 
0 0 0 0 1 
0.92213 0.0778705 0 0 0 
0 0.770176 0.229824 0 0 
0 0 0.969723 0.0302768 0 
0 0 0 0.841221 0.158779 
0 0 0 0 1 
0.874998 0.125002 0 0 0 
0 0.857149 0.142851 0 0 
0 0 0.965674 0.0343261 0 
0 0 0 0.872447 0.127553 
0 0 0 0 1 
0.543783 0.456217 0 0 0 
0 0.644016 0.355984 0 0 
0 0 0.965126 0.0348736 0 
0 0 0 0.89696 0.10304 
0 0 0 0 1 
0.875 0.125 0 0 0 
0 0.871878 0.128122 0 0 
0 0 0.974487 0.0255135 0 
0 0 0 0.937118 0.0628822 
0 0 0 0 1 
0.784012 0.215988 0 0 0 
0 0.77219 0.22781 0 0 
0 0 0.967276 0.032724 0 
0 0 0 0.945584 0.0544162 
0 0 0 0 1 
0.833333 0.166667 0 0 0 
0 0.833333 0.166667 0 0 
0 0 0.962963 0.037037 0 
0 0 0 0.933155 0.0668451 
0 0 0 0 1 
0 1 0 0 0 
0 0.231344 0.768656 0 0 
0 0 0.969418 0.0305819 0 
0 0 0 0.952381 0.047619 
0 0 0 0 1 
0.462792 0.537208 0 0 0 
0 0.367394 0.632606 0 0 
0 0 0.963903 0.0360973 0 
0 0 0 0.88835 0.11165 
0 0 0 0 1 
0.666667 0.333333 0 0 0 
0 0.771578 0.228422 0 0 
0 0 0.968751 0.031249 0 
0 0 0 0.9489 0.0511 
0 0 0 0 1 
0.839855 0.160145 0 0 0 
0 0.604716 0.395284 0 0 
0 0 0.96885 0.0311499 0 
0 0 0 0.873918 0.126082 
0 0 0 0 1 
0.722557 0.277443 0 0 0 
0 0.9014 0.0986001 0 0 
0 0 0.680912 0.319088 0 
0 0 0 0.922008 0.0779917 
0 0 0 0 1 
0.666667 0.333333 0 0 0 
0 2.96627e-298 1 0 0 
0 0 0.768392 0.231608 0 
0 0 0 0.976887 0.0231128 
0 0 0 0 1 
0.777708 0.222292 0 0 0 
0 0.714401 0.285599 0 0 
0 0 0.75 0.25 0 
0 0 0 0.935887 0.0641131 
0 0 0 0 1 
0.868711 0.131289 0 0 0 
0 0.949272 0.0507279 0 0 
0 0 0.866391 0.133609 0 
0 0 0 0.849625 0.150375 
0 0 0 0 1 
0.749709 0.250291 0 0 0 
0 0.431362 0.568638 0 0 
0 0 0.905394 0.0946056 0 
0 0 0 0.970766 0.0292341 
0 0 0 0 1 
1.09887e-038 1 0 0 0 
0 0.609916 0.390084 0 0 
0 0 0.964728 0.0352717 0 
0 0 0 0.939185 0.0608148 
0 0 0 0 1 
0.5 0.5 0 0 0 
0 4.10955e-022 1 0 0 
0 0 0.965314 0.0346861 0 
0 0 0 0.888295 0.111705 
0 0 0 0 1 
0 1 0 0 0 
0 0.343678 0.656322 0 0 
0 0 0.969208 0.0307916 0 
0 0 0 0.930661 0.0693394 
0 0 0 0 1 
