24 24 24 24 24 24 24 24 24 24 24 24 24 28 24 24 24 24 24 24 24 24 24 24 24 24 24 28 24 24 32 32 31 31 31 32 32 31 31 29 29 31 31 31 31 29 29 31 24 18 24 29 31 29 29 29 29 29 17 18 18 17 21 24 24 24 24 24 24 24 24 24 24 24 24 28 24 24 24 24 24 24 24 24 24 
28 24 24 24 24 24 24 24 32 24 24 24 24 24 24 24 24 28 24 24 24 24 28 24 24 24 31 31 31 31 31 31 31 31 29 31 31 31 31 31 31 31 31 31 31 31 18 18 18 18 31 18 18 18 18 20 22 25 25 24 28 28 24 24 24 24 24 24 24 24 24 24 28 24 24 24 22 24 24 24 24 24 30 28 28 
28 32 24 32 24 24 24 32 24 24 24 30 24 24 24 24 24 24 24 32 32 32 31 31 31 31 31 31 18 31 31 31 31 31 31 18 31 31 18 18 18 18 31 18 31 31 31 18 18 18 18 18 18 17 17 18 25 24 24 28 24 28 24 24 28 24 24 24 24 24 24 24 24 24 24 24 24 24 32 24 24 24 24 24 24 
24 24 24 29 32 32 24 24 24 24 10 28 24 28 32 28 24 28 24 28 24 24 31 28 24 24 24 24 28 24 24 24 24 24 24 31 24 32 32 32 32 31 31 31 31 31 24 31 31 31 31 31 31 31 31 31 31 31 31 31 31 31 29 31 31 31 18 18 4 15 31 17 31 28 30 24 28 24 28 28 24 24 24 24 28 
32 32 31 31 32 32 32 32 32 24 24 24 24 24 28 28 32 32 32 24 32 24 24 32 32 32 32 24 32 32 32 32 32 30 28 28 28 32 24 24 24 32 32 32 31 31 31 31 31 31 31 31 18 18 31 31 31 31 18 29 29 31 31 32 32 31 31 31 29 29 29 18 18 18 17 17 18 18 17 21 26 21 28 32 28 
24 24 32 24 24 32 32 32 32 32 32 28 24 28 24 24 24 24 24 24 24 24 24 24 24 24 24 24 24 24 24 24 28 24 24 24 32 32 24 32 24 32 31 31 31 31 31 31 31 31 31 31 31 31 31 31 31 31 31 31 31 31 31 31 31 31 31 18 18 14 18 17 16 17 21 24 24 24 24 22 24 24 24 24 24 
31 32 32 31 32 32 32 32 32 32 32 24 24 24 24 24 24 24 24 24 28 24 24 24 24 24 31 24 24 24 24 24 24 24 24 24 24 32 32 24 24 32 24 32 31 31 31 31 31 31 31 31 31 31 31 29 31 31 31 31 18 18 31 18 18 18 18 18 18 18 18 17 17 17 18 15 24 24 28 24 24 24 24 24 24 
31 32 32 32 28 24 28 24 24 24 24 24 32 28 24 32 32 24 32 24 28 24 24 24 24 24 24 24 24 24 24 24 32 24 24 32 24 32 31 31 32 31 32 31 31 31 31 31 31 31 31 31 31 31 29 31 18 18 18 18 18 18 18 18 18 18 18 18 18 18 15 17 21 24 24 24 24 24 24 24 24 24 24 24 24 
24 24 28 24 24 24 24 24 24 28 24 24 5 32 32 32 32 31 32 32 32 31 31 28 28 24 24 24 24 32 24 24 24 24 24 32 24 24 24 24 24 32 24 24 24 24 24 24 28 24 24 28 32 31 31 31 31 31 31 31 31 31 31 31 31 31 31 31 31 31 31 31 31 31 29 29 18 18 18 18 29 18 18 18 18 
32 24 24 31 24 32 31 31 31 28 32 32 32 32 24 32 28 28 28 24 24 28 24 24 24 24 24 24 24 24 24 28 24 24 24 24 24 24 32 32 32 32 32 31 31 32 31 31 31 31 31 31 31 31 31 31 31 29 31 31 31 31 31 31 31 18 18 18 18 18 18 18 18 18 18 17 17 17 21 17 17 17 17 19 15 
29 32 32 32 32 32 28 28 24 24 24 24 24 28 24 24 24 24 24 28 24 24 24 24 24 24 28 24 32 24 24 24 32 32 32 31 31 31 31 31 29 18 31 31 31 31 18 31 31 18 18 18 18 18 29 29 18 18 18 18 18 18 18 18 18 18 17 17 19 19 19 18 18 17 19 28 24 22 28 24 24 24 24 24 24 
24 24 24 31 32 32 32 32 32 24 24 24 24 24 28 24 24 24 24 24 24 24 24 24 24 24 24 24 24 24 32 24 24 24 24 30 32 32 32 31 32 31 31 31 31 31 31 31 31 31 31 31 31 24 31 31 31 31 31 31 31 31 18 31 18 18 26 29 29 18 18 21 18 14 14 24 24 24 24 24 24 24 24 24 24 
28 24 24 24 24 24 24 31 24 24 24 24 28 31 32 32 32 28 24 28 24 28 24 28 28 28 24 28 24 28 24 24 24 24 24 30 24 32 24 32 24 24 24 24 24 24 28 24 24 24 32 32 32 31 31 31 31 29 29 18 31 18 18 18 29 31 31 29 18 18 18 31 18 18 18 18 18 29 18 29 18 18 18 25 18 
24 24 24 24 24 24 24 24 31 32 31 14 31 32 31 24 24 24 24 24 24 24 28 24 24 24 24 24 32 24 24 24 24 24 24 24 24 24 24 28 24 24 24 24 32 32 32 31 31 31 31 31 29 18 18 18 18 18 18 31 31 18 29 18 18 18 18 29 18 17 18 18 18 18 18 18 18 18 18 18 24 24 24 24 24 
31 31 31 32 31 24 24 24 24 24 24 24 24 28 32 32 24 24 24 24 24 24 28 28 24 24 24 24 24 24 24 24 24 24 32 32 32 32 24 24 32 32 23 24 21 31 24 24 24 24 24 31 21 21 18 18 18 18 31 29 18 18 18 18 21 24 21 18 24 17 28 24 24 24 24 28 28 24 24 24 24 28 24 24 32 
24 24 24 24 24 24 24 24 28 31 31 32 32 32 28 28 24 24 28 28 30 24 24 24 24 24 24 24 24 24 24 24 24 24 24 24 24 24 24 24 24 24 24 24 24 24 24 24 24 24 24 24 24 24 24 31 31 31 31 31 31 31 31 31 29 31 31 31 31 31 31 18 31 29 29 29 18 18 18 18 18 29 29 18 18 
32 32 24 24 32 31 14 32 15 24 24 28 24 24 24 24 24 24 24 28 24 28 10 28 24 24 24 24 24 24 24 24 24 24 24 24 31 24 24 31 24 31 31 31 31 31 31 31 31 31 31 31 31 31 31 31 31 31 2 31 2 2 15 18 18 18 18 18 18 18 21 21 22 24 24 24 24 24 24 24 24 24 32 24 24 
30 24 24 24 24 24 31 31 31 32 31 32 24 24 24 24 24 24 24 24 24 24 24 24 24 24 24 24 24 24 24 24 24 24 24 24 24 24 24 32 31 31 31 31 31 31 31 31 31 31 31 31 31 31 18 18 31 18 29 29 18 18 18 18 18 14 17 18 18 8 17 17 15 25 25 25 24 24 24 24 24 24 24 24 24 
31 24 24 24 28 24 24 24 24 24 28 24 24 24 24 24 24 24 24 24 24 24 24 24 24 24 24 24 28 24 24 24 24 24 24 32 31 32 32 29 31 31 31 31 31 31 31 31 31 31 31 29 31 31 31 31 18 29 29 29 18 18 18 17 18 18 14 17 17 18 17 17 17 25 25 17 30 24 24 24 28 28 28 24 24 
24 24 24 24 24 24 24 24 24 32 24 28 32 24 24 24 32 24 24 30 24 24 24 28 24 24 24 24 24 24 28 32 31 24 31 32 31 31 31 31 31 18 31 18 18 31 31 31 31 31 29 29 31 31 31 31 18 31 29 29 29 23 21 23 18 18 17 25 15 6 25 24 24 28 24 24 28 24 24 24 24 24 24 24 24 
32 24 32 31 31 31 10 28 24 28 24 24 24 28 24 32 24 24 24 24 24 28 24 24 24 24 24 24 24 24 24 24 24 24 24 24 24 24 24 32 32 31 32 31 31 31 31 31 31 31 31 31 31 31 31 31 31 31 31 29 18 18 18 29 29 29 31 18 8 17 18 17 18 18 25 24 25 24 24 24 24 24 24 24 24 
24 24 24 32 28 24 24 22 24 24 24 24 24 24 24 24 24 24 24 24 24 32 24 30 24 24 24 24 24 24 24 24 24 24 24 24 24 24 24 24 28 24 31 24 24 31 31 31 31 29 29 29 18 31 31 29 29 29 18 18 18 18 31 18 18 18 18 18 18 18 18 18 21 17 17 17 21 24 24 18 28 18 28 28 24 
28 24 28 24 24 32 32 24 24 32 28 32 32 24 24 24 24 31 31 31 31 31 31 24 31 31 29 31 31 29 18 31 31 18 31 31 29 24 31 31 31 18 18 18 18 31 18 18 18 17 17 17 18 15 15 31 32 32 32 31 32 32 32 32 32 31 32 32 32 32 32 32 32 32 32 32 31 32 31 32 32 31 32 32 32 
32 28 32 24 32 32 32 32 32 31 31 24 32 32 31 31 31 32 31 31 32 32 24 31 31 32 24 31 32 32 32 28 31 32 32 24 32 31 31 32 24 28 28 24 32 31 31 31 31 31 31 31 31 31 31 29 31 31 31 29 29 29 31 31 31 18 18 29 29 18 18 18 18 18 18 17 14 14 18 31 32 31 32 31 32 
32 31 24 31 32 32 32 32 24 24 24 28 31 31 31 31 31 31 31 31 31 29 31 31 31 31 31 31 18 18 29 29 31 31 31 31 31 31 31 31 17 31 14 17 18 21 31 18 19 31 28 32 31 32 32 30 32 32 32 32 31 32 32 24 32 32 24 32 28 32 32 32 32 32 32 32 28 32 32 28 32 32 24 31 32 
25 31 32 31 31 31 31 32 32 32 31 31 31 28 32 32 32 28 32 31 32 32 24 32 32 32 32 28 28 28 24 28 30 24 24 24 31 31 24 31 31 31 18 18 18 29 29 31 18 31 31 31 29 31 29 31 31 31 18 18 18 18 18 18 18 18 18 29 31 18 17 32 28 32 32 28 32 24 32 32 28 32 32 32 32 
31 31 31 31 32 28 24 28 31 24 24 24 24 24 31 24 31 28 32 32 32 32 31 24 24 32 32 32 31 24 32 32 24 32 24 32 32 32 28 32 32 31 31 31 28 28 28 28 31 24 31 31 31 31 29 29 31 31 31 31 31 31 31 31 31 31 29 31 31 29 29 18 31 31 31 31 29 18 18 18 17 14 17 17 18 
32 24 28 24 24 24 24 24 32 28 24 24 24 24 24 24 24 24 28 32 24 24 24 28 24 24 24 24 24 24 24 24 30 31 31 24 31 32 29 31 31 31 29 29 29 29 29 31 29 18 18 31 29 29 18 31 29 29 29 29 18 18 26 24 29 18 21 17 17 19 14 16 18 17 24 22 24 30 24 28 24 24 24 24 24 
24 24 32 24 24 24 28 24 24 24 24 24 24 24 28 24 24 24 24 30 24 28 24 28 24 24 24 24 24 24 24 24 31 32 31 31 24 31 29 29 31 18 18 18 18 18 31 31 31 18 18 18 18 29 29 18 18 18 18 18 18 18 18 18 18 18 18 18 17 18 15 25 25 17 15 18 17 21 27 24 24 24 24 24 24 
24 28 28 24 24 24 24 28 24 28 24 24 24 28 24 24 24 24 28 28 24 24 28 24 28 32 24 24 24 24 24 24 28 28 28 31 31 24 24 31 29 29 24 29 31 29 31 31 31 29 18 31 29 18 29 29 29 18 29 31 18 18 31 18 24 24 19 28 32 31 28 24 28 28 32 24 28 28 28 24 24 24 28 24 32 
