2.27599 0.871356 1.97378 -0.700593 2.31694 1.2612 0.866753 0.35641 0.660743 -0.328736 0.21782 0.0523093 
1.98007 0.971971 2.41392 -0.835892 0.966821 0.892598 1.10973 0.192755 0.753603 -0.432923 0.161903 0.097364 
2.17686 0.882892 1.57796 -1.0057 1.239 0.0182251 0.465742 -0.729067 0.273712 -0.074877 0.294892 0.13591 
2.29941 0.699795 2.0241 -0.696271 0.725271 0.252652 0.265969 -0.134144 0.975673 0.0375522 -0.0647646 0.0375012 
1.21959 0.825397 1.29944 -0.79825 -0.222016 0.978748 0.541487 -0.0787165 2.39806 -0.385345 0.038865 -0.020989 
-0.00176178 3.23385 -1.58847 0.882083 -0.375594 0.838331 1.28254 -0.565293 1.87798 -0.404122 0.178064 -0.196494 
2.26479 0.808818 1.58301 -0.814524 0.408733 -0.147761 0.845485 -0.0245593 0.925596 0.356273 -0.145084 -0.0375146 
2.37556 1.11758 1.87602 -1.23 0.786061 -0.234669 0.278461 0.220519 1.03219 0.174467 -0.00670272 0.0429756 
1.90507 0.842058 1.95244 -0.266291 0.761117 -0.0770923 0.616285 -0.298235 0.275312 -0.122823 -0.0308603 0.0101673 
1.9601 0.440104 1.92758 -1.23396 0.722389 0.531591 0.321995 0.396441 0.165756 -0.330766 0.239217 0.0446923 
2.01783 0.28405 1.59623 -0.820218 1.04631 -0.350758 0.178028 0.742343 0.0834959 -0.17828 0.107858 -0.00589145 
2.38669 0.171509 2.12708 -0.743007 1.48294 0.124747 0.281255 -0.0502715 0.280008 -0.22888 0.103202 0.0810601 
1.91373 0.238428 1.74623 -0.864729 1.39575 -0.277345 0.660328 0.0499645 0.772628 0.135308 -0.0295576 0.101786 
2.17205 0.784738 1.66731 -0.642664 0.315242 -0.541314 0.108969 0.151662 0.500524 -0.356826 -0.0287416 -0.0120396 
2.0584 0.409122 1.56836 -0.449865 0.919505 -0.433985 0.440939 0.142614 0.26787 0.275975 0.421997 -0.00386479 
1.70902 0.569371 1.63815 -0.366587 0.49211 0.116252 0.625188 -0.32077 -0.0939765 -0.266214 0.110041 -0.0567932 
2.18665 0.674429 1.67505 -0.152866 1.6459 -0.129472 0.904965 0.0999094 0.147902 -0.0569183 -0.0229586 0.0708914 
1.79427 0.539242 2.04453 0.0392462 2.2916 0.820751 0.736383 0.213515 0.532269 -0.216894 -0.0299051 0.154208 
1.62059 0.814472 1.73407 -0.566164 1.21022 -0.45584 0.413662 0.24 0.293511 -0.256558 0.0638538 0.137318 
1.84361 0.406608 1.87061 0.130726 0.652671 0.110936 0.83359 -0.452187 0.419466 -0.263952 0.192573 0.0974019 
1.84026 1.21321 1.48362 -0.118716 1.19813 0.666174 0.193537 0.144231 0.24446 -0.607724 -0.0307031 0.0558502 
-0.468783 1.25708 1.95258 1.05716 0.707019 -1.19211 1.71684 0.557212 -0.589451 -0.513371 0.199715 0.0723327 
-3.5185 1.05308 1.50652 3.73911 0.172776 -1.55046 2.25077 1.06874 0.426356 -0.778608 0.679457 0.050146 
-0.884586 -2.15932 -0.0155477 4.07392 0.205559 -1.29053 0.0233484 0.34427 1.27939 -0.301746 0.573725 -0.115453 
-3.10958 -3.19911 1.61897 2.91966 -0.0908363 -2.89116 1.25623 1.31336 -0.969091 -0.18856 0.127596 -0.0280256 
-4.58627 -1.37238 1.1647 3.35907 -0.269857 -1.88633 1.94385 1.59498 -1.0007 -0.149382 0.679546 -0.162437 
-5.12672 -0.314526 1.56898 3.24294 -0.717183 -1.2808 0.96887 1.36039 0.402626 -0.540626 0.550388 -0.0720281 
-4.07733 -1.05149 1.71053 1.7217 -0.555061 -1.73052 1.43442 0.943006 0.207675 -0.576753 0.515776 -0.0978281 
-4.93281 -1.63296 2.33712 0.169372 -0.298277 -1.86722 1.91163 0.576325 0.284957 -0.619859 0.256873 -0.0140475 
-4.82962 -0.141981 1.52758 -0.92382 -1.18868 -1.21563 0.747331 1.05567 0.589138 -0.827044 0.411842 -0.0840523 
-4.43937 0.372589 1.27066 -0.892779 -0.604615 -0.918257 0.279366 0.995006 -0.411308 -0.13932 0.152672 -0.10101 
-4.09132 0.218841 1.80959 -1.70691 -0.437296 -1.30983 1.29164 0.21186 0.578581 -0.339948 -0.281201 0.0586182 
-3.10476 0.333145 1.20767 -2.24052 -1.0989 -0.982928 1.62005 0.288556 0.531879 -0.718235 -0.201904 -0.0188839 
-1.70991 -0.289383 -0.138989 -2.20638 -0.658892 0.079297 2.05491 0.0801976 0.575003 -0.447418 -0.249296 -0.0725942 
1.81535 1.5734 2.35144 -0.0658982 1.09665 -0.450877 2.74217 0.575294 0.158234 0.531267 0.447458 -0.117602 
3.77119 -0.415361 1.53889 -0.497337 1.33616 -1.4101 2.69032 1.21704 -0.783092 0.436958 0.13428 -0.0822302 
5.08373 -2.01028 1.51112 0.16328 0.544559 -1.82052 3.55075 1.64352 -0.85643 0.145808 -0.221212 -0.0640078 
4.53547 -1.52354 0.469139 0.898558 -0.678425 -0.659602 2.8621 1.49648 -0.0449034 -0.389205 0.0198927 -0.11031 
5.44873 -2.37013 -0.0361964 1.98426 -1.72296 -0.0262549 3.38036 1.74718 -0.32214 -0.456036 0.00150072 -0.0961542 
5.43286 -1.60902 -1.40797 3.2679 -1.66365 -1.2743 4.49064 1.80644 0.00248552 -1.07759 0.234501 -0.129283 
5.16966 -1.45341 -0.722831 2.64269 -1.16217 -1.19878 4.03682 1.48412 0.0130662 -0.925915 0.0688164 -0.0965756 
5.12892 -1.28404 -1.43194 2.96667 -1.12168 -1.29629 4.55718 1.26604 0.376255 -1.20443 0.286151 -0.100666 
5.14685 -1.06129 -1.68646 2.85503 -1.28651 -1.07214 3.86095 1.43427 0.432358 -1.21012 0.146055 -0.11133 
5.40832 -1.07708 -1.99544 3.39127 -1.06938 -1.8177 3.54171 1.34346 0.530811 -1.46003 0.175737 -0.109845 
5.62975 -0.640876 -1.7085 3.26611 -1.21597 -2.00931 3.37954 1.38297 0.705691 -1.42446 0.0923278 -0.119608 
5.59114 0.188579 -1.59766 2.835 -0.13844 -1.59362 2.45215 0.864089 0.894451 -1.32637 -0.0352437 -0.060247 
4.64741 1.68071 1.13137 2.0101 0.736815 -0.261557 0.733342 1.34521 0.127868 -0.650184 -0.412149 -0.0762871 
4.84333 2.14472 1.04225 1.96492 1.09827 -0.221589 0.846862 1.71494 0.294089 -0.631113 -0.103583 0.0487105 
5.33608 2.64409 1.00108 1.85594 1.83409 0.580569 0.69862 1.17824 0.4096 -0.237719 -0.0810671 0.026189 
4.48282 2.80756 1.48449 2.02267 2.50144 1.56955 0.778083 0.753501 0.253262 -0.281746 0.19822 0.0756721 
3.72442 3.20396 2.54373 1.96546 1.59109 1.32855 0.98605 0.600019 0.366478 0.268059 0.197179 0.0573684 
3.41584 2.98921 2.5284 2.00289 1.59482 1.25859 0.926988 0.653148 0.458657 0.315869 0.176514 0.0528774 
3.91615 3.42269 2.69076 1.76324 1.09758 0.800762 0.706477 0.765278 0.707299 0.546735 0.249144 0.0798871 
4.34714 3.65491 2.64699 1.90721 1.56172 1.09168 0.435836 -0.34024 -0.790646 -0.560262 0.132924 0.00625444 
6.09646 2.86195 0.80721 2.69914 2.69708 -0.0915977 -1.00967 -0.129708 -0.619807 -1.21468 -0.356662 0.0724232 
5.1638 2.42945 1.08134 2.41121 2.28258 -0.0973447 -1.11984 -0.390645 -0.696676 -1.14739 0.122294 0.153619 
5.05885 2.2942 0.81921 2.41619 2.21679 -0.260503 -0.883881 -0.16071 -0.139271 -0.921111 0.162519 0.162315 
4.93646 1.89 1.28339 2.79842 1.8121 -0.469141 -0.340044 0.340729 -0.464128 -0.717385 0.228938 0.172385 
3.76291 1.6619 1.55629 2.50508 1.35168 -0.64188 -0.522381 0.32639 0.0272756 -0.259316 0.278524 0.101574 
3.48639 1.49238 1.00988 2.7223 1.99403 -0.517383 -0.124337 0.659714 0.572329 -0.367824 0.37117 0.117995 
3.99721 1.42566 1.30958 2.63433 1.17682 -1.35125 0.134724 1.48956 0.793531 -0.0920072 0.259702 0.159015 
3.84756 1.856 1.23449 0.552197 2.24155 -1.05231 -0.139736 1.76485 1.61259 -0.376661 0.558909 0.15295 
3.13125 2.66201 2.50001 1.96491 1.57691 0.842386 0.934188 0.394356 0.125741 0.135103 0.361845 0.0491553 
3.05837 2.58597 2.2909 2.03382 1.71119 1.3288 1.00318 0.819487 0.703085 0.530897 0.277551 0.0635821 
3.44082 2.86357 2.42743 2.18772 1.90451 1.17958 0.464868 0.524948 0.972513 0.865147 0.444643 0.106122 
3.67634 3.00911 2.84826 3.0907 3.0585 2.06477 0.751197 0.565523 0.993686 0.77696 0.0720167 0.0391861 
3.50717 3.26739 3.12262 2.57743 2.11539 1.85688 1.59516 1.43172 1.09464 0.668528 0.244172 0.109026 
2.85716 2.45446 2.27048 2.14692 1.91326 1.66974 1.49693 1.24121 1.01333 0.740317 0.457933 0.10384 
2.78147 2.35201 2.21202 2.06449 1.916 1.75305 1.50164 1.29717 1.0054 0.741848 0.463474 0.104074 
2.77144 2.36714 2.19718 2.12519 1.94098 1.71636 1.53006 1.21047 0.998777 0.689427 0.425116 0.101721 
2.7191 2.22788 2.09513 1.91952 1.73853 1.59962 1.38853 1.18308 0.903989 0.659285 0.382997 0.0867213 
2.74054 2.33106 2.19682 2.05654 1.98737 1.73595 1.41133 1.32541 1.05429 0.644018 0.464343 0.101837 
2.66598 2.05286 2.29687 1.71541 1.61799 1.91589 1.01262 1.0207 1.12776 0.433123 0.370313 0.0838415 
1.94414 0.929108 3.42963 1.36128 2.4545 2.49739 -0.663311 0.21982 2.58193 1.10199 0.328529 0.0614758 
1.62499 1.01998 2.87112 0.720036 2.10517 1.53593 0.0785292 0.428663 1.60435 1.09035 0.215237 0.00503703 
1.5253 0.651849 2.07514 0.551749 1.18091 0.947055 0.350531 0.37792 1.32952 0.490925 0.326218 -0.00124324 
1.51747 0.78183 2.33746 0.76282 1.66216 0.612766 1.0604 0.56796 1.44425 0.831846 0.278158 0.0045025 
1.55211 0.658426 2.02395 0.850892 2.17186 1.1312 1.19849 0.401136 0.988981 1.0876 0.173307 -0.015624 
1.56621 0.713049 2.27153 0.857955 1.54828 0.92902 0.217919 0.161536 0.618296 0.548933 0.423375 0.0034417 
1.38771 1.24263 1.41565 0.533504 1.54214 1.1008 1.79217 0.0639079 1.202 0.701594 0.315736 -0.000275778 
1.65422 0.982111 1.69402 0.502419 1.18611 0.929478 0.961666 1.23439 1.20488 0.573581 0.589735 -0.0628768 
1.66249 1.12911 2.61591 0.656995 1.73726 0.922825 0.95909 0.253742 0.967786 0.421068 0.295979 0.0566822 
1.15906 1.02466 1.92859 0.00633551 0.923865 0.702928 0.931742 0.516962 0.545141 0.345737 0.313017 0.0134196 
1.51227 0.0198653 1.9031 1.83794 2.09398 -0.251981 -0.476031 0.823741 1.67693 0.26428 -0.257925 -0.00586818 
0.625048 1.14382 0.462218 1.50892 2.09507 -1.14029 1.18005 0.218089 0.231311 0.141611 -0.0523329 0.0769993 
