1.07449 1.07576 -0.490571 1.06217 -0.288966 1.57443 0.196502 0.331461 0.677218 -0.284175 0.940742 -0.108158 
1.45777 0.247514 1.20618 -0.19386 0.58256 -0.0971715 0.23685 -0.415091 0.15931 0.153687 0.449617 -0.0332665 
1.7528 -0.288936 1.06114 -0.502322 1.9377 0.422017 0.795589 -0.270103 0.156708 -0.0998539 0.212611 -0.00400478 
1.82082 0.363275 0.725166 -0.0278033 0.59535 -0.470389 -0.057895 -0.216684 0.798054 -0.192174 0.377279 0.0584261 
-0.0706843 1.98083 -0.687558 0.943124 0.980906 -0.364065 -0.401565 -0.400473 0.743703 -0.485449 0.763064 -0.114449 
0.881179 0.635407 0.592544 -0.16154 -0.154816 1.39445 -0.112038 -0.410774 1.26463 -0.178084 0.718424 -0.134772 
1.54038 -0.0141259 0.828992 -0.352114 0.319129 0.394188 0.636719 -0.018023 0.358549 -0.145629 0.346143 0.0151071 
1.92558 -0.0141048 0.88335 -0.00700534 0.875075 0.469853 0.0779466 -0.502365 -0.0116633 -0.24779 0.216553 -0.00383925 
1.83195 -0.477491 1.1278 -0.061646 1.0182 -0.195605 0.428927 -0.815437 -0.0733743 0.384678 0.212662 -0.0361895 
0.229783 -1.29007 2.76948 -0.158619 1.99007 -1.5916 1.27172 1.39839 -1.18284 0.308299 0.491652 -0.0327674 
-3.4832 -2.51543 2.67326 2.07035 -0.0105047 -2.63088 1.96961 1.26997 -0.606324 -0.466145 0.747593 -0.235723 
-4.49799 -2.37092 2.7635 0.91814 -0.547426 -2.04126 1.71289 1.05279 -0.534573 -0.435067 0.709908 -0.193633 
-5.86997 -2.05075 0.874687 0.0627326 -0.91261 -0.903827 1.78853 2.00918 -0.178186 -0.821082 0.398062 -0.232103 
-4.47404 -0.852442 1.4728 -0.493996 -0.068452 -1.57486 1.81562 1.04037 -0.320361 -0.543047 0.57992 -0.179637 
-4.86842 -0.108203 2.17706 -1.91208 -0.689562 -0.247842 1.25586 0.936636 -0.294918 -0.968958 0.732307 -0.205122 
-5.28226 -0.350338 0.597533 -1.17079 -0.48253 -0.541829 0.832243 1.46702 -0.17632 -0.625655 0.560687 -0.245543 
-5.09271 0.664054 0.450776 -1.52921 -0.237471 -0.747279 0.744702 1.60523 -0.349643 -0.265626 0.150298 -0.0994671 
-4.32315 1.04278 0.863007 -1.44018 0.35278 -0.997764 0.519243 0.996259 0.0464424 -0.829832 0.260317 -0.074525 
-4.37613 0.956062 0.752476 -1.26589 0.478778 -1.21467 0.676616 0.651964 0.755663 -1.47676 0.521128 -0.07392 
-4.09675 0.533822 0.425037 -2.28006 -0.645072 -1.15633 1.18914 1.69028 0.832216 -1.18542 0.26589 -0.129844 
-1.8574 0.794867 0.202295 -2.14234 -0.909554 -0.419264 1.7097 1.27604 0.480945 -0.617705 0.0156373 -0.167018 
0.551023 2.0525 2.96808 -0.622589 0.843334 0.455428 2.26057 1.59791 1.06767 -0.243093 0.00230761 -0.0675607 
3.25759 2.01729 1.42967 -0.748734 1.18341 -0.435047 2.97669 1.38292 0.920191 -0.323159 0.0388628 -0.030159 
4.09694 2.1681 0.912903 -2.40937 1.43026 0.492429 2.55523 0.566949 1.42312 -0.330769 -0.390377 -0.0542913 
4.95569 0.954445 -0.331224 -0.875543 1.61985 0.291863 3.36683 0.704853 -0.152899 0.0507879 -0.259559 -0.0343701 
5.81924 0.302105 -1.25311 0.534599 1.35946 0.149059 3.86891 0.581199 -0.476434 -0.175805 0.0189726 -0.0848001 
5.86058 -0.285936 -1.54155 1.08095 0.658266 0.99414 2.98864 1.47368 -1.00278 -0.335629 0.117052 -0.104944 
5.486 -0.619983 -1.85693 0.785331 0.508833 0.722365 2.63243 1.21961 -1.12875 -0.565141 -0.00190056 -0.133982 
6.12653 -0.704387 -2.11884 1.0847 0.375557 0.530294 2.62532 1.04105 -0.846815 -0.659582 -0.0502523 -0.145181 
8.1975 -2.91464 -2.90861 2.31007 -0.255099 0.663273 2.31945 1.44809 -0.916902 -0.631451 -0.0775214 -0.131604 
6.70051 -1.37785 -2.56931 1.49646 0.318342 -0.0482117 2.28386 1.11016 -0.141395 -0.707723 -0.185144 -0.11664 
8.88701 -2.5544 -2.03592 2.48368 -0.299204 -0.113415 1.74749 1.51089 -0.362824 -0.536905 -0.147575 -0.0626006 
5.46281 1.16578 -0.880551 0.818087 1.52162 0.510687 0.419614 0.856947 0.279293 -0.734741 -0.291757 0.00998546 
4.27823 2.27795 0.3099 0.192373 0.843597 0.932271 0.757102 0.428765 -0.224039 -0.461145 0.0862857 -0.00228624 
3.92664 2.45768 0.845754 0.644193 1.03121 0.770642 0.561696 0.736354 0.46016 -0.0348258 0.130874 0.014415 
5.29207 2.60051 0.489968 1.17771 2.01763 0.997939 0.464726 1.03701 0.717751 -0.148874 -0.015374 0.0266781 
5.05396 3.10927 1.64524 2.17673 2.54886 1.2605 0.240619 0.391671 0.178445 -0.0723063 0.264417 0.103233 
5.49891 3.21051 2.28009 3.40719 2.73188 -0.155332 -0.873092 0.728989 0.813693 -0.571879 -0.203528 0.0332584 
4.7059 3.11722 2.41901 3.20354 2.36488 -0.16711 -0.778938 0.333934 0.196627 -0.641783 -0.111154 -0.00865021 
4.47149 2.65831 2.021 2.9636 2.30397 -0.167592 -0.992454 -0.129789 -0.41976 -1.08757 0.107041 0.0340986 
4.09465 2.51344 2.17965 2.81991 1.78175 -0.468359 -1.08185 -0.469269 -0.707159 -0.940137 0.25791 0.0279251 
4.21041 2.61858 2.10217 2.70824 1.64896 -0.555663 -0.989719 -0.213074 -0.399066 -0.631191 0.211114 0.0450841 
4.88298 1.77427 1.84586 3.42457 1.16209 -1.90896 -1.05877 0.485988 -0.110608 -0.453366 0.202805 0.194295 
4.25799 1.57759 1.41522 2.58695 1.22835 -1.13602 -0.978776 0.425638 0.374575 -0.271499 0.532075 0.231855 
5.94089 1.56459 0.0354287 2.30087 1.85625 -0.875558 -0.48318 0.834517 0.669763 -0.338104 -0.0224001 0.184674 
6.2606 2.26678 -0.180512 1.07067 1.26674 -0.139824 0.690879 2.40967 1.3362 -0.137556 -0.0460377 0.160902 
3.62432 3.06993 2.50242 1.973 1.29892 0.514571 0.183909 0.492013 0.768241 0.570432 0.229436 0.0735932 
2.86529 2.33293 1.97947 1.66427 1.41754 1.2343 1.06651 0.88752 0.730893 0.533112 0.305828 0.0614766 
2.89105 2.33627 2.02575 1.78902 1.55644 1.28707 1.07801 0.977503 0.851624 0.625234 0.362652 0.075322 
2.88502 2.34456 2.09864 1.96525 1.79717 1.51405 1.22887 1.07192 0.953355 0.714902 0.37812 0.0855088 
2.75813 2.25278 2.01628 1.83883 1.61381 1.43236 1.2172 0.968974 0.752286 0.534172 0.313265 0.0683326 
3.08713 2.55219 2.39797 2.27152 2.07131 1.73692 1.31238 1.10407 1.06403 0.645144 0.26813 0.0885866 
3.51041 3.02652 3.38356 3.58131 3.0978 2.40791 2.00936 1.31502 1.10697 0.891761 0.17365 0.112625 
3.14681 2.84933 2.81175 2.83641 2.70883 2.29654 1.68252 1.3963 1.11433 0.562163 0.299331 0.120558 
2.83299 2.35739 2.31625 2.2394 2.09309 1.73989 1.62631 1.29795 0.934722 0.72438 0.451078 0.107422 
2.77309 2.29336 2.29338 2.08885 1.85 1.88716 1.69048 1.29328 1.0364 0.760935 0.488281 0.108543 
2.92089 2.41612 2.55574 2.57177 2.47004 1.92791 1.73412 1.25615 0.83888 0.798116 0.464412 0.124044 
2.90314 1.80827 2.7773 2.50033 2.31489 1.49693 2.00777 0.911081 0.876595 0.993035 0.373176 0.0959466 
2.5815 1.25168 3.14966 1.42106 3.55826 2.21449 2.01396 0.401213 1.23543 0.896975 0.247205 0.152633 
2.46847 1.51733 3.00077 1.61299 2.41599 1.10653 1.147 0.906182 1.34277 0.956377 0.542061 0.0866816 
1.62553 1.74845 1.5464 1.30787 1.8055 1.99292 1.4738 0.10763 1.03794 0.380315 0.586227 0.0118705 
-1.23619 4.09504 -1.19171 2.9644 0.981814 1.53016 0.684114 -0.288886 0.447942 0.0181864 0.491091 -0.0363724 
0.672446 3.19657 -0.176348 2.93531 1.1718 1.01257 0.0372401 -1.53869 0.0912321 -0.425636 0.422223 -0.0793 
2.53457 2.20773 1.61552 0.849508 0.0196689 -0.688135 -0.705975 -0.748319 -0.374713 0.158466 0.166443 0.0768925 
5.19093 3.64968 1.429 -1.14609 -2.28086 -2.44987 -1.92373 -1.68542 0.339283 0.396552 0.330324 0.166715 
3.36211 1.68793 2.513 -0.257836 1.33146 -0.473674 -0.70246 -0.186645 -0.0353022 0.34672 0.271122 0.11141 
2.46727 0.700556 2.38605 0.370431 1.21985 0.231054 -1.26758 -0.68476 -0.948146 0.0913866 0.397753 0.0753988 
2.15234 0.26231 1.70483 0.107918 1.72726 0.0195814 0.146991 -1.25487 0.636195 0.366087 0.448346 0.132324 
2.03934 0.204926 0.983224 -0.019401 1.7704 -0.298039 0.188836 -0.181967 0.0161998 0.137381 0.423907 0.118268 
1.45709 -0.2367 1.43276 -0.172836 1.57238 0.239645 0.729893 -0.393524 0.177719 0.195388 0.291773 -0.041797 
1.58722 -0.205566 1.12799 0.198129 1.41871 0.546804 0.915251 -0.611612 0.849482 0.34587 0.29923 0.0462852 
1.73921 -0.11973 0.61995 0.203794 0.881959 -0.230521 0.202735 -0.670177 -0.147377 -0.0588729 0.359669 -0.0166124 
1.7157 0.124688 1.00434 -0.203332 1.73593 0.0558319 0.533733 -0.781673 0.315544 0.0785835 0.523441 0.055749 
1.58481 -0.0100418 1.20828 0.115321 1.47639 0.211443 0.371147 -0.880886 0.134792 0.38607 0.631358 0.107374 
1.59037 -0.439448 0.816974 -0.142654 0.903368 0.234157 0.359828 -0.456958 -0.00147093 0.123453 0.304388 0.0019435 
1.71471 -0.156287 0.670036 0.0190363 0.7883 0.263999 0.547851 -0.560364 0.57165 -0.203891 0.47686 -0.00730192 
1.53258 -0.347594 0.999423 -0.341747 0.947181 0.372183 0.558423 -0.337055 -0.122687 0.30988 0.242816 0.0010861 
1.25292 -0.225523 0.961178 -0.288977 1.76065 -0.76329 0.875253 -0.437902 0.0357279 0.80364 0.0733684 0.053964 
1.19285 -0.0343023 1.66295 -0.613463 1.17515 -0.28183 0.58405 -0.750958 0.15044 -0.378888 0.0816952 0.028801 
0.982673 0.270782 1.79432 -0.684647 2.39667 -1.96004 1.02155 -0.0791094 -0.664519 0.36218 0.0219745 0.153554 
0.540558 0.970105 1.12064 -1.40755 2.74439 -2.71685 1.47721 0.286372 -0.0797895 0.575205 -0.239446 0.0861589 
0.529482 1.21093 1.50015 -1.35101 2.79454 -3.17979 0.931836 -0.334905 -0.679424 0.222656 -0.384637 0.00545236 
0.48218 1.14618 1.0232 -1.77344 3.50522 -1.97517 1.32787 -0.674938 -0.59258 0.976614 -0.0843251 0.0106048 
0.79768 0.557885 1.61239 -1.53494 2.30871 -2.19909 0.478363 -0.528983 -0.387265 0.681052 -0.150782 0.0492971 
1.44071 0.374184 1.05101 -0.377601 2.2528 -0.628244 1.03668 -1.14331 0.15958 0.246519 -0.0227976 0.0861599 
