1.69421 0.874647 1.6455 -0.445613 1.38412 0.272825 0.400113 -0.395433 0.497473 0.231787 0.105512 0.0341186 
1.6541 0.958478 1.97008 0.560157 1.44618 -0.3647 0.606928 -0.378865 0.629347 -0.638047 0.117567 0.0782592 
1.58542 0.873172 1.59523 0.234466 1.13124 -0.225933 1.12479 -0.136774 0.452375 -0.207888 0.170677 0.00845929 
1.46884 0.845342 1.45134 0.0446487 0.746364 0.629823 1.01575 -0.318657 0.324964 0.0667335 0.143603 -0.0636112 
1.41794 0.702254 1.79202 -0.069212 0.670042 -0.191652 0.312256 -0.12024 0.91117 0.05386 0.0607046 -0.0175852 
1.54433 0.949845 2.41342 -0.79735 1.19577 0.450604 -0.117287 -0.0880756 0.639038 -0.223916 0.206218 0.0248755 
1.46377 0.797945 1.6265 -0.0633857 1.41539 0.317612 0.596684 -0.0764674 0.402774 -0.0665989 0.207358 0.0471057 
1.62076 1.0296 2.20165 -0.297199 1.23312 -0.121585 1.21112 -0.189668 0.368805 -0.158067 0.347897 0.0856794 
1.50518 0.767462 2.05269 -0.306163 0.949624 0.126444 0.588059 -0.497139 0.633276 -0.00373124 0.103282 0.03993 
1.32753 0.701142 1.7976 0.843695 0.748836 0.392191 0.871949 0.161208 0.700568 0.176761 0.240134 -0.00149918 
1.68941 0.767355 1.69784 -0.689294 1.34516 0.307761 1.36621 -0.203058 -0.214053 -0.0514377 0.334922 0.00612827 
1.68552 0.993304 1.59211 0.426207 1.15095 0.134825 0.894708 -0.0675349 0.290971 0.212934 0.38713 0.0405393 
1.3639 0.77137 1.65664 -0.23662 1.62008 -0.698637 0.672249 -0.165696 0.0616171 0.397494 0.0420191 0.0601992 
1.42015 0.637107 1.97643 0.0200559 1.53474 0.535803 0.982708 0.146656 0.662504 -0.250858 0.234596 0.0225165 
1.59858 0.945093 1.47107 -0.0131803 1.75355 0.516185 1.00739 -0.229877 0.442627 -0.107926 0.320562 0.0643047 
1.5283 0.88174 2.01417 -0.163678 0.806517 0.636015 1.24471 0.112645 1.05764 -0.113559 0.410322 -0.0353097 
1.7042 -0.279229 1.25352 2.0018 2.74035 -0.190861 -0.301822 0.108293 1.45321 0.412287 0.00135471 -0.021304 
2.07507 -2.41442 0.134234 3.40675 2.98541 -1.91099 -1.56838 0.166179 1.91876 -0.116742 -0.126489 0.0557929 
1.83203 -2.75768 0.439984 3.24327 3.92495 -1.5194 -1.42124 1.18623 1.2731 0.165808 -0.0990645 0.0309794 
0.907227 -4.06762 1.85878 2.06572 3.34938 -2.18505 -0.0704314 2.66836 -0.560598 -0.464722 0.112696 0.0364747 
-0.802513 -3.18744 -0.897899 1.80218 1.79581 -2.72673 0.14558 1.7803 1.31723 -1.03532 0.2854 -0.0972624 
-1.98165 -2.71175 -0.410757 2.01597 0.464356 -3.41941 1.24352 2.29405 -0.00752042 -1.59902 0.47138 -0.036997 
-3.19857 -3.50701 -0.718674 1.06962 -0.492336 -3.73236 0.957838 2.08632 0.33982 -0.814903 0.42049 -0.160169 
-3.60089 -2.55646 0.553181 1.73406 -0.774438 -1.90167 0.66883 2.11545 0.257663 -1.32972 0.741482 -0.177747 
-3.70058 -1.15225 0.361991 2.33405 -0.413545 -2.60341 0.638925 1.87673 -0.6181 -0.56212 0.526379 -0.13214 
-5.41535 -3.45955 -0.28112 0.355588 -0.901002 -2.36397 1.51864 2.06533 -0.34189 -0.491788 0.21968 -0.229371 
-4.91682 -2.51283 0.676614 1.3344 -0.569791 -2.41374 1.88489 2.35741 -0.258079 -0.524913 0.158898 -0.0944613 
-3.97205 -2.23687 0.43576 1.39468 -0.541001 -2.2493 1.97016 1.68385 -0.424115 -0.324559 0.352384 -0.184903 
-3.7341 -1.5167 1.09554 0.410702 -0.905134 -0.754566 1.5438 1.44576 0.534357 -1.0651 0.621868 -0.147705 
-3.13923 -2.3394 -0.329349 -1.68567 -2.76861 -1.10655 1.52274 1.60593 -0.492603 -0.803096 0.445891 -0.146458 
-2.05509 -1.24557 -0.740388 -2.03041 -1.59044 -2.00935 2.25884 1.58663 -0.717311 -0.466939 0.377978 -0.185848 
-0.333786 -1.37959 0.820659 -1.67752 -1.56721 -0.737955 2.23569 1.02283 0.793817 0.242921 0.247398 -0.110206 
3.43113 0.710124 1.33947 1.36615 0.156102 -0.790407 3.52999 1.36571 0.501717 0.07931 0.237927 -0.0500412 
4.21708 -1.10643 1.10706 0.529331 0.719057 -0.80385 3.46008 1.58259 0.300599 0.188005 0.0158203 -0.0478902 
5.18675 -1.11518 0.380327 1.20981 1.14347 -1.55873 3.57421 1.43218 0.0870859 -0.00355971 -0.112735 1.12457e-005 
4.24862 0.148904 -0.145405 1.38239 0.756655 -0.802679 2.31903 2.20808 0.277452 -0.440369 -0.179697 -0.0383683 
4.29063 0.290823 0.202896 1.57433 0.487898 -0.14524 2.2727 2.41602 0.241725 -0.295452 -0.162693 -0.0443721 
5.77196 -0.501383 -1.12593 2.86848 0.535403 -0.945734 3.81217 1.74458 0.769854 -0.655306 0.07372 -0.0439845 
4.13691 0.606864 -0.35467 1.32004 0.446289 0.203961 2.50397 2.26439 0.0434345 -0.594044 -0.10734 0.00513152 
4.34919 0.83354 -0.615187 1.0078 0.907292 0.24834 2.07869 2.33855 0.512443 -0.38351 -0.14918 0.00620728 
5.74561 0.145025 -1.03671 2.18996 0.832229 -0.195445 2.74409 2.11944 0.398027 -0.695582 -0.0350327 0.0638182 
6.39962 -1.2447 -0.525111 1.49093 0.702891 0.148836 2.50564 2.2952 0.378039 -0.434455 -0.011277 0.0592589 
4.54956 0.48086 -0.909718 0.532347 0.867594 0.819074 1.78987 1.93435 0.482656 -0.386699 -0.0243147 0.0121264 
6.66178 -0.0222691 -1.94276 1.57919 0.63508 -0.199871 2.56551 1.69162 0.440302 -0.644125 0.00744806 0.066359 
8.12703 -0.451418 -1.41842 2.69486 1.52854 -0.528281 1.48934 1.29695 0.105497 -0.682024 -0.0563977 0.1211 
4.00729 2.18433 1.03144 1.48557 1.82282 1.21225 0.723344 0.516194 -0.175091 -0.641983 -0.00888021 0.00465196 
3.60783 2.58707 1.62387 1.1459 0.942385 0.735233 0.623209 0.42519 0.0420716 -0.18551 -0.0500914 -0.0170177 
4.65009 3.352 1.98831 1.6686 1.53104 0.84617 0.48526 0.62214 0.404898 -0.0481334 0.0556669 0.010604 
4.64888 3.10019 1.54166 1.30857 1.61353 1.42169 1.15777 1.07632 0.708885 0.195113 0.0683774 0.0196346 
4.59037 3.38048 2.13016 1.61289 1.61629 1.50636 1.04211 0.385415 -0.0767518 -0.0521915 0.352581 0.125641 
4.92239 2.97142 1.82299 2.66499 2.59997 0.632918 -0.396638 0.196722 0.0153695 -0.695385 0.0885036 0.0616097 
4.44424 3.07353 2.18167 2.29369 1.61133 0.000472962 -0.64389 -0.419112 -0.648035 -0.675544 0.187366 0.0348531 
4.37013 2.68353 1.74546 2.3107 1.8017 -0.024743 -0.565819 0.00518827 -0.327881 -0.667073 0.140537 0.0318949 
5.62915 1.71017 1.4498 3.36175 1.71039 -0.265166 0.241455 0.093051 -0.86118 -0.749919 0.116423 0.111539 
4.53596 1.06332 0.157187 2.25845 2.34797 -0.311332 -0.089248 0.783736 -0.420583 -0.545227 0.156806 0.159414 
3.6149 0.865409 0.495211 2.16218 1.92294 0.168849 0.40673 1.04538 0.128514 -0.288098 0.308659 0.138305 
5.36497 1.05207 -0.80209 2.17779 0.902933 -1.1012 1.60706 1.14248 1.34346 -0.346956 0.215033 0.144876 
4.42872 1.79826 0.673825 1.4746 0.963998 -0.0271519 1.21276 2.03132 0.774035 -0.0883346 0.392239 0.169921 
3.53634 2.51961 1.91298 1.93395 1.59397 0.670142 0.332709 0.841807 1.12395 0.757697 0.383798 0.089797 
3.73961 2.60517 1.97425 2.22892 2.06598 0.960236 0.0784473 0.316121 0.884642 0.831508 0.412821 0.0843405 
4.32404 3.55505 2.54993 2.03265 1.78311 0.771472 -0.00575186 0.499127 1.18223 0.93876 0.0877171 0.0409465 
5.78196 4.84945 3.23092 2.19292 1.29716 0.20322 -0.808456 0.605155 1.55338 0.711334 0.393903 0.100482 
4.23639 3.7291 2.86826 1.84438 1.18929 0.523109 0.124169 0.300479 0.825188 0.743841 0.277892 0.112897 
4.25198 3.70509 2.84178 1.81698 1.02557 0.523618 0.343278 1.03869 1.76827 1.28078 0.281023 0.126575 
4.33015 3.87239 3.24296 2.70478 2.62088 1.38768 0.310288 0.502931 1.0727 1.0579 0.201453 0.0986577 
3.06119 2.35841 2.2306 2.46626 2.52511 1.87111 1.00276 0.964654 1.15301 0.803051 0.289758 0.077668 
2.78016 2.26604 2.1047 2.04354 1.91486 1.52649 1.29138 1.09117 0.911668 0.631532 0.327609 0.0676512 
2.7289 2.22127 2.00907 1.79542 1.73484 1.57813 1.12849 0.908856 0.764394 0.55537 0.316877 0.0526364 
2.8229 2.15747 2.14218 2.24583 2.1861 1.67677 1.06118 1.14508 1.1938 0.734222 0.245609 0.0715538 
2.76944 2.30757 2.1464 1.87819 1.7921 1.67775 1.38579 1.12064 0.858147 0.658092 0.421551 0.0774998 
2.74622 2.24427 2.14208 2.02694 1.77996 1.60364 1.35957 1.06769 0.927836 0.624502 0.365609 0.0794773 
2.78629 2.31085 2.27747 2.07618 1.87758 1.7764 1.4821 1.09769 0.993927 0.666721 0.40304 0.0878942 
2.67738 2.21008 2.11474 1.87992 1.71937 1.44435 1.24913 1.12369 0.870647 0.547859 0.354527 0.0620222 
2.71459 2.31257 2.29093 1.98871 1.85921 1.79227 1.41556 1.17905 1.02654 0.558175 0.406543 0.0793667 
2.37727 2.21729 2.80828 2.46807 2.38398 1.82793 1.74708 1.51524 0.967845 0.454105 0.411588 0.104242 
2.15154 1.86696 3.54356 1.1941 2.3256 2.15451 1.43427 0.722076 1.26984 0.458975 0.512974 0.097654 
1.78947 1.79397 2.31239 1.87367 1.49676 1.36055 2.11788 1.14357 1.81313 0.549213 0.188743 0.0750774 
1.67033 1.2908 3.0532 1.33538 2.485 2.31868 2.13271 0.767205 1.39273 0.20915 0.366124 0.125268 
1.32165 1.24185 1.97764 0.845561 2.39672 1.19152 1.21067 1.38801 1.00213 0.629209 0.265654 -0.0202202 
1.3336 1.05415 2.33558 1.16165 1.86168 0.456161 0.870419 0.846632 0.647776 0.120006 0.342349 0.0374801 
1.28682 1.10605 1.87328 0.404072 1.32022 1.03887 1.86939 0.264851 0.169742 0.403108 0.45419 -0.0067163 
0.961825 0.819212 2.18945 1.01248 1.47609 0.797124 0.698283 0.625125 1.50203 -0.252734 0.407726 0.038257 
1.48215 0.862906 1.96587 0.149712 0.95778 0.731383 0.588787 0.502641 0.552267 -0.199038 0.188147 0.106652 
0.993482 0.692978 1.86569 0.458917 1.36638 -0.12394 0.453436 0.876804 -0.0133218 -0.405391 0.0768141 0.0549349 
1.25857 1.22941 1.89136 0.0456547 1.12261 0.28059 0.511219 0.768164 0.231865 -0.122528 -0.05277 0.0904243 
