2.80201 -2.74115 -0.629925 2.96952 -1.2661 -0.236428 1.75434 1.99983 -0.395261 -0.590004 -0.256441 -0.0519209 
3.60523 -2.99625 -1.06548 1.55958 -1.94913 -0.628719 2.71075 1.91165 -0.142489 -0.360246 -0.0819277 -0.0404026 
3.58865 -1.83196 0.628174 0.347137 -0.903542 -0.0679622 2.68943 1.1507 -0.409525 -0.262076 -0.262482 -0.167997 
-1.77801 2.24873 -2.08969 -1.63407 -0.124421 0.816663 1.84927 0.842356 0.242701 -0.871024 0.067157 -0.127654 
-1.22628 1.19723 -2.15933 -1.74217 1.03234 0.686122 2.60918 0.255986 0.777997 -0.50606 -0.0793899 -0.079805 
0.729369 2.04557 -1.59772 -1.31567 -0.302861 1.51335 1.939 0.260017 0.89523 -0.861004 0.0683073 -0.12289 
2.59849 0.986928 0.523796 -1.6369 -0.0968463 1.24312 2.0191 0.613868 0.648665 -0.467092 -0.172366 -0.0719838 
2.14815 1.15363 0.810611 -1.64713 1.48013 1.24442 0.945941 0.28748 0.791478 -0.0852642 -0.110954 -0.0183405 
2.43156 0.724967 1.08651 -0.925012 0.89914 0.331306 0.70535 0.0617864 1.11544 0.32463 -0.0659921 0.0777586 
2.08225 0.80162 2.20922 -0.701404 1.30836 0.813691 0.209561 -0.628145 0.269166 0.0184198 0.0817556 0.0543923 
1.9603 0.774098 2.16462 -1.12021 0.877616 0.497455 0.738864 -0.928543 0.361601 -0.0821847 0.44251 0.117243 
1.76237 1.08406 2.43133 -0.460501 1.41622 0.378033 -0.231268 -0.606249 0.875514 0.269619 0.0859136 0.0535063 
1.76992 0.444658 1.73231 -1.08464 0.525331 -0.169886 0.434063 -0.309659 0.485621 0.289433 0.299156 0.0254579 
1.75157 0.15631 2.3392 -0.556498 1.66191 0.267239 0.134868 -0.0681325 0.616208 0.0374486 -0.0157648 -0.00824384 
2.1972 0.69854 1.66651 -0.695669 0.43718 0.103454 0.429949 -0.235654 0.83449 0.197443 0.265055 0.0902406 
1.94271 0.952253 1.73133 -0.307315 1.12753 -0.458166 0.883309 0.0152817 0.293156 0.0514955 0.324861 0.0543615 
2.29046 0.400091 2.36724 -0.0453111 2.39161 0.761165 1.23918 0.0940967 1.01323 0.744518 0.0290898 0.0824859 
2.15838 0.571058 2.71222 0.890259 1.4571 0.226145 0.63257 0.46495 0.810444 0.412569 0.416861 0.0609943 
2.21883 0.622772 1.64386 -0.414231 0.81333 0.843543 0.930721 0.13418 0.703583 -0.0054791 0.431485 0.119156 
2.03808 0.64389 2.6556 0.0435807 1.45654 0.474886 1.13688 0.285004 1.332 0.225717 0.358769 0.118526 
2.04111 0.995692 2.66448 0.65473 1.86461 1.12528 0.84602 0.375806 1.06635 0.509312 0.354792 0.0701368 
2.29113 1.31357 1.92386 1.22749 1.95865 0.540614 1.1068 0.635127 0.661632 0.40674 0.25637 0.074163 
2.33088 1.25844 2.55028 1.66978 2.15541 0.786206 1.24693 0.895329 1.03181 0.535631 0.281459 0.081247 
2.34364 1.62455 2.33764 1.23791 1.7708 1.32164 1.16421 0.931048 0.767535 0.305687 0.171193 0.0764586 
0.817931 1.54651 1.60818 3.46971 1.31975 0.520791 1.60526 1.663 0.801237 0.112652 0.854014 -0.0404935 
-0.480727 -2.03268 1.11688 5.11139 1.39643 -0.933498 0.795568 3.08091 0.776865 -0.804856 0.542244 0.0187734 
-2.43974 -2.43454 1.4403 3.86387 -1.21239 -1.57611 2.99441 2.88899 -0.154408 -0.652851 0.920327 -0.00277157 
-3.54949 -1.50191 1.02608 2.86258 -0.327686 -1.5559 2.389 1.62328 1.24789 -0.403247 0.575516 -0.1284 
-3.5604 -1.42675 1.44713 2.69978 -0.684665 -1.17742 3.11812 1.77018 -0.20161 -0.202742 0.797372 -0.141617 
-4.1462 -1.27947 2.25486 2.12322 -0.273795 -1.32717 2.5474 1.67548 0.368248 -0.0835628 0.570461 -0.0434954 
-4.4364 -0.482675 1.99305 1.62937 -0.494 -0.748027 1.82954 2.00201 0.922638 -0.0355936 0.377621 -0.0650376 
-4.00278 -0.799185 1.42591 1.6205 -0.695236 -0.591676 1.8447 2.05626 1.09363 -0.391502 0.420061 -0.0307287 
-3.56061 -0.205594 1.15623 1.03708 -0.177026 -0.547624 1.28146 2.10405 -0.304596 -0.156317 0.669057 -0.151375 
-3.58127 0.38037 0.998599 0.919519 -0.313168 -0.631437 1.73153 1.29051 -0.317106 0.050603 0.805342 -0.256726 
-3.2428 0.30598 1.35398 -0.318329 -0.819514 0.128878 2.03466 2.38747 0.592805 -0.1766 0.217667 -0.130962 
-1.94265 0.0129348 0.0802924 -1.02946 -0.342865 -0.222803 2.35891 1.68959 1.0194 0.322617 0.220004 -0.083498 
-0.701507 0.165676 0.395494 -1.69973 -0.710144 -0.619893 2.96882 2.05397 0.099385 0.320718 0.471735 -0.124175 
2.94418 0.721432 0.714989 0.40955 -0.0571338 0.479648 2.81098 1.50628 -0.208009 0.274004 0.507014 -0.168389 
4.3131 0.883062 -0.204572 -0.153151 0.650198 -0.0939016 3.4512 0.987897 0.161746 0.127005 -0.0249695 -0.0971904 
4.9288 1.3676 -1.1178 0.312039 0.298465 0.0889673 3.47568 0.334737 0.420779 -0.0520902 -0.0645925 -0.172549 
5.37044 0.361579 -1.69785 1.20543 0.707391 -0.829273 2.66374 1.46824 0.060591 -0.45502 -0.0221767 -0.0463833 
5.18913 -0.56003 -1.406 1.17313 0.893457 -0.749792 2.15766 1.73938 -0.184522 -0.621369 -0.098334 -0.0335567 
5.80346 -1.42116 -1.93155 2.53757 0.123741 -0.833162 3.26658 1.72586 0.262494 -0.978597 -0.0249108 -0.0402265 
5.65612 -1.25007 -2.56456 2.89829 0.953285 -1.17506 3.69327 1.09896 0.713804 -1.19623 0.203061 -0.0133303 
4.19005 -0.698938 -1.98023 1.82162 1.12143 -0.36489 2.55591 1.28991 0.416238 -1.07981 -0.0221057 -0.00753092 
4.70706 -0.831751 -2.4052 2.0253 1.21742 -0.652454 2.9152 1.00835 0.697874 -1.24305 -0.0373357 -0.00816393 
6.22535 -1.55438 -3.66985 3.17032 0.795633 -1.75053 3.39423 1.25533 0.992066 -1.68855 0.0718943 -0.0601265 
6.37479 -1.20181 -3.43255 2.99325 0.615973 -1.88785 2.90933 1.16598 0.988937 -1.6468 -0.069346 -0.0576046 
6.83364 -0.454459 -3.61575 3.22228 0.428721 -2.41122 2.35949 1.27923 1.61008 -1.65382 -0.0540483 -0.103996 
6.77026 0.287644 -2.13284 2.62411 1.27647 -2.10471 1.40222 0.814654 1.20073 -1.01276 -0.269457 -0.01601 
7.80923 1.42725 -1.54429 2.37427 1.47604 -0.939455 0.578541 1.18173 0.495941 -0.973029 -0.499063 0.00961147 
4.15973 2.53286 1.41803 1.34437 0.879123 0.0959875 0.28986 0.767284 0.313946 -0.239952 -0.108723 -0.0376593 
3.60473 2.36829 1.78306 1.94365 1.55686 0.653552 0.483015 0.788062 0.454815 -0.0924529 -0.0914196 -0.0137307 
4.39283 3.50443 2.67599 2.58454 2.00688 0.425866 -0.321837 0.362674 0.84314 0.37963 -0.0249298 0.00655385 
4.18074 3.76253 3.09301 2.46376 1.88842 1.1526 0.52092 0.0832956 -0.116672 0.068632 0.163208 0.0348542 
4.3645 3.95467 3.2595 2.3513 1.42854 0.573846 0.0212671 -0.187471 -0.118447 0.0272415 0.027081 0.00787684 
3.40706 2.83956 2.24324 1.62005 1.06108 0.59064 0.16456 -0.174598 -0.345081 -0.185029 0.115781 -0.0234959 
3.56036 2.97289 2.23586 1.49222 0.902186 0.38678 -0.0637783 -0.403184 -0.456197 -0.150554 0.235725 0.0157442 
5.30241 3.20856 1.48825 2.09055 2.10977 0.540223 -0.140783 -0.188591 -0.385998 -0.963353 0.0834309 0.0916452 
5.28017 3.204 0.838337 2.20396 2.07296 -0.139561 0.0923303 -0.3797 0.480145 -0.992545 0.217718 0.129477 
4.60993 2.77286 1.17427 2.52366 1.79314 -0.317261 0.45554 -0.0713028 0.439337 -0.920817 0.511499 0.192199 
3.65292 2.78407 1.63629 2.07365 1.46322 0.240771 0.765603 -0.203793 0.195775 -0.351688 0.823429 0.139649 
3.55949 2.75538 2.19719 2.26873 1.91792 -0.342417 0.387723 0.21015 0.822335 -0.13331 0.344911 0.0892434 
4.12524 1.86092 1.16512 3.01155 1.9401 -0.966617 0.806777 1.3476 1.02364 -0.381062 0.364105 0.204991 
3.58653 2.08639 2.01764 3.16154 1.46067 -1.15566 0.468657 1.52917 1.10802 -0.165834 0.358182 0.174219 
3.38799 2.54744 2.16855 1.98209 1.29439 -0.0822216 -0.450816 0.610479 1.14231 0.734611 0.379975 0.104802 
3.56665 3.07118 2.49639 1.68648 0.853138 0.316675 0.196518 0.363803 0.641617 0.637282 0.37664 0.091201 
3.17498 2.70206 2.35652 1.82816 1.22461 0.811501 0.762978 0.861036 0.81997 0.576254 0.274934 0.0665722 
2.92695 2.46936 2.24939 2.02036 1.77516 1.49816 1.28988 1.06621 0.787974 0.482268 0.190743 0.0700526 
2.81656 2.38132 2.1579 2.0258 1.89479 1.62128 1.40912 1.26218 0.897756 0.645503 0.381867 0.0945386 
3.00717 2.61559 2.411 2.09504 2.11047 1.74185 1.64727 1.41581 1.05712 0.725817 0.331849 0.111125 
2.86474 2.4932 2.37402 2.13755 2.02039 1.82593 1.55982 1.33195 0.959122 0.63793 0.367225 0.101041 
2.80736 2.35649 2.28215 2.1322 1.93965 1.78975 1.57078 1.2585 0.996874 0.677556 0.395022 0.0996758 
2.75226 2.34407 2.23352 2.0136 1.94789 1.72906 1.57169 1.27047 1.02584 0.701413 0.433604 0.0998421 
2.73837 2.36402 2.23525 2.05632 1.92062 1.82274 1.54165 1.3377 1.09802 0.706756 0.49358 0.108506 
2.72056 2.18915 2.11244 2.05745 1.71056 1.68247 1.54383 1.19983 0.973045 0.691695 0.401444 0.0907007 
2.46069 1.8413 2.37203 1.49588 1.70104 1.58563 1.68419 0.602968 0.846791 0.615029 0.461941 0.0655441 
2.47479 1.85148 1.94079 1.47891 2.30784 1.39541 1.70019 0.385083 0.88088 0.574892 0.445719 0.0816893 
1.74969 1.49446 2.71043 0.986495 1.91285 1.20302 1.03819 0.273912 0.871636 0.586752 0.0642487 0.0765332 
1.65101 1.53394 2.71106 0.852501 1.87776 1.54795 1.39243 0.893075 0.808551 0.779042 0.332358 0.0435148 
1.54975 0.65046 2.07496 0.566641 1.90003 0.0946721 1.11782 0.17361 0.598968 0.390435 0.14921 0.0572451 
1.41761 1.0659 1.97996 -0.0602935 1.60695 0.539337 0.93355 -0.290898 0.424199 0.355504 0.118961 0.103162 
1.3952 0.585411 2.72745 0.814714 1.04462 0.67712 1.11837 -0.0340016 1.23679 0.523021 0.287733 0.0205994 
1.39552 0.989917 1.86309 -0.0341845 1.66374 1.00764 0.951076 0.230705 0.91414 0.371875 0.507433 0.0218251 
1.41154 0.973511 1.88977 0.0495147 1.28178 0.483705 0.925227 -0.506811 0.398978 0.32284 0.453735 0.0111873 
