2.02253 0.416586 1.69594 0.0379597 1.06314 -0.387977 1.04694 -0.0571648 0.717516 -0.0402957 0.157323 0.0328105 
2.12072 0.731387 1.5967 -0.0710493 1.37213 0.0592427 0.629157 -0.145833 0.288795 0.0262615 0.0508899 0.064286 
2.46489 0.793995 1.71604 0.709908 1.25434 0.742438 1.3336 0.381935 0.368713 0.2248 0.358316 0.0453775 
2.21279 0.969722 1.47921 0.13686 1.13041 0.236108 1.36915 0.028768 0.753169 -0.159098 0.15165 0.0256635 
1.84341 0.786714 1.74074 -0.287383 0.960658 0.334597 0.0123422 -0.313918 1.08815 0.374781 0.342039 0.00815594 
1.96195 0.754263 2.15304 -0.747271 1.44713 0.819065 1.0127 0.371727 0.558565 -0.245284 0.229357 0.0757 
1.87828 0.75677 2.27787 -0.181547 0.945258 0.24654 0.72868 0.229022 0.356839 -0.214748 0.424098 0.0491727 
1.84464 0.422158 1.32889 -0.333027 1.02385 -0.457668 0.733876 -0.356291 0.0707035 -0.0802534 0.0526099 0.0612445 
2.10072 0.681754 1.9805 -0.677608 0.741994 -0.443587 1.12312 -0.227045 0.565774 0.156591 0.138225 0.0255536 
2.29028 0.456672 1.50881 -0.24538 0.542415 -0.185697 0.222908 0.134777 0.885387 0.0680933 0.289103 0.0013165 
2.17036 0.571335 1.96081 0.608909 1.21147 0.179635 1.58798 -0.294121 0.519941 -0.00946518 0.367647 0.0610916 
1.79493 0.827806 1.58511 -0.105109 0.64625 0.216164 0.888528 -0.574402 0.707236 0.224727 0.0929376 0.0152663 
1.9006 0.980464 1.74291 -0.744732 1.17196 0.497328 0.502926 -0.102421 0.88913 -0.0471263 0.241062 0.0178411 
2.02808 0.429408 2.20626 -0.704146 1.51831 0.185873 0.610478 0.472516 0.876988 0.32926 0.150935 0.0428915 
1.87266 0.704928 2.12935 -0.964075 1.16725 0.680907 0.32295 -0.282534 0.440917 0.0425813 0.381893 0.0700843 
2.07112 0.459581 2.18734 -0.623585 1.56586 0.231216 0.102911 -0.114838 0.295528 0.00699738 0.204635 0.00174739 
1.63594 0.816497 2.37292 -0.936481 1.40728 -0.467593 -0.45284 -0.193851 0.553939 0.102348 0.396785 0.03097 
1.70202 0.916404 1.44417 -0.474688 1.41576 0.822095 0.398382 -0.566451 0.793338 -0.327498 0.243169 0.0645037 
1.9322 0.444235 1.57894 0.309482 0.755233 -0.311089 0.346658 -0.329463 0.403015 -0.193238 0.011352 0.049524 
1.63159 0.558449 1.29615 0.372007 1.33577 0.0851274 0.318088 0.0989032 0.114113 -0.143198 0.214563 -0.000110211 
2.03082 1.00881 1.94572 0.287808 1.26929 -0.00735446 0.838777 -0.230004 -0.544353 0.0283376 0.268909 0.0253008 
2.05135 1.17485 2.09556 0.537157 1.58851 0.574407 0.809722 -0.25134 0.268129 -0.155295 0.0356973 0.0248067 
2.00616 1.02655 2.03155 0.203168 1.22943 0.249004 0.309341 -0.533791 0.353442 -0.0485927 0.233583 -0.0370594 
1.74434 1.1261 2.09351 -0.0805691 1.03872 0.473408 0.205564 -0.0807525 0.013702 -0.567296 0.186259 -0.0644966 
1.92566 1.0176 2.28888 -0.387084 0.518176 0.349921 0.768774 -0.194047 0.0855824 -0.679203 -0.0147637 -0.0400186 
1.81813 0.638031 1.95968 -0.233864 0.934173 -0.68804 0.595196 -0.0869532 0.467362 -0.195892 0.287344 0.0121033 
1.53438 0.683044 1.76116 -0.114521 0.910255 0.320057 0.934552 0.0393399 0.056127 0.140731 0.274876 -0.0151926 
1.90391 0.52409 1.7417 0.168196 1.20967 -0.0110776 0.895216 -0.257388 0.0460244 -0.261746 0.259145 0.0818184 
1.80548 0.48352 1.82448 -0.173445 1.41827 -0.595897 0.970496 0.208729 0.209966 0.251408 0.178023 0.0877052 
1.79724 0.819846 1.64282 -0.352968 1.05149 0.0813232 0.385646 -0.0594835 0.12226 0.334337 0.496923 0.0759589 
1.7813 0.695677 1.75488 -0.505512 1.16736 -0.0571472 0.346834 0.418456 0.28272 0.117994 0.151374 0.0322518 
2.08044 0.660533 1.83698 -0.275428 1.33916 -0.377217 0.334804 -0.0964394 0.127132 -0.463473 0.129619 0.115208 
2.17613 0.769924 1.93648 0.959049 1.90783 1.01262 0.696675 0.338449 0.88294 -0.580567 0.170856 0.0777695 
1.84374 0.584936 1.93993 0.150537 1.25849 0.764661 1.2427 -0.0969271 0.684859 -0.139418 0.163151 0.0899068 
1.85864 0.445251 1.60481 -0.53992 0.731108 0.0792498 0.962733 -0.126039 0.55464 -0.373092 0.0892627 0.0635615 
1.89591 0.447811 1.80547 -0.471567 1.37734 0.0898106 0.974683 -0.00393673 0.754217 0.0269272 0.101293 -0.00231165 
1.97786 0.703534 2.33843 -0.0804949 0.593825 -0.56475 0.309786 -0.245126 0.540996 0.302932 0.426888 0.139975 
1.67153 0.556742 2.06694 0.637882 1.45771 0.546284 0.990392 -0.294908 0.884243 0.181048 0.250969 0.0768203 
1.68415 0.679442 1.98246 0.158107 1.34647 -0.167503 1.3118 -0.126102 -0.150148 -0.433907 0.0950395 0.00877873 
1.70384 0.87163 2.19098 0.269015 1.36072 0.511361 0.41903 -0.33722 0.289508 0.073249 0.0654353 0.0243224 
1.9761 0.474093 1.89654 0.553895 1.48132 0.555775 0.0792067 0.0927281 0.810728 -0.437283 0.314695 0.144608 
1.91493 0.971661 2.60686 0.0786871 2.06328 0.981952 0.679462 -0.0715832 0.408955 -0.0728193 0.290584 0.0864309 
1.6462 1.15691 2.27539 -0.200174 0.955392 0.551828 0.016416 0.230026 0.359635 -0.0247386 0.176175 0.0548797 
1.77683 0.95373 1.52536 0.0292497 0.85998 -0.131738 0.809704 -0.623855 0.702982 -0.226446 0.00405028 0.0387959 
2.18667 0.940444 2.43768 0.840425 1.7397 0.790871 1.32572 -0.544443 0.867247 0.176353 0.259078 0.0863134 
2.01311 1.19938 2.61015 -0.170286 1.30897 0.556576 0.544108 0.0422084 0.715352 -0.0657523 0.199244 0.0978651 
1.77045 0.423561 2.13828 -0.415414 1.23009 0.450017 0.274803 0.122456 0.463726 -0.146762 0.0149802 0.0651328 
1.89711 0.638898 1.41312 -0.0134133 1.37779 0.6408 0.117532 -0.0814817 0.416128 0.0343292 0.0469877 0.0428763 
0.386645 2.71869 -0.137375 2.41208 -0.514405 1.57133 -0.086354 0.855242 0.246787 -0.142451 0.324609 -0.00270086 
1.44027 1.28109 1.38536 1.37118 0.0391018 1.4143 -0.301767 -0.168164 0.543577 -0.296754 0.259256 0.0596775 
1.14174 0.979951 1.45308 0.634899 0.388229 1.43539 0.563133 0.439651 0.248868 0.00443008 -0.0348813 -0.0381946 
1.98065 0.793447 2.32575 0.0363231 1.70371 0.546329 0.729703 -0.0853265 0.443712 0.0219781 0.328793 0.053571 
2.1042 0.914826 2.15959 0.623215 0.950929 0.687287 0.352418 0.0440315 0.323804 0.2902 0.201156 0.0732589 
1.99834 0.640401 2.35034 0.473127 1.44902 0.174667 0.889866 0.0804045 0.351243 0.246262 0.207312 0.0140368 
1.77168 -2.91753 0.353483 2.13595 -1.29001 -1.19656 3.5509 2.84228 -0.746384 -0.706691 -0.112439 -0.00809327 
-1.9669 -3.94314 0.0135425 2.38926 -0.941794 -1.4031 2.01603 2.93925 0.0413017 -1.26939 0.14969 0.0564736 
-1.61088 -3.53204 0.500218 2.76522 -0.17426 -2.85338 2.75903 2.35884 -0.452309 -0.887606 0.345644 0.0225848 
-1.96589 -2.06656 0.274399 2.87041 0.687981 -3.16598 2.13393 2.63424 -0.565795 -1.23111 0.530291 -0.00117409 
-4.06912 -2.94878 0.570375 1.38609 -0.737352 -2.84512 2.5791 2.40811 -0.561199 -0.915762 0.535644 -0.129999 
-4.34488 -2.94142 1.03035 1.19584 -1.48142 -2.33222 2.33364 2.3121 -0.367673 -0.934379 0.582287 -0.147331 
-4.38751 -2.41878 0.80887 1.16574 -1.25207 -2.56018 2.92521 1.97496 -0.201997 -0.526255 0.315309 -0.113563 
-4.68699 -2.36422 1.19243 0.782453 -1.93559 -2.36963 3.04157 1.71449 -0.978597 -0.303729 0.631414 -0.221878 
-3.54073 -1.17868 0.527972 1.689 -0.95051 -2.2815 1.96394 1.24718 -1.03612 -0.119156 0.644139 -0.264543 
-4.69209 -1.04281 0.860394 1.1987 -0.603576 -2.10965 0.893761 1.17434 -0.385718 0.17279 0.252022 -0.171709 
-4.25904 -1.16892 1.60271 -0.740973 -0.720108 -1.3427 1.83324 0.830875 -0.200703 -0.291532 0.532879 -0.322449 
-4.91615 -2.1217 1.14728 -0.529842 -0.638608 -1.31842 1.4958 1.38979 0.0108467 0.219598 -0.0157854 -0.255083 
-4.07775 -1.53718 1.716 -0.326246 -0.510518 -2.12524 2.07376 1.10692 -0.606602 0.0278715 0.432774 -0.22792 
-3.42221 -1.08943 0.993945 -0.979049 -1.06297 -1.26261 2.38643 1.76653 -0.232437 0.205078 0.0362928 -0.290223 
-1.79691 -0.510828 1.50436 -0.532713 -0.942388 -0.417417 2.63211 1.42911 -0.494412 0.312267 0.193079 -0.186616 
2.26969 1.48469 2.96864 0.570282 0.683817 -0.0219057 2.94967 0.601575 -0.0934192 0.595434 0.0337396 -0.088165 
3.67039 -0.422389 0.55689 1.34022 0.645461 -0.97212 2.71712 1.42388 0.0128149 -0.146683 0.187995 -0.0943804 
3.96217 -0.223466 -0.333206 1.84925 0.556736 -1.19851 2.64226 1.78117 0.525469 -0.358081 0.120831 -0.0686122 
4.43544 -0.666466 -0.155649 1.9812 0.184191 -1.10167 2.93089 2.15617 0.579383 -0.40899 0.0609646 -0.0396181 
5.06302 -0.730167 -1.28826 2.53781 0.324078 -1.18511 3.14671 1.72875 0.529533 -0.920543 0.00627854 -0.0442283 
4.8597 0.0585168 -1.55967 2.44069 0.984529 -1.35889 3.18555 1.55561 0.728927 -0.985421 -0.0374624 -0.0271205 
5.13232 -0.0763094 -1.22317 2.39611 0.639124 -1.26989 3.27548 1.31047 0.664733 -1.12768 -0.048485 -0.0124617 
5.15157 -0.00160114 -1.36917 2.00742 1.3405 -0.658282 2.12693 1.36291 0.118095 -0.987981 -0.326103 -0.0249336 
5.08644 -0.0220551 -2.1533 1.99712 0.420397 -0.494719 2.29419 1.4462 0.218865 -1.19281 -0.179484 -0.0437546 
5.06586 0.275398 -2.21362 1.72482 0.629211 -0.492568 2.61916 1.41077 0.531044 -1.14049 -0.0706344 -0.0148319 
3.99366 0.335471 -1.15446 1.01163 0.701739 0.523931 2.18829 1.89608 0.258244 -1.07971 -0.0703964 0.0206156 
4.40229 0.838573 -1.77856 0.452492 1.19416 0.26915 2.15276 1.94629 0.941051 -1.02536 -0.0996226 0.0199092 
6.89386 -0.0789578 -2.74691 2.72465 0.234328 -0.971101 2.84098 1.59198 0.971052 -0.928509 0.130856 -0.0217209 
4.87884 1.54447 -0.688391 0.54633 1.17659 0.373615 1.01525 1.79753 0.465936 -0.601029 -0.153311 0.0216059 
3.95429 2.45046 1.14615 1.04179 1.14121 0.833734 0.754757 0.733553 -0.054489 -0.453105 -0.0346464 -0.0388818 
4.35335 2.90241 1.41723 0.920807 0.856357 0.581593 0.514437 0.566489 0.234921 -0.112688 0.0316117 -0.00614195 
