1.4877 0.562309 1.45641 0.124323 0.54811 0.386432 1.15985 -0.276014 0.328801 -0.311742 0.134625 0.00110494 
2.11235 1.1997 2.53842 -0.287495 0.0779625 0.460478 0.472757 0.664606 0.652913 0.0993616 0.330149 0.0630335 
1.85609 0.377537 1.54905 -0.279704 1.28263 0.12673 0.760898 -0.001924 0.0118208 0.228179 0.141931 0.0653608 
2.15599 0.665912 1.84918 0.190228 1.2599 0.149438 1.45527 -0.192331 0.402037 -0.075558 0.0594572 0.106266 
1.62103 0.684205 1.86775 0.35505 1.5993 0.162531 0.729232 -0.0884384 0.622356 -0.24239 0.320829 0.0945704 
1.94669 0.881745 2.11944 -0.0705363 0.870152 0.925881 0.967587 0.497999 0.780201 -0.409556 0.563163 0.0593439 
1.4518 0.754344 2.25818 -0.845098 0.750844 0.584414 0.861725 -0.22103 0.490737 -0.0246376 0.140632 0.0700682 
1.39656 0.354464 1.62974 -0.374379 0.703961 -0.310794 -0.0529479 -0.113379 0.378262 0.0200014 0.349784 0.0770184 
1.6492 0.901575 1.66239 -0.273878 1.59718 0.0255608 0.79004 0.0273746 0.508547 -0.309519 0.0146547 0.079303 
1.8166 0.244521 1.96811 0.204147 0.842732 0.4865 0.886203 0.4602 0.17326 -0.212408 0.107985 0.137109 
1.8372 0.833521 2.02109 -0.838142 1.21982 0.445778 0.553503 -0.385535 0.259681 0.152688 0.218616 0.0303888 
1.8148 0.634302 1.45896 0.207229 1.32232 0.0514512 0.356783 0.309721 0.626657 0.251249 0.0683184 -0.00201634 
1.67732 0.711928 1.75163 0.0825833 0.78033 -0.158544 0.72558 0.0446495 0.311501 -0.244378 0.110136 0.0505312 
1.54849 1.22512 1.83505 -0.111549 1.33007 -0.259824 1.32171 0.367771 0.131864 -0.325211 0.467241 0.0313248 
1.94287 0.633112 2.11797 -0.0278986 0.523083 -0.0180173 0.491161 -0.349709 0.716964 -0.582527 0.154402 0.105731 
1.99935 0.202767 1.71529 -0.481449 1.65414 0.393048 -0.458679 -0.0704457 1.1752 -0.112691 0.122436 0.113949 
1.71619 -0.274908 1.77926 1.41434 2.49438 0.206464 0.773238 0.0376125 1.62845 0.520326 -0.0691146 0.0442642 
2.12765 -0.162192 1.35927 0.730112 2.14727 -0.129031 0.207167 0.00326938 1.16792 0.22433 -0.124059 0.0793826 
1.64939 0.279865 1.43319 -0.0141351 1.09506 -0.683664 0.422923 0.594822 1.17617 -0.0627782 0.0628951 0.133174 
1.65879 0.441047 1.54697 0.217631 1.05235 0.488036 0.308077 -0.0377046 0.567977 -0.0730708 0.0775153 0.0480991 
1.83297 0.734665 1.78967 0.470231 2.12639 0.358594 1.29942 0.526265 0.975272 0.204217 0.242554 0.0574255 
1.82262 0.953237 1.70456 -0.0280343 1.09718 -0.632185 0.622192 0.470142 0.0180064 -0.68769 0.101769 0.154077 
1.81962 0.905482 1.26412 -0.41656 0.0531248 0.476088 1.25321 -0.54341 0.398852 -0.454447 -0.278446 0.104435 
1.89288 0.507166 1.21888 -0.728611 0.710834 1.10938 1.21434 0.148624 0.121625 -0.338494 0.0432271 0.0279085 
1.86684 1.05893 2.03977 -0.491952 1.43931 1.31598 1.16547 0.521212 0.333099 -0.339572 0.243731 0.0929503 
1.94354 0.89589 1.88573 -0.15704 0.924635 0.140218 0.648398 0.0958447 0.692341 -0.102381 -0.0464474 0.0880273 
1.77431 0.587793 1.87185 -0.357424 1.30787 -0.166256 0.503117 0.196989 -0.063449 -0.183013 0.397952 0.0959266 
1.64956 0.354251 1.72649 -1.01237 0.947394 -0.147442 0.136715 0.298114 0.0410157 -0.216331 0.0900899 0.110557 
1.57297 -0.943157 1.88362 2.81358 1.83761 -1.40223 -0.0306577 1.42736 1.40119 -0.362124 -0.00149855 0.116952 
0.219244 -1.09803 -1.61621 0.188308 1.34407 -1.18701 1.1271 2.32329 -0.809178 -0.953379 -0.248951 0.110874 
-1.77775 -3.27316 -2.07925 0.933512 0.901809 -3.30201 0.426772 3.83078 0.616816 -0.791589 -0.411229 -0.100486 
-2.59752 -3.38771 -0.0979216 1.09327 0.927448 -2.80773 0.526638 2.81029 0.400155 -0.913443 0.13472 -0.0448087 
-3.68479 -2.97312 -0.0311978 1.4092 0.428033 -3.91016 1.30989 3.64408 -0.365195 -0.65281 0.0495955 0.00369399 
-3.78783 -3.10883 -0.438506 0.673706 -0.104179 -3.17174 1.81445 2.95917 -0.381783 -0.586945 0.0632575 -0.108394 
-4.35966 -2.75405 0.25953 0.959377 -0.0461705 -2.67236 2.54804 2.42302 -0.492537 -0.706744 0.210821 -0.079712 
-3.08645 -2.54701 0.679666 1.31171 0.279166 -2.42079 1.2006 1.26592 -0.458826 -0.846634 0.391796 -0.206793 
-4.45668 -2.90239 0.753372 1.44307 -0.034773 -3.19154 1.61842 1.7449 -0.030836 -1.06369 0.503589 -0.0529014 
-4.22914 -2.51666 1.35702 1.12043 -0.40382 -1.82311 1.03441 1.9216 -0.159396 -1.1572 0.693015 -0.0735701 
-4.56592 -1.05155 1.12988 0.689051 -1.29188 -0.795344 0.732473 1.65132 -0.850479 -0.870729 0.883171 -0.237441 
-5.16552 -1.8068 1.24299 -1.38816 -1.20489 -1.70054 1.2984 1.31438 0.0158287 -0.398026 0.542991 -0.210852 
-3.37639 -1.35757 1.38585 -2.07135 -1.34993 -1.47077 3.04838 0.760144 -0.8174 0.14444 -0.253497 -0.164476 
-1.57405 -0.652051 0.905343 -1.25147 -0.0886789 -0.143049 3.13662 1.32815 -1.07292 0.214928 0.0924935 -0.159456 
2.31737 1.12844 2.11341 1.24243 0.218839 0.437041 2.88446 0.744817 0.186729 -0.164226 0.330409 -0.0569135 
3.65467 -0.200928 -0.123378 0.940777 0.415418 0.00149693 2.50861 0.980989 0.0362183 -0.107348 0.453078 -0.089707 
4.55678 -0.632611 -0.771318 0.737626 1.01223 -0.728708 2.90741 1.27746 -0.216244 -0.145988 0.166838 -0.0756798 
5.03361 -1.85579 -0.423563 1.44208 0.421334 -1.13612 3.20753 1.19042 -0.117711 -0.499463 -0.0356258 -0.0673235 
4.90406 -1.73547 -0.791344 1.50383 0.571281 -0.635965 2.79691 1.37247 0.0421737 -0.562502 -0.045276 -0.0744166 
5.85799 -2.62571 -0.648314 1.42372 1.14801 -1.70606 3.87247 1.90608 -0.202112 -0.405657 -0.176434 0.00700951 
4.4468 -1.05825 -1.20015 1.51279 0.480308 0.144023 2.29594 1.92552 0.112765 -0.722658 -0.00668372 -0.0231937 
4.80242 -1.05155 -0.900347 2.00173 0.45997 -0.195789 2.41182 1.88134 0.278082 -0.821446 -0.117832 0.00637625 
5.73383 -1.69385 -0.927181 2.03428 -0.282317 -0.365001 3.0084 2.18611 0.361076 -0.770958 -0.235461 -0.0454035 
4.53069 -0.255783 -0.788334 1.14113 0.164397 -0.072152 1.5597 1.8517 0.102977 -1.15037 -0.422127 -0.0650185 
5.74924 -0.908435 -0.486551 1.8105 -0.914216 0.0259195 2.11078 1.72222 0.305856 -0.783908 -0.351924 -0.0251069 
7.32086 -0.947611 -0.696145 2.02529 0.116704 0.705681 1.2746 2.03885 0.305447 -0.726331 -0.370414 0.0314122 
7.79673 -1.15359 -0.303236 2.33131 -0.339463 0.568843 1.05697 1.76873 0.415873 -0.581682 -0.395832 0.0341666 
6.13993 1.08033 -1.16752 1.5365 1.9011 0.0841795 0.821464 1.7368 0.270617 -0.726138 -0.390029 0.0725181 
4.28955 2.0279 0.669278 1.37131 1.6267 0.603883 0.327122 0.98835 0.665701 -0.2641 0.0449566 0.0343229 
3.84785 2.27323 1.29744 1.63713 1.60164 0.633925 0.291615 0.803498 0.718436 0.0487234 0.0482106 0.0155824 
4.27211 2.70974 1.49418 1.52157 1.49784 0.897526 0.719982 0.91513 0.488968 -0.0550342 0.210406 0.0562866 
5.04226 2.90905 1.15664 1.82049 1.95337 0.330023 -0.0759878 1.17134 0.979874 -0.14137 0.0982281 0.0580301 
4.19271 3.28778 2.51376 2.29048 1.47555 0.0859664 -0.140954 0.794674 1.03448 0.381331 0.071056 0.0355052 
4.70178 3.57291 2.2802 2.05895 1.62906 0.342244 -0.194871 0.362531 0.460339 0.0451755 0.0718578 0.00701541 
4.00588 3.25911 2.68847 2.43359 1.82838 0.776462 0.14545 -0.0363145 -0.233345 -0.275416 0.180988 -0.000804481 
3.19619 2.56983 2.04975 1.68547 1.43864 1.025 0.264808 -0.449666 -0.547062 -0.101172 0.259794 -0.019837 
3.3735 2.52311 1.85343 1.48198 1.11487 0.549777 0.0391525 -0.187603 -0.208358 -0.0141916 0.278464 0.0180662 
4.61577 2.66206 1.24666 1.68887 1.5806 0.166356 -0.0271249 0.332948 -0.463018 -0.802808 0.388801 0.161293 
4.95519 2.27691 0.711615 1.77595 2.48798 -0.259575 0.305121 0.815929 -0.497322 -0.791526 0.183277 0.208019 
4.54983 2.23811 0.414054 1.60407 4.43215 -0.213665 1.12799 0.684401 -0.42414 -0.476637 -0.0436785 0.204393 
5.20535 1.9178 -0.0345282 2.20699 3.41557 -0.134435 0.703883 0.489986 0.306908 -0.387542 0.25502 0.276346 
3.8558 2.01478 0.40328 1.92919 2.43782 0.735906 0.55818 0.537752 0.741851 -0.413926 0.191121 0.0696962 
3.81817 2.05968 1.12999 1.52879 2.46597 0.75761 0.521148 0.67715 0.738816 0.227155 0.205955 0.0517356 
4.30639 2.94442 1.48319 1.18035 1.08444 0.445833 0.417672 1.06191 1.14285 0.507369 0.379333 0.0915957 
3.08653 2.58694 2.21624 1.75893 1.1884 0.749926 0.676638 0.824342 0.875826 0.728149 0.49089 0.10183 
2.84884 2.37658 2.09698 1.77454 1.39869 1.14406 0.935332 0.874679 0.76988 0.617146 0.373924 0.0624017 
3.10041 2.58096 2.52987 1.86074 1.01615 1.55773 1.07498 0.423187 1.11225 0.779426 0.163717 0.0647466 
3.22011 2.80456 2.342 1.80683 1.36751 1.10149 1.01511 0.980019 0.9077 0.608006 0.239836 0.0746434 
2.77094 2.33039 2.11556 1.93701 1.71438 1.50004 1.29063 1.05745 0.823538 0.564776 0.322607 0.0739061 
2.75764 2.32152 2.13743 1.99362 1.80952 1.5879 1.36098 1.07616 0.808152 0.572575 0.337892 0.0703547 
2.82735 2.41723 2.21242 2.07263 1.88811 1.63352 1.37921 1.12464 0.905132 0.624014 0.35143 0.0751157 
2.98945 2.61167 2.57406 2.31961 2.10228 1.87781 1.53548 1.21514 0.870632 0.602882 0.319932 0.095512 
3.02566 2.66708 2.5459 2.39574 2.18957 1.88417 1.57783 1.33799 0.974015 0.644328 0.365552 0.111044 
3.12571 2.8356 2.94122 2.621 2.53852 2.42772 1.77102 1.58136 0.901201 0.58086 0.340564 0.123735 
2.83626 2.63801 2.41407 2.22788 2.13825 1.90361 1.55771 1.38871 0.962649 0.58277 0.369976 0.100211 
2.66321 2.18191 2.17855 1.78343 1.53475 1.68431 1.49988 0.968051 0.872074 0.643581 0.335515 0.0730794 
1.85537 2.19885 2.88569 1.48758 2.4814 2.56823 1.48028 1.07291 1.07739 0.502173 0.672974 0.0751557 
