2.00068 0.770645 1.88776 0.429295 0.572397 0.376957 0.935051 -0.123544 1.09681 0.376888 0.348389 0.0487942 
1.7203 1.10917 1.7709 1.06608 0.554638 0.475175 -0.588132 -0.209981 0.743478 -0.452505 0.430572 0.0377615 
1.9281 1.06437 1.74271 -0.490467 1.5103 0.311678 0.793713 -0.782169 0.213483 0.104188 0.232343 0.0577809 
1.89857 1.18202 2.51042 0.210358 1.22003 0.539241 0.840877 -0.155973 0.761163 0.224856 0.206279 0.069945 
1.66815 1.39359 2.40539 -0.258774 1.44325 0.603942 0.221247 0.00260856 0.795887 0.139383 0.349751 0.0772613 
1.8219 0.884671 1.96842 -0.472381 0.923673 0.800423 0.654855 0.404821 0.662171 -0.0204789 0.204912 0.0562081 
1.9662 0.599588 1.42176 -0.166245 1.96657 -0.0575981 0.797078 -0.180078 0.626844 0.17947 0.216974 0.105596 
1.80415 0.790283 2.05968 -0.276699 1.3967 1.47642 1.06222 -0.225909 0.76456 -0.0568412 0.226367 0.0723727 
1.88558 0.997027 2.2073 0.131369 1.33658 0.471694 1.42797 0.217116 0.30238 -0.0181899 0.240914 0.0555926 
1.76495 0.890112 1.46486 -0.467918 1.35305 -0.371662 0.777958 -0.0140093 0.191534 -0.16368 0.0149053 0.0561772 
2.01718 0.861743 1.55704 0.236566 1.21044 0.228027 0.544938 -0.179215 0.440132 -0.170257 0.237201 0.088967 
1.80436 1.01003 2.0834 -0.00137971 1.46418 0.652549 0.623465 0.215774 0.444015 0.236997 0.142768 0.0511875 
1.82702 0.481251 2.23702 0.0305156 1.42522 0.0676131 0.342579 0.362103 0.612299 0.0379579 0.470589 0.055818 
1.96062 0.371947 1.60578 -0.869592 1.08051 0.286358 0.686422 -0.172436 0.664273 -0.192786 0.196764 0.0804325 
2.04697 0.843643 2.41491 -0.376671 0.914139 0.158686 -0.0254229 0.536289 1.10014 0.0340956 0.260015 0.0350985 
1.99534 0.602342 1.88465 -0.0026031 1.70599 0.238147 1.19472 0.285257 0.132932 0.138435 0.201692 0.0630166 
2.12502 0.748194 2.1214 -0.26362 1.08317 0.0794205 1.3102 0.557287 0.530208 -0.0465207 -0.0895613 0.0729782 
1.7343 0.464689 1.51653 0.290731 1.26068 -0.428438 1.24821 -0.29958 0.413733 -0.248051 0.141101 0.0584921 
1.89434 0.6756 1.68784 0.166366 1.60112 -0.392761 0.739692 0.299576 0.747045 0.271531 0.290275 0.0181815 
1.83181 0.921413 2.49518 0.00390047 1.49933 0.106063 0.799197 -0.242863 0.33148 0.534443 0.18096 0.0414675 
2.06407 0.819731 1.47486 -0.276231 0.660888 0.244055 1.04336 -0.0636432 0.327806 -0.237314 0.439265 0.0430111 
1.92948 0.669521 2.09819 -0.24577 1.12775 0.112689 -0.0969895 0.430723 0.327852 0.00738659 0.314464 0.00163231 
1.9821 0.687264 2.26661 -0.334487 1.03404 0.21206 0.685472 0.280809 0.618082 -0.10765 0.419214 0.091926 
1.99924 0.554557 2.00929 -0.41951 1.50579 -0.122517 0.600552 -0.405745 0.425032 -0.142956 0.157337 0.0946973 
2.08118 0.676216 2.1504 -0.622511 1.23011 0.0541515 0.00166539 0.0910516 0.870897 -0.0901736 0.151054 0.10561 
1.83327 0.56841 1.98334 -0.457393 1.33792 0.231894 0.384759 -0.395618 0.0763872 0.0495448 0.0801571 0.0367466 
2.06985 0.663268 2.03801 -0.148567 1.11348 -0.0450114 0.764493 0.174818 -0.0489139 0.311404 0.151056 0.107597 
1.98921 0.89701 1.58798 -0.459719 1.32942 0.170477 0.317513 -0.205919 0.248363 0.074302 0.368313 0.0799263 
1.81364 0.669094 1.80941 0.152634 1.2775 0.101743 0.573935 0.261327 0.444718 0.112153 0.205483 0.0686124 
2.16295 0.979987 2.10246 -0.448281 1.08355 0.142094 1.12854 -0.20091 0.328395 0.00785961 0.12043 0.0737894 
1.87385 0.535701 2.39161 -0.273108 1.2579 0.288125 0.52628 -0.102954 0.289993 -0.132287 0.345584 0.0762356 
2.13587 0.391302 2.77115 0.0453896 1.4856 0.212898 0.751356 0.575397 0.392016 -0.232473 0.3131 0.114087 
1.66783 1.02051 1.42006 0.137226 1.7194 0.862374 0.375994 -0.0883278 0.347052 0.215987 0.220852 0.0273202 
-1.1682 2.35073 -0.832377 3.54663 0.112265 -1.04824 0.934897 1.35768 -0.108115 -0.605557 0.565701 0.0307374 
-0.624997 1.66569 0.43833 3.42149 0.161691 -1.78728 0.248752 1.32482 0.220275 -0.397036 0.710206 0.0383027 
0.515681 -0.799453 1.17369 2.88773 -1.93368 -0.989627 2.37506 3.23144 0.912843 -0.624404 0.339006 -0.0227542 
-1.49669 -2.777 1.03282 0.637721 -1.01579 -2.21651 3.40267 2.32657 -1.41371 -0.483661 -0.13195 -0.103886 
-3.37131 -2.74219 2.15173 1.65198 -2.27426 -1.67366 5.14798 2.26438 -1.03745 0.0039976 0.623574 -0.226888 
-3.02401 -1.7667 2.57998 0.833866 -0.68829 -2.06081 2.64281 0.894627 -1.40621 0.116923 0.422082 -0.158395 
-4.20965 -1.32931 2.08766 1.15596 -0.689863 -2.02637 1.57614 1.27659 -0.354121 -0.117745 0.540119 -0.18752 
-5.2399 -1.03857 1.87035 0.344258 -1.11958 -2.02946 2.49691 1.3619 -0.680747 -0.019256 0.409952 -0.147461 
-5.8843 -1.3506 2.03714 -0.526098 -1.23129 -1.04348 2.94993 1.42843 -0.599616 -0.378694 0.595571 -0.22179 
-5.51746 -0.26184 2.32365 -0.505059 -0.0858596 -0.576706 1.43879 1.19554 0.156266 -0.125807 0.432375 -0.142296 
-5.35141 0.255064 2.31592 -0.179705 -0.284637 -0.239753 1.53451 1.48177 -0.182391 -0.265647 0.524714 -0.126558 
-5.8591 0.564802 1.34927 -0.818601 -0.660337 -0.880461 1.12617 1.30075 -0.362463 -0.233775 0.152147 -0.0282438 
-5.50111 0.782401 0.906462 -1.46533 -1.14735 -0.20788 1.14787 1.30748 0.058572 -0.667955 0.0850785 0.0534793 
-4.82322 -0.240795 1.42128 -1.38169 -0.144857 -1.21134 1.6904 0.714302 0.633467 -0.520738 -0.021978 0.0381675 
-3.83494 -0.571956 0.54072 -2.42313 -0.656244 -1.36064 1.75972 0.97317 -0.246509 0.037558 -0.408097 0.0230505 
-1.8322 -0.202277 0.769862 -2.26605 -2.01133 -0.749279 1.77198 0.581001 1.2953 0.129681 -0.245965 -0.0149848 
1.81476 1.12933 2.11974 0.301603 0.347076 -0.761313 3.26619 1.37198 0.474469 0.31334 -0.047339 -0.111627 
3.15938 0.313857 0.649331 0.188231 0.82514 -0.866286 3.77343 1.02727 0.248144 0.0201746 0.0820516 -0.104219 
4.37762 -1.14128 0.669565 0.568924 0.660951 -1.1634 4.25216 1.42236 0.181701 -0.193448 -0.115858 0.00233265 
5.17833 -1.26504 0.335262 1.04867 -0.0716247 -1.71551 4.70461 1.35127 0.160117 -0.441475 -0.225473 -0.000903484 
4.62174 -0.385918 -0.138398 1.4346 0.000960604 -0.6935 3.27001 1.70696 0.0710535 -0.695985 -0.0676796 -0.0527287 
4.97508 -0.565737 -0.554814 2.06218 0.222739 -0.381715 2.84395 1.92065 -0.00478003 -0.755836 -0.114586 -0.0422312 
5.3911 -0.824057 -0.608222 2.23173 -0.0539719 -0.978149 3.07436 1.43103 -0.0543179 -0.913708 -0.124023 -0.0540006 
5.22016 -0.203547 -0.856684 2.50011 0.00828163 -1.25057 2.61166 1.52752 0.0851695 -1.04488 -0.159748 -0.0684698 
5.50025 -0.687316 -1.3494 1.93388 0.456723 -0.46096 2.31915 1.79326 -0.317903 -1.08597 -0.216684 -0.027972 
3.62276 0.49215 -0.469162 1.10748 1.17046 0.266737 1.06355 1.51885 -0.0220886 -0.773856 -0.202352 -0.0377727 
3.42086 0.09287 -0.392761 1.05611 0.579262 0.192559 1.76302 2.03586 0.377129 -0.67537 -0.127667 -0.0804974 
6.92873 -0.350935 -2.22421 1.83584 1.12044 -1.01827 2.13122 1.7713 0.511751 -0.929404 -0.294091 -0.0163496 
5.61615 0.353977 -1.74382 1.13375 0.761544 -0.721319 1.16237 2.02145 0.0258739 -0.770797 -0.34554 -0.0144612 
4.55046 0.991838 -0.433102 0.696407 0.562495 -0.268359 0.874276 1.72113 0.248543 -1.03189 -0.310019 -0.0142629 
5.88037 1.29105 -0.332952 1.49699 1.25824 -0.255921 0.558348 1.57991 0.268353 -0.844409 -0.416066 0.0225842 
5.97505 1.78447 -0.312473 1.5776 1.54425 -0.270911 0.373814 1.41069 0.129054 -0.786722 -0.286025 0.0917237 
4.88593 2.09802 0.214523 1.02014 1.32445 0.0234118 0.0881722 0.98833 0.225357 -0.840467 0.0642914 0.117142 
6.85035 2.2647 -0.296403 1.82108 1.73851 -0.588869 0.197071 1.72425 0.832186 0.0464233 -0.22455 0.0114248 
6.52567 2.90354 0.235624 1.25766 1.26837 -0.783919 0.0511089 1.90387 1.00552 -0.00829302 -0.205301 0.0352305 
4.22326 3.49298 2.69827 1.87095 0.696291 -0.141578 0.106319 0.832595 0.891807 0.331373 -0.151494 -0.0278843 
3.43985 3.01219 2.48533 1.75188 1.07412 0.674245 0.563593 0.611175 0.556275 0.373152 0.14369 0.0551975 
3.35315 3.05373 2.7271 2.1947 1.58312 1.05473 0.712009 0.559528 0.470542 0.382547 0.296605 0.074704 
4.64324 3.74403 2.92584 2.86969 2.34289 0.891746 0.0484675 0.0229343 -0.122922 -0.266632 0.160964 0.036764 
5.21024 2.94778 1.31363 1.91821 3.13218 0.357863 -0.608874 -0.347876 -0.184872 -1.00578 -0.0223069 0.0406705 
4.90174 3.14105 0.42191 1.91681 3.66837 -0.212396 -0.642942 -0.620911 0.0721866 -1.20616 0.0282074 0.0312665 
3.89016 2.33799 0.939959 1.05497 1.63901 0.343231 -0.108392 -0.0728733 -0.0418079 -0.489919 0.169076 0.00683994 
3.61686 2.16358 0.649441 1.0482 1.37898 -1.18142 -0.323945 -0.260736 -0.148388 -0.528857 0.206471 0.0726679 
4.73927 2.75712 -0.721546 1.45472 3.68517 -1.81982 0.31962 -1.1504 0.620994 -0.971 0.164656 0.221523 
5.85037 1.85277 -1.28101 2.46784 2.68597 -2.08471 0.706272 -1.2837 0.989091 -0.629724 0.365184 0.246329 
4.46023 1.85443 -0.928399 2.41933 2.84774 -2.16054 0.750018 -1.04665 0.956922 -0.58976 0.500392 0.26631 
5.00526 2.09387 -0.73613 3.06204 2.95583 -1.97455 1.30242 -0.836594 0.843488 -0.910264 0.412295 0.259859 
5.01981 1.44037 -0.499213 2.69204 3.36044 -1.41309 1.32832 -0.588488 0.731627 -0.747252 0.234465 0.267913 
3.52104 2.62403 0.802057 1.15275 2.55173 -0.144128 0.480205 0.549147 0.361491 -1.09637 0.482438 0.0565292 
3.61168 2.6605 1.69482 1.21475 1.30434 1.10015 0.921443 0.663212 0.557923 0.366307 0.383685 0.0778053 
3.08148 2.50138 2.1497 1.96184 1.71778 1.19767 0.812746 0.89666 1.00872 0.751001 0.403748 0.0882331 
3.02261 2.54732 2.32388 2.13734 1.77651 1.21837 0.795203 0.71406 0.752083 0.673161 0.455806 0.0880147 
