1.88069 0.836137 1.9698 -0.510459 1.53337 -0.14552 0.880847 0.0377083 0.811182 0.512658 -0.060665 0.0322384 
1.9303 0.693821 1.66574 -0.211447 1.52178 -0.352095 -0.422054 -0.696119 0.832774 0.335619 0.0905355 0.0979771 
1.85968 0.683884 1.96368 -0.216174 1.76844 0.524733 0.564652 0.535834 0.871237 0.058797 -0.171982 0.0451728 
1.70058 0.44013 1.87464 -0.553946 1.33435 0.746221 0.874344 0.231194 0.990043 0.057958 0.281206 0.0632949 
1.86931 0.348186 2.21149 -0.52446 1.88726 -0.0522424 0.386644 0.379231 0.487937 -0.374205 -0.103671 0.130117 
1.60416 0.565634 1.29165 -1.11057 0.929772 0.345342 0.41253 -0.475752 0.853542 0.0298649 0.176874 0.123036 
1.9391 0.601858 1.46541 -0.705099 0.672596 -0.267423 0.790677 0.181547 0.374716 0.232546 0.281309 0.0338916 
1.89752 0.38298 1.98678 0.197373 1.29596 0.615391 0.981593 0.10458 0.740953 0.0658487 0.184636 0.0686751 
2.08416 0.85114 1.48639 -0.639118 0.435966 -0.0592886 0.694106 -0.16967 0.491412 -0.204826 0.213812 0.0245588 
2.01235 0.666249 1.38433 -0.818943 1.30785 0.339071 1.10639 -0.557373 0.518807 -0.189283 0.103753 -0.00179175 
2.05544 0.635703 1.64067 -0.195222 1.21595 0.102739 0.970132 -0.371273 0.493568 0.28202 0.149518 0.0872631 
1.95653 1.08094 2.32666 0.274517 1.49936 0.559218 0.818567 0.141647 0.426956 0.143888 0.113387 0.0417533 
2.10735 1.04956 1.87919 -0.272725 1.1278 0.49058 0.61985 -0.862436 0.25642 -0.424995 0.183296 0.0395462 
1.71171 0.235431 2.365 -0.636624 1.76219 0.390594 0.10424 -0.284123 0.349412 -0.184926 0.0349453 0.0818942 
1.74328 0.460903 2.13175 -0.0630969 0.878692 0.178347 0.380069 0.313545 0.726789 0.0081265 0.234029 0.0436715 
1.92986 0.552196 1.81057 -0.571351 1.7657 -0.0359902 0.322856 -0.591461 0.255609 -0.114169 0.189101 0.139784 
1.80639 0.815682 1.4675 0.0719379 1.59377 0.134754 0.531747 -0.282269 0.557497 -0.0872882 0.404621 0.00469535 
1.68213 0.948361 1.48807 -0.284266 0.753317 0.218807 0.674943 -0.193455 0.0863479 -0.0834968 0.25319 0.0504174 
1.86169 0.784766 1.75055 0.0676352 1.12486 -0.245123 0.362609 -0.130288 0.848869 0.0090054 0.327397 0.0758158 
1.70015 0.203142 1.60312 0.455631 1.06743 0.375469 0.0951321 -0.849271 0.158464 0.182885 0.299898 -0.0568008 
2.02857 0.220702 1.85228 0.130754 1.37886 0.437497 0.412374 -0.213975 0.159998 0.33975 0.0475464 0.0571676 
1.66729 0.909491 1.60148 0.387247 1.58328 0.935912 0.357768 -0.0222728 0.16915 -0.382991 0.397432 0.0624041 
0.533813 2.42777 -0.365527 0.761489 -0.0204196 0.448878 0.0304984 -0.894821 0.823176 -0.836392 0.423127 -0.0579358 
-1.57026 3.93593 -1.38386 2.08117 0.599429 -0.492457 -0.504401 0.166056 1.22617 -0.69012 0.436053 -0.101023 
0.0187808 1.45733 -0.342044 3.12653 0.597212 -1.08483 0.667898 0.100562 1.42989 -1.02856 0.189796 0.0646446 
0.89762 -2.69601 -1.88081 3.14019 -1.30099 -2.22884 1.94357 2.66725 0.983322 -1.08285 -0.142349 -0.100955 
-1.42982 -2.88238 -1.25096 1.63652 -0.530938 -2.52881 2.21706 2.90991 0.409121 -0.964831 -0.00506538 -0.0782881 
-1.73363 -3.40033 0.0683463 1.99022 -0.370113 -3.41372 1.51205 2.50619 0.521969 -1.39891 0.346944 -0.00115338 
-2.9259 -3.01303 -0.429992 2.20045 -1.12878 -3.59742 2.49886 2.99228 -0.803678 -1.17941 0.54426 -0.0525373 
-3.75743 -2.71207 0.171068 1.89977 -0.168902 -2.95595 0.745292 2.02292 0.0349065 -0.718818 0.30468 -0.0990278 
-3.65144 -1.75617 1.23776 0.978719 -0.726096 -2.40214 1.80248 1.5261 -0.442097 -0.818844 0.604411 -0.0894947 
-5.39816 -1.97422 0.365864 0.635539 -1.65714 -3.13104 3.04925 1.22019 -0.388013 -0.487742 0.490345 -0.181488 
-5.15459 -2.36248 0.733579 0.381403 -0.888013 -2.81931 2.85855 1.57234 -0.441882 -0.519043 0.313376 -0.125528 
-5.25129 -1.36613 1.25499 0.567365 -0.926634 -2.31029 2.33231 1.38296 -0.0114249 -0.844574 0.792551 -0.14937 
-5.99795 -1.34424 0.839361 0.0121248 -1.3713 -1.84386 1.65987 1.48353 -0.0736914 -0.856571 0.675214 -0.195416 
-5.72624 -2.18681 0.95589 0.603296 -0.397168 -1.41678 1.40994 1.76725 -0.733106 -0.497545 0.416104 -0.122073 
-4.78331 -0.768345 0.855328 0.332464 -0.0795826 -1.3386 1.21053 0.968147 -0.184677 -0.498395 0.352668 -0.101618 
-4.54151 -0.306153 1.19968 -0.594855 -0.553967 -0.460141 0.592624 1.31678 0.104814 -1.22511 0.723128 -0.127793 
-4.97733 -1.09239 0.999771 -0.206457 -0.644775 -0.743864 0.733606 1.73027 0.617519 -1.34076 0.516512 -0.0617004 
-4.61525 -0.576897 1.53065 0.0512813 -0.627457 -1.17337 0.985246 1.11614 0.042384 -1.22987 0.869279 -0.160883 
-4.76406 -0.130169 1.59205 0.211809 -1.20132 -1.24146 0.8841 1.24692 -0.396092 -0.863955 0.927456 -0.2233 
-4.81789 -1.64024 0.243428 -1.9362 -1.40862 -0.997577 1.61709 1.87967 -0.605008 -0.721791 0.632561 -0.269641 
-3.20413 -1.00576 -1.15916 -2.33707 -1.12279 -1.57636 2.26626 1.33665 -0.860803 -0.496208 0.282011 -0.172485 
-1.23295 0.142784 0.87581 -0.330982 -0.246712 -0.840836 2.24644 1.76942 -0.117263 -0.249693 0.592714 -0.209779 
1.98833 2.01294 1.7566 1.02211 1.63661 0.43725 2.08922 0.806185 -0.0151782 0.0766784 0.426882 -0.0574519 
3.2655 1.41239 1.23939 0.0415454 0.940001 0.698398 1.76405 0.840235 -0.624817 0.688016 -0.0902083 -0.124438 
5.53899 0.343771 -0.378121 0.501609 1.61657 -0.982781 2.70141 1.23965 -0.294913 0.316795 0.0702305 -0.0564161 
6.67291 -0.688269 -0.744796 1.55332 0.335829 0.121532 1.69384 1.76917 -0.127015 -0.353284 0.00384767 -0.0816786 
5.66905 -0.474747 -1.58564 1.39372 0.948333 0.0816907 1.29393 1.89936 0.0672088 -0.306863 -0.0457536 -0.0507441 
4.42515 0.583404 -1.00708 0.471237 0.520512 0.202752 1.785 1.96479 0.130076 -0.192122 -0.0971746 -0.0826724 
3.47795 -0.19932 -0.630356 1.0252 0.586033 0.0661217 1.48428 1.86746 0.172447 -0.645232 -0.00201914 -0.0741418 
5.76147 -1.01228 -1.55931 2.1052 0.839625 -0.407856 1.73716 2.17382 0.422778 -0.614367 -0.164052 -0.0101779 
4.50019 -0.289191 -1.27892 1.69609 1.04546 -0.440866 1.27796 2.0353 0.38242 -0.638249 -0.377385 -0.0651466 
4.9134 -0.268455 -1.31137 1.57788 0.712074 -0.705083 1.35784 2.02173 0.28448 -0.630766 -0.327315 -0.0819536 
5.40989 0.167409 -1.75266 1.38194 1.01431 -0.786317 1.05438 2.12647 0.208003 -0.815361 -0.489459 -0.0380428 
5.70486 0.258701 -1.5429 1.24058 0.884073 -0.682884 0.875957 1.9486 0.234632 -0.79522 -0.468405 -0.038172 
7.20132 0.389169 -1.66823 1.94964 1.50658 -0.810579 0.599912 1.58928 0.401293 -0.845497 -0.494732 -0.0164588 
6.2604 1.36752 -0.925861 1.47722 1.65414 -0.445498 0.40121 1.63156 0.218161 -0.819573 -0.543386 0.00321223 
6.07258 2.02519 -0.0272477 1.81236 2.02362 -0.25501 -0.293209 1.08905 0.457804 -0.520915 -0.25241 0.0837576 
6.46462 2.3454 0.313711 2.27127 2.12246 -0.486133 -0.139073 1.57901 0.761459 -0.00665191 -0.128135 0.0934471 
4.85914 2.9365 1.38847 1.65205 1.62833 0.493196 0.473827 1.67155 1.56365 0.248169 -0.189486 -0.0747799 
4.41186 3.37888 1.9712 1.32235 1.44663 1.49299 1.31933 1.12656 0.791339 0.225539 -0.0652621 -0.0200427 
5.65855 4.28873 2.13343 0.94179 0.754095 0.656608 0.724456 0.871789 0.571529 0.00500728 -0.108275 -0.0751472 
3.84786 3.19882 2.2913 1.39609 0.802834 0.646019 0.799497 0.960898 0.687536 0.22623 -0.11385 -0.022407 
2.95458 2.41982 2.07558 1.71286 1.31943 0.969532 0.629995 0.324107 0.147868 0.118068 0.125543 0.0299774 
3.33922 2.88994 2.57697 2.20831 1.65843 0.96998 0.45809 0.144906 -0.0389244 -0.0821879 0.0115185 -0.0192751 
4.01029 2.87093 2.38681 2.77618 2.05649 0.264508 -0.413047 0.0491129 -0.117002 -0.432969 0.195598 0.0263271 
3.60083 2.74819 2.3614 2.09718 1.19151 0.26455 0.138136 0.205723 -0.15655 -0.2661 0.246119 0.0336771 
3.56651 2.4136 1.96119 1.90343 0.854796 -0.436724 -0.386175 0.117964 -0.140736 -0.232416 0.420131 0.0963234 
5.8573 1.10313 -0.213554 4.24035 1.81271 -2.03416 0.328732 -0.658771 0.704049 -0.519141 0.594338 0.257714 
4.76131 1.59486 -0.261558 3.41226 2.4843 -2.21487 0.584921 -0.837949 0.935839 -0.66843 0.520631 0.244356 
4.99361 0.912413 0.104745 3.00157 2.11417 -1.56718 0.855678 0.21414 0.334808 -0.206984 0.344773 0.194666 
5.26169 1.05387 -0.0992449 1.95167 2.44599 -0.974882 2.07108 0.551341 0.74305 -0.360715 0.277656 0.276887 
4.58644 2.40377 0.611639 0.90353 1.40855 0.691087 1.43573 1.4864 0.935802 -0.110488 0.367162 0.138611 
3.5893 2.79464 2.37224 2.44541 2.00894 0.702401 -0.138388 0.230053 0.941909 0.933159 0.537893 0.127859 
3.42539 2.61548 2.12868 2.3036 2.18847 1.12664 0.0880947 0.293208 1.09924 1.16752 0.621638 0.122453 
5.44385 3.2602 1.02747 2.0279 3.47493 1.66075 -0.518597 0.219319 1.65766 1.44148 0.574437 0.0297226 
2.92233 2.29278 2.12027 2.24644 2.09014 1.43521 0.931097 0.903542 0.938402 0.654936 0.281898 0.0712155 
2.84455 1.97484 1.76519 2.19358 2.2335 1.31001 0.460137 0.634109 1.12286 0.875187 0.213612 0.0403879 
3.29421 2.08307 1.79741 2.93928 3.33713 1.64986 0.0749962 0.555362 1.55718 1.14871 0.0666955 0.000394256 
2.87656 1.89811 1.69834 2.42567 2.64338 1.59626 0.538798 0.717655 1.27861 0.933291 0.179807 0.037699 
2.75242 2.01304 1.86271 2.25276 2.15008 1.30976 0.782251 0.965944 1.11122 0.626953 0.121798 0.0464033 
3.0218 2.41593 2.03479 2.21405 2.46745 1.95541 1.11606 0.794774 0.846449 0.653236 0.198819 0.0566149 
3.04736 2.66897 2.55832 2.19822 2.28936 1.8797 1.5546 1.13095 0.752258 0.559005 0.242503 0.0876146 
2.76431 2.30805 2.10673 2.02839 1.82263 1.57665 1.40197 1.1635 0.831767 0.610544 0.37228 0.085639 
