1.79738 0.489115 1.54284 0.32139 0.813911 0.307397 -0.234057 0.171694 0.792874 -0.236877 0.178631 0.032764 
1.80943 0.786685 1.10469 -0.825044 0.301458 -0.257005 0.805581 0.9095 1.38927 -0.464518 -0.0591962 0.0446092 
1.92413 0.754549 1.40621 -1.01988 0.712052 -0.0989106 0.457202 0.599088 0.560036 -0.0443221 -0.0854286 -0.0476712 
1.63868 0.740194 1.56374 -0.777897 0.275678 -0.689266 0.449837 0.203186 1.40313 0.674193 0.384153 0.00603515 
2.03271 0.822946 1.08687 -1.2406 0.174064 -0.67128 0.746671 0.827961 0.813832 0.0713658 0.416688 0.0271908 
2.03987 0.595334 1.91844 -0.839479 1.43046 -0.939564 0.727571 0.526076 0.429788 0.436732 0.166691 0.00230006 
2.06017 0.987547 0.933237 -0.81881 0.244305 -0.506565 0.554276 0.101108 1.16992 0.678667 0.34105 0.0291893 
2.06795 0.778067 0.969429 -1.60614 0.105476 -0.329413 0.188589 -0.270104 0.773202 0.0409032 0.595865 0.0177695 
1.87575 1.054 1.83849 -0.515861 1.02201 0.32112 1.15425 0.140397 0.976361 -0.171096 0.0630052 0.0298261 
1.63435 0.810229 1.5388 -0.659045 0.475091 0.408753 0.519327 -0.112226 0.585982 -0.0492607 0.274199 -0.0166314 
1.84983 0.513803 2.32323 -0.785141 1.32758 -0.030051 0.629837 -0.135523 0.287305 0.142644 -0.0791675 0.0453822 
1.58938 1.10471 1.34994 -0.210755 1.79679 0.190625 0.597624 0.538069 0.784112 -0.084403 0.291178 0.0285942 
1.58746 0.6725 1.59163 -0.422643 1.24214 0.543238 0.400838 0.74831 0.425587 -0.0306192 0.127344 0.0347873 
1.61025 0.69549 1.72932 -0.0487392 1.4456 0.368338 1.13995 -0.0257804 0.301946 -0.338293 0.00945051 0.119056 
1.96397 0.713031 1.71796 0.58971 1.6472 0.401503 0.830986 1.40936 1.05672 0.0767087 0.0303788 0.0472665 
1.47747 0.309978 1.44079 -0.440182 1.4209 -0.558943 0.622157 0.532595 0.933998 -0.340669 -0.299471 0.0675092 
1.81748 0.667126 1.68542 0.441831 1.19198 0.41444 0.644003 0.00660244 0.22267 -0.316839 0.20362 0.0124444 
1.59656 0.482612 1.43523 -0.0850473 1.57494 0.285293 0.526729 0.689252 0.521325 -0.491652 -0.0316196 -4.37761e-005 
1.60127 0.843198 2.13023 -0.33677 1.06725 -0.30358 1.13896 0.431149 0.309487 0.0334869 -0.144986 0.0245315 
1.71234 0.933546 2.17029 0.267593 1.33727 -0.119225 0.479605 0.233514 0.484209 -0.501525 0.020177 0.0886913 
1.89333 0.680751 1.19305 -0.381362 1.33776 -0.0463515 0.545832 0.208064 0.847027 -0.383528 -0.00310486 0.0405658 
1.45146 1.25079 2.01976 0.361591 1.40353 0.0501989 0.838426 -0.209527 0.38101 0.199184 0.512172 0.0167353 
1.48364 0.66607 1.50491 -0.00118263 1.28282 0.711088 0.521124 0.735882 0.677011 0.0973392 0.0719445 0.0155177 
1.60295 1.12332 1.64631 -0.138322 1.19286 0.383924 0.0886902 0.196735 0.657428 -0.205543 0.235937 0.01339 
1.70717 1.03462 2.11273 -0.145315 0.957281 -0.516185 0.0174864 0.236077 -0.353522 -0.40377 0.12092 0.0921977 
1.56457 0.530544 1.3771 -0.296243 1.26195 -0.734989 0.387517 0.153316 0.219803 -0.32301 0.0717549 0.0381984 
-1.83991 1.86397 -0.495225 3.79865 0.106749 -2.13631 1.78617 0.180872 0.326069 -0.522599 0.621537 -0.0125604 
-0.782271 -1.50147 -0.881288 0.26302 -2.83708 -0.476056 2.51503 1.35349 1.09578 -1.10406 0.326809 -0.163966 
-2.75445 -2.92392 -0.113638 0.104912 -1.63628 -0.784312 3.3649 1.46546 -0.561876 -1.39767 0.319324 -0.164631 
-3.80095 -2.54877 0.00843839 0.144654 -0.774646 -0.815699 2.19475 1.84801 0.743696 -1.06177 -0.0285519 -0.0939848 
-4.33109 -2.53773 -0.499911 -0.884782 -1.25779 -1.78339 1.85055 1.29615 0.414001 -0.742492 0.297477 -0.217455 
-4.65012 -1.42076 1.23658 0.555174 -1.95914 -1.48047 2.17216 0.87917 -0.460402 -0.193053 0.461388 -0.149423 
-4.71839 0.295717 0.801479 0.534175 -1.86263 -0.649024 2.45797 -0.431192 0.254952 -0.482302 0.757449 -0.23717 
-4.61092 1.07263 0.153966 -0.240711 -0.175438 -1.01703 0.249155 1.26716 -0.206091 -0.142204 0.366091 -0.211704 
-4.66288 -0.487392 1.21438 -1.20862 -0.69631 -1.00777 1.14759 0.607797 0.395598 0.0658315 -0.216198 -0.043159 
-4.55102 0.0456029 1.35882 -1.91411 -0.926712 -0.431847 1.39562 0.48899 0.298701 -0.320444 0.0812207 -0.127852 
-4.27646 0.0540706 0.918932 -1.86076 -1.22879 -0.708359 1.37055 1.01295 0.234307 -0.871137 0.29799 -0.12594 
-3.27843 -0.712221 0.172011 -1.94135 -2.41127 -0.776096 1.89645 0.691213 0.0338436 -0.560449 0.197851 -0.189155 
-1.42757 -0.00786491 -0.133852 -2.84824 -2.45268 0.0410188 1.84707 1.22689 0.316619 -0.0365429 0.245377 -0.120711 
2.07163 1.4789 1.20575 -0.275216 0.634755 0.555248 2.15326 0.516938 0.292723 0.46743 0.103207 -0.0799221 
3.23732 0.150831 1.05508 0.244549 0.772781 -1.09826 2.84013 1.94968 -0.315101 0.332077 0.0203762 -0.15134 
4.96304 -1.29116 1.22381 0.518161 0.231491 -1.21254 3.90361 1.8056 0.095057 -0.10095 -0.192469 -0.00596661 
4.89317 -1.06894 0.640143 1.24874 0.151175 -1.27191 4.14115 1.71747 0.329105 -0.444969 -0.204951 -0.00552072 
5.18685 -0.795806 -0.283563 1.90401 0.319813 -1.58721 3.99589 1.96951 0.62803 -0.627994 -0.0708189 -0.000489143 
5.1712 -0.522087 -0.712393 2.00447 0.243375 -0.479933 2.96405 2.19309 0.34596 -0.705122 -0.106493 -0.0255657 
5.58956 -0.315279 -0.892667 1.90679 0.724669 -0.175974 2.63152 2.54169 0.355609 -0.511967 -0.0697642 0.00557154 
5.24025 -0.137424 -0.883741 2.08554 0.964439 -0.0602563 2.55285 2.63518 0.389969 -0.473836 -0.0488697 0.0380401 
5.10461 0.162901 -0.686918 1.88921 1.04487 0.195711 2.31995 2.59653 0.46126 -0.350723 0.00363076 0.0712424 
7.19843 -0.000331493 -1.52317 1.83273 0.864759 -0.194621 2.04328 2.60672 0.858388 -0.338712 -0.0130623 0.0862857 
4.74745 1.83585 0.3996 1.47208 1.48746 0.372394 0.928168 1.79242 0.76633 -0.287393 -0.158302 0.0135535 
4.57078 2.34664 1.10919 1.74716 1.68704 0.801721 1.07802 1.49171 0.298292 -0.664855 -0.145443 0.0144019 
4.67664 2.97645 1.46439 1.68173 1.91348 1.10846 0.689319 0.780533 0.157399 -0.406256 0.0755952 0.0372621 
3.94103 3.02706 2.09527 1.69547 1.42592 0.938512 0.699745 0.778657 0.615354 0.220592 0.0520784 0.0145377 
3.79873 2.94399 1.99555 1.49561 1.43314 1.42488 1.18983 0.767174 0.38387 0.194144 0.168739 0.0483139 
3.82371 3.11731 2.34402 1.94874 1.68934 1.2319 0.830944 0.657025 0.459155 0.261882 0.220622 0.0582115 
3.82856 3.01192 2.33248 1.94935 1.43996 0.912785 0.691744 0.809052 0.622748 0.268616 0.118099 0.0365904 
4.39244 2.67576 1.65554 1.92888 1.80355 0.824427 0.45396 0.707726 -0.111847 -0.734081 0.124489 0.0458532 
5.00374 3.13402 2.01456 2.63056 2.13683 -0.0575587 -0.825651 -0.139409 -0.561762 -1.08281 -0.066181 0.0132858 
5.31873 2.8202 1.30779 2.42663 2.38257 0.167602 -0.916843 -0.442624 -0.740106 -1.05297 -0.0390318 0.0634203 
7.08025 1.4859 0.628697 3.88764 1.82233 -0.93538 0.0195988 -0.150325 -0.857963 -0.908595 0.105286 0.176472 
6.4637 1.78 0.646935 3.27708 1.99267 -0.834026 -0.334891 0.245102 -0.616752 -0.647723 0.0755634 0.176751 
4.00728 2.36829 1.63575 1.84944 1.23247 0.164681 -0.0168936 0.0803004 -0.202949 -0.230851 0.241682 0.0457384 
3.83514 1.79504 1.11052 2.09234 1.45611 -0.150556 -0.0748189 0.82623 0.213908 -0.366233 0.0736945 0.0772543 
3.7805 1.27945 0.511868 2.00613 1.55116 -0.347696 0.170446 1.47288 0.901592 -0.180778 0.322095 0.138161 
2.29208 1.86685 1.90516 0.417401 1.87524 -0.762866 0.0764074 2.01313 1.24701 -0.399483 0.23205 0.0267089 
5.24428 2.04321 1.93688 0.57632 2.07584 -0.362237 0.771636 0.890652 1.62104 -0.0544549 0.0805196 0.172672 
4.29921 2.95797 2.2153 2.38471 1.37012 -0.4019 -0.764819 0.404935 1.2619 0.512935 0.123168 0.0669213 
4.18336 2.52955 1.4468 1.64061 1.86996 0.641772 -0.365508 0.477674 1.22448 1.00525 0.176753 0.00588411 
6.18313 2.83255 0.731911 1.92594 2.73387 0.524865 -1.05338 0.122058 1.14653 1.38305 0.447411 0.0199853 
4.40636 2.8742 1.76247 2.19114 2.45666 1.05993 -0.553713 -0.215416 1.48179 1.745 0.438319 0.0597341 
3.3084 2.28114 1.71414 2.02343 2.06526 0.929061 -0.100843 0.342764 1.43175 1.30419 0.390603 0.0516012 
2.83658 2.25941 1.96197 1.78788 1.61309 1.21813 0.851117 0.731927 0.746191 0.617331 0.351239 0.0443786 
2.74516 2.1897 1.99412 1.98964 1.89076 1.55748 1.17133 0.926346 0.784633 0.567559 0.283923 0.0584942 
2.8097 2.33387 2.21343 2.14682 1.97646 1.64844 1.37119 1.17677 0.947977 0.62909 0.364811 0.0852429 
3.20981 2.89991 2.91012 2.71511 2.64642 2.01973 1.47031 1.22763 0.979546 0.683379 0.225318 0.0992631 
3.04684 2.69028 2.63191 2.40498 2.06536 1.96183 1.44586 1.19354 0.902682 0.509801 0.293545 0.0872346 
3.13401 2.92491 2.76363 2.64777 2.36911 2.00786 1.90891 1.21354 0.877258 0.567137 0.278519 0.102511 
2.94057 2.67126 2.52803 2.42315 2.23132 1.88183 1.62746 1.33959 0.941893 0.597325 0.35754 0.106363 
2.7965 2.41576 2.31054 2.03044 1.97963 1.68352 1.39686 1.23364 0.934562 0.626997 0.370079 0.0910833 
2.71948 2.30224 2.11812 1.94553 1.7541 1.6375 1.29855 1.13357 0.769485 0.586279 0.34006 0.0793874 
2.59468 2.2362 2.25302 1.88491 2.02897 1.23325 1.72835 1.28578 0.502796 0.683226 0.492254 0.0760368 
1.49029 1.51429 2.29613 1.00674 1.74294 1.20656 1.19467 0.695607 1.27282 0.310047 0.451782 -0.00317894 
1.39483 1.46882 2.62307 1.03032 2.13291 1.28071 1.10829 0.796764 1.15432 0.235944 0.241392 0.0451241 
1.13257 1.05677 2.51568 0.88162 1.33101 2.06506 1.71952 0.89064 1.40439 0.348367 0.38675 -0.0346644 
1.46298 0.573166 2.37964 0.405434 1.19933 1.68015 1.19957 0.383136 1.09422 -0.219895 0.431454 0.0269441 
