1.58218 0.872506 1.39327 -0.129957 1.6572 0.302334 0.790527 0.748844 0.440054 -0.244579 0.0333279 0.00634584 
1.83516 0.635852 1.80138 -0.101688 1.07374 0.509385 1.64521 1.14638 0.995 -0.12212 0.28211 -0.00900843 
1.60631 0.639951 1.54046 -0.533221 0.927368 0.595091 0.68188 0.0102597 0.328236 0.019751 0.0405572 -0.029317 
1.89631 1.26663 1.2668 -0.00394247 1.73417 -0.677342 0.407584 0.244145 0.815516 -0.114595 0.0606817 0.0810699 
1.6116 0.85843 2.16653 0.373102 1.18492 0.536989 0.306865 0.382963 0.77883 0.0513158 0.215332 -0.00401142 
1.63748 0.845939 2.52699 0.75996 1.78123 0.558158 0.862418 0.381737 0.71457 0.386305 0.191233 0.0529945 
1.54634 0.898013 2.28745 -0.611409 2.22084 0.313062 0.149856 0.04552 0.660169 -0.134268 0.31474 0.0773812 
1.96995 0.638512 2.01717 -0.0413111 1.45513 0.171824 1.36186 0.536113 0.678695 0.119727 0.445182 0.016124 
1.58325 1.01897 2.49619 -0.148428 1.7329 0.62492 1.31708 0.655385 1.06281 0.207099 0.0716372 0.039189 
1.93182 0.858416 2.00112 0.256901 1.4507 0.325718 1.04982 0.947968 0.643017 0.597768 0.15986 -0.000613458 
1.56187 1.34913 2.13811 0.368722 2.00765 0.602009 1.26796 0.715225 -0.185963 0.123727 0.291586 0.0555808 
1.45181 1.21674 1.65003 0.287652 1.02734 0.523297 0.743391 0.120093 0.665894 0.053809 0.415056 -0.0226068 
-0.191638 3.18492 0.378968 2.95572 -0.224217 1.26386 0.763949 1.93574 0.623681 -0.258232 0.414542 -0.0357363 
0.883661 2.3198 0.543701 2.47786 -0.163377 1.56326 0.236073 1.02442 0.65401 -0.307258 0.270149 0.0382575 
1.53079 -0.547374 3.5391 2.65327 0.811898 -1.31603 2.14209 1.60326 0.194123 0.133041 0.535304 0.0958007 
-2.29922 -0.762909 1.6972 1.66476 2.70985 -0.37463 2.51545 1.51565 -0.984714 -0.192352 0.87219 -0.0239961 
-3.25427 -1.4276 1.0578 2.57703 1.37205 -1.34559 1.49857 1.80239 -0.117204 -0.0135281 0.742641 -0.154168 
-4.59739 -2.10931 0.867046 2.29135 0.204458 -1.52101 2.882 2.56835 -0.473409 -0.171303 0.327917 -0.051379 
-4.53998 -1.51095 1.82367 1.64284 -0.253463 -1.51861 2.45171 3.12728 -0.538076 -0.231527 0.844992 -0.176753 
-4.55565 -1.28171 1.84954 0.791564 -0.636975 -2.1409 2.34417 1.72171 -0.406321 -0.072477 0.691297 -0.236757 
-4.26936 -0.923529 1.50445 0.390544 -1.07149 -0.858829 0.721845 1.25085 -0.290439 -0.362313 0.784274 -0.318612 
-3.67485 -0.367716 1.32053 -0.28033 0.408199 -1.25 0.265121 1.10867 -0.227741 -0.477814 0.217831 -0.119474 
-5.07665 -0.187146 1.30458 -0.688422 -0.518861 -1.31846 1.13216 1.08965 0.43184 -0.692069 0.427094 -0.0729355 
-5.96259 -0.0517648 0.677411 -0.802218 -0.446225 -1.3036 2.11602 1.42831 0.402902 -0.78866 0.444324 -0.17681 
-5.99647 -0.178043 1.44526 -0.653044 -1.56697 -0.988928 1.5338 1.58191 0.412397 -0.29609 0.427598 -0.233736 
-4.95221 -0.313094 0.899929 -0.73371 -0.464162 -0.159444 1.7148 1.18534 0.920748 -1.14167 0.599831 -0.156614 
-3.27917 -0.0696454 0.29283 -1.44956 -0.994866 -1.01191 2.17175 1.11246 0.0760293 -0.481744 0.218619 -0.222931 
-1.05464 0.950171 0.844073 -2.01444 -0.192428 0.0734678 3.13641 0.737891 0.807542 -0.381309 0.39597 -0.147453 
1.9129 1.57614 1.41249 0.842526 0.635728 0.22997 3.33143 0.745533 0.753574 0.0619869 0.343853 -0.115021 
3.71055 -0.117651 0.87399 1.07307 -0.0877047 -1.02044 3.60785 1.20338 0.315944 0.0408542 0.172248 -0.128091 
3.95149 -0.570421 0.236138 1.52875 -0.392855 -0.828013 3.08958 1.45418 0.230324 -0.280279 0.0771861 -0.124249 
4.23994 -1.09962 0.114393 1.83131 -0.691107 -0.309547 2.9685 1.73253 -0.00673649 -0.517286 -0.0129215 -0.110873 
4.54311 -0.952189 -0.577222 1.79022 -0.641319 -0.284563 2.87373 1.99976 0.291559 -0.657274 -0.0446029 -0.0689948 
7.35645 -3.24515 0.0639273 3.0365 -1.85721 -0.359861 3.43082 2.53146 -0.270391 -0.452908 -0.00266957 -0.0645677 
4.67636 -0.283385 -0.497232 1.85608 0.0422984 -0.351434 2.4707 2.37938 0.0377609 -0.57827 -0.0306386 -0.0232605 
5.15002 0.213473 -0.623903 1.99179 0.502169 -0.327418 2.39535 2.51956 0.195764 -0.188626 0.127759 0.0223877 
7.21889 -1.10808 0.308724 2.52739 -0.465394 0.431378 1.93992 2.15527 0.198322 -0.233753 -0.0502137 -0.0805748 
5.97762 -0.152396 -0.145329 2.25543 0.0571315 -1.03494 1.79912 2.32723 0.089311 -0.592639 -0.225803 -0.114321 
4.00294 1.43888 0.837653 1.49362 0.590435 0.044444 1.38234 1.47717 -0.347377 -0.879009 -0.317184 -0.0410485 
4.03443 1.65342 0.631928 1.12748 0.503882 -0.0886542 1.27353 1.8737 0.21533 -0.686108 -0.317775 -0.0586979 
6.3638 0.566949 -0.439904 2.79251 1.4088 -1.00229 1.06139 2.38038 0.39741 -0.55138 -0.243001 0.0255716 
4.63284 1.7157 0.599565 2.34212 1.95379 0.0426452 0.680436 1.67943 0.364838 -0.671061 -0.334042 0.0305498 
3.61403 2.05737 1.64634 2.18598 1.62496 0.592521 0.881194 1.39322 0.571393 -0.362185 -0.149852 0.0162822 
3.63082 2.47122 2.00433 2.47988 2.37948 1.37526 0.885532 0.889435 0.386887 -0.217316 -0.0785472 -0.00326054 
4.1479 3.15201 2.64255 2.78105 2.01252 0.464528 0.0311411 0.722128 0.775993 0.178146 0.0279917 0.0225879 
3.79274 3.35467 3.07571 2.55677 1.36708 0.267052 0.141389 0.499956 0.453016 0.195831 0.177107 0.0621607 
3.48978 3.13492 2.65855 1.9935 1.37776 0.913742 0.588335 0.393589 0.363331 0.312913 0.169975 0.0384646 
4.00545 3.41375 3.08788 2.71879 1.60624 0.299865 -0.0630514 0.179857 0.130829 -0.019087 0.0908549 0.0150564 
4.81052 3.79436 3.15786 3.25953 2.51876 0.506133 -0.618487 -0.469129 -0.161576 -0.315993 -0.101605 -0.0557821 
5.62447 2.91982 1.11688 2.54034 3.16565 0.678894 -1.37667 -0.334995 0.0517259 -1.11342 -0.146281 0.0381919 
4.91549 2.87715 1.51814 2.31506 2.3981 0.449576 -0.862419 -0.387284 -0.506409 -1.01084 0.141442 0.0674224 
3.5906 2.73731 2.1195 1.8303 1.17382 0.181783 -0.396375 -0.46792 -0.417203 -0.221408 0.191468 -0.00618742 
3.51991 2.68956 2.17092 1.97508 1.28533 0.274982 -0.0824461 0.0978627 0.047814 -0.1172 0.0594335 -0.00762047 
4.69542 2.83941 1.92464 2.7225 2.29564 0.347671 -0.216512 0.456161 0.0618906 -0.52087 0.0903911 0.0588776 
4.48779 2.78124 1.59275 2.38263 2.79493 -0.252542 0.389284 0.288573 0.3748 -0.433431 0.207726 0.108432 
4.30841 2.34515 0.987656 2.09675 2.85451 -0.987203 0.751735 0.425814 0.858343 -0.328567 0.233937 0.157608 
4.64171 2.25054 0.518379 1.70943 2.52367 -2.02159 1.51133 0.532819 1.30516 -0.336219 0.130557 0.209615 
4.57734 2.68673 1.02646 1.18348 1.35388 -0.0737957 0.938543 1.27444 0.794175 -0.283294 0.275022 0.102146 
3.17603 2.66698 2.13764 1.51797 1.02326 0.693594 0.57826 0.632912 0.665084 0.520653 0.283205 0.0672187 
3.10896 2.59547 2.15532 1.65779 1.20168 0.918418 0.781253 0.713733 0.663899 0.562659 0.360318 0.0743104 
3.14929 2.70463 2.28247 1.7596 1.30856 1.05933 1.03825 1.01745 0.964995 0.73191 0.428904 0.0941768 
3.08457 2.69601 2.43001 2.03631 1.66841 1.34391 1.0796 0.984135 0.783304 0.527058 0.274529 0.0699712 
2.87636 2.41129 2.17844 1.8719 1.64553 1.39423 1.14229 0.97072 0.81493 0.615267 0.360038 0.0719985 
2.73494 2.27038 2.07876 1.90809 1.71409 1.44764 1.2363 0.986229 0.794713 0.588582 0.332818 0.0588425 
2.7043 2.21206 2.05558 1.90843 1.66255 1.47845 1.28175 1.0575 0.823824 0.558761 0.322525 0.0622188 
2.69901 2.21442 2.04987 1.87281 1.68267 1.52537 1.28961 1.04775 0.803753 0.532383 0.338909 0.0688231 
2.72537 2.26897 2.15074 2.0208 1.78629 1.63316 1.42602 1.16833 0.873255 0.627851 0.378133 0.0822462 
2.77045 2.35287 2.16607 2.01645 1.91333 1.65929 1.45019 1.15743 0.873973 0.635946 0.405932 0.0804081 
2.76608 2.29545 2.41337 2.14508 1.73062 1.74941 1.46357 1.00974 0.889319 0.540958 0.361227 0.0732301 
2.50415 2.17769 2.21774 1.96361 2.03847 1.343 1.69634 1.10901 0.948415 0.864876 0.245376 0.0707824 
1.34809 1.05724 1.64019 1.21814 1.95829 0.933916 1.67065 0.655906 0.767031 0.416498 0.267269 0.0303185 
1.02586 1.10972 1.9709 0.00102565 1.62097 1.0336 1.00132 0.758699 0.818142 0.569234 0.141237 0.00426299 
1.12168 1.26265 1.92884 0.930851 1.68452 1.15855 1.36305 0.627038 1.0417 0.586501 0.0184951 0.0348081 
1.38377 1.49382 2.32571 0.0426798 1.55333 1.37452 0.784819 0.58057 1.12969 -0.0296558 0.365464 0.0189577 
1.28203 1.22544 2.30979 -0.133412 1.91623 0.856762 0.387494 0.45132 1.00862 0.386635 0.208666 0.030765 
1.45388 1.19459 2.07159 0.247842 1.24334 1.357 0.529021 0.111059 0.996264 -0.0906478 0.203925 0.0342261 
1.46764 0.452529 2.3065 1.05674 1.22272 -0.515441 0.827727 -0.744747 -0.439384 -0.234596 0.473145 0.0749099 
1.42883 -0.129365 2.3263 0.631174 0.92102 -0.18873 0.650144 0.0306198 0.819481 0.180927 0.435924 0.0413378 
1.23277 -0.700293 1.6194 1.69749 1.79748 0.100133 1.04133 0.841551 1.02789 0.412909 0.139895 -0.127305 
1.27949 0.062905 1.77365 1.13863 1.57237 -0.193089 0.738674 0.32058 0.569346 0.259198 0.0877683 -0.0120009 
1.41049 0.483771 1.20774 0.149094 1.16207 1.08717 1.42564 0.486121 1.03064 -0.181217 0.191092 -0.00244033 
1.12244 0.625122 1.449 0.295125 0.874389 0.951753 0.507134 0.271766 0.440023 -0.104016 0.249912 0.0485721 
1.96689 0.762415 1.69419 0.266965 0.61196 -0.0504417 0.535844 -0.736319 0.886369 -0.00689613 0.179954 0.0796932 
1.65009 1.11982 1.60232 0.47484 2.12179 0.926176 0.413422 -0.0458592 0.525067 0.191489 0.122304 0.069726 
1.59425 1.08317 1.63552 0.421515 0.907187 0.930779 0.6744 0.0870868 0.779853 0.178078 0.186777 0.021012 
