2.07056 0.896547 1.16644 -1.26993 0.978061 -0.012653 0.93967 1.05439 1.48322 0.05831 0.120719 0.0192295 
2.16959 1.03503 1.45799 -0.752094 1.2275 -0.0775778 1.27525 0.75358 1.34987 0.0286603 0.217826 0.0199214 
2.14293 1.23272 1.56218 0.156688 1.77836 0.652432 0.849148 0.824402 0.857656 0.371014 0.35194 -0.000290421 
2.33951 0.936689 2.3271 -0.0467599 1.49261 1.16605 1.62287 0.706722 0.838597 0.251113 -0.109715 0.0638194 
1.83864 1.25746 1.96934 0.112808 1.68286 0.236015 1.12578 0.745955 0.568615 0.016744 0.173043 0.0349102 
1.92746 0.988708 2.30186 0.116604 1.58138 0.333054 1.77059 0.284775 1.27818 0.828665 0.281107 0.0511037 
2.22216 1.48787 2.22562 0.31566 2.72504 1.4054 0.869743 1.17039 1.17076 0.182893 0.419862 0.055914 
2.18229 1.77015 1.8921 0.367133 1.80818 0.630713 1.74422 0.972672 1.15141 -0.0484505 0.316512 0.0700188 
1.79879 1.50604 1.96965 0.626603 1.27786 0.707559 1.51363 0.848713 0.275733 0.291497 0.23539 0.0442483 
2.21233 1.20446 2.76362 0.770341 1.95712 0.448858 1.17193 0.601501 0.861656 0.328412 0.386669 0.0853951 
2.24377 1.64057 2.34229 1.02607 1.84744 0.9972 0.960925 0.677476 0.868033 0.415667 0.30717 0.0668188 
2.29957 1.86029 2.06137 1.21297 2.16276 1.00752 1.50344 0.765308 1.01338 0.371481 0.474452 0.0740544 
2.07331 1.61422 2.45401 0.281496 1.66175 0.810697 0.858963 0.588963 1.20348 0.362062 0.0807153 0.101533 
2.27658 1.72173 2.19263 1.14099 2.32889 0.354154 1.18808 0.30291 0.961047 0.284015 0.316325 0.0880157 
2.07049 1.40222 2.87755 1.74349 2.14109 0.784582 1.37801 0.539449 0.960427 0.459025 0.531615 0.0686118 
2.19745 1.46006 2.42661 0.937143 1.43278 0.972039 1.07522 1.23775 0.868608 0.053312 0.276497 0.0608969 
1.81274 1.01667 1.47659 0.555859 1.41833 0.675629 0.649509 0.68144 0.624927 0.126528 0.364199 0.0223895 
1.7716 0.826329 1.75127 0.49455 1.75384 -0.485044 0.605366 0.465576 0.848576 0.209249 0.322684 0.0350065 
1.61134 0.909955 2.06834 0.775916 1.48025 0.829322 0.53366 0.191435 1.17176 0.178013 0.106908 -0.00903689 
1.59936 0.777084 1.82971 0.648002 1.0014 0.498581 0.811789 -0.0354107 0.946419 0.062151 0.00694558 0.0628141 
-1.65628 2.08395 -0.833919 3.94642 -0.433886 -0.516895 2.05067 0.837057 0.212904 -0.449912 0.271852 -0.0340225 
-1.90521 1.2473 0.940187 4.05826 0.00203195 -1.51719 2.10801 1.66862 -0.191472 -0.550539 0.426976 -0.0231967 
-0.452738 -1.15367 0.282898 0.0286885 -0.601959 1.08598 3.23974 1.6284 -0.274607 -1.30463 0.552033 -0.247023 
-2.92441 -3.20938 -0.531334 0.577801 -0.060824 -0.953086 2.65402 2.22281 -0.3186 -1.14722 0.32963 -0.207556 
-3.18105 -3.37672 1.53956 0.0738171 -0.47141 -2.17103 3.09157 2.30203 -1.09565 -0.783788 0.40774 -0.185768 
-5.10446 -2.80177 0.517579 1.3419 -0.422697 -1.53645 2.29987 1.85536 -0.453754 -1.12363 0.680238 -0.20358 
-4.93678 -1.88153 1.90267 0.583645 -0.304235 -1.2745 1.84685 1.50794 0.110228 -0.688404 0.495446 -0.0943153 
-5.1412 -1.6779 0.989018 1.01763 -0.705721 -1.02794 1.56856 1.1035 -0.207081 -0.402417 0.659001 -0.253457 
-4.80543 -1.24564 1.53475 -0.116503 0.0219151 -1.37929 1.26801 1.19376 0.348682 -0.248062 0.515834 -0.237047 
-5.31057 -1.53444 1.18619 -0.498389 -0.410128 -0.611792 0.943375 1.05942 1.32123 -0.926371 0.127396 -0.117181 
-5.36293 -1.01693 2.01145 -0.875441 -0.305598 -1.27557 1.72239 1.39056 0.541845 -0.259972 0.104157 -0.107857 
-3.6059 -0.260274 1.73234 -1.68889 -0.89844 0.641472 1.62423 1.29386 0.695066 -0.183224 0.125063 -0.234773 
-1.73989 -0.203086 1.02511 -2.13913 -1.08096 -0.238459 2.53937 0.563072 0.782138 0.25535 0.091228 -0.170055 
-0.795028 0.724816 2.51466 -1.09318 0.235369 0.995173 3.12605 1.11767 0.85056 -0.0471654 0.106257 -0.148528 
2.47861 1.30808 2.54227 0.612674 0.624612 0.0794328 3.13751 1.31519 0.650731 0.0527862 -0.0420978 -0.0272584 
3.34299 0.6909 1.21484 1.34719 0.0771335 -1.09987 3.42886 1.68719 0.365372 -0.240913 -0.104059 -0.0783765 
4.29356 0.105302 0.930279 1.39365 0.38171 -0.990302 2.85008 2.14332 0.157599 -0.387437 -0.154916 -0.0527731 
4.94404 -0.362463 0.748735 1.51904 0.8499 -1.24895 3.52492 2.14048 0.395816 -0.374003 -0.186385 0.00816058 
4.03582 0.481258 0.294293 1.57647 0.337816 0.175463 2.26844 2.07572 0.323194 -0.460501 -0.0995642 -0.0106761 
4.89042 0.83971 -0.380204 1.90237 0.683831 -0.51034 2.04546 2.36348 0.161687 -0.435336 -0.182772 -0.00619673 
5.10111 0.573957 -0.9301 1.64761 1.71142 0.231336 1.66616 2.1513 -0.123149 -0.266837 -0.205266 0.000505453 
5.87913 0.513121 -1.50876 1.89942 1.95215 -0.158872 1.83428 2.37878 0.226872 -0.37692 -0.246431 0.00702136 
5.24712 0.806622 -0.619184 1.89415 1.57449 -0.0133537 1.70177 2.27255 0.121336 -0.341635 -0.282999 -0.00680533 
4.93995 0.957711 -0.972987 1.24966 1.7277 0.317433 1.14499 1.87122 0.265983 -0.447727 -0.407402 -0.0321181 
6.0745 0.836956 -1.13725 1.83908 1.80843 0.0665464 1.48606 2.25281 -0.16018 -0.466034 -0.24576 0.0277814 
5.26207 1.47572 0.0143893 1.52932 1.26438 -0.0567466 1.00307 2.06323 0.647794 -0.383693 -0.423415 -0.0577012 
4.20718 2.05993 0.714346 1.27603 1.41489 0.673134 0.830815 1.27234 0.50517 -0.34033 -0.136716 -0.0167382 
3.44875 2.60188 1.72024 1.54063 1.61283 1.0445 0.38867 0.476455 0.696079 0.318229 -0.120099 -0.0130264 
3.27514 2.6102 1.93024 1.46074 1.2531 1.12828 1.04784 1.01207 0.787961 0.401382 0.0787032 0.0371786 
3.30848 2.63797 1.93462 1.51158 1.52939 1.49651 1.04823 0.431996 0.15086 0.196894 0.182211 0.0491208 
5.27296 3.88076 1.84306 0.764047 1.15494 1.54524 1.06715 0.526636 0.264462 0.280556 0.0386364 0.0177878 
4.00855 3.57789 2.73909 1.7561 0.874055 0.392589 0.268412 0.484956 0.556184 0.274368 -0.0335768 0.00300425 
3.63639 3.22299 2.64265 1.728 0.790858 0.273415 0.0957719 0.230896 0.368982 0.282188 0.156156 0.0452464 
7.24922 2.66706 2.30126 2.63919 2.06572 0.642496 -0.597551 1.07451 -0.568374 -0.763598 -0.0847534 0.0984623 
6.74782 3.21381 1.30693 2.78245 2.40123 -0.352574 -0.502387 0.272021 -0.532096 -0.815644 -0.270923 0.0863185 
5.21136 3.36658 2.10321 2.68388 2.09276 -0.207176 -0.57895 0.388157 -0.0715168 -0.755828 0.0029196 0.0713631 
5.53504 3.14393 1.86116 2.81472 1.99718 -0.268023 -0.291886 0.674539 -0.143843 -0.741648 -0.0120852 0.119697 
3.95328 2.58877 1.89549 2.38526 1.62087 0.415926 0.142628 0.266279 0.112151 -0.321163 0.134495 0.0269612 
3.6825 2.05522 1.23422 2.03539 1.7764 -0.326021 0.188237 0.541827 0.471752 -0.348822 0.0900168 0.0488562 
3.44472 1.67352 0.732615 2.07618 1.97009 0.314621 0.577078 0.600182 0.356813 -0.598093 0.168235 0.0812788 
4.16472 1.5818 0.405592 1.8602 3.01175 -0.489291 0.781112 0.0140862 0.796135 -0.574685 0.0484636 0.11144 
4.35862 1.59167 0.236609 1.60655 1.9069 -1.34709 1.172 0.410575 1.37878 -0.0912409 0.362817 0.170467 
4.11132 2.44156 0.649993 0.462931 1.343 0.0264879 1.79328 0.540096 0.93976 -0.0599115 0.479038 0.127731 
3.84526 2.63067 1.23299 0.675082 0.974221 1.62409 1.9738 1.68833 0.775488 0.0836544 0.0994359 0.014993 
3.29382 2.72628 2.1596 1.69683 1.31519 1.00529 0.798448 0.750639 0.840541 0.754145 0.428562 0.0933149 
3.01291 2.54956 2.13217 1.65567 1.32436 1.16745 0.970966 0.850349 0.728959 0.582666 0.402754 0.0805199 
2.953 2.40725 1.96155 1.46023 1.01478 0.773588 0.87117 1.0225 1.06944 0.907898 0.515305 0.0751753 
2.85045 2.38126 2.02041 1.59664 1.19674 0.977824 0.869749 0.870055 0.851335 0.734825 0.447076 0.0609495 
2.84447 2.32469 2.01804 1.73868 1.44294 1.09964 1.05809 1.0205 0.87188 0.722497 0.408179 0.0643504 
2.82669 2.39059 2.22829 1.94452 1.75401 1.52027 1.2739 1.08481 0.791652 0.615618 0.360355 0.0698261 
2.84693 2.42562 2.24142 2.1025 1.86293 1.63525 1.38696 1.19566 0.887836 0.606787 0.368431 0.0817141 
3.14069 2.77595 2.7334 2.36715 2.32926 1.79235 1.62339 1.25102 0.97271 0.68446 0.272363 0.101718 
3.15746 2.79818 2.93092 2.83275 2.41218 2.27205 1.6983 1.44647 1.04855 0.461727 0.360937 0.118696 
2.73027 2.45467 2.6457 2.15866 2.30778 2.09915 1.51792 1.4022 1.00902 0.547608 0.517012 0.114226 
2.60962 2.12119 2.77746 1.96736 2.17725 1.92516 1.7671 1.13058 1.0985 0.881462 0.244318 0.104316 
2.16379 1.80431 2.6428 1.73546 1.82545 1.93407 1.21214 0.84699 0.916655 0.456563 0.303861 0.062691 
1.49847 1.31489 2.40586 1.22302 1.54534 1.13353 0.921807 1.26628 0.448754 0.188294 -0.177488 0.101126 
1.47633 1.38591 2.48735 1.48089 2.25833 0.765773 1.73486 0.0837421 0.912647 0.448883 0.211351 0.0638358 
1.25103 0.756414 1.70131 1.01897 1.16947 0.810587 1.23408 0.132863 0.573362 0.165406 0.234653 0.0642175 
1.28667 1.32191 1.76201 1.03719 1.38395 1.03419 0.93908 0.607079 1.37998 0.086042 0.286097 0.00139612 
1.21489 1.34532 2.70767 -0.192045 1.03986 1.0338 1.0764 0.0348163 0.536352 -0.129579 0.31413 0.0358854 
1.2185 1.14241 2.25439 0.621559 1.76795 1.72737 0.355666 0.402677 0.514421 0.35135 0.468998 -0.0246004 
1.24115 0.890429 1.89349 0.8106 1.97618 0.776436 1.29457 0.873113 0.915942 0.252089 0.247523 -0.0113025 
1.33171 0.967553 2.16437 0.693649 1.75479 0.345657 -0.228185 0.165325 0.885586 -0.245967 0.274473 0.0886942 
1.28642 1.18262 2.40119 0.643937 0.302498 0.77949 0.943504 -0.0458436 0.551478 -0.0461685 -0.0580641 0.0798232 
