2.00057 1.21085 1.71567 -1.1886 1.18431 0.107924 0.503256 0.18567 0.425584 -0.148333 -0.133065 0.0994217 
2.11895 1.00987 2.61723 -0.310878 1.79041 0.355605 0.295115 0.506956 0.54188 0.0769869 0.192928 0.0779615 
1.98989 1.00331 1.77902 -0.0482702 1.34264 -0.177261 1.03907 -0.0056982 0.0449879 -0.0791152 0.174681 0.11896 
2.31861 0.791371 1.44389 -0.200851 0.960604 -0.484984 0.0482774 1.0291 0.910854 -0.523987 0.00931049 0.00141174 
2.1652 0.978816 1.34632 -0.323867 1.23488 -0.132275 0.983466 0.935544 1.22937 -0.0909431 0.379859 0.0565509 
2.44701 1.07375 2.21967 -0.406406 0.463973 0.0228505 0.754941 0.428414 0.497922 -0.159251 0.17644 0.0731042 
2.47784 1.07037 2.11519 0.873821 1.76655 0.724848 1.30027 0.0913159 0.296067 0.238185 -0.188584 0.00485702 
2.36941 1.11153 1.89261 -0.0616849 2.03426 0.318526 1.25729 0.921552 0.734819 -0.181489 -0.22544 -0.000784844 
2.32179 0.989705 1.51829 -0.218992 1.0859 0.0100145 1.11166 1.06498 0.856708 -0.0871656 0.100252 0.0743849 
2.21418 0.950632 1.69182 -0.100856 1.66908 -0.0462572 0.798102 0.305853 0.401768 0.00124447 -0.0525599 0.0536751 
2.12189 1.43529 2.41138 -0.0296565 1.34343 -0.415364 1.04755 0.423565 0.454076 0.186484 0.301692 0.0753951 
1.93562 1.10467 2.2397 -0.280335 2.78778 -0.0493545 -0.0131502 0.327848 0.721469 -0.0600991 0.182109 0.039152 
2.03245 0.871204 3.03853 0.349797 0.925387 0.561574 0.951602 0.443627 1.02274 -0.627667 0.339744 0.129656 
2.01296 1.66903 2.09989 0.160115 0.986006 -0.321615 1.2387 0.310558 0.283987 -0.00474413 0.331481 0.0731812 
1.93834 0.902607 1.99499 0.251046 1.49257 -0.290098 1.18012 0.603061 1.28466 -0.219697 0.209868 0.0716867 
2.22513 1.47537 1.92776 -0.327923 1.311 0.721998 1.00336 0.616376 0.614149 0.128981 0.00266661 0.036642 
1.88972 1.10465 2.36424 0.381134 1.7643 0.362884 1.0863 0.39521 0.817986 0.237864 0.106032 0.0788623 
2.02752 1.04222 2.7518 -0.0251076 1.22059 0.423432 0.853565 0.526877 0.342459 0.143108 0.318596 0.061872 
2.00471 1.29555 2.70582 -0.0209266 1.42014 -0.378005 1.07544 0.522106 0.891616 0.0185822 0.309199 0.0544905 
-3.03698 1.27103 2.20768 2.84066 0.14198 -1.3153 3.02753 0.945308 -0.757138 0.0354974 0.644853 -0.174044 
-1.54234 -1.25863 -0.291679 -0.150945 0.401725 0.65572 3.94691 1.58533 -0.364859 -0.767047 0.412369 -0.130832 
-2.90273 -2.75267 1.78412 1.17141 -2.12236 0.154116 4.10677 1.33211 -0.365166 -0.719011 0.42155 -0.229214 
-4.50939 -1.36059 3.24609 -0.766199 -0.810649 0.160592 1.30832 0.505248 -0.602832 -0.0094014 0.28912 -0.145976 
-4.97811 -0.720506 2.73798 -1.42086 -0.54709 -0.750233 1.50793 1.55132 -1.11767 0.0610976 0.470097 -0.20781 
-5.024 -1.01429 1.15384 0.2709 -0.689454 -0.767653 1.57568 1.17811 0.0853943 -0.250789 0.630728 -0.324758 
-5.02072 -1.8161 1.6053 0.214486 -0.412192 -0.677227 0.95506 1.12601 0.533645 -0.181769 0.012158 -0.180914 
-5.36368 -1.331 2.11398 -0.282459 -0.388423 -1.30183 0.836762 1.50602 0.365288 -0.563805 0.198846 -0.0539232 
-4.79085 -0.902375 2.48996 -0.24594 -0.232735 -1.09737 0.298985 0.889066 0.600188 -1.39067 0.827742 -0.0842895 
-4.56283 -0.279573 2.05236 -1.48223 -0.50765 -0.453993 0.663858 0.939999 0.0185949 -1.19251 0.626368 -0.118831 
-4.20994 -1.60726 0.841981 -2.59213 -0.920062 -2.00045 2.01778 1.06967 -0.350474 -0.181698 0.0542496 -0.125952 
-3.3153 -1.69724 -0.0820711 -3.54273 -2.42321 -1.26944 1.81636 0.941041 0.728523 -0.519446 0.25408 -0.152857 
-0.445257 0.561889 2.35555 -1.65026 -0.451693 0.306152 1.48524 0.800161 0.939021 -0.113993 -0.0546853 -0.192933 
3.36928 0.138577 2.47583 -0.372821 0.23531 -0.0344366 3.17443 1.54328 0.303748 0.0861386 0.0876298 -0.0815541 
5.40757 -1.23056 1.5886 0.0858882 0.0495313 -1.48579 4.25821 1.85089 -0.309856 0.334321 -0.187635 -0.062554 
5.33165 -1.13514 0.204656 1.31486 -0.139131 -0.722838 3.71119 1.6229 0.0143054 -0.262447 -0.0464895 -0.0989005 
5.98939 -1.43576 -0.334762 1.91599 0.412412 -1.67666 3.7872 1.93248 0.0444598 -0.618046 -0.202941 -0.0687794 
6.97699 -2.26339 -0.699466 3.1053 -0.393623 -0.854588 3.00698 2.83095 0.158745 -0.60237 -0.0450039 -0.045445 
4.48984 -0.414834 -0.795217 2.18542 0.952066 -0.27412 2.17319 2.41297 -0.0410549 -0.639046 -0.188916 -0.00949235 
4.35759 0.00747942 -0.875013 2.04503 1.1268 -0.430382 1.89149 2.56063 0.159743 -0.458986 -0.25717 -0.0226086 
5.30564 0.106707 -1.10299 2.12032 1.57394 -0.124956 1.92669 2.39283 0.00487325 -0.274798 -0.101384 -0.000125387 
6.7135 -0.220325 -1.24042 2.52553 1.59922 0.00541512 1.81934 2.30339 0.175269 -0.50073 -0.108432 -0.0129866 
4.1584 0.536078 -0.489296 1.21843 1.23487 0.500025 1.5935 2.06569 0.315285 -0.510755 -0.231805 -0.00353669 
4.91048 0.766654 -0.883382 1.34149 1.28122 -0.0752566 1.53257 2.28419 0.376711 -0.195422 -0.220927 -0.0139767 
6.07888 0.906186 -1.1488 1.80141 1.75906 -0.420146 1.18123 2.53814 0.366359 -0.398812 -0.332349 0.0242365 
5.15517 1.68881 -0.337997 1.21177 2.0168 0.678066 0.50244 1.47175 0.870448 -0.305176 -0.312427 -0.0452069 
4.36055 2.23798 0.768031 1.59501 2.07717 0.793581 0.246773 0.990889 0.665876 -0.441936 -0.141644 -0.0281051 
3.7101 2.62437 1.89917 1.89351 1.62497 0.812749 0.401886 0.492831 0.314046 -0.01817 0.113179 0.022937 
4.46799 3.57305 2.73641 2.38321 1.52785 0.000753902 -0.585338 0.120694 0.782828 0.52845 0.155263 0.074541 
3.90157 3.20863 2.59695 2.3409 1.81874 0.681645 -0.175345 -0.0644454 0.470924 0.608132 0.34088 0.0961485 
3.40262 2.99808 2.71309 2.43663 2.00742 1.35679 0.731357 0.427527 0.431633 0.36206 0.185022 0.0410633 
4.04924 3.82716 3.23202 2.38669 1.58803 0.869705 0.301753 -0.0561055 -0.0575114 0.112509 0.258521 0.0621287 
5.00441 4.34264 3.47469 2.93002 2.28032 0.94777 -0.127004 -0.295668 -0.039021 0.0121493 0.0543371 0.0209401 
3.29656 2.74936 2.39501 1.99169 1.26501 0.4186 -0.0644384 -0.0611696 0.0574914 0.0630909 0.0740015 -0.00586644 
4.20699 2.92221 1.74921 1.60893 1.3856 0.281234 -0.555778 -0.553823 -0.528655 -0.454456 0.255131 0.0448897 
6.76393 2.64882 -0.278292 1.63968 3.91666 -0.654184 -0.467979 0.0202137 -0.401857 -0.600551 -0.41122 0.14598 
5.63282 2.59641 -0.0663683 1.25066 3.57865 -0.616284 -0.708346 0.0710969 -0.0703556 -0.417212 -0.0703543 0.155571 
4.18569 1.92042 0.390633 1.31704 2.17256 0.409292 -0.131963 0.349952 0.0169853 -0.501457 0.12689 0.0721381 
3.53976 1.59766 0.689305 1.28518 1.85022 0.235034 -0.209893 0.503157 0.261052 -0.0109483 0.0779496 0.0445399 
3.52646 2.02107 0.75224 1.34034 1.76082 0.301593 0.287828 0.0195669 0.357749 -0.0636995 0.402911 0.0941725 
4.67206 2.10892 -0.0145869 1.82092 3.80073 -0.665947 0.894363 -0.124098 0.634271 -0.367073 0.303042 0.251561 
4.43653 2.10732 0.436671 1.46519 3.52608 -1.1524 1.21122 0.0266667 1.22607 -0.122698 0.441891 0.278786 
5.93402 2.85097 -1.42686 1.97702 3.48574 -2.07089 1.67391 -0.131363 2.11456 0.172309 0.283178 0.286022 
5.49227 2.88115 -0.195716 0.849667 3.01452 -1.88005 2.03013 0.401618 1.93356 0.158888 0.147545 0.27092 
4.79778 3.07016 0.205257 -0.147498 3.04384 -0.805843 3.01558 0.367698 1.09571 0.0768823 0.40225 0.347199 
4.09505 3.70466 2.75787 1.34235 1.00505 0.8255 0.844796 0.541457 0.310656 0.591658 0.575705 0.170275 
3.91752 3.70473 3.33128 2.50874 1.84429 1.02535 0.699415 0.550085 0.494755 0.382707 0.139638 0.0515235 
3.4516 3.14371 2.93172 2.46787 2.03298 1.79813 1.59221 1.25363 1.11432 0.699241 0.235833 0.102737 
3.31188 2.96813 2.53765 1.94051 1.59847 1.283 1.48308 1.39346 1.26548 0.873049 0.335579 0.11479 
3.12461 2.79466 2.71804 2.50799 2.26842 2.03531 1.83815 1.32285 1.04911 0.675228 0.308494 0.11898 
2.95089 2.61041 2.43263 2.25214 2.2751 2.23547 1.43172 1.60271 0.948916 0.640466 0.493447 0.128327 
2.64644 2.01771 2.82255 1.49753 1.66904 1.86519 1.25746 0.809812 0.717367 0.664868 0.253664 0.0755096 
2.63818 2.33729 2.09077 1.90103 1.86312 1.61961 1.46749 1.13453 0.816099 0.660708 0.359104 0.0881482 
2.63958 2.10558 1.91449 1.60367 1.63101 1.31957 1.20363 0.8385 0.696074 0.461133 0.226582 0.0603975 
1.8287 1.68675 2.66504 0.928528 1.91243 2.118 2.4115 1.37775 1.07357 0.700771 0.486519 0.0654269 
1.62314 1.45928 3.27516 0.628381 1.66451 2.35659 1.32246 0.42699 0.390139 0.580124 0.551828 0.0174163 
1.22818 1.33291 1.91533 -0.648201 1.09913 1.00178 0.459252 0.646082 0.28593 -0.106217 0.250114 0.0846327 
1.47443 1.33877 2.86241 0.555089 0.804259 1.0086 1.37254 0.55106 0.214263 0.245364 0.0232769 0.081318 
1.85002 0.630288 2.10617 0.518431 0.647657 1.09614 1.1395 0.156704 0.607738 0.212213 0.140001 0.0492809 
1.32417 0.99501 2.39858 0.438124 0.118902 1.11372 1.2675 1.00121 0.632452 0.503259 0.200209 0.0193311 
1.43989 0.803881 1.80372 0.135794 0.887872 0.800629 0.351193 0.168918 0.551994 0.494156 0.311115 0.0166325 
1.63285 0.821746 2.46268 0.193889 0.682997 0.229062 0.820488 0.478194 0.677932 0.284121 0.293595 0.0687975 
1.50864 1.24554 1.65534 -0.218083 1.59885 0.497226 0.350501 -0.11403 0.856211 0.285891 0.243815 0.0358468 
1.81865 0.837758 1.63392 0.597788 0.990219 0.251091 1.16782 0.515154 0.684911 0.0131678 0.158812 0.0720658 
1.73725 1.22266 1.31273 0.243414 0.653534 0.596104 0.618544 0.262199 0.485303 0.210234 0.459049 0.0210333 
1.89655 0.742036 1.53293 0.347545 0.554368 0.874943 0.30735 0.317853 0.82925 0.222714 0.542428 0.0328501 
