0.00626949 -1.25269 0.472779 2.76449 1.68452 -1.40924 2.9933 2.96955 -0.518293 -0.434414 -0.131295 0.0800697 
2.15321 -2.2121 1.96643 2.29147 1.06508 -1.97754 3.09615 3.00972 0.14568 -0.330908 -0.0716805 0.115879 
1.6573 -0.0579401 1.93418 0.447185 2.28041 -0.199288 0.0325453 0.299714 0.416335 -0.216915 0.0983082 0.0438522 
1.40486 0.713158 1.80645 -0.128913 1.76134 0.672217 0.588338 0.235437 0.0558117 0.402794 0.355384 -0.0755848 
2.01253 0.00756624 1.95871 -0.211218 1.41247 0.912039 -0.124852 0.509464 0.547884 -0.31181 0.221327 -0.0361023 
1.92134 1.05305 2.31151 0.424221 1.55357 0.0845222 0.5361 0.0696562 0.83898 0.19495 0.455735 0.0432212 
1.9924 1.00474 1.87563 -0.389103 0.616253 0.992669 0.633851 0.102305 0.550418 0.0363877 0.206497 -0.0151287 
2.22007 0.900921 1.02012 -1.53033 1.37388 0.322726 0.496171 -0.356571 0.816335 -0.00705162 -0.0223492 0.0253821 
2.22731 0.730541 1.66228 -0.117447 1.52295 0.750868 0.727344 -0.217978 0.671086 0.265952 0.217856 0.0336381 
2.22245 0.866831 1.61787 -0.669058 1.5765 0.615803 0.499517 0.448952 0.401625 -0.0800275 0.127929 0.0104575 
2.08123 1.04594 2.01287 -0.339803 1.61967 0.400188 1.22481 0.453616 1.0296 0.65154 0.320993 0.00170364 
1.94531 0.878912 2.02543 -0.684856 0.981677 0.22027 0.692558 -0.238791 0.260414 0.0413715 0.107214 0.0572515 
1.88137 0.807648 1.81202 0.193885 0.807069 0.574996 0.549387 0.0275061 0.471152 -0.0766142 0.153103 0.021376 
1.94321 0.496688 1.28902 -0.544449 1.66621 0.107425 0.639242 -0.316498 0.749713 -0.316543 0.173645 0.0631582 
1.88881 0.293427 1.97425 -1.15265 2.02994 0.788705 0.525573 0.222119 0.830075 0.0320064 0.198747 0.0153474 
1.95456 0.70895 1.48563 -0.887877 0.942166 0.105438 0.771641 1.0966 0.578851 -0.329447 0.147908 -0.0639571 
1.77786 0.278521 2.10223 -0.794922 0.732722 0.674474 0.24969 -0.849841 0.0574382 -0.27246 0.04861 0.0224037 
2.19005 0.860893 2.06451 -0.528589 0.785373 -0.153119 0.506251 -0.571011 -0.127723 0.183044 0.341289 0.0990855 
2.12498 0.636093 1.72782 0.0549642 0.94667 0.151657 -0.121468 -0.362926 -0.36289 0.443885 0.192703 -0.00655857 
2.08037 0.473721 1.27074 -0.732247 1.39285 -0.544749 0.818539 0.422423 0.448488 -0.0392016 -0.20062 0.0402768 
1.77369 0.490996 1.37353 -0.00592687 1.20296 0.0506697 1.30587 -0.394456 0.858585 -0.0270337 0.151725 0.0168595 
2.02212 0.455886 1.77196 0.24584 0.456831 -0.0290618 0.323586 0.0600864 0.881943 0.0113547 0.0808018 0.06664 
1.88325 0.365196 1.61509 -0.845171 0.948106 -0.0937301 0.611778 0.357808 0.842009 0.314312 0.119005 -0.0255995 
1.90238 0.470251 1.84645 0.0671228 0.884098 0.377076 0.799752 -0.262445 0.130151 -0.311312 0.197631 0.0227927 
1.88247 0.2945 1.73809 -0.421448 1.31752 -0.0302754 0.350548 -0.0169147 0.0338604 -0.149379 0.19011 0.12942 
1.74848 0.589847 1.85869 0.670237 0.967521 -0.308439 1.3002 -0.421167 1.02354 0.261014 0.0944362 0.0107567 
2.14445 0.189754 2.19024 -0.188953 1.05892 -0.890478 0.731096 -0.593998 0.488729 0.00646373 -0.0117176 0.0708404 
1.84445 0.434269 1.76347 -0.155665 1.51227 -0.0996668 0.347861 0.162866 0.490408 0.133189 0.148568 0.0606611 
1.82986 0.671116 1.35385 0.189127 0.948284 0.334471 0.34118 -0.0895894 0.468185 -0.119137 0.0450085 0.0922267 
2.03284 0.860657 2.19649 0.406993 1.33801 0.553041 0.738735 -0.125264 1.25982 0.140862 0.127451 0.0949149 
1.92126 0.47258 2.10683 -0.179121 1.47575 1.13109 0.335202 0.484296 0.293635 -0.0409275 0.181619 0.000991937 
1.83598 0.62787 2.3973 -0.339575 2.05133 0.471517 0.901177 0.905982 0.992756 0.0120583 0.344074 0.0921423 
2.01175 -0.0734741 2.25646 1.51009 1.70174 0.567317 1.69985 1.47044 0.592516 -0.170392 0.3848 0.108448 
0.464002 -2.06776 2.16478 2.57092 -0.0625485 -1.74235 1.49946 3.77111 0.678857 -0.496224 0.57377 0.00740021 
-2.53191 -3.35757 -0.513194 1.47122 2.62168 -1.5593 1.24518 3.20795 0.964337 -0.893842 0.18393 -0.0821702 
-2.02 -2.7083 0.484339 2.07007 -0.306644 -2.03793 0.850652 2.0197 -0.190712 -1.15083 0.730058 -0.0905727 
-3.6143 -2.81992 1.34822 2.33521 -0.0977045 -2.37121 0.753246 2.05259 0.467207 -1.21909 0.684573 -0.0684296 
-4.14537 -2.1203 1.49809 1.53888 0.0348702 -2.30181 1.25711 1.5035 -0.856811 -0.132892 0.41699 -0.102248 
-5.12224 -2.36418 1.37662 1.3655 -1.04162 -1.83452 1.50962 1.12462 0.406917 -1.13859 0.905327 -0.2244 
-4.63988 -1.44759 1.23503 2.03762 -0.66637 -1.29943 -0.132699 1.29866 -0.0417251 -0.486803 0.619377 -0.258706 
-5.34868 -1.38365 1.36265 1.54527 -0.386162 -1.88437 -0.219515 1.09486 0.33498 -0.404305 0.0733045 -0.0658592 
-5.72159 -2.41117 1.82703 0.483705 -0.410245 -1.80492 0.828726 0.99361 0.672285 -0.940552 0.202603 -0.0181119 
-5.57032 -1.97134 2.54002 0.308019 -0.961684 -1.33863 1.30163 0.852445 0.180495 -0.784524 0.301608 0.0734102 
-6.4507 -2.78858 1.64349 -0.14175 -1.58352 -1.65436 0.889867 1.1138 0.0376989 -1.0373 0.749008 -0.0608612 
-4.66916 -1.54637 2.50145 -0.621397 -1.20534 -0.29469 0.372287 0.955805 0.587552 -1.26335 0.618436 -0.0518633 
-4.58532 -2.71848 1.3496 -2.56663 -1.25625 -1.26053 1.90149 1.10191 0.0509772 -0.753136 0.134614 0.0113737 
-2.78857 -0.722039 2.37006 -1.03777 -1.93572 -0.353659 1.58034 1.32587 0.998662 0.0938986 0.253168 -0.124234 
1.42452 0.871346 1.995 0.101509 1.09696 0.105513 1.95657 0.35628 0.472847 0.051383 -0.0775556 0.00428743 
3.39725 0.612794 1.25853 0.665876 0.526032 -0.923785 2.86334 1.19037 -0.0563336 0.299109 0.167261 -0.0965906 
4.5752 -0.420259 0.767171 -0.00719826 1.19037 -1.0094 3.41638 1.03216 0.037475 0.140703 -0.00190554 0.036901 
5.77451 -1.49708 0.344261 0.861635 0.414475 -1.39683 3.31458 1.65294 0.0942076 -0.0518314 -0.0785536 -0.0221815 
5.42541 -0.404474 -0.760673 1.4048 0.010298 -0.435941 1.86348 2.30975 0.268558 -0.44068 -0.0397056 -0.0420076 
7.07909 -1.70943 -0.968652 2.52785 -0.418714 -0.307518 2.06184 2.35237 0.26271 -0.391021 -0.0329752 -0.0334611 
7.62586 -2.35613 -0.619703 2.7785 -1.24342 0.335119 2.13062 2.2791 0.135618 -0.372964 -0.140195 -0.0229715 
4.69993 0.0424247 -1.10499 1.08954 0.472401 -0.529868 1.53879 2.20732 0.0381992 -0.83153 -0.293028 -0.0408921 
6.66553 -1.34079 -1.37937 1.82048 0.125273 -0.723756 1.75473 2.06325 0.120303 -0.894816 -0.303493 -0.0386999 
6.50249 -1.10971 -1.90377 1.88956 0.0540042 -0.646224 1.8458 2.08795 0.178223 -0.95226 -0.322963 -0.028208 
5.01114 -0.678216 -1.23242 1.3906 0.391427 -0.532406 1.39482 1.91203 0.27605 -0.869363 -0.284456 -0.0159077 
6.62558 -1.87897 -1.33694 1.63053 0.864223 -1.47493 2.21117 1.87177 0.25238 -0.859392 -0.363987 0.0118553 
7.49479 -1.65127 -1.53192 1.71578 0.48819 -0.65442 1.50063 2.10258 0.457874 -0.699372 -0.314565 -0.0107569 
7.53512 -0.509999 -1.39845 1.24617 1.19164 0.0317131 0.996535 1.96551 0.24881 -0.727169 -0.258386 0.0412943 
6.42357 1.37088 -1.27766 0.904334 1.46744 -0.296114 0.635855 1.86886 0.463501 -0.38292 -0.304155 0.0406435 
6.59033 2.04077 -0.669187 1.31742 1.98913 0.135512 0.762896 1.71119 0.134779 -0.359484 -0.27844 0.0491302 
6.42822 2.86803 -0.0637767 0.86893 1.72438 0.318739 -0.279885 0.657546 0.603878 0.0215258 -0.103527 -0.0144308 
5.05266 3.32205 1.30231 0.68592 0.830598 0.700266 0.554911 0.565439 0.434646 0.148152 -0.0340832 -0.0348377 
5.13228 3.64592 1.84068 0.971713 0.908816 1.09871 1.1053 0.670307 0.154325 0.0562211 -0.046709 -0.0229747 
4.36825 3.75003 2.50875 1.3342 0.901995 0.96306 0.986005 0.769926 0.50119 0.30243 0.107046 0.0280638 
3.61761 3.1827 2.61331 1.89162 1.24207 0.833398 0.612367 0.431803 0.312313 0.312667 0.293871 0.0772204 
3.87478 3.4424 2.99445 2.52072 1.96066 1.26454 0.552117 0.14368 0.0251426 0.0944604 0.167642 0.0275637 
4.61081 3.75128 2.99787 2.68015 1.85159 0.488111 -0.384449 -0.686652 -0.948474 -0.760302 0.00281876 -0.0407383 
5.07815 3.02004 1.86245 2.82312 2.58896 0.154992 -1.0151 -0.255728 -0.407653 -1.10195 -0.0366977 0.0316204 
5.92453 2.6435 1.1985 2.99456 3.50217 -0.45084 -0.616623 0.074454 -0.585042 -0.930906 -0.217497 0.125143 
4.61088 3.04864 1.34304 2.96416 2.77897 -0.51395 0.0622266 -0.635158 0.309009 -1.24945 0.168562 0.0601094 
4.85508 2.82114 0.742442 2.66208 2.62265 -1.30936 0.451963 -0.854192 0.742951 -1.19483 0.302744 0.171109 
5.10005 3.17571 0.0323819 3.20462 3.25604 -1.57256 0.536272 -0.960533 1.16185 -1.09795 0.221724 0.148474 
4.79685 2.91297 0.638329 2.74838 2.94407 -1.59967 0.897194 -0.343202 1.04851 -0.886274 0.226028 0.186607 
3.70963 2.82578 0.998938 2.66717 2.0166 -0.677424 0.601024 0.250579 1.12834 -0.466275 0.416254 0.0820214 
3.9545 2.5961 1.03631 1.33434 1.88687 -0.633987 0.9833 0.319569 1.52351 -0.0707606 0.528446 0.133655 
4.18162 3.01429 1.10514 0.560894 0.789739 1.18006 1.70819 1.02933 0.575526 0.242856 0.695823 0.184038 
3.53544 2.91649 2.23891 1.62903 1.34802 1.23526 1.09152 1.01215 1.03439 0.916093 0.577334 0.140433 
4.08541 3.62659 2.70509 1.58297 0.92864 0.675068 0.648994 0.874631 1.14332 1.04906 0.525529 0.174866 
4.23307 3.72647 2.76159 2.03501 1.58188 0.927586 0.421095 0.724348 1.35488 1.26285 0.312538 0.137805 
4.04701 2.83139 2.31487 2.89412 3.12723 1.56071 -0.0439815 0.0976766 1.26284 1.42594 0.239506 0.0354836 
5.06319 2.93453 2.27917 3.30967 3.16425 1.10691 -0.0114971 0.278926 1.30865 1.75691 0.180183 -0.0405801 
4.83991 2.59134 1.45044 2.19701 2.53654 0.987435 -0.490256 0.457157 2.09024 1.53259 0.280985 -0.0215279 
