1.54129 -0.0144221 1.59302 -0.016325 0.98447 -0.220669 0.41039 0.140419 0.16049 -0.40505 0.0117235 0.016754 
1.54603 0.377403 1.68575 -0.0728003 1.20558 -0.41325 0.745678 0.63372 0.449024 -0.0642727 0.0826674 0.0528995 
1.43118 0.0945954 0.804963 -0.989167 0.330752 0.109587 1.07984 0.0121379 0.441079 -0.468943 0.159475 -0.00567737 
1.27697 0.285351 1.47848 -0.992386 1.10158 -0.850782 1.05847 0.506965 0.441895 -0.261837 -0.0233586 0.0362819 
1.4739 0.463954 1.76864 0.381059 1.28295 0.100622 -0.343296 0.250821 0.623835 -0.318238 0.0607409 0.0352822 
1.33601 0.896998 1.89623 -1.03016 1.49978 0.0537783 0.320505 0.336829 1.0668 -0.108197 0.270481 0.0333296 
1.5185 0.486992 1.90574 -0.218642 0.696313 -0.437025 -0.4895 -0.48071 -0.0364185 -0.431231 0.0951983 -0.0677297 
1.48085 0.315819 1.95498 0.00699901 1.45589 -0.18315 -0.241011 -0.0519147 0.300996 -0.17026 0.075924 0.00750624 
1.35278 0.748964 1.4423 -0.725047 0.249542 -0.0281966 0.465098 0.365296 0.181169 -0.260222 0.17677 0.00677975 
0.74573 -0.271504 2.20972 0.300195 -0.372565 -1.32508 1.06239 0.395392 -0.881665 -0.251007 0.342992 -0.0729294 
-2.10761 -3.40951 0.210206 -1.3261 -1.16376 -1.42519 2.20724 2.29509 -0.477194 -0.323988 0.0893163 -0.28022 
-3.52531 -2.79145 0.306891 -1.36866 -1.95211 -1.70913 2.77735 1.52471 -0.442247 -0.14992 0.20397 -0.299846 
-5.09075 -2.89122 0.142542 -1.58379 -1.27306 -1.53378 2.36331 1.09505 -0.134661 0.014436 0.0230273 -0.275618 
-5.07423 -1.34114 1.27504 -1.33035 -1.88036 -1.14578 2.14241 1.54953 0.0655005 -0.475655 0.182366 -0.181477 
-5.33986 -1.50872 1.1453 -2.54582 -2.2902 -0.572217 1.7071 1.00422 -0.440332 0.219252 -0.0449189 -0.0611172 
-4.73068 -0.763005 1.46831 -2.13297 -0.427287 -1.20056 1.68811 0.68436 0.345229 -0.329308 -0.309999 0.0904385 
-4.12405 -0.868922 1.51678 -2.35396 -0.955987 -1.36789 0.672854 0.897817 0.361089 -0.437258 -0.25788 0.118833 
-4.32856 -1.25802 0.38537 -2.30057 -1.55305 -1.03712 1.38083 1.02453 0.205676 -0.666711 -0.0539609 0.0261629 
-2.54105 -0.32571 0.560169 -2.77006 -0.789086 -0.645717 1.36613 0.158526 -0.0837577 -0.542124 -0.228144 -0.0645411 
-1.23283 -0.014552 -0.432576 -1.67334 0.0717991 -0.579303 1.28877 0.233243 -0.0143349 -0.292746 0.146835 -0.0710749 
0.781081 1.17918 2.05321 -0.82741 0.781234 -0.203551 2.43875 0.92095 1.42911 0.0688563 -0.0427686 0.00993843 
3.3561 2.20479 2.7896 1.45389 -0.56142 -1.09438 3.1119 0.985806 0.397164 0.032796 0.203044 -0.0743462 
3.40944 1.71757 1.98887 2.46759 -0.970365 -1.86529 3.13067 1.83504 0.101682 0.0804157 0.000435975 -0.099068 
4.18781 1.58305 1.17299 3.01945 -1.22053 -1.64478 3.68103 1.36031 0.609478 -0.845516 0.0210864 -0.184222 
4.94841 2.17439 -1.34091 2.54201 -0.721716 -0.33289 3.84768 0.312156 0.337379 -0.64614 0.270476 -0.301141 
5.09086 1.52915 -2.24361 2.47739 -0.291247 -0.0648908 3.319 0.633261 0.645893 -0.672151 0.288105 -0.25673 
4.94728 0.836567 -1.51785 1.40629 0.280768 -0.0802403 2.96094 1.74926 0.312475 -0.563907 0.0224842 -0.0238273 
4.38515 0.128691 -1.30779 1.43684 0.526608 0.475093 3.20274 2.3415 0.54576 -0.318794 0.217373 0.029432 
4.95108 -0.0554429 -1.71213 2.89248 0.0273822 -0.185162 3.55346 1.61934 0.876759 -0.647905 0.361301 -0.0411276 
4.71636 0.266776 -2.01309 2.58739 -0.0545956 0.0988088 3.66159 1.60446 1.00452 -0.847517 0.297539 -0.0942795 
5.19567 0.833708 -0.993664 1.92629 0.624822 -0.233723 2.04378 2.03501 -0.111376 -0.351669 -0.168327 -0.0525928 
6.28894 1.31603 -2.06426 3.74442 0.565787 -1.2773 2.59443 1.25742 1.06691 -1.20567 0.0855105 -0.181388 
3.44437 1.5018 0.496099 1.25076 0.622528 0.0789023 1.93719 2.50289 1.31554 -0.354549 -0.112683 -0.0312817 
3.55995 1.58646 0.647624 1.3431 1.25711 0.74609 1.22466 1.71075 0.649562 -0.230553 -0.142736 -0.0173098 
6.55068 1.96114 -0.112179 2.81966 3.05607 0.235618 0.965617 2.25625 0.61705 -0.0684075 -0.269703 0.0451915 
3.70791 2.58848 1.99666 2.16454 1.90578 1.06984 0.865792 1.16747 0.908703 0.261226 -0.00167817 0.0253703 
3.3446 2.72995 2.21386 1.91335 1.72177 1.44226 1.11564 0.865743 0.649809 0.380977 0.12944 0.0503823 
4.2808 3.67036 3.00659 2.40117 1.34989 0.368299 0.41625 1.25849 1.37745 0.734251 0.155412 0.0848559 
4.40322 4.10138 3.21819 1.99479 0.883207 0.352488 0.560188 0.916972 1.03142 0.700376 0.179204 0.073261 
3.73671 3.47883 3.04578 2.13611 1.37931 0.911314 0.720184 0.792292 0.63664 0.414337 0.0877799 0.044837 
3.95249 3.68855 3.17255 2.38886 1.6434 1.22589 0.850579 0.754935 0.510183 0.199881 0.0231122 0.0023519 
3.23825 2.99885 2.8129 2.39133 1.7544 1.06131 0.445975 0.00748816 -0.158463 -0.116415 0.000648568 -0.035516 
3.71828 3.41353 3.07093 2.4663 1.3847 0.258957 -0.298168 -0.34935 -0.262832 -0.0990046 0.119008 0.00527525 
4.92334 3.36395 2.77693 2.96541 1.00282 -1.30203 -0.687136 0.440441 -0.138536 -0.400737 0.162098 0.127316 
5.36889 2.14304 1.2884 3.08092 1.84685 -1.11202 -0.245093 0.792531 -0.154683 -0.263631 0.431933 0.298426 
4.45062 1.40351 0.811009 2.99073 2.05393 -1.01886 0.356177 0.642531 0.540118 -0.479066 0.386622 0.240895 
4.6611 1.31964 0.446539 2.91967 1.28162 -1.23538 0.897306 1.60522 0.870148 -0.15625 0.31465 0.210523 
4.0774 1.60675 1.03718 2.11213 0.864761 -0.364226 0.893777 2.09959 1.21368 -0.404674 0.497339 0.212465 
3.93876 2.72993 2.48118 2.64381 1.46603 -0.363985 -0.514256 0.875454 1.73785 0.828127 0.374593 0.165938 
3.6845 3.09765 2.69743 2.38267 1.57754 0.339114 -0.127623 0.450915 1.00585 0.765061 0.317452 0.114507 
3.00484 2.54187 2.19771 1.84246 1.47157 1.12248 0.906858 0.775817 0.683411 0.539189 0.290617 0.0514011 
2.71881 2.15816 1.83718 1.57462 1.38325 1.21168 0.982689 0.757084 0.565116 0.370362 0.170549 0.0251103 
2.83313 2.27255 1.99538 1.74735 1.44208 1.01991 0.737412 0.702834 0.707957 0.561363 0.276522 0.0573386 
2.93392 2.42449 2.21856 2.01218 1.63529 1.11249 0.889867 0.947994 0.962306 0.725395 0.32359 0.0835531 
3.07801 1.99383 2.00299 3.03485 3.26742 1.60462 0.206817 0.750026 1.51378 1.1796 0.0973925 0.0224523 
3.07042 2.45425 2.41843 2.65684 2.79427 1.72306 1.0035 0.940834 1.15112 0.792665 0.243913 0.0793436 
2.93217 2.52343 2.52562 2.29365 2.0642 1.86053 1.5441 1.26565 0.984282 0.655129 0.359928 0.104303 
2.72136 2.27561 2.11784 1.95735 1.84899 1.74007 1.44536 1.23605 0.919646 0.677797 0.420073 0.0900359 
2.83954 2.87919 2.89185 2.20887 2.65913 2.12657 1.77685 1.26184 1.33039 0.448743 0.305928 0.12163 
2.54434 2.16188 2.75355 1.83584 2.46515 1.4819 1.76705 1.08497 1.1562 0.575779 0.375828 0.108123 
1.78154 2.0694 3.01221 1.28965 2.30086 2.00935 1.74686 0.933141 1.12853 0.476273 0.420907 0.0932783 
1.53895 1.26673 3.00554 1.34644 2.58386 1.36276 2.03324 0.583723 1.00639 0.887816 0.417995 0.0457858 
1.40793 0.654693 1.59914 0.677044 1.38881 0.540912 1.22901 0.0636357 0.789333 0.121287 0.145861 0.00520369 
0.991546 0.258692 2.14799 1.26204 1.48947 0.152126 0.85038 0.315252 0.769807 0.0503935 0.191275 0.0286664 
0.92235 0.359321 1.89433 0.532373 1.68578 0.0429508 0.308748 0.394511 1.14365 0.482732 0.0633727 -0.0346106 
0.866451 0.532171 1.55507 0.546093 1.38933 0.673483 -0.378044 0.514915 1.11247 -0.323297 0.492981 -0.0300236 
-0.0128605 1.86762 1.04284 0.347461 0.842015 1.35452 0.0542085 0.109074 0.299541 0.804297 -0.190676 0.0858612 
-3.08779 2.223 0.87026 -0.253013 1.32649 -0.0470034 0.517728 0.267785 0.249593 0.318049 0.104375 -0.00742553 
-2.3383 1.21571 0.930706 -0.940498 1.57826 0.0182732 -0.214292 0.877525 -0.333237 0.28301 0.0109463 -0.0557738 
-0.406323 1.83524 1.15924 -0.787931 3.06695 -2.36793 2.38385 -0.452702 0.108093 0.618303 0.0711958 0.0297595 
0.946842 0.495643 1.69096 -1.24701 1.42041 0.0377032 0.254968 0.412324 0.208353 0.274209 0.128151 -0.00334775 
0.719105 0.529956 1.25618 -0.226198 0.901958 0.00922103 0.340402 -0.402168 0.787957 0.227652 -0.00932069 0.0507056 
0.988273 0.391801 1.75485 -0.130506 1.0643 -0.123902 -0.849593 -0.0782301 -0.182472 -0.0671898 -0.0287071 -0.00573084 
1.2295 0.741084 2.13313 -0.146644 0.746468 0.34586 0.372291 -0.236394 -0.189619 -0.790872 0.00913 0.049192 
1.12885 0.36636 1.70813 -0.26285 0.914174 0.154216 -0.280454 -0.604768 0.271158 -0.0738239 0.347633 0.0171423 
1.15003 -0.0208856 0.823876 0.121452 0.99692 0.546934 0.946677 -0.450124 -0.226244 -0.571737 0.532761 0.0913924 
1.33355 0.212962 0.963556 -0.334851 0.867837 0.429166 0.537234 -0.048483 0.341854 -0.23243 -0.274971 0.0800188 
1.42862 -0.018418 0.958255 -0.786103 0.262926 -0.65325 0.30275 -0.2836 -0.545165 -0.748266 0.11947 0.0567309 
1.31456 0.641035 1.50342 -0.967102 0.53789 -1.29316 0.767509 -0.157335 -0.0709586 -0.440352 -0.056799 0.125047 
1.24258 0.204733 1.40908 0.128754 0.921649 0.14669 0.185447 -0.158724 0.18437 -0.327322 0.168381 0.0462934 
1.15699 0.375639 1.43383 0.185823 0.416062 0.391754 0.0629552 0.00323791 0.00772645 -0.82079 0.128599 0.0372132 
1.05553 0.760235 1.36433 -0.25604 0.318384 0.171721 -0.318627 -0.547893 -0.179461 -0.167498 -0.0364059 0.0286659 
1.02651 0.298542 1.94897 -0.00715181 0.604218 -0.281674 -0.569918 -0.112599 0.71713 -0.223117 0.186557 0.0125785 
1.00203 0.320403 1.82458 0.0275833 0.732897 0.236787 -0.664716 -0.223283 0.0655453 -0.0209489 0.331781 -0.0272243 
0.998306 0.485045 1.37939 0.042244 0.712394 -0.147393 0.00784641 0.0180267 0.576819 -0.228433 0.325246 0.106803 
