2.35012 0.80124 1.27552 -1.52086 1.36911 -0.361875 0.319328 1.01379 1.00674 0.186898 -0.0221774 0.0147987 
2.65956 0.899296 1.45071 -1.54078 -0.114068 -0.428261 0.810674 0.5004 1.0592 0.221078 0.308931 0.0713261 
1.92716 0.710101 1.46879 -0.716317 1.28119 0.126467 0.715992 1.25882 0.860398 -0.0375 0.10585 0.0138222 
2.01653 0.106472 0.954484 -1.12274 0.0175783 0.382459 1.1483 0.828134 1.34674 -0.380283 0.19593 0.0160923 
2.20743 0.612922 1.82083 -0.656935 0.75509 -0.153485 0.685583 0.689729 0.799566 -0.195768 0.108768 0.0384759 
1.93017 0.311373 0.84085 -0.450196 1.30905 0.396125 1.48217 0.705045 1.19586 -0.315569 -0.0103264 0.00555393 
2.2948 0.738299 1.31579 -1.15758 0.917517 -0.576739 0.907543 0.640671 1.01851 0.00233268 0.248395 0.0687604 
2.1761 0.397318 1.87705 -0.240754 1.06603 0.356309 1.34131 1.2389 0.479989 -0.214953 -0.196667 0.0575469 
2.1098 0.653828 1.51025 -0.267424 1.05968 -0.232408 1.04143 0.485735 0.478624 -0.222095 0.000642414 0.0417115 
2.09047 0.840994 1.09798 0.560725 0.64426 1.01092 0.772194 0.723678 1.35994 -0.304651 0.090215 -0.0154023 
1.96942 0.744041 1.87354 -0.030577 1.3915 1.05072 1.78822 0.602779 0.302832 -0.272989 0.225121 0.0485143 
1.84858 0.565095 1.64745 -0.158212 1.37659 0.634553 1.21692 -0.23458 0.562645 -0.157305 0.361479 0.0110789 
1.96148 0.850009 1.89954 -0.193784 1.33328 1.31128 0.878159 0.229066 0.660223 -0.436181 0.196944 0.0241124 
1.62481 0.758755 1.75995 -0.00706724 1.46822 0.915271 1.04685 0.577551 0.560621 -0.212264 0.134506 -0.0136926 
1.93851 0.786303 2.21088 0.405657 0.650783 -0.317139 1.90726 0.251049 -0.171403 0.0104052 0.118905 0.023437 
2.1181 0.803488 2.06296 0.367079 1.43203 0.210219 1.40652 0.249296 0.931069 -0.350157 0.207305 0.0959875 
0.906935 1.91057 1.67992 0.555819 1.17069 0.140621 1.7775 0.306225 0.009478 -0.137917 0.530979 -0.0764784 
-2.79151 3.22943 1.28854 1.69883 0.731846 -1.03521 2.6189 2.34307 -0.392467 -0.596641 0.855642 -0.186026 
-1.46955 -1.94142 0.832635 1.42996 0.154456 0.54926 3.25933 1.52298 -0.0126308 -0.985636 0.475386 -0.0908075 
-2.98298 -2.25751 1.21894 1.83061 -1.61146 -1.17729 3.8184 1.59816 -0.403059 -0.500022 0.562567 -0.212012 
-4.01602 -1.36563 1.07747 1.84358 -1.19693 -0.723393 2.29116 1.50063 -0.416082 -0.427723 0.716141 -0.184477 
-4.7798 -0.859208 1.77609 0.45521 -0.561949 -1.74461 1.77819 0.920066 -0.467843 0.0913626 0.557241 -0.214294 
-4.03153 -1.01922 2.10551 0.352982 -0.404689 -1.16132 0.817383 0.548124 -0.0422379 -0.413443 0.407741 -0.167262 
-4.12801 -1.06542 1.95537 0.435176 0.130852 -1.71801 1.12961 0.247731 0.406022 -0.373566 0.234069 -0.0846365 
-4.2706 -0.876377 1.371 0.542816 -0.5335 -1.18446 1.50583 0.379325 0.146045 -0.527969 0.533779 -0.139027 
-5.63271 -0.737009 0.838134 -0.0958973 -0.810028 -0.489498 1.44573 0.858868 0.0863409 -0.72608 0.525312 -0.180504 
-5.01148 -1.3814 2.19363 -1.16901 -0.899739 -1.26448 1.47874 1.05706 0.679271 -0.80186 0.384031 -0.139287 
-3.5954 -0.988557 0.448538 -2.83094 -1.76731 -1.65881 1.15796 0.775433 1.21772 -0.333796 -0.276454 -0.0293134 
-2.09988 -1.11832 0.0310353 -3.02214 -2.32167 -0.803053 1.5893 0.55217 0.619906 -0.0208524 -0.0288625 -0.147244 
1.18635 1.90201 2.66248 0.366237 -0.373279 -0.230223 3.10998 0.982287 1.0985 0.124522 0.365117 -0.165723 
2.74052 1.8727 1.71846 0.358888 -0.497081 -0.286637 3.3885 0.695535 0.922575 -0.0694985 0.163673 -0.160364 
4.27446 1.02633 0.941309 0.166293 -0.385781 -0.0282734 2.5034 1.67188 0.588751 -0.163771 0.00798467 -0.091404 
4.48716 0.62204 0.340957 0.360147 0.185906 0.235982 2.38343 1.08311 0.955617 0.00405107 -0.270984 -0.149007 
5.18729 -0.626975 -0.540719 1.39961 0.360484 -1.30391 4.27198 1.33503 0.938083 -0.550965 -0.129046 -0.025718 
4.2823 0.450753 -0.580156 0.950128 0.312535 -0.146062 2.14205 2.20414 0.102508 -0.377726 -0.223567 -0.0971327 
4.24974 0.897027 0.411704 0.825527 -0.253617 0.138395 1.75872 2.02556 0.654845 -0.46377 -0.237305 -0.0779439 
6.19184 -0.937019 -1.01577 1.93183 0.0255729 0.0199615 1.93372 2.23385 0.20928 -0.668248 -0.295581 -0.0730636 
7.44517 -1.91919 -0.772824 2.03194 -0.103855 0.560282 1.67765 2.07161 0.0710117 -0.716714 -0.253823 -0.0445067 
6.66251 -0.667426 -1.46205 1.74433 0.822566 -0.0686583 1.68155 2.30045 0.162681 -0.672738 -0.226088 -0.034988 
6.65498 -0.0742859 -2.0393 2.14567 1.05445 -0.277082 1.65279 1.84235 0.185314 -0.705455 -0.192817 -0.0107536 
4.93245 0.832325 -0.156745 1.46325 0.843008 -0.453487 0.760009 1.72174 0.432041 -0.269103 -0.15493 -0.011611 
6.03805 1.45191 -0.296046 2.18486 1.81489 -0.569998 0.324382 1.78761 0.624816 -0.159844 -0.218975 0.0338178 
4.48106 2.10368 0.628738 1.40305 1.60339 0.42862 0.380455 1.16002 0.700767 -0.137565 0.163122 0.0707687 
4.07144 2.85613 1.65432 1.40777 1.40246 1.13934 0.829018 0.652358 0.4555 0.222255 0.0309987 0.0146021 
4.53529 3.27885 1.61768 0.82827 0.889357 0.941758 0.726725 0.607313 0.697131 0.594541 0.0739199 0.01287 
3.88491 2.96205 1.80356 1.04944 0.78016 0.685688 0.618775 0.681294 0.630296 0.313075 -0.101443 -0.0261181 
3.67543 3.0592 2.22236 1.57044 1.32542 1.2052 1.02889 0.990103 0.999379 0.751414 0.210245 0.0787338 
3.40469 2.908 2.37543 1.85829 1.5054 1.1786 0.926173 0.803113 0.786122 0.677942 0.383261 0.1035 
3.7143 2.34214 1.92293 2.62021 2.18107 0.83392 0.497164 0.758034 -0.0935496 -0.543085 0.287523 0.0750229 
4.20159 2.64456 1.98418 3.13419 2.02421 -0.41687 -0.529529 0.153387 -0.403432 -0.960067 0.278009 0.0795203 
5.06413 2.5792 1.10909 4.69733 1.56503 -1.16776 0.498052 -0.923398 -0.108701 -1.35777 0.442868 0.10906 
5.03911 2.44833 1.01203 5.12934 1.7424 -1.26905 0.661736 -0.708178 0.148574 -1.16028 0.556101 0.130873 
3.66476 2.54202 1.82972 2.81711 1.41343 -0.264118 0.111536 0.673504 0.164619 -0.697673 0.362459 0.0877179 
3.58984 2.1717 2.46637 2.57518 1.01832 -0.916484 0.0954787 0.542005 -0.0523315 -0.392877 0.435495 0.112101 
4.94346 1.92756 1.84102 3.62356 1.90436 -1.20129 -0.637265 0.54927 -0.09511 -0.412162 0.376965 0.247661 
3.96918 2.02088 1.9601 3.50104 1.98607 -0.925774 -0.570907 0.846481 0.307356 -0.268182 0.514551 0.203965 
3.67158 2.08938 2.11731 3.17496 1.92831 -0.5207 -0.307726 1.04846 0.49441 -0.197555 0.491153 0.166256 
4.23577 1.8491 2.27343 4.19368 2.27986 -1.13999 -0.727688 1.19463 0.843006 0.0109001 0.412001 0.243932 
5.95217 1.28393 1.57381 4.52985 2.14027 -1.2463 -0.0558425 1.56602 0.580647 -0.0983916 0.289023 0.263508 
3.68303 2.52154 2.24513 2.4022 1.16557 -0.310948 0.181425 1.29797 1.01405 0.226263 0.174619 0.0906718 
2.99143 2.43827 2.09935 1.82416 1.46891 1.05979 0.733536 0.724351 0.691983 0.549146 0.333062 0.0684715 
2.95988 2.55775 2.34707 2.04682 1.7293 1.40905 1.06079 0.80821 0.561416 0.392181 0.236595 0.0525186 
2.73007 2.22658 2.04006 1.87047 1.65368 1.39265 1.09853 0.879804 0.67428 0.422538 0.214627 0.0372586 
2.75942 2.326 2.20224 1.94112 1.72603 1.49671 1.25209 0.998699 0.706653 0.442247 0.235529 0.0690244 
2.77077 2.21917 2.18814 2.19052 2.24005 1.82745 1.32017 1.16879 1.12488 0.838193 0.389221 0.0988571 
2.92811 2.48946 2.26969 2.25621 2.21706 1.89358 1.4962 1.12142 0.933505 0.666478 0.36522 0.0957078 
2.84307 2.36596 2.18007 2.07834 1.90786 1.643 1.3741 1.16119 0.86278 0.659597 0.38071 0.0751963 
2.7863 2.39929 2.23722 2.06446 1.9631 1.74697 1.53145 1.20616 0.927276 0.676811 0.405622 0.0938444 
2.70805 2.22189 2.14646 2.00274 1.75352 1.72183 1.4184 1.04261 0.920211 0.655704 0.372041 0.0835475 
2.62918 2.13972 2.06328 1.75307 1.68593 1.44693 1.19825 1.11437 0.7931 0.463815 0.368256 0.0478131 
2.4225 1.97708 2.84851 1.25655 1.95623 2.389 0.967244 1.36941 1.2286 0.117641 0.505295 0.0857634 
2.29827 2.01198 2.42858 1.62785 2.05035 1.79687 1.44274 0.822712 0.938024 0.644549 0.434287 0.049094 
2.29389 2.16337 2.11875 1.55773 1.92601 1.50331 1.33932 0.897858 1.2543 0.699075 0.581467 0.0426812 
2.1233 1.82009 2.18473 1.37369 2.35196 2.14249 1.31071 0.932064 1.0438 0.718459 0.293116 0.0547494 
2.45694 1.84711 2.21297 1.42509 2.39094 1.25406 1.73058 1.17849 0.916283 0.572153 0.409704 0.0552592 
2.49584 1.83541 2.37801 1.93131 2.03866 1.22347 1.58754 0.410144 0.89171 0.732059 0.247976 0.0492194 
2.24122 1.49522 2.56819 1.38525 1.909 1.542 1.92992 0.914404 1.19464 0.933984 0.299864 0.0458866 
1.84558 1.53387 2.20103 0.907327 0.623682 2.26962 1.37334 0.260838 0.789617 0.202973 0.418197 0.0147069 
1.78451 0.993152 2.08802 0.958052 1.44332 1.43293 0.661173 0.266152 0.993398 0.0956173 0.420016 0.0174632 
1.40318 0.533551 2.05061 0.158889 0.872346 0.508792 0.168746 0.617345 0.631062 -0.0156202 0.239354 0.0504325 
1.71151 0.415601 1.55863 0.465034 1.17849 0.993879 1.3898 0.289042 1.10746 -0.128552 0.404095 0.0450231 
1.40754 0.788881 1.34876 0.435974 1.00041 0.950992 0.939298 0.48054 0.816693 0.229634 0.419369 -0.0333662 
1.62598 0.109339 1.04056 0.516086 1.32282 1.23533 1.34035 0.502686 0.454143 0.360059 0.096116 -0.029067 
1.60791 0.847048 1.41131 0.266725 1.0235 -0.109591 1.38351 0.633892 0.513647 -0.0556074 0.316744 0.00977422 
1.96772 1.03095 1.80825 0.455201 1.20586 0.607724 0.621249 -0.0995874 0.183545 -0.211681 0.32871 0.0467199 
