3.57729 -0.560664 0.451863 1.52534 -0.502842 0.37415 3.2084 1.31489 -0.134088 0.216816 -0.25096 -0.299963 
2.94821 0.888095 0.574972 0.0833985 1.38166 0.584492 1.18575 1.76023 1.63041 0.0377247 -0.473594 -0.203441 
2.87163 0.592994 0.254487 -0.415909 2.63302 -0.546468 0.250126 1.9165 2.26177 0.247313 -0.425882 -0.181353 
2.78632 0.26777 0.562691 0.469048 1.54069 -0.734064 0.594805 1.20768 2.57521 -0.0192803 -0.715761 -0.2125 
2.70133 1.08174 0.652011 -1.44663 -0.207561 -0.106124 1.04523 1.14887 1.66366 -0.0190559 -0.301547 -0.155276 
2.87106 1.33706 0.205496 -1.6387 0.165885 -0.799577 0.558485 1.66084 2.19749 0.316887 -0.218867 -0.0803733 
2.53888 0.597246 0.279799 -2.06349 0.0174997 -0.254847 1.87259 1.34457 1.1498 -0.240792 -0.0721863 -0.130659 
2.67237 0.793297 -0.104869 -3.03513 -0.656603 0.305328 1.2297 2.11521 1.48194 -0.373302 0.181914 -0.139575 
2.42815 0.748378 0.875341 -2.66937 -0.0915665 0.461922 0.694322 1.97607 1.88781 -0.159184 0.033752 -0.0707019 
2.23105 1.03083 0.689845 -1.42821 0.454651 0.803589 2.11415 1.72164 1.51165 0.029166 0.0492434 -0.128177 
2.57476 1.40727 2.40888 -1.50557 0.900962 0.0185717 1.07096 2.20708 1.72144 0.0829576 -0.0113667 -0.00521143 
2.71503 1.0438 2.25876 -1.17695 0.448873 -0.0501771 1.72193 1.41988 1.44194 0.198089 -0.0554717 -0.0182924 
2.15962 0.680159 1.23514 -0.430705 0.675482 0.3008 1.47738 1.17209 1.93046 0.400669 -0.043533 -0.0380305 
2.4162 1.34502 1.39933 -0.353651 0.647165 0.306993 1.30746 1.63801 1.94031 -0.151655 0.143175 -0.0485836 
2.37132 1.06389 1.63433 -0.69748 1.20971 -0.0720252 1.1523 0.958608 1.2793 0.109092 0.140537 0.0167273 
2.07944 0.944202 1.32977 0.323439 1.58398 0.592974 0.836774 0.149633 1.12682 0.083035 0.229803 0.0171774 
1.79354 0.624076 2.39996 -0.1214 1.32754 -0.662462 0.606804 -0.236834 0.0879632 -0.0149537 0.196844 0.00221353 
1.66838 0.894378 2.20953 0.142606 1.53326 0.550827 1.14694 -0.277291 0.682258 -0.291088 0.225623 0.0646295 
1.46591 0.415074 2.45863 -0.597242 1.27132 0.376099 0.705788 -0.20117 0.960769 -0.206094 0.293843 0.0367877 
1.52544 1.05971 2.10627 0.186691 0.937663 0.593883 1.22583 0.222641 0.862338 0.159268 0.0896786 0.0146486 
0.792195 2.21512 1.61423 1.34709 0.561165 0.447141 1.30998 0.23833 0.979744 -0.0124489 0.433415 -0.0450074 
-3.4091 1.16367 1.35389 2.73572 -0.23528 -2.20821 1.58482 1.14209 0.2952 -0.321991 0.535489 -0.00104598 
-1.71422 -2.0946 -0.682263 0.0210065 -1.3972 -1.12816 2.08385 2.2561 0.451064 -1.08654 0.127373 -0.0786604 
-2.87228 -2.69648 -0.545633 -0.661409 -1.41606 -1.39713 2.04876 1.54629 0.78099 -0.878375 0.248529 -0.131333 
-3.9508 -2.08933 1.11617 -9.62542e-006 -1.65584 -1.79596 2.40778 2.08515 -0.317905 -0.3583 0.410887 -0.192311 
-5.74498 -2.64281 0.0331553 0.0738443 -1.2756 -2.08687 1.68546 2.31293 0.061949 -0.765438 0.0571352 -0.113104 
-4.90161 -0.862595 2.2263 0.414669 -1.22778 -1.11893 1.44196 0.120712 0.0892916 -0.594069 0.413503 -0.0202734 
-5.34193 -0.273517 2.09389 0.526722 -1.17328 -1.23696 1.52031 -0.0659161 0.153727 -0.376285 0.207794 -0.00546527 
-5.97011 -1.04284 1.93219 -0.656234 -0.895391 -0.845448 1.10754 0.766723 0.627076 -0.384411 0.191643 -0.156111 
-5.05033 0.18233 1.45901 0.14012 -0.666569 -1.09553 0.450927 0.333052 0.642155 -0.0132285 0.0102346 -0.0377408 
-4.86288 -0.170798 1.81157 -1.3576 -0.174801 -0.933415 1.68593 0.312832 1.18087 -0.617626 0.0743615 0.0371939 
-4.64593 -0.24957 2.0783 -1.16442 -0.538967 -0.17496 1.93807 0.95579 1.45803 -0.0209269 -0.112181 0.00279503 
-2.57523 -0.00931299 1.30884 -3.14054 -1.46916 -0.0418217 1.35875 0.216836 0.521491 -0.174286 -0.0107141 -0.182812 
-1.06642 -0.0834259 0.479963 -2.06078 -0.927307 -0.400446 2.49466 0.0042596 0.662818 0.148826 -0.39339 -0.024011 
2.42539 0.939771 1.92737 0.434597 0.447813 0.506031 2.6093 0.651222 0.566495 0.15065 -0.0344312 -0.0865683 
3.35106 0.75442 1.06956 0.816588 -0.0281699 -0.292756 2.5973 1.44394 0.433019 -0.0869805 -0.137596 -0.141917 
4.83844 -0.993529 0.966307 0.449724 0.538536 -1.0452 3.79746 1.65262 0.180704 -0.134449 -0.233288 -0.0246833 
4.29063 -0.299243 0.0465704 1.38432 -0.397359 -0.0339301 2.4865 2.06076 0.223113 -0.583533 -0.119872 -0.0708965 
5.61056 -1.28341 -0.394666 2.07453 -0.459587 -0.196052 2.55065 2.13249 0.0456151 -0.743995 -0.139478 -0.0186576 
6.00558 -1.72809 -0.889819 2.75409 -0.178273 -0.890621 3.18987 2.27934 0.287328 -0.75628 -0.108534 -0.0237609 
3.64001 -0.0962246 -0.293291 1.48622 0.335641 0.218621 2.23536 2.15282 0.18243 -0.801222 -0.0922121 -0.00489129 
3.92066 -0.741704 -1.13038 1.58886 1.05942 -0.201376 1.78264 2.20306 0.424115 -0.863498 -0.244358 -0.0167849 
6.11076 -1.39919 -3.46428 3.66956 0.192464 -1.37489 3.21477 1.95165 1.02112 -1.5333 0.0480279 -0.0971051 
5.7472 -1.2394 -3.46663 3.5731 0.133599 -1.33878 2.9385 1.37656 1.16054 -1.55109 0.0470633 -0.137682 
4.02099 -0.47856 -1.29185 1.32796 0.755829 -0.616167 1.48647 1.46784 1.02825 -0.95613 -0.351587 -0.0722796 
6.45498 -0.841221 -4.00772 3.69484 0.461997 -1.78963 2.24147 1.48433 1.68976 -1.45288 0.0427938 -0.163368 
4.67166 1.17822 -0.80778 0.816182 0.827393 -0.627259 0.279085 1.59446 0.850532 -0.723596 -0.346653 -0.0522993 
3.93008 1.97482 0.907853 1.32514 1.20225 0.436168 0.475708 0.838567 0.298883 -0.229235 -0.18025 -0.0564696 
4.7327 2.47604 0.923784 1.62183 1.93862 0.830182 0.484754 1.18295 0.841322 -0.0195565 -0.15648 -0.042057 
5.3956 2.11792 0.402248 1.76817 2.25195 0.953813 0.664115 1.43996 1.11863 0.263805 -0.0338828 0.00994209 
4.14031 2.70429 1.59693 1.72834 1.6123 0.589627 0.228605 0.821919 1.001 0.46035 0.202281 0.0571405 
3.35083 2.91747 2.44363 1.84198 1.36694 1.0731 0.930053 0.719013 0.399843 0.175404 0.0411819 0.0221391 
5.7132 5.01521 3.34261 1.6356 0.959288 0.104508 0.0999672 0.388797 0.533278 0.195664 0.175791 0.0425568 
4.60096 3.90899 3.22059 2.95209 1.84868 -0.0683439 -0.980313 -0.44508 0.127942 -0.016359 -0.0302142 0.0158136 
5.03408 3.01304 1.62561 2.4606 2.40301 0.00548196 -1.13407 -0.00111791 0.229318 -0.689366 0.00755689 0.0416753 
4.13196 2.59588 1.29884 1.64499 1.66952 0.192724 -0.524298 0.190942 0.203276 -0.361436 0.0814614 0.0104998 
4.0691 2.21801 1.42797 1.80222 1.28023 -0.401765 -0.469801 0.551321 0.131624 -0.409786 0.139793 0.0630144 
5.43774 2.04095 0.371851 2.0893 3.12092 -1.3092 0.00158349 0.895905 -0.426325 -0.354041 -0.026901 0.231881 
5.20988 1.87009 0.643291 1.9832 2.46909 -0.926675 0.341538 0.539463 0.213168 -0.48901 0.192041 0.246507 
4.65537 1.89558 0.530517 2.26799 2.54197 -0.25238 0.391897 0.797114 0.502674 -0.531358 0.185309 0.186924 
4.33062 1.97984 0.627993 1.82468 2.35174 -0.117482 0.86652 1.15438 0.632937 -0.319384 0.362958 0.195064 
3.94957 2.06603 1.28476 1.74531 1.2811 0.166804 0.437172 0.985369 0.834014 0.100486 0.246642 0.0867542 
3.61138 2.79851 1.52467 0.974936 0.909566 0.0261918 1.18116 0.480206 0.975394 0.488498 0.395195 0.0864855 
3.23194 2.80285 1.92352 1.0495 0.856539 0.836589 1.02699 0.676944 0.785568 0.704427 0.449985 0.0910895 
3.09916 2.72362 2.41139 1.96163 1.51369 1.17637 0.972268 0.84859 0.706072 0.507099 0.27673 0.0722676 
3.06632 2.69028 2.44553 2.17851 1.81155 1.43688 1.12154 0.766964 0.515541 0.275459 0.100542 0.0372505 
3.09618 2.69419 2.43294 2.13473 1.79535 1.50122 1.17016 0.887536 0.637655 0.360978 0.105863 0.0565257 
2.86756 2.46357 2.29725 2.09182 1.92518 1.65748 1.34039 1.0983 0.801157 0.540573 0.323078 0.0843213 
2.96917 2.52611 2.28039 1.99662 1.68459 1.38503 1.20156 1.03651 0.828244 0.61363 0.372238 0.0823507 
3.02194 2.63653 2.46677 2.24996 1.88982 1.60141 1.33255 1.0066 0.840744 0.551097 0.312944 0.0772549 
3.15586 2.79112 2.60042 2.30005 2.07811 1.82389 1.54508 1.2266 1.00459 0.620592 0.27155 0.0948249 
3.2204 2.98092 2.92216 2.69692 2.57464 2.31376 1.70942 1.41914 0.907083 0.619824 0.3385 0.119217 
2.98637 2.59443 2.50647 2.4049 2.30272 2.02773 1.80488 1.306 1.12209 0.757299 0.382 0.12805 
3.03726 2.70407 2.65502 2.33028 2.25262 2.00269 1.84731 1.40347 0.977967 0.675104 0.428501 0.129252 
2.81187 2.42439 2.35246 2.10662 1.94384 1.87638 1.53934 1.19452 1.00331 0.638734 0.401338 0.105017 
2.6253 2.19577 2.20558 1.63512 1.7792 1.65153 1.0162 1.28314 0.809411 0.411941 0.441061 0.0729026 
2.40972 1.76272 2.68069 1.32821 1.47697 1.85379 0.898145 0.486333 1.16523 0.28561 0.255202 0.0843056 
1.68699 1.49097 2.44475 0.91981 1.52367 0.918822 1.03633 -0.0441225 0.659358 0.25353 0.296151 0.0520444 
1.16949 1.29404 2.25825 0.0956181 1.6853 1.1459 1.13108 0.587014 1.28561 0.342921 0.31238 0.0119115 
1.12486 0.892207 1.90256 0.606002 1.03085 0.617793 0.52935 0.75412 0.811173 -0.0692422 0.150993 0.0400067 
1.43896 1.07618 2.10968 0.534507 1.11405 0.6644 0.66288 0.518945 0.632544 0.193782 0.0815073 0.0289745 
1.32272 1.35739 1.5741 0.865312 1.39978 0.768807 1.26585 1.1945 0.810108 0.348028 0.227131 0.0068536 
1.63748 1.04809 1.77233 0.331432 1.85004 0.455668 0.240465 0.340614 1.26468 0.0170788 0.119868 0.0214772 
1.258 1.18587 2.11626 0.396608 0.864614 0.389263 1.19804 0.594928 0.0163961 -0.098577 0.242651 0.0356078 
1.89727 1.32109 1.61298 0.105027 0.06376 -0.776245 -0.990485 -0.346244 0.0280787 -0.0984712 0.205331 0.159387 
