1.80032 0.911629 2.17364 -0.164637 1.05461 0.906121 0.615672 -0.412924 0.168788 -0.0358545 0.109455 0.073545 
2.31668 -0.0478325 -1.01575 -1.88806 1.684 2.6718 2.04553 -0.531728 -0.0730309 -0.323822 0.353424 0.137207 
2.58464 0.339661 0.535637 -1.42312 2.02993 1.21103 0.704081 -0.293519 0.176793 -0.437498 0.341188 0.107322 
2.0365 0.908495 1.55906 -0.45167 1.54127 1.27381 0.685439 -0.579507 0.914746 -0.099753 0.356171 0.0504184 
1.96046 1.17319 1.40416 0.224176 1.22532 1.51973 0.891143 -0.0360614 1.05227 -0.560503 0.167934 0.0767406 
2.12202 1.27778 1.73502 -0.187058 2.03918 1.00935 0.733743 0.348581 1.15685 0.39542 0.158636 0.0148875 
1.95994 1.02373 1.8159 -0.324758 1.2803 0.330523 0.777914 0.146082 0.997876 -0.1258 0.0125708 0.104549 
1.9664 0.977245 2.30127 0.0556709 1.43892 0.00974914 0.765136 -0.276833 1.07444 0.126984 0.408839 0.0891607 
2.03375 0.854953 1.55763 0.00788618 1.36267 0.836901 1.00464 0.642798 0.96885 0.303481 0.402511 0.0284505 
2.12987 1.15079 2.08875 0.333585 0.780026 -0.00988697 0.341538 0.346007 0.588726 0.223646 -0.0319019 0.0640914 
1.9049 0.864635 2.03002 0.410919 1.55267 0.269514 0.913553 -0.0430247 0.872589 0.355666 0.339455 0.0407621 
2.11462 1.29587 2.04514 -0.0850803 1.85376 0.530847 0.891253 0.397622 0.715449 0.0698966 0.256279 0.0761322 
1.7097 0.829114 1.46583 -0.54308 1.78075 0.427874 0.818883 0.416856 0.509256 -0.285045 0.215058 0.0828061 
1.72062 0.612416 2.28267 0.792276 1.36007 1.00267 1.10292 -0.0416263 0.373851 -0.102494 0.254553 0.0666632 
1.92314 0.947274 2.19294 0.252763 1.91888 -0.106045 0.81675 0.157238 1.00157 0.333456 0.302698 0.062738 
2.49018 0.427724 1.01688 -0.988687 1.19273 1.32187 2.54219 1.56122 0.934454 0.111681 -0.0224667 -0.049274 
2.37258 0.744474 0.843791 -0.44383 0.281533 0.455274 2.52951 1.41573 1.37581 -0.437296 -0.189314 0.000313745 
1.96218 0.390681 1.47634 -0.51921 1.44298 0.442734 1.35661 1.17529 0.910844 0.00994767 -0.0144425 0.0242969 
1.55167 0.688848 2.03244 0.690324 2.12149 -0.308797 1.1797 -0.437753 0.127629 0.153152 0.176259 0.0929799 
1.79882 0.516448 1.89849 0.317332 1.43673 0.567203 1.05599 0.717995 0.692759 0.113606 0.216375 0.0651661 
1.84709 0.681331 2.1054 0.11769 1.62019 -0.0217085 0.244725 0.125259 0.263644 -0.269359 0.0279083 0.0964247 
2.0544 0.933567 1.93249 -0.265563 0.8246 -0.139686 0.805127 -0.494313 0.214331 -0.518292 0.257822 0.0787319 
1.81406 0.750491 2.193 0.13496 1.41702 0.559835 0.602636 0.805228 0.682487 -0.0836653 0.16413 -0.00527545 
-2.87627 3.26771 0.367441 2.12438 0.913054 -2.71095 0.705711 1.87682 -0.273318 -0.790464 0.586854 -0.0481498 
-0.598586 2.09293 0.5928 1.5611 1.44755 -2.22365 1.44893 1.39943 -0.513379 -0.389418 0.467132 0.0408637 
-0.0142099 -0.321779 -0.403733 3.52618 -0.650448 -0.653653 2.7572 1.71322 0.430107 -1.11046 0.46067 0.00764304 
-2.3494 -2.40742 -0.452884 2.37056 0.870406 -0.58056 3.19975 2.33818 -0.958181 -1.49979 0.545334 -0.0412763 
-3.72569 -3.95302 -0.628536 2.57495 -0.453535 -1.83026 1.80329 1.84023 -0.69845 -1.31479 0.576118 -0.0106356 
-3.49098 -2.41144 0.174046 2.60083 -0.50792 -2.47217 1.1954 1.89192 -0.839936 -0.472716 0.596689 -0.170358 
-4.98898 -2.25573 0.939992 0.868652 -0.280779 -1.66857 1.57709 1.34264 -0.180848 -0.582779 0.283428 -0.119294 
-4.46338 -1.71505 0.910393 1.12644 -0.221213 -1.73477 1.36193 1.22543 -0.449078 -0.364098 0.67183 -0.195029 
-5.02977 -2.70198 0.504817 0.386812 0.329779 -2.42831 1.70339 1.6345 -0.160353 -0.348873 0.26811 -0.233906 
-5.19154 -2.16403 0.200187 0.322906 0.0473606 -1.12695 1.72999 1.03189 0.0226216 -0.74597 0.325411 -0.194727 
-4.83294 -1.39809 0.581476 0.202465 0.217768 -1.15002 0.822944 1.65521 0.319088 -0.696397 0.105973 -0.0783157 
-4.12187 -0.57102 1.20323 -0.101826 0.19342 -2.07287 0.990957 0.757543 0.630717 -0.799439 0.304266 -0.00108282 
-3.95614 -1.20431 0.876778 -1.54147 -0.424619 -1.11417 1.11116 0.642004 0.420183 -1.17442 0.281744 -0.000905304 
-2.34071 -1.08913 0.551839 -2.16848 -1.93178 -1.30142 1.99353 0.653238 0.285817 -0.454641 0.190246 -0.0898724 
0.939429 0.859574 1.73949 -0.523188 0.948702 -0.540552 2.52147 0.499063 0.397974 0.21657 0.364083 -0.0334471 
3.30724 0.59216 0.446126 0.9451 0.609402 -0.808291 3.36484 0.677553 0.477573 -0.0969782 0.27197 -0.0878452 
4.64389 -0.864149 0.0507021 0.748572 0.981223 -1.19117 3.557 1.10657 0.189489 -0.0961559 0.0496997 -0.00982982 
5.18849 -0.829217 -1.08925 1.63122 0.67106 -1.72356 4.10911 1.00666 0.794567 -0.575723 0.0466106 -0.0237835 
6.28211 -2.06903 -0.829798 2.19456 0.0946741 -1.49825 3.06798 1.95207 0.08198 -0.646186 -0.150601 -0.070718 
5.08769 -0.56526 -0.572535 1.98022 0.185752 -0.624935 1.87264 2.34222 0.130838 -0.701068 -0.2342 -0.0607641 
4.84673 -0.746261 -0.356137 1.94186 -0.112448 -0.38224 1.91877 2.07237 0.236416 -0.69579 -0.191372 -0.0411856 
3.37006 -0.0882964 0.0189799 1.37936 0.292058 -0.00888952 1.75884 1.91098 0.192369 -0.838069 -0.151836 -0.035846 
4.54076 -0.663454 0.0643414 1.62822 -0.190515 -0.509591 2.02862 1.86684 0.411125 -0.897177 -0.295366 -0.0426542 
5.11106 -0.461413 -1.2254 2.47813 0.675422 -1.30943 2.3852 1.82717 0.593965 -0.871947 -0.17697 -0.0346358 
4.92884 -0.570305 -1.27392 1.85886 0.621524 -0.906429 2.39578 1.77489 0.702845 -0.840052 -0.180718 -0.0103882 
6.68187 -0.811428 -3.16479 3.05867 0.0674325 -2.27609 2.59599 1.72488 1.22228 -1.42597 -0.125567 -0.113859 
5.85385 0.129832 -2.4474 2.00587 0.830657 -1.38123 1.88062 1.541 0.934801 -1.10602 -0.315377 -0.0436921 
6.48487 -0.117915 -2.05226 2.04194 1.61429 -0.766453 1.04593 1.72232 0.403598 -0.855556 -0.419367 -0.00701422 
5.51377 0.0263805 -1.13605 1.67731 1.41011 -0.446435 0.57965 1.62536 0.284708 -0.83077 -0.37925 0.036291 
7.33143 -0.438001 -1.71753 2.46391 1.30876 -1.24775 0.95908 1.50741 0.6018 -0.767887 -0.24177 0.0934009 
5.89449 0.844553 -0.704791 2.2584 2.11572 -0.180977 0.484419 1.53429 0.44406 -0.624277 -0.351763 0.0534213 
5.09343 2.31965 0.393756 1.11514 1.10004 -0.307883 -0.118269 1.18047 0.521331 -0.682149 -0.0719604 0.0528949 
5.58734 2.90187 0.506957 1.28191 1.70437 -0.174351 -0.550828 0.938131 0.826325 -0.37748 -0.133458 0.0142497 
5.30987 3.03365 1.21486 1.89197 2.28 0.758211 -0.125764 0.356393 0.329758 -0.281209 -0.134226 -0.0468432 
5.2769 4.44294 2.96987 1.76306 0.786601 -0.16856 -0.00374957 1.17942 1.3903 0.603899 0.144993 0.00114758 
4.58752 4.24855 3.20967 1.7583 0.645868 0.279916 0.423443 0.667637 0.691518 0.532406 0.307297 0.105162 
5.11131 4.5445 3.26038 1.8048 0.753788 0.454671 0.541925 0.552022 0.376375 0.319006 0.251166 0.0866951 
7.11301 4.13401 0.857517 3.10832 2.50265 -0.356614 -0.289399 -0.093748 0.0470709 -0.824187 -0.470708 -0.0509653 
5.74589 3.04572 0.761694 2.55739 2.69507 0.298687 -0.782362 -0.154865 0.23318 -1.3086 -0.239502 0.057008 
5.50012 3.27599 0.0363759 2.79718 2.60071 -0.103268 -0.0875476 -0.814028 0.89043 -1.53411 0.0634259 0.0514172 
6.52864 2.79793 -0.720285 3.86755 2.18709 -0.783648 0.86333 -0.856254 1.07854 -1.37153 0.050346 0.00984278 
4.45908 2.48707 1.18849 1.81186 1.51254 -0.326375 -0.645497 0.0515187 0.31548 -0.405176 0.330033 0.127955 
4.28806 2.6174 0.990284 1.79695 1.59524 -0.185398 -0.878742 0.081208 0.581413 -0.202588 0.39778 0.117386 
4.80439 3.00252 0.572532 2.34165 2.68112 -0.923447 0.518086 -0.635787 1.51612 -0.889554 0.343552 0.122326 
4.01873 2.83453 1.56662 2.08258 2.27609 -1.37026 0.374123 -0.403113 1.36928 -0.202779 0.433434 0.15151 
3.18162 2.37345 1.79395 2.01921 1.5878 0.365092 0.356876 0.494067 0.812981 0.276092 0.397143 0.0736103 
3.13406 2.59056 2.17645 1.6691 1.18387 0.83102 0.663935 0.611222 0.595527 0.584265 0.497901 0.0934497 
3.06976 2.5654 2.24751 2.0199 1.81829 1.53122 1.1821 0.984237 0.90203 0.737237 0.414553 0.0965002 
2.9504 2.44208 2.17873 1.90072 1.51419 1.0971 0.906936 0.965971 1.00867 0.837775 0.523783 0.0972328 
4.42352 3.54994 2.61586 2.51923 2.31821 1.00728 -0.288001 -0.208436 1.04793 1.43634 0.383308 0.131952 
4.86555 3.68502 2.76562 2.92615 3.11814 1.43606 -0.723202 -0.560453 1.17779 1.72818 0.311245 0.0524938 
4.80444 2.68976 1.75889 3.1025 3.48135 1.35962 -0.310156 -0.0383704 1.29701 1.62838 0.362689 -0.00423105 
3.78567 1.98649 1.64944 3.51197 4.32722 2.36142 -0.00975076 0.286556 1.56096 1.23644 0.163961 -0.0468323 
4.0343 2.23744 1.15031 2.91416 4.23908 2.15044 -0.0162102 0.496641 1.69533 1.04258 0.0958708 -0.0666097 
3.18145 1.77565 1.94418 3.50354 3.80357 1.89274 -0.0866748 0.498313 1.63542 1.19529 0.0307045 -0.0257703 
2.78706 2.21307 2.11843 2.11298 2.04169 1.63987 1.22025 1.11389 1.00023 0.69103 0.341449 0.0828969 
2.74433 2.26761 2.12629 1.94881 1.684 1.53893 1.30967 1.0905 0.731496 0.548281 0.335802 0.0699856 
2.79263 2.38343 2.28368 2.06915 1.91871 1.74578 1.41002 1.16343 0.938078 0.643666 0.375012 0.0819078 
2.93494 3.14199 3.04615 2.53082 2.87075 2.06915 2.07822 1.61344 1.04121 0.571472 0.32347 0.1325 
2.4967 2.55282 4.35143 1.69123 2.52499 2.40324 2.92872 1.32394 0.772072 0.804656 0.154934 0.132426 
2.25254 2.49332 3.1369 2.1127 2.37894 1.34785 2.14538 1.57446 0.80397 0.616224 0.430673 0.10732 
1.7785 1.61561 2.88807 0.8959 1.97136 1.59217 1.65569 0.92059 1.35796 0.413417 0.369455 0.0800977 
