2.72946 -1.96502 0.294662 -0.869721 1.66639 0.467483 1.22136 2.14394 0.320387 -1.21982 0.0721141 0.152286 
4.65757 -3.41678 -3.34912 0.316783 -0.914672 0.744828 3.19933 2.38359 -0.4397 -1.0562 -0.107822 0.0930703 
4.12599 -1.91005 -2.41591 0.920701 0.929252 0.489526 2.64091 1.11679 -0.297123 -1.06128 -0.13143 0.0373536 
3.40914 -1.75082 -1.8132 -2.11398 -0.265757 0.475533 2.24002 2.51961 1.40515 -1.13348 -0.369074 0.0474382 
2.99746 0.275173 -0.360395 -1.56043 0.994587 -0.0791288 2.02317 2.01794 1.2542 -0.497248 -0.215909 -0.011034 
2.34169 0.21755 0.345771 -1.18869 -0.27975 0.35346 1.88882 0.814661 1.48274 -0.119613 -0.30772 -0.137893 
2.39499 -0.160575 0.444316 -1.10413 0.934167 0.23316 1.62182 0.900324 1.39797 -0.0500956 -0.288221 -0.0711803 
2.28068 0.293825 1.25085 -0.798198 0.987422 0.488072 1.40244 0.411925 1.21054 0.196225 -0.00906166 -0.0260466 
2.47664 0.52348 1.43779 -1.59138 0.906373 0.274663 1.41595 1.10409 1.24229 0.176752 0.0975035 -0.0087697 
2.27559 0.512206 1.88982 -1.13829 0.292848 0.481701 0.81792 1.11082 1.69251 0.120705 0.422092 -0.00476611 
2.50889 0.605976 1.52416 -1.7357 0.140124 0.298875 1.15219 1.16894 1.06542 0.313844 0.117991 -0.00448198 
2.13976 0.791773 1.88701 -0.172235 0.852636 0.614391 0.885643 0.394631 0.994714 0.142139 0.201761 0.0083272 
2.25434 0.152525 1.9513 -0.657492 0.510049 -0.700897 0.409477 0.744016 1.24322 0.455346 0.345121 0.0729532 
2.69542 0.491204 1.08395 -1.49071 -0.830802 -0.839962 1.31535 0.484461 1.54158 0.38641 0.123613 0.0641256 
2.26549 0.820746 1.64421 -0.95305 0.297357 -0.899282 0.814277 0.504688 1.31101 0.611756 0.153735 0.0428644 
2.09769 0.269052 1.48527 -0.472668 0.936192 -1.09617 1.18768 0.0852024 0.392665 0.12226 0.13755 0.0539662 
2.12894 0.628272 1.09908 -0.549585 0.0449105 -0.236248 1.15071 0.320919 0.757234 -0.0738253 0.201329 -0.0214305 
1.95592 0.184732 1.64294 -0.238603 0.49571 0.279933 0.209164 -0.0622688 0.241005 -0.263852 0.0926246 0.029428 
1.92131 0.771279 2.23495 0.465752 1.61587 0.260529 0.740245 0.177972 0.820009 -0.0334704 0.208937 0.0163089 
2.07204 0.525004 2.2271 0.170032 0.962087 0.649385 0.567286 -0.127481 0.346371 -0.0496082 0.441111 0.0627 
0.949906 1.20558 0.974961 0.785658 0.274392 0.794255 0.0991198 -0.0315995 0.340846 -0.0619899 0.550789 -0.0117334 
-1.35288 3.92659 0.0370752 1.08745 2.14992 0.551985 0.143232 1.03547 0.367188 -0.563354 0.679547 -0.180339 
-0.169513 3.10288 0.244267 1.20542 1.26325 0.16644 -0.167536 0.310618 -0.866052 -0.306604 0.614001 -0.137917 
1.68978 1.07581 1.44323 0.492312 1.23403 1.49518 0.519422 0.00837776 0.141622 -0.0372416 0.146243 0.0358903 
1.76017 0.846772 1.81822 0.371175 0.627961 0.379056 0.206809 -0.754384 0.55963 -0.206718 0.379969 0.0760833 
-0.359204 -1.04841 1.18402 0.922356 1.25411 -1.03082 2.80498 2.87031 -0.657583 -0.268287 0.173534 -0.182701 
-1.80978 -2.64977 0.171021 0.26738 -1.44306 -3.66178 2.63148 2.17231 -0.0514535 -0.50361 0.326432 -0.167275 
-3.24378 -2.71493 0.646592 0.871431 -1.09851 -2.55468 3.32928 2.59967 -1.21514 -1.088 0.756496 -0.265119 
-4.90084 -2.94324 0.570423 0.315409 -0.53553 -1.58298 1.95012 1.55747 0.00795396 -0.569458 0.299757 -0.263002 
-4.31084 -1.45578 1.37917 0.945358 -0.877195 -1.88977 1.41068 1.7421 -0.377159 -0.669048 0.507493 -0.109443 
-4.55987 -0.724173 1.39289 0.0576942 -1.15199 -1.8285 1.86504 1.33214 -0.293046 -0.505993 0.774615 -0.154183 
-4.25489 -0.991909 2.57338 -0.179767 -1.21637 -0.840893 1.46585 0.348434 -0.695633 -0.21035 0.647522 -0.149522 
-5.07106 -0.055637 1.76342 -0.782878 -1.33557 -0.550254 2.38923 0.342448 -0.517273 -0.168156 0.643459 -0.277594 
-5.24943 -1.76056 1.36614 -1.26901 -0.851459 -0.631788 1.49978 0.784219 0.212698 -0.272199 0.0727443 -0.181482 
-4.3246 -1.59334 1.0507 -2.15685 -1.62654 -1.08103 2.26442 1.45991 -0.544158 0.302315 -0.0109382 -0.27154 
-1.86627 0.180162 2.48334 -2.06567 -0.601325 -0.24881 2.16242 1.10847 0.643507 0.391974 -0.107806 -0.114768 
2.40533 0.26128 2.27406 1.65131 0.13509 -0.913797 2.95857 1.35991 0.444533 0.0867727 -0.0383156 -0.0325936 
3.7839 -0.896152 0.64356 1.30338 0.76608 -1.16469 2.25063 2.03911 0.122973 0.0479335 0.125149 -0.106697 
4.29127 -1.36818 0.247345 1.59882 0.405939 -1.24582 2.61305 1.80203 0.271669 -0.296852 -0.0250092 -0.0782355 
4.50456 -1.28689 -0.435582 2.36821 -0.0422983 -1.36854 2.45562 1.88758 0.470738 -0.600946 -0.128287 -0.100309 
4.42175 -1.0777 -0.903116 2.49272 -0.29604 -1.0168 2.55783 1.8958 0.700787 -0.653895 -0.0686165 -0.0839989 
4.91327 -1.20246 -1.25644 3.18989 -1.28894 -0.609383 3.23659 1.89725 0.834031 -0.73334 0.00256862 -0.0935205 
5.24959 -1.37409 -1.96868 3.70918 -1.15452 -1.07436 3.46953 1.8243 0.584058 -1.06463 0.12926 -0.134085 
4.73933 -1.12842 -1.27153 2.32532 -0.160581 -0.754426 2.78447 1.66261 0.722675 -0.830154 -0.111557 -0.0749833 
5.53497 -0.680247 -1.40896 2.60433 -0.405717 -1.23877 2.13587 1.83362 0.575597 -0.980458 -0.238765 -0.0670265 
6.00207 -0.236309 -1.44363 2.72072 -0.334854 -0.952513 1.28664 1.90499 0.205494 -0.825404 -0.279684 -0.0502847 
4.88711 0.159974 -0.0419123 1.59347 0.51404 -0.95993 1.25082 1.51197 -0.0107809 -1.08045 -0.333823 0.0113233 
6.68909 -0.412226 -0.607889 2.59093 0.0322783 -0.620477 1.02716 1.87079 0.273583 -0.951601 -0.489308 -0.0110309 
5.3685 0.502985 0.03924 1.99776 0.689736 -0.206917 0.935121 1.75648 0.65097 -0.699831 -0.31916 0.0353441 
5.04305 1.65345 0.322517 1.46561 0.908517 -0.496271 0.530012 1.50636 0.400802 -0.673467 -0.313436 -0.0207795 
5.42028 2.348 0.149777 1.3463 1.79314 0.243003 0.0508773 0.994762 0.181277 -0.856133 -0.409224 -0.0369276 
5.7053 2.44734 0.514661 1.72273 1.76131 -0.0815527 -0.158434 0.812644 -0.139865 -1.04982 -0.266868 0.0785472 
3.9052 3.02467 2.34845 1.99499 1.14961 -0.0399608 -0.301702 0.204698 0.267077 -0.0641082 0.00940134 -0.011049 
3.02979 2.54129 2.13829 1.76148 1.47052 1.16678 0.755939 0.390155 0.211883 0.15126 0.074419 0.014852 
2.99268 2.52776 2.20263 1.80004 1.37082 1.0001 0.696808 0.456783 0.286055 0.176691 0.096952 0.0300359 
3.27503 2.92854 2.54318 1.99232 1.42838 0.9766 0.677716 0.462681 0.297679 0.150009 0.0357291 0.0146328 
5.01901 4.56194 3.74497 2.53711 1.33447 0.438399 -0.1117 -0.115287 -0.00667248 0.0166963 -0.0452784 -0.00829559 
4.22343 4.03181 3.45185 2.48165 1.37825 0.434522 -0.112333 -0.308554 -0.220347 -0.0947103 -0.0844706 -0.0349965 
4.43818 3.93834 2.94238 1.82621 1.15507 0.614484 0.0241873 -0.50185 -0.707083 -0.334818 0.0444358 -0.00832975 
4.5708 4.11506 3.16556 2.05063 1.07712 0.396491 -0.0969261 -0.37329 -0.306422 -0.0830096 -0.00365554 -0.0013979 
6.20861 5.06582 2.2699 1.33671 1.21732 0.894507 0.536471 -0.844459 -0.400824 0.0823982 0.0776503 0.0550526 
5.92364 4.21714 1.32798 0.931109 1.81756 -0.150372 0.719079 -1.00736 0.197296 -0.266459 0.111695 0.0626111 
6.16705 3.84942 0.160047 1.2377 3.04985 -0.00831304 0.888868 -1.09769 0.530663 -0.702335 -0.038026 0.0324642 
4.76028 3.282 0.666245 1.51341 2.80285 0.57566 0.67436 -0.618475 0.696689 -0.672012 0.162219 0.0144437 
3.75346 2.32457 0.948016 1.77916 2.55931 0.781432 1.056 0.0907181 0.675467 -0.465832 0.105578 0.0367392 
4.46799 2.44836 0.354075 0.488115 1.62446 1.0288 0.912163 0.530041 0.436956 0.10596 0.448871 0.125807 
5.22252 2.25533 -0.238386 0.55468 1.87256 1.50472 0.792056 0.626364 0.425256 0.445364 0.564433 0.180073 
5.08423 3.23443 1.42832 1.06979 1.66011 1.83306 1.27752 0.796598 0.342867 0.510769 0.36308 0.126642 
4.315 3.88812 2.99498 1.74251 0.99729 0.556405 0.507729 1.00681 1.39616 1.12373 0.290495 0.119944 
3.91908 3.34064 2.70279 1.46411 1.14568 1.12047 0.635613 0.972549 1.24797 0.816842 0.330969 0.10861 
3.76052 3.02933 2.21956 1.68464 1.59812 1.04563 0.491826 0.38963 0.772482 0.9896 0.632084 0.158876 
3.03174 2.42166 2.02767 1.86679 1.69605 1.17611 0.690852 0.719663 0.964606 0.9007 0.489548 0.0769482 
2.74561 1.97007 1.77625 2.06331 2.07481 1.34102 0.647306 0.718535 1.07317 0.849835 0.293874 0.0328221 
2.78754 2.12344 1.7996 1.88515 1.98307 1.58442 1.00094 0.77912 0.847877 0.739735 0.339596 0.0484184 
2.97688 2.14369 1.76794 2.19328 2.44943 1.68972 0.796566 0.742858 1.09615 0.883915 0.298622 0.0530361 
2.97257 2.23821 2.0578 2.39974 2.46464 1.69057 0.930728 0.988699 1.16341 0.829979 0.262089 0.0687724 
2.80742 2.39488 2.12492 2.02859 1.89985 1.63975 1.43932 1.11614 0.888172 0.615007 0.376889 0.0768503 
2.89063 2.49751 2.40487 2.2397 2.03748 1.85228 1.63278 1.21702 0.959616 0.619239 0.368694 0.0949921 
2.71209 2.20477 2.3089 1.87619 1.79614 1.70322 1.26975 1.11059 0.894989 0.572517 0.31202 0.0652801 
2.55006 1.98859 2.56511 1.46317 1.37449 2.30705 0.757426 0.963069 1.00861 0.326827 0.341922 0.0650146 
2.17005 1.78351 3.74496 0.8694 1.65888 2.53436 1.43616 1.02807 1.11502 0.404753 0.424088 0.0800279 
2.1131 1.71518 2.69351 1.59881 1.08938 2.25091 1.33252 0.243061 1.20545 0.483857 0.301992 0.0498268 
1.93063 1.38969 2.95291 1.56899 1.29305 2.19468 2.02363 0.463673 1.13089 0.362924 0.295932 0.0572894 
1.65795 1.65547 2.36484 1.01847 1.08662 1.44682 1.60344 0.531913 1.10988 0.669859 0.467119 -0.0232344 
1.75805 0.831178 2.28698 1.68098 1.45167 0.721607 0.713352 0.585287 0.735775 0.459881 0.213808 0.0107667 
