1.1199 -0.414434 1.89925 0.94206 1.33897 -2.08284 2.73655 -0.387694 0.0596533 0.100762 -0.0162299 0.174225 
2.56192 -3.67121 0.881824 1.97025 1.00415 -3.21204 4.38519 2.44444 -1.29904 -0.415198 -0.221521 0.182067 
2.3874 -2.25718 1.0824 2.23653 1.45707 -1.55276 3.88317 2.10578 -0.568897 -0.314962 -0.249911 0.136107 
2.5236 -2.67382 1.77076 3.82697 -0.50703 -1.47993 2.66764 2.44939 -1.00767 -0.592741 -0.0172532 -0.0558167 
2.78175 -1.52374 2.28853 3.63162 1.21792 -0.98719 2.90479 0.25192 -0.153602 0.48088 0.226189 -0.0127643 
2.46252 0.923249 1.92046 0.0985193 0.789461 1.43733 0.716756 -0.510906 0.628661 -0.0354871 0.0892311 0.020917 
2.19844 0.937023 2.02027 -0.141929 1.51858 0.992695 0.855924 0.0384056 0.48322 -0.104557 0.376891 0.0144293 
2.29021 0.772137 2.04808 -0.0835226 1.14618 1.7069 0.671711 -0.705349 0.200215 -0.171219 0.195982 0.00505077 
2.42496 0.808223 2.24093 0.0758794 1.17365 0.969415 0.678604 -0.255697 0.509567 -0.114109 0.141643 -0.0107068 
2.46451 0.610739 2.04291 0.0207676 1.70869 0.801586 0.864314 -0.149448 0.533136 -0.079576 -0.0914789 -0.0150801 
2.48657 0.688819 2.47815 0.223172 1.05542 0.928879 0.975657 -0.120021 -0.0371799 0.215064 -0.10121 -0.0703048 
2.32161 0.0551925 1.2931 0.440893 1.68841 0.420393 -0.264306 -1.08346 1.46875 0.134434 -0.25528 -0.0670606 
1.96083 -0.258342 1.80395 0.45485 2.33479 -0.0612093 -0.655099 -0.7213 1.19676 0.387463 -0.192471 -0.0831441 
2.1723 0.225308 1.50173 0.297941 1.44404 0.00701725 0.594878 -0.582471 1.00723 0.215718 -0.20755 -0.0615131 
2.24243 0.26955 2.32599 -0.118825 1.4059 -0.334659 0.542766 -0.146376 0.519727 -0.121287 0.0779119 0.00542931 
2.12399 0.25024 2.56906 -0.0570269 1.86612 0.971046 0.815499 0.48791 0.695156 -0.0450377 0.238414 0.0827502 
2.02485 0.87329 1.84843 0.108529 0.998761 0.957525 0.263031 -0.145689 1.24729 0.241864 0.234693 0.079276 
2.0953 -0.0985862 1.4177 -0.601296 1.49498 0.0423867 1.07412 0.735912 1.51456 -0.0486212 -0.0794601 0.0614763 
2.12019 0.628724 2.57082 0.017373 1.69237 0.623094 0.954806 0.370397 0.756968 0.373134 0.27562 0.0748731 
2.10841 0.634213 2.70435 0.573878 2.34251 0.934428 1.30917 0.0619685 0.670349 0.437699 0.190661 0.088834 
2.326 0.880684 2.5446 0.900478 1.59556 1.11406 0.879706 -0.138018 1.01808 0.085674 0.516994 0.0775491 
1.88888 0.789213 1.92855 0.177004 1.59875 0.318916 0.87906 -0.109556 0.667925 -0.028519 0.471708 0.0917999 
1.79236 0.437237 1.74883 -0.156544 0.827769 -0.235441 0.883529 0.209959 0.51976 -0.110248 0.0814249 0.073589 
1.9396 0.346544 2.52867 -0.630919 1.84482 0.38231 0.258364 -0.0526203 0.343138 0.0150058 -0.0125905 0.0483658 
1.66157 -0.582341 1.7343 1.65484 1.53071 -1.14569 -0.0525797 1.12812 0.208629 -0.773651 0.153576 0.121212 
-0.812246 -2.50376 1.93248 3.42208 0.417758 -1.83493 1.1652 1.55983 0.917898 -0.827391 0.434083 0.0731331 
-3.05212 -2.63396 1.30194 3.25163 1.01707 -3.21645 0.38091 2.663 0.964361 -1.13822 0.498495 0.0687436 
-3.85899 -2.66219 0.220338 3.96767 0.663381 -3.52065 0.617855 1.6307 0.400356 -0.811547 0.0372923 0.106085 
-3.62627 -2.13249 0.803844 2.69603 -0.281125 -2.67024 0.346573 1.69737 -0.0453942 -0.824757 0.452274 -0.048235 
-4.8917 -3.12874 1.38523 1.69782 0.0184529 -2.75187 0.876925 1.12722 -0.636659 -0.595258 0.580203 -0.0849331 
-5.42659 -2.45332 1.30339 1.90923 0.0248735 -2.78192 0.784479 0.593204 -0.0939062 -0.672721 0.626009 -0.185041 
-4.90791 -2.2343 1.40906 1.30309 0.180683 -2.63375 1.43923 0.684325 0.0747648 -0.531446 0.238318 -0.0520022 
-4.7376 -1.75309 1.71873 1.11261 0.159657 -2.1665 1.12491 0.711862 -0.100966 -0.411665 0.365471 -0.101363 
-5.3908 -2.4363 1.51091 1.00253 -0.529292 -1.97175 1.63701 1.23997 -0.167389 -0.856458 0.577534 -0.0833973 
-6.06091 -0.983172 1.78248 0.403159 -1.16434 -1.36543 0.477853 1.60229 -0.0143393 -0.943281 0.750897 -0.154759 
-5.32055 0.116163 1.72024 0.984083 -0.771485 -1.2843 0.638559 0.904601 -0.303475 -0.688351 0.74981 -0.17946 
-5.89594 -0.867487 2.52314 -0.105578 0.0951141 -1.80797 0.625271 1.01743 0.203636 -1.03145 0.558528 0.00155658 
-4.96928 -0.810658 1.71937 -0.247761 -0.0638033 -1.43268 1.91554 0.812881 -0.353811 -0.328317 0.5376 -0.158097 
-3.87647 -1.64914 0.627404 -1.84155 -1.36835 -2.16543 1.71966 1.22244 0.323728 -0.471072 0.257247 -0.173132 
-1.77009 -0.230815 1.16587 -1.52857 -0.905638 -1.64127 2.8844 1.63968 -0.0852302 0.197247 0.310106 -0.249895 
2.17787 1.26068 1.89646 0.441726 0.935162 -0.155084 2.59591 0.701487 0.0952178 -0.243096 0.708569 -0.118563 
3.13548 0.46676 0.227426 0.477693 0.0608449 0.465658 2.37515 1.32247 -0.217739 -0.214175 0.3935 -0.117954 
3.60288 -0.449145 -0.260835 0.911746 -0.158969 0.0481063 2.06787 1.32231 0.186294 -0.495549 0.206389 -0.113769 
4.73189 -1.3259 -1.0034 1.87 -0.290537 -0.640743 2.14485 1.53508 0.118697 -0.599109 -0.0333499 -0.110916 
5.78704 -2.07293 -1.08794 2.40696 -0.64607 -0.804648 2.42642 1.71843 -0.0719668 -0.698384 -0.12348 -0.100952 
5.13495 -1.49674 -1.79635 3.27518 -1.06843 -1.63865 3.54872 1.37081 0.585349 -1.28693 0.00982434 -0.164998 
4.96074 -1.2392 -2.18903 3.11953 -0.525354 -1.51104 3.06351 1.1382 0.723081 -1.37024 0.0120604 -0.165232 
4.37345 -0.839784 -1.94243 2.43725 -0.427925 -1.20965 2.79544 0.72109 0.792691 -1.4776 -0.0754031 -0.177235 
4.26779 -0.806316 -1.83051 2.70786 -0.286951 -1.14928 2.65117 0.670552 0.732544 -1.47943 -0.0948081 -0.152924 
4.55892 -0.796813 -1.69359 2.69862 -0.0773288 -1.5521 2.77751 0.879185 0.894842 -1.33544 -0.0540356 -0.103962 
4.74918 -0.671055 -1.9054 2.70372 0.0965346 -1.63737 2.98064 1.14768 1.32717 -1.33046 -0.0583021 -0.101271 
4.68442 -0.484751 -1.90672 2.56109 0.61388 -1.50816 2.93313 0.991509 1.23345 -1.40992 -0.117887 -0.0722422 
4.30959 0.18532 -2.11395 1.99109 0.668311 -0.674973 1.9941 1.18995 1.1247 -1.28116 -0.159933 -0.068951 
4.78646 0.556058 -1.20473 1.72313 1.07939 -0.741565 1.49732 1.37621 0.830683 -0.978794 -0.256245 0.0305099 
5.92738 0.213399 -0.462672 1.86811 0.923258 -0.22971 0.960999 1.52849 0.406934 -0.797665 -0.281497 0.0795523 
4.74986 1.84235 0.346921 1.41467 1.14559 -0.0871516 0.582114 1.65309 0.635932 -0.526912 -0.129643 0.0315904 
3.90583 2.18437 1.5047 1.86889 1.26464 0.16819 0.476456 1.20519 0.571349 -0.297857 -0.0175178 0.0147925 
4.32823 3.09595 2.28253 2.35393 1.64213 0.269686 0.116514 0.502885 0.0427794 -0.288345 0.220131 0.0617733 
4.74337 3.94301 2.89433 2.37525 1.97032 1.15367 0.317323 -0.0123638 -0.0202038 0.0575092 0.10598 0.0307309 
4.30942 4.25997 3.7898 2.77014 1.54902 0.603274 0.131823 0.00866391 0.0579373 0.101076 0.0303085 0.0270928 
4.76347 4.31704 3.55409 2.54895 1.52955 0.740299 0.288946 0.0605667 0.120465 0.168738 0.0716001 0.0346739 
4.04682 3.77294 3.20614 2.48465 1.67599 0.822443 -0.0891342 -0.507271 -0.436387 -0.135802 0.0503409 -0.0145691 
4.3305 3.53707 2.67342 2.23171 1.43881 0.0414007 -0.743163 -0.723758 -0.643989 -0.527922 0.0849502 -0.00770276 
5.63008 2.99742 1.16666 2.49719 2.73016 -0.0810392 -1.43951 -0.205386 -0.0722475 -1.03764 -0.247992 0.022714 
7.44995 2.81954 -1.0522 4.22566 3.02461 -0.779257 -0.12899 -0.627098 0.428412 -1.0964 -0.197003 0.0466977 
5.63006 2.84518 0.369319 2.85116 2.80912 -0.69761 -0.0138024 -0.886014 0.971092 -1.10539 -0.0746333 0.0544462 
4.09533 2.1816 1.3134 2.32633 1.56751 -0.513469 0.0626718 0.0710751 0.245227 -0.819484 0.324196 0.105692 
3.68268 1.77217 0.90162 2.45151 1.75219 -0.0147512 -0.00943824 1.06527 0.50848 -0.533604 0.205607 0.111587 
4.05371 1.21973 1.92294 2.1472 1.93261 -0.899899 -0.183521 0.961587 1.04115 -0.342455 0.323008 0.202751 
3.83846 1.677 1.71502 -0.289699 2.44886 1.191 1.01878 1.89344 0.487502 -0.787785 0.3158 0.0880746 
3.42872 2.75662 1.97826 1.05721 1.24579 1.47875 1.1819 0.835598 0.362224 0.0138589 0.379943 0.0657588 
3.60573 3.32851 2.72259 1.6908 0.833638 0.134964 0.0120778 0.38237 0.697584 0.763596 0.512186 0.149601 
4.16608 3.7254 2.98959 2.03049 1.23456 0.576558 0.496024 0.698057 0.795078 0.670923 0.242291 0.0903617 
4.60268 4.32619 3.46907 2.37728 1.30687 0.628485 0.332218 0.658749 1.04269 0.87164 0.24354 0.116615 
3.20728 2.87592 2.63359 2.3003 1.85236 1.44141 1.10422 0.863345 0.622802 0.414468 0.200761 0.0599644 
3.05355 2.75437 2.55174 2.3177 1.95887 1.53403 1.18977 0.919802 0.654989 0.464334 0.255937 0.0767366 
3.45998 3.30949 3.11704 2.7181 2.20421 1.81343 1.48327 1.05501 0.86215 0.568826 0.32663 0.102827 
2.8686 2.52752 2.35322 2.12777 2.01609 1.80461 1.44824 1.17902 0.929399 0.61125 0.348119 0.0888704 
2.71971 2.22682 2.07286 1.91431 1.67118 1.51964 1.33566 1.04622 0.832705 0.578142 0.32241 0.0667162 
2.67561 2.19908 2.00336 1.81778 1.68707 1.44029 1.1909 1.04214 0.77473 0.52815 0.31349 0.0687953 
2.72688 2.31699 2.16929 1.95763 1.83413 1.73772 1.45429 1.1723 0.968161 0.646418 0.394712 0.0897081 
3.03842 2.42375 2.79867 2.59481 2.11682 2.12388 1.79883 1.15606 1.11637 0.609976 0.30383 0.110576 
2.30007 1.96297 3.49533 1.29168 2.04592 2.17684 1.38597 0.619836 1.35227 0.625995 0.41499 0.112369 
1.85017 1.46952 2.74007 0.728729 1.91552 1.17853 0.800562 0.81617 1.43201 0.462847 0.315936 0.0435648 
1.44259 0.574172 2.38994 0.0747651 1.07991 1.7093 0.435606 -0.625763 0.903339 0.16856 0.384126 0.0652077 
