1.60038 0.561922 1.47526 -1.86365 -0.662904 -1.37853 0.644324 0.695167 0.451737 0.203394 0.102372 -0.0168957 
2.18529 0.72494 1.61323 -1.25199 0.473509 -1.14123 -0.127379 0.331382 0.886607 0.197907 0.374081 0.0825804 
1.99522 0.700525 0.764989 -0.758373 -0.244879 -1.14783 0.644597 0.534561 0.517464 0.108458 0.0370794 0.0246348 
1.87427 1.02296 1.0175 -1.56843 -0.218004 -0.37819 0.448115 0.292938 -0.106031 -0.167377 0.138903 0.0233684 
1.54948 0.605192 1.52648 -0.479906 0.777568 -0.325748 0.26105 0.484972 0.787231 -0.582346 0.12552 0.020341 
1.68937 0.0884712 1.62254 -0.443476 0.25952 -0.252755 -0.0176674 0.00345659 0.668904 -0.358517 0.0690171 -0.00369761 
1.46383 0.787959 2.46139 -0.790525 1.3238 -0.221288 0.156993 0.732303 -0.0365284 -0.182002 0.285453 -0.0345812 
0.868042 0.641177 1.97258 -1.80264 2.1737 -0.460723 -0.443664 1.1992 -0.551152 0.234552 0.0127867 -0.0583316 
1.69246 0.85965 1.67109 -1.1717 -0.446755 -1.76171 -0.681995 -0.593825 -0.748506 0.16038 0.202049 0.0585622 
0.431056 2.75374 0.47281 -0.206735 0.632745 -1.20066 -0.229583 -0.161048 -0.376388 -0.0680612 0.639177 -0.109896 
-1.45709 3.71771 -0.830076 0.901001 0.871345 -1.06577 1.25204 1.38655 -0.571405 -1.08918 0.558062 -0.12792 
0.356468 2.27563 0.275909 0.989402 -0.183112 -0.255506 0.959124 -0.438119 0.786319 -0.923841 0.359207 -0.124695 
0.850123 -0.534596 1.66321 2.30438 -0.845538 -1.44217 2.13293 0.660592 0.292579 -0.792392 0.442206 0.01176 
-1.08048 -1.88828 0.719478 0.788282 -1.09283 -1.59266 2.55366 2.0498 -0.315668 -1.03477 0.342089 -0.290804 
-2.31346 -3.01283 -0.0830484 -0.6183 -1.21031 -3.10467 2.86397 2.20991 -1.1849 -0.715832 0.166056 -0.257632 
-3.81311 -3.02293 0.769713 0.281393 -1.08368 -0.959595 1.95881 1.29201 -0.0292564 -0.910658 0.6243 -0.285003 
-4.60555 -1.63976 1.24616 0.838644 -0.453544 -0.816831 1.93208 2.02285 -0.374785 -0.587574 0.764598 -0.256875 
-5.20862 -0.343155 1.26991 0.1118 -1.1935 -1.05979 1.24189 1.36468 0.119444 -0.553271 0.673683 -0.258821 
-5.00458 -0.97405 1.02717 -0.212724 -1.18158 -1.33604 1.06872 1.55786 -0.101011 0.0664305 0.306529 -0.247145 
-4.92143 -2.12033 1.00984 -1.13018 -1.2394 -2.27418 1.99564 1.43049 0.150874 0.00369405 0.077792 -0.204913 
-4.01948 -1.76186 0.708956 -2.2317 -2.87392 -1.68685 2.02816 0.848386 -0.295556 -0.287388 0.515241 -0.273043 
-2.2742 -0.685723 1.03636 -1.81522 -1.19744 -0.365509 1.80855 0.267381 0.0936412 0.021876 -0.0378836 -0.178446 
0.29876 0.695624 3.48635 -0.041138 -0.0628298 1.56421 2.92144 1.2184 0.993446 0.75256 -0.226137 -0.0955396 
3.03163 0.96646 1.9914 0.77701 -0.0796765 -0.00431028 2.73686 0.817762 0.402119 0.0449891 0.316596 -0.0860331 
4.11848 -0.211802 1.30018 0.500358 0.595609 -0.320314 2.99276 0.572139 0.0662777 0.0623981 0.0758035 -0.0333112 
2.97726 0.567131 0.732639 0.785845 0.094682 0.0938718 2.36216 1.83175 0.209409 -0.256935 0.0562162 -0.131035 
3.3527 -0.0127845 -0.0399482 1.16356 -0.239057 -0.159746 2.40103 1.79366 0.207481 -0.600824 0.0403126 -0.103126 
5.47992 -0.974292 -0.02866 2.54043 -0.153969 -1.30365 3.36887 1.71284 0.0665621 -0.80362 -0.0720768 -0.0261484 
6.51663 -1.31862 0.179355 1.97691 1.66133 -2.03899 3.28292 1.93842 -0.291152 -0.60839 -0.286073 0.0636915 
5.12816 -0.14022 -0.155074 2.26561 0.552071 -0.445532 2.17222 2.16265 -0.407873 -0.767998 -0.068115 0.0295915 
5.03921 0.214494 -1.16158 1.88979 1.08859 -0.468518 1.91184 2.33788 -0.191176 -0.533668 -0.117346 0.0342992 
5.99213 0.883185 -0.699845 2.05348 1.24241 -0.157985 2.06924 2.52879 0.0968233 -0.4298 -0.108139 0.0394044 
5.57666 1.40488 -0.250542 2.3397 1.68343 -0.417753 1.76285 3.00167 0.383395 -0.255754 -0.237667 0.0618524 
5.02215 2.16496 0.64584 1.72038 1.50042 0.241243 1.13865 2.10858 0.79979 -0.18935 -0.122527 0.0356584 
4.60856 2.83751 1.56606 2.07738 2.29336 1.30157 1.13193 1.52531 0.794257 -0.220797 -0.0853472 0.000763335 
3.90678 2.83413 1.74674 1.45258 1.78034 1.85857 1.43326 0.798029 0.414768 0.291216 0.199656 0.0689327 
3.82623 2.96592 2.14425 2.01049 2.16147 1.59977 0.478719 -0.1329 0.218056 0.53917 0.281384 0.0615745 
3.41105 2.97521 2.65408 2.24792 1.72094 1.09754 0.519491 0.255484 0.201837 0.128085 0.0264895 0.0114628 
3.78473 3.40666 2.90958 2.43814 1.85446 0.958446 0.20658 -0.102838 -0.022428 0.187362 0.242231 0.0394185 
4.59069 4.22451 3.42862 2.43745 1.4355 0.591629 -0.190505 -0.69175 -0.612879 -0.282776 -0.092631 -0.0409871 
5.09962 4.72944 4.00257 2.78855 1.18017 -0.117446 -0.589647 -0.658928 -0.396334 0.0358458 -0.112053 0.00569766 
3.62829 3.10022 2.65273 2.00386 0.932926 0.200109 0.166516 0.0510667 -0.29216 -0.169564 0.170946 0.00716266 
3.34186 2.58533 2.23249 2.00077 1.27056 0.511511 0.385587 0.329038 -0.0340634 -0.102772 0.14504 0.00699608 
3.40796 1.96353 2.16934 2.28604 1.32346 0.248979 0.220432 0.983493 0.631657 0.00831095 0.343573 0.0852323 
4.81322 2.35811 2.0461 1.98126 1.34744 0.256564 -0.33146 1.13276 1.52435 -0.0794177 0.0939963 0.0893409 
3.20146 2.7303 2.40975 2.10729 1.75586 1.26889 0.891518 0.803462 0.777087 0.60495 0.329984 0.0796645 
3.07602 2.69998 2.42969 1.98893 1.46996 1.06653 0.890145 0.834061 0.766308 0.615901 0.418616 0.0877475 
3.41622 3.12632 2.76253 2.19795 1.5195 1.06812 0.78705 0.788751 0.812789 0.648015 0.387038 0.102989 
3.68905 3.44737 3.23586 2.85441 2.13088 1.58554 1.10333 0.744866 0.605906 0.429147 0.193365 0.0608375 
3.10118 2.76127 2.61337 2.39474 2.03583 1.69538 1.22586 0.911884 0.615436 0.341693 0.138029 0.0570438 
2.91944 2.5552 2.41946 2.28282 2.03452 1.72078 1.36199 0.960612 0.653575 0.358996 0.157111 0.0606957 
2.83519 2.48539 2.40991 2.1395 2.01874 1.80825 1.46693 1.23344 0.985814 0.604006 0.383553 0.103552 
2.97561 2.7291 2.76376 2.38031 2.1823 2.06525 1.48748 1.38517 1.19735 0.557134 0.363982 0.119788 
2.69595 2.49821 2.80843 1.92133 2.26376 1.74885 1.81603 1.33246 1.18389 0.713127 0.288835 0.118056 
2.54425 2.70156 2.70697 1.77595 2.2242 1.77052 1.80966 1.12244 1.14789 0.713192 0.450733 0.120385 
1.97913 2.31218 2.91809 1.6044 2.80998 1.66704 1.24355 1.44677 1.55827 0.617789 0.310371 0.11917 
1.84549 2.02414 2.56115 1.90032 2.71415 1.69889 1.69387 1.15471 1.19792 1.07054 0.294485 0.1086 
1.6689 1.43134 2.89555 1.10329 1.75675 1.48994 1.1785 0.415941 1.55997 0.578086 0.184615 0.0909685 
1.65818 1.11244 2.19364 0.689408 0.963744 0.984948 2.09138 0.071399 1.04182 0.280711 0.3786 0.0347416 
1.38128 1.0814 2.11924 0.262258 1.413 0.416224 0.462667 0.6756 0.27242 -0.0037438 0.218295 0.0484446 
1.00641 1.09715 1.03467 0.131189 1.2542 0.568134 0.299549 -0.00537261 0.709308 -0.0609565 0.0993784 0.0223379 
1.39267 0.834985 1.93041 -0.134003 0.954136 0.495162 0.160982 -0.265944 0.0853071 0.0168962 0.272801 0.0286323 
1.2933 0.85642 0.908236 -0.462294 1.34395 0.860216 0.0132748 -0.087404 0.655393 0.105694 0.0808414 0.0266694 
1.40235 0.633548 1.98611 0.182023 0.932814 0.816278 0.358599 0.821115 0.527365 -0.000743613 -0.0434016 0.021717 
1.26542 0.455094 1.61976 -0.314195 1.6772 0.021758 0.336824 0.174795 0.492157 -0.00759604 -0.0417884 0.0558984 
1.50669 0.835081 1.52903 0.123203 1.20608 1.18009 0.774143 0.469053 0.370528 0.122597 0.03243 0.0569008 
1.30841 0.818493 1.59526 -0.0231543 0.443101 -0.717422 0.816505 0.697378 0.267899 0.0288794 0.11216 0.0953367 
1.5234 0.700251 1.85166 -0.150893 1.13883 0.460543 0.535155 0.242806 0.48093 -0.299435 0.237257 0.039135 
1.19153 0.961133 1.57376 0.396338 0.905147 0.731822 0.324297 0.859587 0.777711 -0.558251 0.262151 0.0240284 
1.37011 0.514713 1.44394 -0.399231 0.818064 1.12873 0.616738 0.199654 0.523227 -0.237037 0.230368 -0.0143429 
1.17108 0.605394 1.05914 -0.460608 0.71999 0.14061 0.148916 0.113575 0.353169 0.0432615 0.0705809 -0.0364646 
1.20111 0.739584 1.55023 -0.36404 0.675321 0.385164 0.919741 0.480994 0.336193 -0.213197 0.19312 0.0144944 
1.32815 0.492368 0.392557 -0.272382 0.449387 0.976628 0.596057 0.537148 0.637553 -0.0676984 0.0336163 -0.0567136 
1.3969 1.08591 1.49372 -0.117762 0.988759 0.480082 0.399593 -0.0305153 0.237022 -0.514044 -0.0196136 0.103325 
1.38312 0.334388 1.31483 -0.596293 0.388365 0.150787 1.36559 0.72003 -0.365864 -0.425317 0.00850563 -0.0457396 
1.7322 0.861947 0.538437 -0.534104 0.430701 -0.312125 0.506045 0.367583 -0.434521 -0.602652 -0.178472 -0.0544392 
1.16322 0.538159 1.47762 0.225505 0.660299 0.119439 1.31262 0.425406 0.255602 0.0561681 -0.125822 0.0810194 
1.45773 0.7077 1.07833 -0.885487 0.233841 0.366073 0.339973 -0.0659309 0.150123 -0.568781 -0.293744 -0.00224162 
1.47297 0.769256 1.55701 -0.481233 0.305313 0.383122 -0.083063 0.142558 0.212021 -0.822491 -0.147363 0.062265 
1.3688 0.870242 1.21807 -0.386219 0.466143 0.0837341 0.161255 -0.278438 0.223171 -0.54197 -0.124848 0.000987306 
1.05318 0.396845 1.753 0.227026 1.16025 0.283233 -0.0206407 -0.0824836 0.498423 -0.342952 0.0267266 0.0430072 
1.30901 0.387324 1.1524 0.260623 0.0688094 0.304625 0.79811 0.0817279 0.203063 -0.2226 -0.0241183 0.0130284 
1.56382 0.506414 1.04948 -0.212147 0.193635 0.205613 0.496985 0.273906 0.597958 -0.461259 0.0761106 0.00536381 
1.34543 0.675109 1.12669 -0.209674 0.515323 -0.152201 -0.0988276 -1.0124 0.482471 -0.20857 -0.00894034 0.0326442 
1.45159 0.022618 0.533194 -0.0865349 0.570415 -0.22115 0.838205 -0.236268 0.393505 0.0441887 -0.258883 -0.016468 
