1.86821 -0.215414 0.646125 -1.28336 0.581662 -0.137489 1.55936 0.306514 0.820981 -0.122096 -0.0822558 -0.0350426 
1.7629 0.560372 0.655305 -0.558615 1.22226 -0.0637578 0.719546 0.397586 0.454356 -0.663011 -0.163687 0.0161607 
-0.155535 1.09133 -1.26322 -0.105625 0.361557 1.25768 0.855382 -1.07747 1.93253 -0.863604 0.00944837 0.00711002 
1.298 0.304467 -0.0283479 -0.336549 0.125066 1.53344 0.302933 -1.34401 1.32635 -0.516927 0.309573 0.0899014 
1.85098 0.548206 1.28247 -0.875931 -0.217822 -0.0613047 1.20229 -0.247417 0.858519 -0.383696 0.186807 0.0215228 
1.79061 0.291143 1.28338 -0.969688 0.666796 -0.931619 0.496298 0.645087 0.571675 -0.0638976 0.20847 0.0195355 
1.7164 -0.0266419 1.46321 -0.926544 0.0487017 -0.0580884 0.537222 -0.0254019 0.103368 -0.0686422 0.128836 -0.0423796 
1.8806 0.455758 1.17224 -0.932754 0.801346 0.330385 1.583 0.919073 0.493439 -0.458848 -0.170303 0.0133764 
1.86437 0.38663 1.40094 -1.64543 0.415579 -0.0921521 0.964634 0.604602 0.593181 -0.145015 0.0074029 0.0258675 
1.82476 0.634408 1.32061 -0.995888 0.437181 -0.0482575 0.88996 0.497173 0.72733 -0.0499455 0.143627 -0.0445578 
1.82013 0.62407 0.903326 -0.569299 0.730067 -0.515472 1.07101 0.675625 0.711712 0.0236728 0.0113036 0.0358131 
2.01945 0.598816 2.18451 -0.0493782 0.643886 -0.0340165 0.0746358 -0.114496 -0.562652 -0.217468 0.0766938 0.0655981 
1.72987 1.05262 1.72023 -0.428648 0.369077 0.152924 0.576529 0.283008 0.035682 -0.647484 0.0621071 0.00742124 
1.66619 0.513425 1.81259 -0.160762 1.02065 0.592961 0.503113 0.604396 0.401543 -0.456511 0.183806 0.0325455 
1.46609 0.472921 1.73213 -0.589177 1.1038 0.0296511 0.924386 0.257702 0.158742 -0.12391 0.319529 -0.0415828 
1.50683 0.350408 2.20171 0.391046 0.633015 0.624641 1.51858 0.401246 -0.121035 0.0376401 -0.00538152 -0.0635306 
0.145387 -0.847543 1.0311 2.14424 0.0516239 -3.19553 2.0098 3.05447 0.548532 -1.06678 0.239906 -0.126838 
-1.73726 -1.78524 -0.815659 -0.254957 -1.41813 -3.63769 1.46655 1.86434 0.0300622 -0.734113 0.152919 -0.13638 
-2.13659 -2.80068 -0.71544 -1.76102 -2.05725 -2.63664 2.13899 1.83444 -0.0205172 -0.89397 0.32097 -0.161697 
-3.82326 -2.54085 -0.417792 0.246093 -1.7902 -2.75316 2.09358 1.42072 0.386559 -0.384794 0.386574 -0.286288 
-4.80329 -1.7105 2.5442 -0.959764 -0.430635 -0.898721 0.242279 1.37498 0.425358 -1.39655 0.615759 0.063229 
-4.52076 0.102688 2.69669 -2.0712 -0.644371 -0.117939 0.565199 0.91232 -0.291781 -1.21422 0.790276 -0.212664 
-4.48255 0.105925 1.81316 -1.71087 0.84473 -1.51724 0.820639 1.62838 -0.850027 -0.985159 0.444385 -0.115724 
-4.45276 0.382512 2.03457 -1.65609 0.535086 -1.27002 0.907284 0.528669 0.0763408 -1.26346 0.594719 -0.085055 
-4.34181 -0.110311 1.41304 -1.01988 1.11207 -1.52288 0.753535 0.756693 0.114883 -1.25454 0.321522 0.0291428 
-4.1557 -0.0981387 0.750498 -0.932228 -0.511793 -1.63671 2.34285 0.86766 0.215002 -0.327261 0.105387 -0.116044 
-3.51586 -0.820837 0.0263615 -1.89923 -1.27084 -1.08111 2.07636 0.599282 0.171043 -0.653651 0.000344343 -0.0903615 
-2.67513 -0.342869 -1.03564 -2.39154 -1.31573 -0.498275 1.98387 0.776143 0.105253 0.0384055 0.0320584 -0.141942 
0.123959 1.93733 1.93354 -0.760605 1.03876 0.725806 2.45349 0.884165 0.728859 0.0951682 -0.267471 -0.0934636 
3.47102 0.282395 1.02403 1.07834 0.888616 -1.49034 3.35032 1.84447 -0.230749 0.148084 -0.0937489 -0.0998381 
3.46434 -0.296581 -0.133436 0.983347 0.0891614 0.0320388 2.30528 2.01676 -0.038477 -0.52589 0.0670404 -0.143045 
5.12299 -1.05267 -0.490941 1.09079 0.0083602 -0.861684 3.11333 1.84413 0.014168 -0.559674 -0.0717226 -0.0920892 
4.88276 -1.12111 -0.605069 1.76717 -0.461125 -0.271125 2.58784 1.81565 -0.0750755 -0.841403 -0.187053 -0.096666 
4.10986 -0.522213 -0.196684 1.26197 -0.118448 0.238953 2.41425 2.0015 0.226834 -0.607071 -0.0716137 -0.0405422 
4.88302 -0.222509 0.262069 1.03746 -0.33002 0.367738 2.35773 2.30893 0.26155 -0.538126 -0.074426 -0.0258728 
6.18892 -0.962449 -1.19494 2.15175 0.14828 -0.249084 2.3539 2.38119 0.574053 -0.579523 -0.22378 -0.0443283 
6.64455 -0.968361 -1.47789 2.21185 0.534344 0.0461454 2.28239 2.474 0.649874 -0.5732 -0.19342 0.0191564 
5.91825 0.591741 -0.565371 1.82392 0.858936 0.0595742 1.75682 2.16178 0.857968 -0.205248 -0.172175 -0.0163372 
4.15513 1.79442 0.601839 1.26265 1.12462 0.517038 1.14673 1.59263 0.533458 -0.371385 -0.048497 0.0133086 
3.37992 2.3132 1.4793 1.40342 1.46483 1.25622 1.19585 1.15536 0.659496 0.0431164 -0.15446 -0.0106358 
4.64631 2.75893 1.36938 1.84507 2.10522 1.1766 0.800102 1.19513 1.16969 0.516413 0.0831656 0.00959326 
3.62871 2.53792 1.88625 1.90347 1.40112 0.559193 0.714241 1.6331 1.60206 0.688554 0.101933 0.0552179 
3.60191 2.89805 2.22414 1.76555 1.52309 1.30448 1.1872 1.02117 0.788804 0.498052 0.167101 0.0607991 
3.44037 2.96882 2.65091 2.35182 1.77869 1.00458 0.546779 0.429202 0.227211 0.0498282 0.0945316 0.0121688 
4.19758 2.43702 1.75301 2.36786 1.59512 0.145656 0.184205 0.321157 -0.616429 -0.613 0.488456 0.126859 
5.33721 1.73542 1.31107 3.17036 1.99535 -0.0698151 0.503516 0.607389 -0.849941 -0.916077 0.235442 0.206229 
5.22747 0.467355 1.16177 3.54762 1.50105 0.157978 1.09729 0.559794 -0.35511 -0.882531 -0.0211708 0.0993087 
5.02644 0.998164 0.832279 2.76564 0.916996 -0.0802958 1.31675 1.24426 0.0595764 -0.355067 0.271664 0.153032 
3.91525 1.86824 1.4762 2.44833 0.881087 -0.30393 1.05905 1.63442 0.910075 -0.0977242 0.20632 0.0979629 
3.35018 2.89582 2.57383 2.18138 1.55933 1.07016 0.874235 0.883169 0.743253 0.479894 0.214177 0.0716346 
3.78054 3.25174 2.429 1.48014 0.819187 0.633651 0.903466 1.35567 1.47774 1.10709 0.534845 0.154028 
3.71304 3.28374 2.68389 1.75784 1.04277 0.878962 1.02452 1.30318 1.37729 1.02481 0.411028 0.139281 
3.21833 2.71532 2.23944 1.76339 1.41065 1.25313 1.28542 1.30146 1.15666 0.844245 0.379077 0.104157 
3.03881 2.43524 2.05667 1.79361 1.60753 1.38769 1.28089 1.31811 1.38621 0.960295 0.462026 0.104702 
2.9317 2.53021 2.29832 2.16652 1.97866 1.68743 1.39924 1.07227 0.884636 0.652829 0.369943 0.0973168 
2.93888 2.46935 2.3028 2.22799 2.09086 1.81513 1.39885 1.14343 0.962371 0.641135 0.377317 0.103235 
2.80426 2.16977 2.23139 2.49908 2.43566 1.60623 1.13003 1.102 1.24221 0.81001 0.272456 0.0915605 
2.76562 1.92843 1.94241 2.06931 1.85553 1.52496 0.68774 0.818121 1.02704 0.515917 0.231881 0.0554125 
2.44705 2.07263 2.45751 1.26933 2.5129 1.46653 0.827095 1.27336 0.929489 0.653775 0.195657 0.071171 
2.46078 2.05062 2.31057 1.78401 1.69711 1.73455 0.85878 1.25199 1.12037 0.775163 0.495142 0.0803459 
2.39202 2.11462 2.31949 1.50707 2.22514 1.72686 1.33206 1.12647 1.02646 0.599238 0.380532 0.0836756 
2.62123 2.04762 2.17455 2.02609 1.57917 1.54395 1.42955 1.03413 0.901109 0.681472 0.365217 0.0803649 
2.62312 2.25625 2.22698 1.77852 1.63016 1.52695 1.63163 0.98815 0.924879 0.612759 0.411199 0.0845482 
2.52683 1.81109 2.40509 2.22775 1.66931 1.69732 1.779 0.878837 1.28211 0.835664 0.346257 0.0899336 
2.22499 1.78693 2.52007 1.45817 1.67072 1.78817 1.35064 0.658821 1.39492 0.536318 0.113097 0.0949547 
1.43767 1.07151 3.09285 0.530746 1.76562 1.49282 1.58897 0.866643 0.868309 0.204503 0.267869 0.0759508 
1.08632 0.856698 2.67454 0.44056 1.9244 1.14508 0.051483 0.659419 0.808976 -0.0983897 0.281867 0.0572723 
1.17502 0.887237 2.53563 0.00298869 1.25815 2.016 -0.587472 0.540054 0.272975 -0.236839 0.493855 0.0482222 
1.26378 0.626155 2.12134 -0.108522 0.400367 2.34809 1.26553 0.394761 0.822442 -0.147382 0.330745 -0.0108831 
1.33771 0.990441 1.95138 0.315679 0.760042 0.649556 0.617644 0.587074 0.587166 0.512057 -0.145191 0.0776848 
1.26907 0.414964 1.90683 -0.265564 1.66547 0.679644 0.213116 0.126961 0.802918 0.61655 0.403574 0.0165566 
0.874656 0.913937 1.69476 0.0128671 0.736831 0.793105 0.964977 0.277939 0.534075 -0.129059 0.204914 0.0298099 
1.42862 0.800145 1.12201 0.608513 1.96317 -0.294348 0.201873 0.145152 0.405228 -0.0979905 -0.139684 0.0784612 
1.27434 0.561209 1.47208 0.731005 0.79913 0.492313 0.273155 -0.105223 0.375395 0.406503 0.0735824 0.0502532 
1.10367 0.396557 1.49003 0.39357 1.01706 0.0912501 -0.0903125 0.551153 0.260195 -0.236772 0.143696 -0.000473188 
0.959672 0.57087 1.63121 -0.190947 0.742446 0.0988725 0.624246 0.148943 0.0222981 -0.414251 0.253872 0.0971897 
0.912352 0.629022 1.7633 0.192142 1.1946 -0.0115138 0.969529 -0.00586222 0.416198 -0.00715676 0.113938 0.0481758 
1.26654 0.719448 1.42189 -0.376059 0.602646 0.445021 0.614665 -0.0911979 0.416156 -0.0313362 0.37572 -0.014232 
1.12672 0.531358 1.92311 0.112877 0.954012 0.58813 0.246038 0.260461 0.0396263 0.237137 0.0582884 0.0263664 
1.07612 0.12895 1.84857 -0.303846 0.534976 -1.04317 0.261617 0.118428 0.496026 -0.0506033 0.356858 0.0591628 
1.20913 0.470932 1.90236 -0.304956 0.936916 0.260866 0.778433 0.124768 -0.0962022 -0.203384 0.168792 0.0754106 
1.25855 0.708282 0.851237 -0.227484 0.924022 0.359575 1.23124 -0.0517706 -0.331726 -0.0364002 0.193224 0.000184355 
1.08906 0.0882822 1.58935 -0.449704 0.326843 0.0931947 0.0712917 0.545743 0.326906 0.340809 0.0763468 0.0621255 
1.52455 0.553999 1.33266 -0.100229 0.635938 0.687661 0.645327 0.587296 -0.0205428 -0.345095 0.0685345 0.0239708 
1.12671 0.842468 1.46815 -0.210319 0.91255 0.219119 -0.0454844 0.237439 0.612612 0.0766307 0.00451763 -0.0264623 
