0.305877 -3.18111 -0.798048 1.05378 1.9569 2.33856 -1.02726 2.16479 0.414808 -1.25312 -0.150932 0.115031 
1.77159 0.0749218 1.66473 0.359836 0.991941 0.303282 0.424396 -0.22411 0.530715 -0.391959 -0.247153 0.102446 
1.57668 -0.0207818 1.44902 0.135691 1.4448 -0.178589 0.514857 -0.21132 0.463298 -0.214636 0.26423 0.0433201 
1.52299 0.701236 2.13756 0.160141 1.16083 -0.148601 -0.750992 -0.445159 0.722108 0.506771 0.124659 -0.0268633 
1.59255 0.601457 1.97348 -0.552743 0.436502 -0.724018 0.321862 -0.3267 -0.18329 0.110732 0.140786 -0.0341798 
1.51463 0.512709 1.79129 0.306132 1.35734 -0.127388 0.154911 0.138658 0.272237 -0.0204276 0.415327 -0.0305037 
1.45542 0.170415 1.35001 -0.155477 0.832001 0.036709 1.16181 0.00782127 0.937517 0.297169 0.503364 -0.109581 
-2.27757 -2.85984 0.285102 1.15468 -0.675177 -1.52713 2.00539 2.21678 0.704781 -1.34799 0.307203 -0.149957 
-4.22935 -2.27527 1.55817 0.417634 -2.7474 -1.83943 2.9525 2.12324 -0.19262 -0.134593 0.425842 -0.285186 
-5.96628 -1.84758 2.44061 -0.636277 -0.917337 -0.695697 1.4568 0.432704 -0.248048 -0.473308 0.599846 -0.174943 
-4.57166 0.349108 1.38372 -0.654926 0.23141 -0.996788 0.521867 0.878119 -0.151368 -0.731911 0.554391 -0.158117 
-5.8363 0.00380634 0.645457 -0.762244 1.01143 -1.69553 0.356243 1.39703 0.611788 -0.646153 0.265894 -0.11772 
-5.21033 0.0132919 0.938968 -0.861629 0.0984655 -0.754316 0.731591 1.02817 -0.0119075 -0.493466 0.20657 -0.0693066 
-5.22241 -0.343437 1.14946 -0.93425 -0.376465 -1.53538 1.34804 1.03814 0.292232 -0.548677 0.415608 -0.113128 
-6.16604 -0.885932 0.55218 -1.13222 -1.34956 -1.70389 2.51761 0.700733 0.651319 -0.697562 0.316177 -0.162795 
-5.64333 -0.688038 0.471227 -2.64254 -0.135657 -1.7109 1.92915 0.920796 1.2909 -0.818167 -0.0121712 -0.0769548 
-3.55187 0.01122 -0.437793 -1.92572 -1.24589 -1.27268 2.63325 0.124954 0.663079 -0.237361 -0.00504873 -0.142794 
-1.4921 0.369599 0.747215 -2.02105 -1.46772 -0.326187 2.84767 0.62605 0.341811 0.143833 0.271085 -0.0787069 
1.42963 1.96237 2.88437 -0.571726 0.664012 0.430568 2.6968 0.626755 0.809425 0.487074 -0.189676 -0.0984736 
3.4196 1.33896 2.57008 -0.693598 0.365936 -0.801555 3.35265 0.837477 0.744447 0.413788 -0.29864 -0.0690219 
4.72669 0.622541 0.704098 -0.00167681 1.10248 -1.02749 3.49615 1.00555 0.192876 0.377363 -0.291932 -0.107845 
4.72807 -0.355513 -0.123708 0.682025 0.8913 -1.14974 3.72936 1.33742 0.0548567 -0.201725 -0.0905035 -0.0687434 
4.95286 -0.635923 -0.587994 1.60847 0.355412 -0.169433 2.78785 1.95553 -0.0718136 -0.406167 0.00761547 -0.0868589 
5.27323 -1.25933 -0.750527 2.19108 -0.397015 -0.00209828 2.9273 2.05283 0.0312226 -0.49886 -0.0127714 -0.0837817 
5.31493 -1.13116 -0.723908 1.95504 0.147252 -0.0716028 2.91746 2.08496 -0.114547 -0.689384 0.00818829 -0.0144809 
3.936 -0.341149 -0.407591 1.54403 0.111434 0.0586571 2.38278 2.07616 -0.00740239 -0.703948 -0.145499 -0.0534687 
3.95217 -0.272295 -0.38775 1.05556 -0.0672905 0.0795597 2.32494 2.30645 0.221123 -0.639609 -0.0513048 -0.0570262 
6.18986 -1.972 -0.6951 2.13967 -0.547232 -0.784251 2.96244 2.1563 0.128189 -0.704965 -0.169758 -0.0517185 
5.62795 -0.870352 -0.466371 1.90021 -0.228313 -0.53885 1.7898 1.85802 0.3751 -0.743535 -0.323414 -0.048528 
4.73384 0.675874 -0.183606 1.49328 0.473474 -0.812025 0.65484 1.66951 0.332698 -0.782202 -0.289721 -0.0177002 
4.35326 1.97881 0.401683 1.26781 1.15441 -0.237113 0.192328 1.11257 0.142418 -0.61574 -0.145468 -0.0107343 
7.1168 1.62826 0.454358 2.79419 1.45719 -0.492992 0.85896 1.59433 0.291685 -0.231957 0.0184547 0.069453 
6.71472 2.48504 0.65557 2.44113 2.64039 0.311847 0.207841 1.10193 0.489822 0.481684 0.0764167 0.0156699 
4.37902 3.3161 2.02093 1.5782 1.70452 1.63582 1.17893 0.586003 0.196386 0.111814 0.0626272 0.0318543 
3.94847 3.14843 2.04756 1.29914 1.06282 1.03169 0.968203 0.80134 0.526937 0.162845 0.0255691 0.0153702 
4.34206 3.77491 2.76292 1.5731 0.757278 0.312698 0.266519 0.472953 0.515398 0.396103 0.08988 0.033922 
5.62024 3.93687 3.05164 3.13551 1.28528 -1.02471 -0.548128 0.600506 -0.274092 -0.783032 -0.125929 0.0359274 
5.69126 3.05222 3.38786 4.6957 0.763888 -2.88857 -0.401644 0.979663 -0.851128 -0.420084 0.159079 0.17237 
5.64757 2.04193 1.65787 3.72379 1.26656 -1.73017 -0.16583 0.893034 -0.641868 -0.426556 0.293018 0.208452 
5.2559 1.21294 1.28544 3.76359 1.02077 -2.06385 -0.198225 1.28201 0.244161 -0.0312531 0.333878 0.217724 
5.83968 1.48479 1.19812 3.80545 0.623047 -3.07292 -0.277853 2.11981 0.756111 0.20129 0.196135 0.175251 
4.49671 2.39302 1.99316 2.6739 0.654646 -1.37316 0.359693 2.05248 0.937392 0.0463141 0.129284 0.132677 
3.46893 2.80962 2.59971 2.60265 2.04963 1.01826 0.322683 0.37056 0.739472 0.664704 0.13256 0.0497289 
3.0326 2.6121 2.3037 2.00051 1.6984 1.40757 1.17809 0.976427 0.780557 0.571078 0.356058 0.0846807 
2.97566 2.54491 2.28524 1.97351 1.60715 1.22561 0.977267 0.900877 0.876401 0.737544 0.461728 0.0962783 
2.90851 2.45251 2.23408 2.03239 1.74448 1.37431 1.13409 1.01593 0.928387 0.719658 0.416388 0.092675 
2.52179 2.59139 2.11498 2.07523 2.0206 1.67877 1.46958 1.4009 0.742427 0.712125 0.347319 0.0952978 
2.84593 2.86788 2.83214 2.0653 2.84667 1.5936 1.79031 1.45787 0.548442 0.80175 0.198864 0.106724 
2.75101 2.40758 2.10198 2.12055 1.74441 1.74331 1.31728 1.25956 0.878463 0.693853 0.391835 0.0927355 
2.7933 2.39293 2.2584 2.05079 1.98195 1.70041 1.48739 1.21775 0.977787 0.678001 0.411399 0.101002 
2.80736 2.38838 2.21309 2.04397 1.92086 1.7646 1.47563 1.22179 0.955702 0.711289 0.41818 0.101658 
2.68081 2.19303 2.09407 1.94316 1.73174 1.46585 1.27727 1.04821 0.896259 0.573865 0.353149 0.0784182 
2.83781 2.41076 3.12244 2.25597 2.22284 2.28889 1.90593 1.13522 1.06718 0.607552 0.376793 0.123401 
2.81648 2.0939 2.13864 2.0324 1.98707 2.01745 1.45345 1.39943 1.05657 0.652702 0.510862 0.10726 
2.53949 2.29651 2.11556 1.91628 2.1076 1.40821 1.63107 1.07166 0.885994 0.914678 0.322774 0.0946204 
2.73444 2.35619 2.29422 1.96913 2.18413 1.77278 1.32558 1.31587 1.09925 0.863177 0.469921 0.109285 
2.66379 2.31006 2.33918 1.92225 2.05853 1.63767 1.6627 1.2026 1.15507 0.803792 0.382359 0.106854 
2.63649 2.08629 2.12675 1.98281 1.80379 1.48361 1.20292 1.2124 0.85811 0.710551 0.308318 0.0801955 
1.63246 1.11334 2.46109 1.84871 2.37688 0.976115 1.61177 0.649811 1.21202 0.30431 0.267523 0.0903623 
1.65021 1.78323 2.44065 0.779611 2.24489 1.54105 0.754033 0.192016 1.11879 -0.0174877 0.311549 0.0809272 
2.06119 1.43316 2.15246 1.56665 1.81966 0.773942 1.19449 0.853966 0.78574 0.577863 0.175793 0.062959 
1.60563 0.968291 2.21579 1.19763 1.82562 1.10903 1.08247 0.275984 1.04514 0.532307 0.299828 0.0339073 
0.84377 1.54671 -1.95491 0.557457 -0.0329051 2.02889 1.46921 1.01123 0.527949 -1.17938 0.419402 0.0222481 
1.51552 1.98209 -0.942891 -0.992964 -1.52793 1.57159 -0.95292 -0.555738 -0.390334 -2.21241 0.0488897 -0.0329671 
1.69688 1.67984 -0.25486 -1.65205 -0.254403 1.53445 -0.0304079 0.163578 -0.81398 -0.964899 -0.135876 0.104541 
1.45383 1.19033 0.563875 -0.84521 0.287936 0.68499 0.295714 0.225953 -0.77693 -0.77441 -0.254189 0.181348 
1.66057 0.695522 0.90976 -1.0615 0.400241 -0.865851 0.119823 -0.217694 -0.030597 -0.361668 -0.326205 0.103635 
1.87052 0.429951 1.17892 -0.830643 1.15165 -0.0100691 1.05302 -0.230923 0.121078 -0.23056 -0.0650327 0.188044 
1.91253 1.11505 0.683573 1.71137 -0.31078 0.371982 0.687665 0.516744 -1.03811 -0.252894 -0.515361 0.203538 
1.4266 0.667703 1.45021 0.939067 -0.311904 0.0341927 -0.141196 0.0669825 -0.328673 0.700404 -0.028542 -0.0321473 
1.35321 0.474773 1.79247 0.607087 0.200997 -0.163663 0.974174 0.0849554 0.129441 0.247827 -0.00718709 0.0796752 
1.57886 0.609918 1.54358 -0.326198 0.812032 -0.367155 1.28622 0.0321106 -0.0309813 0.236649 0.207598 -0.0205147 
1.25505 0.814833 1.68821 0.00575089 -0.142129 -0.339762 1.17359 0.505436 0.166023 -0.25938 0.0447981 -0.0916694 
1.32505 0.548855 1.41748 -0.197813 0.903248 -0.627463 0.879491 -0.00547184 0.388333 0.140932 0.0362876 0.0999143 
1.27364 0.710594 1.61839 0.312462 0.994631 -0.662839 0.825596 0.122648 0.058201 -0.192042 0.252598 0.0221815 
1.3029 0.949326 1.50345 -0.291469 0.979714 -0.370763 1.13368 0.0720037 0.0349665 -0.0393806 0.248971 -0.030381 
1.16271 0.710275 1.34487 -0.168508 0.732789 -0.58528 0.252197 0.57499 -0.390837 -0.60972 -0.144196 0.0129979 
1.2169 0.898283 1.44622 -0.102887 0.525522 -0.351132 0.982418 0.197622 -0.094681 -0.0591376 -0.0857769 0.0208367 
1.23527 1.01314 1.18366 -0.237853 0.73259 -0.195607 0.871192 0.133334 0.605153 -0.0312395 0.0765202 0.0669074 
1.50963 0.673525 1.31123 0.166645 0.514158 -0.214275 0.48139 -0.109372 -0.0290227 -0.129453 0.0328243 0.091082 
1.24333 0.793662 1.44283 0.00601597 1.08554 0.131759 0.0438569 -0.181804 0.18774 0.233996 0.0893797 -0.0111341 
1.25251 0.810635 1.16199 0.600602 0.808882 -0.737741 0.471316 -0.0811138 -0.106305 -0.11228 0.454757 -0.0739767 
1.42003 0.429001 1.33822 -0.526634 -0.0180169 0.187118 0.691265 0.236885 -0.306477 -0.102017 0.0208572 -0.00715882 
1.18219 0.932786 1.59174 0.25423 0.251879 0.266219 0.757301 0.432347 0.2023 -0.252009 -0.0784683 0.000560436 
1.523 0.784031 1.82804 -0.323799 0.623135 0.666559 0.418542 -0.460422 -0.077508 -0.253099 -0.191987 0.0613581 
