1.42634 0.658467 1.43715 -0.707357 0.446225 -0.0920134 0.644841 0.0942892 0.975813 -0.201363 0.240693 -0.0255706 
1.93035 0.0466459 1.51917 -1.22327 0.427418 -0.077613 0.765648 0.471662 0.53588 0.0546713 -0.287817 0.0348773 
1.83739 0.0801642 0.670622 -1.9227 0.1384 -1.02158 0.513769 0.391872 0.700434 -0.0247723 -0.0123148 -0.0823137 
1.98397 0.459276 1.08011 -1.42195 0.113082 -0.0982153 1.95559 0.959867 0.765649 -0.235483 0.138351 -0.0420007 
1.89351 -0.153037 1.39766 -1.58199 1.21419 0.346238 1.04622 0.167434 0.695832 -0.303861 0.0188826 0.0372834 
1.46251 0.203109 -0.717457 0.0116335 -0.0103436 -0.679953 0.840929 1.77939 1.4079 -0.58967 -0.291447 -0.114798 
0.708174 0.105685 -0.503539 1.72173 -0.234424 0.0704964 0.462082 1.88707 2.44318 -1.09901 -0.383607 -0.26753 
2.08821 0.841332 0.8352 -1.01226 1.06719 0.190375 0.694008 0.211966 0.471623 -0.35789 -0.359988 -0.12418 
2.12589 0.77522 1.56453 -0.471289 1.15361 0.412282 1.12857 0.083585 0.536899 0.179291 -0.130766 -0.0457415 
2.00698 0.791631 0.983985 -0.422986 0.828875 -0.0804964 1.27995 -0.377382 0.178097 -0.426239 0.144699 0.00636992 
2.12054 0.760875 1.54219 -0.566898 1.1275 -0.329736 0.964874 -0.368725 0.28989 -0.277572 -0.049423 -0.00880135 
1.74368 0.672617 1.99702 -0.686014 0.746661 0.176434 0.88079 0.314669 0.0813956 0.0932424 0.093157 -0.0054714 
1.75221 0.45257 1.24808 -0.839655 1.05032 -0.0610569 0.0419411 0.301248 0.00241584 -0.294765 0.0524942 -0.0426948 
1.62637 0.587757 1.44261 -0.381891 1.14982 0.0233754 0.628795 0.325198 0.615322 0.0636154 0.193108 0.0454768 
1.62991 0.229659 1.67718 -0.1754 1.67751 -0.0959386 0.5517 0.258384 0.448594 -0.226307 0.152297 0.124922 
1.63251 0.158542 1.40132 -0.439176 0.626793 -0.381149 0.0710856 0.00187727 0.41962 0.330808 0.336287 -0.0512206 
2.13298 -0.376358 1.7515 -0.0226128 1.61645 0.00220061 0.935253 0.568386 0.628777 -0.20924 0.333785 0.0771594 
1.85528 0.519987 1.51809 0.0332293 1.61989 0.123367 0.462221 -0.545319 1.00771 0.172394 0.0863067 -0.0167653 
1.60276 0.224591 1.79497 0.548491 1.89569 0.119038 0.475521 0.543769 0.39968 -0.33636 0.00292501 -0.0522278 
1.59797 0.623048 1.63617 -0.0046303 0.682447 0.689828 0.745575 0.0849334 0.806193 -0.546532 0.22475 0.0710055 
-0.287724 2.28184 -1.25738 3.37415 -1.05704 0.744215 0.650097 0.917846 0.134049 -0.889478 0.369292 0.0392491 
0.984151 1.3243 1.01522 0.68903 0.145796 0.760944 0.738237 0.369105 -0.236284 -0.0448346 0.0257448 0.0460793 
0.944816 -2.76428 0.964738 3.24525 -0.354468 -2.30455 1.32067 1.86256 0.201352 -0.500841 0.0933693 0.0359789 
-0.610024 -1.34042 -0.253355 0.977096 -2.63244 -4.73999 0.764173 2.63378 0.45747 -0.973158 0.601394 -0.159782 
-1.75196 -2.11848 -0.162568 0.46468 -2.44989 -3.74152 2.12422 2.6403 -0.161292 -0.784127 0.492484 -0.23665 
-2.34618 -2.12982 1.17034 0.949926 -2.63234 -2.41216 2.02561 1.06855 0.202926 -0.389855 0.545924 -0.217489 
-4.15517 -2.94853 1.38743 -0.294248 -2.66936 -2.30331 0.88539 1.18701 0.636244 -0.0892935 0.718344 -0.295012 
-5.00286 -1.2277 1.49557 -0.0989725 -1.90409 -1.73762 0.428675 1.24599 -0.225575 0.228184 0.0861777 -0.0969875 
-5.14196 -1.16406 1.66508 -0.724221 -1.30994 -2.60921 1.19484 1.6142 1.04212 -0.873154 0.615813 -0.0564359 
-5.86862 -0.864723 0.833704 -2.37417 -1.52101 -1.99145 0.331356 1.24212 0.397625 -0.70743 0.821101 -0.0877011 
-4.566 -0.291643 1.61328 -1.10887 -0.501059 -1.82115 0.199666 1.80975 0.259173 -0.673003 0.753609 -0.134918 
-4.42027 -0.0506654 1.61508 -0.97867 -0.571968 -1.92071 1.08469 0.802554 0.342207 -0.23324 0.589637 -0.148657 
-4.28311 -0.830172 -0.232663 -2.22624 -1.08965 -1.13318 1.50878 0.608779 0.157408 -0.32176 0.184244 -0.138713 
-2.09751 0.235448 -0.436436 -2.93958 -0.19639 -1.42219 1.48923 1.81144 -0.630665 -0.0852292 0.153562 -0.0654052 
0.798017 1.83974 1.54595 -0.176132 1.54909 0.581561 1.70357 1.50894 1.62208 -0.231053 0.340396 -0.187749 
3.61117 1.46131 0.0897753 0.898923 0.251986 -0.320258 2.22313 1.68877 0.413877 -0.560589 0.270465 -0.0219434 
4.13126 0.396004 -1.15496 1.45954 0.726618 -1.40844 3.27615 1.06181 0.250669 -0.674702 0.0841524 -0.0709451 
4.4442 -0.199779 -1.15517 1.75699 0.679628 -1.37761 3.31048 1.36653 0.487324 -0.80194 -0.0168456 -0.0730853 
4.56467 -0.137207 -1.42331 1.74148 0.324599 -1.22744 3.50834 1.17499 0.368666 -0.990042 -0.0272873 -0.122182 
3.36134 0.287712 -0.987154 0.546794 0.35132 0.507411 2.22338 1.48761 -0.355933 -0.868642 0.0539423 -0.094911 
4.03201 -0.420431 -0.914739 0.391687 0.653219 -0.143938 3.12291 1.16795 -0.204083 -0.857793 -0.0885712 -0.0941884 
4.98258 -0.0259982 -2.51259 1.34609 0.845863 -0.439234 3.5418 0.871712 0.0163659 -1.14541 -0.00274746 -0.0876753 
4.5933 0.0163085 -1.96122 1.02818 0.843128 -0.11689 2.93525 1.25442 -0.467208 -0.921083 -0.0670572 -0.0437261 
5.39053 0.350415 -2.45577 1.77479 1.30805 -0.530149 2.73792 1.27463 0.134687 -0.927042 -0.11908 -0.035402 
5.17668 0.86017 -1.48518 1.23209 1.41154 -0.688195 2.33304 1.44473 0.0357245 -0.604611 -0.269731 -0.0269235 
5.02331 0.683329 -1.29783 0.71089 1.3022 0.076357 1.42899 1.99474 0.108659 -0.474496 -0.243225 -0.00197279 
4.65865 1.42202 -0.106482 1.16305 1.2475 0.423891 0.982142 1.46075 0.459174 -0.291123 -0.0147395 0.0313917 
6.14432 2.26877 -0.477911 1.25525 2.59808 1.21932 0.610721 0.756243 0.0351665 0.0811763 -0.125099 -0.0329662 
4.9398 2.31997 0.291264 1.08666 2.08479 1.39087 0.625725 0.529031 0.17097 -0.127697 0.126532 0.0619219 
3.79628 2.54386 1.49182 1.4002 1.73119 1.51354 0.735037 0.0251172 -0.319881 -0.328037 -0.222291 -0.0579363 
3.37052 2.46595 1.70242 1.50416 1.58733 1.36254 0.784677 0.305065 0.114387 0.142933 0.0186177 0.0185423 
3.267 2.70012 1.95129 1.81 1.72021 1.70096 1.05052 0.644724 0.443071 0.489611 0.29617 0.0784176 
3.24207 2.79434 2.312 1.8873 1.41487 1.17689 1.09862 1.22291 1.03443 0.693962 0.279857 0.0934879 
3.44987 2.83524 2.40951 2.34144 2.07808 1.34946 0.789214 0.846464 0.892178 0.505269 0.109531 0.0558814 
3.03378 2.59676 2.28157 1.88842 1.44692 1.02227 0.646377 0.317758 0.076887 -0.00987023 -0.0182237 -0.0346245 
3.40864 3.06264 2.79291 2.32086 1.58967 0.832878 0.347045 0.0949195 -0.0559379 -0.0902815 -0.00994462 -0.0389724 
4.46507 3.35422 3.38955 3.70478 1.49441 -1.10317 -0.794763 0.452312 0.00799454 -0.480539 0.0329754 0.0913772 
3.43024 2.25791 1.90581 2.36894 1.13608 -0.626982 -0.29597 0.322561 0.303061 -0.0992525 0.416653 0.112171 
3.40162 1.71496 1.62559 2.56325 1.46956 -1.50975 -0.353613 0.921035 0.739393 -0.291969 0.224637 0.147389 
3.66613 1.82877 1.20975 2.72009 2.08616 -0.979749 -0.0129282 1.03536 0.879908 -0.361181 0.0772347 0.114015 
4.78943 2.4064 -0.474268 1.38234 2.20124 -1.08361 1.46959 0.966394 1.87488 -0.65372 0.204553 0.164951 
3.39937 2.58989 2.06156 1.87766 1.36078 0.543306 0.491779 0.958425 1.10561 0.817237 0.50154 0.116498 
3.04145 2.52478 2.2083 1.93111 1.5299 1.02019 0.710333 0.730781 0.77372 0.632925 0.377711 0.080811 
2.90753 2.45457 2.23545 2.03409 1.77723 1.42411 1.12767 0.973032 0.866172 0.67432 0.37895 0.0863347 
2.88508 2.426 2.19855 2.01118 1.78279 1.5459 1.25386 1.08409 0.919496 0.657818 0.401629 0.0891493 
2.79218 2.34386 2.16701 2.00372 1.84013 1.66902 1.34415 1.08157 0.851418 0.588823 0.337692 0.0827935 
2.88124 2.375 2.25665 2.14901 1.90103 1.62986 1.47261 1.23348 0.946841 0.711159 0.415892 0.100486 
3.11288 2.83428 2.74397 2.50956 2.71665 2.15218 1.23295 1.23153 1.22797 0.636354 0.302419 0.114116 
2.78587 2.43223 2.32147 2.07651 2.00828 1.97633 1.50794 1.25175 1.06608 0.657893 0.405626 0.105847 
2.83255 2.39227 2.31071 2.2432 1.93609 1.7717 1.64786 1.18906 1.05217 0.737095 0.386256 0.107191 
2.86662 2.50626 2.55476 2.2076 2.05876 2.05124 1.57228 1.29812 1.04576 0.726828 0.405091 0.119123 
2.71968 2.36688 2.22402 1.93675 1.87363 1.51496 1.63047 1.26653 0.866854 0.743865 0.359182 0.0918897 
2.72438 2.26132 2.54175 1.9694 1.95848 1.75288 1.48211 1.41457 0.720188 0.830952 0.469893 0.0956413 
2.67899 2.18982 2.21049 2.00524 1.85394 1.79133 1.60899 1.23416 0.955992 0.751428 0.454938 0.0980548 
2.60979 2.28437 2.36823 1.96984 1.69244 1.71511 1.5669 1.03742 0.907969 0.849489 0.382875 0.0937305 
2.71495 2.23509 2.18859 2.01955 1.74672 1.68559 1.48562 1.29857 0.884593 0.622247 0.479244 0.0946221 
2.56977 2.38998 2.70435 1.5604 2.13451 2.11436 1.1863 1.17813 1.28274 0.601101 0.55618 0.110998 
2.43393 1.96855 2.23281 1.72547 1.47159 1.4546 1.75077 0.680026 0.925063 0.536493 0.352287 0.070008 
2.21653 1.88739 2.57832 1.9601 1.63737 2.02805 2.00471 0.723006 0.529964 0.961954 0.367702 0.0677621 
2.3131 2.11366 2.74351 1.20867 2.41773 1.63885 2.03534 0.440605 0.955403 0.650728 0.382692 0.108619 
1.74698 1.31246 2.50801 1.11329 2.32911 1.20447 1.11867 1.10683 0.390156 0.34878 0.397178 0.0367413 
1.43589 0.831145 1.95869 1.29434 1.01387 0.726601 1.96148 -0.385189 0.764498 0.850727 0.256059 -0.00725225 
1.49016 0.617784 1.93075 1.07609 1.00146 0.756935 0.591902 -0.0266997 1.0065 0.200039 0.226183 0.011345 
1.25001 1.07076 1.52539 0.367552 0.836403 0.593488 1.20176 -0.437307 0.228267 0.0579453 -0.139465 0.0275537 
1.38077 0.806049 1.47983 -0.833329 0.603184 0.517129 0.701215 -0.672795 -0.505297 -0.121808 -0.0196818 -0.00587792 
