1.48129 -0.316579 1.06647 -0.366863 1.89541 -0.440688 0.41265 0.269605 1.08217 0.190807 -0.0159336 -0.00863349 
1.98225 -0.14306 1.2591 -0.57262 1.79759 -0.4006 0.101823 -0.0482253 0.740397 0.189763 -0.267326 0.0153528 
1.90423 0.347068 1.36453 -0.251585 1.28366 0.0698961 -0.0314717 -0.0828353 0.462963 0.216736 -0.0542529 0.00976773 
1.5717 0.318523 1.48224 -0.462915 0.827638 -0.734428 0.310515 -0.42508 0.648265 0.069955 0.33766 0.00676311 
1.54025 0.188614 1.58448 -0.651105 1.57716 0.069206 0.594697 0.206445 0.804469 0.293121 0.200868 0.0230251 
0.946823 -0.000167686 -1.78754 -2.24214 1.34783 -1.06418 0.930302 0.799657 0.472079 0.0708156 0.494371 0.159509 
-1.5682 -0.194881 -5.19894 -1.53531 1.13789 -1.84169 2.63802 1.079 0.321459 -0.497978 0.462017 -0.0134078 
-0.550314 1.72219 -1.00486 -1.68237 0.254269 0.464646 1.97389 -1.22556 0.5225 0.447283 0.427827 -0.161202 
1.13002 0.68704 0.477508 -0.667406 0.512457 0.320569 0.87527 -1.63228 0.344814 -0.132373 0.441354 -0.011454 
1.76894 0.122959 1.93043 -0.1591 0.81625 -0.47986 0.649065 -0.189298 0.594692 0.338374 0.0802047 0.0541575 
1.78341 0.705699 2.56445 -0.849267 1.12901 -0.21464 -0.0187345 0.336261 0.0835704 0.15714 0.398575 0.0365581 
1.74885 -0.13915 2.04472 0.113637 1.28406 0.161314 0.467141 0.326119 0.486549 0.218881 0.0614341 -0.0128358 
1.68271 0.340772 1.88235 -0.12345 1.28187 -0.832392 0.443448 0.00804496 0.547334 0.00811171 0.394959 0.079625 
1.46822 0.520634 2.6365 -0.178033 1.00232 -0.0881144 0.458518 -0.0967389 0.626556 0.249583 0.0173658 0.11353 
2.09127 0.00818683 2.56694 -0.742743 0.965947 0.0248331 0.595594 -0.301676 0.728122 -0.105966 0.38543 0.145986 
2.13126 0.158195 2.45331 -0.653592 0.600941 -0.0154318 0.554711 0.0248011 -0.0638473 0.44542 -0.0503531 0.0827304 
1.67178 0.512845 1.99161 -0.94371 0.91116 -0.0515999 0.531431 -0.894272 -0.056671 0.326977 0.221016 0.0127043 
1.88773 -0.00578656 1.96802 0.0456951 0.967603 -0.342087 0.0537926 -0.498734 0.482371 -0.109134 0.041861 0.126438 
1.68616 0.351153 1.86907 -0.351785 1.19054 -0.0259841 -0.0509236 -0.27803 0.00514994 -0.0325132 0.0589703 0.0582286 
1.92969 0.556308 2.03658 0.159042 1.15034 -0.706142 0.420884 -0.792371 -0.404186 -0.250614 0.0213365 0.0313962 
1.73445 0.170909 1.52978 -0.516044 0.625836 -0.381515 0.339455 -0.199955 -0.0796961 0.269912 -0.0451094 0.0949962 
-1.67206 1.47708 -0.977599 4.20651 -1.62753 -2.0095 1.35357 -0.216957 0.288709 -0.390836 0.593183 -0.0808248 
-1.493 1.03755 1.16684 3.27822 -1.84028 -1.33971 2.41732 0.342495 -0.11659 -0.236724 0.555574 -0.133246 
-1.25078 -2.17186 -0.664206 2.15831 -1.54341 -1.9195 4.14635 1.43029 0.215201 -1.05291 0.23341 -0.103094 
-2.0315 -2.03591 0.286528 0.10829 -0.752904 -1.60507 1.49071 1.33496 0.684411 -0.940988 0.16864 -0.178087 
-4.13383 -1.6995 0.758901 -1.99696 -1.69417 -1.20598 2.17043 0.778772 -0.374349 -0.295703 -0.0412329 -0.0945728 
-4.03801 -1.27359 0.980499 -0.802674 0.244655 -0.720834 1.13482 1.0587 0.10193 -0.522807 0.440174 -0.250656 
-4.62629 0.263771 1.05999 -0.901589 1.25559 -2.19811 0.588407 1.13065 -0.234006 -0.294165 0.256497 -0.106293 
-5.76399 -0.371539 0.677291 -1.60265 0.519064 -2.27698 1.23522 1.70903 0.734793 -0.525967 -0.0317897 -0.0787912 
-5.31251 0.478527 1.37849 -1.34552 1.18041 -1.17801 1.20009 2.06227 0.683766 -0.518182 -0.0782161 0.0826705 
-4.61117 0.992651 0.786961 -1.76916 0.440278 -1.57687 1.69726 1.49845 0.194603 -0.123909 0.0963019 -0.134653 
-4.12303 -0.243377 -0.811506 -1.68 -0.671751 -1.11166 0.717758 1.06542 0.901375 -0.390081 -0.390907 -0.0156068 
-2.8151 0.253616 -0.270115 -2.3104 -0.423452 -0.824208 1.12489 1.00712 0.651493 0.281414 -0.534939 -0.0560971 
-1.13211 0.379875 -0.65815 -2.49269 0.133572 -0.331381 1.88653 0.91297 0.37175 0.444632 0.0228246 -0.113209 
1.63146 1.98806 2.1443 -0.070882 1.19248 0.467345 3.17756 1.1831 0.104123 0.4987 0.0822868 -0.0794408 
2.77471 1.56088 1.1169 -0.645411 0.699539 -0.153862 3.69574 1.24227 -0.194873 0.581308 -0.0494749 -0.140645 
3.57757 0.966956 0.016197 0.172487 0.845798 0.727035 2.58483 1.5284 0.254948 0.0632673 -0.165892 -0.132104 
3.51669 0.349279 -0.360086 0.624846 0.282131 1.04265 3.005 1.73915 -0.359437 -0.0375106 0.0238368 -0.129387 
5.85629 -0.892033 -0.524253 0.700985 1.77269 -0.693321 4.14866 1.201 -0.490954 0.0600079 -0.0912878 -0.0861627 
6.25789 -1.49774 -0.343291 0.989738 0.536813 0.599437 3.4683 1.60775 -0.588753 -0.223792 0.0868528 -0.113828 
5.56935 -1.00276 -0.718145 1.5948 0.0530908 0.825625 3.01163 1.71453 -0.635353 -0.376281 0.115986 -0.0916236 
4.9689 -0.499224 -1.46306 1.31696 0.65838 0.799697 3.00331 1.70874 -0.814926 -0.429763 0.0769195 -0.0851884 
6.1991 -1.46867 -1.89834 2.58736 0.195519 0.34456 2.79737 1.36275 -0.543978 -0.530955 0.138041 -0.0840763 
4.5707 -0.541739 -1.09678 1.19296 0.564491 0.421981 2.32746 1.54667 -0.929479 -0.500612 0.0190515 -0.0913844 
5.37361 -1.10363 -1.61273 1.6351 0.720475 0.658353 2.65821 1.46113 -0.683825 -0.598976 0.112828 -0.0435873 
6.53495 -1.37763 -1.71557 2.04056 0.322398 0.141659 2.57589 1.86119 -0.161565 -0.619083 0.0214765 -0.0204998 
6.59264 -0.0180965 -1.57394 1.96242 0.566418 -0.0845543 2.07925 1.59936 0.307228 -0.367596 0.0803183 0.0164236 
7.23253 -0.0202198 -0.92875 2.76539 0.579896 -0.231497 2.06884 1.19479 0.0422384 -0.435961 0.129119 0.0579964 
5.87085 1.54935 -0.0175987 1.86977 1.30693 -0.216094 0.971483 1.60201 0.314111 0.015043 0.0153815 0.0401199 
5.72854 1.81268 -0.414687 1.3844 2.63886 1.49431 0.661811 0.622856 0.177576 0.262995 0.00477491 -0.0154648 
6.7434 1.63823 -0.256887 1.93378 3.35513 1.46119 0.241847 0.278552 -0.455884 0.0672842 0.0627384 -0.000267774 
5.16759 2.62994 0.556753 0.638703 1.84264 2.0026 0.940776 -0.0230308 0.0221543 0.686462 0.174992 -0.00635633 
4.97696 3.1997 1.35561 1.38078 2.48258 2.39666 0.93372 -0.428857 0.00763687 0.719972 0.302912 0.0717925 
5.27943 3.58072 2.24602 2.43475 1.68899 0.267387 -0.063618 0.419145 0.22542 -0.170127 0.00265429 0.0127025 
4.67636 3.32734 3.99599 4.2504 1.6641 -1.06866 -0.493017 0.341352 -0.29573 -0.777316 -0.16358 0.0188809 
5.59945 2.41456 2.66194 4.48913 1.67456 -1.64109 -0.502539 0.360739 -0.969674 -0.846746 -0.0313732 0.0844924 
5.54693 2.4758 2.14069 3.97504 1.40837 -1.78483 -0.577408 0.604245 -0.664057 -0.57228 0.076987 0.14461 
5.15627 1.65473 1.67102 3.78004 1.65478 -1.33433 -0.389634 0.491046 -0.446617 -0.340511 0.303138 0.170095 
4.23173 1.55581 1.7574 3.10221 0.922899 -1.23566 0.12112 1.19161 0.00656662 -0.190294 0.51851 0.217989 
4.06118 1.89762 1.76969 2.246 0.405401 -1.34333 1.00559 1.69506 0.447638 0.0209852 0.447186 0.160484 
1.45349 2.59978 2.12552 1.22553 0.870758 -0.827884 0.100987 1.31751 1.86872 -0.771178 0.512806 0.0588527 
3.20609 2.591 2.10163 1.72052 1.55248 0.86918 0.228916 0.506613 0.733324 0.34729 0.0932496 0.027841 
3.03109 2.45613 1.99932 1.74511 1.55426 1.10363 0.705813 0.57899 0.642036 0.633619 0.370607 0.0657288 
3.13824 2.71867 2.32674 1.94961 1.64022 1.36089 1.10525 1.03279 1.00377 0.777072 0.40066 0.102462 
3.03057 2.52477 2.27031 2.17965 1.9607 1.5183 1.15614 1.04925 1.05268 0.786324 0.365143 0.0987945 
3.01985 2.6143 2.45769 2.18827 1.94353 1.75697 1.53647 1.33282 1.08696 0.706103 0.353613 0.109994 
2.84274 2.41872 2.2442 2.13036 1.98743 1.79992 1.60763 1.35331 1.07077 0.740844 0.399827 0.108124 
2.74465 2.29836 2.13803 1.99069 1.86782 1.71637 1.50709 1.2333 0.949726 0.659652 0.396539 0.0922446 
2.78919 2.33279 2.18482 2.04938 1.87364 1.65417 1.49835 1.1963 0.93603 0.683604 0.403261 0.0965229 
2.75295 2.26828 2.11162 1.97505 1.82054 1.6654 1.4022 1.16086 0.894337 0.667632 0.396694 0.0909989 
2.74823 2.28261 2.15934 2.04005 1.87209 1.70372 1.47701 1.23452 0.949876 0.733829 0.440144 0.098488 
2.79266 2.46534 2.30668 2.15421 1.96213 1.73964 1.57153 1.47868 1.01863 0.75059 0.480722 0.114528 
2.72885 2.29633 2.19285 1.87479 1.86768 1.68624 1.54043 1.08209 0.926104 0.644612 0.41604 0.0920837 
2.79584 2.26381 2.29369 2.14968 2.09597 2.04824 1.36434 1.18977 1.13326 0.733591 0.411192 0.10775 
2.58922 2.495 2.23992 1.73333 1.9452 1.54788 1.52365 1.17109 1.00021 0.791916 0.334466 0.0975247 
2.75153 2.1906 2.4423 1.61489 1.78791 1.60285 1.41633 1.29726 0.911128 0.625647 0.422966 0.0910377 
2.64062 2.29619 2.13315 1.74147 1.85359 1.63112 1.32197 1.11745 0.837828 0.676418 0.435803 0.0859003 
1.89212 1.58965 2.33496 1.57381 1.61537 1.69206 1.38805 0.785233 1.0748 0.415751 0.375896 0.0573827 
1.73076 1.64436 2.81702 0.939011 1.85863 2.17201 1.55292 0.353332 0.620662 0.453869 0.174671 0.0881572 
1.94869 1.17733 1.96829 0.930916 1.91496 1.01877 1.63243 0.817562 0.686402 0.613905 0.115157 0.0593215 
1.83932 1.07702 2.48126 0.755017 2.18167 0.948126 1.56789 0.831438 0.490538 0.2691 0.326536 0.0694499 
1.55835 0.864197 2.04826 0.926363 0.9749 1.50042 0.896216 0.331175 0.349316 0.393492 0.232686 0.0545681 
1.61034 0.717999 1.69486 0.241262 1.58234 0.988376 0.690055 0.429138 0.415239 0.349272 0.429451 0.0418858 
1.36131 0.550243 1.82221 0.473979 1.16486 1.55171 0.968905 0.206621 0.334507 0.222018 0.268878 0.0522591 
1.19397 0.915162 1.10717 0.723815 0.543737 0.827636 1.30526 0.598961 0.604 -0.318396 0.200832 0.0851915 
