0.0277107 -0.580819 0.799255 -3.30272 0.828438 1.2963 1.72403 0.0794972 1.57076 -0.268771 -0.440935 0.173182 
1.48829 -0.536832 2.09254 -2.1906 0.264374 1.25291 1.59122 0.0128995 1.33065 0.108005 -0.138009 -0.00125008 
2.02919 0.0356909 1.63432 -1.89201 -0.393745 0.396046 0.834949 -0.464557 0.338827 -0.26353 0.0612793 0.113322 
2.08068 0.758525 1.50166 -0.406696 0.0908574 1.21832 0.900283 -0.163415 0.246715 0.0419627 0.220983 0.0419044 
2.18554 0.759072 2.50946 -0.578278 0.3722 -0.200068 0.282971 -0.0789961 0.732861 0.40757 0.338254 0.0430037 
1.99059 0.00212159 1.8291 -0.300707 0.932151 -0.407013 -0.0692023 0.13236 0.19385 0.633324 0.256529 -0.0201963 
1.88059 0.349161 1.89815 -0.381702 0.706813 0.509335 0.875216 0.0967389 0.0491673 0.110263 0.399839 0.0289996 
1.6076 0.584673 1.41543 -0.46431 0.855126 -0.112748 0.968332 0.129049 0.331933 -0.0672623 0.227493 0.0438846 
1.87743 0.731195 1.75856 -0.394787 0.985781 0.262072 1.36566 0.175052 0.330264 0.0358947 0.0572994 0.0214464 
2.01662 0.755002 1.79909 -0.202982 -0.0897386 0.241003 0.68612 -0.425303 -0.0405225 0.095975 0.0375737 0.0861384 
1.65799 0.241055 1.90913 -0.716162 0.787476 -0.364104 0.0244747 -0.189572 0.142968 -0.394887 0.122773 0.019271 
1.72033 0.149669 1.96316 -0.638443 0.974129 0.317095 0.819175 -0.40637 0.530603 -0.405081 0.33016 0.170596 
1.50533 0.277402 1.71933 -0.715235 0.795235 -0.120288 -0.472589 -0.0158032 0.479028 -0.25755 0.380101 0.0735484 
1.41725 0.36947 1.85757 -0.0803721 0.334016 0.150596 0.567232 -0.913894 0.0987081 -0.388214 0.204925 0.186189 
1.73385 0.0981976 2.15567 0.154787 1.48855 0.165121 0.520082 0.0844811 0.369795 0.101784 0.241846 0.0989179 
1.83396 -0.0690703 1.62217 -0.719894 0.556902 -0.0166471 0.749671 -0.412157 0.35004 -0.0760925 0.146222 0.118553 
2.00859 0.383346 1.32324 -0.357899 1.02814 0.182051 0.869048 -0.443767 0.250465 -0.268216 0.313616 0.114414 
1.51198 -0.735711 1.63204 0.949935 0.508502 -1.64773 1.18972 0.836246 0.359611 -0.195418 -0.0470339 0.156818 
-2.07288 -2.69744 1.27533 2.40794 1.49583 -1.81556 0.645007 2.43337 -0.0517954 -0.764947 0.480829 -0.103321 
-3.00133 -2.26588 0.336156 1.40842 0.182055 -2.46455 1.70761 3.02321 0.436751 -0.607747 0.214294 -0.172516 
-4.11311 -2.3359 2.09229 -1.00025 -1.99163 -0.451956 1.10133 1.59327 0.0295036 -0.852895 0.107525 -0.000271542 
-3.29511 -0.630995 2.78199 -2.02634 -0.0470761 0.450826 -0.928437 1.10946 0.31559 -1.36526 0.419626 -0.0639428 
-4.00977 -1.08639 1.86042 -0.634011 -0.34976 -0.961482 0.548156 1.80596 0.233176 -1.45378 0.619408 -0.0550026 
-5.16906 -1.76405 1.69121 -1.25048 -1.31144 -0.583982 1.50909 1.29476 0.171746 -0.937724 0.144082 0.0460975 
-4.97098 -1.28466 1.25661 -0.060827 -1.63906 -0.793729 2.03474 2.06056 -0.237021 -0.208191 0.574561 -0.309437 
-4.89165 -1.08221 0.682489 -0.527086 0.429337 -0.674808 0.352816 1.77329 0.176933 -0.472994 0.0552309 -0.124003 
-4.80682 -1.05536 1.03888 -0.769848 -0.383679 -0.89585 0.292536 1.92444 0.232446 -0.627644 0.00512265 -0.0274927 
-4.60821 -1.55162 1.17853 -1.818 0.0230963 -0.805004 0.180871 1.1923 0.832534 -0.735286 -0.0488806 -0.0290481 
-4.47349 -1.11915 1.23448 -2.50843 -0.59806 -1.36068 0.323726 0.638407 1.05714 -0.811415 0.075122 0.0364085 
-3.41103 -1.37709 1.61653 -1.57241 0.603059 -1.04379 0.231981 1.27246 0.405447 -0.65786 -0.300183 0.130575 
-2.58995 -0.709552 0.0812204 -1.79854 -0.685425 -1.90808 0.864934 1.21473 -0.0560524 -0.577182 0.0447396 -0.0908156 
-1.6103 -0.496489 1.75089 -1.04917 0.908205 0.297792 1.93953 1.33163 0.0976063 -0.262537 0.176675 0.0582343 
2.26816 1.48064 3.24104 -0.502114 1.25485 1.17678 2.19617 0.0448151 0.6599 -0.19131 0.178124 -0.00753036 
3.75092 0.303183 2.27199 -0.619627 0.441246 0.18321 2.17231 1.04274 0.451437 -0.341245 0.247491 0.0413679 
4.79156 -0.743941 -0.0637603 0.774498 0.496958 -0.48401 2.84517 1.2619 -0.190021 -0.219173 0.224984 -0.0433853 
5.14488 -1.23431 -0.853223 1.06173 0.596227 -0.632221 2.82403 1.38822 -0.317162 -0.516518 0.0386801 -0.0879766 
4.80535 -0.461886 -1.14996 0.964955 0.182354 -0.110137 1.95672 1.8172 -0.48677 -0.579365 -0.0406555 -0.100607 
4.77162 -0.392248 -1.35228 0.915423 0.0413906 -0.542382 1.70631 1.7046 -0.521247 -0.824562 -0.143464 -0.0837412 
5.4833 -1.0703 -1.48802 1.4667 -0.117008 -0.595575 2.09749 1.72688 -0.294762 -0.915902 -0.132814 -0.0645233 
5.58004 -1.02396 -1.6144 1.51859 0.185452 -0.464399 2.02641 1.71034 -0.213196 -0.785648 -0.0806012 -0.0582417 
5.71826 -1.14418 -1.87009 1.78001 0.454081 -0.388012 2.12787 1.82265 -0.0237343 -0.870633 -0.167736 -0.0514574 
5.51125 -0.629456 -1.70011 1.2245 0.529887 -0.489578 1.64751 1.70868 -0.306242 -0.854775 -0.222778 -0.0682974 
4.12209 -0.0728298 -1.50419 0.621052 0.695066 -0.151219 1.3466 1.7837 -0.323575 -1.12154 -0.366848 -0.080652 
4.12662 0.336968 -1.48718 0.520565 0.845055 -0.171951 0.985319 1.75133 0.0189635 -0.945479 -0.30877 -0.0788377 
3.26475 0.679794 -0.245851 0.381474 0.452826 0.345712 1.02676 1.28086 0.243494 -0.57978 -0.208485 -0.15397 
3.85679 1.10903 -0.0177867 1.07919 1.25205 0.139327 0.0398807 0.607559 0.242423 -0.474977 -0.180968 -0.0958193 
5.892 1.75584 -0.567274 1.34975 1.57974 -0.510807 -0.0478156 1.42885 0.399522 -0.595231 -0.469196 -0.0303656 
5.60435 2.92657 0.609358 1.31073 1.71382 -0.00231047 -0.503076 0.763233 0.447095 -0.787396 -0.289489 -0.0353124 
4.69332 2.64212 1.20163 1.84666 1.99556 0.687164 0.268697 0.859405 0.206966 -0.714267 0.02009 0.0352018 
4.99232 3.39902 1.91193 1.83434 1.70575 0.725857 0.488938 1.08946 0.835993 -0.0788513 -0.0518001 -0.0278733 
3.98725 3.49754 3.11835 2.70484 1.79937 0.837517 0.561012 0.651491 0.360018 -0.0360666 -0.0154992 -0.00506515 
3.55805 3.25721 2.85263 2.23975 1.59335 1.07149 0.678748 0.421955 0.264143 0.104017 -0.0186155 -0.00124156 
3.728 3.54037 3.24261 2.62735 1.75854 0.842246 0.16311 -0.185672 -0.239442 -0.1418 -0.0301682 -0.0476297 
4.03839 3.49795 3.0614 2.38527 1.22962 0.401499 0.131465 -0.41241 -1.01694 -0.691923 0.167058 -0.0417989 
3.92584 2.88476 2.21055 2.02853 1.05484 -0.0414702 -0.173278 -0.231434 -0.84802 -0.684178 0.326094 0.0106917 
4.51484 2.38896 1.46703 2.2529 1.31177 -0.604316 -0.0867158 0.116915 -0.728772 -0.926872 0.453286 0.166395 
4.17847 2.23253 1.83341 2.44591 0.906823 -0.816003 -0.0877417 0.375741 -0.40329 -0.678642 0.652928 0.206064 
3.56563 1.91253 1.95281 2.63204 1.17398 -0.811533 0.24948 1.18435 0.158559 -0.338602 0.311349 0.12402 
3.48767 1.99026 2.03537 2.76906 1.22674 -0.426707 0.605878 1.70094 0.521347 -0.334443 0.261793 0.121419 
3.81715 2.67157 3.24835 2.3272 1.00175 0.318025 0.0705336 1.74601 1.41813 -0.140378 0.378301 0.148948 
3.37542 2.95393 2.78566 2.30751 1.46372 0.884091 0.613212 0.628196 0.69566 0.55824 0.434315 0.109269 
3.20939 2.77446 2.40649 2.10272 1.76973 1.18147 0.609748 0.488752 0.699475 0.725403 0.449969 0.0981975 
2.92248 2.41755 2.16952 2.04651 1.86676 1.47044 1.05798 0.859034 0.796349 0.631045 0.345061 0.0800862 
2.7874 2.29052 2.11348 2.02417 1.84308 1.51388 1.23275 1.05373 0.8727 0.607545 0.334611 0.081384 
2.79188 2.30195 2.10545 1.97196 1.77663 1.55796 1.24777 1.00948 0.802669 0.57048 0.312857 0.0779849 
2.67993 2.21021 2.03369 1.83585 1.68377 1.51308 1.28249 1.04567 0.805483 0.565467 0.35806 0.0786196 
3.1276 2.71807 2.9289 2.5605 2.25405 2.22058 1.71416 1.27387 0.873005 0.604554 0.272747 0.111264 
2.89495 2.54571 2.64677 2.34107 2.1919 1.97228 1.51222 1.19485 0.91724 0.469509 0.332919 0.101806 
2.73292 2.34689 2.44711 2.07161 1.84882 1.87712 1.51383 0.995137 0.95775 0.676557 0.411946 0.09198 
2.92188 2.76744 2.81377 2.58717 2.01512 1.81409 2.30817 0.667681 0.97587 0.566614 0.232889 0.0897869 
2.60528 2.26378 2.94449 2.11851 2.1557 1.36128 1.57969 1.00844 0.756253 0.654726 0.455138 0.0859205 
2.55736 2.57486 2.21191 1.87674 2.10292 1.67584 1.41463 1.44272 0.820165 0.392323 0.524191 0.0857201 
2.45547 1.72684 2.4303 1.69821 1.67647 1.43702 1.31955 0.88819 0.739155 0.63655 0.404317 0.0638006 
1.80817 1.72501 3.06824 0.597043 2.37721 1.92376 1.28867 0.469964 0.507299 0.304394 0.436836 0.0630938 
1.79929 1.36934 2.47911 0.355163 2.17155 2.26495 1.07592 0.604817 0.494625 0.380878 0.531597 0.0444727 
1.67542 1.67979 2.54738 0.560779 1.57662 1.47676 1.47915 0.494253 0.477447 0.609106 0.401394 0.0249096 
1.55627 1.29891 1.70123 0.879664 2.13692 0.750307 1.65215 0.49269 0.961104 0.459863 0.354102 0.0292257 
1.40211 1.00696 1.81195 0.447787 1.07814 1.50367 1.74632 -0.152868 -0.0383366 -0.120438 0.415714 0.0584831 
1.37506 0.626663 1.89043 0.239369 1.63408 1.19135 1.0035 0.0541969 0.0803625 0.132761 0.136248 0.0976356 
1.15325 0.767968 1.5327 0.0233512 1.38711 -0.24076 0.220141 -0.112762 -0.150631 -0.310096 0.0817992 0.0102913 
1.28602 0.400555 1.35265 -0.00731413 0.605798 0.485654 0.507632 -0.271213 0.10313 0.0250163 0.266792 0.0473997 
1.30064 0.820803 1.29578 -0.0972753 0.369196 0.65792 0.516497 -0.280964 0.169431 -0.254102 0.0705043 0.0676529 
1.54539 0.483232 1.80141 -0.262616 1.00011 -0.219505 0.931004 -0.63105 -0.0858781 -0.205972 0.117895 0.113873 
1.44054 0.465172 1.04675 -0.636064 1.32418 0.00831471 0.0838347 -0.477534 -0.0237576 -0.110396 0.0517071 0.0689998 
1.65092 0.728463 1.69494 -0.270474 0.909612 0.628617 0.917012 0.476519 0.388745 -0.103061 0.072269 0.0844236 
