2.09922 0.19665 0.841384 0.0113034 0.0987725 -0.0106798 -0.355121 -0.655519 1.02985 0.0659456 0.59155 0.133693 
1.62466 0.371252 -0.368088 0.38354 0.36577 0.842087 -0.0783711 0.0763333 0.574147 -0.0922427 0.576878 0.00703041 
0.258136 -0.944207 0.0684109 2.12278 1.7524 0.783933 0.39418 2.40888 -1.45489 -0.594386 0.145968 -0.0435551 
1.893 -3.71761 1.73827 4.09387 2.93987 0.00972465 1.15273 4.05207 -1.92311 -1.05079 0.425357 0.0933251 
2.09485 -4.46392 -0.111589 4.89944 2.37387 -2.17944 0.734687 2.09586 -0.807846 -0.916809 0.0283107 0.150792 
2.07037 -2.48243 0.19547 2.20775 0.956238 -2.0905 0.982951 0.148855 -0.627651 -0.51058 0.162051 0.16108 
2.2097 -0.530173 1.41109 0.340577 1.2984 -1.3388 0.581791 -0.0581417 -0.494425 0.179281 0.47167 0.077604 
2.03967 -0.381423 1.44184 0.200377 0.938349 -0.755825 0.148815 -0.839828 0.147419 -0.208818 0.42036 0.0564626 
1.96475 -0.633067 0.863997 0.133842 1.3457 -0.679987 1.11296 0.646313 -0.147193 -0.0733558 0.501346 0.0196305 
1.94513 -0.346437 1.25599 -1.01043 0.384572 0.591171 1.13404 -0.00153696 0.149475 0.109547 0.44925 -0.0637603 
2.09092 -0.144961 1.32995 -0.210875 1.51509 0.192745 0.795452 0.0383304 0.40759 0.311215 0.214897 -0.0640424 
2.3854 0.167893 0.863774 -0.54257 1.30036 0.59707 0.43616 -0.411081 0.586346 0.335644 0.282381 0.0818751 
1.84493 -0.0665554 1.39956 -0.380153 1.0969 0.601794 0.485625 -0.714311 0.447837 0.212882 0.411494 0.0412161 
2.07376 0.0339979 1.89363 -0.119715 0.824471 0.0296709 0.0610899 -0.525418 0.359131 0.116569 0.368122 0.033449 
2.15081 -0.421541 1.41466 -0.349387 1.16077 0.0852962 1.19613 -0.564839 -0.270711 0.433803 0.14414 0.00195419 
1.72852 0.153195 0.436107 -0.398151 0.205729 -0.259432 0.119559 -0.414978 0.238327 -0.126292 0.4013 -0.0192011 
2.22296 -0.0904445 0.850058 -0.671556 1.01943 0.5547 0.522243 -0.570858 0.0125985 -0.0577176 0.49464 0.0147586 
1.7281 -0.222479 0.406348 -0.65237 1.26751 -0.267124 0.324538 -0.342337 -0.18614 -0.0494813 0.267213 -0.0189589 
1.86192 -0.0745651 1.03185 -0.770851 1.20399 0.484694 0.0842156 -0.806264 0.607227 0.0232513 0.369245 0.112348 
1.96458 -0.162877 1.64613 -0.0202934 1.62631 0.21617 -0.0798868 -0.408465 0.0465604 0.369696 0.48176 -0.0093995 
2.07328 -0.0917104 0.69425 -0.62754 1.18267 0.28058 0.854234 -0.00353802 0.373001 -0.11115 0.3632 0.035846 
2.1424 0.11922 1.12773 -0.161588 1.58269 0.61045 0.261644 -0.658625 0.224855 0.762603 0.06702 0.0331707 
1.96103 -0.550737 1.2117 -0.0169784 1.77296 -0.199179 0.32183 -0.246224 0.482341 0.359068 0.287083 0.0577595 
1.92952 -0.23785 0.498529 0.379836 1.62784 -0.0086337 0.71609 0.229316 0.403046 -0.328027 0.359679 -0.0248963 
0.28386 -1.92437 1.29272 0.997851 -0.731256 -2.06418 1.81691 1.73898 0.538203 -0.761876 0.364635 -0.173903 
-0.309531 -1.53667 -0.114414 0.882019 -0.839728 -2.94754 0.207162 2.63445 0.576457 -0.823532 0.166419 -0.24412 
-2.06336 -2.87278 -0.443758 -1.67733 -2.34738 -2.47518 1.98443 2.65796 -0.325654 -0.657762 0.334425 -0.171174 
-2.67412 -2.21566 0.735459 -1.27542 -2.47882 -2.54702 1.79971 1.52428 -0.701591 -0.211887 0.44278 -0.222787 
-2.90706 -2.10166 0.809921 -0.669009 -1.20852 -1.72063 1.96874 1.56136 -0.192065 -0.375443 0.352274 -0.232401 
-3.34414 -2.60102 1.42289 -0.00108879 -0.0786999 -1.43769 1.54002 1.5972 -0.232265 -0.326021 0.0912672 -0.015091 
-3.54908 -2.36736 0.926705 -0.854771 -0.955449 -1.17812 0.961172 0.77827 -0.0478301 -0.738417 0.415726 -0.0748822 
-3.09927 -1.45412 1.85983 -1.33189 -0.639369 -0.410328 1.44656 1.79535 -0.316995 -0.342346 0.165811 -0.0969345 
-3.4522 -0.845522 1.13738 -1.08026 0.352609 0.0778677 1.41359 1.81034 0.364946 -1.14501 0.347942 -0.0663909 
-3.47296 -0.99649 0.309722 -1.60924 0.526009 0.00341177 0.392433 1.59894 0.391226 -1.45929 0.276958 -0.0610046 
-3.14125 -1.02514 0.653802 -1.68734 -0.290012 0.482972 0.559747 1.84844 0.127344 -1.1543 -0.0413949 0.0205844 
-1.74786 -0.371674 0.387728 -2.14208 0.0654591 -0.612856 0.674345 1.27542 0.275202 -0.845953 0.183553 -0.00477947 
0.618449 1.46703 2.59642 0.854242 1.48212 -0.159212 2.0023 2.04389 0.194413 -0.634078 0.178982 -0.0517363 
3.9945 1.54487 0.921522 -0.62497 0.962489 0.882921 1.84868 0.130934 0.340442 -0.0783173 0.276213 0.0393797 
4.17961 1.32782 -0.288229 -0.546378 1.09662 0.361325 1.66313 0.386258 0.837209 -0.508521 0.197301 -0.00623328 
4.65428 0.608506 -1.23917 1.34205 0.628639 -1.21067 2.02 0.73359 0.21633 -0.694621 0.188514 0.0390502 
4.59077 -0.130759 -1.95782 1.70706 0.559165 -0.684593 1.94379 1.09909 -0.0949495 -0.822563 0.081926 -0.028359 
5.17321 -0.889787 -1.91636 1.81277 0.399998 -0.58299 2.38421 1.05152 -0.240263 -0.893339 0.129834 -0.0104072 
6.1011 -1.45259 -2.71234 2.7785 -0.0952323 -1.04523 2.90009 1.24945 -0.00717963 -1.05179 0.208278 -0.0355521 
5.22587 -0.67938 -2.12787 2.0088 0.282463 -0.558756 2.6992 0.971012 -0.116037 -0.870767 0.192582 -0.0317815 
4.01556 -0.22498 -1.31078 1.18055 0.429056 0.0772506 1.66992 1.25756 -0.157835 -0.658029 0.117257 -0.00361863 
5.64877 -0.961279 -2.1563 2.13364 1.28566 -1.16591 2.41054 0.525352 -0.0586011 -0.860019 0.134183 0.0195682 
6.15638 -0.929243 -2.60199 2.43933 1.41493 -1.75558 3.11747 0.647621 0.528466 -1.08491 0.136356 0.0143729 
5.46833 -0.518248 -2.11746 2.29418 1.26497 -0.889408 1.99498 1.27651 0.294175 -0.776609 -0.0593845 -0.0141382 
4.55998 -0.132917 -1.076 1.59503 1.16267 -0.224053 1.25533 1.94852 0.154087 -0.470155 -0.0453585 0.0448045 
4.91935 0.153646 -1.16473 1.90918 1.56476 -0.832761 1.68581 1.53655 0.662349 -0.455215 0.04424 0.107222 
5.05709 0.656894 -0.393574 2.38415 1.93188 -0.386808 1.07002 1.26336 0.63541 -0.478874 0.0131857 0.136878 
6.70225 1.29787 -0.306827 2.7614 1.98702 -1.47919 1.20522 1.09223 0.94735 -0.161621 0.069927 0.118531 
6.04616 2.2126 0.413843 2.61644 2.01692 -0.782751 0.00630695 1.66456 0.794598 -0.110577 -0.110512 0.119579 
5.44191 2.90908 1.28021 1.92042 1.63229 -0.552033 -0.572717 1.20416 1.27384 -0.0325672 -0.207186 -0.034195 
5.19182 2.87506 1.45218 2.35014 2.2435 0.319045 -0.251301 0.801278 0.83754 -0.137618 -0.253377 -0.071535 
3.85613 3.18634 2.67374 2.49895 1.86827 0.725242 0.0944127 0.239557 0.246429 -0.0191083 -0.0190223 -0.0117008 
3.96829 3.48726 3.00073 2.55202 1.68448 0.486081 -0.232893 -0.33067 -0.306397 -0.18844 0.118808 0.00577329 
3.59797 2.61916 2.56545 2.70231 1.38292 -0.253887 -0.28888 0.318675 0.0639811 -0.250307 0.103034 0.0375239 
3.67998 2.12563 1.58863 2.32553 1.39821 -0.746285 -0.812656 0.351547 0.221696 -0.138467 0.4163 0.142581 
4.01631 2.06168 1.73282 2.99484 1.64809 -1.1183 -0.591363 0.694459 0.404891 -0.31297 0.544119 0.22239 
4.4871 1.80423 0.919233 3.33788 1.75194 -1.74877 0.397929 0.396064 0.67921 -0.522405 0.432039 0.250674 
3.96977 2.47594 1.20759 1.44613 1.10753 0.372052 0.552889 0.710856 0.44506 -0.294301 0.220799 0.0674498 
3.09785 2.7189 2.51645 2.1489 1.65308 1.24595 0.979612 0.778975 0.546489 0.309873 0.197325 0.048966 
3.25697 2.97777 2.78663 2.32302 1.63146 0.929061 0.489143 0.360479 0.436149 0.50761 0.468368 0.0953864 
3.30981 3.03268 2.76133 2.24258 1.51338 0.820913 0.450514 0.388454 0.493291 0.622876 0.59588 0.125522 
3.05467 2.70211 2.48145 2.05569 1.60109 1.25117 0.957492 0.802564 0.761258 0.675618 0.504902 0.101739 
3.80113 3.51498 3.33178 2.96847 2.21978 1.66013 1.23485 1.09384 0.981869 0.67106 0.251382 0.104751 
3.20918 2.9154 2.88905 2.60964 2.43547 2.1853 1.68611 1.24506 0.873017 0.451413 0.251362 0.0952164 
2.97528 2.66286 2.62332 2.39695 2.16499 1.89091 1.57305 1.23308 0.899563 0.670816 0.41824 0.113995 
2.81531 2.395 2.30235 2.16107 1.91575 1.73935 1.37029 1.1255 1.00678 0.654137 0.41767 0.0971584 
3.28071 2.61405 3.54897 2.23249 2.88478 2.99844 1.11589 1.49351 1.14907 0.424974 0.326096 0.117676 
2.86068 2.32884 3.23057 1.85448 3.50185 2.28886 1.19014 1.27136 1.17211 0.219391 0.526463 0.117031 
2.66024 2.25095 2.28837 1.93674 2.06494 1.70019 1.40837 0.86754 0.91179 0.778496 0.419881 0.0887624 
2.66441 2.34761 2.30447 2.18545 1.84551 1.87366 1.47295 0.984428 1.17535 0.506866 0.434096 0.0963655 
2.74513 2.11022 2.21237 2.16127 1.7548 1.88823 1.43389 1.16225 1.08575 0.779055 0.425286 0.0994755 
2.69774 2.22203 2.25858 2.13841 1.67839 1.81932 1.65644 1.15025 0.966273 0.796767 0.414574 0.0981945 
2.75181 2.24616 2.0457 1.82228 1.95423 1.54239 1.65533 1.03194 1.01311 0.799215 0.426488 0.0954804 
2.60262 2.20442 1.96385 1.87466 2.03662 1.25616 1.67173 0.996268 0.882616 0.73854 0.33449 0.0857633 
2.06926 1.53122 2.32731 1.43652 2.92317 1.52485 1.68729 0.765432 1.03432 0.901691 0.664253 0.0566802 
2.13608 1.14423 2.23704 1.34894 2.61428 1.56876 1.19781 0.198662 0.867403 1.02113 0.619163 0.0221824 
2.02021 0.965065 2.29175 0.268369 2.13526 1.56493 0.601768 -0.374557 0.403768 0.548544 0.437761 0.0556959 
1.96733 0.571361 1.67247 -0.00349013 1.621 1.92279 0.724393 0.32793 0.336314 0.75848 0.751258 -0.00824565 
1.57046 0.133422 0.995469 0.118317 1.2485 0.771444 0.333999 -0.245663 -0.0652125 -0.0149829 0.608324 0.0495592 
1.71153 0.0881989 0.752817 0.0725165 1.63803 0.582258 0.228264 0.0893959 0.224887 0.282626 0.433451 0.117187 
1.68975 0.373508 1.06097 0.508578 0.994059 0.366198 0.672752 0.23117 0.484579 0.033558 0.20155 0.0559741 
